experiment_id,timestamp,label,rx,sub_0,sub_1,sub_2,sub_3,sub_4,sub_5,sub_6,sub_7,sub_8,sub_9,sub_10,sub_11,sub_12,sub_13,sub_14,sub_15,sub_16,sub_17,sub_18,sub_19,sub_20,sub_21,sub_22,sub_23,sub_24,sub_25,sub_26,sub_27,sub_28,sub_29,sub_30,sub_31,sub_32,sub_33,sub_34,sub_35,sub_36,sub_37,sub_38,sub_39,sub_40,sub_41,sub_42,sub_43,sub_44,sub_45,sub_46,sub_47,sub_48,sub_49,sub_50,sub_51
20260626_161418,2026-06-26T16:14:18.537738+09:00,skeleton,RX2,16.492423,12.041595,8.246211,7.211103,10.049876,14.142136,17.464249,20.880613,23.086793,24.041631,24.041631,24.041631,24.041631,22.135944,20.248457,17.888544,15.0,12.206556,11.18034,13.341664,17.888544,22.203603,25.612497,28.425341,29.068884,28.425341,13.038405,12.041595,12.649111,12.0,12.649111,11.401754,12.206556,11.7047,11.18034,11.045361,9.486833,7.615773,6.403124,5.0,4.0,4.472136,6.403124,8.544004,11.18034,14.035669,17.0,20.099751,22.36068,23.537205,23.769729,22.135944
20260626_161418,2026-06-26T16:14:18.565268+09:00,skeleton,RX3,11.18034,9.0,8.544004,7.81025,8.602325,8.944272,10.77033,11.7047,12.083046,12.083046,12.529964,12.529964,12.529964,11.661904,11.661904,10.816654,10.29563,8.944272,7.28011,6.0,5.09902,5.0,5.830952,6.324555,8.062258,9.0,15.297059,18.439089,21.377558,23.194827,24.083189,23.021729,22.0,19.0,16.03122,13.038405,10.0,7.071068,4.472136,4.242641,5.09902,7.0,9.0,11.0,13.0,15.033296,16.124515,18.439089,18.681542,17.720045,18.027756,15.811388
20260626_161418,2026-06-26T16:14:18.594798+09:00,skeleton,RX1,26.400758,25.079872,21.540659,18.027756,13.928388,9.848858,5.385165,1.414214,2.0,5.09902,8.062258,10.198039,12.165525,14.142136,15.132746,16.124515,17.117243,17.117243,16.03122,14.035669,11.045361,9.055385,6.082763,2.236068,2.236068,4.242641,5.09902,2.0,1.414214,5.830952,9.433981,13.038405,16.401219,19.209373,20.615528,21.260292,20.518285,18.384776,16.970563,15.556349,12.727922,10.630146,7.211103,4.472136,3.162278,5.0,8.246211,13.0,17.464249,21.023796,24.596748,26.400758
20260626_161418,2026-06-26T16:14:18.625227+09:00,skeleton,RX2,16.124515,18.35756,19.235384,19.235384,17.888544,15.652476,13.892444,11.401754,9.219544,7.211103,6.082763,6.324555,8.602325,10.630146,13.601471,15.264338,18.35756,19.723083,20.59126,20.59126,19.723083,17.0,14.317821,11.7047,8.246211,6.082763,9.055385,9.486833,10.29563,10.630146,10.0,9.848858,8.062258,8.062258,6.708204,5.656854,5.830952,6.082763,6.0,6.082763,6.324555,6.708204,6.708204,5.830952,5.830952,5.0,3.605551,2.0,1.0,4.472136,7.211103,10.29563
20260626_161418,2026-06-26T16:14:18.654805+09:00,skeleton,RX3,22.203603,22.090722,22.022716,21.023796,19.0,17.029386,14.035669,11.045361,9.0,7.0,5.385165,4.242641,5.385165,7.071068,9.055385,12.0,14.0,16.0,18.027756,19.026298,19.026298,19.026298,18.027756,17.029386,14.035669,12.041595,16.124515,14.035669,10.049876,6.324555,3.605551,4.472136,9.219544,12.041595,14.866069,16.278821,17.804494,18.027756,17.492856,17.0,16.155494,15.524175,14.317821,13.152946,11.18034,9.219544,6.708204,6.403124,7.28011,11.0,14.142136,17.262677
20260626_161418,2026-06-26T16:14:18.685348+09:00,skeleton,RX1,4.472136,7.81025,11.401754,14.21267,15.811388,16.401219,16.401219,15.811388,15.0,14.21267,12.041595,9.899495,8.485281,5.656854,3.605551,2.0,2.236068,5.09902,8.062258,10.198039,12.165525,13.152946,14.142136,14.035669,13.038405,12.0,15.033296,18.0,19.026298,19.026298,18.11077,16.124515,14.142136,11.18034,7.071068,4.0,2.236068,4.472136,7.071068,9.219544,12.041595,13.453624,15.0,16.401219,17.804494,17.804494,17.804494,17.804494,15.811388,12.806248,9.433981,5.830952
20260626_161418,2026-06-26T16:14:18.714825+09:00,skeleton,RX2,14.866069,16.970563,18.384776,17.691806,17.691806,15.556349,13.453624,11.401754,8.944272,7.28011,6.082763,7.211103,9.219544,11.18034,14.317821,17.088007,19.313208,20.248457,21.540659,21.540659,20.248457,18.027756,15.811388,12.369317,10.049876,7.28011,8.944272,10.198039,11.0,10.198039,9.848858,9.219544,7.81025,6.324555,6.0,5.385165,5.656854,5.385165,6.082763,6.0,7.0,7.071068,7.28011,7.28011,6.324555,5.385165,4.123106,2.236068,2.828427,6.403124,10.0
20260626_161418,2026-06-26T16:14:18.744859+09:00,skeleton,RX3,21.213203,21.213203,21.377558,20.615528,18.681542,15.811388,13.928388,10.77033,8.544004,6.082763,5.0,3.605551,4.472136,6.324555,8.246211,10.049876,13.038405,15.033296,16.03122,17.029386,18.027756,18.027756,17.029386,15.0,14.0,11.0,17.464249,14.317821,11.18034,7.28011,3.605551,5.0,9.219544,12.649111,15.811388,17.720045,18.439089,18.248288,18.11077,18.027756,17.029386,16.124515,15.297059,13.341664,11.401754,9.219544,7.0,5.830952,7.211103,9.486833,13.341664,17.117243
20260626_161418,2026-06-26T16:14:18.776452+09:00,skeleton,RX1,5.09902,8.0,11.045361,14.317821,16.124515,17.262677,17.117243,16.124515,15.297059,14.142136,12.165525,10.049876,9.055385,6.082763,4.123106,2.236068,1.0,4.0,6.0,9.055385,11.045361,12.165525,12.369317,12.649111,11.401754,10.440307,14.317821,15.652476,18.35756,18.027756,18.027756,15.811388,13.601471,10.0,6.403124,3.605551,1.0,3.605551,6.708204,9.433981,11.661904,13.038405,14.422205,16.643317,17.492856,18.027756,18.027756,16.643317,15.0,12.206556,9.219544,5.656854
20260626_161418,2026-06-26T16:14:18.809718+09:00,skeleton,RX2,16.124515,18.248288,19.416488,19.416488,18.439089,16.278821,14.142136,12.0,9.055385,7.615773,5.656854,6.324555,9.0,11.401754,13.601471,16.155494,18.788294,20.615528,21.540659,21.931712,20.615528,18.788294,15.652476,11.661904,9.219544,6.403124,9.219544,10.29563,10.440307,10.049876,10.049876,9.486833,8.602325,7.071068,6.324555,6.0,5.385165,5.830952,6.403124,6.403124,6.708204,6.324555,7.28011,6.324555,6.082763,5.09902,3.162278,1.0,1.0,4.0,8.062258,11.045361
20260626_161418,2026-06-26T16:14:18.834851+09:00,skeleton,RX3,10.816654,7.615773,6.0,6.708204,7.071068,8.602325,10.29563,10.29563,11.661904,11.661904,12.206556,12.206556,12.206556,12.806248,11.401754,11.401754,10.0,9.433981,7.615773,6.324555,5.09902,5.0,5.385165,7.071068,9.0,10.0,15.231546,18.384776,21.023796,23.259407,23.706539,23.323808,21.633308,19.416488,16.401219,12.806248,10.0,7.211103,4.472136,3.162278,4.242641,5.830952,7.615773,9.848858,12.529964,14.764823,15.811388,17.204651,17.804494,17.804494,17.029386,15.620499
20260626_161418,2026-06-26T16:14:18.866999+09:00,skeleton,RX1,28.071338,24.083189,22.090722,18.027756,14.142136,9.055385,4.123106,1.414214,3.162278,6.324555,9.219544,11.18034,13.152946,15.132746,16.278821,17.117243,17.117243,18.248288,17.262677,14.317821,12.369317,9.219544,6.324555,3.162278,2.236068,6.403124,3.162278,2.236068,5.385165,10.77033,14.866069,18.027756,21.18962,22.135944,22.135944,21.587033,21.587033,18.439089,16.492423,14.317821,11.401754,8.246211,4.472136,1.414214,4.123106,8.0,13.038405,17.029386,21.213203,24.186773,27.073973
20260626_161418,2026-06-26T16:14:18.896179+09:00,skeleton,RX2,11.401754,7.615773,5.0,5.0,8.246211,12.041595,15.0,17.0,18.027756,19.026298,20.024984,20.024984,19.026298,18.11077,17.117243,14.317821,12.369317,10.29563,8.602325,9.055385,12.369317,15.231546,17.0,18.867962,20.248457,20.248457,9.219544,9.055385,8.944272,9.219544,9.848858,9.055385,9.219544,9.848858,9.219544,8.485281,8.062258,6.324555,6.0,5.385165,5.656854,5.385165,7.071068,9.055385,10.440307,11.7047,14.317821,16.124515,17.492856,18.601075,18.601075,16.401219
20260626_161418,2026-06-26T16:14:18.925864+09:00,skeleton,RX3,10.630146,8.062258,7.071068,7.28011,8.062258,9.219544,11.313708,12.041595,12.727922,12.727922,13.453624,13.453624,14.21267,13.601471,12.806248,12.806248,12.041595,10.630146,9.219544,7.615773,7.071068,6.324555,7.211103,8.602325,9.433981,10.77033,13.416408,16.124515,18.867962,20.808652,21.400935,21.260292,20.518285,17.691806,14.866069,12.206556,9.219544,6.403124,3.605551,2.0,2.828427,5.0,7.211103,9.433981,11.401754,13.453624,15.556349,16.970563,17.029386,17.804494,17.029386,15.0
20260626_161418,2026-06-26T16:14:18.955284+09:00,skeleton,RX1,4.472136,8.544004,11.401754,13.601471,15.811388,17.720045,17.464249,16.492423,15.524175,13.341664,12.369317,11.18034,9.219544,7.071068,5.09902,2.0,3.162278,5.09902,7.28011,9.219544,11.401754,12.649111,12.083046,11.18034,9.848858,15.297059,17.262677,19.235384,20.223748,20.099751,17.029386,15.033296,12.0,8.0,4.0,1.0,3.162278,6.082763,9.219544,11.045361,13.152946,14.142136,16.124515,18.11077,18.11077,18.027756,18.027756,16.03122,13.038405,10.0,5.09902
20260626_161418,2026-06-26T16:14:18.985138+09:00,skeleton,RX2,16.552945,18.384776,18.788294,18.788294,17.464249,16.155494,13.928388,11.401754,9.055385,7.071068,5.0,5.385165,7.071068,8.544004,11.18034,14.422205,16.401219,17.804494,19.209373,19.849433,18.384776,17.691806,15.620499,12.206556,10.29563,7.28011,9.219544,9.433981,9.848858,10.198039,10.0,9.219544,8.944272,8.485281,8.602325,8.246211,8.062258,8.062258,7.28011,7.615773,7.615773,8.062258,7.211103,7.211103,6.403124,5.0,3.605551,2.0,2.236068,5.0,8.246211,11.7047
20260626_161418,2026-06-26T16:14:19.015034+09:00,skeleton,RX3,21.470911,22.847319,22.847319,21.540659,20.248457,17.720045,15.524175,13.601471,11.401754,9.486833,7.615773,6.403124,6.403124,7.28011,8.0,10.049876,13.152946,15.297059,16.492423,18.681542,19.924859,19.924859,19.924859,17.720045,15.811388,13.601471,16.401219,13.601471,10.816654,6.403124,3.162278,4.242641,8.544004,11.401754,14.56022,15.811388,17.464249,18.35756,18.027756,17.804494,16.278821,16.278821,15.0,13.601471,12.206556,11.401754,9.219544,8.062258,8.062258,10.198039,13.601471,16.552945
20260626_161418,2026-06-26T16:14:19.047175+09:00,skeleton,RX1,3.0,6.324555,10.440307,12.649111,14.866069,14.866069,15.231546,14.866069,13.928388,11.7047,11.7047,9.848858,7.615773,5.385165,3.605551,1.414214,1.0,4.0,6.082763,8.246211,10.198039,11.18034,12.041595,13.038405,12.0,11.045361,13.416408,15.652476,17.0,18.35756,16.643317,15.811388,13.601471,10.0,7.211103,3.162278,1.414214,4.123106,6.708204,9.433981,12.206556,13.601471,15.811388,17.204651,18.601075,19.209373,19.209373,18.439089,16.401219,14.21267,10.630146,6.403124
20260626_161418,2026-06-26T16:14:19.075213+09:00,skeleton,RX2,16.278821,18.439089,19.416488,19.646883,18.681542,16.492423,14.317821,12.041595,9.0,7.28011,5.0,5.385165,7.071068,9.486833,12.083046,14.764823,17.0,19.723083,19.723083,19.723083,18.867962,17.204651,15.0,12.041595,9.219544,6.708204,8.544004,10.198039,11.045361,11.401754,10.29563,9.899495,8.602325,8.544004,7.0,7.28011,7.211103,7.071068,7.211103,6.708204,7.615773,7.28011,7.28011,6.324555,6.082763,5.09902,3.162278,1.414214,1.414214,4.123106,7.071068,11.18034
20260626_161418,2026-06-26T16:14:19.105078+09:00,skeleton,RX3,20.024984,21.023796,21.0,20.024984,19.026298,17.117243,15.132746,13.152946,11.045361,9.055385,8.0,7.28011,6.708204,7.81025,9.219544,10.816654,12.529964,14.317821,16.552945,18.384776,19.697716,19.697716,19.697716,19.697716,17.464249,15.652476,16.401219,14.422205,11.661904,8.602325,4.242641,3.605551,5.830952,9.486833,12.083046,13.416408,15.264338,15.811388,15.620499,14.866069,15.0,13.892444,13.416408,13.0,11.7047,9.848858,8.944272,8.485281,8.944272,10.198039,13.038405,16.03122
20260626_161418,2026-06-26T16:14:19.135091+09:00,skeleton,RX1,26.683328,25.495098,22.36068,18.439089,13.152946,9.219544,5.385165,1.414214,3.162278,6.082763,9.0,11.0,13.0,15.0,16.0,16.0,17.029386,17.029386,16.03122,14.035669,12.041595,9.055385,6.082763,3.0,1.0,2.828427,5.385165,2.236068,2.236068,6.403124,10.630146,14.866069,18.439089,20.615528,22.803509,23.021729,22.472205,21.095023,19.723083,17.0,15.264338,12.206556,8.602325,5.656854,3.0,4.123106,8.062258,12.369317,16.492423,21.587033,24.738634,26.925824
20260626_161418,2026-06-26T16:14:19.165691+09:00,skeleton,RX2,14.035669,8.544004,4.472136,7.211103,12.806248,17.204651,21.095023,24.698178,26.41969,26.925824,27.784888,27.784888,25.942244,24.596748,21.540659,18.027756,14.142136,11.18034,9.899495,12.369317,17.0,21.377558,24.738634,27.892651,28.160256,27.202941,12.649111,13.0,13.0,14.21267,15.0,15.231546,15.297059,15.033296,14.317821,12.649111,10.816654,9.899495,7.211103,6.082763,6.324555,7.211103,8.602325,11.18034,13.601471,17.464249,19.235384,22.203603,24.083189,25.019992,24.020824,22.0
20260626_161418,2026-06-26T16:14:19.194826+09:00,skeleton,RX3,14.422205,13.453624,11.401754,10.29563,9.219544,10.0,10.049876,11.18034,11.401754,11.401754,12.369317,13.341664,13.341664,14.317821,13.341664,14.317821,13.341664,12.369317,11.401754,10.77033,8.944272,7.071068,5.830952,6.0,6.082763,6.708204,13.928388,17.088007,20.124612,22.825424,23.323808,22.203603,22.022716,19.209373,16.970563,14.142136,9.899495,7.071068,5.0,4.123106,4.123106,5.0,7.071068,9.899495,12.041595,14.21267,16.401219,18.027756,19.723083,19.723083,20.124612,18.35756
20260626_161418,2026-06-26T16:14:19.225455+09:00,skeleton,RX1,3.162278,7.28011,11.401754,14.56022,15.524175,16.492423,16.492423,16.492423,14.317821,13.341664,11.18034,9.219544,8.062258,6.082763,3.0,1.414214,2.828427,4.472136,8.062258,9.848858,12.083046,13.892444,14.422205,14.422205,12.206556,11.401754,15.652476,17.464249,19.313208,18.973666,18.681542,16.492423,13.341664,10.440307,7.28011,3.605551,2.236068,4.472136,8.246211,10.198039,12.165525,15.132746,16.124515,18.11077,19.104973,20.099751,20.099751,19.104973,17.029386,14.035669,11.045361,6.0
20260626_161418,2026-06-26T16:14:19.256584+09:00,skeleton,RX2,13.038405,9.219544,6.0,8.485281,13.038405,17.888544,21.931712,23.769729,26.0,26.925824,27.313001,26.0,24.698178,23.4094,20.880613,17.464249,14.0,11.401754,10.630146,13.601471,17.029386,21.023796,24.186773,26.305893,27.294688,26.305893,10.77033,11.313708,11.18034,12.041595,13.341664,13.416408,14.21267,14.21267,12.529964,11.7047,10.049876,8.062258,6.708204,5.0,5.09902,7.28011,8.062258,11.401754,13.453624,16.401219,19.416488,21.954498,24.186773,24.596748,23.259407,21.931712
20260626_161418,2026-06-26T16:14:19.285075+09:00,skeleton,RX3,13.601471,11.7047,10.29563,9.219544,8.602325,8.544004,9.219544,10.198039,11.045361,12.165525,12.165525,12.165525,13.152946,13.341664,13.341664,13.152946,13.152946,12.041595,11.045361,10.0,9.219544,7.615773,7.071068,6.708204,8.062258,8.0,12.529964,15.652476,18.867962,20.808652,21.400935,21.260292,20.518285,18.439089,16.401219,13.601471,10.816654,8.602325,5.656854,3.605551,4.0,5.385165,6.708204,8.944272,11.18034,13.0,14.866069,16.763055,18.681542,18.681542,19.416488,17.464249
20260626_161418,2026-06-26T16:14:19.318233+09:00,skeleton,RX1,4.472136,8.602325,11.401754,14.866069,15.620499,17.029386,17.029386,16.278821,14.866069,13.453624,12.041595,9.219544,7.81025,6.403124,3.605551,1.414214,1.414214,5.0,6.403124,9.219544,11.401754,11.661904,12.529964,12.529964,11.661904,9.848858,15.033296,16.124515,17.262677,17.464249,17.464249,15.524175,13.601471,9.486833,6.324555,3.162278,1.414214,4.472136,7.211103,9.433981,12.206556,13.892444,16.124515,17.492856,18.867962,18.867962,18.35756,17.492856,16.124515,13.416408,9.848858,5.385165
20260626_161418,2026-06-26T16:14:19.345005+09:00,skeleton,RX2,15.811388,11.18034,7.0,7.211103,12.165525,17.0,20.024984,23.021729,25.019992,26.07681,27.073973,26.07681,25.079872,23.086793,21.095023,17.262677,13.928388,10.630146,10.440307,13.152946,17.464249,21.954498,25.238859,28.017851,29.410882,28.84441,11.401754,11.045361,12.083046,12.727922,13.416408,13.152946,14.035669,13.601471,12.529964,10.816654,9.899495,7.211103,5.09902,4.123106,3.605551,5.09902,8.062258,10.440307,13.928388,16.552945,20.59126,23.323808,25.238859,25.806976,26.400758,23.430749
20260626_161418,2026-06-26T16:14:19.375338+09:00,skeleton,RX3,21.260292,22.671568,21.931712,21.213203,19.79899,18.439089,16.278821,13.453624,11.313708,10.630146,9.433981,8.944272,9.219544,9.055385,11.045361,12.165525,14.317821,16.492423,17.720045,18.973666,19.924859,21.18962,20.248457,18.973666,18.027756,14.866069,16.0,14.035669,11.045361,7.0,3.162278,3.0,6.403124,10.0,12.206556,13.892444,15.231546,15.811388,16.278821,16.03122,16.0,15.033296,14.142136,13.341664,11.7047,10.440307,9.055385,9.0,9.486833,10.816654,13.453624,16.278821
20260626_161418,2026-06-26T16:14:19.405127+09:00,skeleton,RX1,4.472136,8.062258,11.0,14.0,16.0,17.0,17.0,16.0,16.0,14.0,12.0,10.0,8.0,6.0,4.0,1.0,2.0,5.09902,8.246211,10.198039,12.369317,13.341664,13.601471,13.601471,13.0,11.7047,13.453624,16.278821,16.970563,17.691806,17.029386,15.620499,12.806248,10.0,6.403124,2.828427,2.0,5.09902,7.28011,10.440307,12.649111,14.56022,16.763055,17.720045,18.973666,18.973666,18.973666,18.973666,17.088007,13.928388,10.77033,6.708204
20260626_161418,2026-06-26T16:14:19.435070+09:00,skeleton,RX2,16.401219,11.313708,6.324555,6.403124,12.083046,16.763055,20.615528,24.33105,26.476405,27.45906,27.45906,27.45906,26.476405,25.317978,22.203603,19.026298,15.033296,11.18034,9.433981,12.041595,16.763055,21.931712,25.495098,28.653098,29.529646,29.529646,11.401754,10.816654,12.206556,12.369317,13.038405,13.928388,14.422205,14.142136,13.601471,12.083046,10.440307,9.055385,6.082763,5.0,4.472136,5.09902,7.615773,11.401754,14.142136,17.691806,20.615528,23.600847,25.806976,27.45906,26.925824,24.698178
20260626_161418,2026-06-26T16:14:19.466138+09:00,skeleton,RX3,12.806248,10.29563,9.486833,9.055385,9.219544,9.486833,9.848858,10.29563,11.18034,11.18034,11.18034,11.18034,11.18034,11.18034,11.18034,11.18034,10.816654,10.0,9.219544,8.602325,7.615773,7.071068,7.071068,8.544004,8.062258,9.219544,14.0,17.0,19.026298,22.203603,22.36068,22.561028,20.880613,19.313208,16.552945,13.416408,10.29563,8.062258,5.385165,4.0,3.605551,5.0,6.708204,8.062258,10.29563,12.206556,15.0,17.029386,17.029386,17.691806,16.970563,16.970563
20260626_161418,2026-06-26T16:14:19.494855+09:00,skeleton,RX1,4.123106,9.0,12.041595,16.03122,17.029386,18.027756,18.027756,18.027756,17.0,15.033296,14.035669,12.041595,10.049876,7.071068,5.09902,2.236068,1.414214,3.605551,6.708204,9.486833,11.7047,13.0,13.928388,13.416408,12.529964,11.661904,15.620499,17.691806,19.104973,19.79899,19.104973,17.029386,15.0,11.401754,7.81025,4.242641,2.236068,4.0,6.082763,9.219544,11.401754,13.341664,15.524175,17.720045,17.720045,18.973666,18.973666,17.720045,16.763055,13.601471,10.77033,5.385165
20260626_161418,2026-06-26T16:14:19.525175+09:00,skeleton,RX2,18.027756,20.024984,21.023796,20.0,19.0,17.029386,14.035669,11.18034,8.246211,5.0,3.162278,4.472136,7.071068,10.0,12.529964,15.652476,17.888544,20.124612,21.023796,20.124612,19.697716,17.088007,14.866069,11.401754,8.062258,5.09902,9.219544,10.049876,10.049876,10.440307,9.433981,8.485281,7.211103,7.28011,6.082763,6.324555,6.403124,7.071068,7.211103,7.615773,7.615773,7.28011,7.28011,6.324555,6.324555,5.385165,3.162278,1.414214,2.0,5.0,9.055385,12.041595
20260626_161418,2026-06-26T16:14:19.556957+09:00,skeleton,RX3,13.038405,11.401754,10.0,9.848858,9.219544,10.0,11.0,11.045361,12.041595,12.041595,12.041595,12.041595,12.041595,12.041595,12.041595,12.041595,12.165525,11.18034,10.77033,9.433981,9.219544,8.602325,9.486833,9.055385,10.049876,10.198039,13.601471,17.088007,19.697716,22.36068,23.323808,22.472205,21.400935,19.104973,16.278821,13.453624,10.630146,7.81025,5.0,3.162278,3.162278,5.0,5.656854,8.485281,10.630146,12.806248,15.264338,17.0,17.888544,17.888544,18.384776,16.552945
20260626_161418,2026-06-26T16:14:19.585158+09:00,skeleton,RX1,28.160256,26.07681,23.086793,19.104973,15.033296,10.049876,6.082763,1.414214,2.236068,5.09902,8.062258,10.049876,12.041595,14.035669,15.033296,16.03122,16.124515,16.124515,14.142136,12.165525,10.198039,7.28011,4.472136,1.414214,1.0,3.162278,6.403124,2.828427,1.414214,5.09902,8.944272,13.0,17.088007,18.973666,19.924859,21.84033,20.615528,19.646883,17.464249,15.524175,13.601471,10.440307,7.28011,3.605551,1.0,5.0,9.0,14.035669,18.248288,22.090722,26.172505,28.284271
20260626_161418,2026-06-26T16:14:19.615214+09:00,skeleton,RX2,16.970563,18.384776,19.104973,19.104973,17.691806,15.620499,12.727922,10.630146,7.211103,5.09902,3.605551,5.385165,8.062258,11.0,14.035669,17.029386,19.104973,21.095023,22.090722,21.095023,20.099751,18.11077,15.297059,12.369317,9.486833,6.403124,8.246211,8.944272,8.602325,9.219544,8.062258,7.071068,6.082763,5.830952,5.830952,5.385165,7.0,7.071068,7.28011,7.615773,8.062258,8.062258,8.062258,8.062258,7.211103,5.830952,4.472136,2.236068,1.0,4.242641,7.071068,10.630146
20260626_161418,2026-06-26T16:14:19.645094+09:00,skeleton,RX3,22.135944,23.086793,22.803509,21.587033,20.396078,18.248288,16.278821,14.317821,12.369317,11.401754,9.848858,9.433981,10.0,10.630146,12.806248,13.601471,15.264338,17.0,17.888544,18.788294,19.697716,19.697716,19.697716,18.384776,17.088007,14.866069,15.297059,13.341664,10.440307,7.071068,3.162278,4.0,7.28011,10.440307,13.341664,15.132746,16.03122,17.029386,17.262677,16.763055,16.155494,15.652476,14.422205,13.601471,12.806248,11.401754,10.29563,9.486833,11.045361,12.165525,15.297059,17.720045
20260626_161418,2026-06-26T16:14:19.675061+09:00,skeleton,RX1,28.425341,26.248809,22.671568,18.439089,14.21267,9.219544,4.472136,1.414214,3.605551,6.403124,9.219544,12.041595,13.453624,15.620499,16.970563,17.691806,17.691806,17.691806,16.278821,14.866069,12.041595,8.602325,5.830952,2.828427,2.236068,6.0,3.162278,2.828427,6.708204,11.18034,15.231546,18.788294,21.023796,23.706539,22.825424,23.323808,21.954498,19.723083,17.492856,15.264338,12.529964,8.944272,5.385165,2.0,3.605551,8.485281,13.453624,17.804494,22.022716,25.612497,27.802878
20260626_161418,2026-06-26T16:14:19.705346+09:00,skeleton,RX2,16.278821,17.691806,18.439089,18.439089,17.029386,15.620499,12.727922,10.630146,7.211103,5.09902,3.605551,5.830952,8.062258,11.0,14.035669,17.029386,19.104973,21.095023,21.095023,21.095023,20.099751,18.11077,15.132746,12.369317,9.486833,6.403124,7.28011,8.062258,8.485281,8.602325,8.544004,7.071068,6.082763,5.830952,5.830952,5.385165,6.0,7.071068,7.615773,7.615773,8.062258,8.062258,8.062258,7.211103,7.211103,5.830952,4.472136,2.236068,1.0,2.828427,7.071068,10.630146
20260626_161418,2026-06-26T16:14:19.734833+09:00,skeleton,RX3,22.022716,23.430749,22.803509,22.203603,20.0,18.027756,16.643317,14.422205,12.206556,10.630146,9.899495,9.433981,10.29563,10.77033,11.401754,13.152946,15.132746,16.124515,18.027756,19.026298,20.024984,20.0,19.0,18.027756,17.029386,15.033296,15.297059,13.152946,11.045361,7.28011,4.242641,4.123106,7.211103,10.0,13.038405,15.264338,16.552945,17.088007,17.464249,17.117243,16.0,16.124515,15.297059,13.341664,12.369317,11.401754,10.198039,10.049876,10.440307,13.038405,15.0,17.691806
20260626_161418,2026-06-26T16:14:19.765794+09:00,skeleton,RX1,5.0,9.219544,12.806248,14.866069,17.691806,18.439089,18.439089,17.029386,15.620499,14.21267,12.806248,11.401754,9.219544,7.211103,5.0,1.414214,1.0,3.605551,6.403124,8.602325,10.0,12.206556,13.038405,12.529964,11.18034,9.848858,16.0,18.027756,19.026298,20.099751,19.235384,17.262677,14.317821,11.401754,7.071068,4.0,1.414214,2.828427,6.403124,9.433981,11.661904,13.416408,14.764823,15.652476,17.888544,18.788294,18.788294,17.464249,15.652476,13.0,9.486833,5.09902
20260626_161418,2026-06-26T16:14:19.795178+09:00,skeleton,RX2,16.492423,18.681542,18.681542,18.681542,17.720045,15.524175,13.341664,10.198039,8.062258,5.09902,3.605551,5.09902,7.615773,10.816654,13.601471,15.620499,18.439089,20.615528,21.400935,21.400935,19.849433,18.439089,14.866069,12.041595,8.602325,6.324555,7.28011,8.062258,9.055385,8.544004,8.602325,7.81025,6.708204,6.082763,6.082763,5.830952,7.071068,7.211103,7.615773,7.28011,7.28011,8.246211,8.062258,8.062258,7.071068,6.082763,4.123106,2.236068,1.0,4.123106,7.28011,10.198039
20260626_161418,2026-06-26T16:14:19.824911+09:00,skeleton,RX3,13.341664,10.440307,10.29563,9.219544,8.602325,9.848858,9.486833,10.440307,11.401754,11.401754,11.7047,11.7047,11.7047,11.7047,11.7047,11.401754,11.401754,10.198039,10.049876,9.055385,8.246211,8.062258,7.81025,8.602325,8.944272,9.486833,12.806248,16.401219,19.104973,21.213203,22.022716,21.400935,20.808652,18.35756,15.652476,13.0,10.77033,7.615773,5.385165,2.828427,3.0,4.123106,6.324555,8.544004,10.77033,12.649111,14.317821,16.278821,17.117243,18.027756,18.0,16.03122
20260626_161418,2026-06-26T16:14:19.856236+09:00,skeleton,RX1,28.160256,27.202941,24.041631,18.973666,14.56022,10.440307,5.385165,1.414214,2.236068,5.0,7.071068,10.049876,12.165525,13.152946,15.297059,15.132746,16.124515,15.132746,14.035669,13.038405,10.0,7.0,4.0,2.0,1.414214,4.0,6.403124,3.605551,1.0,4.472136,9.433981,13.038405,17.0,19.235384,21.470911,21.023796,21.023796,19.697716,18.788294,16.552945,13.416408,10.29563,6.708204,3.605551,1.414214,4.0,9.219544,13.601471,18.027756,22.135944,26.248809,27.513633
20260626_161418,2026-06-26T16:14:19.885400+09:00,skeleton,RX2,16.124515,17.117243,18.11077,18.11077,17.117243,15.132746,13.152946,10.198039,7.615773,5.0,4.123106,4.472136,7.071068,10.0,13.038405,16.124515,18.35756,21.095023,21.095023,21.095023,19.723083,18.35756,15.652476,12.083046,9.486833,6.0,7.071068,7.211103,8.544004,8.062258,8.062258,7.615773,6.403124,5.830952,6.082763,6.082763,6.708204,7.211103,7.071068,7.071068,7.81025,7.211103,8.062258,7.211103,7.211103,5.830952,4.472136,2.236068,1.414214,4.0,7.071068,10.198039
20260626_161418,2026-06-26T16:14:19.914801+09:00,skeleton,RX3,21.84033,22.803509,22.561028,21.377558,20.223748,18.248288,16.278821,14.142136,12.165525,10.440307,9.848858,8.944272,10.0,9.899495,12.041595,13.601471,14.422205,16.124515,17.0,18.788294,19.235384,19.697716,18.788294,17.464249,16.552945,14.317821,15.811388,13.928388,10.77033,7.28011,3.162278,3.162278,7.071068,10.198039,13.152946,15.033296,17.029386,17.262677,17.464249,17.088007,16.552945,15.264338,15.0,14.21267,12.727922,11.401754,10.0,9.848858,10.198039,12.041595,15.297059,17.720045
20260626_161418,2026-06-26T16:14:19.944911+09:00,skeleton,RX1,2.828427,7.211103,11.401754,13.601471,15.620499,16.401219,17.204651,15.811388,15.0,12.806248,11.401754,10.0,8.062258,5.830952,3.162278,2.236068,4.242641,7.81025,9.899495,11.313708,12.727922,13.453624,14.21267,12.206556,10.816654,14.142136,16.278821,18.248288,18.439089,18.681542,15.811388,13.601471,10.440307,6.324555,3.0,1.0,4.242641,7.81025,10.0,12.206556,14.422205,16.643317,17.492856,19.723083,19.723083,19.723083,19.235384,17.492856,14.764823,11.18034,6.708204
20260626_161418,2026-06-26T16:14:19.975757+09:00,skeleton,RX2,16.552945,12.206556,7.211103,6.708204,11.401754,16.124515,20.124612,23.259407,26.400758,27.313001,28.231188,27.313001,26.0,24.698178,22.472205,18.973666,15.297059,11.18034,9.219544,12.369317,17.0,21.213203,25.495098,28.635642,29.614186,29.427878,11.18034,10.29563,11.313708,10.77033,11.0,11.7047,12.206556,12.041595,11.661904,10.77033,9.219544,8.062258,6.324555,5.0,4.123106,5.09902,7.211103,9.899495,12.727922,16.401219,19.416488,21.954498,25.059928,25.495098,26.400758,23.769729
20260626_161418,2026-06-26T16:14:20.005059+09:00,skeleton,RX3,14.56022,13.0,11.401754,11.313708,10.816654,11.18034,12.083046,11.7047,12.649111,13.0,13.0,13.0,13.0,13.0,13.0,13.0,12.649111,12.369317,12.165525,11.045361,10.049876,9.486833,8.944272,9.219544,9.219544,9.433981,12.649111,16.155494,19.235384,21.095023,22.203603,21.400935,20.518285,18.384776,15.620499,12.806248,10.0,7.81025,5.0,4.123106,4.123106,5.830952,8.062258,10.29563,12.529964,14.317821,15.811388,17.720045,18.439089,19.416488,18.248288,17.262677
20260626_161418,2026-06-26T16:14:20.035069+09:00,skeleton,RX1,3.162278,7.071068,11.045361,14.035669,16.03122,17.029386,17.029386,16.03122,16.03122,14.035669,12.041595,10.0,8.0,6.0,4.0,1.0,2.236068,5.0,7.0,10.0,12.041595,13.038405,14.035669,13.152946,13.152946,11.401754,13.601471,15.524175,16.492423,17.464249,17.262677,16.278821,13.152946,10.198039,7.071068,3.0,1.0,4.0,7.0,10.0,12.0,14.0,16.0,18.027756,19.026298,19.104973,20.099751,19.104973,17.117243,14.142136,11.18034,7.071068
20260626_161418,2026-06-26T16:14:20.065036+09:00,skeleton,RX2,15.811388,10.198039,5.09902,6.082763,11.401754,16.552945,20.124612,23.706539,25.942244,27.294688,28.178006,27.730849,25.942244,25.059928,22.825424,19.416488,14.866069,11.661904,10.049876,13.892444,19.104973,23.600847,27.45906,30.528675,31.906112,31.064449,11.661904,11.18034,12.041595,12.083046,13.453624,13.892444,13.601471,14.142136,13.038405,12.369317,9.486833,8.062258,6.403124,4.472136,3.0,3.605551,6.324555,9.055385,12.0,15.132746,18.248288,21.587033,23.769729,25.298221,25.298221,23.4094
20260626_161418,2026-06-26T16:14:20.095026+09:00,skeleton,RX3,12.206556,11.18034,9.486833,9.0,9.219544,9.486833,9.848858,10.29563,10.29563,10.29563,11.18034,11.18034,11.18034,11.18034,11.18034,10.29563,10.816654,10.0,9.899495,9.219544,8.944272,8.246211,8.0,8.062258,8.544004,8.944272,13.0,16.03122,18.11077,20.396078,21.587033,20.880613,20.248457,17.464249,15.652476,12.529964,9.433981,7.211103,4.472136,3.162278,2.828427,4.472136,6.708204,8.062258,9.433981,11.661904,13.601471,15.0,16.278821,16.970563,16.970563,15.556349
20260626_161418,2026-06-26T16:14:20.125548+09:00,skeleton,RX1,27.784888,25.553865,21.095023,18.35756,13.892444,8.944272,4.472136,1.0,3.605551,6.403124,8.602325,11.401754,13.038405,14.422205,16.643317,16.643317,17.204651,17.204651,16.401219,14.21267,11.401754,8.485281,5.0,2.236068,1.0,2.828427,6.082763,3.0,1.414214,5.385165,9.848858,13.928388,18.384776,21.023796,22.36068,22.36068,22.825424,21.470911,19.235384,17.0,13.892444,12.083046,8.544004,5.385165,2.0,2.828427,7.211103,11.661904,17.492856,21.095023,24.186773,27.294688
20260626_161418,2026-06-26T16:14:20.155179+09:00,skeleton,RX2,15.524175,10.049876,5.830952,8.062258,13.152946,18.027756,22.472205,24.698178,28.231188,29.154759,30.083218,29.154759,27.856777,26.0,24.166092,20.124612,15.811388,12.806248,11.18034,13.928388,18.601075,23.345235,27.586228,29.732137,31.144823,30.413813,10.630146,9.848858,11.0,12.083046,13.453624,13.038405,13.601471,14.035669,13.038405,12.369317,10.77033,9.433981,7.071068,4.472136,4.0,5.0,6.708204,9.219544,12.041595,15.0,19.104973,22.36068,24.515301,25.96151,25.96151,24.041631
20260626_161418,2026-06-26T16:14:20.184805+09:00,skeleton,RX3,13.892444,10.77033,10.198039,10.0,9.219544,8.944272,9.433981,10.816654,11.661904,11.661904,11.661904,11.661904,11.661904,11.661904,11.661904,10.816654,10.816654,10.630146,9.899495,8.602325,7.615773,8.062258,7.071068,7.615773,8.062258,8.602325,14.317821,17.262677,20.223748,22.090722,23.0,23.021729,22.203603,19.235384,17.464249,14.56022,11.7047,8.544004,6.082763,4.0,3.605551,4.472136,6.708204,8.544004,10.77033,13.0,14.764823,16.643317,18.027756,18.601075,18.601075,17.204651
20260626_161418,2026-06-26T16:14:20.214726+09:00,skeleton,RX1,29.206164,27.202941,23.600847,20.0,15.0,10.0,5.656854,1.414214,2.0,5.0,7.81025,10.0,12.206556,13.601471,15.620499,16.401219,17.204651,16.401219,15.811388,13.892444,10.29563,7.615773,4.123106,2.0,1.414214,3.605551,7.211103,3.605551,4.242641,9.219544,13.453624,17.029386,19.849433,22.022716,22.022716,21.400935,20.615528,18.601075,16.401219,13.601471,10.630146,7.81025,3.605551,1.0,4.123106,9.433981,13.601471,19.209373,23.600847,26.400758,29.206164
20260626_161418,2026-06-26T16:14:20.245219+09:00,skeleton,RX2,16.492423,18.681542,19.646883,18.439089,17.464249,15.297059,12.369317,9.486833,6.708204,4.242641,3.0,5.0,7.211103,11.18034,13.416408,16.552945,19.313208,20.615528,21.023796,21.931712,20.615528,18.384776,15.811388,11.7047,9.219544,6.082763,6.403124,7.211103,7.615773,8.062258,7.071068,6.708204,6.403124,5.830952,6.082763,6.082763,6.708204,7.211103,7.81025,7.81025,7.81025,7.81025,7.81025,7.211103,7.211103,5.830952,4.242641,1.414214,1.0,4.123106,7.28011,11.401754
20260626_161418,2026-06-26T16:14:20.274926+09:00,skeleton,RX3,20.024984,21.023796,21.0,20.0,19.026298,17.029386,15.033296,13.038405,11.0,10.049876,9.219544,8.544004,9.433981,10.0,11.313708,12.041595,14.21267,15.811388,18.027756,18.867962,18.867962,19.723083,19.235384,17.888544,16.552945,14.317821,16.278821,14.142136,11.313708,7.81025,3.605551,2.236068,6.082763,9.055385,12.165525,14.317821,15.524175,16.155494,16.124515,16.401219,15.556349,14.866069,13.601471,12.529964,12.529964,11.18034,9.433981,8.485281,8.944272,10.198039,13.0,15.033296
20260626_161418,2026-06-26T16:14:20.310002+09:00,skeleton,RX1,26.172505,24.041631,21.213203,17.691806,12.727922,8.485281,4.242641,1.0,2.828427,6.403124,9.219544,10.630146,12.806248,14.21267,15.556349,16.970563,17.029386,17.029386,15.620499,14.21267,12.206556,9.433981,5.830952,3.162278,2.236068,5.09902,2.0,1.414214,5.830952,10.29563,13.892444,18.027756,20.248457,22.203603,22.203603,22.203603,20.615528,17.804494,16.401219,14.21267,12.206556,8.602325,5.830952,2.0,3.605551,7.211103,11.313708,16.278821,19.79899,23.345235,25.495098
20260626_161418,2026-06-26T16:14:20.335063+09:00,skeleton,RX2,15.297059,10.0,5.0,7.071068,13.0,17.492856,22.472205,25.238859,26.627054,28.017851,28.84441,28.017851,26.627054,25.0,22.022716,18.439089,14.21267,10.77033,8.246211,10.630146,15.231546,19.646883,24.515301,26.476405,28.442925,28.442925,10.198039,10.198039,11.18034,12.041595,13.416408,14.317821,14.0,13.152946,12.649111,11.661904,9.219544,7.211103,5.385165,4.123106,5.0,6.324555,9.055385,12.0,14.035669,18.11077,21.213203,23.537205,25.70992,25.96151,25.96151,24.041631
20260626_161418,2026-06-26T16:14:20.364776+09:00,skeleton,RX3,13.0,11.401754,10.049876,9.055385,8.544004,9.433981,10.0,11.401754,11.401754,12.041595,12.806248,12.806248,12.806248,12.806248,13.601471,12.806248,13.453624,12.727922,11.401754,10.29563,9.848858,9.055385,9.055385,9.486833,9.433981,10.0,12.083046,14.866069,17.720045,19.416488,20.223748,20.099751,19.026298,17.029386,15.132746,12.165525,9.219544,7.28011,5.09902,3.0,2.236068,4.123106,5.0,8.062258,9.219544,11.401754,13.601471,15.231546,16.552945,17.0,17.492856,16.124515
20260626_161418,2026-06-26T16:14:20.395105+09:00,skeleton,RX1,4.242641,7.211103,10.816654,14.422205,15.0,15.811388,15.811388,15.264338,15.264338,13.892444,12.529964,10.29563,8.944272,6.708204,4.123106,2.0,1.0,3.605551,7.071068,8.485281,11.313708,12.041595,12.806248,12.806248,13.038405,11.661904,15.0,17.029386,18.11077,19.235384,18.248288,17.262677,14.317821,11.18034,8.062258,4.0,2.236068,3.605551,6.403124,8.602325,10.816654,13.892444,15.264338,17.492856,17.492856,18.35756,18.35756,17.888544,17.0,12.529964,10.29563,5.385165
20260626_161418,2026-06-26T16:14:20.424980+09:00,skeleton,RX2,10.77033,5.830952,3.162278,7.28011,13.341664,17.262677,21.213203,23.194827,24.186773,25.179357,25.079872,24.083189,23.086793,21.023796,19.0,15.033296,11.401754,7.81025,8.062258,10.77033,15.264338,19.849433,23.345235,25.455844,26.172505,25.495098,12.165525,13.152946,13.928388,15.0,15.556349,15.811388,14.317821,13.341664,11.045361,9.055385,7.615773,5.0,3.162278,4.472136,5.656854,8.602325,10.29563,13.416408,16.155494,18.027756,21.18962,23.086793,24.351591,24.041631,23.086793,19.646883
20260626_161418,2026-06-26T16:14:20.456179+09:00,skeleton,RX3,19.209373,20.615528,21.260292,21.260292,20.518285,18.384776,16.970563,14.142136,12.727922,10.630146,10.0,8.062258,7.28011,8.062258,8.246211,10.77033,12.083046,14.422205,16.401219,17.804494,19.209373,20.615528,19.209373,19.209373,17.804494,15.0,17.464249,15.524175,12.649111,8.544004,4.123106,2.236068,5.385165,8.944272,11.18034,13.0,14.866069,16.278821,16.124515,17.0,16.124515,16.278821,15.811388,14.866069,14.317821,13.0,11.7047,10.440307,9.0,10.440307,12.206556,14.142136
20260626_161418,2026-06-26T16:14:20.485008+09:00,skeleton,RX1,4.123106,8.062258,11.661904,14.764823,16.124515,17.492856,17.492856,16.643317,15.264338,13.892444,12.529964,10.816654,9.433981,7.211103,5.0,2.236068,1.414214,4.0,6.082763,8.246211,10.198039,12.165525,13.038405,13.038405,11.0,10.049876,16.492423,18.027756,18.973666,20.248457,19.313208,17.464249,15.231546,12.083046,8.544004,5.09902,1.414214,3.162278,6.403124,8.485281,10.630146,13.453624,14.866069,16.278821,18.384776,18.384776,19.104973,17.691806,15.556349,14.142136,9.899495,6.403124
20260626_161418,2026-06-26T16:14:20.515186+09:00,skeleton,RX2,18.601075,20.248457,20.248457,19.723083,17.0,14.764823,12.083046,9.486833,6.082763,3.0,1.0,3.605551,6.708204,9.486833,12.649111,15.297059,18.248288,19.235384,20.099751,20.024984,19.0,18.0,15.033296,12.041595,9.055385,5.09902,8.485281,8.944272,9.486833,9.0,9.486833,10.29563,11.313708,11.401754,12.529964,12.083046,12.649111,11.401754,11.401754,10.198039,9.219544,9.219544,8.246211,7.071068,5.09902,4.0,2.236068,3.0,4.472136,8.062258,10.816654,14.422205
20260626_161418,2026-06-26T16:14:20.544948+09:00,skeleton,RX3,20.0,21.0,21.023796,21.023796,20.024984,18.11077,16.124515,14.142136,12.041595,10.049876,9.055385,8.246211,7.211103,8.485281,9.433981,11.18034,13.601471,15.524175,18.439089,19.235384,21.213203,21.213203,21.213203,19.104973,17.117243,15.132746,17.464249,14.866069,11.7047,8.246211,4.472136,1.0,4.472136,7.615773,11.18034,13.038405,14.422205,14.866069,16.278821,15.811388,16.124515,16.155494,14.866069,14.317821,13.152946,12.165525,10.198039,9.848858,9.219544,9.433981,11.401754,15.132746
20260626_161418,2026-06-26T16:14:20.574804+09:00,skeleton,RX1,27.45906,25.317978,23.345235,18.248288,14.142136,9.219544,5.385165,2.236068,2.236068,5.09902,7.071068,9.055385,11.045361,13.038405,14.035669,14.035669,14.142136,14.035669,13.152946,12.041595,9.219544,7.28011,4.123106,2.236068,2.236068,6.403124,3.605551,1.414214,5.385165,9.433981,13.892444,17.888544,20.124612,21.931712,21.931712,21.540659,20.248457,18.027756,15.811388,13.928388,10.77033,6.708204,3.605551,1.414214,5.0,9.219544,14.142136,18.439089,22.561028,25.495098,27.658633
20260626_161418,2026-06-26T16:14:20.605155+09:00,skeleton,RX2,18.248288,19.416488,19.416488,18.681542,16.763055,14.866069,12.083046,9.848858,7.211103,4.242641,3.0,3.605551,6.082763,8.0,11.18034,13.341664,16.492423,17.720045,18.973666,19.313208,17.464249,16.552945,13.892444,11.661904,8.602325,5.0,8.602325,8.544004,8.0,8.246211,8.602325,10.0,10.77033,11.18034,11.0,11.18034,11.18034,10.440307,9.486833,8.544004,7.615773,6.708204,5.830952,4.472136,3.605551,2.236068,1.414214,3.162278,6.082763,9.219544,12.165525,14.142136
20260626_161418,2026-06-26T16:14:20.637078+09:00,skeleton,RX3,15.297059,13.038405,10.049876,7.615773,7.071068,7.28011,9.055385,10.0,11.0,13.0,13.038405,14.035669,15.033296,15.033296,16.124515,16.124515,15.132746,13.152946,12.165525,10.198039,6.324555,4.242641,3.0,3.605551,5.385165,7.28011,13.601471,17.088007,19.697716,22.36068,23.706539,22.825424,21.095023,19.416488,17.204651,14.21267,10.630146,7.81025,5.0,2.236068,2.236068,4.0,6.0,9.0,12.041595,14.142136,16.278821,18.248288,20.615528,20.615528,20.880613,19.646883
20260626_161418,2026-06-26T16:14:20.666198+09:00,skeleton,RX1,4.123106,7.615773,11.18034,13.416408,14.764823,16.124515,16.124515,15.264338,14.317821,12.529964,11.18034,9.433981,8.062258,5.0,2.828427,1.0,2.0,4.0,7.071068,9.219544,10.198039,12.165525,12.041595,12.041595,11.0,9.0,15.524175,18.027756,18.973666,19.313208,18.384776,16.552945,13.416408,10.29563,6.708204,3.0,2.236068,5.0,9.219544,10.630146,12.727922,14.866069,16.278821,17.691806,19.79899,19.79899,19.104973,19.104973,16.278821,13.453624,10.630146,6.403124
20260626_161418,2026-06-26T16:14:20.695037+09:00,skeleton,RX2,18.027756,18.867962,18.867962,18.867962,17.492856,14.764823,12.083046,9.848858,6.324555,4.123106,1.0,2.236068,5.385165,8.246211,11.18034,13.152946,16.124515,18.11077,19.026298,20.0,20.024984,18.11077,16.278821,13.341664,10.440307,7.615773,9.219544,9.433981,9.219544,9.0,9.486833,10.29563,10.630146,10.630146,10.816654,11.18034,10.77033,9.848858,9.486833,8.544004,7.615773,7.28011,6.324555,5.09902,4.123106,3.0,2.236068,3.0,4.472136,8.062258,10.29563,13.038405
20260626_161418,2026-06-26T16:14:20.725819+09:00,skeleton,RX3,16.492423,13.601471,11.18034,9.899495,8.062258,9.219544,10.049876,11.0,12.041595,13.152946,14.142136,14.142136,15.132746,15.132746,16.124515,16.124515,16.124515,15.297059,14.317821,12.369317,9.486833,8.062258,5.656854,5.09902,5.09902,5.830952,14.764823,17.888544,21.023796,23.4094,24.041631,23.769729,22.561028,21.213203,18.11077,14.0,12.0,9.055385,5.0,3.162278,1.414214,3.162278,5.385165,8.544004,10.440307,13.601471,15.297059,18.248288,19.104973,20.099751,21.095023,20.099751
20260626_161418,2026-06-26T16:14:20.756417+09:00,skeleton,RX1,4.472136,8.485281,12.727922,14.142136,16.970563,17.691806,17.691806,16.970563,15.556349,14.866069,12.727922,11.313708,9.899495,7.81025,5.0,2.828427,1.414214,3.162278,5.385165,7.615773,9.848858,11.7047,12.369317,11.401754,11.18034,10.049876,16.492423,19.416488,20.223748,21.213203,20.024984,18.027756,15.0,11.0,7.0,4.123106,1.0,3.605551,7.211103,9.848858,12.083046,14.317821,15.231546,16.552945,18.384776,19.313208,19.313208,18.027756,16.155494,13.928388,10.440307,6.082763
20260626_161418,2026-06-26T16:14:20.786036+09:00,skeleton,RX2,16.03122,18.027756,19.026298,19.026298,18.027756,16.0,14.0,12.041595,9.055385,6.324555,3.605551,3.0,4.242641,7.615773,10.440307,13.341664,16.124515,18.11077,19.104973,20.024984,19.0,18.027756,16.124515,13.152946,10.440307,7.615773,9.899495,9.433981,10.440307,10.0,10.198039,8.944272,9.219544,8.602325,8.944272,8.246211,8.062258,8.0,8.062258,7.071068,7.28011,7.28011,6.324555,6.324555,5.385165,4.472136,2.236068,1.414214,2.236068,5.09902,8.0,11.0
20260626_161418,2026-06-26T16:14:20.815026+09:00,skeleton,RX3,20.024984,21.023796,21.0,21.023796,18.027756,17.117243,15.132746,13.152946,11.045361,10.049876,9.0,8.062258,8.246211,8.944272,9.433981,11.401754,12.041595,14.142136,15.556349,16.278821,17.691806,18.439089,18.439089,17.029386,16.278821,14.142136,16.278821,14.317821,11.18034,8.062258,5.385165,5.0,7.071068,10.0,12.041595,14.035669,15.297059,15.524175,16.155494,15.652476,15.0,14.866069,14.142136,13.453624,12.806248,11.401754,9.899495,9.433981,10.77033,12.165525,14.0,17.029386
20260626_161418,2026-06-26T16:14:20.847783+09:00,skeleton,RX1,3.605551,7.615773,12.083046,14.317821,16.552945,17.464249,17.464249,16.552945,16.155494,14.317821,13.0,10.77033,8.544004,7.28011,4.123106,2.0,2.236068,5.0,7.071068,9.899495,12.727922,13.453624,14.21267,13.601471,13.038405,11.661904,16.492423,18.439089,19.235384,20.223748,19.104973,18.11077,15.033296,11.045361,8.062258,4.123106,2.0,4.242641,6.708204,9.848858,12.083046,13.928388,15.811388,17.088007,18.027756,18.973666,18.681542,17.720045,16.492423,13.601471,10.198039,6.082763
20260626_161418,2026-06-26T16:14:20.874973+09:00,skeleton,RX2,9.055385,5.0,5.0,8.602325,13.453624,17.029386,20.518285,21.931712,24.041631,24.083189,24.839485,24.413111,23.853721,21.954498,19.235384,16.155494,13.0,7.28011,3.162278,3.162278,8.246211,13.152946,17.029386,20.024984,22.0,22.022716,13.453624,14.21267,15.264338,16.552945,15.811388,15.297059,14.035669,12.0,10.198039,8.544004,7.211103,6.403124,6.324555,7.071068,8.0,9.219544,10.198039,12.369317,15.297059,17.262677,19.104973,20.099751,21.095023,21.023796,20.024984,17.0
20260626_161418,2026-06-26T16:14:20.906484+09:00,skeleton,RX3,21.0,22.022716,22.022716,22.090722,20.099751,18.248288,16.278821,14.317821,11.18034,9.219544,8.0,6.082763,5.385165,5.656854,7.211103,9.486833,11.401754,14.142136,16.124515,17.117243,19.235384,19.235384,19.235384,18.248288,16.278821,14.317821,15.811388,13.601471,10.77033,7.615773,4.242641,4.123106,7.071068,10.0,12.041595,14.866069,15.556349,16.401219,15.811388,15.652476,14.866069,15.524175,14.317821,14.142136,12.041595,11.045361,9.219544,8.944272,8.485281,9.848858,13.152946,16.124515
20260626_161418,2026-06-26T16:14:20.935126+09:00,skeleton,RX1,26.925824,23.323808,21.954498,17.492856,13.601471,8.602325,5.0,2.0,3.162278,6.0,8.062258,10.440307,12.369317,14.56022,15.524175,16.763055,16.763055,17.464249,16.278821,14.142136,13.152946,9.055385,6.0,3.0,2.0,6.082763,3.0,2.236068,6.403124,11.401754,15.620499,18.439089,21.260292,22.671568,23.345235,22.627417,21.260292,19.104973,16.278821,14.142136,10.630146,7.81025,3.605551,1.414214,4.123106,8.944272,13.038405,17.492856,21.633308,24.698178,26.925824
20260626_161418,2026-06-26T16:14:20.965267+09:00,skeleton,RX2,20.396078,20.396078,20.615528,18.973666,16.763055,14.866069,11.7047,8.544004,6.082763,4.123106,3.605551,5.09902,8.0,10.0,13.0,15.0,18.027756,19.104973,20.223748,20.396078,19.646883,17.720045,15.811388,13.601471,10.440307,7.28011,8.246211,8.062258,8.485281,8.602325,9.848858,10.440307,11.18034,11.18034,11.045361,11.0,10.0,10.049876,9.0,8.062258,7.071068,6.082763,5.0,5.0,3.162278,3.605551,4.472136,6.324555,9.219544,12.041595,14.142136,17.262677
20260626_161418,2026-06-26T16:14:20.995400+09:00,skeleton,RX3,22.847319,24.698178,24.351591,22.135944,19.924859,17.720045,14.56022,11.7047,9.486833,6.708204,5.0,5.09902,6.082763,8.544004,10.29563,12.529964,14.764823,17.0,18.35756,19.723083,20.59126,19.723083,18.35756,17.0,14.764823,12.083046,16.278821,13.152946,9.055385,5.09902,2.0,5.0,8.944272,12.529964,14.422205,15.811388,16.401219,16.278821,15.620499,15.0,14.764823,13.928388,12.649111,11.401754,10.440307,8.544004,7.211103,6.708204,8.0,11.18034,14.56022,18.027756
20260626_161418,2026-06-26T16:14:21.025090+09:00,skeleton,RX1,3.162278,6.0,10.0,12.041595,14.035669,15.033296,15.033296,14.035669,13.152946,12.165525,11.18034,9.219544,7.071068,6.082763,3.605551,2.236068,1.414214,4.472136,6.324555,8.246211,11.401754,13.0,13.0,13.416408,12.529964,11.18034,15.652476,17.0,18.867962,19.416488,18.601075,17.204651,14.21267,11.401754,7.211103,4.123106,1.414214,4.0,7.071068,9.486833,11.7047,13.928388,14.866069,17.088007,18.027756,18.027756,18.027756,18.027756,15.231546,13.0,9.848858,5.830952
20260626_161418,2026-06-26T16:14:21.054914+09:00,skeleton,RX2,20.223748,21.095023,20.024984,19.026298,17.0,15.033296,12.041595,9.055385,6.0,3.162278,2.0,4.472136,6.403124,10.0,12.206556,14.422205,17.0,17.888544,19.697716,19.313208,18.973666,17.464249,15.297059,12.165525,9.219544,6.324555,8.062258,8.602325,9.219544,10.29563,10.77033,11.18034,12.041595,13.038405,13.0,12.0,12.041595,11.045361,10.0,9.0,8.0,7.0,6.0,6.082763,5.385165,4.242641,4.472136,7.071068,9.0,12.041595,15.132746,17.117243
20260626_161418,2026-06-26T16:14:21.085550+09:00,skeleton,RX3,10.77033,9.219544,9.433981,10.440307,12.041595,13.0,14.035669,14.035669,14.035669,14.142136,14.142136,13.152946,13.152946,12.369317,11.401754,10.198039,10.049876,8.0,7.28011,6.708204,6.403124,7.615773,8.062258,9.0,9.055385,9.219544,14.866069,18.439089,20.615528,21.633308,21.633308,20.59126,18.788294,16.552945,13.0,9.848858,6.708204,5.0,3.162278,4.0,5.385165,6.708204,8.544004,10.77033,13.601471,14.317821,16.124515,18.027756,18.027756,18.027756,17.029386,14.035669
20260626_161418,2026-06-26T16:14:21.115420+09:00,skeleton,RX1,4.472136,7.28011,11.401754,13.152946,15.297059,16.278821,15.297059,15.297059,14.142136,12.165525,11.18034,9.055385,8.062258,6.0,3.0,1.414214,2.236068,5.0,7.81025,9.899495,12.041595,13.453624,14.21267,13.601471,13.038405,11.661904,15.811388,18.027756,18.384776,19.235384,18.35756,16.124515,13.892444,10.29563,6.708204,4.0,2.236068,5.0,8.246211,10.440307,12.649111,13.601471,15.811388,16.763055,18.681542,18.973666,18.973666,17.720045,14.866069,13.0,9.848858,5.830952
20260626_161418,2026-06-26T16:14:21.149963+09:00,skeleton,RX2,19.104973,19.849433,20.615528,19.209373,17.804494,15.811388,13.038405,9.433981,6.708204,3.605551,1.414214,2.0,5.0,8.0,11.0,13.038405,15.297059,17.262677,17.720045,18.027756,17.088007,15.652476,13.892444,10.816654,8.602325,5.0,7.211103,7.81025,8.944272,9.219544,10.049876,10.049876,10.198039,11.401754,11.7047,10.77033,11.18034,10.77033,10.29563,9.848858,8.944272,8.062258,8.062258,6.708204,6.403124,5.0,5.385165,6.0,7.615773,9.433981,12.806248,15.620499
20260626_161418,2026-06-26T16:14:21.178327+09:00,skeleton,RX3,24.738634,24.041631,23.086793,22.472205,19.313208,16.552945,14.317821,12.083046,10.440307,8.246211,8.0,7.071068,8.544004,9.848858,11.18034,13.038405,14.422205,15.811388,15.811388,17.204651,18.027756,18.027756,16.643317,15.264338,13.892444,11.661904,16.155494,13.416408,9.848858,7.28011,4.123106,5.0,7.28011,10.198039,12.165525,13.601471,14.317821,15.264338,15.0,14.142136,14.21267,13.892444,13.416408,13.0,12.083046,11.18034,10.816654,10.630146,12.529964,14.866069,17.720045,21.587033
20260626_161418,2026-06-26T16:14:21.205080+09:00,skeleton,RX1,26.41969,25.059928,21.470911,18.35756,13.892444,10.0,6.403124,2.236068,2.236068,5.0,7.071068,9.219544,11.18034,12.369317,14.56022,15.524175,16.492423,15.297059,15.297059,13.152946,11.045361,8.0,5.0,2.0,1.0,4.123106,6.324555,3.162278,1.414214,5.0,10.0,13.601471,17.204651,19.209373,21.260292,21.931712,20.518285,19.104973,17.029386,14.866069,12.041595,9.899495,6.403124,3.162278,1.414214,5.385165,8.944272,13.416408,17.492856,21.470911,25.059928,26.925824
20260626_161418,2026-06-26T16:14:21.237695+09:00,skeleton,RX2,19.235384,21.470911,21.954498,21.470911,20.59126,17.888544,15.231546,12.083046,8.544004,5.09902,2.0,1.414214,4.472136,8.246211,11.18034,14.142136,17.117243,19.026298,20.0,21.023796,20.099751,18.439089,15.524175,12.649111,8.944272,5.0,7.81025,7.615773,8.246211,9.0,9.219544,8.944272,9.433981,9.219544,9.219544,9.219544,9.433981,8.944272,8.544004,8.544004,7.615773,7.28011,7.28011,7.071068,6.082763,6.0,5.385165,4.242641,5.09902,8.062258,10.440307,13.928388
20260626_161418,2026-06-26T16:14:21.264791+09:00,skeleton,RX3,24.33105,24.33105,24.186773,22.090722,20.099751,17.029386,15.033296,12.041595,10.198039,8.544004,7.211103,7.071068,8.602325,9.848858,10.77033,12.649111,14.56022,16.763055,17.720045,18.681542,19.646883,19.646883,18.681542,17.464249,15.524175,13.341664,15.620499,13.453624,9.899495,5.656854,1.414214,3.0,7.071068,10.049876,13.0,14.035669,15.297059,14.866069,14.764823,14.422205,14.866069,14.142136,12.806248,12.206556,11.661904,11.401754,9.899495,10.29563,11.18034,14.0,17.117243,20.223748
20260626_161418,2026-06-26T16:14:21.295106+09:00,skeleton,RX1,26.0,24.020824,22.022716,17.0,13.0,9.0,5.09902,2.236068,3.605551,6.324555,8.246211,11.401754,12.649111,14.56022,15.524175,16.492423,17.720045,17.088007,15.811388,13.928388,10.77033,8.544004,5.385165,2.0,2.0,4.123106,5.385165,2.0,3.162278,7.211103,12.206556,15.811388,19.416488,21.954498,22.825424,23.259407,23.259407,21.023796,19.313208,16.155494,14.317821,11.18034,8.062258,5.0,3.162278,4.472136,9.055385,13.038405,18.0,22.022716,25.019992,26.019224
20260626_161418,2026-06-26T16:14:21.324983+09:00,skeleton,RX2,19.416488,20.808652,21.400935,20.808652,19.416488,17.204651,15.264338,11.661904,8.944272,5.385165,2.0,1.414214,4.472136,8.544004,11.401754,14.317821,17.117243,18.11077,20.0,20.024984,19.104973,17.464249,14.866069,11.18034,8.602325,5.0,7.071068,8.062258,8.544004,9.433981,10.630146,10.630146,12.206556,11.661904,12.083046,10.77033,10.440307,10.440307,9.219544,9.055385,8.062258,8.0,7.0,7.071068,6.324555,5.830952,5.656854,6.708204,7.071068,9.219544,11.7047,14.764823
20260626_161418,2026-06-26T16:14:21.355079+09:00,skeleton,RX3,12.806248,11.401754,9.848858,10.049876,11.045361,11.18034,12.649111,12.649111,13.0,12.649111,12.649111,12.649111,12.649111,12.649111,11.401754,11.401754,10.440307,9.486833,7.615773,6.403124,5.0,4.0,5.385165,6.403124,7.071068,7.81025,16.643317,20.0,23.430749,25.495098,26.172505,25.495098,24.207437,20.808652,18.867962,14.764823,12.529964,8.062258,6.403124,4.242641,4.123106,5.09902,7.615773,8.944272,12.529964,14.317821,16.155494,18.384776,19.313208,20.615528,19.697716,18.788294
20260626_161418,2026-06-26T16:14:21.386475+09:00,skeleton,RX1,5.830952,10.0,12.041595,14.142136,16.278821,16.278821,16.278821,15.556349,15.556349,13.453624,12.041595,9.899495,7.81025,5.656854,3.605551,1.0,2.0,5.385165,7.615773,9.848858,12.083046,13.928388,14.56022,13.341664,13.341664,11.18034,15.264338,17.0,18.788294,18.384776,17.088007,15.811388,13.341664,10.440307,6.324555,2.236068,1.414214,5.385165,7.28011,10.198039,12.369317,14.317821,16.278821,17.464249,18.439089,18.439089,18.439089,17.464249,15.297059,13.152946,9.055385,5.09902
20260626_161418,2026-06-26T16:14:21.415000+09:00,skeleton,RX2,10.0,7.071068,4.472136,4.0,6.708204,9.219544,12.041595,13.453624,15.620499,16.401219,16.643317,16.124515,15.652476,15.231546,13.341664,11.18034,8.0,5.385165,4.472136,5.830952,8.602325,12.083046,14.56022,16.124515,17.0,17.029386,15.652476,16.124515,15.811388,15.811388,14.866069,12.727922,11.401754,9.848858,8.246211,8.0,7.28011,8.062258,7.81025,8.485281,9.219544,10.0,11.661904,11.661904,13.416408,14.317821,15.231546,16.155494,16.763055,16.763055,16.492423,15.297059
20260626_161418,2026-06-26T16:14:21.445255+09:00,skeleton,RX3,23.021729,24.413111,24.413111,22.472205,20.248457,18.867962,15.264338,13.038405,10.816654,9.219544,7.81025,6.708204,7.28011,8.0,9.055385,11.18034,13.341664,14.56022,16.763055,18.027756,18.681542,18.973666,18.681542,17.464249,15.297059,13.341664,17.492856,14.422205,10.816654,7.211103,3.0,3.0,7.28011,10.440307,13.341664,15.132746,16.03122,17.029386,17.262677,16.763055,16.155494,16.124515,15.264338,14.422205,13.601471,11.661904,12.083046,11.18034,12.041595,13.601471,16.552945,19.723083
20260626_161418,2026-06-26T16:14:21.475107+09:00,skeleton,RX1,28.301943,26.41969,22.825424,18.867962,13.892444,10.0,5.656854,3.0,3.605551,6.082763,8.0,11.0,13.038405,15.033296,16.03122,17.117243,17.029386,18.027756,17.029386,14.0,12.041595,8.062258,5.09902,1.0,2.236068,5.0,6.082763,2.236068,1.414214,6.324555,10.440307,14.866069,18.027756,21.023796,22.36068,22.825424,21.954498,20.248457,18.027756,15.811388,12.206556,9.433981,6.708204,4.0,3.162278,6.324555,10.29563,15.264338,19.416488,23.853721,26.627054,28.84441
20260626_161418,2026-06-26T16:14:21.507714+09:00,skeleton,RX2,10.0,7.81025,4.472136,3.605551,5.830952,9.219544,11.401754,13.341664,14.317821,14.866069,15.231546,15.652476,15.264338,14.422205,12.041595,10.630146,8.062258,6.0,5.656854,6.082763,9.219544,12.083046,14.422205,15.556349,16.401219,16.643317,16.155494,16.763055,17.464249,17.262677,15.132746,14.0,12.165525,10.440307,9.433981,8.485281,8.062258,8.544004,9.219544,10.049876,10.0,11.045361,12.165525,13.152946,14.317821,15.524175,16.492423,17.720045,18.027756,18.384776,17.464249,15.652476
20260626_161418,2026-06-26T16:14:21.536095+09:00,skeleton,RX3,21.260292,22.671568,21.931712,21.213203,18.384776,16.278821,14.142136,12.041595,9.899495,7.81025,7.211103,5.385165,6.0,7.071068,8.544004,9.848858,12.083046,13.416408,15.264338,17.492856,17.492856,18.35756,18.35756,17.0,15.652476,13.416408,18.439089,15.524175,12.369317,8.246211,4.0,2.236068,5.830952,8.944272,12.083046,13.928388,15.524175,16.124515,16.03122,16.03122,15.297059,15.524175,13.928388,14.317821,13.0,11.7047,10.440307,10.0,11.401754,12.529964,15.0,17.691806
20260626_161418,2026-06-26T16:14:21.565012+09:00,skeleton,RX1,25.495098,24.596748,21.023796,17.888544,13.0,9.486833,6.082763,2.828427,4.0,6.708204,8.602325,11.401754,12.806248,15.620499,16.401219,17.204651,18.601075,18.027756,16.643317,14.764823,12.529964,8.944272,5.385165,2.236068,1.0,4.0,5.656854,2.236068,2.236068,6.0,10.198039,13.152946,16.124515,19.026298,20.024984,21.0,20.024984,19.026298,17.029386,15.033296,12.041595,9.055385,6.0,3.162278,2.0,5.0,9.848858,14.317821,17.464249,21.931712,25.079872,26.400758
20260626_161418,2026-06-26T16:14:21.602066+09:00,skeleton,RX2,18.681542,19.646883,19.646883,18.681542,17.720045,15.811388,13.0,9.848858,7.211103,4.242641,1.0,3.0,5.385165,8.944272,11.401754,14.866069,16.278821,18.439089,19.416488,19.235384,18.384776,16.492423,14.142136,11.0,8.246211,5.0,9.219544,9.848858,11.18034,13.0,14.142136,15.524175,15.811388,16.155494,16.552945,15.652476,14.764823,13.892444,12.206556,11.401754,10.0,9.219544,8.485281,7.81025,6.708204,6.324555,7.0,7.28011,8.602325,10.630146,11.661904,14.317821
20260626_161418,2026-06-26T16:14:21.625090+09:00,skeleton,RX3,12.083046,11.18034,10.0,9.219544,9.848858,10.29563,10.816654,11.401754,11.401754,11.401754,11.401754,10.816654,11.661904,11.661904,11.18034,11.18034,11.18034,10.29563,9.433981,8.602325,7.81025,6.708204,6.082763,6.082763,6.324555,7.211103,12.369317,15.524175,18.248288,20.223748,21.023796,20.0,19.026298,17.117243,14.317821,12.369317,9.486833,7.28011,5.09902,4.0,3.605551,3.605551,5.385165,7.615773,8.944272,11.661904,13.038405,15.0,16.401219,17.204651,16.401219,15.264338
20260626_161418,2026-06-26T16:14:21.655103+09:00,skeleton,RX1,5.0,8.062258,11.18034,13.0,15.231546,16.552945,15.652476,15.231546,13.416408,12.083046,10.77033,9.486833,7.28011,5.09902,3.0,1.414214,3.605551,6.403124,8.602325,11.401754,13.601471,15.264338,15.652476,15.652476,13.928388,12.649111,15.0,17.029386,17.691806,18.384776,17.691806,15.620499,12.727922,9.219544,6.403124,3.162278,2.828427,5.09902,8.0,10.0,13.0,14.0,16.0,17.0,18.0,18.0,18.0,17.0,14.035669,12.041595,9.055385,4.472136
20260626_161418,2026-06-26T16:14:21.685165+09:00,skeleton,RX2,11.18034,7.211103,4.472136,5.0,6.324555,10.440307,13.341664,15.297059,17.464249,17.720045,18.027756,17.888544,17.0,16.643317,14.866069,12.806248,10.29563,7.071068,5.830952,7.615773,10.049876,13.601471,16.124515,17.204651,18.384776,17.804494,19.104973,19.849433,20.808652,20.248457,18.788294,16.155494,14.317821,12.041595,10.198039,8.544004,9.219544,8.602325,8.944272,10.440307,10.198039,12.165525,13.038405,14.0,15.033296,16.124515,18.11077,19.235384,19.416488,19.416488,18.681542,16.763055
20260626_161418,2026-06-26T16:14:21.715045+09:00,skeleton,RX3,22.203603,23.194827,22.203603,20.099751,19.104973,17.029386,14.035669,12.041595,10.049876,7.28011,6.708204,6.403124,7.071068,8.062258,8.944272,9.848858,12.649111,13.601471,15.524175,16.492423,17.720045,18.681542,18.681542,17.720045,16.763055,14.56022,17.691806,15.620499,11.401754,7.81025,3.605551,2.236068,6.0,10.049876,12.165525,13.341664,15.524175,15.231546,15.264338,15.620499,15.556349,14.21267,13.601471,13.038405,12.529964,10.816654,10.630146,10.0,11.7047,13.152946,16.0,19.104973
20260626_161418,2026-06-26T16:14:21.746689+09:00,skeleton,RX1,5.09902,8.544004,12.083046,14.764823,16.124515,17.0,17.0,15.652476,14.764823,13.416408,11.18034,10.29563,8.062258,5.0,2.828427,1.0,3.0,6.0,9.055385,12.041595,14.0,16.0,17.029386,16.124515,15.297059,13.341664,14.142136,16.03122,17.029386,18.0,17.0,15.033296,13.152946,9.055385,6.0,2.236068,2.236068,5.656854,7.81025,10.630146,12.806248,15.0,15.620499,17.804494,19.209373,19.209373,18.601075,17.804494,15.811388,13.038405,9.433981,5.385165
20260626_161418,2026-06-26T16:14:21.775381+09:00,skeleton,RX2,9.486833,6.708204,4.472136,4.123106,7.071068,9.433981,11.661904,13.038405,14.422205,15.811388,16.401219,16.278821,15.556349,15.0,13.038405,10.77033,9.219544,7.071068,5.656854,7.071068,8.246211,10.816654,12.727922,14.21267,15.264338,14.317821,15.811388,17.029386,17.691806,16.278821,15.620499,13.892444,12.083046,10.440307,8.0,7.28011,6.708204,7.071068,7.211103,8.544004,9.486833,10.198039,10.198039,12.041595,13.038405,14.035669,15.0,16.03122,17.0,17.029386,16.03122,14.142136
20260626_161418,2026-06-26T16:14:21.805048+09:00,skeleton,RX3,22.0,23.021729,22.022716,21.095023,19.104973,17.117243,14.142136,12.041595,10.049876,8.0,7.071068,6.324555,7.211103,7.81025,9.219544,10.0,12.206556,13.892444,16.124515,17.0,18.35756,18.35756,18.35756,18.35756,16.643317,14.422205,17.691806,14.866069,12.206556,7.81025,3.605551,2.828427,6.082763,10.049876,12.369317,13.601471,15.231546,16.124515,15.0,15.556349,15.0,14.422205,13.892444,13.416408,12.083046,11.18034,10.816654,10.630146,11.18034,13.341664,16.124515,19.026298
20260626_161418,2026-06-26T16:14:21.835346+09:00,skeleton,RX1,26.683328,24.738634,21.84033,17.720045,13.341664,9.219544,5.0,1.414214,3.605551,5.656854,8.602325,10.816654,11.661904,13.892444,15.264338,16.643317,16.643317,17.204651,15.811388,14.21267,10.630146,7.81025,3.605551,1.414214,3.162278,5.385165,5.0,1.414214,2.236068,6.324555,10.77033,14.866069,18.027756,20.880613,21.587033,21.377558,21.213203,20.223748,17.117243,15.132746,12.165525,9.219544,6.324555,3.605551,3.162278,5.830952,9.486833,14.317821,19.416488,22.561028,25.495098,27.658633
20260626_161418,2026-06-26T16:14:21.865701+09:00,skeleton,RX2,20.099751,21.095023,21.095023,20.099751,19.104973,17.117243,14.142136,11.401754,7.28011,4.472136,2.236068,2.236068,5.09902,7.615773,11.18034,13.892444,16.401219,17.029386,18.384776,18.601075,17.492856,16.155494,13.341664,11.0,8.246211,6.403124,9.219544,9.486833,11.045361,12.165525,13.601471,14.317821,15.264338,15.811388,15.620499,15.620499,14.866069,14.142136,12.041595,10.630146,10.0,8.602325,8.062258,7.615773,6.324555,7.0,6.324555,7.211103,9.219544,11.18034,12.649111,15.524175
20260626_161418,2026-06-26T16:14:21.896128+09:00,skeleton,RX3,12.083046,10.0,9.219544,8.544004,9.219544,9.055385,10.0,10.049876,11.045361,11.0,11.0,11.0,11.045361,11.045361,11.045361,11.045361,10.0,9.0,8.0,7.071068,6.324555,4.472136,3.605551,4.0,5.09902,5.385165,15.0,19.209373,20.615528,23.345235,22.627417,22.671568,22.022716,18.601075,16.643317,13.416408,11.18034,8.062258,5.830952,4.242641,4.123106,5.09902,6.324555,8.246211,10.440307,12.649111,14.56022,16.492423,17.464249,17.464249,17.464249,16.492423
20260626_161418,2026-06-26T16:14:21.926157+09:00,skeleton,RX1,5.0,8.944272,11.7047,13.928388,16.155494,17.088007,16.155494,15.811388,13.928388,12.649111,11.401754,9.219544,7.28011,5.09902,3.0,2.0,3.605551,7.071068,8.485281,11.313708,13.453624,14.866069,16.401219,15.811388,14.422205,12.529964,15.556349,17.029386,18.439089,18.601075,18.027756,16.643317,13.038405,10.816654,6.403124,2.828427,2.236068,5.09902,8.062258,10.0,13.038405,15.0,16.0,17.0,19.0,19.0,19.0,18.0,15.033296,13.038405,9.055385,5.09902
20260626_161418,2026-06-26T16:14:21.955576+09:00,skeleton,RX2,19.416488,20.808652,20.808652,20.248457,18.601075,16.401219,13.453624,11.313708,7.211103,5.385165,2.236068,3.0,5.385165,8.602325,11.313708,14.21267,16.643317,18.35756,18.788294,18.027756,17.464249,15.033296,13.038405,10.440307,7.211103,4.472136,9.433981,9.219544,11.18034,13.341664,15.132746,16.0,17.029386,17.262677,17.262677,17.464249,15.524175,14.56022,13.601471,12.649111,10.77033,10.29563,9.433981,8.602325,8.485281,8.062258,7.28011,8.0,9.219544,11.18034,13.601471,15.556349
20260626_161418,2026-06-26T16:14:21.985047+09:00,skeleton,RX3,12.083046,10.816654,9.219544,9.486833,9.219544,9.0,10.0,11.045361,11.045361,11.0,12.0,11.0,11.045361,11.045361,11.045361,11.045361,10.049876,10.0,8.0,7.071068,6.324555,5.0,3.605551,4.0,5.09902,6.324555,15.0,18.601075,22.022716,23.345235,24.041631,22.671568,21.400935,19.416488,16.643317,13.892444,10.29563,8.944272,5.830952,4.242641,4.123106,5.09902,7.28011,9.486833,10.77033,12.649111,15.524175,16.492423,17.464249,17.464249,17.464249,15.524175
20260626_161418,2026-06-26T16:14:22.015082+09:00,skeleton,RX1,6.403124,9.899495,13.453624,16.278821,17.029386,18.439089,18.439089,17.029386,15.620499,14.21267,12.806248,10.630146,8.602325,6.708204,4.472136,2.0,3.0,4.472136,8.062258,10.29563,12.529964,14.317821,15.231546,14.56022,12.369317,11.18034,16.278821,17.262677,19.235384,19.104973,19.026298,16.03122,14.0,11.0,7.0,4.123106,1.0,4.472136,7.615773,9.848858,11.7047,13.0,15.231546,16.155494,17.088007,18.027756,17.088007,16.763055,14.866069,11.401754,8.246211,4.123106
20260626_161418,2026-06-26T16:14:22.045167+09:00,skeleton,RX2,11.0,7.28011,4.242641,5.0,8.062258,11.401754,13.453624,15.620499,17.029386,17.804494,18.601075,18.867962,17.888544,17.088007,14.56022,12.165525,9.055385,6.708204,5.385165,7.28011,9.899495,13.038405,15.231546,16.492423,17.262677,18.027756,18.384776,19.697716,19.235384,19.723083,18.027756,16.278821,13.453624,10.816654,9.486833,8.0,8.246211,8.062258,8.485281,9.219544,10.816654,11.661904,12.529964,13.416408,15.231546,16.155494,18.027756,18.027756,19.924859,19.646883,19.416488,17.262677
20260626_161418,2026-06-26T16:14:22.074960+09:00,skeleton,RX3,12.041595,11.18034,10.29563,10.630146,10.630146,11.661904,12.083046,13.0,13.416408,13.416408,13.416408,13.038405,13.038405,13.038405,12.206556,12.206556,11.661904,10.816654,9.848858,8.544004,7.071068,6.082763,4.472136,5.0,5.385165,6.082763,14.56022,18.681542,20.396078,22.36068,22.203603,23.021729,21.023796,19.026298,16.03122,12.165525,10.198039,7.071068,5.0,3.162278,3.605551,5.09902,7.28011,9.219544,12.165525,14.317821,15.524175,17.720045,18.027756,18.973666,18.027756,16.492423
20260626_161418,2026-06-26T16:14:22.105313+09:00,skeleton,RX1,5.830952,9.848858,12.649111,14.56022,16.763055,17.720045,17.720045,16.492423,15.524175,13.601471,12.369317,10.440307,8.246211,6.082763,4.0,1.0,1.414214,4.242641,7.211103,10.0,12.206556,13.453624,14.866069,13.453624,12.806248,10.816654,14.866069,17.029386,18.601075,19.416488,18.027756,16.124515,13.892444,10.29563,6.708204,2.828427,1.0,4.0,7.071068,10.049876,11.045361,14.142136,14.142136,16.124515,17.117243,17.117243,17.262677,17.262677,14.317821,12.165525,8.246211,5.0
20260626_161418,2026-06-26T16:14:22.135070+09:00,skeleton,RX2,11.045361,8.0,4.123106,3.0,5.0,8.602325,10.816654,12.806248,14.21267,15.620499,15.556349,15.556349,15.620499,13.601471,12.529964,10.77033,8.062258,6.324555,5.385165,8.062258,11.18034,13.601471,15.556349,17.804494,18.027756,17.0,15.132746,15.297059,15.524175,15.811388,14.317821,13.038405,11.401754,10.0,7.615773,7.071068,8.062258,7.615773,8.602325,9.219544,9.899495,10.0,10.816654,12.529964,13.892444,14.764823,16.552945,17.088007,18.027756,17.720045,17.720045,16.278821
20260626_161418,2026-06-26T16:14:22.164821+09:00,skeleton,RX3,13.0,10.198039,11.18034,10.630146,11.401754,11.661904,12.529964,12.529964,12.529964,12.529964,13.038405,12.529964,12.206556,13.038405,11.661904,12.206556,10.816654,10.29563,8.944272,7.615773,6.082763,5.09902,4.472136,5.0,5.385165,6.324555,12.529964,16.552945,18.384776,20.880613,20.615528,21.377558,19.235384,17.029386,15.0,12.0,10.049876,7.0,5.09902,3.605551,3.605551,4.123106,7.071068,9.055385,11.18034,13.152946,15.297059,16.492423,16.763055,17.720045,17.464249,16.492423
20260626_161418,2026-06-26T16:14:22.197210+09:00,skeleton,RX1,25.96151,25.0,21.84033,16.763055,13.341664,9.219544,5.0,2.828427,4.123106,6.403124,8.485281,10.630146,12.041595,14.21267,15.620499,16.278821,17.029386,16.278821,14.866069,13.453624,10.630146,7.81025,5.0,1.414214,1.0,4.123106,6.403124,2.828427,2.0,5.385165,9.486833,13.601471,16.763055,19.646883,21.377558,21.377558,20.223748,19.104973,17.117243,15.033296,13.038405,9.0,6.082763,3.162278,1.414214,5.385165,9.486833,13.341664,17.464249,22.36068,25.495098,26.683328
20260626_161418,2026-06-26T16:14:22.224978+09:00,skeleton,RX2,17.492856,18.35756,19.235384,19.235384,17.888544,16.124515,13.038405,10.0,7.071068,3.605551,2.236068,4.0,6.324555,10.29563,13.038405,15.811388,18.439089,19.849433,20.518285,19.849433,18.601075,16.643317,14.317821,10.440307,8.062258,4.123106,8.062258,8.246211,9.848858,10.816654,11.313708,12.806248,13.892444,13.416408,13.928388,12.649111,12.649111,12.369317,11.18034,10.049876,9.055385,9.0,8.062258,7.071068,7.28011,5.830952,5.656854,4.472136,6.0,6.708204,9.219544,12.041595
20260626_161418,2026-06-26T16:14:22.254792+09:00,skeleton,RX3,21.954498,22.825424,21.954498,21.633308,20.248457,18.027756,14.422205,13.038405,10.816654,8.944272,8.544004,7.071068,8.0,8.246211,10.440307,11.7047,13.0,14.764823,16.552945,17.888544,18.35756,18.35756,18.35756,17.888544,16.552945,14.317821,17.0,14.317821,12.083046,8.544004,4.472136,2.0,4.472136,8.062258,10.29563,12.806248,13.453624,14.21267,15.264338,14.317821,14.56022,14.317821,14.035669,14.0,13.0,12.041595,11.18034,11.7047,11.661904,14.142136,16.401219,18.867962
20260626_161418,2026-06-26T16:14:22.284711+09:00,skeleton,RX1,26.07681,23.853721,20.808652,16.643317,12.806248,8.485281,5.0,3.0,3.162278,6.0,8.062258,10.198039,12.369317,14.317821,15.297059,16.492423,17.464249,16.278821,15.132746,14.142136,12.041595,9.0,5.0,2.0,3.162278,6.082763,3.0,2.236068,5.656854,10.0,13.601471,16.401219,19.209373,21.260292,21.260292,21.213203,19.104973,17.691806,15.556349,12.727922,9.899495,7.071068,3.605551,1.414214,4.472136,8.602325,13.038405,16.643317,20.248457,23.021729,26.07681
20260626_161418,2026-06-26T16:14:22.317713+09:00,skeleton,RX2,10.440307,6.708204,2.236068,3.605551,7.071068,11.0,14.035669,16.03122,17.029386,17.117243,18.248288,17.464249,16.492423,14.866069,13.0,11.18034,7.81025,4.472136,3.605551,6.082763,10.049876,13.341664,15.811388,18.384776,18.788294,18.35756,11.661904,12.206556,12.806248,12.727922,12.806248,11.661904,11.18034,9.486833,8.062258,7.071068,6.324555,6.403124,6.403124,6.708204,7.28011,8.062258,10.049876,11.0,13.0,14.035669,16.03122,17.117243,18.248288,18.439089,18.439089,16.492423
20260626_161418,2026-06-26T16:14:22.344963+09:00,skeleton,RX3,14.56022,12.083046,10.0,10.0,9.486833,10.198039,11.045361,12.041595,12.0,13.0,13.0,13.0,13.038405,13.038405,13.038405,13.038405,12.041595,11.0,10.049876,9.055385,7.615773,5.830952,5.385165,5.0,6.082763,7.615773,15.620499,19.209373,21.400935,23.853721,24.186773,23.706539,22.847319,19.313208,16.763055,14.317821,11.18034,9.219544,6.082763,3.605551,3.605551,5.0,7.071068,9.055385,11.18034,14.142136,16.03122,18.027756,20.024984,20.024984,20.024984,19.104973
20260626_161418,2026-06-26T16:14:22.376181+09:00,skeleton,RX1,4.123106,8.062258,11.661904,15.0,15.811388,16.643317,17.204651,15.811388,15.811388,15.0,12.806248,10.630146,9.219544,6.403124,5.0,2.0,2.236068,5.0,8.062258,11.045361,13.038405,14.0,16.0,15.033296,14.142136,13.152946,16.124515,18.11077,20.024984,20.0,19.026298,17.029386,15.033296,11.045361,8.0,4.123106,2.0,5.0,7.071068,9.219544,11.401754,14.21267,15.0,17.804494,17.804494,18.601075,18.601075,17.204651,16.643317,13.601471,10.29563,5.385165
20260626_161418,2026-06-26T16:14:22.405804+09:00,skeleton,RX2,19.235384,21.377558,21.377558,21.213203,19.235384,17.262677,14.317821,11.401754,8.544004,5.0,2.236068,2.0,5.09902,7.615773,11.18034,13.416408,16.124515,18.027756,18.601075,19.209373,18.439089,16.970563,14.21267,10.816654,8.062258,4.472136,7.28011,7.211103,7.071068,7.211103,7.28011,8.0,9.055385,8.246211,8.544004,8.944272,9.433981,8.602325,8.602325,8.602325,7.81025,7.81025,7.071068,7.81025,6.403124,5.0,4.472136,4.123106,5.656854,8.062258,10.77033,14.56022
20260626_161418,2026-06-26T16:14:22.435437+09:00,skeleton,RX3,12.529964,11.18034,10.0,9.848858,10.816654,11.313708,12.727922,13.453624,13.453624,14.142136,14.142136,14.142136,14.142136,13.453624,12.806248,13.453624,12.041595,11.313708,9.219544,8.602325,6.324555,5.0,4.472136,5.656854,6.708204,7.615773,14.317821,18.439089,20.615528,22.135944,22.472205,22.847319,21.023796,18.35756,15.811388,12.206556,10.0,6.403124,4.472136,3.0,2.828427,4.472136,6.708204,9.433981,11.661904,14.422205,16.401219,18.439089,19.104973,19.104973,18.439089,17.804494
20260626_161418,2026-06-26T16:14:22.467063+09:00,skeleton,RX1,5.385165,9.219544,12.041595,14.866069,16.278821,16.970563,17.691806,16.278821,15.556349,14.142136,12.727922,11.313708,9.219544,6.403124,5.0,2.236068,2.236068,4.0,6.082763,9.219544,11.18034,13.152946,14.142136,14.0,12.041595,10.049876,15.811388,17.492856,19.723083,20.124612,19.697716,17.088007,13.928388,11.401754,7.28011,3.605551,2.236068,4.472136,7.28011,9.219544,11.18034,13.341664,14.317821,16.278821,17.464249,17.262677,17.262677,17.262677,15.297059,12.165525,10.0,6.082763
20260626_161418,2026-06-26T16:14:22.495048+09:00,skeleton,RX2,6.324555,2.236068,5.0,9.486833,13.341664,17.464249,19.646883,21.84033,23.086793,23.4094,22.472205,21.931712,20.124612,18.35756,16.124515,12.529964,8.602325,4.472136,1.414214,5.656854,10.630146,14.866069,18.439089,20.615528,21.400935,21.400935,11.313708,12.806248,13.892444,14.317821,13.601471,12.369317,12.165525,10.049876,9.055385,7.071068,5.830952,5.0,4.123106,5.0,6.324555,8.544004,9.486833,12.649111,13.601471,15.811388,17.720045,18.439089,19.416488,18.439089,18.439089,15.297059
20260626_161418,2026-06-26T16:14:22.526869+09:00,skeleton,RX3,23.769729,25.0,25.0,23.086793,21.18962,19.313208,16.155494,13.928388,10.77033,9.219544,7.071068,6.082763,6.708204,7.81025,10.0,11.661904,13.892444,15.652476,17.888544,19.697716,20.615528,20.615528,19.697716,18.788294,16.552945,14.764823,15.132746,12.165525,9.055385,5.385165,2.236068,5.0,8.602325,11.401754,13.453624,14.866069,15.620499,16.643317,15.652476,15.811388,15.297059,15.132746,14.035669,13.0,12.0,11.045361,9.219544,9.433981,10.630146,13.416408,16.155494,19.646883
20260626_161418,2026-06-26T16:14:22.555184+09:00,skeleton,RX1,25.179357,24.083189,21.023796,17.029386,13.038405,9.055385,5.09902,1.414214,2.236068,6.324555,8.246211,10.198039,12.369317,14.317821,14.56022,16.278821,16.492423,16.763055,15.524175,13.601471,11.7047,9.486833,5.385165,3.0,2.236068,3.0,6.082763,3.0,2.0,6.403124,11.313708,14.866069,19.104973,21.931712,22.022716,23.600847,22.803509,21.633308,19.416488,17.204651,14.422205,12.206556,9.219544,5.656854,3.0,4.472136,8.0,12.041595,16.278821,21.213203,24.33105,26.476405
20260626_161418,2026-06-26T16:14:22.588062+09:00,skeleton,RX2,7.071068,4.472136,5.0,10.440307,13.0,15.231546,18.384776,19.697716,21.18962,21.18962,20.880613,19.646883,18.439089,16.278821,14.142136,11.045361,8.062258,4.123106,1.0,5.09902,9.219544,13.152946,15.297059,17.464249,17.720045,17.720045,8.246211,8.544004,9.433981,9.433981,9.219544,9.899495,7.81025,7.211103,5.385165,4.123106,4.123106,3.605551,3.605551,5.385165,6.324555,8.246211,10.198039,11.401754,12.649111,14.866069,16.155494,17.464249,17.888544,17.888544,16.552945,13.416408
20260626_161418,2026-06-26T16:14:22.617964+09:00,skeleton,RX3,21.84033,22.803509,22.135944,22.135944,20.248457,18.027756,15.811388,12.649111,10.440307,8.246211,6.082763,4.123106,4.242641,4.472136,7.071068,9.0,12.0,14.035669,16.124515,18.11077,19.104973,19.104973,19.104973,17.029386,16.03122,14.035669,16.401219,13.601471,9.433981,5.0,2.236068,4.0,8.544004,11.7047,13.601471,15.297059,16.124515,17.029386,16.03122,16.124515,15.297059,14.866069,13.928388,13.0,12.083046,10.77033,8.246211,7.0,7.615773,10.0,12.529964,16.155494
20260626_161418,2026-06-26T16:14:22.649020+09:00,skeleton,RX1,4.123106,8.944272,11.661904,13.892444,16.124515,16.643317,17.204651,16.643317,15.264338,14.422205,12.206556,11.401754,9.433981,7.071068,5.0,2.236068,1.414214,3.162278,6.324555,8.544004,10.440307,12.369317,13.341664,13.152946,12.041595,11.0,17.720045,19.924859,21.18962,21.540659,20.615528,18.788294,15.652476,12.529964,8.062258,4.472136,1.414214,3.605551,6.403124,9.219544,11.313708,13.453624,14.866069,16.970563,18.384776,18.384776,18.384776,17.691806,15.556349,13.453624,10.0,5.830952
20260626_161418,2026-06-26T16:14:22.674855+09:00,skeleton,RX2,21.0,22.0,22.022716,21.023796,19.104973,17.117243,14.142136,11.18034,8.062258,4.0,2.236068,3.162278,5.830952,8.602325,11.661904,14.422205,16.124515,18.35756,19.235384,19.697716,19.313208,17.720045,15.524175,12.369317,10.049876,7.071068,8.062258,7.615773,8.062258,8.062258,7.28011,7.211103,7.071068,7.81025,8.062258,8.944272,8.544004,9.486833,8.544004,8.544004,7.615773,7.615773,6.324555,6.324555,5.385165,4.0,3.162278,4.472136,6.082763,9.055385,13.0,16.0
20260626_161418,2026-06-26T16:14:22.704929+09:00,skeleton,RX3,12.369317,11.7047,9.433981,9.219544,8.944272,9.486833,10.198039,10.198039,11.18034,11.18034,12.165525,12.165525,12.165525,12.369317,12.369317,12.369317,12.369317,11.18034,10.049876,9.0,7.071068,5.385165,4.242641,4.123106,5.0,6.324555,16.278821,19.849433,21.931712,23.345235,23.430749,24.207437,21.400935,18.867962,16.124515,12.529964,10.29563,8.062258,5.0,3.605551,4.0,5.09902,7.28011,9.486833,10.77033,13.601471,15.297059,16.278821,18.11077,18.11077,18.027756,17.117243
20260626_161418,2026-06-26T16:14:22.735187+09:00,skeleton,RX1,25.079872,23.769729,20.615528,16.155494,12.083046,8.944272,4.472136,1.414214,2.0,5.09902,7.28011,8.544004,10.77033,12.083046,13.928388,13.928388,14.317821,13.928388,13.601471,11.7047,9.486833,6.708204,4.472136,1.414214,2.236068,4.123106,7.071068,3.605551,1.0,5.0,9.219544,13.453624,17.029386,20.0,21.400935,22.203603,21.633308,20.248457,18.027756,15.811388,13.601471,10.0,6.403124,3.605551,2.236068,5.0,9.219544,13.601471,17.088007,20.615528,24.166092,26.0
20260626_161418,2026-06-26T16:14:22.765064+09:00,skeleton,RX2,12.041595,7.071068,1.0,4.472136,9.486833,14.56022,18.973666,21.18962,23.4094,24.698178,25.079872,24.596748,24.186773,22.472205,20.808652,17.804494,14.142136,9.433981,6.0,5.830952,9.0,13.601471,17.464249,20.59126,22.472205,22.803509,16.763055,17.117243,17.117243,16.763055,16.552945,15.811388,14.142136,13.038405,11.7047,10.440307,10.0,8.246211,7.615773,7.81025,7.81025,8.944272,10.77033,11.401754,13.341664,16.278821,18.248288,19.235384,21.213203,22.203603,21.213203,19.104973
20260626_161418,2026-06-26T16:14:22.794838+09:00,skeleton,RX3,13.341664,12.529964,12.206556,12.041595,12.806248,13.038405,13.892444,13.892444,13.892444,14.422205,14.422205,14.422205,13.601471,14.422205,13.601471,14.422205,13.038405,13.416408,12.083046,11.7047,11.18034,10.0,9.055385,8.544004,8.062258,8.485281,15.652476,19.235384,21.095023,23.021729,23.600847,22.671568,20.518285,18.384776,14.866069,12.041595,9.899495,6.403124,5.09902,5.0,6.324555,8.544004,9.848858,11.7047,13.928388,15.524175,17.262677,18.11077,19.026298,19.026298,19.026298,17.029386
20260626_161418,2026-06-26T16:14:22.827058+09:00,skeleton,RX1,26.172505,23.194827,20.223748,16.124515,12.041595,8.0,4.123106,2.0,4.242641,7.211103,8.944272,10.77033,13.0,13.928388,16.155494,16.155494,17.464249,16.552945,15.652476,14.317821,11.18034,8.944272,5.830952,3.162278,1.414214,2.236068,5.830952,2.828427,2.0,6.082763,11.401754,15.524175,19.416488,21.377558,23.194827,23.194827,23.086793,22.022716,19.026298,16.03122,14.035669,11.045361,8.062258,4.123106,1.414214,4.123106,8.246211,13.152946,17.117243,21.095023,24.083189,26.172505
20260626_161418,2026-06-26T16:14:22.855170+09:00,skeleton,RX2,13.928388,10.77033,6.403124,4.0,5.830952,9.486833,13.601471,16.763055,18.973666,20.615528,21.931712,22.36068,21.954498,21.633308,20.615528,17.691806,14.866069,10.816654,7.28011,5.0,7.0,10.77033,14.422205,18.439089,19.79899,20.615528,15.556349,16.401219,17.0,16.155494,15.524175,15.132746,13.038405,11.401754,10.29563,9.433981,8.602325,8.062258,8.246211,8.062258,9.055385,10.049876,11.401754,12.649111,13.928388,16.155494,18.027756,19.313208,21.18962,21.540659,21.18962,20.248457
20260626_161418,2026-06-26T16:14:22.884824+09:00,skeleton,RX3,20.615528,22.022716,21.260292,21.213203,19.79899,17.691806,15.620499,12.806248,10.630146,9.219544,7.81025,6.708204,7.071068,8.0,9.219544,10.440307,13.0,15.231546,17.0,18.35756,19.235384,19.235384,19.235384,18.35756,16.552945,14.317821,17.029386,15.033296,12.041595,8.0,4.472136,3.162278,6.324555,9.848858,13.0,15.231546,15.811388,16.492423,16.124515,16.0,15.033296,15.297059,14.56022,13.928388,11.7047,10.440307,9.219544,9.0,8.544004,10.630146,13.453624,16.401219
20260626_161418,2026-06-26T16:14:22.914741+09:00,skeleton,RX1,5.09902,8.944272,12.529964,14.764823,16.124515,16.124515,16.124515,16.124515,14.764823,13.892444,11.661904,10.816654,8.602325,6.403124,4.242641,2.236068,1.414214,4.0,6.082763,9.055385,10.049876,12.041595,13.038405,12.0,12.041595,10.198039,16.278821,17.464249,18.681542,18.973666,18.027756,16.155494,13.928388,10.77033,6.708204,3.162278,1.0,3.605551,7.071068,9.219544,11.313708,12.727922,14.142136,15.556349,16.278821,17.691806,17.691806,16.278821,14.21267,11.401754,8.602325,4.123106
20260626_161418,2026-06-26T16:14:22.945297+09:00,skeleton,RX2,17.088007,18.027756,18.973666,18.681542,16.492423,15.297059,12.165525,10.049876,7.0,4.0,1.0,2.0,5.09902,8.246211,10.440307,13.928388,16.155494,18.788294,19.235384,19.723083,19.416488,18.601075,16.278821,14.142136,10.630146,7.81025,8.602325,9.848858,9.055385,9.055385,9.486833,10.29563,11.401754,11.313708,11.401754,10.816654,10.29563,10.29563,9.848858,8.544004,8.544004,7.615773,7.28011,6.324555,5.09902,4.0,3.162278,3.162278,5.0,7.28011,10.440307,12.649111
20260626_161418,2026-06-26T16:14:22.975579+09:00,skeleton,RX3,22.36068,22.36068,23.537205,21.587033,19.646883,18.027756,15.811388,13.601471,11.401754,10.198039,9.0,9.055385,9.219544,10.77033,11.18034,13.892444,15.264338,17.204651,18.027756,19.416488,20.0,20.808652,19.416488,18.027756,16.643317,15.264338,16.124515,13.892444,10.816654,7.615773,5.0,5.0,7.615773,10.440307,12.649111,14.866069,15.652476,16.124515,15.811388,16.278821,16.278821,15.0,14.422205,13.038405,11.661904,10.816654,10.630146,10.0,11.18034,13.601471,16.278821,19.235384
20260626_161418,2026-06-26T16:14:23.007180+09:00,skeleton,RX1,27.0,24.0,21.023796,18.027756,13.0,9.0,5.09902,2.236068,2.828427,5.385165,7.615773,9.486833,11.401754,12.649111,14.56022,14.866069,14.866069,15.231546,13.928388,12.083046,8.944272,6.708204,4.123106,1.0,2.0,3.605551,5.0,1.414214,2.828427,5.656854,10.630146,13.601471,17.492856,19.723083,21.470911,21.470911,21.023796,19.697716,16.552945,15.231546,12.083046,10.29563,7.211103,3.605551,3.162278,5.385165,9.055385,14.0,19.026298,22.022716,24.020824,27.018512
20260626_161418,2026-06-26T16:14:23.035271+09:00,skeleton,RX2,12.806248,7.81025,2.236068,3.605551,9.433981,13.601471,18.027756,20.808652,22.203603,25.0,25.612497,24.839485,24.839485,23.345235,21.931712,18.439089,16.401219,11.18034,8.062258,6.403124,8.062258,12.165525,16.763055,19.313208,21.931712,22.36068,14.317821,15.811388,17.691806,17.804494,17.888544,16.155494,15.297059,13.038405,11.045361,9.219544,6.708204,5.656854,4.472136,4.123106,5.830952,6.403124,8.485281,10.630146,12.806248,15.620499,17.804494,20.0,21.400935,22.203603,21.400935,20.0
20260626_161418,2026-06-26T16:14:23.065107+09:00,skeleton,RX3,15.811388,15.231546,13.416408,12.206556,12.041595,11.313708,11.401754,10.816654,12.206556,11.661904,12.529964,12.529964,13.038405,13.038405,13.892444,13.892444,13.892444,13.892444,13.416408,13.0,11.7047,10.198039,9.055385,7.071068,6.708204,7.211103,11.045361,14.035669,17.0,19.026298,20.099751,20.396078,19.646883,18.027756,16.552945,13.416408,11.661904,9.433981,6.708204,5.385165,5.0,5.09902,6.708204,8.062258,10.29563,12.529964,14.317821,16.155494,17.088007,18.027756,18.681542,17.720045
20260626_161418,2026-06-26T16:14:23.094904+09:00,skeleton,RX1,4.472136,8.602325,12.727922,14.866069,16.970563,16.970563,16.970563,16.278821,15.620499,13.453624,12.041595,9.899495,7.81025,5.656854,3.605551,1.414214,1.414214,4.242641,7.071068,9.219544,10.630146,11.401754,12.206556,12.206556,11.661904,10.29563,15.132746,17.262677,18.439089,19.416488,18.681542,16.763055,14.56022,10.77033,7.28011,3.162278,1.0,3.605551,7.211103,9.433981,12.529964,14.764823,16.124515,18.35756,19.235384,19.723083,19.235384,17.888544,16.552945,13.416408,9.848858,5.09902
20260626_161418,2026-06-26T16:14:23.125004+09:00,skeleton,RX2,18.11077,20.099751,21.023796,21.023796,19.026298,17.029386,14.035669,11.045361,8.246211,5.09902,2.236068,1.0,4.0,7.28011,10.440307,13.601471,15.811388,18.384776,19.697716,20.124612,19.235384,17.492856,15.811388,13.038405,10.0,6.403124,10.0,9.219544,8.944272,9.219544,8.062258,8.246211,9.0,9.486833,9.848858,10.0,10.630146,9.899495,9.899495,9.219544,8.485281,8.485281,7.071068,5.656854,4.242641,2.828427,1.414214,2.0,4.123106,7.28011,11.18034,14.317821
20260626_161418,2026-06-26T16:14:23.154844+09:00,skeleton,RX3,19.104973,20.518285,20.518285,19.849433,19.104973,17.804494,16.401219,15.0,14.422205,13.601471,12.206556,12.041595,10.630146,10.630146,10.630146,11.661904,12.083046,13.928388,14.56022,16.492423,17.464249,18.439089,18.681542,18.681542,17.720045,17.088007,17.888544,16.124515,14.422205,11.18034,8.246211,7.071068,7.81025,10.0,12.206556,13.601471,15.0,16.278821,16.278821,16.643317,16.124515,16.155494,15.811388,15.297059,14.317821,14.317821,13.341664,13.601471,12.649111,13.892444,15.0,17.029386
20260626_161418,2026-06-26T16:14:23.192264+09:00,skeleton,RX1,4.123106,8.246211,11.401754,14.317821,16.492423,17.464249,16.492423,16.492423,15.297059,13.152946,11.18034,10.198039,8.062258,5.0,3.0,1.0,3.162278,5.385165,8.246211,10.440307,12.649111,13.928388,14.317821,14.317821,12.529964,11.661904,15.033296,18.0,20.0,20.024984,19.026298,17.029386,15.033296,11.045361,7.071068,3.0,1.414214,4.472136,7.615773,10.77033,13.601471,14.866069,16.763055,18.973666,19.924859,20.880613,20.615528,19.646883,16.492423,14.56022,10.198039,5.09902
20260626_161418,2026-06-26T16:14:23.214918+09:00,skeleton,RX2,9.219544,4.472136,2.828427,6.082763,10.0,14.0,16.0,18.027756,20.099751,20.223748,20.396078,19.646883,18.973666,18.384776,16.552945,14.317821,11.18034,6.708204,3.0,3.162278,6.708204,11.18034,14.764823,17.0,18.788294,18.384776,14.142136,15.811388,16.552945,17.492856,17.204651,16.401219,15.556349,13.453624,10.816654,8.944272,7.071068,6.0,5.830952,5.656854,7.211103,8.944272,11.18034,12.083046,14.764823,16.124515,18.027756,18.601075,19.209373,19.849433,18.384776,16.970563
20260626_161418,2026-06-26T16:14:23.247122+09:00,skeleton,RX3,19.924859,19.924859,19.924859,18.973666,18.027756,16.155494,15.231546,14.317821,13.0,12.083046,11.7047,10.77033,10.77033,10.440307,10.440307,11.18034,11.045361,12.0,13.152946,15.297059,16.278821,17.464249,18.248288,18.248288,18.11077,17.0,16.124515,15.033296,13.038405,10.198039,7.615773,7.071068,7.615773,10.198039,12.041595,13.038405,15.132746,15.524175,15.811388,15.231546,14.764823,14.422205,14.21267,14.142136,14.142136,12.727922,13.453624,12.806248,14.422205,14.764823,16.155494,18.027756
20260626_161418,2026-06-26T16:14:23.275065+09:00,skeleton,RX1,27.166155,25.179357,22.090722,18.11077,13.038405,9.0,5.0,1.0,3.162278,6.082763,8.062258,11.045361,13.152946,15.132746,15.033296,16.03122,17.117243,16.124515,14.142136,12.165525,10.198039,7.071068,4.123106,2.0,4.123106,7.071068,3.162278,1.414214,5.09902,10.049876,13.152946,17.117243,20.223748,21.377558,22.36068,21.587033,20.615528,18.439089,16.492423,14.317821,11.18034,7.071068,4.123106,4.0,9.055385,14.035669,19.104973,23.194827,26.172505,28.160256
20260626_161418,2026-06-26T16:14:23.305184+09:00,skeleton,RX2,7.615773,3.162278,2.236068,7.615773,11.7047,15.811388,18.681542,19.646883,21.587033,22.36068,22.203603,21.095023,20.099751,19.026298,17.029386,13.038405,9.055385,5.385165,1.0,5.385165,10.049876,14.035669,18.0,19.026298,21.095023,20.099751,13.892444,15.620499,17.029386,17.204651,17.888544,17.088007,15.524175,14.142136,12.0,9.055385,6.708204,5.0,4.472136,5.09902,6.324555,8.602325,10.0,12.206556,14.21267,16.643317,18.027756,19.723083,20.59126,19.723083,19.235384,15.652476
20260626_161418,2026-06-26T16:14:23.335046+09:00,skeleton,RX3,15.132746,13.038405,11.0,11.18034,9.486833,8.944272,9.433981,10.0,10.0,10.0,9.899495,10.630146,10.630146,11.401754,11.401754,12.206556,12.806248,12.206556,11.401754,10.816654,9.219544,7.071068,5.0,4.123106,3.162278,4.242641,12.806248,15.620499,18.601075,20.808652,21.954498,22.36068,21.023796,19.313208,18.027756,14.56022,12.649111,9.486833,7.615773,6.403124,5.0,6.324555,7.28011,9.219544,11.045361,13.152946,15.132746,16.492423,17.464249,18.248288,18.439089,17.464249
20260626_161418,2026-06-26T16:14:23.369980+09:00,skeleton,RX1,26.0,23.769729,21.540659,16.155494,12.083046,7.615773,3.162278,1.0,3.162278,6.324555,8.544004,11.401754,12.649111,14.56022,15.524175,16.763055,16.763055,16.763055,15.811388,13.0,10.77033,8.544004,5.385165,1.0,2.236068,4.242641,6.0,2.236068,1.0,6.0,10.049876,15.132746,17.262677,20.396078,21.377558,22.561028,21.587033,20.615528,18.439089,16.492423,14.317821,11.18034,8.062258,4.0,1.414214,3.605551,8.944272,13.928388,17.088007,22.472205,25.298221,26.570661
20260626_161418,2026-06-26T16:14:23.398202+09:00,skeleton,RX2,18.867962,21.095023,20.59126,20.59126,18.35756,15.652476,13.0,9.486833,6.324555,3.0,1.0,3.605551,7.211103,10.29563,13.416408,15.652476,18.384776,19.697716,20.615528,20.248457,18.973666,17.720045,14.56022,11.18034,8.062258,4.0,9.486833,9.055385,9.219544,8.062258,7.81025,7.615773,9.055385,9.055385,9.486833,11.18034,10.816654,11.401754,10.630146,9.899495,9.899495,9.219544,7.81025,7.071068,5.0,3.605551,1.0,1.0,4.242641,7.81025,10.816654,14.422205
20260626_161418,2026-06-26T16:14:23.425286+09:00,skeleton,RX3,12.727922,11.401754,10.29563,9.486833,9.055385,9.055385,9.219544,10.198039,10.440307,10.440307,10.440307,11.401754,11.401754,11.401754,12.165525,12.165525,12.165525,11.18034,10.198039,8.544004,7.615773,5.830952,5.0,4.0,5.09902,6.708204,12.041595,14.035669,17.117243,19.416488,20.615528,20.880613,19.313208,17.464249,15.652476,13.892444,10.816654,8.062258,6.324555,5.09902,4.123106,5.0,7.071068,7.81025,10.630146,12.041595,14.142136,16.278821,17.029386,17.804494,17.804494,16.401219
20260626_161418,2026-06-26T16:14:23.456544+09:00,skeleton,RX1,5.0,7.81025,12.041595,14.142136,15.556349,15.556349,15.556349,14.866069,14.21267,12.806248,11.401754,9.219544,7.81025,5.0,2.828427,2.236068,5.0,7.81025,10.0,12.041595,13.453624,14.142136,13.453624,12.806248,11.401754,14.764823,17.492856,18.027756,18.027756,17.204651,16.401219,13.601471,10.630146,6.403124,2.828427,1.0,3.605551,6.403124,8.485281,12.041595,13.453624,15.620499,16.401219,17.804494,17.804494,17.804494,16.401219,14.422205,12.206556,8.602325,4.472136
20260626_161418,2026-06-26T16:14:23.484883+09:00,skeleton,RX2,20.248457,21.633308,21.633308,21.633308,19.416488,16.401219,14.21267,9.899495,7.81025,4.123106,2.828427,4.123106,7.071068,10.198039,13.601471,15.231546,18.384776,19.697716,19.697716,20.124612,18.788294,16.124515,13.892444,9.433981,6.403124,3.162278,8.544004,9.055385,8.062258,7.615773,7.071068,7.28011,8.0,8.544004,9.433981,9.899495,10.630146,10.0,10.29563,9.433981,8.944272,8.062258,6.708204,5.830952,5.0,3.605551,1.414214,2.236068,5.0,8.602325,12.206556,15.264338
20260626_161418,2026-06-26T16:14:23.515390+09:00,skeleton,RX3,13.928388,11.7047,11.045361,10.0,10.198039,10.77033,11.18034,11.18034,11.18034,11.18034,11.661904,12.083046,12.083046,12.083046,12.083046,12.083046,12.083046,11.18034,10.29563,8.602325,7.81025,5.830952,6.082763,6.082763,6.708204,7.211103,12.206556,15.264338,17.492856,19.697716,20.615528,20.880613,19.416488,18.248288,16.03122,13.038405,11.0,9.0,6.082763,4.472136,4.242641,5.830952,6.708204,8.544004,10.440307,12.649111,14.317821,16.552945,17.0,17.888544,17.492856,17.0
20260626_161418,2026-06-26T16:14:23.544928+09:00,skeleton,RX1,4.242641,9.219544,12.041595,15.620499,17.029386,17.029386,17.029386,16.401219,15.811388,14.422205,12.206556,10.29563,8.062258,5.830952,3.162278,1.0,2.236068,5.656854,8.485281,10.630146,12.041595,14.21267,14.21267,13.601471,13.038405,11.661904,16.155494,17.888544,19.235384,19.723083,18.35756,17.492856,13.892444,10.816654,6.708204,3.162278,1.0,4.472136,7.211103,9.219544,12.041595,14.142136,15.556349,16.970563,18.384776,19.104973,18.439089,17.691806,16.401219,12.806248,9.219544,5.0
20260626_161418,2026-06-26T16:14:23.577067+09:00,skeleton,RX2,11.661904,6.324555,3.605551,6.324555,11.18034,15.264338,18.027756,20.808652,22.203603,22.803509,22.803509,22.022716,20.518285,19.104973,16.278821,13.601471,9.848858,6.0,6.403124,10.049876,14.035669,19.416488,22.561028,25.0,25.0,25.0,13.416408,14.317821,16.0,17.262677,17.088007,16.124515,15.0,13.453624,11.661904,8.944272,7.071068,5.09902,3.605551,5.0,7.28011,8.944272,10.816654,13.892444,16.401219,18.601075,21.400935,22.803509,23.600847,24.207437,22.803509,20.0
20260626_161418,2026-06-26T16:14:23.605012+09:00,skeleton,RX3,21.213203,22.203603,22.090722,22.090722,20.024984,18.0,16.0,14.0,13.0,11.045361,10.198039,9.486833,9.433981,10.0,11.401754,12.727922,14.21267,16.401219,17.204651,18.601075,19.416488,20.0,19.416488,18.601075,16.401219,14.21267,16.278821,14.317821,11.401754,8.062258,5.09902,3.605551,6.0,9.055385,12.041595,14.0,15.033296,16.124515,16.492423,16.155494,15.652476,15.264338,15.0,14.21267,13.453624,12.041595,11.401754,11.18034,11.401754,13.038405,16.03122,18.11077
20260626_161418,2026-06-26T16:14:23.636906+09:00,skeleton,RX1,26.832816,24.596748,21.023796,17.464249,12.083046,7.615773,3.162278,1.0,4.242641,7.211103,9.433981,12.529964,13.892444,15.652476,17.0,17.492856,17.0,17.492856,16.124515,14.422205,11.661904,8.602325,5.0,1.414214,1.414214,3.605551,6.0,2.0,2.236068,6.324555,10.440307,14.866069,18.384776,21.540659,22.847319,23.259407,22.36068,21.470911,19.235384,16.552945,14.317821,11.18034,7.615773,4.472136,1.0,3.605551,8.062258,13.416408,17.888544,21.470911,24.596748,27.313001
20260626_161418,2026-06-26T16:14:23.670276+09:00,skeleton,RX2,20.615528,21.931712,21.931712,21.023796,18.788294,17.0,13.892444,10.0,7.071068,4.472136,2.236068,4.123106,7.0,10.049876,13.341664,15.811388,18.027756,19.924859,20.248457,20.248457,19.697716,16.552945,13.416408,9.433981,6.403124,3.162278,9.0,8.246211,7.615773,7.071068,7.615773,8.062258,8.246211,9.433981,9.219544,10.0,10.29563,9.848858,9.486833,9.486833,9.219544,8.246211,8.246211,6.082763,5.09902,4.123106,1.0,1.414214,4.472136,8.062258,12.083046,15.231546
20260626_161418,2026-06-26T16:14:23.695232+09:00,skeleton,RX3,19.104973,20.024984,19.104973,19.235384,17.262677,16.278821,14.317821,12.369317,11.18034,10.198039,9.055385,8.062258,8.062258,8.544004,9.848858,10.29563,12.206556,13.601471,15.0,15.620499,16.401219,17.029386,16.401219,16.401219,15.0,13.038405,15.811388,13.928388,10.77033,8.544004,5.0,3.605551,5.385165,8.062258,10.049876,12.165525,13.341664,14.866069,14.317821,14.422205,14.21267,14.142136,13.453624,12.806248,11.401754,11.401754,10.630146,10.0,10.29563,11.7047,13.341664,15.132746
20260626_161418,2026-06-26T16:14:23.726016+09:00,skeleton,RX1,26.400758,22.847319,21.023796,16.155494,12.083046,7.615773,3.0,1.0,4.242641,7.211103,9.433981,11.661904,13.892444,15.264338,16.124515,17.0,17.0,17.492856,15.264338,13.038405,10.816654,7.81025,5.0,1.414214,1.414214,2.828427,5.0,2.0,2.236068,6.324555,10.440307,14.56022,17.720045,21.18962,22.135944,22.472205,21.931712,20.615528,18.788294,16.552945,13.928388,10.77033,7.615773,4.123106,1.414214,3.605551,8.062258,13.0,17.464249,21.023796,24.166092,26.0
20260626_161418,2026-06-26T16:14:23.755554+09:00,skeleton,RX2,18.788294,20.615528,20.615528,19.697716,17.888544,15.652476,12.529964,9.433981,6.403124,3.605551,1.414214,4.0,6.324555,9.848858,13.416408,16.124515,18.867962,19.723083,20.248457,20.248457,18.601075,16.401219,14.21267,9.899495,6.403124,3.0,8.246211,8.944272,9.219544,8.062258,8.246211,8.0,8.544004,9.433981,9.899495,10.0,10.29563,9.848858,9.486833,9.486833,8.544004,8.246211,7.28011,6.324555,5.09902,4.123106,1.0,1.0,4.472136,7.615773,10.77033,13.928388
20260626_161418,2026-06-26T16:14:23.785470+09:00,skeleton,RX3,14.035669,12.165525,10.77033,10.816654,10.630146,10.630146,10.816654,11.661904,12.529964,13.038405,13.038405,13.038405,13.038405,13.601471,13.601471,13.038405,13.038405,12.529964,11.18034,10.77033,9.219544,9.0,8.544004,8.602325,9.219544,10.0,10.816654,14.422205,16.401219,19.104973,19.79899,19.849433,18.601075,18.027756,14.764823,12.083046,9.848858,7.615773,5.830952,4.242641,3.162278,4.123106,6.324555,8.246211,10.198039,12.165525,14.035669,16.03122,17.0,18.0,18.027756,17.029386
20260626_161418,2026-06-26T16:14:23.815260+09:00,skeleton,RX1,5.0,9.055385,12.165525,15.132746,16.124515,17.262677,17.262677,16.278821,15.297059,14.317821,12.165525,10.198039,8.246211,6.324555,4.123106,1.414214,2.236068,4.123106,7.071068,9.055385,11.045361,12.165525,13.152946,12.369317,11.401754,9.486833,15.811388,18.027756,18.867962,18.35756,19.235384,16.552945,14.317821,11.18034,6.708204,3.605551,1.414214,4.123106,7.0,9.055385,11.045361,13.152946,14.142136,16.278821,16.278821,17.464249,17.464249,15.524175,14.317821,11.401754,8.544004,4.472136
20260626_161418,2026-06-26T16:14:23.845376+09:00,skeleton,RX2,19.313208,21.18962,21.540659,20.615528,18.384776,16.552945,13.416408,9.433981,7.071068,4.472136,2.236068,4.123106,7.0,9.219544,12.649111,14.866069,18.384776,19.313208,20.124612,20.124612,19.235384,17.0,13.892444,10.0,6.403124,3.162278,8.246211,8.062258,7.81025,8.062258,7.071068,7.28011,8.062258,8.485281,9.433981,9.848858,9.486833,10.198039,10.049876,9.055385,9.055385,8.0,7.0,6.0,5.0,3.0,1.414214,1.414214,4.472136,8.544004,11.7047,14.866069
20260626_161418,2026-06-26T16:14:23.875041+09:00,skeleton,RX3,19.924859,21.587033,21.587033,21.587033,19.416488,18.248288,16.124515,14.142136,12.165525,11.18034,9.486833,8.944272,9.433981,9.219544,10.630146,11.661904,13.892444,15.231546,16.155494,18.384776,19.313208,19.313208,19.313208,18.384776,16.552945,14.317821,17.262677,15.297059,12.369317,9.219544,6.0,4.242641,6.0,9.055385,12.041595,14.035669,15.0,16.124515,16.278821,15.811388,16.155494,16.124515,15.0,15.0,13.453624,12.806248,11.401754,11.18034,10.440307,12.0,14.035669,16.492423
20260626_161418,2026-06-26T16:14:23.907195+09:00,skeleton,RX1,25.632011,24.351591,21.18962,17.088007,13.0,8.944272,4.472136,2.236068,3.162278,6.0,8.062258,10.049876,12.041595,13.152946,15.297059,15.297059,16.124515,15.132746,14.142136,12.041595,10.049876,7.0,4.0,2.0,4.123106,6.403124,2.828427,1.0,5.0,10.0,13.601471,17.204651,18.867962,19.723083,21.470911,20.124612,19.235384,16.552945,14.317821,12.083046,8.944272,5.830952,2.828427,1.414214,5.09902,9.486833,13.928388,18.384776,22.472205,25.632011,26.925824
20260626_161418,2026-06-26T16:14:23.937577+09:00,skeleton,RX2,9.055385,5.0,1.414214,3.605551,7.615773,10.77033,13.601471,14.866069,16.763055,16.492423,16.492423,16.278821,15.132746,14.035669,13.0,10.049876,7.28011,5.0,4.0,7.81025,11.401754,13.892444,17.0,19.235384,19.697716,19.697716,10.0,10.77033,12.165525,13.0,12.165525,11.7047,11.18034,10.0,8.485281,5.830952,5.09902,4.0,2.828427,3.605551,5.0,7.0,8.062258,10.198039,12.369317,14.56022,15.524175,16.492423,17.464249,17.720045,17.464249,14.56022
20260626_161418,2026-06-26T16:14:23.964978+09:00,skeleton,RX3,14.21267,13.038405,10.77033,10.198039,10.0,10.198039,10.440307,11.7047,11.7047,12.083046,12.649111,12.649111,12.649111,12.649111,13.601471,12.649111,12.649111,11.7047,9.848858,9.433981,7.81025,7.211103,6.324555,7.0,7.28011,7.615773,13.341664,16.278821,19.235384,21.023796,23.0,22.022716,21.095023,19.235384,16.492423,14.317821,10.440307,8.246211,6.082763,4.123106,4.472136,5.0,6.708204,8.944272,10.29563,13.038405,14.422205,16.401219,17.804494,18.439089,18.439089,17.029386
20260626_161418,2026-06-26T16:14:23.995218+09:00,skeleton,RX1,27.018512,24.020824,22.022716,18.0,13.0,9.055385,4.123106,1.0,3.162278,6.082763,8.0,10.0,12.0,14.0,15.0,16.03122,16.03122,16.124515,14.035669,12.165525,10.049876,7.071068,4.0,1.414214,2.828427,4.472136,6.324555,3.162278,1.414214,5.830952,9.848858,13.928388,17.720045,19.646883,21.587033,21.587033,21.377558,20.396078,17.262677,15.297059,12.369317,9.486833,6.324555,2.828427,2.236068,5.09902,9.055385,14.0,18.0,22.022716,25.019992,27.018512
20260626_161418,2026-06-26T16:14:24.025802+09:00,skeleton,RX2,8.544004,4.472136,1.0,5.0,8.602325,12.529964,14.764823,16.552945,17.464249,18.384776,18.027756,18.027756,16.763055,15.524175,14.142136,11.045361,9.0,5.385165,4.472136,6.708204,10.630146,13.453624,16.401219,18.601075,19.416488,19.416488,11.7047,12.165525,13.0,13.152946,13.601471,13.416408,12.206556,10.630146,9.219544,6.708204,5.09902,3.0,2.828427,3.162278,5.0,6.324555,7.615773,9.848858,11.18034,13.416408,15.652476,16.552945,17.464249,17.888544,16.552945,14.317821
20260626_161418,2026-06-26T16:14:24.054855+09:00,skeleton,RX3,14.21267,13.038405,12.083046,10.198039,10.0,10.049876,11.401754,11.401754,11.401754,12.649111,12.649111,12.649111,13.601471,13.341664,13.341664,12.369317,12.369317,11.7047,10.77033,9.433981,7.81025,7.211103,6.324555,7.0,7.28011,8.544004,13.152946,17.117243,19.104973,22.022716,23.021729,22.090722,21.213203,19.416488,16.492423,14.56022,11.7047,8.544004,6.082763,5.09902,3.605551,5.0,7.211103,8.944272,10.816654,13.038405,15.811388,16.401219,18.439089,19.104973,18.384776,17.691806
20260626_161418,2026-06-26T16:14:24.084924+09:00,skeleton,RX1,5.0,8.602325,12.206556,15.811388,16.401219,17.204651,17.204651,15.811388,15.264338,14.422205,13.038405,10.816654,8.062258,6.708204,4.123106,1.414214,2.236068,5.0,8.062258,10.0,12.206556,13.038405,13.892444,13.416408,13.416408,10.77033,16.0,19.026298,19.104973,20.223748,19.235384,17.262677,14.317821,11.18034,7.071068,3.0,1.0,4.242641,7.81025,10.0,12.206556,14.422205,16.124515,17.492856,18.867962,18.35756,18.35756,17.0,15.652476,12.529964,8.944272,4.123106
20260626_161418,2026-06-26T16:14:24.114949+09:00,skeleton,RX2,20.099751,21.213203,21.095023,20.099751,19.026298,16.03122,13.0,10.049876,7.28011,3.605551,3.0,4.242641,6.708204,10.440307,13.341664,16.278821,18.11077,20.099751,20.099751,20.024984,19.026298,17.0,14.0,10.049876,7.071068,3.162278,7.81025,7.81025,7.28011,7.0,6.708204,7.81025,8.062258,9.219544,10.049876,10.049876,10.198039,10.440307,9.486833,9.848858,8.944272,8.944272,8.062258,6.708204,5.830952,3.605551,1.414214,2.236068,5.0,8.0,12.041595,15.132746
20260626_161418,2026-06-26T16:14:24.145313+09:00,skeleton,RX3,13.892444,12.206556,11.313708,10.29563,9.848858,10.198039,10.049876,11.045361,12.041595,12.041595,12.041595,12.041595,12.041595,13.152946,13.152946,13.152946,13.038405,12.0,11.0,9.219544,8.544004,7.211103,7.81025,7.615773,8.246211,9.055385,13.0,16.03122,19.026298,20.223748,21.587033,21.84033,21.18962,18.788294,17.0,13.892444,11.661904,8.602325,5.830952,4.123106,4.123106,5.0,6.403124,8.485281,9.899495,12.041595,14.21267,15.811388,17.492856,18.35756,17.888544,17.0
20260626_161418,2026-06-26T16:14:24.175094+09:00,skeleton,RX1,25.079872,24.166092,21.023796,16.552945,12.529964,8.544004,3.162278,2.828427,6.708204,8.944272,11.18034,13.416408,14.764823,16.124515,16.124515,17.0,16.124515,14.422205,13.038405,10.816654,7.81025,4.472136,1.414214,2.0,4.123106,5.09902,2.0,2.0,6.082763,10.0,15.033296,18.11077,20.223748,21.213203,22.36068,21.587033,20.396078,18.439089,16.278821,13.152946,10.198039,8.062258,4.123106,2.236068,5.656854,9.433981,13.416408,17.464249,21.931712,23.769729,26.0
20260626_161418,2026-06-26T16:14:24.204994+09:00,skeleton,RX2,19.697716,20.615528,21.023796,19.697716,18.384776,15.811388,12.649111,10.198039,7.0,4.123106,2.236068,4.472136,7.071068,10.816654,12.529964,15.652476,18.384776,20.615528,20.248457,20.248457,18.973666,16.763055,13.601471,10.440307,7.071068,3.0,8.062258,7.28011,7.0,6.708204,7.071068,7.615773,8.062258,9.055385,9.486833,10.29563,10.816654,10.630146,10.630146,9.899495,9.219544,8.485281,7.81025,6.403124,5.656854,3.605551,2.0,2.0,4.123106,7.615773,11.7047,15.231546
20260626_161418,2026-06-26T16:14:24.235075+09:00,skeleton,RX3,19.849433,20.615528,20.615528,20.0,18.601075,18.027756,15.264338,13.892444,11.661904,10.816654,9.219544,8.485281,8.602325,8.944272,10.440307,12.165525,13.152946,15.033296,17.0,18.0,19.0,19.0,19.0,18.0,16.0,14.0,17.088007,15.524175,12.369317,9.486833,5.830952,4.123106,6.708204,9.433981,12.206556,13.892444,15.652476,16.155494,15.811388,16.278821,16.03122,16.03122,15.132746,14.317821,13.341664,12.369317,11.18034,10.0,10.198039,12.083046,13.892444,15.620499
20260626_161418,2026-06-26T16:14:24.277724+09:00,skeleton,RX1,5.09902,9.848858,13.0,15.231546,17.464249,17.464249,17.888544,17.0,16.552945,15.231546,13.416408,11.661904,9.433981,7.211103,5.0,1.414214,2.0,4.123106,7.071068,10.198039,12.165525,13.341664,14.142136,13.152946,12.041595,11.0,17.029386,19.104973,20.518285,19.79899,19.79899,17.691806,15.620499,11.401754,7.81025,3.605551,1.414214,4.123106,6.708204,8.944272,11.18034,14.317821,15.652476,17.0,17.0,18.35756,18.35756,16.643317,15.264338,11.661904,8.602325,4.242641
20260626_161418,2026-06-26T16:14:24.295107+09:00,skeleton,RX2,11.18034,5.385165,1.414214,6.082763,12.0,16.03122,19.104973,22.090722,24.186773,24.33105,24.33105,23.537205,22.561028,20.880613,19.313208,15.231546,11.661904,7.81025,5.09902,8.062258,12.369317,17.117243,21.023796,24.020824,25.0,25.0,14.142136,15.811388,17.464249,18.681542,18.248288,18.0,16.124515,14.56022,12.083046,9.433981,7.071068,5.830952,4.0,4.242641,5.830952,7.28011,10.198039,12.165525,15.033296,17.117243,20.099751,22.203603,23.086793,23.086793,22.090722,20.099751
20260626_161418,2026-06-26T16:14:24.325312+09:00,skeleton,RX3,19.209373,20.615528,20.0,20.248457,18.867962,17.492856,14.764823,12.529964,11.661904,9.433981,8.602325,7.81025,8.062258,8.544004,10.198039,11.045361,14.0,15.0,17.029386,18.027756,19.026298,20.024984,19.026298,18.027756,16.03122,14.035669,18.027756,15.0,13.0,9.0,5.09902,2.236068,5.385165,8.062258,11.18034,13.416408,14.866069,15.524175,15.132746,16.0,15.033296,15.297059,13.601471,13.928388,12.083046,10.77033,10.440307,9.055385,9.055385,10.77033,13.038405,15.0
20260626_161418,2026-06-26T16:14:24.364993+09:00,skeleton,RX1,5.385165,9.848858,13.0,15.231546,17.464249,18.384776,17.888544,17.0,16.552945,14.764823,13.416408,11.661904,9.433981,7.211103,4.472136,1.414214,2.0,5.09902,7.28011,10.198039,12.165525,13.341664,14.317821,14.035669,13.038405,11.0,16.401219,19.209373,19.849433,20.518285,19.104973,18.384776,14.866069,12.041595,7.071068,3.605551,4.123106,6.708204,9.848858,12.529964,14.317821,15.652476,17.0,18.35756,18.35756,18.35756,17.204651,15.264338,12.206556,8.602325,4.242641
20260626_161418,2026-06-26T16:14:24.385028+09:00,skeleton,RX2,9.486833,4.0,2.0,6.403124,10.816654,13.892444,17.888544,18.788294,21.023796,21.540659,21.540659,21.18962,19.924859,18.681542,16.278821,13.152946,10.0,6.324555,3.605551,5.830952,10.630146,14.422205,18.867962,20.59126,21.470911,21.470911,12.649111,14.142136,15.033296,16.278821,17.088007,15.652476,15.0,14.142136,11.401754,9.433981,7.28011,5.0,4.472136,3.605551,5.0,7.0,8.246211,11.401754,12.649111,14.866069,17.088007,18.973666,20.248457,20.248457,18.973666,16.763055
20260626_161418,2026-06-26T16:14:24.415166+09:00,skeleton,RX3,20.615528,22.022716,21.260292,21.213203,19.79899,17.691806,16.278821,14.21267,12.806248,11.313708,10.630146,9.433981,9.848858,10.440307,11.18034,13.152946,15.033296,16.0,18.0,19.026298,20.024984,20.024984,20.024984,19.026298,17.0,15.0,16.401219,14.422205,12.206556,9.219544,5.830952,4.123106,6.403124,9.219544,12.041595,14.142136,14.866069,16.401219,16.643317,16.552945,15.811388,15.297059,15.132746,14.035669,13.0,12.0,11.045361,11.401754,11.18034,12.806248,14.142136,17.029386
20260626_161418,2026-06-26T16:14:24.446718+09:00,skeleton,RX1,26.400758,24.207437,21.400935,16.401219,12.806248,8.602325,4.242641,3.162278,6.403124,8.602325,10.816654,12.806248,15.0,15.811388,16.643317,17.204651,16.643317,15.264338,12.529964,10.29563,8.062258,4.472136,1.0,2.236068,4.0,5.385165,2.236068,2.236068,6.708204,11.18034,15.264338,18.027756,20.248457,22.203603,22.203603,21.400935,20.615528,17.804494,15.620499,13.601471,10.816654,7.211103,4.123106,2.236068,5.385165,9.433981,13.601471,17.804494,22.022716,25.495098,27.018512
20260626_161418,2026-06-26T16:14:24.476401+09:00,skeleton,RX2,19.697716,20.615528,20.615528,19.313208,17.088007,14.866069,12.649111,8.246211,6.082763,2.236068,2.0,5.0,8.062258,11.18034,14.317821,16.155494,18.973666,20.248457,20.880613,20.880613,19.646883,17.464249,14.317821,11.045361,8.0,4.472136,8.062258,8.246211,8.0,8.246211,8.602325,8.602325,9.486833,10.049876,10.049876,11.18034,11.401754,10.77033,10.29563,10.29563,9.433981,8.944272,8.062258,6.708204,5.830952,3.162278,1.0,1.0,4.472136,7.615773,11.18034,14.317821
20260626_161418,2026-06-26T16:14:24.505108+09:00,skeleton,RX3,13.601471,12.529964,11.7047,10.049876,11.045361,11.18034,11.401754,12.649111,12.649111,12.649111,13.601471,13.601471,13.341664,13.341664,13.341664,13.341664,12.369317,12.649111,10.77033,9.433981,9.219544,8.602325,7.615773,8.062258,8.062258,9.219544,13.0,16.155494,17.720045,20.615528,21.377558,21.213203,20.024984,18.0,16.03122,13.152946,10.049876,8.062258,6.0,4.123106,4.242641,5.830952,7.615773,9.486833,12.083046,13.416408,15.264338,16.643317,17.804494,18.439089,18.439089,17.029386
20260626_161418,2026-06-26T16:14:24.534874+09:00,skeleton,RX1,27.202941,24.738634,21.84033,16.763055,12.649111,8.544004,4.472136,2.0,3.162278,6.0,8.062258,11.045361,12.041595,14.142136,15.132746,16.124515,16.124515,16.03122,15.033296,13.0,10.0,7.071068,4.123106,1.0,2.236068,4.123106,6.403124,2.236068,1.414214,5.830952,10.0,13.601471,16.643317,19.723083,21.470911,21.470911,21.023796,19.697716,17.888544,15.231546,12.083046,8.944272,5.830952,2.828427,2.236068,6.0,10.198039,14.317821,18.973666,22.803509,25.0,27.202941
20260626_161418,2026-06-26T16:14:24.565178+09:00,skeleton,RX2,6.708204,3.0,2.236068,6.403124,9.899495,12.727922,15.620499,17.029386,17.804494,18.027756,18.027756,17.492856,17.0,15.652476,13.416408,11.7047,8.246211,5.09902,3.605551,6.082763,9.433981,12.806248,14.866069,16.970563,17.691806,17.691806,11.18034,12.041595,13.341664,14.317821,13.892444,14.21267,12.041595,10.816654,9.848858,7.28011,6.0,5.09902,2.828427,3.162278,5.09902,5.385165,8.062258,9.433981,11.661904,13.038405,14.422205,15.811388,16.643317,16.643317,15.264338,13.892444
20260626_161418,2026-06-26T16:14:24.594908+09:00,skeleton,RX3,13.892444,12.083046,10.198039,10.0,9.219544,9.486833,9.848858,11.18034,11.661904,12.529964,12.529964,12.529964,12.529964,13.416408,13.416408,12.529964,12.529964,11.661904,10.0,9.219544,7.211103,6.324555,6.0,7.28011,7.211103,8.602325,12.649111,16.492423,19.416488,21.377558,22.203603,21.023796,21.0,19.026298,16.124515,14.142136,11.18034,8.062258,6.0,4.472136,4.242641,5.830952,6.324555,9.486833,11.7047,13.928388,15.652476,17.0,18.027756,18.867962,18.027756,16.643317
20260626_161418,2026-06-26T16:14:24.630217+09:00,skeleton,RX1,26.627054,24.413111,20.808652,18.027756,13.038405,8.062258,4.472136,1.0,3.162278,5.0,8.485281,9.899495,12.041595,13.453624,14.866069,15.620499,16.278821,15.556349,14.866069,12.727922,10.630146,6.403124,3.605551,1.0,2.236068,4.472136,6.0,2.0,2.0,6.082763,10.198039,14.317821,17.464249,19.646883,20.880613,21.18962,21.18962,19.313208,17.088007,14.866069,11.7047,9.486833,6.082763,3.162278,2.0,5.656854,10.0,14.422205,18.867962,22.472205,25.238859,27.45906
20260626_161418,2026-06-26T16:14:24.654888+09:00,skeleton,RX2,18.867962,20.248457,19.723083,19.723083,17.0,14.764823,12.083046,8.544004,6.082763,3.162278,3.0,5.0,8.485281,10.630146,14.21267,16.643317,18.867962,20.248457,21.095023,20.59126,19.235384,17.464249,15.231546,10.77033,8.246211,4.0,7.615773,8.0,8.246211,7.211103,8.602325,8.246211,10.0,10.198039,10.77033,11.661904,11.401754,12.041595,11.313708,10.630146,9.899495,9.219544,8.485281,7.81025,6.403124,3.605551,2.236068,1.0,4.472136,8.062258,10.816654,14.764823
20260626_161418,2026-06-26T16:14:24.684737+09:00,skeleton,RX3,20.396078,20.615528,20.880613,20.880613,19.313208,17.464249,15.231546,13.416408,11.18034,9.486833,9.219544,8.062258,8.062258,8.544004,9.848858,11.661904,13.601471,15.620499,17.029386,18.439089,19.104973,19.104973,19.104973,17.691806,16.278821,13.453624,16.970563,14.866069,12.041595,8.485281,5.830952,4.123106,6.403124,8.944272,11.18034,13.892444,15.264338,15.620499,15.556349,15.620499,15.264338,15.652476,14.866069,13.601471,12.369317,11.401754,10.440307,9.433981,9.219544,11.18034,12.649111,16.492423
20260626_161418,2026-06-26T16:14:24.715838+09:00,skeleton,RX1,25.079872,22.847319,19.313208,15.652476,10.77033,6.708204,2.828427,1.414214,4.0,7.28011,9.486833,11.401754,12.649111,14.56022,15.811388,16.763055,17.720045,16.763055,15.811388,13.601471,11.401754,9.219544,5.09902,2.236068,1.414214,3.162278,4.472136,1.0,2.828427,7.071068,12.041595,14.866069,18.384776,21.213203,22.671568,23.430749,21.400935,21.400935,18.601075,15.811388,13.601471,10.630146,7.071068,3.605551,1.0,5.09902,9.486833,13.416408,17.888544,21.931712,25.079872,25.495098
20260626_161418,2026-06-26T16:14:24.745017+09:00,skeleton,RX2,7.211103,3.162278,2.236068,5.830952,10.0,13.453624,15.556349,17.691806,18.439089,18.439089,19.209373,18.601075,17.204651,16.124515,13.416408,12.083046,8.246211,6.082763,4.242641,6.082763,8.944272,12.206556,14.866069,16.278821,17.691806,16.970563,11.18034,12.649111,14.764823,15.0,15.556349,15.0,13.416408,11.7047,10.198039,8.0,6.082763,5.0,4.472136,4.0,5.385165,7.211103,8.602325,10.630146,12.041595,14.142136,14.866069,16.278821,17.029386,17.029386,15.620499,12.806248
20260626_161418,2026-06-26T16:14:24.776226+09:00,skeleton,RX3,13.928388,12.083046,10.816654,9.219544,9.433981,9.848858,10.440307,11.401754,11.18034,12.369317,12.369317,12.649111,12.649111,13.601471,13.601471,13.601471,12.649111,12.369317,11.18034,10.049876,8.062258,7.615773,7.071068,7.211103,8.544004,9.219544,12.369317,15.524175,18.973666,20.248457,21.023796,21.470911,20.248457,18.601075,15.620499,13.453624,11.313708,8.485281,6.403124,4.472136,4.0,5.385165,6.708204,8.602325,10.29563,12.529964,15.231546,16.155494,18.027756,18.681542,17.720045,17.720045
20260626_161418,2026-06-26T16:14:24.804988+09:00,skeleton,RX1,6.0,10.198039,13.341664,15.297059,17.464249,18.439089,17.464249,16.492423,15.297059,14.317821,12.369317,10.440307,8.544004,6.324555,4.472136,2.236068,2.828427,4.472136,7.28011,9.219544,11.401754,13.152946,13.341664,13.601471,12.649111,11.18034,17.464249,18.788294,20.124612,20.59126,19.723083,17.204651,14.422205,10.816654,7.211103,3.162278,1.414214,4.472136,8.062258,10.29563,12.529964,14.764823,16.124515,17.492856,18.35756,18.35756,18.35756,17.492856,15.264338,11.661904,8.602325,4.242641
20260626_161418,2026-06-26T16:14:24.835140+09:00,skeleton,RX2,5.830952,2.0,2.236068,6.403124,10.0,13.038405,15.652476,16.552945,17.464249,18.384776,18.027756,17.720045,16.492423,15.297059,13.152946,11.045361,8.0,5.385165,3.162278,5.0,8.062258,12.083046,14.866069,15.524175,16.492423,16.278821,13.0,13.038405,14.866069,16.278821,15.811388,14.764823,13.928388,12.165525,10.0,8.062258,6.324555,5.0,4.123106,5.09902,6.324555,7.211103,8.602325,10.630146,12.041595,14.21267,15.0,16.401219,16.401219,15.811388,15.264338,13.038405
20260626_161418,2026-06-26T16:14:24.865301+09:00,skeleton,RX3,12.806248,11.661904,9.848858,9.219544,9.0,9.219544,10.440307,10.77033,11.7047,11.7047,12.649111,12.649111,13.601471,13.601471,13.601471,13.341664,13.601471,12.649111,10.77033,10.29563,9.219544,7.81025,7.28011,8.0,8.246211,9.486833,11.18034,14.317821,17.117243,18.027756,20.0,19.026298,19.104973,17.262677,14.56022,12.649111,9.848858,7.615773,5.385165,4.123106,3.162278,3.605551,5.830952,8.062258,9.433981,11.661904,13.601471,15.620499,17.029386,17.691806,16.970563,16.970563
20260626_161418,2026-06-26T16:14:24.895170+09:00,skeleton,RX1,27.730849,25.079872,21.540659,17.464249,13.0,8.944272,5.0,2.0,3.162278,6.082763,8.0,10.049876,12.0,14.035669,14.035669,15.033296,15.033296,15.033296,14.0,12.0,10.0,7.0,4.0,1.0,2.236068,3.605551,5.09902,2.0,2.828427,7.211103,10.816654,14.422205,18.027756,20.0,22.022716,22.671568,21.931712,20.518285,18.384776,15.556349,12.727922,9.899495,6.403124,3.162278,2.0,6.324555,10.77033,15.652476,19.235384,23.259407,26.832816,28.178006
20260626_161418,2026-06-26T16:14:24.924862+09:00,skeleton,RX2,20.223748,21.213203,21.095023,20.024984,18.0,15.033296,13.152946,9.219544,6.324555,3.162278,1.0,3.0,6.324555,8.544004,12.083046,13.892444,17.204651,18.601075,19.209373,19.104973,18.384776,16.278821,12.806248,10.0,6.708204,3.162278,9.219544,8.602325,9.486833,9.0,10.198039,11.18034,12.041595,12.806248,13.038405,13.892444,13.0,13.0,11.7047,10.77033,9.486833,9.486833,8.246211,6.082763,5.0,3.162278,2.828427,5.0,7.071068,10.198039,13.341664,16.492423
20260626_161418,2026-06-26T16:14:24.955271+09:00,skeleton,RX3,18.681542,19.924859,20.880613,20.248457,18.973666,17.088007,15.231546,13.928388,12.083046,9.848858,8.246211,8.062258,8.062258,8.544004,9.433981,11.401754,13.453624,15.556349,17.691806,19.104973,20.518285,20.518285,21.213203,19.79899,18.384776,16.278821,16.643317,14.764823,12.083046,8.944272,5.830952,2.236068,3.605551,6.708204,8.944272,11.661904,12.806248,14.142136,14.21267,14.422205,14.764823,14.866069,13.601471,13.341664,13.152946,12.165525,11.18034,10.440307,9.433981,10.630146,12.529964,13.928388
20260626_161418,2026-06-26T16:14:24.985661+09:00,skeleton,RX1,27.294688,25.553865,21.095023,18.35756,13.416408,9.433981,4.472136,2.236068,3.162278,5.830952,7.81025,10.0,11.401754,12.806248,14.866069,14.866069,15.620499,15.0,14.422205,12.206556,9.433981,7.211103,3.605551,1.414214,2.0,4.0,5.830952,1.414214,3.0,7.071068,11.18034,15.132746,19.104973,21.023796,22.022716,22.0,22.0,20.024984,18.027756,15.033296,12.0,10.0,7.071068,3.162278,3.0,6.403124,10.816654,14.764823,19.697716,23.259407,26.400758,29.068884
20260626_161418,2026-06-26T16:14:25.014834+09:00,skeleton,RX2,9.219544,4.472136,3.0,6.403124,10.0,13.601471,16.401219,18.439089,19.79899,20.518285,20.615528,20.808652,19.723083,18.788294,16.155494,13.601471,11.18034,7.0,2.236068,2.828427,7.615773,12.369317,15.132746,18.027756,19.0,20.024984,15.811388,17.888544,18.973666,19.646883,18.248288,17.029386,15.033296,13.341664,12.083046,10.0,8.602325,8.544004,8.0,9.055385,10.440307,11.7047,13.928388,14.866069,17.088007,18.027756,19.646883,20.615528,20.396078,20.396078,19.235384,16.124515
20260626_161418,2026-06-26T16:14:25.045887+09:00,skeleton,RX3,19.235384,21.213203,22.203603,21.213203,20.099751,19.104973,17.029386,15.033296,13.038405,11.045361,10.198039,8.544004,8.062258,8.485281,9.433981,11.7047,13.601471,16.278821,18.248288,20.223748,21.213203,22.203603,21.377558,20.396078,19.416488,16.492423,16.401219,14.422205,11.661904,8.062258,4.242641,1.0,4.123106,7.071068,10.198039,12.369317,13.928388,14.764823,15.264338,15.620499,15.556349,15.620499,14.422205,13.892444,13.416408,12.529964,10.816654,10.0,10.0,10.440307,12.165525,15.0
20260626_161418,2026-06-26T16:14:25.075030+09:00,skeleton,RX1,6.324555,9.486833,13.341664,15.297059,16.492423,17.464249,17.464249,16.492423,14.317821,13.341664,11.18034,10.198039,8.246211,6.082763,4.0,2.0,2.236068,3.605551,5.830952,8.062258,9.433981,11.401754,11.401754,12.041595,10.630146,9.219544,15.620499,17.029386,18.439089,18.384776,17.691806,15.620499,13.453624,10.0,6.403124,2.236068,1.0,5.09902,7.28011,10.440307,12.369317,14.56022,15.524175,16.763055,18.681542,18.681542,17.720045,16.763055,14.56022,11.401754,8.544004,4.242641
20260626_161418,2026-06-26T16:14:25.105834+09:00,skeleton,RX2,19.0,20.0,19.026298,19.104973,17.262677,14.317821,11.401754,8.544004,6.324555,3.605551,3.162278,5.830952,8.602325,12.041595,14.142136,17.029386,18.601075,20.248457,19.723083,19.235384,18.788294,16.155494,13.601471,10.440307,7.071068,10.630146,11.18034,10.198039,11.045361,11.7047,12.529964,13.601471,13.453624,13.453624,13.038405,12.529964,12.529964,11.18034,9.848858,8.944272,8.062258,6.708204,5.385165,4.123106,3.0,2.236068,4.123106,6.0,9.055385,12.041595,14.035669
20260626_161418,2026-06-26T16:14:25.135294+09:00,skeleton,RX3,14.422205,13.416408,10.440307,9.0,8.246211,8.602325,9.899495,10.630146,11.401754,13.038405,13.038405,13.601471,14.422205,15.0,14.422205,14.422205,14.422205,13.038405,10.29563,8.944272,6.324555,4.0,2.828427,4.123106,6.082763,8.246211,13.928388,17.464249,21.023796,22.36068,24.186773,23.323808,22.203603,20.0,17.691806,14.866069,11.313708,9.219544,5.656854,4.472136,3.162278,3.605551,6.708204,8.944272,11.18034,13.892444,16.643317,18.027756,20.0,20.615528,20.615528,19.209373
20260626_161418,2026-06-26T16:14:25.164911+09:00,skeleton,RX1,29.068884,26.400758,22.847319,17.888544,14.317821,9.433981,5.0,2.0,3.162278,6.082763,8.0,11.0,12.0,14.035669,15.033296,15.033296,16.03122,15.033296,14.035669,12.0,10.0,7.071068,4.0,2.0,1.414214,3.162278,5.09902,1.0,2.828427,7.211103,11.661904,16.124515,19.416488,22.203603,22.803509,23.430749,22.671568,20.518285,18.384776,15.556349,12.727922,9.899495,6.403124,3.0,3.0,7.28011,12.083046,16.552945,20.59126,25.059928,28.178006,30.413813
20260626_161418,2026-06-26T16:14:25.195487+09:00,skeleton,RX2,8.944272,5.385165,2.828427,6.082763,9.055385,12.165525,14.317821,17.117243,18.027756,18.0,19.026298,19.104973,18.248288,17.720045,16.155494,14.764823,12.206556,8.485281,5.385165,3.605551,7.071068,10.440307,13.928388,16.124515,18.027756,18.601075,15.811388,17.888544,18.867962,19.209373,17.691806,17.029386,15.264338,13.928388,11.401754,10.0,9.219544,8.944272,9.219544,9.219544,10.29563,11.661904,12.529964,14.317821,15.652476,17.0,18.35756,18.867962,18.867962,18.867962,17.204651,15.811388
20260626_161418,2026-06-26T16:14:25.224889+09:00,skeleton,RX3,14.21267,12.041595,10.0,8.544004,7.071068,7.28011,8.544004,9.433981,10.0,11.401754,12.206556,12.806248,12.806248,13.601471,13.601471,13.601471,13.601471,12.041595,11.313708,9.219544,6.708204,5.09902,4.472136,5.0,6.324555,8.246211,12.529964,16.124515,18.867962,20.0,22.022716,21.931712,20.518285,19.209373,16.401219,14.422205,11.661904,8.944272,6.708204,3.605551,2.236068,3.162278,5.0,7.071068,9.219544,11.313708,13.453624,15.620499,17.804494,18.601075,18.601075,18.601075
20260626_161418,2026-06-26T16:14:25.254786+09:00,skeleton,RX1,25.059928,22.825424,19.235384,15.652476,11.18034,8.062258,3.605551,1.0,3.0,6.082763,8.246211,9.219544,11.401754,12.649111,13.601471,14.56022,14.56022,14.317821,13.341664,11.18034,9.219544,7.28011,4.123106,1.414214,1.414214,4.472136,4.123106,4.123106,7.615773,12.083046,15.652476,18.867962,20.248457,21.400935,21.400935,21.260292,19.104973,17.029386,14.21267,11.401754,9.433981,5.830952,3.0,3.162278,6.082763,9.848858,14.317821,18.35756,21.954498,24.186773,25.942244
20260626_161418,2026-06-26T16:14:25.285085+09:00,skeleton,RX2,6.708204,3.162278,1.0,5.0,8.485281,12.041595,14.21267,15.556349,16.970563,18.439089,18.439089,18.601075,17.204651,16.643317,15.652476,13.0,10.440307,8.062258,5.09902,3.162278,5.830952,8.485281,11.401754,13.892444,15.652476,16.155494,15.033296,15.033296,16.278821,16.763055,15.652476,15.264338,12.806248,11.401754,8.944272,8.246211,7.0,6.324555,6.403124,7.071068,8.062258,8.944272,9.848858,12.083046,13.0,13.928388,15.231546,16.552945,16.552945,16.552945,14.764823,13.416408
20260626_161418,2026-06-26T16:14:25.314987+09:00,skeleton,RX3,12.529964,8.544004,6.0,5.385165,5.830952,7.28011,9.055385,10.049876,11.045361,12.041595,13.038405,13.038405,13.038405,13.038405,13.038405,12.041595,12.041595,10.0,8.062258,6.324555,4.242641,3.0,4.472136,7.071068,8.602325,9.433981,14.866069,18.439089,21.260292,22.803509,24.207437,23.600847,21.633308,19.723083,16.124515,13.892444,11.18034,7.615773,4.472136,1.414214,1.414214,3.605551,6.324555,8.544004,11.18034,13.416408,15.264338,17.492856,18.027756,18.867962,18.027756,17.204651
20260626_161418,2026-06-26T16:14:25.345059+09:00,skeleton,RX1,29.832868,26.248809,22.671568,18.439089,13.453624,9.219544,4.472136,2.236068,4.123106,6.708204,9.433981,11.18034,13.038405,14.422205,15.264338,16.124515,16.124515,16.124515,13.892444,12.529964,9.433981,6.708204,3.605551,1.0,2.0,4.0,5.0,1.0,4.0,8.0,13.038405,17.117243,20.223748,23.345235,24.738634,23.769729,23.086793,21.18962,18.384776,16.155494,12.649111,10.440307,6.082763,3.162278,3.162278,7.81025,12.041595,17.029386,21.400935,24.839485,27.802878,30.610456
20260626_161418,2026-06-26T16:14:25.375356+09:00,skeleton,RX2,7.615773,5.0,4.242641,6.082763,9.0,12.041595,14.035669,15.0,16.03122,17.117243,17.262677,16.492423,16.763055,15.231546,13.892444,11.661904,10.0,6.403124,3.162278,2.236068,5.09902,8.062258,11.401754,13.453624,14.21267,15.0,14.317821,15.264338,16.401219,16.278821,14.866069,13.601471,12.529964,10.440307,9.055385,8.062258,7.615773,7.81025,7.81025,8.602325,10.29563,11.18034,12.529964,13.416408,14.764823,16.124515,17.492856,17.492856,18.027756,16.643317,15.811388,13.601471
20260626_161418,2026-06-26T16:14:25.405416+09:00,skeleton,RX3,22.203603,23.345235,22.36068,21.587033,19.646883,16.763055,14.56022,11.401754,9.219544,8.062258,7.071068,6.708204,7.071068,9.219544,10.816654,13.038405,14.764823,16.124515,17.492856,17.888544,18.35756,17.0,16.124515,13.892444,11.661904,9.433981,16.763055,13.928388,10.77033,7.211103,4.123106,6.403124,10.630146,14.21267,17.029386,18.384776,19.104973,19.209373,18.027756,17.888544,17.088007,16.492423,14.317821,13.152946,12.165525,10.198039,8.944272,7.81025,8.944272,12.369317,15.297059,18.11077
20260626_161418,2026-06-26T16:14:25.435246+09:00,skeleton,RX1,25.806976,24.413111,21.633308,15.811388,12.806248,8.602325,4.242641,1.0,3.0,5.385165,7.615773,9.848858,12.083046,13.0,14.317821,14.317821,15.231546,14.317821,13.0,11.7047,8.544004,6.324555,3.162278,2.0,4.0,5.385165,1.0,2.236068,6.708204,10.816654,14.422205,18.027756,20.808652,21.400935,22.022716,21.260292,19.849433,17.691806,14.866069,12.041595,9.219544,5.0,2.236068,3.0,6.708204,10.816654,15.264338,19.416488,23.021729,25.806976,27.202941
20260626_161418,2026-06-26T16:14:25.465201+09:00,skeleton,RX2,17.492856,18.35756,18.788294,18.384776,16.155494,14.866069,11.401754,9.219544,6.082763,3.162278,1.414214,3.162278,5.385165,8.944272,11.661904,13.892444,17.204651,18.601075,19.849433,20.518285,19.849433,19.209373,17.204651,14.422205,11.661904,8.062258,10.198039,10.77033,10.816654,11.313708,11.661904,11.7047,12.165525,12.041595,12.041595,11.18034,11.18034,10.440307,9.486833,8.544004,8.246211,7.615773,6.324555,5.385165,4.472136,4.242641,4.123106,4.123106,6.324555,8.944272,11.661904,13.892444
20260626_161418,2026-06-26T16:14:25.496846+09:00,skeleton,RX3,21.540659,22.135944,21.84033,20.615528,18.439089,15.297059,13.152946,11.18034,9.486833,8.544004,8.062258,7.81025,9.219544,10.630146,11.401754,13.601471,15.0,16.643317,17.204651,17.204651,17.204651,17.204651,17.204651,15.811388,13.601471,12.206556,15.652476,13.416408,11.18034,8.602325,6.708204,7.0,8.544004,11.18034,13.0,15.231546,15.811388,16.278821,15.132746,15.0,15.132746,14.317821,12.649111,11.7047,10.77033,10.440307,10.049876,10.049876,11.401754,13.928388,16.552945,19.697716
20260626_161418,2026-06-26T16:14:25.525448+09:00,skeleton,RX1,25.806976,23.600847,20.808652,16.401219,12.206556,7.211103,3.162278,1.0,3.605551,7.071068,8.485281,11.313708,12.041595,14.142136,14.866069,15.556349,15.556349,14.866069,14.142136,11.313708,9.219544,6.403124,4.472136,2.0,2.236068,4.123106,4.0,4.0,8.0,13.038405,16.124515,19.235384,21.587033,22.803509,23.769729,22.135944,19.924859,18.027756,15.811388,13.341664,9.219544,6.082763,3.162278,3.0,6.403124,10.630146,15.0,19.416488,23.021729,26.07681,26.627054
20260626_161418,2026-06-26T16:14:25.555191+09:00,skeleton,RX2,18.027756,19.924859,19.646883,18.248288,17.117243,15.033296,12.0,9.0,6.0,3.162278,2.0,4.242641,6.403124,10.630146,13.453624,15.556349,18.384776,20.518285,21.260292,21.400935,20.808652,18.867962,16.124515,12.529964,8.944272,5.830952,8.944272,9.486833,9.055385,9.055385,8.544004,8.602325,8.602325,8.944272,9.486833,9.219544,9.055385,9.0,9.0,8.0,8.0,7.071068,6.082763,5.09902,4.123106,3.605551,3.162278,4.0,6.324555,8.544004,12.083046,14.317821
20260626_161418,2026-06-26T16:14:25.585126+09:00,skeleton,RX3,13.152946,11.0,9.219544,8.944272,8.485281,10.0,10.29563,11.18034,11.18034,12.529964,12.529964,12.529964,13.038405,13.038405,13.038405,12.206556,11.661904,10.29563,9.848858,8.544004,7.071068,5.09902,5.0,5.830952,7.28011,7.28011,13.928388,17.088007,20.248457,21.84033,22.803509,22.36068,21.213203,19.104973,16.03122,13.0,11.0,8.0,5.09902,3.605551,4.472136,5.09902,7.071068,9.055385,11.045361,13.152946,15.297059,17.464249,18.681542,18.973666,18.973666,17.720045
20260626_161418,2026-06-26T16:14:25.615303+09:00,skeleton,RX1,6.403124,9.899495,12.727922,15.620499,16.278821,17.029386,17.029386,15.620499,15.620499,14.21267,12.041595,10.0,7.81025,6.403124,3.605551,2.236068,5.656854,7.81025,10.630146,12.041595,13.601471,13.601471,13.416408,12.529964,11.18034,16.492423,18.248288,19.235384,18.11077,18.027756,16.0,13.0,9.0,5.0,1.0,3.162278,6.324555,9.486833,11.7047,13.928388,16.763055,16.763055,19.924859,18.973666,20.248457,18.973666,17.720045,16.492423,12.369317,9.055385,4.123106
20260626_161418,2026-06-26T16:14:25.645057+09:00,skeleton,RX2,20.223748,21.213203,21.095023,19.026298,17.0,15.0,12.0,9.0,6.082763,3.605551,3.0,5.385165,8.062258,11.661904,13.892444,17.0,18.788294,20.615528,21.540659,21.18962,20.880613,18.439089,16.124515,13.038405,9.055385,6.082763,7.0,7.28011,8.062258,8.485281,8.602325,8.944272,10.198039,10.049876,10.0,10.0,10.049876,9.055385,8.062258,8.062258,7.071068,6.082763,5.09902,4.123106,3.605551,3.605551,4.123106,6.0,8.062258,11.18034,13.341664,16.278821
20260626_161418,2026-06-26T16:14:25.674793+09:00,skeleton,RX3,22.36068,24.515301,23.769729,23.086793,19.924859,18.027756,14.866069,12.649111,9.486833,8.062258,7.0,6.708204,7.81025,9.219544,10.816654,13.038405,15.264338,17.0,18.35756,19.723083,20.59126,19.723083,19.723083,17.0,15.264338,12.529964,14.56022,12.369317,9.219544,6.324555,2.828427,3.605551,6.403124,8.602325,12.041595,14.142136,14.866069,14.422205,14.764823,14.866069,14.56022,14.142136,12.041595,12.0,11.0,9.055385,8.246211,8.062258,8.602325,11.7047,15.524175,18.248288
20260626_161418,2026-06-26T16:14:25.706253+09:00,skeleton,RX1,5.830952,10.440307,13.601471,16.492423,17.720045,17.720045,17.464249,17.464249,16.492423,15.297059,13.341664,11.18034,9.219544,7.071068,4.0,2.236068,2.236068,5.656854,7.81025,11.401754,13.453624,14.866069,15.556349,15.620499,14.21267,13.038405,16.401219,18.601075,19.416488,19.723083,18.35756,17.0,13.416408,10.29563,6.708204,2.828427,2.236068,5.09902,8.062258,11.045361,13.0,15.0,16.0,18.0,18.0,19.0,18.0,17.0,15.0,12.0,8.062258,4.123106
20260626_161418,2026-06-26T16:14:25.735064+09:00,skeleton,RX2,9.0,7.615773,8.602325,11.18034,13.601471,16.492423,18.681542,19.924859,20.248457,21.023796,20.59126,20.248457,20.0,18.439089,16.278821,14.142136,10.630146,8.485281,4.472136,3.605551,6.324555,9.486833,12.649111,14.866069,16.155494,17.888544,15.132746,16.124515,17.0,17.029386,15.132746,14.317821,12.649111,11.18034,8.602325,7.81025,7.615773,8.246211,8.0,10.0,10.0,11.0,12.0,14.035669,15.132746,16.278821,17.464249,18.027756,17.464249,17.464249,15.652476,13.0
20260626_161418,2026-06-26T16:14:25.764920+09:00,skeleton,RX3,23.706539,24.186773,23.323808,21.633308,18.601075,16.401219,12.806248,10.816654,8.062258,6.324555,6.0,7.28011,8.944272,10.816654,12.206556,14.422205,15.811388,17.204651,18.027756,18.867962,18.867962,18.027756,16.643317,15.0,12.206556,10.0,14.866069,11.7047,8.544004,6.403124,4.123106,5.830952,9.219544,11.313708,13.453624,15.0,15.811388,15.652476,15.231546,14.56022,14.142136,13.038405,12.0,11.045361,10.0,8.062258,7.615773,8.602325,10.0,13.892444,17.464249,19.697716
20260626_161418,2026-06-26T16:14:25.794775+09:00,skeleton,RX1,5.0,9.848858,12.083046,14.866069,14.866069,15.811388,15.811388,15.811388,13.601471,13.601471,11.401754,9.486833,8.246211,6.324555,4.123106,2.0,1.414214,3.605551,5.830952,8.062258,10.0,11.401754,12.806248,12.041595,11.313708,9.219544,15.0,16.643317,18.867962,18.35756,17.888544,15.231546,13.0,9.486833,6.324555,2.236068,1.0,4.0,7.0,10.049876,11.045361,13.038405,14.035669,16.124515,17.029386,17.029386,17.029386,16.124515,14.035669,11.045361,7.28011,4.472136
20260626_161418,2026-06-26T16:14:25.825138+09:00,skeleton,RX2,9.219544,8.602325,9.219544,11.7047,13.601471,15.524175,16.763055,17.720045,18.384776,18.384776,17.888544,17.492856,16.643317,15.620499,13.453624,12.041595,9.219544,6.403124,4.123106,3.605551,5.385165,8.544004,10.440307,13.0,14.317821,14.764823,13.341664,14.56022,14.56022,14.866069,13.928388,13.416408,11.661904,10.0,7.81025,8.062258,7.28011,8.0,9.055385,9.055385,11.045361,12.165525,13.038405,14.035669,15.0,16.03122,16.278821,17.464249,17.464249,16.492423,15.524175,13.152946
20260626_161418,2026-06-26T16:14:25.855289+09:00,skeleton,RX3,24.413111,24.698178,23.706539,21.470911,18.788294,15.231546,13.0,9.848858,8.602325,7.071068,7.211103,7.615773,9.486833,10.198039,12.165525,14.317821,15.297059,17.464249,17.464249,18.439089,18.439089,17.464249,16.492423,14.317821,12.165525,11.18034,15.652476,12.529964,10.29563,7.071068,6.324555,7.28011,9.433981,11.661904,13.892444,14.764823,16.155494,15.524175,15.132746,15.033296,14.035669,13.152946,12.165525,11.18034,10.198039,10.0,9.219544,10.77033,13.038405,16.401219,19.209373,22.022716
20260626_161418,2026-06-26T16:14:25.885078+09:00,skeleton,RX1,6.403124,10.0,12.806248,15.811388,16.401219,17.804494,17.804494,16.401219,15.811388,14.422205,12.206556,10.816654,8.602325,5.830952,5.09902,3.162278,3.162278,5.0,8.062258,10.198039,13.341664,14.317821,15.132746,15.033296,14.0,12.041595,18.027756,18.601075,19.849433,19.104973,19.79899,17.691806,14.21267,10.630146,6.403124,3.162278,2.828427,6.082763,8.062258,11.0,13.0,16.0,16.03122,18.027756,18.027756,19.026298,18.027756,17.0,16.0,12.0,9.055385,4.472136
20260626_161418,2026-06-26T16:14:25.915046+09:00,skeleton,RX2,10.630146,8.544004,8.062258,9.433981,11.313708,14.21267,17.029386,18.439089,20.518285,20.518285,20.615528,20.808652,20.248457,19.235384,17.464249,14.866069,12.369317,8.246211,4.123106,1.0,5.385165,9.486833,13.416408,15.652476,17.492856,18.601075,13.038405,14.21267,14.142136,14.866069,15.0,13.038405,12.083046,10.77033,9.219544,9.0,8.246211,7.615773,8.062258,8.602325,9.219544,10.630146,12.041595,13.453624,14.142136,16.278821,17.029386,19.209373,20.0,19.416488,18.601075,15.811388
20260626_161418,2026-06-26T16:14:25.945226+09:00,skeleton,RX3,24.083189,24.186773,23.345235,22.36068,19.416488,16.492423,13.341664,10.198039,8.062258,7.071068,6.324555,6.403124,7.81025,9.433981,11.661904,13.892444,16.124515,17.0,18.35756,18.35756,18.35756,17.492856,16.124515,14.764823,12.529964,9.848858,16.401219,13.601471,10.0,6.403124,4.0,4.242641,7.615773,10.77033,13.416408,15.264338,16.401219,16.278821,15.620499,15.811388,14.764823,15.231546,13.601471,12.649111,11.401754,9.848858,8.602325,9.219544,10.77033,14.317821,17.117243,21.095023
20260626_161418,2026-06-26T16:14:25.974870+09:00,skeleton,RX1,6.324555,10.049876,13.0,15.033296,17.0,18.027756,18.027756,17.029386,16.03122,15.033296,13.038405,11.0,9.0,7.0,5.09902,2.236068,1.414214,4.472136,7.615773,9.848858,13.0,14.764823,15.264338,15.0,14.21267,12.041595,15.132746,16.278821,17.464249,18.681542,16.763055,15.811388,13.0,9.486833,5.385165,2.0,2.0,5.0,7.81025,10.0,12.806248,14.21267,16.401219,17.029386,18.601075,18.601075,18.601075,17.804494,15.620499,12.806248,9.219544,5.385165
20260626_161418,2026-06-26T16:14:26.005198+09:00,skeleton,RX2,18.439089,20.615528,20.615528,19.849433,18.439089,16.278821,14.142136,10.630146,7.81025,5.0,2.236068,1.0,4.123106,7.28011,10.198039,13.152946,15.132746,17.029386,19.0,19.104973,18.248288,17.464249,15.811388,13.0,10.29563,6.403124,7.211103,7.81025,8.062258,8.544004,10.198039,11.045361,11.045361,11.18034,11.18034,10.440307,10.77033,9.848858,8.944272,8.062258,8.062258,7.211103,6.403124,6.403124,5.656854,5.830952,5.09902,6.082763,7.615773,9.433981,12.041595,15.556349
20260626_161418,2026-06-26T16:14:26.035208+09:00,skeleton,RX3,11.313708,9.433981,9.219544,10.049876,11.7047,12.083046,13.416408,13.416408,13.416408,13.0,13.0,13.0,12.083046,11.7047,10.77033,9.848858,8.944272,7.211103,6.403124,5.830952,5.09902,5.09902,7.211103,7.81025,8.485281,9.219544,17.029386,20.518285,23.345235,25.455844,24.758837,24.207437,21.633308,18.867962,15.264338,12.529964,8.944272,6.708204,4.242641,2.236068,3.162278,5.0,7.211103,9.219544,11.661904,13.892444,15.231546,17.464249,17.464249,18.788294,17.464249,14.764823
20260626_161418,2026-06-26T16:14:26.066703+09:00,skeleton,RX1,5.656854,9.219544,12.806248,15.620499,16.401219,17.204651,17.204651,16.401219,15.811388,14.422205,13.038405,10.816654,8.062258,6.708204,4.123106,2.236068,3.0,5.385165,8.944272,11.18034,13.416408,15.231546,16.155494,15.524175,15.524175,13.152946,15.652476,17.464249,18.384776,18.973666,17.720045,16.492423,13.341664,10.440307,6.324555,2.828427,2.236068,4.472136,7.615773,9.486833,11.7047,14.866069,15.811388,16.763055,17.088007,17.720045,17.720045,16.763055,14.56022,11.401754,8.246211,4.0
20260626_161418,2026-06-26T16:14:26.095120+09:00,skeleton,RX2,18.027756,18.973666,18.973666,18.027756,17.088007,15.231546,12.083046,8.944272,6.708204,3.605551,1.0,2.236068,5.0,8.062258,11.18034,14.317821,16.155494,18.681542,19.416488,20.223748,19.026298,18.0,16.03122,13.152946,9.219544,6.324555,8.944272,9.219544,9.055385,10.198039,11.7047,12.529964,13.038405,13.601471,12.806248,12.041595,12.041595,10.630146,9.899495,8.485281,8.485281,7.81025,7.211103,6.708204,5.385165,5.09902,5.0,6.324555,7.81025,9.219544,11.661904,14.317821
20260626_161418,2026-06-26T16:14:26.125609+09:00,skeleton,RX3,12.727922,11.401754,10.77033,11.18034,11.0,12.165525,12.165525,12.165525,13.152946,12.165525,13.152946,12.041595,12.041595,11.045361,11.0,11.045361,9.055385,8.246211,7.615773,5.830952,5.656854,5.385165,6.0,6.082763,7.28011,7.615773,15.524175,18.681542,20.248457,22.472205,22.847319,22.825424,21.095023,18.601075,15.620499,13.453624,10.630146,7.81025,5.830952,4.123106,4.123106,5.385165,7.211103,9.433981,11.661904,13.892444,15.652476,17.0,17.464249,18.788294,17.464249,17.0
20260626_161418,2026-06-26T16:14:26.155002+09:00,skeleton,RX1,7.615773,11.401754,14.317821,16.278821,17.464249,18.439089,18.439089,17.464249,16.278821,14.317821,12.165525,10.198039,8.062258,6.082763,4.0,1.414214,2.236068,5.0,8.602325,10.0,12.806248,14.21267,15.556349,14.21267,12.806248,10.816654,16.124515,17.492856,19.416488,19.209373,18.439089,15.620499,12.727922,9.219544,5.656854,2.236068,2.0,5.385165,8.544004,10.77033,12.649111,14.866069,15.811388,16.763055,17.720045,17.720045,18.027756,17.088007,13.928388,10.77033,8.062258,3.605551
20260626_161418,2026-06-26T16:14:26.185973+09:00,skeleton,RX2,12.041595,9.486833,7.81025,8.246211,10.049876,13.341664,15.811388,17.720045,18.973666,19.646883,20.396078,20.099751,19.026298,19.026298,16.278821,14.56022,10.77033,7.81025,4.123106,5.0,8.0,12.165525,14.866069,18.35756,19.416488,19.849433,17.691806,19.209373,18.027756,17.492856,15.652476,13.928388,12.369317,10.0,9.219544,8.062258,9.219544,10.0,10.29563,11.18034,12.083046,12.649111,13.928388,14.866069,15.811388,16.763055,18.027756,19.646883,19.924859,19.646883,19.646883,17.262677
20260626_161418,2026-06-26T16:14:26.217139+09:00,skeleton,RX3,13.152946,11.401754,11.18034,10.630146,11.401754,12.206556,12.206556,13.038405,13.038405,13.038405,13.038405,12.206556,11.401754,11.401754,10.630146,10.630146,10.0,9.433981,7.615773,7.28011,7.0,6.082763,6.708204,7.81025,8.485281,8.602325,12.041595,15.556349,17.691806,19.209373,19.416488,19.723083,18.788294,16.155494,14.56022,12.165525,9.219544,7.071068,5.09902,3.605551,3.605551,4.123106,7.0,8.0,10.049876,12.041595,14.142136,15.297059,17.262677,17.262677,17.262677,15.132746
20260626_161418,2026-06-26T16:14:26.245034+09:00,skeleton,RX1,25.0,23.086793,20.880613,15.811388,12.649111,8.062258,4.242641,3.0,5.0,6.324555,8.246211,11.401754,13.341664,14.317821,15.297059,16.278821,16.492423,16.492423,14.56022,12.649111,10.440307,7.28011,4.123106,1.414214,3.162278,5.0,4.0,1.0,3.162278,6.708204,11.18034,15.264338,18.867962,20.0,20.615528,21.260292,20.518285,18.384776,16.278821,13.453624,10.630146,7.81025,5.0,2.0,4.0,7.071068,11.401754,15.811388,18.384776,22.472205,25.632011,26.570661
20260626_161418,2026-06-26T16:14:26.275379+09:00,skeleton,RX2,9.848858,8.062258,6.324555,7.071068,8.544004,10.440307,12.369317,14.317821,14.317821,15.811388,16.155494,15.652476,15.264338,14.21267,12.727922,10.0,7.615773,5.0,4.242641,5.09902,8.062258,11.313708,13.601471,14.764823,15.811388,15.524175,16.278821,16.278821,17.029386,17.204651,15.264338,13.416408,12.649111,10.198039,10.0,9.219544,8.944272,9.433981,9.899495,9.899495,10.630146,12.041595,12.806248,14.21267,15.0,15.620499,16.401219,17.029386,17.804494,17.204651,16.643317,15.264338
20260626_161418,2026-06-26T16:14:26.305104+09:00,skeleton,RX3,23.853721,25.238859,23.600847,22.203603,20.0,17.029386,14.866069,12.806248,11.401754,9.433981,8.544004,8.062258,9.0,9.055385,11.18034,12.165525,14.317821,15.297059,16.278821,17.262677,18.248288,17.117243,17.117243,15.132746,13.038405,11.045361,16.970563,14.866069,12.041595,9.219544,5.385165,4.123106,7.071068,9.433981,12.206556,14.21267,15.620499,16.278821,15.811388,16.124515,16.155494,15.524175,15.297059,15.132746,14.142136,14.142136,12.369317,13.0,13.601471,16.278821,18.601075,20.248457
20260626_161418,2026-06-26T16:14:26.335079+09:00,skeleton,RX1,6.324555,10.198039,13.152946,15.132746,17.117243,17.117243,17.117243,16.124515,14.035669,13.038405,11.0,9.0,7.0,5.09902,3.605551,3.0,5.0,7.071068,10.630146,12.041595,14.21267,15.556349,16.278821,15.620499,15.0,12.206556,16.492423,17.720045,18.973666,18.384776,17.888544,15.652476,12.529964,8.944272,5.385165,3.162278,3.0,6.324555,9.486833,11.7047,13.928388,14.866069,16.155494,17.088007,18.027756,18.973666,18.027756,16.155494,13.928388,11.7047,8.062258,3.605551
20260626_161418,2026-06-26T16:14:26.365306+09:00,skeleton,RX2,9.433981,7.28011,6.082763,7.071068,9.433981,11.18034,13.0,14.317821,15.652476,17.0,16.643317,16.401219,15.620499,14.866069,12.806248,11.18034,8.246211,6.082763,5.0,6.082763,8.062258,10.630146,13.038405,13.928388,15.524175,15.132746,16.124515,17.262677,17.464249,16.763055,14.866069,13.416408,12.206556,9.899495,8.944272,8.062258,8.0,9.219544,9.486833,9.848858,11.18034,11.661904,12.529964,13.892444,14.764823,14.764823,16.124515,16.124515,16.643317,15.811388,16.401219,13.453624
20260626_161418,2026-06-26T16:14:26.395354+09:00,skeleton,RX3,23.4094,24.041631,22.803509,21.84033,19.416488,17.464249,15.297059,12.165525,10.440307,8.544004,8.062258,7.81025,7.81025,9.433981,11.18034,12.529964,14.317821,15.231546,16.552945,16.552945,17.0,17.0,17.0,14.764823,13.892444,11.661904,17.117243,15.033296,12.0,9.055385,5.385165,4.472136,7.071068,9.219544,12.369317,13.152946,15.132746,16.0,16.124515,15.297059,15.811388,15.231546,14.764823,14.764823,13.892444,12.529964,13.0,12.369317,14.0,16.124515,18.439089,20.880613
20260626_161418,2026-06-26T16:14:26.425381+09:00,skeleton,RX1,24.596748,21.470911,17.888544,15.231546,9.848858,6.082763,3.162278,3.162278,5.385165,7.615773,10.29563,11.661904,13.038405,15.264338,16.643317,16.643317,16.643317,17.0,16.124515,13.416408,11.18034,8.062258,5.0,3.162278,3.605551,5.0,4.123106,1.414214,4.123106,8.544004,12.649111,15.811388,18.973666,21.587033,22.561028,22.203603,21.095023,20.024984,17.0,15.0,11.0,9.055385,5.09902,2.236068,2.236068,5.830952,10.29563,14.317821,18.384776,20.615528,24.166092,26.0
20260626_161418,2026-06-26T16:14:26.455878+09:00,skeleton,RX2,9.433981,7.28011,6.082763,6.403124,8.062258,10.440307,12.369317,13.341664,14.56022,15.231546,15.231546,14.764823,14.422205,13.453624,12.041595,10.29563,8.246211,7.071068,5.656854,7.071068,9.219544,11.661904,13.453624,15.0,14.764823,14.866069,16.763055,17.088007,17.464249,17.0,16.643317,14.21267,12.041595,10.816654,9.486833,9.0,9.219544,10.440307,11.18034,11.661904,11.661904,13.038405,13.601471,14.422205,15.0,16.401219,16.401219,17.804494,17.804494,17.029386,16.278821,14.866069
20260626_161418,2026-06-26T16:14:26.484779+09:00,skeleton,RX3,23.600847,23.853721,22.472205,21.095023,18.35756,16.124515,13.892444,12.529964,10.0,8.485281,7.211103,7.615773,8.246211,10.198039,11.18034,13.038405,14.035669,15.132746,16.124515,17.117243,17.117243,17.262677,16.278821,14.317821,13.341664,11.401754,17.262677,15.132746,12.041595,8.062258,4.472136,4.123106,6.708204,9.433981,12.529964,13.416408,16.155494,15.524175,16.278821,15.033296,15.132746,15.297059,14.56022,13.601471,12.649111,12.369317,11.045361,12.041595,13.341664,15.231546,17.0,19.723083
20260626_161418,2026-06-26T16:14:26.515274+09:00,skeleton,RX1,7.28011,10.29563,13.038405,15.811388,16.643317,16.643317,16.643317,15.264338,14.422205,12.206556,10.816654,9.433981,7.211103,5.0,3.605551,1.414214,3.0,6.0,8.062258,11.045361,13.038405,13.0,14.035669,13.038405,12.165525,11.18034,15.264338,16.124515,17.464249,17.088007,15.811388,14.56022,11.401754,8.246211,4.123106,1.414214,3.162278,6.324555,9.486833,11.7047,13.601471,14.866069,15.811388,17.088007,17.088007,17.088007,17.088007,14.866069,13.601471,10.198039,7.071068,4.472136
20260626_161418,2026-06-26T16:14:26.545431+09:00,skeleton,RX2,8.602325,6.708204,5.09902,5.0,7.28011,9.219544,11.18034,13.152946,14.317821,14.56022,14.866069,14.317821,13.416408,13.601471,11.313708,10.0,7.615773,6.082763,5.656854,7.071068,9.219544,11.18034,13.453624,14.866069,16.643317,15.652476,17.464249,18.681542,18.027756,18.384776,16.552945,15.264338,12.806248,11.401754,9.848858,9.219544,9.055385,9.219544,9.486833,10.77033,11.18034,11.661904,12.529964,13.892444,15.264338,15.264338,16.643317,16.643317,16.401219,16.401219,15.620499,14.142136
20260626_161418,2026-06-26T16:14:26.576999+09:00,skeleton,RX3,12.369317,11.0,11.18034,10.77033,11.18034,12.206556,12.806248,12.806248,13.038405,12.206556,12.529964,12.529964,11.18034,11.18034,11.18034,9.848858,8.944272,8.602325,7.81025,6.403124,6.324555,7.071068,7.071068,8.246211,8.544004,8.944272,12.529964,16.124515,18.788294,20.615528,21.18962,20.880613,20.396078,18.11077,15.033296,13.0,10.0,8.0,6.0,4.472136,4.242641,5.385165,7.28011,8.544004,10.77033,13.0,14.317821,16.124515,17.0,17.492856,17.492856,15.652476
20260626_161418,2026-06-26T16:14:26.605526+09:00,skeleton,RX1,8.246211,12.083046,14.764823,17.0,17.888544,17.888544,17.888544,16.124515,15.264338,13.892444,11.661904,9.433981,7.211103,5.0,2.828427,2.0,3.162278,6.0,9.0,11.045361,13.0,15.033296,15.033296,14.142136,13.152946,12.369317,16.155494,17.720045,18.439089,18.439089,17.262677,15.132746,12.041595,9.0,5.0,1.414214,3.605551,6.708204,9.848858,12.083046,14.317821,15.652476,16.552945,17.888544,19.235384,18.35756,17.888544,15.652476,14.317821,10.77033,7.28011,4.123106
20260626_161418,2026-06-26T16:14:26.636711+09:00,skeleton,RX2,19.646883,20.396078,20.396078,19.416488,17.464249,15.524175,12.649111,9.486833,7.615773,4.472136,1.414214,2.236068,5.0,8.602325,10.630146,12.727922,15.620499,17.204651,18.35756,18.384776,17.720045,16.124515,14.0,12.165525,8.944272,7.071068,8.944272,10.198039,11.045361,13.601471,15.231546,16.124515,17.204651,17.029386,17.029386,15.620499,14.142136,12.727922,12.041595,10.630146,8.602325,8.062258,6.708204,6.082763,6.0,6.324555,7.615773,8.602325,10.630146,13.038405,14.317821,15.811388
20260626_161418,2026-06-26T16:14:26.664826+09:00,skeleton,RX3,24.041631,24.041631,23.4094,21.540659,19.697716,17.464249,14.317821,12.649111,10.440307,8.246211,8.062258,8.062258,8.246211,9.848858,11.18034,13.416408,14.764823,16.124515,17.0,17.888544,17.888544,17.888544,16.552945,15.231546,13.0,10.77033,16.643317,14.422205,11.661904,8.944272,6.082763,5.0,7.615773,10.77033,13.0,14.317821,16.124515,16.401219,16.278821,16.278821,16.401219,15.264338,14.764823,14.317821,13.416408,12.529964,12.206556,12.727922,13.601471,16.552945,18.384776,20.880613
20260626_161418,2026-06-26T16:14:26.695191+09:00,skeleton,RX1,24.33105,22.203603,18.248288,15.132746,11.18034,6.324555,3.605551,2.236068,4.472136,6.324555,9.219544,10.198039,12.165525,13.152946,14.317821,15.297059,15.297059,14.317821,13.341664,11.401754,9.219544,6.082763,3.0,2.236068,4.123106,5.830952,3.162278,3.605551,8.062258,11.661904,15.620499,18.439089,20.518285,21.931712,21.260292,20.0,18.601075,15.811388,13.601471,10.0,7.81025,4.242641,3.0,4.472136,7.0,11.18034,15.297059,18.248288,22.36068,24.515301,25.317978
20260626_161418,2026-06-26T16:14:26.725096+09:00,skeleton,RX2,18.027756,19.416488,18.601075,18.601075,16.643317,15.264338,12.529964,9.848858,6.324555,4.0,1.414214,2.828427,5.830952,8.544004,11.18034,14.035669,17.0,18.11077,18.248288,18.681542,17.464249,16.643317,14.21267,10.630146,8.944272,5.09902,10.29563,11.401754,12.529964,14.866069,16.492423,18.11077,18.027756,19.0,18.0,17.029386,16.03122,14.035669,13.152946,11.18034,10.198039,9.219544,8.544004,7.211103,7.81025,6.403124,7.615773,8.062258,10.049876,11.401754,13.928388,15.652476
20260626_161418,2026-06-26T16:14:26.755251+09:00,skeleton,RX3,24.33105,24.33105,24.186773,22.090722,20.024984,17.029386,15.033296,12.041595,10.198039,9.486833,8.944272,8.602325,9.219544,10.630146,12.041595,13.601471,15.0,16.401219,17.804494,18.439089,18.439089,17.691806,17.029386,15.556349,14.142136,11.313708,16.0,14.035669,11.0,8.062258,5.830952,5.385165,8.0,10.198039,12.165525,15.033296,16.0,16.124515,16.278821,15.811388,15.231546,14.764823,14.422205,13.601471,13.038405,11.661904,11.18034,12.369317,14.035669,16.03122,18.11077,21.213203
20260626_161418,2026-06-26T16:14:26.786580+09:00,skeleton,RX1,23.769729,22.135944,18.027756,13.928388,9.848858,5.830952,3.162278,2.828427,5.385165,8.062258,10.049876,12.165525,13.038405,15.132746,16.124515,16.124515,16.124515,16.124515,14.142136,13.152946,10.049876,7.071068,4.0,2.828427,4.0,6.324555,3.162278,1.414214,4.472136,8.544004,13.0,16.155494,19.697716,21.023796,22.825424,22.472205,20.808652,20.0,17.029386,14.21267,12.041595,8.602325,5.830952,3.0,3.162278,6.082763,9.848858,13.928388,17.888544,21.931712,23.769729,25.079872
20260626_161418,2026-06-26T16:14:26.815070+09:00,skeleton,RX2,9.219544,7.211103,6.0,5.830952,7.81025,10.29563,12.529964,13.416408,14.764823,15.264338,15.811388,15.620499,15.556349,14.21267,13.038405,11.18034,9.219544,7.071068,5.656854,6.082763,8.544004,10.0,12.041595,13.892444,15.231546,14.56022,18.027756,17.720045,18.439089,17.262677,16.124515,14.0,11.18034,9.848858,7.81025,8.062258,8.246211,8.062258,9.0,10.049876,10.198039,11.18034,12.369317,13.341664,13.341664,14.317821,15.524175,16.492423,16.763055,16.155494,15.231546,13.416408
20260626_161418,2026-06-26T16:14:26.845528+09:00,skeleton,RX3,11.0,11.045361,10.440307,10.816654,10.630146,11.313708,12.041595,12.041595,12.041595,12.727922,12.041595,11.401754,11.401754,10.630146,10.0,9.219544,9.219544,7.81025,7.211103,6.324555,6.082763,6.082763,7.615773,8.062258,8.602325,9.219544,12.206556,15.0,18.867962,19.723083,21.023796,20.615528,19.313208,16.763055,14.317821,12.165525,9.219544,7.071068,5.09902,4.472136,4.472136,5.09902,7.071068,8.062258,10.198039,12.369317,14.56022,15.811388,15.811388,17.088007,16.155494,14.56022
20260626_161418,2026-06-26T16:14:26.875086+09:00,skeleton,RX1,7.211103,11.18034,13.416408,15.652476,16.552945,16.552945,16.552945,15.652476,14.317821,13.0,12.083046,9.486833,7.28011,6.082763,4.123106,2.828427,4.0,7.28011,9.486833,11.7047,13.928388,14.866069,15.811388,14.56022,14.317821,12.165525,15.652476,17.492856,17.204651,17.804494,16.401219,14.866069,12.727922,9.219544,5.656854,2.0,3.162278,5.0,8.062258,10.049876,12.041595,14.035669,15.033296,16.03122,16.03122,16.03122,15.033296,14.035669,12.041595,9.055385,6.324555,3.605551
20260626_161418,2026-06-26T16:14:26.905073+09:00,skeleton,RX2,8.602325,6.324555,5.09902,5.656854,7.28011,10.198039,12.165525,13.152946,14.317821,15.524175,15.811388,15.231546,14.764823,13.601471,12.727922,10.0,8.062258,6.0,5.0,6.082763,8.246211,10.816654,12.727922,15.0,15.264338,15.231546,18.11077,18.248288,19.416488,17.720045,17.088007,14.317821,12.206556,9.899495,8.602325,8.246211,8.0,8.246211,9.486833,9.848858,10.29563,11.18034,12.529964,12.529964,13.892444,13.892444,15.264338,15.264338,15.811388,15.0,15.0,13.453624
20260626_161418,2026-06-26T16:14:26.936822+09:00,skeleton,RX3,12.806248,11.18034,11.18034,12.041595,12.041595,12.165525,13.341664,13.341664,14.317821,13.152946,13.152946,13.038405,12.041595,12.041595,12.0,10.0,10.049876,9.055385,7.615773,6.708204,7.071068,6.708204,7.28011,8.062258,9.0,9.055385,13.0,16.0,20.024984,21.095023,22.36068,20.615528,19.924859,18.027756,15.231546,13.416408,9.848858,7.615773,5.09902,4.123106,4.472136,5.656854,7.81025,9.899495,12.041595,13.453624,14.866069,16.401219,17.204651,17.204651,17.204651,15.620499
20260626_161418,2026-06-26T16:14:26.965481+09:00,skeleton,RX1,7.211103,10.630146,13.453624,16.278821,17.029386,17.029386,17.691806,16.278821,15.556349,13.453624,12.041595,9.219544,7.211103,5.385165,4.0,2.828427,5.09902,7.0,10.0,12.041595,14.035669,16.0,16.0,15.033296,14.142136,12.165525,17.204651,18.601075,19.723083,19.235384,17.888544,16.552945,13.0,9.848858,5.830952,2.236068,2.828427,5.830952,9.486833,11.7047,12.649111,14.866069,16.763055,16.763055,17.088007,18.027756,17.088007,15.811388,13.601471,10.440307,6.082763,3.605551
20260626_161418,2026-06-26T16:14:26.995188+09:00,skeleton,RX2,10.440307,8.062258,6.403124,6.0,7.28011,9.433981,11.661904,13.038405,13.892444,14.764823,14.764823,15.231546,14.56022,14.142136,13.0,11.18034,9.486833,7.071068,6.324555,6.324555,8.485281,9.848858,12.165525,14.0,14.142136,13.601471,17.0,17.888544,17.088007,16.763055,15.524175,13.152946,11.0,9.486833,9.433981,8.485281,9.433981,9.486833,10.198039,11.18034,11.18034,12.165525,13.152946,14.142136,14.142136,15.033296,16.03122,17.029386,17.029386,17.0,16.0,14.035669
20260626_161418,2026-06-26T16:14:27.024853+09:00,skeleton,RX3,23.194827,23.345235,22.36068,20.615528,18.681542,15.811388,13.601471,11.401754,9.219544,8.0,7.071068,6.324555,7.211103,9.219544,10.630146,12.041595,13.453624,15.556349,16.278821,17.029386,17.029386,17.029386,16.401219,14.422205,12.206556,10.0,17.492856,15.264338,11.661904,8.944272,6.0,5.0,6.708204,9.486833,12.649111,13.928388,15.231546,16.124515,15.811388,15.556349,14.866069,15.0,13.892444,13.892444,12.529964,12.206556,10.630146,11.401754,13.0,14.56022,17.262677,20.223748
20260626_161418,2026-06-26T16:14:27.055089+09:00,skeleton,RX1,25.079872,22.847319,19.697716,15.231546,11.18034,7.211103,3.605551,2.236068,4.472136,7.071068,9.055385,11.045361,13.0,14.0,16.03122,16.03122,16.03122,16.124515,15.132746,13.152946,10.049876,7.0,4.123106,2.236068,4.123106,5.830952,3.0,1.0,4.123106,8.062258,12.369317,15.524175,18.027756,20.615528,21.023796,21.470911,19.723083,18.867962,16.643317,13.601471,10.816654,8.062258,5.385165,3.162278,4.123106,7.28011,10.77033,14.317821,18.788294,22.36068,24.596748,25.495098
20260626_161418,2026-06-26T16:14:27.085189+09:00,skeleton,RX2,10.049876,7.28011,5.0,5.09902,6.324555,8.944272,10.29563,12.529964,13.892444,14.317821,14.866069,14.56022,14.317821,13.038405,12.041595,10.440307,8.062258,6.403124,6.0,7.211103,9.433981,11.7047,14.035669,15.033296,16.278821,15.811388,17.204651,18.027756,18.35756,17.888544,16.155494,14.56022,12.165525,11.045361,9.486833,9.433981,9.899495,10.0,10.29563,11.18034,12.083046,13.0,13.0,13.928388,14.866069,15.811388,16.763055,17.464249,17.464249,17.262677,16.278821,15.033296
20260626_161418,2026-06-26T16:14:27.115242+09:00,skeleton,RX3,12.727922,11.661904,10.77033,11.18034,11.0,12.0,13.038405,13.038405,12.041595,13.038405,13.0,12.0,11.045361,11.045361,11.045361,10.049876,9.055385,8.0,7.0,6.324555,5.830952,5.656854,6.324555,6.082763,7.0,8.0,14.0,17.029386,20.099751,21.213203,22.561028,20.880613,20.248457,18.384776,15.652476,13.0,9.848858,7.615773,6.082763,5.09902,5.385165,6.403124,7.81025,10.630146,11.401754,14.21267,15.811388,16.643317,17.492856,17.492856,17.492856,15.811388
20260626_161418,2026-06-26T16:14:27.145334+09:00,skeleton,RX1,25.238859,23.021729,19.416488,15.811388,11.401754,7.615773,5.09902,3.605551,4.0,7.28011,9.486833,10.77033,12.083046,14.317821,15.652476,15.652476,16.155494,16.155494,13.928388,12.649111,9.486833,6.324555,3.605551,2.0,3.605551,5.830952,4.242641,3.605551,7.615773,11.7047,15.524175,19.416488,21.377558,21.213203,22.022716,21.023796,19.0,15.033296,13.038405,11.045361,7.0,5.09902,2.236068,4.472136,7.81025,10.816654,15.264338,19.723083,22.472205,25.553865,27.45906
20260626_161418,2026-06-26T16:14:27.175065+09:00,skeleton,RX2,19.026298,21.023796,20.099751,20.099751,18.027756,16.0,13.0,10.049876,8.246211,5.385165,2.236068,1.414214,5.0,7.071068,10.440307,12.083046,14.764823,16.643317,17.029386,17.691806,17.204651,15.652476,13.601471,11.045361,8.062258,5.830952,9.055385,10.440307,11.661904,13.453624,15.620499,16.401219,17.204651,17.492856,17.0,16.552945,15.231546,13.928388,11.7047,10.440307,9.219544,9.055385,8.0,8.062258,7.28011,8.062258,8.602325,9.219544,11.18034,12.649111,14.317821,17.029386
20260626_161418,2026-06-26T16:14:27.206723+09:00,skeleton,RX3,12.206556,11.313708,10.816654,10.440307,11.18034,11.045361,12.041595,12.041595,12.041595,12.041595,12.165525,11.18034,11.18034,10.440307,10.440307,9.486833,8.246211,8.062258,6.0,5.09902,4.472136,5.0,5.385165,6.082763,7.071068,8.0,14.56022,17.720045,20.248457,21.931712,22.36068,22.825424,21.095023,18.601075,15.620499,12.806248,11.401754,8.602325,5.830952,5.09902,5.0,6.324555,8.544004,9.848858,11.18034,14.317821,14.866069,17.088007,17.720045,18.027756,17.088007,15.231546
20260626_161418,2026-06-26T16:14:27.237866+09:00,skeleton,RX1,24.0,22.022716,19.0,15.0,10.0,6.082763,2.828427,3.162278,5.0,8.062258,10.29563,11.661904,13.416408,14.764823,15.652476,16.552945,17.888544,16.124515,14.764823,12.529964,10.29563,7.615773,4.123106,3.605551,4.123106,6.0,3.0,1.0,5.0,8.485281,13.453624,16.970563,19.104973,21.260292,22.803509,23.021729,21.095023,19.723083,17.0,14.764823,11.661904,9.433981,5.0,3.162278,2.828427,6.082763,11.0,15.0,19.0,23.0,25.0,26.019224
20260626_161418,2026-06-26T16:14:27.265846+09:00,skeleton,RX2,18.027756,20.024984,19.026298,19.026298,17.029386,15.033296,13.152946,9.219544,7.28011,3.605551,1.0,3.0,5.09902,8.544004,11.18034,13.892444,16.401219,17.691806,19.104973,19.209373,18.35756,17.088007,14.56022,12.041595,9.055385,6.708204,10.440307,11.045361,12.165525,13.928388,15.652476,16.643317,17.204651,17.029386,16.278821,15.556349,14.142136,13.453624,11.401754,10.0,9.433981,8.062258,7.615773,7.28011,7.071068,7.071068,6.708204,7.81025,9.219544,11.18034,12.649111,15.524175
20260626_161418,2026-06-26T16:14:27.295176+09:00,skeleton,RX3,12.165525,11.0,10.440307,10.29563,10.630146,11.313708,12.041595,12.041595,12.041595,12.727922,11.313708,11.313708,11.401754,11.401754,10.0,10.0,8.602325,7.81025,6.403124,5.385165,5.09902,5.385165,6.403124,7.071068,7.81025,8.062258,14.866069,18.027756,20.880613,22.561028,23.345235,22.203603,21.095023,19.0,17.029386,14.035669,11.045361,9.055385,6.0,5.09902,4.242641,5.830952,7.615773,9.486833,11.7047,13.928388,15.231546,16.552945,17.888544,17.888544,17.0,16.552945
20260626_161418,2026-06-26T16:14:27.325867+09:00,skeleton,RX1,7.615773,9.848858,13.892444,16.124515,17.492856,17.492856,16.643317,16.124515,13.892444,11.661904,10.816654,8.602325,7.211103,4.242641,2.236068,2.236068,5.0,8.0,10.0,12.041595,14.0,16.0,16.03122,16.124515,14.317821,12.369317,16.155494,17.720045,18.681542,19.416488,17.262677,15.132746,12.041595,9.055385,5.09902,2.236068,3.605551,7.211103,10.29563,12.529964,14.764823,16.124515,17.492856,18.027756,18.867962,18.35756,17.492856,17.492856,13.892444,11.18034,7.28011,4.0
20260626_161418,2026-06-26T16:14:27.355104+09:00,skeleton,RX2,9.486833,7.211103,5.830952,5.09902,8.062258,10.630146,12.727922,14.142136,15.556349,15.620499,16.401219,16.124515,15.652476,15.231546,13.341664,11.045361,9.055385,6.708204,5.830952,6.082763,7.81025,10.0,12.649111,14.142136,15.0,15.132746,16.401219,17.204651,17.492856,17.0,15.231546,13.601471,11.18034,9.0,8.246211,7.211103,7.81025,8.062258,8.544004,9.486833,10.440307,10.198039,11.18034,12.165525,13.152946,14.035669,15.033296,16.03122,17.0,17.0,16.0,14.142136
20260626_161418,2026-06-26T16:14:27.385169+09:00,skeleton,RX3,12.529964,12.041595,11.401754,11.18034,11.401754,12.165525,13.152946,13.152946,13.152946,13.341664,13.341664,12.649111,12.649111,11.7047,11.7047,10.77033,10.77033,9.486833,8.246211,7.0,6.082763,5.830952,5.656854,6.708204,7.615773,8.246211,12.649111,16.155494,18.788294,20.59126,21.095023,20.808652,19.209373,17.029386,15.556349,12.041595,9.899495,7.071068,5.830952,5.09902,5.09902,6.324555,7.615773,9.848858,12.083046,13.928388,15.811388,16.763055,17.464249,18.439089,17.464249,15.811388
20260626_161418,2026-06-26T16:14:27.415269+09:00,skeleton,RX1,24.33105,23.345235,20.223748,15.297059,11.401754,7.615773,4.242641,3.162278,5.0,7.211103,9.433981,11.18034,13.0,14.317821,15.231546,16.155494,16.552945,15.652476,14.764823,12.529964,9.433981,7.211103,3.605551,1.414214,3.162278,5.385165,4.0,1.414214,2.828427,7.211103,11.661904,15.0,17.804494,19.849433,21.213203,20.518285,19.849433,18.439089,15.811388,13.601471,10.0,7.81025,4.242641,2.0,4.123106,7.071068,11.18034,15.297059,19.416488,22.561028,25.495098,26.476405
20260626_161418,2026-06-26T16:14:27.449190+09:00,skeleton,RX2,19.646883,19.416488,20.396078,18.439089,17.464249,15.524175,12.649111,9.848858,6.708204,3.605551,1.0,2.236068,5.830952,8.602325,12.041595,14.866069,16.401219,18.867962,19.235384,19.313208,18.681542,16.278821,14.0,12.041595,8.544004,6.403124,10.440307,11.045361,12.165525,13.601471,15.231546,16.124515,17.204651,17.204651,16.401219,15.620499,14.866069,14.142136,12.041595,10.630146,9.219544,8.602325,8.062258,7.615773,7.071068,7.0,7.28011,8.062258,9.899495,11.401754,13.416408,16.155494
20260626_161418,2026-06-26T16:14:27.620991+09:00,skeleton,RX3,12.369317,10.77033,10.0,10.630146,11.18034,11.7047,11.7047,11.7047,11.7047,12.083046,12.083046,12.083046,11.18034,11.18034,10.816654,9.433981,8.944272,7.615773,6.324555,6.0,5.09902,5.0,5.830952,6.708204,7.28011,8.246211,14.21267,18.601075,20.808652,23.323808,22.825424,23.259407,21.540659,19.924859,16.492423,14.317821,11.18034,8.246211,6.324555,5.0,4.472136,5.09902,7.071068,10.0,12.0,14.035669,16.03122,18.11077,18.248288,18.11077,18.11077,17.029386
20260626_161418,2026-06-26T16:14:27.786078+09:00,skeleton,RX1,26.570661,25.632011,21.18962,16.155494,12.649111,8.246211,4.0,2.236068,5.0,8.485281,10.630146,13.453624,14.866069,17.029386,18.439089,17.691806,19.104973,18.384776,16.970563,14.142136,11.313708,8.485281,4.472136,2.236068,5.385165,7.071068,3.605551,1.414214,4.472136,8.944272,14.317821,17.464249,21.540659,23.086793,25.0,24.738634,23.537205,21.377558,19.235384,16.278821,13.152946,9.219544,6.324555,2.828427,3.605551,6.708204,11.7047,15.811388,19.924859,25.0,27.892651,28.160256
20260626_161418,2026-06-26T16:14:27.947341+09:00,skeleton,RX2,10.049876,7.071068,6.403124,6.324555,8.062258,10.440307,12.649111,14.866069,15.811388,16.492423,17.262677,17.117243,16.03122,15.033296,14.142136,11.7047,8.944272,6.403124,4.0,5.0,8.246211,11.045361,13.601471,15.231546,16.124515,16.401219,16.643317,17.204651,17.029386,16.278821,14.866069,13.601471,11.18034,9.486833,9.055385,8.062258,8.544004,8.602325,8.485281,9.219544,10.0,10.0,10.816654,12.206556,13.038405,14.764823,16.124515,16.552945,16.552945,17.088007,17.088007,14.56022
20260626_161418,2026-06-26T16:14:27.947543+09:00,skeleton,RX3,23.853721,24.698178,23.323808,21.470911,19.235384,16.552945,13.0,10.29563,8.062258,7.071068,6.403124,6.324555,7.071068,9.0,10.0,12.041595,14.035669,16.03122,16.03122,17.029386,18.0,17.0,17.0,15.0,14.0,11.045361,16.278821,14.317821,11.18034,8.062258,4.123106,4.123106,7.071068,10.198039,12.165525,14.142136,15.033296,16.03122,16.124515,15.524175,15.231546,14.764823,13.892444,13.038405,13.038405,11.18034,10.440307,11.0,12.165525,15.231546,18.35756,21.095023
20260626_161418,2026-06-26T16:14:27.947712+09:00,skeleton,RX1,6.708204,9.848858,13.0,14.866069,17.088007,17.088007,17.088007,15.811388,14.866069,13.601471,12.649111,10.198039,8.246211,6.082763,4.123106,2.236068,4.123106,6.708204,8.602325,11.401754,13.601471,15.0,15.264338,14.764823,14.317821,13.0,15.556349,17.691806,17.029386,17.804494,17.204651,15.264338,13.038405,9.433981,5.830952,2.236068,2.236068,5.09902,7.0,10.0,12.0,13.0,15.0,16.0,16.0,16.0,16.0,15.0,13.0,10.049876,7.071068,2.828427
20260626_161418,2026-06-26T16:14:27.947863+09:00,skeleton,RX2,18.384776,20.248457,19.924859,20.248457,18.027756,16.155494,13.416408,10.816654,7.81025,5.0,2.0,3.0,5.385165,8.062258,11.401754,14.142136,17.029386,17.804494,19.416488,19.235384,18.384776,16.492423,14.142136,11.0,8.246211,5.0,9.433981,10.440307,12.165525,13.0,15.132746,15.524175,15.811388,15.231546,15.652476,14.764823,13.892444,13.038405,12.206556,10.630146,9.899495,9.219544,9.219544,8.602325,7.615773,7.28011,8.0,8.246211,8.944272,10.630146,12.206556,14.764823
20260626_161418,2026-06-26T16:14:27.947994+09:00,skeleton,RX3,26.248809,26.248809,25.612497,23.600847,20.808652,18.027756,15.0,12.206556,10.0,8.485281,6.708204,7.071068,8.0,9.055385,11.18034,13.152946,15.297059,15.297059,17.464249,18.248288,18.439089,18.248288,18.248288,16.278821,14.142136,12.041595,16.124515,14.317821,10.198039,7.0,3.605551,5.09902,8.544004,11.18034,14.866069,16.492423,17.262677,17.029386,18.0,17.117243,16.492423,15.811388,15.231546,14.317821,13.0,11.401754,11.045361,11.18034,13.0,16.643317,20.0,22.671568
20260626_161418,2026-06-26T16:14:27.948195+09:00,skeleton,RX1,26.019224,24.020824,21.023796,16.03122,12.041595,8.246211,4.472136,3.0,4.242641,6.403124,8.944272,11.18034,13.0,14.317821,15.231546,16.155494,16.552945,15.652476,14.764823,12.529964,10.29563,7.211103,3.605551,1.0,2.236068,4.472136,4.472136,2.0,2.236068,7.211103,11.401754,15.0,18.027756,20.248457,20.59126,21.470911,20.124612,18.788294,16.155494,13.928388,10.77033,7.615773,4.472136,2.236068,3.162278,7.071068,11.0,15.033296,19.104973,23.086793,26.07681,26.07681
20260626_161418,2026-06-26T16:14:27.948342+09:00,skeleton,RX2,19.235384,21.470911,21.470911,20.59126,19.235384,16.552945,13.928388,10.77033,8.246211,5.0,2.236068,2.236068,5.385165,8.246211,11.045361,14.0,17.029386,18.11077,19.235384,18.681542,18.027756,16.552945,13.892444,11.401754,7.81025,4.472136,8.062258,8.544004,9.433981,11.313708,11.401754,12.529964,13.416408,13.928388,12.649111,13.341664,12.165525,11.18034,11.045361,10.049876,9.0,9.0,8.062258,8.246211,7.28011,7.211103,7.071068,6.708204,8.246211,10.049876,13.341664,14.866069
20260626_161418,2026-06-26T16:14:27.948676+09:00,skeleton,RX3,12.041595,10.816654,10.440307,10.049876,11.18034,12.369317,12.369317,12.649111,12.649111,12.649111,12.649111,12.369317,12.369317,12.369317,11.401754,11.401754,10.440307,9.486833,7.615773,6.403124,5.656854,5.385165,5.0,5.09902,5.830952,6.403124,15.231546,17.888544,20.59126,22.472205,22.203603,21.400935,19.849433,16.970563,14.866069,11.401754,9.219544,6.403124,4.472136,3.162278,3.162278,5.830952,7.81025,10.0,12.206556,14.422205,16.124515,18.35756,18.788294,19.235384,17.888544,16.124515
20260626_161418,2026-06-26T16:14:27.948820+09:00,skeleton,RX1,5.385165,9.433981,12.041595,14.21267,16.278821,17.691806,16.278821,15.556349,14.866069,12.727922,10.630146,8.485281,7.071068,5.0,3.162278,1.414214,3.0,6.324555,8.544004,10.77033,13.0,15.811388,15.524175,15.132746,14.035669,12.041595,15.811388,17.720045,18.681542,18.439089,18.248288,15.132746,13.038405,9.055385,5.09902,2.828427,3.605551,6.403124,8.944272,11.18034,13.416408,15.652476,16.552945,17.888544,18.788294,18.788294,19.313208,17.464249,15.231546,13.0,9.486833,5.0
20260626_161418,2026-06-26T16:14:27.948982+09:00,skeleton,RX2,11.661904,9.219544,6.708204,7.28011,8.602325,11.313708,14.21267,15.620499,17.029386,18.384776,18.384776,17.804494,17.204651,16.124515,15.231546,12.649111,10.198039,7.0,3.605551,3.605551,6.708204,10.440307,13.152946,15.0,16.124515,16.278821,12.041595,13.0,13.152946,13.341664,12.649111,11.7047,10.29563,9.219544,9.219544,8.062258,8.544004,8.062258,8.0,8.0,9.055385,10.198039,11.401754,12.369317,12.649111,14.866069,15.811388,18.027756,18.973666,19.313208,19.313208,17.464249
20260626_161418,2026-06-26T16:14:27.949089+09:00,skeleton,RX3,12.206556,10.630146,8.944272,9.219544,10.049876,11.18034,11.7047,12.649111,12.649111,13.601471,13.601471,13.601471,12.649111,12.649111,12.369317,12.649111,11.7047,10.77033,8.944272,8.602325,6.403124,5.385165,5.0,5.385165,6.403124,7.071068,14.866069,17.691806,20.615528,22.203603,22.472205,21.954498,20.124612,16.552945,13.928388,11.401754,8.246211,5.09902,3.0,1.414214,1.414214,3.605551,5.830952,8.062258,10.29563,12.529964,14.866069,16.763055,17.720045,17.720045,17.720045,15.811388
20260626_161418,2026-06-26T16:14:27.949178+09:00,skeleton,RX1,28.017851,26.019224,22.022716,19.0,13.0,9.0,5.09902,1.414214,2.236068,6.082763,8.246211,11.045361,12.165525,14.035669,16.124515,16.124515,17.117243,16.124515,15.132746,13.341664,11.18034,7.071068,4.123106,1.414214,2.828427,5.0,5.0,1.0,2.828427,7.211103,11.661904,15.652476,19.697716,21.540659,22.472205,23.4094,22.135944,20.880613,17.720045,15.524175,12.649111,9.486833,6.708204,2.828427,2.236068,6.082763,10.049876,15.0,20.024984,23.021729,26.07681,29.068884
20260626_161418,2026-06-26T16:14:27.949263+09:00,skeleton,RX2,18.439089,19.849433,20.518285,19.104973,18.384776,14.866069,12.806248,10.0,6.403124,3.605551,3.162278,6.324555,9.219544,12.165525,15.132746,17.029386,19.026298,20.0,20.024984,20.223748,18.439089,15.524175,12.649111,8.944272,5.385165,9.486833,10.29563,10.0,10.630146,10.29563,9.848858,10.198039,10.049876,10.0,10.049876,10.198039,9.486833,9.486833,8.544004,8.544004,8.544004,7.615773,7.615773,6.708204,5.830952,5.0,4.123106,5.09902,8.062258,10.630146,14.142136
20260626_161418,2026-06-26T16:14:27.949349+09:00,skeleton,RX3,12.041595,10.29563,9.219544,10.049876,10.440307,11.7047,12.529964,12.529964,13.892444,13.416408,13.416408,13.0,13.0,13.0,13.0,12.083046,11.18034,10.29563,9.433981,7.071068,6.708204,5.09902,6.082763,6.708204,7.211103,7.81025,13.416408,17.0,19.723083,21.095023,21.400935,20.615528,19.104973,17.691806,14.21267,11.401754,8.602325,5.830952,3.605551,2.236068,2.236068,4.242641,7.071068,9.219544,11.313708,13.601471,15.811388,16.643317,18.35756,18.35756,17.492856,15.811388
20260626_161418,2026-06-26T16:14:27.954981+09:00,skeleton,RX1,27.513633,24.698178,21.540659,18.027756,12.649111,8.246211,5.0,1.414214,3.605551,5.656854,8.602325,10.0,11.401754,13.601471,15.264338,15.811388,15.811388,15.0,14.422205,12.206556,10.0,6.403124,3.605551,1.0,3.162278,5.385165,5.385165,2.0,2.0,6.082763,11.18034,15.132746,18.11077,21.023796,22.022716,22.0,21.023796,20.099751,17.117243,15.033296,12.0,10.049876,6.082763,3.605551,3.162278,6.403124,9.848858,14.866069,18.973666,22.472205,25.632011,27.513633
20260626_161418,2026-06-26T16:14:27.985566+09:00,skeleton,RX2,8.246211,5.09902,5.0,8.0,10.198039,13.341664,15.297059,17.262677,18.11077,18.027756,18.0,18.027756,17.029386,15.132746,13.341664,11.401754,7.28011,4.472136,3.162278,7.211103,10.816654,14.21267,16.278821,16.970563,16.278821,10.630146,11.401754,13.038405,13.416408,13.0,12.649111,11.401754,10.198039,9.0,8.062258,6.324555,5.830952,6.403124,6.708204,8.544004,9.486833,10.440307,12.369317,14.56022,15.524175,17.088007,18.384776,18.384776,18.384776,17.464249,15.231546
20260626_161418,2026-06-26T16:14:28.015709+09:00,skeleton,RX3,23.323808,24.698178,23.600847,22.803509,19.209373,17.029386,14.21267,11.401754,8.602325,6.708204,6.082763,6.324555,6.708204,8.602325,10.630146,12.727922,14.866069,16.970563,18.384776,19.104973,19.79899,19.79899,18.384776,16.278821,14.866069,12.806248,15.297059,12.649111,9.486833,6.082763,2.236068,3.162278,7.211103,10.29563,12.083046,13.928388,14.56022,15.132746,15.0,15.033296,14.317821,13.601471,13.0,12.083046,10.77033,9.486833,8.062258,7.28011,9.219544,12.806248,16.643317,18.867962
20260626_161418,2026-06-26T16:14:28.045154+09:00,skeleton,RX1,5.0,8.246211,11.7047,13.928388,16.155494,16.155494,16.155494,15.231546,13.928388,13.0,10.77033,8.944272,7.615773,5.0,2.828427,1.0,3.162278,5.0,8.0,10.0,12.0,14.0,14.035669,14.142136,12.369317,11.18034,16.0,18.027756,20.024984,20.099751,19.235384,16.278821,14.142136,10.198039,6.082763,3.162278,2.236068,5.656854,8.485281,11.313708,13.453624,16.278821,16.970563,18.384776,19.104973,19.849433,19.209373,18.439089,17.029386,13.453624,10.0,5.385165
20260626_161418,2026-06-26T16:14:28.075055+09:00,skeleton,RX2,7.615773,4.123106,5.385165,9.0,12.165525,16.124515,18.248288,20.099751,21.095023,21.0,21.023796,20.099751,18.248288,17.262677,14.317821,11.401754,8.246211,4.123106,1.0,5.0,10.0,12.806248,16.278821,18.384776,19.849433,19.209373,11.7047,13.416408,13.892444,15.0,14.866069,14.142136,12.806248,10.816654,8.944272,7.615773,7.0,6.082763,5.830952,7.071068,7.81025,9.433981,10.29563,13.038405,14.422205,16.643317,17.204651,19.209373,19.209373,19.209373,17.804494,15.620499
20260626_161418,2026-06-26T16:14:28.105200+09:00,skeleton,RX3,22.090722,23.086793,23.021729,22.090722,20.024984,17.029386,14.035669,11.045361,9.055385,6.324555,5.830952,4.472136,5.0,7.071068,9.219544,10.77033,13.0,15.652476,16.552945,17.888544,17.888544,17.888544,17.0,15.652476,13.416408,11.18034,14.866069,12.041595,8.485281,3.605551,4.242641,8.602325,10.816654,13.416408,14.317821,14.866069,15.524175,15.297059,14.035669,14.0,13.152946,12.165525,11.18034,9.219544,8.062258,6.082763,5.830952,7.615773,10.049876,14.0,18.027756
20260626_161418,2026-06-26T16:14:28.136586+09:00,skeleton,RX1,27.294688,25.317978,21.377558,17.117243,13.341664,9.219544,5.09902,1.414214,2.0,6.0,8.0,10.049876,12.041595,13.038405,15.033296,16.03122,16.03122,16.0,15.0,13.0,10.0,8.0,4.0,1.414214,2.828427,4.242641,5.656854,2.828427,2.236068,7.071068,10.630146,15.811388,19.416488,21.095023,22.825424,22.825424,22.36068,21.023796,18.788294,16.552945,13.416408,10.29563,7.211103,4.242641,2.236068,5.09902,10.049876,14.142136,18.248288,23.345235,25.495098,27.45906
20260626_161418,2026-06-26T16:14:28.165245+09:00,skeleton,RX2,10.440307,4.0,4.123106,9.219544,15.556349,19.104973,23.345235,26.172505,27.586228,28.319605,28.425341,27.018512,26.400758,24.413111,21.633308,17.492856,13.416408,7.28011,3.605551,5.830952,10.630146,15.620499,19.416488,22.825424,24.186773,24.596748,11.661904,12.649111,14.142136,14.0,14.142136,13.601471,13.416408,11.401754,10.630146,8.602325,6.708204,5.09902,5.09902,5.830952,6.403124,8.062258,9.848858,12.083046,14.866069,17.464249,19.697716,21.931712,23.259407,23.259407,21.931712,18.788294
20260626_161418,2026-06-26T16:14:28.194999+09:00,skeleton,RX3,12.369317,10.0,8.544004,7.81025,8.944272,10.440307,12.165525,13.152946,14.035669,14.142136,15.033296,14.142136,15.132746,14.142136,14.142136,13.152946,13.152946,11.045361,9.055385,7.0,5.09902,2.828427,3.162278,4.242641,6.403124,7.211103,15.264338,18.867962,20.808652,22.803509,24.207437,22.671568,19.79899,17.691806,14.866069,11.401754,8.602325,5.830952,2.828427,1.0,2.0,5.09902,6.082763,9.219544,11.7047,13.928388,17.0,18.35756,19.723083,20.124612,19.723083,17.888544
20260626_161418,2026-06-26T16:14:28.225640+09:00,skeleton,RX1,4.472136,8.246211,11.18034,14.142136,15.132746,16.124515,16.03122,15.033296,15.033296,13.038405,12.041595,9.0,7.0,5.0,3.0,3.0,6.082763,8.062258,11.18034,13.152946,14.142136,14.317821,14.56022,13.601471,11.7047,15.652476,17.464249,18.384776,19.313208,18.973666,16.763055,13.341664,10.198039,6.082763,2.0,1.0,5.0,8.0,11.045361,13.038405,15.033296,17.029386,18.027756,19.026298,19.026298,19.104973,18.11077,16.124515,13.152946,10.198039,5.09902
20260626_161418,2026-06-26T16:14:28.255192+09:00,skeleton,RX2,13.0,8.0,3.162278,3.162278,8.062258,13.038405,16.124515,19.235384,21.213203,22.36068,22.561028,22.561028,21.84033,21.18962,18.384776,15.652476,12.529964,8.485281,5.09902,5.0,9.219544,14.035669,17.117243,20.396078,21.587033,22.803509,10.29563,10.440307,11.045361,11.18034,12.083046,12.206556,12.041595,11.401754,10.29563,9.486833,8.246211,7.0,6.082763,5.830952,5.656854,6.708204,8.544004,10.198039,12.041595,15.033296,17.029386,19.0,21.0,22.022716,21.023796,20.024984
20260626_161418,2026-06-26T16:14:28.286063+09:00,skeleton,RX3,20.59126,22.825424,22.36068,21.931712,19.697716,17.464249,15.811388,13.0,11.7047,10.29563,8.602325,7.81025,7.211103,8.544004,9.486833,11.18034,13.038405,15.0,16.0,18.0,19.026298,19.026298,19.026298,18.027756,17.0,15.0,15.231546,13.0,9.848858,6.324555,3.162278,4.0,7.28011,10.198039,13.152946,15.132746,16.0,16.03122,16.278821,15.811388,15.231546,14.764823,13.601471,12.806248,11.401754,10.0,8.944272,8.246211,10.0,11.401754,14.317821,17.0
20260626_161418,2026-06-26T16:14:28.315059+09:00,skeleton,RX1,24.738634,23.769729,19.646883,15.524175,11.401754,7.28011,3.162278,1.0,3.162278,6.324555,8.246211,10.440307,12.369317,14.317821,14.317821,15.524175,16.492423,15.524175,13.341664,11.401754,9.219544,7.28011,4.0,1.414214,2.0,3.605551,6.0,2.236068,2.236068,6.082763,12.041595,15.0,19.0,21.023796,23.021729,23.086793,22.203603,20.223748,19.104973,16.124515,13.038405,11.045361,7.0,4.123106,2.0,5.0,8.544004,13.601471,17.720045,21.84033,24.738634,25.96151
20260626_161418,2026-06-26T16:14:28.346146+09:00,skeleton,RX2,17.464249,18.681542,18.681542,18.973666,17.720045,14.866069,13.0,9.848858,7.211103,3.605551,2.236068,4.0,7.071068,10.198039,12.649111,15.811388,18.384776,20.615528,21.023796,21.470911,20.59126,19.723083,16.643317,14.422205,11.401754,7.071068,9.219544,10.29563,9.219544,10.0,10.198039,10.29563,10.0,10.0,9.848858,9.486833,9.219544,9.055385,9.0,8.0,8.062258,8.062258,7.071068,6.082763,5.09902,4.0,2.236068,1.0,2.236068,6.324555,9.219544,12.369317
20260626_161418,2026-06-26T16:14:28.375127+09:00,skeleton,RX3,22.203603,23.600847,22.472205,21.954498,19.723083,17.492856,15.264338,13.038405,11.661904,10.0,9.899495,9.433981,10.29563,10.77033,11.7047,13.341664,15.297059,16.124515,17.117243,18.11077,19.104973,19.026298,19.026298,18.027756,16.03122,14.035669,15.132746,13.152946,10.198039,6.324555,4.472136,5.385165,9.433981,12.206556,14.764823,16.552945,16.763055,17.464249,17.117243,17.0,16.03122,15.297059,14.56022,13.601471,11.7047,10.440307,10.049876,10.049876,11.7047,13.892444,16.643317,18.601075
20260626_161418,2026-06-26T16:14:28.408601+09:00,skeleton,RX1,5.0,10.198039,12.369317,14.866069,16.492423,17.720045,17.720045,16.763055,15.811388,13.928388,12.649111,10.440307,8.544004,6.324555,4.472136,1.414214,2.0,4.0,7.0,9.0,11.0,12.041595,13.038405,12.041595,12.041595,10.198039,15.524175,16.763055,18.384776,18.788294,17.888544,15.652476,13.892444,10.816654,5.830952,2.236068,1.414214,5.0,7.81025,10.630146,12.806248,14.866069,16.278821,18.439089,18.439089,19.209373,18.439089,18.439089,16.278821,12.727922,9.219544,5.385165
20260626_161418,2026-06-26T16:14:28.435228+09:00,skeleton,RX2,17.691806,18.439089,19.849433,19.209373,17.804494,16.401219,13.601471,10.29563,7.615773,5.09902,3.162278,3.0,5.0,8.485281,10.816654,14.422205,16.124515,19.235384,20.124612,20.615528,20.248457,18.973666,16.492423,13.341664,11.18034,7.071068,8.602325,8.602325,8.544004,9.055385,9.219544,8.944272,10.0,9.899495,10.0,9.848858,10.440307,10.440307,10.198039,9.055385,9.055385,8.062258,8.062258,7.0,6.0,5.0,3.162278,3.162278,4.123106,6.708204,10.0,12.806248
20260626_161418,2026-06-26T16:14:28.465787+09:00,skeleton,RX3,12.806248,11.661904,10.440307,10.049876,10.049876,10.198039,11.7047,11.7047,12.649111,12.369317,12.369317,12.369317,12.369317,12.369317,12.369317,11.401754,11.401754,10.77033,10.29563,9.433981,8.485281,7.211103,6.324555,7.0,7.071068,7.28011,14.035669,17.117243,19.416488,21.587033,21.84033,22.472205,19.697716,17.888544,14.764823,11.661904,8.944272,6.708204,4.123106,3.162278,4.242641,5.830952,7.211103,9.433981,11.401754,13.601471,14.866069,16.278821,17.691806,17.029386,17.029386,16.278821
20260626_161418,2026-06-26T16:14:28.495623+09:00,skeleton,RX1,24.738634,21.587033,19.646883,16.492423,11.401754,7.28011,3.605551,2.0,4.123106,6.082763,9.055385,11.0,13.0,14.0,15.0,16.0,16.0,16.03122,14.035669,13.152946,10.198039,7.28011,5.09902,2.0,1.0,3.162278,5.0,2.236068,2.236068,7.211103,10.816654,14.764823,17.888544,20.124612,21.023796,21.023796,20.615528,19.313208,17.088007,14.866069,12.083046,9.848858,6.708204,3.605551,1.414214,4.0,8.246211,12.369317,16.492423,19.646883,22.803509,25.70992
20260626_161418,2026-06-26T16:14:28.525257+09:00,skeleton,RX2,19.79899,21.213203,21.213203,20.518285,17.691806,15.620499,12.806248,10.0,7.211103,3.162278,2.828427,6.403124,9.433981,12.529964,15.652476,17.464249,19.697716,20.615528,21.18962,19.924859,18.681542,16.492423,13.341664,9.055385,6.0,8.944272,9.219544,8.602325,8.246211,8.0,8.246211,8.062258,8.485281,10.0,10.29563,9.848858,9.848858,9.486833,9.486833,8.544004,8.544004,7.28011,6.324555,4.123106,3.162278,1.0,2.236068,4.242641,8.485281,12.041595,14.866069
20260626_161418,2026-06-26T16:14:28.555193+09:00,skeleton,RX3,20.518285,20.518285,21.260292,20.518285,19.104973,17.029386,15.620499,12.806248,11.401754,9.219544,9.219544,7.211103,7.615773,8.246211,9.055385,10.0,12.165525,13.341664,15.524175,16.492423,17.720045,18.681542,18.681542,17.720045,16.278821,14.317821,18.11077,16.03122,13.0,10.049876,5.09902,3.605551,5.385165,8.062258,10.816654,13.416408,15.231546,15.811388,16.278821,16.03122,16.03122,16.124515,15.524175,13.601471,13.601471,12.649111,11.18034,10.0,9.219544,11.661904,13.601471,15.556349
20260626_161418,2026-06-26T16:14:28.588055+09:00,skeleton,RX1,5.0,8.062258,11.18034,14.317821,15.652476,16.552945,16.552945,16.552945,15.231546,13.928388,12.083046,9.848858,7.615773,5.385165,3.162278,1.0,2.236068,5.0,7.211103,9.433981,11.401754,12.206556,12.806248,12.727922,11.313708,10.630146,14.866069,16.492423,17.464249,17.262677,16.278821,15.132746,12.041595,9.055385,6.0,2.0,2.0,5.09902,8.062258,10.049876,12.165525,15.132746,16.124515,18.11077,18.11077,19.104973,19.104973,18.11077,16.03122,13.038405,10.0,6.082763
20260626_161418,2026-06-26T16:14:28.615828+09:00,skeleton,RX2,10.049876,5.385165,2.0,6.324555,11.401754,15.297059,19.235384,21.095023,23.086793,23.021729,24.020824,24.0,23.0,22.022716,19.104973,16.124515,13.341664,9.486833,5.656854,4.472136,8.602325,13.0,16.763055,19.646883,21.587033,21.587033,13.038405,15.811388,17.262677,18.0,18.248288,17.720045,16.155494,15.264338,12.806248,9.899495,7.615773,5.09902,4.472136,5.0,6.324555,8.062258,10.049876,13.038405,15.0,17.0,19.0,21.0,22.022716,22.0,21.023796,18.027756
20260626_161418,2026-06-26T16:14:28.645197+09:00,skeleton,RX3,18.867962,18.027756,15.620499,14.142136,12.806248,12.206556,11.18034,10.77033,10.440307,11.401754,12.165525,12.165525,13.038405,14.035669,14.142136,15.132746,16.124515,16.124515,15.132746,14.142136,13.038405,11.0,9.0,7.28011,5.830952,5.0,11.18034,14.035669,17.0,19.026298,21.213203,20.615528,20.880613,19.313208,17.464249,15.652476,12.529964,10.816654,8.944272,6.708204,5.09902,5.09902,5.385165,8.062258,10.0,12.206556,14.422205,16.643317,18.027756,18.867962,19.723083,19.723083
20260626_161418,2026-06-26T16:14:28.676065+09:00,skeleton,RX1,5.0,9.433981,12.529964,14.764823,16.124515,17.0,17.0,16.124515,15.652476,13.892444,11.661904,10.29563,7.211103,5.830952,3.162278,2.236068,5.0,7.211103,8.602325,10.630146,10.630146,11.313708,11.313708,10.630146,9.219544,16.278821,18.248288,19.104973,19.026298,19.026298,17.0,14.0,10.049876,6.0,2.0,1.414214,5.09902,8.246211,10.440307,13.341664,15.297059,17.464249,18.439089,19.416488,19.416488,19.416488,18.439089,17.262677,13.152946,10.049876,5.0
20260626_161418,2026-06-26T16:14:28.707085+09:00,skeleton,RX2,8.944272,5.385165,1.0,5.0,9.0,12.0,15.0,17.029386,19.104973,19.235384,19.646883,19.646883,18.973666,18.384776,16.552945,13.892444,10.816654,7.071068,3.162278,3.0,7.28011,11.18034,13.892444,17.204651,18.601075,18.601075,12.806248,14.764823,15.811388,16.278821,16.124515,16.0,14.142136,12.369317,11.18034,8.602325,7.81025,6.324555,6.082763,7.28011,8.602325,10.0,12.041595,13.453624,15.620499,17.029386,18.601075,19.416488,19.723083,19.723083,19.235384,16.552945
20260626_161418,2026-06-26T16:14:28.735339+09:00,skeleton,RX3,17.117243,18.11077,19.104973,18.11077,18.11077,17.117243,16.278821,14.317821,13.152946,12.165525,11.18034,10.198039,10.049876,9.0,9.219544,9.486833,11.18034,12.206556,13.453624,15.556349,16.970563,18.384776,19.79899,19.104973,18.439089,17.204651,16.155494,15.652476,13.038405,10.29563,6.708204,4.0,3.605551,6.082763,8.062258,11.18034,12.369317,13.601471,14.317821,14.422205,14.21267,14.866069,14.866069,14.21267,14.422205,13.038405,12.206556,12.041595,12.041595,12.206556,13.0,14.56022
20260626_161418,2026-06-26T16:14:28.765245+09:00,skeleton,RX1,27.073973,25.019992,22.022716,17.0,13.0,8.0,3.0,4.0,7.071068,10.0,12.041595,14.035669,15.033296,16.03122,16.03122,17.117243,16.124515,15.132746,12.165525,10.198039,7.28011,4.123106,1.414214,1.414214,4.242641,5.0,1.0,3.162278,8.062258,12.529964,16.552945,20.615528,21.540659,23.769729,24.351591,23.4094,22.135944,19.924859,18.027756,14.866069,11.7047,7.615773,5.0,2.0,4.123106,9.0,14.035669,18.11077,23.086793,26.172505,27.166155
20260626_161418,2026-06-26T16:14:28.795375+09:00,skeleton,RX2,20.223748,21.213203,21.587033,19.646883,17.720045,16.155494,13.0,9.848858,6.708204,3.162278,1.414214,3.162278,6.324555,9.486833,12.649111,14.56022,17.464249,19.416488,20.223748,20.099751,19.026298,17.0,15.0,12.041595,9.0,5.0,9.219544,9.433981,9.219544,9.0,9.486833,9.433981,10.630146,11.401754,11.661904,11.661904,12.083046,11.18034,10.77033,9.848858,8.944272,8.544004,6.708204,5.385165,4.123106,3.0,2.828427,4.123106,7.071068,10.049876,13.038405,16.03122
20260626_161418,2026-06-26T16:14:28.824862+09:00,skeleton,RX3,16.401219,14.866069,12.727922,11.661904,11.18034,10.440307,10.049876,10.0,10.0,11.045361,12.165525,12.165525,12.165525,13.152946,14.142136,14.142136,14.142136,14.142136,13.038405,12.165525,10.198039,8.246211,5.830952,5.0,4.123106,5.09902,10.440307,13.601471,16.155494,18.788294,20.59126,20.248457,20.0,18.439089,16.278821,14.142136,12.041595,9.219544,7.071068,5.0,3.162278,4.123106,5.385165,7.211103,8.602325,10.816654,13.601471,15.264338,17.492856,18.867962,18.867962,18.867962
20260626_161418,2026-06-26T16:14:28.855049+09:00,skeleton,RX1,5.830952,10.29563,13.416408,15.652476,17.888544,19.235384,17.888544,17.0,15.652476,13.416408,12.083046,11.18034,8.062258,6.708204,3.605551,1.0,2.236068,5.0,7.071068,9.219544,10.630146,12.041595,12.727922,12.041595,10.630146,9.219544,17.117243,19.104973,20.099751,20.099751,19.0,17.0,14.0,11.0,7.0,3.0,1.414214,4.472136,7.28011,9.486833,12.369317,14.56022,15.524175,16.492423,18.681542,19.416488,18.439089,17.464249,15.297059,13.152946,9.055385,4.0
20260626_161418,2026-06-26T16:14:28.885076+09:00,skeleton,RX2,20.0,21.0,20.024984,20.099751,17.262677,15.297059,12.649111,8.544004,5.830952,2.236068,1.0,3.605551,7.211103,10.0,12.806248,15.556349,17.691806,19.849433,20.615528,20.0,19.416488,16.643317,13.892444,10.29563,6.708204,3.605551,9.219544,9.219544,9.848858,10.198039,10.049876,10.77033,11.661904,12.041595,12.041595,12.806248,13.038405,12.529964,11.661904,11.18034,10.29563,9.433981,8.062258,7.211103,5.830952,4.123106,3.162278,3.605551,6.0,9.0,12.041595,16.03122
20260626_161418,2026-06-26T16:14:28.915041+09:00,skeleton,RX3,18.973666,21.18962,20.248457,19.924859,18.681542,17.720045,15.524175,14.317821,13.341664,11.401754,10.440307,9.848858,8.602325,9.219544,9.219544,10.0,12.083046,13.0,14.866069,16.763055,18.973666,18.973666,19.924859,18.973666,18.384776,16.552945,17.464249,16.492423,13.601471,9.486833,6.082763,3.605551,5.09902,8.062258,11.045361,14.035669,15.0,16.03122,16.124515,16.763055,15.811388,15.652476,16.124515,15.811388,14.422205,13.601471,13.038405,12.083046,12.369317,13.0,14.142136,16.492423
20260626_161418,2026-06-26T16:14:28.944829+09:00,skeleton,RX1,27.166155,26.172505,21.213203,17.117243,13.152946,9.0,4.123106,1.0,3.605551,5.830952,8.944272,10.77033,12.083046,13.928388,14.866069,14.866069,16.155494,15.231546,13.0,12.083046,9.848858,6.708204,4.472136,1.0,2.236068,3.605551,5.830952,2.236068,2.0,7.071068,11.18034,14.142136,18.248288,20.223748,21.213203,23.086793,21.023796,20.024984,18.027756,16.0,13.0,10.049876,6.0,3.162278,1.414214,6.082763,10.049876,15.033296,19.104973,23.086793,27.166155,27.166155
20260626_161418,2026-06-26T16:14:28.981794+09:00,skeleton,RX2,8.944272,4.242641,2.0,7.28011,11.7047,16.155494,18.788294,21.470911,23.323808,23.021729,23.600847,22.803509,21.260292,19.104973,16.970563,13.453624,9.219544,5.385165,2.236068,6.708204,10.816654,15.620499,19.104973,21.213203,21.931712,22.671568,13.892444,15.811388,17.117243,18.0,19.104973,18.439089,17.088007,15.652476,13.601471,11.313708,8.602325,6.324555,6.082763,5.830952,7.211103,9.848858,11.7047,13.601471,15.524175,18.681542,19.924859,22.135944,22.135944,22.472205,21.540659,18.384776
20260626_161418,2026-06-26T16:14:29.007077+09:00,skeleton,RX3,13.928388,12.529964,11.661904,11.313708,10.0,10.29563,9.848858,10.77033,10.77033,11.7047,11.7047,11.7047,13.0,13.0,13.0,13.0,13.0,13.0,11.7047,10.440307,9.219544,8.0,7.28011,6.708204,7.071068,7.211103,11.18034,14.317821,16.492423,18.973666,20.248457,19.697716,19.235384,18.027756,15.811388,12.806248,10.630146,7.81025,5.830952,4.123106,4.0,5.385165,6.708204,8.062258,10.29563,12.529964,13.928388,15.231546,17.088007,17.088007,17.720045,16.763055
20260626_161418,2026-06-26T16:14:29.039778+09:00,skeleton,RX1,5.0,8.944272,12.083046,15.231546,16.155494,17.464249,16.552945,16.155494,15.231546,13.928388,11.7047,8.544004,7.28011,5.385165,3.162278,3.162278,5.385165,8.062258,10.29563,11.661904,13.038405,13.601471,12.806248,12.806248,10.630146,16.155494,18.027756,18.973666,18.973666,18.681542,16.492423,13.341664,10.198039,6.082763,2.236068,2.236068,5.09902,8.062258,11.045361,13.038405,16.03122,17.029386,19.026298,20.024984,20.099751,20.024984,19.026298,17.029386,13.0,9.0,5.09902
20260626_161418,2026-06-26T16:14:29.065076+09:00,skeleton,RX2,20.59126,21.470911,22.825424,21.470911,20.124612,16.552945,13.928388,10.440307,7.28011,4.0,1.414214,3.605551,6.403124,10.0,12.529964,15.652476,17.888544,19.697716,19.697716,19.697716,19.313208,17.088007,13.601471,10.198039,7.071068,4.123106,9.433981,9.486833,9.055385,8.062258,7.615773,6.403124,7.28011,8.0,9.219544,8.544004,9.433981,10.0,9.219544,9.219544,9.219544,8.485281,7.071068,5.656854,4.242641,2.828427,1.0,2.236068,5.830952,8.062258,12.529964,16.124515
20260626_161418,2026-06-26T16:14:29.096547+09:00,skeleton,RX3,20.396078,21.587033,21.84033,20.880613,19.313208,18.384776,16.155494,14.317821,13.0,11.7047,10.440307,10.049876,10.0,10.049876,11.18034,13.341664,14.866069,16.155494,17.464249,18.788294,20.124612,21.023796,21.023796,19.697716,18.384776,16.155494,16.155494,14.317821,10.77033,8.544004,6.0,5.0,7.28011,10.198039,12.369317,14.317821,15.811388,16.552945,16.124515,16.401219,15.556349,15.620499,15.0,13.601471,13.038405,11.661904,11.401754,11.313708,11.661904,13.0,14.866069,17.464249
20260626_161418,2026-06-26T16:14:29.125274+09:00,skeleton,RX1,26.870058,25.455844,21.213203,16.278821,12.727922,8.485281,4.242641,3.605551,6.403124,9.219544,10.630146,12.727922,14.142136,14.866069,16.278821,16.278821,15.620499,14.21267,12.206556,10.0,7.211103,4.242641,1.0,2.0,4.0,5.09902,1.0,3.0,7.28011,11.7047,15.231546,18.788294,21.023796,22.36068,23.259407,21.470911,20.59126,18.35756,16.124515,13.416408,9.848858,7.615773,4.0,2.236068,4.472136,10.0,14.142136,17.691806,22.671568,26.248809,27.586228
20260626_161418,2026-06-26T16:14:29.155259+09:00,skeleton,RX2,10.77033,5.830952,3.162278,7.28011,12.165525,17.117243,20.024984,23.021729,24.0,25.0,25.0,25.019992,24.020824,22.090722,19.104973,16.278821,11.7047,7.81025,7.071068,9.433981,13.453624,17.204651,21.095023,23.323808,25.059928,24.186773,11.045361,13.601471,16.124515,17.029386,17.804494,17.492856,17.088007,15.297059,13.038405,11.0,8.246211,5.385165,3.605551,3.162278,4.242641,6.708204,9.848858,11.7047,14.56022,16.763055,19.924859,21.84033,23.086793,23.086793,21.84033,19.924859
20260626_161418,2026-06-26T16:14:29.186894+09:00,skeleton,RX3,14.21267,12.727922,11.401754,11.18034,10.440307,11.045361,11.045361,12.0,12.0,12.0,13.0,13.0,13.038405,13.038405,14.035669,14.035669,13.0,13.0,12.041595,10.198039,9.486833,8.062258,8.485281,8.062258,8.544004,9.219544,12.041595,16.03122,19.026298,21.095023,21.213203,21.377558,19.646883,18.973666,16.155494,13.0,9.848858,7.615773,5.385165,4.0,4.472136,5.656854,7.071068,9.219544,10.630146,13.453624,14.866069,17.029386,17.804494,18.027756,17.492856,16.643317
20260626_161418,2026-06-26T16:14:29.215160+09:00,skeleton,RX1,25.0,22.135944,18.973666,15.524175,10.77033,8.062258,3.605551,1.414214,4.123106,7.0,9.0,11.045361,12.041595,14.142136,15.132746,16.124515,16.124515,16.03122,15.033296,13.0,10.0,7.0,5.0,1.0,1.0,4.123106,5.0,2.0,3.0,6.708204,10.29563,13.892444,17.492856,19.235384,20.59126,21.023796,20.615528,19.313208,17.464249,15.231546,13.0,9.848858,6.708204,3.605551,5.09902,9.219544,13.601471,17.720045,20.880613,24.041631,25.96151
20260626_161418,2026-06-26T16:14:29.244988+09:00,skeleton,RX2,12.041595,5.830952,3.605551,7.0,12.165525,17.262677,20.615528,22.803509,25.0,25.96151,25.96151,25.298221,24.351591,22.472205,19.697716,17.0,12.206556,8.602325,7.071068,9.219544,13.892444,18.384776,22.135944,24.041631,25.96151,25.0,11.7047,13.152946,15.033296,16.763055,17.888544,17.804494,16.970563,15.811388,13.892444,10.77033,9.219544,6.0,3.605551,3.162278,4.472136,6.403124,8.485281,12.041595,14.21267,17.804494,19.209373,22.022716,22.803509,23.600847,22.803509,20.615528
20260626_161418,2026-06-26T16:14:29.275059+09:00,skeleton,RX3,18.027756,19.104973,18.027756,18.0,16.0,15.033296,13.038405,12.041595,11.045361,10.0,9.055385,9.055385,8.246211,9.486833,10.29563,11.661904,13.038405,14.21267,15.620499,16.278821,17.029386,17.691806,17.029386,16.401219,15.0,13.601471,14.035669,12.0,10.0,7.071068,4.472136,4.472136,6.0,8.062258,11.18034,12.041595,13.0,14.035669,14.142136,13.601471,13.0,13.416408,13.038405,12.206556,10.816654,10.0,9.433981,9.848858,10.440307,11.045361,13.0,15.033296
20260626_161418,2026-06-26T16:14:29.305067+09:00,skeleton,RX1,5.0,8.485281,12.041595,14.866069,16.278821,16.970563,16.278821,16.278821,15.620499,13.601471,12.206556,10.0,7.81025,5.830952,3.162278,1.0,3.162278,5.385165,8.062258,10.29563,12.529964,13.416408,14.317821,13.928388,12.649111,11.401754,16.124515,18.248288,19.416488,19.416488,18.681542,16.492423,13.601471,10.440307,7.071068,3.0,2.0,5.0,7.81025,10.630146,12.806248,15.620499,16.401219,17.804494,17.804494,18.601075,18.601075,17.204651,15.811388,12.206556,8.602325,4.472136
20260626_161418,2026-06-26T16:14:29.336118+09:00,skeleton,RX2,19.209373,20.615528,20.615528,19.849433,18.439089,15.620499,13.038405,10.29563,7.28011,5.0,3.605551,5.0,8.246211,10.77033,14.317821,15.652476,19.235384,20.124612,20.59126,20.59126,19.723083,17.492856,14.422205,11.661904,7.81025,4.242641,8.062258,8.485281,7.211103,7.28011,6.082763,5.830952,5.830952,6.082763,7.071068,8.544004,8.944272,9.433981,9.219544,9.219544,9.219544,8.485281,7.81025,7.071068,5.656854,4.242641,1.414214,3.605551,6.403124,10.0,14.21267
20260626_161418,2026-06-26T16:14:29.365207+09:00,skeleton,RX3,14.317821,13.038405,12.0,12.165525,11.401754,11.18034,12.529964,11.661904,12.529964,12.529964,13.038405,13.416408,13.416408,13.416408,14.317821,13.892444,13.892444,13.038405,12.206556,12.041595,10.630146,9.433981,8.544004,9.055385,9.055385,9.219544,12.041595,14.866069,18.384776,19.849433,20.808652,20.248457,19.235384,17.888544,15.231546,13.0,10.440307,7.615773,5.830952,5.0,4.472136,6.082763,8.0,10.0,11.045361,13.038405,15.132746,16.278821,17.720045,18.027756,18.027756,17.088007
20260626_161418,2026-06-26T16:14:29.395647+09:00,skeleton,RX1,25.942244,24.596748,21.023796,17.0,12.529964,9.433981,3.605551,1.0,3.0,6.082763,8.246211,10.440307,12.649111,13.928388,14.866069,16.155494,15.811388,15.811388,13.601471,12.369317,9.219544,7.071068,3.0,2.0,5.0,5.0,2.236068,1.414214,5.656854,10.630146,14.21267,17.029386,19.209373,21.400935,21.633308,20.808652,19.416488,16.643317,15.264338,12.206556,10.0,6.403124,2.828427,2.0,5.385165,10.77033,15.231546,18.35756,22.36068,25.942244,26.832816
20260626_161418,2026-06-26T16:14:29.425508+09:00,skeleton,RX2,18.027756,20.248457,20.248457,18.867962,17.492856,15.264338,12.529964,9.848858,6.324555,4.123106,3.162278,5.09902,8.062258,10.816654,14.21267,17.029386,19.104973,21.260292,21.931712,21.260292,20.518285,18.384776,14.866069,12.041595,8.602325,5.385165,8.062258,7.071068,7.615773,7.071068,6.324555,6.403124,7.211103,8.246211,9.0,9.219544,10.440307,10.77033,10.29563,10.29563,9.433981,9.433981,8.602325,7.211103,6.708204,4.472136,3.162278,2.828427,5.830952,9.433981,13.038405
20260626_161418,2026-06-26T16:14:29.454987+09:00,skeleton,RX3,13.341664,12.369317,11.7047,10.816654,10.630146,9.899495,10.630146,10.816654,10.816654,11.661904,11.661904,12.206556,12.206556,11.401754,11.401754,12.206556,11.661904,11.18034,9.848858,8.544004,8.062258,7.0,6.324555,7.211103,7.071068,7.211103,13.0,16.552945,19.235384,21.095023,22.203603,22.803509,20.518285,18.384776,16.278821,13.601471,10.630146,8.485281,5.656854,5.0,5.0,6.082763,7.28011,9.486833,10.440307,13.341664,14.317821,16.124515,17.117243,18.11077,18.027756,16.124515
20260626_161418,2026-06-26T16:14:29.484865+09:00,skeleton,RX1,28.635642,26.476405,22.561028,18.439089,14.317821,9.055385,5.09902,1.0,3.162278,6.082763,9.219544,11.18034,13.152946,14.142136,16.278821,17.262677,17.262677,17.464249,15.297059,13.341664,10.440307,7.28011,4.123106,2.236068,5.0,6.0,3.0,1.0,6.082763,11.0,15.0,18.027756,21.023796,23.086793,23.086793,23.194827,21.213203,18.11077,16.124515,13.038405,11.045361,7.0,3.162278,2.236068,5.385165,10.440307,15.524175,20.615528,24.515301,26.476405,29.614186
20260626_161418,2026-06-26T16:14:29.515209+09:00,skeleton,RX2,10.630146,5.830952,1.414214,5.830952,10.816654,15.0,19.209373,21.260292,22.671568,23.345235,24.041631,23.345235,22.671568,20.615528,18.601075,15.264338,12.529964,8.246211,5.385165,6.082763,10.440307,14.317821,17.492856,20.808652,22.203603,22.203603,14.035669,15.811388,17.888544,18.601075,19.104973,18.439089,17.492856,15.231546,12.649111,10.198039,8.062258,5.385165,3.605551,4.123106,5.830952,7.81025,9.899495,12.727922,15.556349,17.691806,19.79899,21.213203,22.627417,23.345235,21.931712,19.104973
20260626_161418,2026-06-26T16:14:29.545278+09:00,skeleton,RX3,20.099751,22.090722,22.022716,21.023796,20.0,18.027756,16.03122,14.035669,13.038405,11.0,10.049876,9.219544,9.486833,8.944272,10.0,11.313708,13.453624,15.0,15.811388,18.027756,18.867962,18.867962,18.867962,18.027756,16.643317,15.0,16.155494,14.317821,12.083046,8.544004,5.0,5.0,8.062258,11.045361,13.038405,15.132746,16.278821,17.720045,17.088007,17.0,15.811388,16.278821,15.556349,14.21267,12.806248,12.041595,10.630146,10.0,9.848858,12.165525,14.0,16.124515
20260626_161418,2026-06-26T16:14:29.574812+09:00,skeleton,RX1,27.658633,25.612497,22.022716,17.691806,13.453624,9.219544,5.0,1.0,2.828427,5.656854,8.485281,10.630146,12.041595,14.142136,15.556349,16.278821,16.278821,16.278821,14.21267,12.806248,10.0,7.211103,4.123106,1.0,2.828427,5.0,6.403124,2.828427,1.414214,5.656854,9.899495,13.453624,17.691806,19.849433,20.615528,21.400935,21.400935,20.0,17.204651,15.0,12.806248,9.219544,5.656854,2.236068,2.0,5.830952,10.0,15.0,19.209373,23.600847,25.612497,28.425341
20260626_161418,2026-06-26T16:14:29.605145+09:00,skeleton,RX2,10.049876,5.0,1.0,3.162278,7.071068,11.18034,13.152946,16.03122,17.029386,18.0,19.0,19.026298,18.11077,17.117243,16.278821,14.317821,11.7047,8.602325,6.403124,5.09902,7.071068,10.29563,12.649111,15.297059,17.262677,17.262677,13.416408,13.601471,15.132746,16.0,16.124515,15.524175,13.928388,11.661904,9.219544,7.81025,5.830952,4.123106,3.605551,3.605551,5.09902,7.0,8.062258,10.049876,12.165525,14.142136,15.297059,17.117243,18.11077,18.11077,18.11077,16.124515
20260626_161418,2026-06-26T16:14:29.639048+09:00,skeleton,RX3,20.396078,21.377558,21.587033,20.615528,19.646883,17.720045,15.811388,13.928388,12.649111,10.440307,10.198039,9.0,9.055385,9.486833,9.848858,11.661904,13.038405,14.21267,15.620499,17.029386,17.691806,18.439089,17.029386,17.029386,15.0,13.601471,16.278821,14.142136,12.041595,8.602325,5.09902,5.656854,8.944272,11.7047,13.928388,15.652476,17.0,17.204651,17.029386,17.691806,16.401219,15.264338,14.764823,14.317821,13.0,12.083046,10.29563,10.630146,10.0,12.083046,14.56022,16.278821
20260626_161418,2026-06-26T16:14:29.664889+09:00,skeleton,RX1,27.892651,25.96151,22.803509,17.720045,12.649111,8.544004,4.472136,1.0,4.0,7.071068,9.219544,11.18034,13.341664,14.56022,15.524175,16.492423,17.464249,16.492423,14.56022,12.369317,10.198039,7.071068,3.0,2.0,5.0,6.324555,2.236068,1.0,6.324555,10.440307,14.56022,17.720045,20.615528,21.587033,22.36068,21.377558,20.223748,18.248288,15.132746,12.165525,9.219544,6.082763,2.236068,2.0,6.082763,10.198039,15.297059,19.646883,23.537205,26.683328,27.892651
20260626_161418,2026-06-26T16:14:29.695629+09:00,skeleton,RX2,18.027756,19.924859,21.18962,19.924859,18.973666,17.720045,14.317821,12.165525,9.055385,6.082763,3.605551,3.162278,5.385165,7.81025,10.630146,13.601471,15.811388,18.867962,19.235384,19.235384,18.788294,17.464249,14.866069,12.649111,10.049876,6.082763,10.29563,9.899495,9.433981,9.219544,9.055385,8.944272,9.219544,9.433981,10.440307,10.049876,11.0,10.049876,10.198039,9.486833,9.486833,8.544004,7.615773,6.324555,5.385165,4.472136,2.236068,3.162278,6.324555,9.486833,12.649111
20260626_161418,2026-06-26T16:14:29.725565+09:00,skeleton,RX3,14.035669,12.165525,10.77033,9.433981,9.219544,9.433981,8.944272,9.848858,9.486833,10.77033,10.77033,10.77033,11.7047,11.7047,12.083046,11.7047,11.7047,11.7047,10.440307,9.219544,7.0,6.082763,5.385165,5.656854,5.385165,7.071068,13.453624,17.029386,19.209373,22.203603,22.472205,22.472205,21.470911,18.788294,16.155494,13.928388,10.440307,8.246211,5.830952,4.242641,3.162278,4.0,6.082763,8.246211,10.198039,12.165525,14.142136,16.03122,17.0,18.0,18.027756,17.0
20260626_161418,2026-06-26T16:14:29.756221+09:00,skeleton,RX1,5.830952,10.29563,13.892444,17.0,17.492856,18.35756,17.888544,17.0,16.552945,14.317821,13.0,9.848858,7.615773,5.09902,3.0,1.0,2.828427,6.403124,9.219544,11.401754,13.601471,14.21267,14.866069,14.142136,12.727922,10.630146,16.492423,18.681542,18.973666,19.313208,18.027756,17.088007,13.928388,10.77033,6.324555,2.0,2.236068,5.0,7.81025,10.630146,12.806248,14.422205,16.643317,18.027756,18.867962,18.867962,18.35756,17.492856,14.764823,11.661904,8.062258,3.162278
20260626_161418,2026-06-26T16:14:29.785158+09:00,skeleton,RX2,13.0,8.0,3.162278,3.162278,7.28011,12.369317,15.297059,18.248288,20.099751,22.022716,22.022716,22.0,21.023796,21.095023,18.248288,16.492423,13.0,10.0,7.615773,8.544004,12.041595,15.811388,19.235384,21.931712,23.4094,24.351591,15.620499,16.401219,17.888544,17.720045,18.11077,17.029386,16.492423,14.317821,12.206556,9.899495,8.062258,7.071068,5.385165,5.656854,6.708204,9.219544,11.045361,13.0,15.0,17.029386,20.024984,21.023796,23.021729,23.086793,23.021729,20.024984
20260626_161418,2026-06-26T16:14:29.816577+09:00,skeleton,RX3,14.422205,12.806248,10.630146,9.433981,8.544004,9.055385,9.055385,10.049876,10.198039,10.198039,10.198039,11.18034,11.18034,11.18034,12.165525,12.165525,12.165525,11.401754,10.440307,9.486833,7.615773,6.403124,5.0,4.123106,5.09902,6.708204,13.341664,16.763055,18.973666,21.540659,22.847319,22.36068,21.095023,19.416488,17.204651,14.21267,12.041595,9.219544,6.403124,4.472136,4.0,4.472136,6.403124,8.485281,9.899495,12.041595,14.21267,15.811388,18.027756,18.867962,18.35756,17.492856
20260626_161418,2026-06-26T16:14:29.844986+09:00,skeleton,RX1,25.019992,22.0,19.0,15.0,11.045361,7.071068,2.236068,1.414214,5.09902,8.062258,10.0,12.0,13.0,15.0,17.0,17.0,17.029386,16.0,15.0,13.038405,10.049876,7.0,3.0,2.0,4.123106,5.0,1.0,3.0,7.0,11.045361,15.132746,18.11077,20.223748,21.213203,21.213203,21.377558,20.396078,17.262677,15.297059,12.165525,10.198039,6.082763,3.162278,1.0,4.0,9.055385,13.038405,18.027756,21.023796,24.020824,26.019224
20260626_161418,2026-06-26T16:14:29.875664+09:00,skeleton,RX2,17.691806,19.104973,19.79899,19.79899,18.384776,16.401219,13.601471,10.816654,7.615773,5.09902,3.162278,3.0,4.472136,7.81025,10.630146,13.601471,16.124515,18.35756,20.124612,20.615528,20.248457,17.720045,16.492423,13.341664,10.049876,6.0,7.211103,7.81025,8.544004,9.055385,9.219544,9.848858,10.0,10.630146,10.816654,12.083046,11.401754,11.18034,11.045361,10.049876,10.0,10.0,9.0,8.0,7.071068,6.082763,4.472136,3.162278,4.123106,6.403124,9.219544,12.727922
20260626_161418,2026-06-26T16:14:29.906137+09:00,skeleton,RX3,14.56022,13.0,10.29563,8.602325,8.062258,7.615773,8.246211,9.0,9.0,10.049876,10.049876,11.045361,12.041595,12.041595,13.0,12.0,13.0,12.041595,11.045361,10.049876,8.246211,6.708204,5.656854,5.09902,5.0,6.324555,12.041595,16.278821,19.104973,21.260292,22.671568,22.203603,20.808652,19.723083,17.0,14.317821,12.083046,8.544004,5.830952,5.0,2.236068,3.0,4.472136,6.708204,8.944272,11.18034,13.928388,15.811388,16.763055,17.720045,18.681542,17.464249
20260626_161418,2026-06-26T16:14:29.934744+09:00,skeleton,RX1,5.09902,9.0,12.0,15.0,16.0,17.0,16.0,15.033296,15.0,13.0,11.0,8.0,7.0,4.123106,2.0,1.0,4.0,6.0,9.0,11.045361,13.038405,14.035669,14.142136,13.152946,12.165525,10.198039,14.866069,17.464249,18.439089,18.439089,17.262677,16.124515,13.152946,9.055385,6.0,2.0,2.0,5.0,9.055385,11.045361,13.038405,15.033296,17.029386,18.027756,18.11077,18.11077,18.11077,17.117243,15.132746,12.165525,8.246211,4.123106
20260626_161418,2026-06-26T16:14:29.965054+09:00,skeleton,RX2,17.262677,19.235384,19.416488,19.416488,17.464249,15.524175,13.601471,10.77033,8.062258,5.0,2.0,3.162278,5.0,8.062258,11.401754,14.866069,17.464249,19.697716,21.470911,21.470911,21.095023,19.416488,17.204651,14.21267,9.899495,6.403124,7.615773,7.071068,8.062258,8.944272,9.219544,9.433981,10.77033,11.18034,11.045361,12.041595,11.18034,11.401754,10.77033,9.848858,9.848858,8.944272,8.062258,8.062258,6.403124,5.0,3.605551,3.0,3.605551,6.324555,9.219544,12.165525
20260626_161418,2026-06-26T16:14:29.995049+09:00,skeleton,RX3,15.033296,12.0,11.18034,9.486833,8.602325,9.219544,9.433981,9.848858,10.77033,10.77033,11.7047,12.649111,13.0,13.0,13.0,13.0,13.0,13.0,11.7047,9.486833,8.246211,6.0,4.472136,4.242641,4.123106,6.0,12.649111,16.763055,18.681542,21.377558,22.203603,22.090722,21.095023,19.0,16.03122,13.038405,10.049876,7.0,5.0,3.162278,3.162278,4.0,7.0,9.055385,11.045361,13.0,15.0,17.029386,18.248288,19.235384,19.416488,18.248288
20260626_161418,2026-06-26T16:14:30.025213+09:00,skeleton,RX1,24.738634,23.537205,19.416488,15.524175,10.198039,6.324555,2.236068,1.0,5.09902,8.062258,10.198039,12.165525,14.142136,15.297059,16.278821,17.262677,17.262677,16.278821,15.132746,12.165525,10.198039,7.071068,4.123106,1.414214,2.236068,4.472136,4.472136,1.0,3.605551,7.211103,12.529964,15.652476,18.788294,20.615528,22.472205,22.135944,22.135944,19.924859,17.720045,15.811388,12.649111,9.848858,6.708204,3.605551,1.414214,5.0,9.055385,13.341664,17.464249,21.587033,24.738634,25.96151
20260626_161418,2026-06-26T16:14:30.056157+09:00,skeleton,RX2,10.29563,5.830952,1.0,4.242641,9.219544,12.806248,16.401219,19.416488,20.808652,22.472205,22.472205,22.825424,21.470911,21.023796,19.313208,15.811388,12.165525,9.0,6.403124,7.071068,11.7047,15.652476,20.248457,22.203603,24.207437,24.207437,13.928388,15.297059,16.0,16.278821,16.763055,15.652476,15.0,12.727922,10.816654,8.944272,6.082763,4.123106,4.242641,4.123106,6.082763,8.544004,9.848858,11.661904,13.892444,16.643317,18.867962,20.248457,21.095023,21.633308,20.248457,17.492856
20260626_161418,2026-06-26T16:14:30.084976+09:00,skeleton,RX3,13.0,11.661904,8.602325,8.602325,7.28011,7.071068,8.062258,9.219544,9.219544,10.440307,10.440307,11.401754,11.401754,11.18034,12.165525,11.18034,11.18034,10.440307,9.486833,7.615773,5.830952,4.242641,4.0,4.472136,5.0,7.071068,14.866069,17.804494,21.400935,23.600847,25.238859,23.853721,23.323808,20.59126,17.0,14.317821,11.18034,7.615773,5.0,3.605551,3.0,5.385165,6.708204,9.433981,11.661904,13.892444,15.652476,17.464249,18.384776,18.973666,18.027756,17.088007
20260626_161418,2026-06-26T16:14:30.115382+09:00,skeleton,RX1,5.0,9.0,12.0,14.0,16.0,16.0,16.0,15.033296,13.038405,12.041595,10.049876,9.055385,7.071068,4.123106,2.236068,1.414214,3.162278,6.324555,8.246211,10.198039,12.369317,13.601471,13.601471,13.0,11.7047,9.848858,14.764823,16.552945,17.464249,18.027756,17.088007,14.866069,12.649111,9.486833,5.385165,1.414214,2.0,5.0,8.0,11.0,13.0,14.0,16.0,17.029386,18.027756,18.027756,18.027756,17.029386,14.035669,11.045361,8.062258,4.123106
20260626_161418,2026-06-26T16:14:30.145193+09:00,skeleton,RX2,10.29563,5.09902,2.236068,6.403124,10.630146,15.556349,19.104973,20.615528,22.803509,23.600847,23.021729,22.472205,21.633308,19.723083,17.888544,14.317821,10.440307,6.0,4.472136,8.544004,13.038405,17.804494,21.931712,24.041631,24.758837,24.758837,13.038405,14.142136,15.524175,16.552945,17.204651,16.970563,16.401219,13.892444,11.7047,10.049876,8.062258,6.708204,5.0,6.082763,7.071068,9.486833,11.18034,13.892444,15.811388,18.027756,20.248457,22.203603,23.021729,23.021729,21.633308,18.867962
20260626_161418,2026-06-26T16:14:30.175251+09:00,skeleton,RX3,19.104973,21.095023,21.023796,21.023796,20.0,18.0,17.029386,14.035669,13.038405,11.045361,9.0,8.062258,7.28011,7.211103,7.81025,8.602325,11.18034,12.649111,14.56022,16.492423,17.464249,18.681542,18.681542,17.720045,16.763055,14.866069,17.492856,15.264338,11.661904,7.81025,5.385165,5.0,8.602325,12.529964,14.764823,17.492856,18.027756,19.209373,18.439089,18.439089,17.804494,17.492856,15.652476,15.231546,13.928388,12.083046,10.29563,9.219544,8.602325,10.440307,12.041595,15.033296
20260626_161418,2026-06-26T16:14:30.206889+09:00,skeleton,RX1,26.683328,23.537205,20.615528,16.492423,11.18034,7.071068,3.162278,2.236068,5.0,8.062258,10.29563,12.529964,13.416408,15.231546,16.552945,16.552945,16.552945,17.0,15.652476,12.529964,10.29563,7.211103,4.472136,1.0,2.0,3.162278,5.385165,1.414214,3.0,7.0,12.041595,16.0,19.0,22.0,24.020824,23.086793,23.194827,21.213203,18.248288,16.124515,13.152946,11.045361,7.071068,3.0,1.0,5.385165,9.219544,14.317821,18.439089,22.561028,25.70992,26.683328
20260626_161418,2026-06-26T16:14:30.235354+09:00,skeleton,RX2,7.211103,2.828427,3.162278,8.062258,12.529964,16.643317,19.416488,21.400935,22.803509,22.671568,22.671568,21.931712,20.518285,18.439089,16.401219,13.038405,8.944272,4.123106,3.0,7.211103,12.041595,16.970563,19.849433,22.022716,23.600847,23.021729,14.21267,16.124515,17.088007,17.464249,18.11077,17.0,16.124515,13.601471,11.18034,10.0,7.211103,6.324555,6.082763,6.708204,8.485281,10.0,11.661904,14.764823,15.652476,17.888544,19.235384,21.470911,21.470911,21.470911,19.723083,16.124515
20260626_161418,2026-06-26T16:14:30.264843+09:00,skeleton,RX3,18.973666,18.973666,19.924859,19.646883,18.681542,16.492423,15.297059,13.341664,12.165525,10.198039,9.486833,8.544004,7.211103,8.485281,8.602325,10.29563,11.7047,13.601471,15.524175,16.278821,18.248288,18.248288,18.439089,18.439089,16.492423,14.56022,18.788294,16.552945,13.416408,9.848858,6.082763,3.605551,6.082763,10.0,13.0,14.0,16.124515,16.278821,16.763055,16.552945,16.124515,15.811388,15.620499,14.142136,13.453624,12.727922,10.630146,9.433981,9.486833,10.0,12.165525,14.56022
20260626_161418,2026-06-26T16:14:30.294759+09:00,skeleton,RX1,6.403124,11.661904,14.764823,17.0,18.35756,19.235384,19.235384,17.0,15.652476,14.317821,12.083046,9.848858,7.615773,5.385165,3.162278,3.0,5.385165,8.544004,10.440307,11.7047,13.928388,13.928388,13.0,11.18034,9.433981,17.492856,18.867962,20.248457,19.416488,19.416488,17.029386,14.21267,10.630146,7.071068,2.828427,1.0,5.0,7.81025,10.0,12.806248,15.0,15.0,17.204651,18.601075,18.601075,18.027756,16.643317,14.422205,11.661904,6.708204,2.236068
20260626_161418,2026-06-26T16:14:30.325513+09:00,skeleton,RX2,12.083046,7.28011,3.162278,5.385165,9.433981,13.601471,17.029386,19.849433,21.931712,22.627417,22.627417,22.627417,21.931712,20.615528,18.601075,15.264338,11.7047,9.0,8.602325,10.77033,15.132746,19.0,23.021729,25.079872,25.179357,25.179357,14.21267,15.811388,16.552945,16.492423,17.029386,17.117243,14.866069,13.416408,11.401754,9.899495,7.211103,5.09902,4.123106,4.242641,5.09902,7.071068,9.219544,10.77033,13.0,16.552945,17.888544,20.124612,21.470911,21.954498,21.470911,19.235384
20260626_161418,2026-06-26T16:14:30.355080+09:00,skeleton,RX3,19.416488,20.808652,21.633308,20.248457,19.723083,17.492856,16.124515,13.416408,11.18034,10.29563,8.602325,7.071068,5.830952,6.082763,6.0,8.246211,9.848858,12.083046,13.892444,15.811388,17.492856,17.492856,18.027756,17.492856,15.652476,13.928388,18.681542,16.763055,12.649111,8.544004,3.605551,4.242641,8.544004,12.649111,15.231546,17.464249,19.235384,18.867962,19.416488,18.439089,17.691806,16.278821,15.811388,14.422205,13.038405,10.816654,8.485281,8.062258,7.071068,9.219544,12.529964,15.264338
20260626_161418,2026-06-26T16:14:30.385497+09:00,skeleton,RX1,7.0,11.0,14.0,16.0,18.0,18.0,18.0,17.0,15.0,13.0,12.0,10.0,8.0,5.0,3.162278,1.0,3.162278,5.09902,8.246211,10.198039,12.369317,13.601471,13.601471,13.0,11.7047,9.848858,14.142136,16.278821,17.804494,17.804494,17.204651,14.422205,13.038405,9.433981,5.385165,2.236068,1.414214,4.472136,7.28011,9.486833,11.7047,13.601471,15.811388,16.763055,17.720045,17.720045,17.720045,15.811388,13.928388,10.77033,7.615773,2.828427
20260626_161418,2026-06-26T16:14:30.415362+09:00,skeleton,RX2,17.492856,19.723083,19.723083,19.723083,18.35756,16.552945,14.317821,10.77033,8.246211,5.0,3.162278,3.0,5.0,7.81025,11.401754,13.892444,17.0,18.788294,19.697716,19.313208,18.973666,16.492423,14.317821,11.045361,8.062258,5.385165,9.219544,9.0,10.440307,10.29563,10.630146,10.29563,10.440307,10.0,10.198039,10.440307,10.29563,9.433981,9.219544,8.485281,8.485281,7.81025,7.81025,6.403124,5.830952,4.472136,2.236068,1.414214,3.162278,6.708204,9.433981,13.038405
20260626_161418,2026-06-26T16:14:30.445125+09:00,skeleton,RX3,13.892444,11.401754,9.899495,8.062258,7.28011,8.0,9.055385,9.219544,9.219544,10.440307,11.401754,11.401754,12.165525,12.369317,12.369317,12.165525,12.165525,11.401754,10.440307,8.246211,6.708204,5.0,3.162278,3.162278,5.0,5.656854,14.866069,18.439089,21.260292,23.430749,25.0,23.600847,23.021729,20.248457,16.124515,13.892444,10.29563,7.211103,5.0,4.123106,4.472136,6.403124,8.485281,10.630146,12.806248,14.422205,15.811388,17.492856,19.235384,19.235384,18.788294,17.464249
20260626_161418,2026-06-26T16:14:30.474958+09:00,skeleton,RX1,6.403124,10.0,14.422205,16.643317,17.492856,17.492856,17.492856,16.124515,15.264338,13.892444,11.661904,9.433981,6.708204,4.472136,1.414214,1.414214,3.605551,6.403124,10.0,11.401754,13.453624,13.453624,14.142136,13.453624,12.806248,10.630146,16.03122,17.0,18.0,19.026298,17.029386,16.03122,13.152946,9.055385,5.09902,2.0,2.236068,5.385165,8.246211,11.401754,13.601471,15.811388,17.720045,18.973666,18.973666,18.973666,18.681542,17.720045,15.524175,11.401754,8.246211,4.0
20260626_161418,2026-06-26T16:14:30.505748+09:00,skeleton,RX2,9.433981,6.324555,3.0,3.162278,7.211103,10.0,12.727922,14.866069,17.029386,17.804494,17.204651,17.492856,17.492856,15.652476,14.317821,11.7047,9.219544,6.082763,4.242641,6.082763,10.29563,12.806248,16.278821,17.691806,19.209373,19.209373,13.038405,13.152946,13.601471,13.892444,13.453624,12.806248,12.529964,11.401754,10.049876,9.055385,7.615773,6.403124,6.403124,6.324555,6.0,7.28011,8.544004,10.29563,11.661904,13.601471,15.0,16.401219,17.204651,17.804494,17.204651,15.811388
20260626_161418,2026-06-26T16:14:30.535312+09:00,skeleton,RX3,19.416488,19.416488,20.223748,19.104973,18.11077,17.029386,15.0,13.0,11.0,9.055385,8.062258,7.28011,6.708204,7.211103,7.81025,9.433981,11.18034,13.0,14.866069,17.088007,18.027756,18.384776,18.384776,17.464249,16.552945,14.764823,17.691806,15.556349,12.727922,8.602325,5.385165,4.242641,7.615773,10.198039,13.341664,15.524175,17.088007,17.464249,17.0,17.204651,16.278821,14.866069,14.21267,13.038405,12.529964,10.816654,10.0,9.219544,8.544004,10.049876,12.041595,14.142136
20260626_161418,2026-06-26T16:14:30.564881+09:00,skeleton,RX1,25.019992,22.022716,18.027756,15.033296,10.049876,6.082763,2.236068,2.828427,5.385165,8.246211,10.198039,12.165525,13.341664,14.142136,16.278821,16.278821,16.278821,15.297059,14.317821,12.369317,9.219544,6.082763,4.123106,1.414214,2.236068,4.242641,4.242641,1.414214,3.162278,7.615773,10.77033,14.866069,17.720045,19.646883,20.615528,21.587033,21.377558,19.416488,17.262677,14.142136,12.165525,10.198039,6.082763,3.162278,1.0,5.0,9.055385,13.038405,18.027756,21.095023,24.083189,26.019224
20260626_161418,2026-06-26T16:14:30.595330+09:00,skeleton,RX2,18.0,19.0,20.0,19.0,18.027756,16.124515,13.152946,10.198039,7.28011,4.472136,2.236068,2.236068,5.0,8.062258,11.18034,14.317821,16.763055,18.681542,19.924859,20.248457,19.697716,17.888544,15.264338,11.401754,8.485281,5.385165,8.944272,10.198039,10.0,10.440307,10.816654,10.630146,10.816654,10.77033,10.198039,10.049876,10.049876,10.198039,9.219544,8.544004,8.544004,7.615773,6.708204,6.708204,5.0,3.605551,2.236068,1.414214,3.162278,6.0,10.0,13.038405
20260626_161418,2026-06-26T16:14:30.626113+09:00,skeleton,RX3,18.788294,19.697716,21.023796,20.124612,18.35756,17.492856,15.811388,13.601471,12.206556,9.433981,8.944272,7.615773,7.28011,7.0,8.062258,9.486833,10.77033,12.529964,14.422205,15.811388,17.492856,18.027756,17.492856,17.0,16.552945,14.317821,18.439089,16.278821,12.369317,8.544004,5.0,5.09902,8.602325,12.041595,14.21267,16.401219,18.027756,18.35756,17.888544,18.027756,16.492423,16.124515,15.033296,14.0,13.038405,11.0,10.049876,9.219544,9.433981,11.313708,13.038405,15.652476
20260626_161418,2026-06-26T16:14:30.655232+09:00,skeleton,RX1,5.385165,9.219544,12.369317,14.317821,16.492423,16.492423,16.492423,15.297059,13.341664,12.165525,10.198039,8.062258,6.0,4.0,2.236068,2.236068,4.242641,6.403124,8.602325,10.816654,12.206556,14.21267,13.453624,13.453624,12.041595,10.630146,14.866069,16.401219,17.204651,18.027756,16.643317,15.264338,11.661904,9.433981,5.0,2.236068,3.162278,6.082763,9.0,11.0,13.0,14.0,16.03122,17.0,18.0,18.0,18.027756,16.0,14.035669,12.0,8.062258,3.162278
