sample_id_pose,frame_idx,pose_idx,time_sec,original_fps,target_fps,kp_0_x,kp_0_y,kp_0_z,kp_0_visibility,kp_1_x,kp_1_y,kp_1_z,kp_1_visibility,kp_2_x,kp_2_y,kp_2_z,kp_2_visibility,kp_3_x,kp_3_y,kp_3_z,kp_3_visibility,kp_4_x,kp_4_y,kp_4_z,kp_4_visibility,kp_5_x,kp_5_y,kp_5_z,kp_5_visibility,kp_6_x,kp_6_y,kp_6_z,kp_6_visibility,kp_7_x,kp_7_y,kp_7_z,kp_7_visibility,kp_8_x,kp_8_y,kp_8_z,kp_8_visibility,kp_9_x,kp_9_y,kp_9_z,kp_9_visibility,kp_10_x,kp_10_y,kp_10_z,kp_10_visibility,kp_11_x,kp_11_y,kp_11_z,kp_11_visibility,kp_12_x,kp_12_y,kp_12_z,kp_12_visibility,kp_13_x,kp_13_y,kp_13_z,kp_13_visibility,kp_14_x,kp_14_y,kp_14_z,kp_14_visibility,kp_15_x,kp_15_y,kp_15_z,kp_15_visibility,kp_16_x,kp_16_y,kp_16_z,kp_16_visibility,kp_17_x,kp_17_y,kp_17_z,kp_17_visibility,kp_18_x,kp_18_y,kp_18_z,kp_18_visibility,kp_19_x,kp_19_y,kp_19_z,kp_19_visibility,kp_20_x,kp_20_y,kp_20_z,kp_20_visibility,kp_21_x,kp_21_y,kp_21_z,kp_21_visibility,kp_22_x,kp_22_y,kp_22_z,kp_22_visibility,kp_23_x,kp_23_y,kp_23_z,kp_23_visibility,kp_24_x,kp_24_y,kp_24_z,kp_24_visibility,kp_25_x,kp_25_y,kp_25_z,kp_25_visibility,kp_26_x,kp_26_y,kp_26_z,kp_26_visibility,kp_27_x,kp_27_y,kp_27_z,kp_27_visibility,kp_28_x,kp_28_y,kp_28_z,kp_28_visibility,kp_29_x,kp_29_y,kp_29_z,kp_29_visibility,kp_30_x,kp_30_y,kp_30_z,kp_30_visibility,kp_31_x,kp_31_y,kp_31_z,kp_31_visibility,kp_32_x,kp_32_y,kp_32_z,kp_32_visibility,sample_id_csi,rx1_sub_0,rx1_sub_1,rx1_sub_2,rx1_sub_3,rx1_sub_4,rx1_sub_5,rx1_sub_6,rx1_sub_7,rx1_sub_8,rx1_sub_9,rx1_sub_10,rx1_sub_11,rx1_sub_12,rx1_sub_13,rx1_sub_14,rx1_sub_15,rx1_sub_16,rx1_sub_17,rx1_sub_18,rx1_sub_19,rx1_sub_20,rx1_sub_21,rx1_sub_22,rx1_sub_23,rx1_sub_24,rx1_sub_25,rx1_sub_26,rx1_sub_27,rx1_sub_28,rx1_sub_29,rx1_sub_30,rx1_sub_31,rx1_sub_32,rx1_sub_33,rx1_sub_34,rx1_sub_35,rx1_sub_36,rx1_sub_37,rx1_sub_38,rx1_sub_39,rx1_sub_40,rx1_sub_41,rx1_sub_42,rx1_sub_43,rx1_sub_44,rx1_sub_45,rx1_sub_46,rx1_sub_47,rx1_sub_48,rx1_sub_49,rx1_sub_50,rx1_sub_51,rx2_sub_0,rx2_sub_1,rx2_sub_2,rx2_sub_3,rx2_sub_4,rx2_sub_5,rx2_sub_6,rx2_sub_7,rx2_sub_8,rx2_sub_9,rx2_sub_10,rx2_sub_11,rx2_sub_12,rx2_sub_13,rx2_sub_14,rx2_sub_15,rx2_sub_16,rx2_sub_17,rx2_sub_18,rx2_sub_19,rx2_sub_20,rx2_sub_21,rx2_sub_22,rx2_sub_23,rx2_sub_24,rx2_sub_25,rx2_sub_26,rx2_sub_27,rx2_sub_28,rx2_sub_29,rx2_sub_30,rx2_sub_31,rx2_sub_32,rx2_sub_33,rx2_sub_34,rx2_sub_35,rx2_sub_36,rx2_sub_37,rx2_sub_38,rx2_sub_39,rx2_sub_40,rx2_sub_41,rx2_sub_42,rx2_sub_43,rx2_sub_44,rx2_sub_45,rx2_sub_46,rx2_sub_47,rx2_sub_48,rx2_sub_49,rx2_sub_50,rx2_sub_51,rx3_sub_0,rx3_sub_1,rx3_sub_2,rx3_sub_3,rx3_sub_4,rx3_sub_5,rx3_sub_6,rx3_sub_7,rx3_sub_8,rx3_sub_9,rx3_sub_10,rx3_sub_11,rx3_sub_12,rx3_sub_13,rx3_sub_14,rx3_sub_15,rx3_sub_16,rx3_sub_17,rx3_sub_18,rx3_sub_19,rx3_sub_20,rx3_sub_21,rx3_sub_22,rx3_sub_23,rx3_sub_24,rx3_sub_25,rx3_sub_26,rx3_sub_27,rx3_sub_28,rx3_sub_29,rx3_sub_30,rx3_sub_31,rx3_sub_32,rx3_sub_33,rx3_sub_34,rx3_sub_35,rx3_sub_36,rx3_sub_37,rx3_sub_38,rx3_sub_39,rx3_sub_40,rx3_sub_41,rx3_sub_42,rx3_sub_43,rx3_sub_44,rx3_sub_45,rx3_sub_46,rx3_sub_47,rx3_sub_48,rx3_sub_49,rx3_sub_50,rx3_sub_51
hoyeon_stand_normal_01,0,0,0.0,29.998360745314464,10,0.5484283566474915,0.6768295764923096,-0.0589265003800392,0.9990378618240356,0.5443168878555298,0.6866321563720703,-0.0446848757565021,0.9986844658851624,0.5416069626808167,0.6859450340270996,-0.0447183884680271,0.9984681010246276,0.5389302372932434,0.6847748756408691,-0.0447515025734901,0.99854576587677,0.5519276261329651,0.6874209642410278,-0.0443346463143825,0.99812513589859,0.5550447702407837,0.68729567527771,-0.0443444028496742,0.9977805018424988,0.5584002137184143,0.6868250370025635,-0.0443581230938434,0.9980441331863404,0.5336790680885315,0.6769202947616577,0.0362340994179248,0.9984248876571656,0.5623588562011719,0.6793358325958252,0.0388264656066894,0.9976054430007936,0.5436371564865112,0.6627997756004333,-0.028196096420288,0.998748540878296,0.5530979037284851,0.6641695499420166,-0.0275690797716379,0.9984164237976074,0.516090989112854,0.610817015171051,0.0582729205489158,0.999461591243744,0.5791056752204895,0.6038654446601868,0.0500118248164653,0.998965620994568,0.509279727935791,0.5337521433830261,-0.0482196025550365,0.9670735597610474,0.5831800103187561,0.5279654860496521,-0.0589822307229042,0.9647720456123352,0.5391929745674133,0.6064554452896118,-0.1514825671911239,0.9729103446006776,0.5609524846076965,0.6111087203025818,-0.1729173362255096,0.9726899862289428,0.545272171497345,0.6257361173629761,-0.1801419258117675,0.9329089522361756,0.5575864315032959,0.6331660747528076,-0.2018282860517501,0.9297181367874146,0.544725239276886,0.6304960250854492,-0.16670623421669,0.9266150593757628,0.559282124042511,0.638958215713501,-0.1945895701646804,0.919903576374054,0.5437472462654114,0.6246897578239441,-0.1495223045349121,0.905082643032074,0.5587751865386963,0.6308340430259705,-0.1735040098428726,0.8986003994941711,0.5261405110359192,0.4197605550289154,0.003823425155133,0.9995077848434448,0.5684777498245239,0.4217006266117096,-0.0037323306314647,0.9991775155067444,0.5256690382957458,0.2668555676937103,-0.0375531688332557,0.927375853061676,0.572454571723938,0.2681304216384887,-0.0305090751498937,0.8471027612686157,0.5299700498580933,0.1289142072200775,0.0783835723996162,0.8678685426712036,0.5730969309806824,0.1291391253471374,0.0855685323476791,0.7814996838569641,0.5336625576019287,0.1122279465198516,0.0854913815855979,0.4456342160701751,0.5725845694541931,0.1148325204849243,0.092181921005249,0.3243028521537781,0.5320488214492798,0.0828271806240081,-0.0120028275996446,0.8252798318862915,0.5735200643539429,0.08619424700737,-0.0079116094857454,0.7478740811347961,hoyeon_stand_normal_01,23.4094,23.706539,22.472205,20.808652,17.804494,14.21267,12.206556,8.944272,7.28011,7.0,7.28011,8.944272,9.433981,12.206556,13.601471,15.811388,17.204651,19.723083,20.124612,19.313208,18.973666,16.763055,13.601471,9.848858,8.485281,8.544004,14.866069,14.317821,13.416408,12.529964,11.18034,9.486833,8.062258,8.062258,9.219544,9.848858,10.77033,11.7047,12.649111,12.649111,12.369317,13.341664,12.165525,12.165525,11.18034,9.219544,8.544004,7.81025,8.944272,12.369317,15.297059,18.439089,15.14487,14.9230445,14.5,12.924975,11.655665,10.2589555,10.920475,12.1700875,13.0827625,13.5990195,14.031129,14.5413815,14.091135,13.509612,15.0369865,17.147344,18.7382025,18.902699,18.9763075,17.0140695,15.3738035,12.2686025,14.482076,17.7209005,19.0393195,20.4571655,3.915476,4.1622775,4.347162,4.758089,4.6225205,4.352285500000001,3.8643285,3.2393545,2.6213205,2.9208095,3.605551,4.081139,4.496615,4.854102,4.935241,5.610662,5.925881,6.267197,7.1925825,7.7720495,8.920698999999999,9.330952,10.641869,11.7794655,13.5836155,14.5504045,16.978336,14.686841,12.407318,8.744138,6.555664,4.736068,5.5908915,7.8390155,10.2468345,12.1242855,14.686841,16.5596135,17.3600225,19.2607305,20.2242935,20.819662,20.4624295,19.499325,17.133132,13.5178345,9.7434165,5.09902,3.642692,7.245606499999999,11.086042,14.591945,4.736068,4.0,4.6213205,6.9596535,10.3679685,13.8297425,16.03856,17.804294499999997,18.2541695,18.192658,18.192658,17.2904315,15.521467,13.5089395,12.144801,10.532979999999998,9.353188500000002,8.623105500000001,8.123105500000001,10.0234485,11.531829,13.910416,15.521467,17.5578815,18.447859,19.3483745
hoyeon_stand_normal_01,3,1,0.1000054644808743,29.998360745314464,10,0.5484673976898193,0.676392674446106,-0.0431134775280952,0.9989752769470216,0.544316828250885,0.6864606738090515,-0.0304243564605712,0.9985459446907043,0.5416191220283508,0.6858498454093933,-0.0304585639387369,0.9983450174331664,0.5390557646751404,0.6847618222236633,-0.030499817803502,0.9984416961669922,0.5519577264785767,0.6872705817222595,-0.0292074158787727,0.9979277849197388,0.5550447702407837,0.6872110366821289,-0.0292116105556488,0.9975631833076476,0.5583256483078003,0.6867997050285339,-0.02921749278903,0.99786114692688,0.5345315337181091,0.6769342422485352,0.0432712063193321,0.9982860088348388,0.561916172504425,0.6793656349182129,0.0506122186779975,0.9973022937774658,0.5435478687286377,0.6627442240715027,-0.0146801210939884,0.9986099004745485,0.553101658821106,0.6641064286231995,-0.0126699404790997,0.99821275472641,0.5151827931404114,0.6106746792793274,0.0626851692795753,0.9994688630104064,0.5791096091270447,0.6039859056472778,0.0641746148467063,0.998952567577362,0.5102919936180115,0.5317167043685913,-0.0257820654660463,0.9657715559005736,0.5815818905830383,0.5264121890068054,-0.0248081926256418,0.9629994034767152,0.5407474637031555,0.6034436225891113,-0.1070794686675071,0.9715182185173036,0.5541563034057617,0.6061087846755981,-0.1198561862111091,0.9707329273223876,0.546290934085846,0.6254076957702637,-0.1317912191152572,0.9307494759559632,0.5493375062942505,0.6273959875106812,-0.1465051621198654,0.9258180856704712,0.5449339151382446,0.6306836009025574,-0.1202331632375717,0.924331784248352,0.5512147545814514,0.6353108286857605,-0.138611152768135,0.915608525276184,0.5438584089279175,0.6243979334831238,-0.1050745546817779,0.9022188782691956,0.5522428750991821,0.6271204352378845,-0.1197830811142921,0.8933373689651489,0.5260961055755615,0.4211716651916504,0.0022083511576056,0.9995070695877076,0.5685624480247498,0.4237321317195892,-0.0021090630907565,0.9991703629493712,0.5256796479225159,0.2669556140899658,-0.0363217517733573,0.930438995361328,0.5724475979804993,0.2686825096607208,-0.0243994165211915,0.8540784120559692,0.5298100709915161,0.1281009465456009,0.0735803768038749,0.8735479712486267,0.5732640027999878,0.1291293352842331,0.0858776345849037,0.789175808429718,0.5332543849945068,0.1114947721362114,0.0798426792025566,0.4439332783222198,0.5725679993629456,0.1140519306063652,0.0923512503504753,0.3288822770118713,0.5321947336196899,0.0781305953860282,-0.0199854560196399,0.8306375741958618,0.5733630061149597,0.08214021474123,-0.0049747643060982,0.7553443908691406,hoyeon_stand_normal_01,23.086793,24.0,23.086793,21.213203,18.439089,15.297059,13.152946,10.0,8.062258,8.944272,8.602325,9.899495,11.401754,13.038405,15.264338,16.643317,19.416488,20.615528,21.931712,21.931712,20.615528,18.601075,15.811388,12.041595,9.433981,10.198039,13.152946,13.038405,12.041595,11.0,10.049876,8.246211,7.615773,7.81025,8.485281,10.0,10.816654,11.401754,12.806248,12.041595,12.727922,12.727922,12.041595,12.041595,10.630146,9.899495,8.602325,8.246211,9.0,13.152946,16.492423,19.416488,20.248457,18.601075,15.0,11.313708,7.211103,5.09902,7.071068,10.77033,13.601471,17.464249,20.396078,22.36068,24.515301,26.683328,28.160256,27.202941,26.925824,24.166092,20.124612,15.264338,9.219544,2.0,6.708204,13.038405,18.439089,23.345235,5.09902,6.324555,6.324555,6.708204,5.830952,4.472136,3.605551,2.236068,1.0,2.236068,3.605551,3.605551,5.0,6.403124,7.071068,7.071068,7.211103,7.615773,8.246211,9.055385,10.049876,12.369317,15.231546,17.0,18.867962,20.248457,18.973666,17.088007,13.928388,10.198039,8.0,5.385165,6.403124,8.944272,10.77033,13.601471,16.155494,17.888544,19.723083,21.633308,22.022716,21.931712,23.345235,21.260292,18.439089,15.620499,10.630146,7.211103,3.605551,7.28011,11.045361,15.033296,5.09902,3.605551,5.09902,8.544004,12.529964,15.264338,18.867962,20.59126,21.470911,21.470911,20.124612,19.697716,18.384776,16.155494,13.928388,11.18034,10.0,9.219544,9.433981,10.77033,13.341664,15.132746,17.262677,20.223748,21.377558,20.615528
hoyeon_stand_normal_01,6,2,0.2000109289617486,29.998360745314464,10,0.5481435060501099,0.6754857301712036,-0.038210455328226,0.9989221096038818,0.5440595149993896,0.6860626935958862,-0.0251912232488393,0.9984145164489746,0.5414887070655823,0.6854861378669739,-0.025223197415471,0.9982272386550904,0.5390557646751404,0.6845552921295166,-0.0252675823867321,0.9983416795730592,0.5517305731773376,0.686846137046814,-0.0243670586496591,0.9977385997772216,0.554730236530304,0.6869274377822876,-0.0243684276938438,0.9973565936088562,0.5577129125595093,0.686672031879425,-0.02436432428658,0.997700035572052,0.53482985496521,0.6769343018531799,0.0489402040839195,0.9981389045715332,0.5613077282905579,0.6793752312660217,0.0549645870923996,0.9970054030418396,0.5430967211723328,0.662582278251648,-0.0095084160566329,0.9984789490699768,0.5528005361557007,0.6639286279678345,-0.0079255709424614,0.998037338256836,0.5145445466041565,0.6106511950492859,0.0693816915154457,0.999483287334442,0.5791098475456238,0.6039365530014038,0.0717139616608619,0.9989317059516908,0.5102761387825012,0.5291730165481567,-0.0132154338061809,0.9645074009895324,0.5814507603645325,0.523120105266571,-0.0084225665777921,0.9618473649024964,0.5409234762191772,0.600396990776062,-0.0922242105007171,0.9700725078582764,0.5524569749832153,0.602687656879425,-0.0946867763996124,0.9692962765693665,0.5463449954986572,0.6245673894882202,-0.1164019405841827,0.9280924201011658,0.5471279621124268,0.6245937347412109,-0.1203168928623199,0.9224125146865844,0.5449307560920715,0.6306803226470947,-0.1041445508599281,0.9214003086090088,0.5490884184837341,0.6334012150764465,-0.1121029704809188,0.9117853045463562,0.5438380837440491,0.6233112215995789,-0.0898802429437637,0.8984801173210144,0.5503138303756714,0.6245329976081848,-0.0941653475165367,0.8884385824203491,0.525895893573761,0.42177215218544,0.0013194240164011,0.9995093941688538,0.568576991558075,0.4247655570507049,-0.0012113655684515,0.9991661906242372,0.5257101655006409,0.2669412493705749,-0.0349768064916133,0.933588445186615,0.5722630023956299,0.2690589129924774,-0.0241812728345394,0.8609253168106079,0.5298107862472534,0.1281051188707351,0.0766708627343177,0.8798670768737793,0.5736318826675415,0.1294694691896438,0.088945560157299,0.7986016273498535,0.5332432389259338,0.1114585697650909,0.0833468437194824,0.4448289573192596,0.5726349353790283,0.1140545606613159,0.0957757756114006,0.3367663621902466,0.5331882834434509,0.0761371850967407,-0.0183740872889757,0.8370876908302307,0.5731963515281677,0.0802481323480606,-0.0003715596976689,0.764947235584259,hoyeon_stand_normal_01,16.6726175,15.944619499999998,16.0115265,15.1242285,14.57738,13.9193065,12.8597875,11.7686825,11.1900395,10.140055,10.5,10.651295,11.086042,11.544709,12.0428065,12.4126565,12.876305,13.552141,14.5117265,15.6953265,16.512492,16.905694,17.156604,16.034578500000002,14.767765999999998,15.354073499999998,10.043179,11.0083985,11.683302,11.7251645,11.7932165,11.3409725,10.9777335,10.6789255,10.535534,10.5,10.5,9.5,9.5563315,8.2568655,8.582762500000001,9.24504,9.236411,10.2201535,10.7434165,11.031129,12.0,12.409487,13.8603325,15.539196,17.281802,17.4703315,23.537205,22.561028,19.646883,14.866069,10.29563,7.211103,7.071068,10.0,14.142136,17.804494,21.400935,24.207437,27.018512,29.068884,31.144823,31.112698,29.732137,27.018512,23.021729,17.492856,10.77033,2.236068,7.071068,14.764823,21.540659,26.925824,6.403124,7.071068,6.403124,6.403124,5.830952,3.605551,2.0,1.414214,3.605551,5.385165,6.324555,7.615773,7.615773,8.544004,8.944272,9.433981,9.219544,9.219544,10.29563,11.7047,14.142136,16.03122,19.104973,22.36068,24.515301,13.478330499999998,16.0,14.0,11.0,9.0,5.385165,5.0,5.09902,8.0,10.0,13.038405,14.0,15.033296,17.117243,17.464249,18.973666,19.697716,18.788294,18.35756,15.264338,12.529964,8.944272,5.0,4.472136,8.0,11.18034,14.317821,6.403124,4.472136,5.385165,7.81025,11.313708,14.21267,16.278821,18.439089,19.104973,19.104973,19.104973,17.029386,14.866069,13.453624,12.041595,10.630146,7.81025,8.062258,8.062258,9.0,11.18034,13.341664,15.297059,17.464249,18.248288,19.104973
hoyeon_stand_normal_01,9,3,0.3000163934426229,29.998360745314464,10,0.5481414794921875,0.6744493246078491,-0.0353341139853,0.9988881945610046,0.5439967513084412,0.6856945753097534,-0.0223995726555585,0.9983208775520324,0.5414607524871826,0.6851632595062256,-0.0224288366734981,0.998146653175354,0.539065420627594,0.6843306422233582,-0.0224727019667625,0.9982696175575256,0.5517027378082275,0.6863849759101868,-0.0213461015373468,0.9976083636283876,0.5546560883522034,0.6865866780281067,-0.0213488265872001,0.9972167015075684,0.5575252771377563,0.6865249276161194,-0.0213422812521457,0.9975932240486144,0.5349470376968384,0.6769335269927979,0.0522023774683475,0.998035490512848,0.5608294606208801,0.6793959736824036,0.0591610223054885,0.9968170523643494,0.5429585576057434,0.6622649431228638,-0.006387089844793,0.9983972311019896,0.5527378916740417,0.6635974645614624,-0.0045189773663878,0.9979358911514282,0.5139954090118408,0.610657811164856,0.0736295729875564,0.9994996190071106,0.5791096091270447,0.6041349768638611,0.0769169628620147,0.99894118309021,0.5101185441017151,0.5278869271278381,-0.0104379523545503,0.963706076145172,0.5814240574836731,0.5219064950942993,-0.0025041981134563,0.9615705609321594,0.5408822894096375,0.5982794165611267,-0.0922952443361282,0.9690687656402588,0.5523043274879456,0.6007739901542664,-0.090014599263668,0.9687762260437012,0.5463314056396484,0.6235201358795166,-0.1169196590781211,0.9262357354164124,0.5469894409179688,0.6226440668106079,-0.1158535555005073,0.920914888381958,0.5447751879692078,0.6305448412895203,-0.1046269088983535,0.9193193316459656,0.5490201115608215,0.6318185925483704,-0.1075565814971923,0.9100924134254456,0.5436115264892578,0.6223191022872925,-0.0899962410330772,0.8957412242889404,0.5501706004142761,0.6228915452957153,-0.0894707441329956,0.8860494494438171,0.5258552432060242,0.421911358833313,0.0007617472438141,0.9995160102844238,0.5686569213867188,0.4247995913028717,-0.0006483037141151,0.9991738200187684,0.5257546901702881,0.2665531039237976,-0.0349344238638877,0.9368863105773926,0.572204053401947,0.2690594792366028,-0.0247544962912797,0.8682919144630432,0.5298987030982971,0.1281418055295944,0.0781904086470604,0.8860835433006287,0.5738486051559448,0.1295730769634246,0.0920683890581131,0.8073767423629761,0.533277690410614,0.1112244799733161,0.0852158218622207,0.4490454196929931,0.572671115398407,0.1140331998467445,0.099521204829216,0.3449365794658661,0.5337981581687927,0.0750617608428001,-0.0168350916355848,0.8436090350151062,0.5730214715003967,0.0791835114359855,0.0041630510240793,0.7737395763397217,hoyeon_stand_normal_01,23.021729,23.021729,22.203603,19.416488,17.464249,14.56022,12.165525,9.0,8.246211,8.062258,7.81025,9.219544,10.816654,12.529964,13.416408,15.652476,17.0,18.867962,19.416488,20.0,18.439089,16.278821,13.453624,10.630146,7.615773,8.062258,12.369317,12.649111,12.083046,11.18034,8.944272,7.615773,6.082763,5.09902,6.708204,7.81025,9.219544,10.630146,11.401754,11.401754,12.206556,11.661904,11.18034,10.77033,9.848858,8.062258,7.071068,6.708204,8.062258,11.18034,14.317821,18.248288,8.944272,10.440307,12.165525,14.142136,14.035669,14.035669,14.0,12.0,11.045361,9.055385,7.071068,4.123106,1.414214,1.414214,5.09902,9.055385,12.041595,16.124515,19.104973,22.203603,24.33105,24.515301,24.738634,23.086793,21.18962,17.464249,2.828427,3.162278,3.0,4.123106,4.472136,5.0,5.830952,5.830952,5.830952,5.830952,5.830952,5.830952,5.0,4.242641,3.605551,3.162278,3.0,3.162278,3.605551,4.242641,5.830952,6.324555,6.082763,7.0,6.324555,6.708204,16.401219,13.453624,11.401754,8.062258,5.09902,5.385165,7.071068,8.602325,10.816654,13.601471,16.401219,17.691806,19.104973,21.260292,21.400935,23.021729,21.954498,20.59126,17.888544,14.317821,10.29563,5.656854,4.123106,6.708204,11.7047,14.56022,5.830952,3.0,4.123106,7.071068,11.0,14.035669,16.03122,18.027756,19.0,18.0,18.027756,17.029386,14.035669,13.038405,11.0,9.055385,8.246211,8.062258,7.81025,9.219544,11.661904,13.416408,14.764823,17.0,18.027756,18.027756
hoyeon_stand_normal_01,12,4,0.4000218579234972,29.998360745314464,10,0.5480281114578247,0.6710706949234009,-0.0329173132777214,0.998768985271454,0.5437207818031311,0.683958888053894,-0.0202577635645866,0.9980815052986144,0.541230320930481,0.6833592653274536,-0.0202889814972877,0.997906506061554,0.5390204787254333,0.6826167106628418,-0.0203338209539651,0.9980366230010986,0.5515256524085999,0.6849950551986694,-0.018990246579051,0.9973132610321044,0.5543811321258545,0.6853572726249695,-0.0189955551177263,0.996892750263214,0.5570552945137024,0.685469925403595,-0.018991770222783,0.997343122959137,0.5349408984184265,0.6760837435722351,0.0550559423863887,0.9977871179580688,0.5602442622184753,0.6791640520095825,0.0630162209272384,0.996457576751709,0.5426722168922424,0.6603328585624695,-0.0034551145508885,0.9982216358184814,0.5525740385055542,0.6612694263458252,-0.001276075025089,0.997749388217926,0.5135101079940796,0.6102961897850037,0.0768899396061897,0.9995113015174866,0.5791148543357849,0.6040745973587036,0.0834644585847854,0.9989485144615172,0.5099130272865295,0.5262997150421143,-0.0086133824661374,0.9627962112426758,0.5817548036575317,0.5172521471977234,0.004818401299417,0.9610253572463988,0.5415314435958862,0.5922821760177612,-0.0958419814705848,0.9674153327941896,0.5530206561088562,0.5942791700363159,-0.0880283266305923,0.968066155910492,0.5468839406967163,0.6169934868812561,-0.1215354353189468,0.9231834411621094,0.5480687618255615,0.6162086129188538,-0.1147084012627601,0.919147491455078,0.5451393723487854,0.625177264213562,-0.108837641775608,0.9159127473831176,0.5500109791755676,0.6255803108215332,-0.1061670929193496,0.9081825017929076,0.5439884662628174,0.6170430779457092,-0.093363732099533,0.8912338018417358,0.5508719086647034,0.6175780892372131,-0.0873899608850479,0.8832153677940369,0.5258267521858215,0.4214785099029541,0.0001888535625766,0.9995144009590148,0.5688133835792542,0.4240784347057342,-6.553942512255162e-05,0.9991650581359864,0.525809109210968,0.2653080821037292,-0.0397952087223529,0.9398645162582396,0.5721395015716553,0.2683203518390655,-0.0275940727442502,0.8744370937347412,0.5302384495735168,0.1273102015256881,0.0781974345445633,0.8912996649742126,0.5738465189933777,0.1294655054807663,0.0948499664664268,0.8143333196640015,0.533797025680542,0.1104213595390319,0.085437037050724,0.4542496800422668,0.5726040005683899,0.1137574315071106,0.1030180975794792,0.3526573181152344,0.5339975357055664,0.0740578100085258,-0.0165302660316228,0.8485620021820068,0.5728064775466919,0.0778031647205352,0.007306701503694,0.7799628973007202,hoyeon_stand_normal_01,25.612497,25.238859,23.706539,20.615528,18.027756,13.928388,11.18034,8.485281,8.062258,8.246211,10.049876,11.045361,13.038405,15.033296,16.03122,17.117243,18.11077,18.248288,19.235384,18.439089,16.492423,14.56022,12.165525,10.0,8.544004,9.219544,13.601471,13.453624,12.727922,11.313708,10.0,8.602325,8.544004,9.055385,11.0,12.0,13.0,13.0,13.038405,13.152946,13.152946,12.165525,12.369317,11.18034,10.198039,9.0,8.246211,9.433981,11.313708,15.0,19.209373,21.931712,15.165667,13.9470885,11.3494935,8.564484,6.737096,7.164487,9.3261005,12.6916295,15.577747,18.206266,21.328552,23.140568,24.9178035,25.87461,27.317847,25.8719535,25.53667,22.6384735,19.1171045,13.535658,7.0725105,2.236068,7.807536,14.4248965,20.4112085,25.123067,5.6080585,6.994157,8.5588215,9.8011625,9.8913325,9.757475,8.791732,7.5,5.656854,4.061209,3.5413815,4.2803115,5.0043375,5.701562,7.232691,8.125990999999999,9.1252785,10.310649000000002,11.1846585,12.261002,12.6530855,13.635026,14.46287,15.3007355,16.6235545,16.658821500000002,11.661904,13.892444,15.264338,16.124515,16.643317,16.401219,15.620499,13.453624,12.727922,11.401754,9.219544,7.071068,5.0,3.162278,3.605551,6.403124,8.944272,12.083046,15.231546,17.888544,20.124612,21.470911,21.954498,20.59126,18.867962,15.264338,14.317821,15.231546,16.552945,15.652476,15.652476,13.416408,11.18034,8.544004,6.082763,5.09902,4.242641,5.385165,6.082763,8.062258,9.055385,10.049876,11.045361,11.18034,11.18034,11.18034,11.18034,10.198039,9.055385,8.062258,7.615773,8.602325
hoyeon_stand_normal_01,15,5,0.5000273224043715,29.998360745314464,10,0.5482031106948853,0.6725589036941528,-0.0374594517052173,0.9988396763801576,0.5437623858451843,0.6850013732910156,-0.0243852864950895,0.9981865882873536,0.541246235370636,0.6845349073410034,-0.0244171805679798,0.9980267882347108,0.5390214920043945,0.6839960217475891,-0.0244590751826763,0.9981364011764526,0.5515661239624023,0.6854356527328491,-0.0232313182204961,0.9974657893180848,0.5543823838233948,0.685590922832489,-0.0232378598302602,0.997075855731964,0.5570219159126282,0.6856288313865662,-0.023232789710164,0.9974992275238036,0.5348489880561829,0.6771149039268494,0.0520909614861011,0.9979061484336852,0.5598867535591125,0.6795650720596313,0.0609667971730232,0.9966676235198976,0.5427476167678833,0.6608881950378418,-0.0078002330847084,0.9983393549919128,0.5525901317596436,0.6617869138717651,-0.0057299449108541,0.9979117512702942,0.5128870606422424,0.6087630987167358,0.0779720246791839,0.9995458722114564,0.5791147947311401,0.6028707027435303,0.093654066324234,0.9990167021751404,0.5087206363677979,0.5177109837532043,0.0066943517886102,0.9620309472084044,0.5833816528320312,0.5120300650596619,0.0275900978595018,0.961410403251648,0.5412448644638062,0.5634662508964539,-0.0857668220996856,0.9669620394706726,0.5550608038902283,0.5620324611663818,-0.0812300890684127,0.9686833620071412,0.5469618439674377,0.5843208432197571,-0.1121817454695701,0.922528862953186,0.5485353469848633,0.5833480358123779,-0.1088395118713378,0.9205909967422484,0.5452909469604492,0.5940440893173218,-0.1029534861445427,0.9152113795280457,0.5504233837127686,0.5913054347038269,-0.1027292758226394,0.9097825288772584,0.5439859628677368,0.5883705019950867,-0.0843720287084579,0.8896353244781494,0.5511410236358643,0.5854708552360535,-0.0815218389034271,0.8846004605293274,0.5257308483123779,0.4203541874885559,-0.0003943695046473,0.9995310306549072,0.5689148306846619,0.42288339138031,0.000520660309121,0.999191164970398,0.5258741974830627,0.2623656988143921,-0.0396895036101341,0.9428518414497375,0.5720627307891846,0.2656542062759399,-0.027683850377798,0.8818067908287048,0.5308517217636108,0.1221949979662895,0.0953228920698165,0.8968502283096313,0.573664665222168,0.1284310817718505,0.1113757267594337,0.8239536881446838,0.5339266657829285,0.1052292212843895,0.1042389571666717,0.4688906967639923,0.5723495483398438,0.1124986261129379,0.120760478079319,0.3692398369312286,0.5339691042900085,0.0735925659537315,-0.0001621904812054,0.8543705344200134,0.5727660655975342,0.0778877288103103,0.0197481531649827,0.7895849347114563,hoyeon_stand_normal_01,8.944272,8.0,8.544004,10.816654,12.806248,15.0,15.0,15.811388,15.264338,14.422205,13.038405,12.206556,10.816654,10.0,9.219544,8.062258,7.28011,8.0,9.486833,12.083046,14.764823,17.492856,19.723083,21.023796,21.540659,19.924859,5.385165,7.28011,10.198039,11.401754,12.649111,13.601471,13.928388,13.416408,12.529964,10.816654,9.433981,7.211103,5.385165,4.123106,4.123106,4.242641,5.830952,7.615773,9.848858,13.0,14.764823,16.643317,18.027756,17.804494,17.029386,14.866069,10.198039,10.77033,12.529964,13.601471,13.601471,13.453624,12.727922,11.313708,10.630146,7.81025,6.403124,4.472136,2.0,2.0,5.0,8.602325,12.806248,16.401219,19.209373,22.203603,23.600847,25.0,25.238859,23.323808,20.59126,17.464249,3.162278,3.605551,4.472136,5.09902,6.0,7.28011,7.28011,7.615773,8.062258,7.211103,7.211103,5.830952,4.472136,3.605551,2.236068,1.0,1.0,2.236068,3.605551,5.0,6.403124,7.071068,7.81025,8.602325,8.944272,9.219544,11.661904,13.601471,15.0,15.811388,16.643317,16.124515,14.764823,13.928388,12.649111,10.198039,8.246211,6.082763,3.162278,2.236068,3.605551,5.656854,9.219544,12.806248,16.278821,19.104973,21.213203,21.931712,21.931712,20.518285,18.439089,15.620499,14.422205,15.264338,16.124515,16.124515,15.264338,13.892444,11.661904,10.0,7.071068,5.385165,5.0,5.385165,7.211103,7.81025,8.485281,10.630146,10.630146,11.401754,11.401754,11.401754,10.0,9.219544,8.485281,6.708204,6.082763,7.071068
hoyeon_stand_normal_01,18,6,0.6000327868852459,29.998360745314464,10,0.5482305288314819,0.6751977205276489,-0.0965343341231346,0.9989445209503174,0.5437330007553101,0.6864264607429504,-0.0813643485307693,0.9983521699905396,0.5411880016326904,0.6858393549919128,-0.0814142152667045,0.9982076287269592,0.5389248728752136,0.6851843595504761,-0.0814524888992309,0.9983081817626952,0.5515726804733276,0.6865757703781128,-0.0816265046596527,0.9976961612701416,0.554383397102356,0.6863316893577576,-0.0816323980689048,0.9973410964012146,0.5570126175880432,0.6861457228660583,-0.0816198289394378,0.997724950313568,0.5347497463226318,0.6777392625808716,0.0103495474904775,0.9980971813201904,0.559723973274231,0.6799031496047974,0.0098424097523093,0.9969637989997864,0.5427404642105103,0.6627579927444458,-0.0620784237980842,0.998498558998108,0.5526878833770752,0.6636484861373901,-0.0622111447155475,0.9981110095977784,0.5128128528594971,0.607024610042572,0.0493844263255596,0.9995887279510498,0.5791129469871521,0.6028945446014404,0.0627285465598106,0.9990853667259216,0.5069149136543274,0.5192734599113464,-0.0066618858836591,0.9634415507316588,0.5854689478874207,0.5133193135261536,0.0132880024611949,0.9586487412452698,0.5290820598602295,0.5072983503341675,-0.1659425944089889,0.9679301381111144,0.5700433850288391,0.5031833052635193,-0.1284141540527343,0.9643355011940002,0.5343109965324402,0.501099705696106,-0.2100061029195785,0.9260345697402954,0.5670631527900696,0.4946823716163635,-0.1687192171812057,0.9173881411552428,0.5348587036132812,0.51103675365448,-0.2196661680936813,0.919608235359192,0.5656260848045349,0.503289520740509,-0.1846267133951187,0.9079656600952148,0.533938467502594,0.5137337446212769,-0.1737626194953918,0.8945834636688232,0.5655795931816101,0.5076571702957153,-0.1396040916442871,0.882465124130249,0.5255977511405945,0.4203730523586273,-0.0003995128208771,0.9995403289794922,0.5687578916549683,0.4228681921958923,0.0005175218684598,0.9992058873176576,0.5257468819618225,0.2624530792236328,-0.0372451730072498,0.9455321431159972,0.5720458626747131,0.2656473517417907,-0.0277216546237468,0.8868027329444885,0.5308595895767212,0.1219718903303146,0.0890192911028862,0.9030903577804564,0.5732720494270325,0.1282590925693512,0.0962845087051391,0.833548903465271,0.5339214205741882,0.1039651334285736,0.093258649110794,0.4880588948726654,0.5713142156600952,0.1114239618182182,0.101176418364048,0.3856340944766998,0.5338234305381775,0.0733349472284317,-0.0267006140202283,0.8624208569526672,0.5727162957191467,0.0778886899352073,-0.0138190565630793,0.800586998462677,hoyeon_stand_normal_01,10.630146,9.848858,12.0,15.132746,18.248288,20.223748,21.213203,21.095023,20.099751,18.11077,17.029386,15.132746,14.142136,12.369317,10.77033,10.0,9.433981,11.7047,14.142136,17.0,21.023796,24.020824,26.019224,28.017851,28.160256,26.476405,7.81025,10.630146,12.806248,16.278821,16.970563,18.439089,18.601075,18.027756,16.124515,13.892444,12.529964,9.433981,7.81025,5.0,5.09902,6.324555,8.944272,10.816654,14.422205,17.492856,20.59126,22.36068,22.847319,22.472205,21.18962,18.027756,18.439089,16.643317,13.892444,10.440307,7.071068,7.071068,9.219544,13.0,17.029386,20.223748,23.345235,25.495098,28.442925,29.427878,30.594117,29.427878,29.274562,26.07681,22.0,16.03122,9.219544,3.0,9.486833,17.262677,24.083189,29.0,6.324555,7.615773,9.433981,9.219544,9.219544,8.062258,6.324555,5.0,4.472136,4.472136,5.09902,6.082763,8.246211,8.944272,9.848858,10.29563,10.29563,11.7047,11.401754,11.18034,12.0,12.165525,13.928388,15.264338,17.029386,17.691806,11.7047,13.928388,15.231546,15.811388,16.763055,16.492423,15.297059,14.142136,12.041595,10.0,8.0,6.082763,4.123106,2.828427,4.123106,6.708204,10.29563,13.892444,16.124515,19.235384,21.023796,22.36068,21.931712,20.615528,19.313208,16.155494,13.341664,14.56022,15.524175,15.297059,15.297059,13.341664,11.401754,9.486833,6.708204,5.0,4.123106,4.0,5.385165,6.708204,8.062258,9.433981,9.433981,9.848858,10.77033,9.848858,9.848858,8.944272,7.211103,7.071068,6.708204,7.0
hoyeon_stand_normal_01,21,7,0.7000382513661202,29.998360745314464,10,0.5483225584030151,0.6786952614784241,-0.1231253072619438,0.9990451335906982,0.54375159740448,0.6886900067329407,-0.1096863374114036,0.9985028505325316,0.5411885976791382,0.6880486011505127,-0.1097225621342659,0.9983739852905272,0.5389179587364197,0.687338650226593,-0.1097400337457656,0.9984649419784546,0.5516560077667236,0.6886224746704102,-0.1085225716233253,0.99790620803833,0.5544474124908447,0.6879982948303223,-0.1085285320878028,0.9975860714912416,0.5570636987686157,0.6874939799308777,-0.1085390970110893,0.9979336261749268,0.5347387790679932,0.679175853729248,-0.0267541892826557,0.9982662796974182,0.5597450137138367,0.6809938549995422,-0.0212578158825635,0.9972277879714966,0.5427752137184143,0.665568470954895,-0.09192905575037,0.9986435174942015,0.5530434250831604,0.6661567687988281,-0.0903260856866836,0.9982920289039612,0.5132368206977844,0.6071117520332336,0.0162234604358673,0.9996275305747986,0.5790777206420898,0.603863537311554,0.0388993434607982,0.9991616010665894,0.5070133805274963,0.5182128548622131,0.0286621917039155,0.9646374583244324,0.5864775776863098,0.514242947101593,0.0686433315277099,0.9581167697906494,0.5184543132781982,0.449430763721466,-0.0621507167816162,0.9685649871826172,0.5861592888832092,0.446494311094284,-0.0064497147686779,0.9626666903495787,0.5174168348312378,0.4192408621311188,-0.0902375057339668,0.9285256266593932,0.5863205194473267,0.4173562526702881,-0.0308940075337886,0.9168134927749634,0.5217917561531067,0.421201080083847,-0.1181252226233482,0.9229695200920104,0.5823251008987427,0.4195140600204468,-0.0571549050509929,0.908874809741974,0.5240261554718018,0.4316688179969787,-0.0745723694562912,0.898776650428772,0.5811405777931213,0.4286745190620422,-0.0186887327581644,0.884911060333252,0.5263767838478088,0.4203916490077972,-0.0052135502919554,0.999553918838501,0.5688429474830627,0.4232357144355774,0.0052528050728142,0.9992454051971436,0.5257462859153748,0.2614636421203613,-0.0404449701309204,0.9491031169891356,0.572625458240509,0.2659144997596741,-0.0274152979254722,0.8940053582191467,0.530855119228363,0.1210369244217872,0.0660530552268028,0.9104641675949096,0.5733283758163452,0.1279625445604324,0.081467293202877,0.8460066914558411,0.5339124798774719,0.1027251332998275,0.0693683549761772,0.5054907202720642,0.571127712726593,0.110640749335289,0.0849004313349723,0.4121974408626556,0.533467710018158,0.0732787773013114,-0.0436327904462814,0.8722502589225769,0.5731563568115234,0.0775271207094192,-0.0230322517454624,0.8152002096176147,hoyeon_stand_normal_01,8.544004,6.708204,8.062258,12.649111,14.866069,17.088007,19.313208,18.973666,18.973666,17.720045,16.763055,14.866069,13.928388,11.661904,10.0,9.219544,7.615773,9.0,10.77033,13.892444,17.204651,21.400935,24.413111,26.07681,25.059928,24.166092,6.0,8.062258,11.18034,13.341664,16.124515,17.029386,18.027756,17.0,16.03122,14.142136,12.165525,9.055385,7.071068,4.0,2.828427,4.0,6.324555,9.848858,13.0,16.155494,18.384776,20.880613,21.587033,21.377558,20.099751,17.117243,17.492856,15.652476,13.0,9.219544,6.324555,5.830952,8.0,11.401754,15.231546,18.788294,21.470911,23.323808,25.553865,26.925824,27.784888,27.784888,27.294688,23.706539,19.697716,13.601471,7.0,3.162278,9.899495,17.804494,24.413111,30.016662,7.211103,8.485281,9.219544,9.433981,8.544004,8.062258,7.071068,5.830952,6.403124,6.324555,8.0,9.219544,9.486833,10.440307,10.77033,12.083046,12.083046,12.649111,12.369317,12.165525,12.0,12.369317,13.416408,14.21267,15.556349,17.029386,18.670482,16.6378185,13.483466,9.757587,6.905125,5.6622775,6.45101,8.544004,11.18034,13.8297425,15.709507,17.7460025,19.356576500000003,21.341028,21.5061275,22.243864,22.117466,20.7591425,18.359052,14.587716,10.815073,6.324555,4.7541355,7.6366805,11.553227,15.195122,4.785578,2.8027755,3.3027755,6.9701640000000005,10.324486,13.5363125,15.755106,17.2546455,18.595286,18.562306,17.894164500000002,16.362201,15.0264515,12.798572,11.189411,9.619951,8.6485415,7.232691,8.4176585,9.994937,11.855152,14.6500035,16.8086855,19.2483725,20.685493,20.3353395
hoyeon_stand_normal_01,24,8,0.8000437158469945,29.998360745314464,10,0.5483248233795166,0.6820908784866333,-0.2190571278333664,0.9991382360458374,0.5437577366828918,0.6913834810256958,-0.2081196308135986,0.9986453652381896,0.541181743144989,0.6908552646636963,-0.2081341445446014,0.9985299110412598,0.5389119982719421,0.6901810169219971,-0.2081595361232757,0.9986124634742736,0.5517048239707947,0.691217839717865,-0.2082217633724212,0.9981059432029724,0.5544690489768982,0.6905747652053833,-0.2082385867834091,0.9978173971176147,0.5570993423461914,0.6897305250167847,-0.2082518190145492,0.9981304407119752,0.5347360372543335,0.6815310716629028,-0.125844806432724,0.9984302520751952,0.5597594976425171,0.6825007796287537,-0.1259873658418655,0.99748557806015,0.5427759885787964,0.6683399081230164,-0.1869328916072845,0.9987767338752748,0.5531774759292603,0.6685087084770203,-0.1870382279157638,0.9984588027000428,0.5135341286659241,0.6071362495422363,-0.061734415590763,0.9996627569198608,0.5791184902191162,0.6042501330375671,-0.056247491389513,0.9992374181747437,0.5070868730545044,0.5139080286026001,0.0043309885077178,0.966440737247467,0.5865361094474792,0.508759617805481,0.0008360947249457,0.957844078540802,0.5082887411117554,0.4306018650531769,-0.0804050862789154,0.9686383605003356,0.5927155613899231,0.4229280352592468,-0.0676642134785652,0.9582432508468628,0.5046339631080627,0.3987305760383606,-0.1029459610581398,0.9297560453414916,0.5971474051475525,0.3931832909584045,-0.0912525355815887,0.9116359949111938,0.5099150538444519,0.3993341624736786,-0.1265579909086227,0.9251853227615356,0.5932034254074097,0.392688512802124,-0.0882537513971328,0.9053675532341005,0.5127350091934204,0.408354789018631,-0.0912944823503494,0.9020522236824036,0.590580940246582,0.4007272124290466,-0.074920505285263,0.8826946020126343,0.5269849896430969,0.4259491860866546,-0.0044823205098509,0.9995611310005188,0.5689705610275269,0.4276872277259826,0.0045160502195358,0.9992671012878418,0.5259485840797424,0.2644639313220978,-0.0359753370285034,0.9513325095176696,0.572656512260437,0.2691299021244049,-0.0228740610182285,0.8994954228401184,0.5309736728668213,0.1204222068190574,0.0499102100729942,0.9162560105323792,0.5733286142349243,0.1277897655963897,0.0668927282094955,0.8540042638778687,0.533921480178833,0.1009110584855079,0.0507250651717186,0.5109012126922607,0.5708702802658081,0.1099201440811157,0.0686268806457519,0.4236292243003845,0.5336592197418213,0.0725267380475997,-0.064419001340866,0.8795613646507263,0.5731744170188904,0.0776617974042892,-0.0394232608377933,0.8249852061271667,hoyeon_stand_normal_01,24.839485,24.758837,24.083189,21.400935,18.601075,14.422205,10.630146,7.81025,6.324555,6.324555,8.062258,9.899495,12.041595,14.21267,16.278821,18.439089,19.849433,21.213203,21.931712,21.260292,19.209373,17.029386,12.727922,9.219544,7.071068,8.544004,14.317821,13.892444,13.038405,12.206556,10.0,7.211103,5.385165,4.123106,5.0,7.211103,8.602325,10.816654,12.206556,12.206556,12.806248,12.727922,12.727922,11.313708,10.0,7.81025,5.0,3.162278,5.830952,10.29563,15.652476,19.723083,11.661904,13.0,14.56022,15.297059,15.297059,15.132746,14.035669,12.041595,11.045361,9.0,7.071068,4.123106,2.236068,2.236068,5.385165,8.544004,12.649111,15.811388,19.924859,21.84033,24.041631,25.0,25.70992,23.537205,21.377558,18.248288,4.0,4.123106,4.472136,4.242641,5.830952,6.324555,6.082763,6.0,6.0,6.082763,5.09902,4.123106,3.162278,2.236068,1.0,1.0,3.162278,4.123106,5.09902,6.0,7.0,8.062258,8.246211,8.944272,10.0,14.426105333333332,10.630146,12.041595,13.453624,15.556349,15.556349,14.866069,14.21267,13.601471,11.661904,9.848858,8.062258,5.830952,3.605551,2.236068,2.828427,5.830952,8.944272,12.529964,15.652476,18.35756,20.59126,21.954498,21.954498,21.095023,18.867962,15.811388,15.556349,16.278821,16.278821,17.029386,15.620499,14.21267,12.806248,10.630146,7.81025,5.830952,4.0,4.472136,5.656854,6.403124,7.211103,8.602325,9.433981,10.816654,10.816654,10.0,10.0,9.433981,8.062258,7.28011,7.0,7.28011
hoyeon_stand_normal_01,27,9,0.9000491803278688,29.998360745314464,10,0.5483705401420593,0.6840025782585144,-0.2437304556369781,0.9992223381996156,0.5437754988670349,0.6930525898933411,-0.2328177094459533,0.9987744092941284,0.5411790609359741,0.6925239562988281,-0.232827603816986,0.9986711144447328,0.5389088988304138,0.6918109655380249,-0.2328559756278991,0.9987457394599916,0.5517815351486206,0.6930161714553833,-0.2333686500787735,0.9982866644859314,0.5545127391815186,0.6924581527709961,-0.2333846539258957,0.9980267882347108,0.557174026966095,0.6915757060050964,-0.2334043234586715,0.9983081221580504,0.5347406268119812,0.68297278881073,-0.1477984488010406,0.9985782504081726,0.5598054528236389,0.6839758157730103,-0.1501967012882232,0.9977187514305116,0.5428012609481812,0.6701024174690247,-0.2103499621152877,0.9988964796066284,0.5533995032310486,0.6703082919120789,-0.2110862284898758,0.9986087083816528,0.5136752128601074,0.607181191444397,-0.0747663676738739,0.9996938109397888,0.5791194438934326,0.6043413877487183,-0.0796446800231933,0.9993048906326294,0.5064367055892944,0.5107572078704834,-0.0058158165775239,0.967691957950592,0.5870417356491089,0.5058918595314026,-0.0303293783217668,0.9576841592788696,0.5008636713027954,0.4272734522819519,-0.0772948488593101,0.968130588531494,0.5953661203384399,0.4138226509094238,-0.0821152403950691,0.9533531665802002,0.4968215525150299,0.3976459503173828,-0.0956452265381813,0.9296085238456726,0.600909411907196,0.3865350484848022,-0.10699462890625,0.9050017595291138,0.5019415616989136,0.3980414271354675,-0.124445840716362,0.9262230396270752,0.5959326028823853,0.3851062655448913,-0.1260318309068679,0.900476336479187,0.5050457715988159,0.4065457582473755,-0.0898112207651138,0.9040932059288024,0.5929559469223022,0.3941721320152282,-0.0853551924228668,0.8789331316947937,0.5269758701324463,0.4269151091575622,-0.0023993654176592,0.9995620250701904,0.5690197348594666,0.4285977482795715,0.0023477398790419,0.999281108379364,0.5254894495010376,0.2666630744934082,-0.0351612567901611,0.9523539543151855,0.5724905133247375,0.2709459066390991,-0.0231925603002309,0.903318464756012,0.5310713052749634,0.1205869764089584,0.0562019571661949,0.920652151107788,0.5731874108314514,0.1276924908161163,0.0664033740758895,0.860405683517456,0.5343539714813232,0.1006045341491699,0.0584330894052982,0.5178934931755066,0.5707582235336304,0.1093992665410041,0.0688514411449432,0.4318364858627319,0.53363436460495,0.0729198604822158,-0.0558374039828777,0.8852245807647705,0.5731858611106873,0.0777660906314849,-0.0418138317763805,0.8328160643577576,hoyeon_stand_normal_01,7.615773,6.0,7.211103,9.219544,11.401754,13.601471,13.601471,14.21267,14.21267,12.806248,12.041595,11.401754,10.0,8.062258,7.615773,6.082763,5.09902,6.403124,8.062258,10.77033,13.928388,16.155494,18.384776,19.235384,19.723083,18.027756,5.0,6.708204,8.544004,10.77033,12.083046,12.529964,13.038405,13.038405,12.206556,10.630146,9.219544,7.81025,5.0,4.123106,3.162278,4.242641,5.830952,8.944272,10.77033,13.0,14.764823,16.124515,18.027756,17.804494,15.620499,13.453624,9.848858,10.816654,12.041595,12.727922,13.453624,12.806248,12.206556,10.816654,9.433981,7.211103,5.830952,3.605551,2.236068,5.385165,8.944272,12.083046,16.552945,19.235384,22.36068,24.596748,25.059928,25.059928,24.186773,22.472205,18.601075,5.385165,5.0,5.0,5.830952,6.324555,7.071068,7.0,7.071068,6.324555,6.324555,5.385165,4.472136,4.123106,3.162278,2.0,1.414214,1.0,2.236068,3.605551,5.0,5.656854,6.403124,7.211103,7.615773,7.28011,8.0,11.822824666666666,11.18034,13.0,14.317821,15.652476,15.652476,15.264338,14.422205,12.806248,12.041595,9.899495,8.485281,5.656854,3.605551,2.0,3.605551,6.324555,10.198039,13.341664,16.492423,19.646883,22.135944,23.086793,23.086793,22.135944,20.248457,16.155494,14.866069,16.155494,17.464249,17.464249,16.552945,14.317821,12.083046,9.848858,7.28011,5.0,4.472136,4.242641,5.385165,6.324555,7.071068,9.219544,9.219544,10.440307,10.440307,10.440307,9.486833,9.219544,8.062258,7.071068,6.708204,7.81025
hoyeon_stand_normal_01,30,10,1.000054644808743,29.998360745314464,10,0.5486024618148804,0.6846944689750671,-0.2571322023868561,0.9992982745170592,0.5439831018447876,0.6939384937286377,-0.2461787164211273,0.998891294002533,0.5412905812263489,0.693427324295044,-0.2461883425712585,0.9987989068031312,0.5389641523361206,0.6927453279495239,-0.2462178766727447,0.9988664388656616,0.5520737767219543,0.6938033699989319,-0.2469442039728164,0.9984499216079712,0.5547574758529663,0.693233847618103,-0.2469628155231475,0.9982158541679382,0.5574085712432861,0.6923680305480957,-0.2469798177480697,0.9984685182571412,0.5348473191261292,0.6840463280677795,-0.1599181592464447,0.9987128376960754,0.5598989129066467,0.6848672032356262,-0.1632197499275207,0.9979296326637268,0.5429384708404541,0.6711623668670654,-0.2232383787631988,0.9990047216415404,0.5537620186805725,0.6713851690292358,-0.2242422997951507,0.9987441897392272,0.5138846039772034,0.6071975231170654,-0.0835568010807037,0.9997223615646362,0.5791445374488831,0.6046556234359741,-0.0903832614421844,0.9993649125099182,0.5058310031890869,0.5112342238426208,-0.0167977157980203,0.9694631099700928,0.5874633193016052,0.5056659579277039,-0.0426695384085178,0.9580492377281188,0.4977513253688812,0.4278283715248108,-0.0822449475526809,0.9689475893974304,0.5958512425422668,0.4153691232204437,-0.0951824113726615,0.9497147798538208,0.494008868932724,0.3970735073089599,-0.1004785746335983,0.9315465688705444,0.6010916233062744,0.3865415453910827,-0.1083565056324005,0.8998759388923645,0.4986495077610016,0.3966511189937591,-0.1277242004871368,0.9290574193000792,0.5959987044334412,0.3854593932628631,-0.1490967571735382,0.8968870639801025,0.5017592310905457,0.4053773581981659,-0.0945504754781723,0.9081243276596068,0.5931476950645447,0.3948888778686523,-0.1093511953949928,0.8763484954833984,0.526958167552948,0.4281459152698517,-0.0007636015652678,0.9995622038841248,0.5690810084342957,0.4294125139713287,0.0006778870010748,0.9992899298667908,0.5254632234573364,0.2687807381153106,-0.0339304953813552,0.953305184841156,0.5721773505210876,0.2730189859867096,-0.0245992261916399,0.9069753885269164,0.5311533212661743,0.1211110278964042,0.0598413199186325,0.9243806004524232,0.5730181932449341,0.1276387870311737,0.0647166073322296,0.8660513162612915,0.5344041585922241,0.1016636416316032,0.0625065490603447,0.5204318165779114,0.5704954266548157,0.1093100011348724,0.0671527236700058,0.4372977912425995,0.5337650775909424,0.0746022537350654,-0.0528775788843631,0.8900304436683655,0.5731906294822693,0.0780089274048805,-0.045514065772295,0.8397636413574219,hoyeon_stand_normal_01,26.6783715,27.325693,25.0127165,23.048902,18.9701315,14.804559,11.356596,8.109049,7.1055515,8.303131,9.757587,11.965859,13.910416,16.1400045,17.9109045,19.050751,20.8326355,21.375736,21.514975,20.755946,19.049015,16.008299,13.170832,9.472136,8.322541999999999,10.1178625,14.622983,14.142136,13.8857225,12.6916295,11.01595,9.219544,7.405125,7.1619885,7.071068,8.8011625,9.675507499999998,11.3536325,11.7876625,12.54,13.3007355,13.3007355,12.7476095,12.2494925,10.681792,9.0,6.3954835,6.2429435,8.5731645,13.397644,17.6343715,22.033828,10.816654,12.727922,14.142136,15.0,15.0,15.0,14.422205,13.038405,11.18034,8.944272,6.708204,4.123106,2.0,2.236068,5.0,9.219544,12.041595,16.278821,19.849433,22.671568,24.758837,26.172505,25.455844,24.758837,22.022716,18.601075,3.162278,3.162278,4.472136,5.656854,5.830952,6.324555,7.071068,7.0,7.0,7.0,6.082763,6.082763,5.09902,4.123106,2.0,1.0,1.0,1.414214,3.605551,4.472136,5.830952,6.708204,7.28011,8.246211,9.0,9.219544,18.973666,17.464249,14.317821,9.848858,6.708204,4.472136,5.09902,8.944272,11.661904,13.892444,16.552945,18.384776,19.924859,21.587033,23.345235,23.194827,23.021729,21.023796,19.0,15.0,10.049876,5.385165,4.0,7.81025,12.727922,16.401219,5.0,4.0,5.0,7.81025,11.661904,14.764823,18.35756,18.867962,19.723083,20.0,19.416488,17.804494,15.620499,14.21267,12.806248,11.18034,9.848858,9.055385,9.055385,10.440307,13.0,15.652476,17.888544,19.697716,21.540659,21.540659
hoyeon_stand_normal_01,33,11,1.1000601092896174,29.998360745314464,10,0.5494914650917053,0.6846399903297424,-0.2607171237468719,0.9993657469749452,0.5448541641235352,0.6942858695983887,-0.250286728143692,0.998993754386902,0.5420835018157959,0.693805992603302,-0.2502985894680023,0.9989116191864014,0.5395103096961975,0.693113386631012,-0.250335156917572,0.9989731907844543,0.5528180003166199,0.6940963864326477,-0.2501246929168701,0.9985924363136292,0.5554579496383667,0.6935542225837708,-0.2501468360424042,0.9983811974525452,0.5579161047935486,0.6927926540374756,-0.250171810388565,0.9986077547073364,0.5353055596351624,0.6844828724861145,-0.1657408028841018,0.9988313317298888,0.5600359439849854,0.6854405999183655,-0.1646042466163635,0.9981068968772888,0.5439046025276184,0.6713243722915649,-0.2273555248975753,0.9991012811660768,0.5546333193778992,0.6717403531074524,-0.2271161377429962,0.9988640546798706,0.5142108201980591,0.6072363257408142,-0.0917966663837432,0.999747633934021,0.5792461633682251,0.6050847768783569,-0.0909842252731323,0.9994147419929504,0.5057678818702698,0.5097694396972656,-0.0321261063218116,0.9710133075714112,0.5874746441841125,0.5061492919921875,-0.0450053662061691,0.9565043449401855,0.4977563619613647,0.4248599708080292,-0.086524024605751,0.9693697690963744,0.5948914885520935,0.4190059602260589,-0.1012508422136306,0.9428035616874696,0.4943379759788513,0.3958601653575897,-0.1102176085114479,0.9327924847602844,0.5999110341072083,0.3899503052234649,-0.1130511537194252,0.8904168605804443,0.4986148476600647,0.395183116197586,-0.1407326310873031,0.9311639070510864,0.5954682230949402,0.3889075815677643,-0.1544049084186554,0.8891719579696655,0.5016019940376282,0.4036763310432434,-0.1027501598000526,0.9112619757652284,0.5927444696426392,0.3975180983543396,-0.1163476184010505,0.869542121887207,0.526983380317688,0.4293586611747741,-0.0007490835851058,0.9995561242103576,0.569177508354187,0.4307672381401062,0.0006685667904093,0.9992862939834596,0.5257005095481873,0.2717216610908508,-0.0351817235350608,0.9532835483551024,0.5717819333076477,0.275235503911972,-0.0248862598091363,0.908730685710907,0.5315143465995789,0.1231255680322647,0.0605945736169815,0.9268043637275696,0.572575032711029,0.1279440969228744,0.0668232887983322,0.8696441650390625,0.5344850420951843,0.1044548079371452,0.063485562801361,0.5171507596969604,0.5698741674423218,0.1095138117671012,0.0695854946970939,0.440006285905838,0.534704327583313,0.0764321610331535,-0.0529181584715843,0.8930675983428955,0.5731905102729797,0.078528881072998,-0.042917788028717,0.8445123434066772,hoyeon_stand_normal_01,21.633308,22.022716,20.518285,18.439089,15.0,11.401754,8.485281,5.830952,5.0,6.708204,8.062258,10.0,11.401754,13.038405,14.422205,15.811388,17.0,17.888544,17.464249,16.155494,15.231546,13.0,10.29563,7.071068,7.615773,9.0,12.806248,12.529964,12.529964,11.18034,9.848858,8.062258,7.071068,5.830952,6.324555,8.062258,9.0,10.049876,10.049876,11.045361,11.18034,11.401754,10.440307,9.486833,8.544004,7.28011,5.0,5.0,6.708204,10.440307,14.56022,18.384776,10.440307,12.165525,13.038405,14.035669,14.035669,14.035669,13.152946,12.165525,10.198039,8.246211,6.082763,3.162278,1.0,2.0,5.09902,8.246211,12.369317,15.297059,19.235384,22.203603,24.186773,25.179357,25.079872,24.020824,22.0,19.026298,5.0,4.242641,4.472136,5.09902,6.0,6.082763,6.324555,6.708204,5.830952,6.403124,5.0,4.242641,3.605551,2.828427,2.236068,2.0,1.414214,3.162278,4.0,5.0,6.082763,7.071068,8.544004,8.062258,8.602325,8.485281,12.083046,13.892444,16.124515,15.652476,16.552945,16.155494,14.866069,13.601471,12.369317,10.198039,8.062258,6.082763,4.472136,2.236068,4.123106,7.211103,10.0,14.21267,16.401219,20.0,22.203603,23.021729,23.021729,21.633308,20.248457,16.643317,13.416408,15.231546,15.231546,16.155494,14.866069,13.928388,12.083046,8.944272,6.403124,4.242641,4.123106,4.123106,5.830952,6.403124,7.81025,7.81025,9.219544,9.219544,10.0,10.0,9.433981,8.602325,7.071068,6.708204,7.28011,8.062258
hoyeon_stand_normal_01,36,12,1.2000655737704915,29.998360745314464,10,0.5501404404640198,0.6845311522483826,-0.2472270280122757,0.9994269013404846,0.5454223155975342,0.694383442401886,-0.2369322180747985,0.9990870356559752,0.5426008105278015,0.6938793063163757,-0.2369388490915298,0.9990138411521912,0.5398922562599182,0.6931439638137817,-0.2369629442691803,0.9990697503089904,0.5532823801040649,0.6942508220672607,-0.2364497929811477,0.9987229704856871,0.5558720231056213,0.6937461495399475,-0.236468106508255,0.9985327124595642,0.5582343339920044,0.6930955648422241,-0.236487865447998,0.9987363815307616,0.5356255173683167,0.6845850348472595,-0.1544315367937088,0.9989387392997742,0.5601456761360168,0.6858426332473755,-0.1519102603197097,0.9982736706733704,0.5447344183921814,0.6713353395462036,-0.2147382646799087,0.9991885423660278,0.5552673935890198,0.6719245314598083,-0.2141116261482238,0.998973309993744,0.5145599842071533,0.6072688698768616,-0.0832993239164352,0.9997699856758118,0.5793036222457886,0.6052696704864502,-0.0784077569842338,0.999462902545929,0.5058199763298035,0.5086995959281921,-0.0274503100663423,0.9721537828445436,0.587458610534668,0.5062341094017029,-0.0340353809297084,0.9556620717048644,0.4987724721431732,0.4247110784053802,-0.0841732025146484,0.969155728816986,0.5936711430549622,0.4204375147819519,-0.0931530818343162,0.9390483498573304,0.4950050115585327,0.3950967788696289,-0.1027635633945465,0.9331256747245787,0.5981035232543945,0.3922459483146667,-0.110213428735733,0.8856746554374695,0.499331384897232,0.3944219648838043,-0.1353537440299987,0.93227881193161,0.5939465165138245,0.3910148739814758,-0.1503383964300155,0.8857076168060303,0.50246661901474,0.4031531512737274,-0.0983479842543602,0.9132201075553894,0.591210126876831,0.3996669948101043,-0.1086421683430671,0.8669084906578064,0.5270204544067383,0.4303368926048279,-0.0013638853561133,0.9995518326759338,0.5691785216331482,0.4314124286174774,0.001278625219129,0.9992929697036744,0.5255634784698486,0.2723096907138824,-0.0351223796606063,0.9546436071395874,0.5716293454170227,0.2762783467769623,-0.0248493794351816,0.9129977226257324,0.5308791995048523,0.1250467449426651,0.0612079091370105,0.9304617643356324,0.572577178478241,0.1280615180730819,0.0666827410459518,0.87615567445755,0.5335096716880798,0.1067400872707367,0.0639636293053627,0.5169355273246765,0.5698882937431335,0.1097015812993049,0.0693083480000495,0.4504055082798004,0.5348404049873352,0.0766791254281997,-0.0517659038305282,0.8976107239723206,0.5732001662254333,0.078577883541584,-0.0412886328995227,0.8520892262458801,hoyeon_stand_normal_01,6.403124,5.0,6.708204,9.219544,11.313708,13.453624,13.453624,14.21267,12.806248,12.806248,11.401754,10.630146,9.219544,7.81025,6.708204,5.09902,5.09902,6.403124,8.485281,11.401754,14.422205,16.643317,18.601075,19.209373,19.849433,17.691806,5.656854,7.81025,10.0,11.401754,13.453624,14.142136,14.142136,13.453624,12.806248,11.401754,10.0,7.81025,5.656854,4.472136,4.0,4.472136,5.656854,7.81025,10.630146,12.041595,14.866069,16.278821,17.029386,16.401219,15.0,12.206556,10.77033,12.165525,14.035669,15.0,15.0,15.033296,14.142136,13.152946,12.165525,10.198039,8.246211,5.09902,2.236068,1.414214,4.0,7.071068,11.18034,15.132746,18.11077,21.095023,23.194827,25.079872,24.083189,23.0,21.0,18.027756,3.605551,3.605551,4.123106,4.123106,4.472136,5.0,5.656854,6.403124,6.708204,6.708204,6.324555,5.385165,4.123106,4.123106,3.162278,2.0,1.0,2.0,4.123106,5.09902,6.324555,6.324555,7.615773,8.602325,9.219544,8.454774500000001,11.045361,13.152946,14.142136,16.124515,16.124515,15.0,15.0,13.038405,11.18034,9.219544,8.062258,6.082763,4.0,2.828427,4.0,6.082763,10.440307,13.601471,16.763055,19.924859,21.587033,22.803509,23.537205,21.587033,19.416488,16.278821,15.033296,16.03122,17.029386,17.029386,16.03122,14.0,12.0,10.049876,7.071068,4.472136,3.605551,4.0,5.09902,6.324555,7.615773,8.544004,9.486833,9.486833,10.440307,10.440307,9.486833,9.486833,7.615773,7.211103,6.708204,7.28011
hoyeon_stand_normal_01,39,13,1.300071038251366,29.998360745314464,10,0.5505572557449341,0.684454083442688,-0.2381620556116104,0.9994821548461914,0.5458203554153442,0.6944347023963928,-0.2280290424823761,0.9991715550422668,0.5429665446281433,0.6939280033111572,-0.2280340939760208,0.9991062879562378,0.5401924252510071,0.6931822896003723,-0.228052482008934,0.9991569519042968,0.5536094307899475,0.6943194270133972,-0.2273674011230468,0.9988415241241456,0.5561690926551819,0.6938323378562927,-0.2273824214935302,0.998670220375061,0.5584810972213745,0.6932560801506042,-0.2273989021778106,0.998853325843811,0.5358808636665344,0.6847097277641296,-0.1467502415180206,0.9990355968475342,0.5602501630783081,0.6860663890838623,-0.143449380993843,0.9984260201454164,0.5452951788902283,0.6713650226593018,-0.2061884999275207,0.9992672204971312,0.5556597113609314,0.6720398664474487,-0.2053237706422805,0.9990718960762024,0.5148219466209412,0.6073755025863647,-0.0774225369095802,0.9997899532318116,0.5793431401252747,0.6054069995880127,-0.0717150643467903,0.9995074272155762,0.5058470368385315,0.5090518593788147,-0.0263086687773466,0.9729918241500854,0.5873508453369141,0.5064796805381775,-0.0308357942849397,0.955409288406372,0.5014733672142029,0.4262178838253021,-0.0793963745236396,0.9683656096458436,0.593235433101654,0.4208777248859405,-0.084428533911705,0.9364687204360962,0.4979446530342102,0.396989107131958,-0.0969476997852325,0.9323156476020812,0.5974672436714172,0.392912745475769,-0.1029396131634712,0.8825238347053528,0.5024675130844116,0.3968710005283355,-0.1272498071193695,0.9322161674499512,0.5932978391647339,0.3917621076107025,-0.1365266442298889,0.8835892677307129,0.5053004026412964,0.4051997661590576,-0.0923080891370773,0.9137385487556458,0.5905796885490417,0.4004192054271698,-0.098414696753025,0.8655598163604736,0.5271645784378052,0.4309016466140747,-0.0017155767418444,0.9995508193969728,0.5691730380058289,0.4319870471954345,0.0016290426719933,0.9993036389350892,0.525669515132904,0.2734544277191162,-0.034849215298891,0.9557496309280396,0.5713579654693604,0.2771205902099609,-0.0248649902641773,0.9167872071266174,0.5308801531791687,0.1263704895973205,0.0596499927341938,0.9338078498840332,0.5725130438804626,0.1289700418710708,0.0659780353307724,0.8817750215530396,0.5335175395011902,0.108515091240406,0.0620044581592083,0.5197635293006897,0.569842517375946,0.1112607568502426,0.0685860440135002,0.4588555991649627,0.5348778367042542,0.0773268938064575,-0.0527396649122238,0.9017815589904784,0.5731996893882751,0.07931400090456,-0.0406177081167697,0.8585813641548157,hoyeon_stand_normal_01,28.071338,28.0,26.172505,22.36068,19.416488,15.297059,11.045361,8.062258,7.211103,7.81025,9.848858,11.7047,14.56022,15.524175,17.720045,18.973666,20.880613,21.540659,21.540659,21.023796,18.788294,16.552945,13.0,9.055385,8.544004,10.630146,14.317821,14.422205,12.806248,11.401754,9.433981,8.062258,6.082763,6.082763,8.062258,9.433981,10.816654,12.206556,13.038405,13.892444,13.416408,13.0,12.649111,11.7047,10.77033,8.544004,5.656854,6.082763,9.219544,13.928388,18.973666,22.803509,10.319173,11.961638,13.264982,14.46287,14.8163455,14.3671085,13.474192,12.5972705,10.905243,8.8524125,7.6586395,4.813903,1.825141,1.2071070000000002,4.561553,7.54518,12.104001,15.572337,19.2654875,22.1293005,24.264283,25.455569500000003,25.343903,24.052036,22.0024875,18.9801015,4.813903,4.7182515,4.828427,5.464986,5.85486,6.035534,6.328427,6.737096,6.994157,6.5163795,6.0777535,5.385165,4.785578,3.8643285,3.0811390000000003,2.0,1.2071070000000002,1.0,2.5811390000000003,3.3839145000000004,4.561553,6.3638395,6.889636,7.211103,7.7130115,8.424268000000001,11.7047,13.928388,16.155494,17.464249,17.088007,17.088007,16.492423,14.317821,13.152946,11.045361,9.055385,7.0,5.0,3.605551,3.0,5.385165,8.602325,12.806248,15.620499,17.804494,21.400935,22.203603,22.203603,21.633308,18.867962,15.264338,14.317821,15.231546,16.155494,16.155494,14.866069,13.928388,11.7047,8.944272,6.403124,5.0,5.0,5.385165,7.211103,7.81025,9.219544,10.0,11.401754,11.401754,12.206556,12.206556,11.661904,10.816654,9.219544,9.219544,7.615773,8.0
hoyeon_stand_normal_01,42,14,1.4000765027322404,29.998360745314464,10,0.5508922934532166,0.6843505501747131,-0.2396440356969833,0.999532163143158,0.5461353063583374,0.6944034099578857,-0.2297277003526687,0.9992486238479614,0.543239176273346,0.6939094066619873,-0.2297318875789642,0.9991905093193054,0.5404165387153625,0.6931655406951904,-0.2297535687685012,0.9992364645004272,0.5539104342460632,0.6942700147628784,-0.2290572524070739,0.9989493489265442,0.556459367275238,0.6937937140464783,-0.2290727496147155,0.9987950921058656,0.5587198734283447,0.6932498216629028,-0.2290873080492019,0.9989596009254456,0.5360391736030579,0.6847578883171082,-0.1482369154691696,0.9991245865821838,0.5603475570678711,0.6861116290092468,-0.1449497044086456,0.9985662698745728,0.5456157922744751,0.6713405847549438,-0.2074176371097564,0.999338448047638,0.5559441447257996,0.6720699071884155,-0.2065534889698028,0.9991612434387208,0.5150427222251892,0.6074827313423157,-0.0767866820096969,0.9998087882995604,0.5793540477752686,0.6056520938873291,-0.071975402534008,0.9995487928390504,0.5059327483177185,0.5091744661331177,-0.0239763036370277,0.974191665649414,0.5872787237167358,0.5068693161010742,-0.0287391617894172,0.9554292559623718,0.5017567873001099,0.4289289116859436,-0.0775264352560043,0.9686801433563232,0.5933689475059509,0.4217784702777862,-0.0829068571329116,0.9345045685768129,0.4977180361747741,0.3997004330158233,-0.0956350713968277,0.9333027601242064,0.5975335240364075,0.3936837315559387,-0.1021863594651222,0.8800167441368103,0.502927839756012,0.3999805450439453,-0.1251436173915863,0.9337682127952576,0.5932398438453674,0.3926934003829956,-0.1334743499755859,0.8819713592529297,0.5057910680770874,0.4084200263023376,-0.0902161374688148,0.9159744381904602,0.5904953479766846,0.4014475643634796,-0.0963253900408744,0.8646435141563416,0.5272857546806335,0.4323746263980865,-0.0018462280277162,0.9995532035827636,0.5692223906517029,0.4331516027450561,0.0017633030656725,0.999315083026886,0.5259763598442078,0.2736641764640808,-0.0342792384326458,0.9566963315010072,0.5712953209877014,0.2780268490314483,-0.0245912801474332,0.919828474521637,0.5308768153190613,0.1274189949035644,0.0573266595602035,0.936823070049286,0.5724948644638062,0.1299744397401809,0.0649532228708267,0.8861227035522461,0.5334720611572266,0.1095829978585243,0.0592270568013191,0.5208620429039001,0.5698558688163757,0.1126253828406333,0.0673345029354095,0.4646794497966766,0.5350702404975891,0.0777811408042907,-0.0566061474382877,0.9054378867149352,0.5731841921806335,0.0797509178519249,-0.0425835698843002,0.8637042045593262,hoyeon_stand_normal_01,27.730849,27.513633,25.70992,22.203603,18.11077,14.035669,10.198039,6.708204,6.403124,7.071068,9.0,11.18034,13.152946,14.142136,16.278821,18.248288,19.104973,20.099751,19.026298,19.0,17.0,14.0,11.045361,7.615773,7.211103,10.198039,15.297059,14.56022,13.601471,11.7047,9.486833,8.062258,7.28011,7.211103,9.219544,10.630146,12.041595,13.453624,14.21267,14.142136,14.21267,14.21267,13.601471,12.206556,10.816654,9.219544,5.830952,6.0,9.433981,14.21267,19.209373,23.021729,16.401219,14.21267,12.727922,8.062258,4.123106,3.605551,6.0,10.440307,13.928388,16.552945,20.124612,21.954498,24.698178,26.627054,28.017851,28.017851,26.627054,24.698178,21.095023,15.652476,9.219544,4.472136,8.246211,14.764823,21.400935,27.018512,7.615773,8.544004,9.219544,10.0,9.055385,8.544004,8.062258,7.071068,6.708204,6.324555,7.071068,7.28011,8.062258,8.602325,9.219544,10.630146,10.630146,11.401754,11.401754,10.816654,11.7047,12.165525,13.038405,13.341664,14.866069,16.124515,11.7047,13.928388,14.866069,16.155494,16.155494,16.552945,15.652476,13.892444,12.206556,10.816654,8.602325,7.211103,4.472136,3.0,3.605551,6.324555,10.049876,13.038405,16.124515,19.104973,21.213203,22.203603,22.36068,22.36068,19.416488,16.278821,13.601471,15.0,15.620499,15.620499,14.21267,13.453624,11.401754,8.602325,5.830952,4.123106,3.162278,3.605551,5.09902,7.071068,8.062258,9.055385,9.219544,10.198039,10.440307,10.440307,9.486833,9.219544,8.062258,7.071068,6.708204,7.81025
hoyeon_stand_normal_01,45,15,1.5000819672131147,29.998360745314464,10,0.5512456297874451,0.6842522025108337,-0.2453645169734954,0.9995772838592528,0.5465019345283508,0.6943262815475464,-0.2355307191610336,0.9993184804916382,0.5435746312141418,0.6938358545303345,-0.2355335652828216,0.999266803264618,0.5407094955444336,0.6930908560752869,-0.2355577200651168,0.9993085265159608,0.5541760921478271,0.6942247748374939,-0.2350955307483673,0.9990468621253968,0.5566825866699219,0.693779706954956,-0.235110655426979,0.9989078640937804,0.558896005153656,0.6932936310768127,-0.2351254969835281,0.9990554451942444,0.5362011194229126,0.6847008466720581,-0.1536298543214798,0.9992054104804992,0.5604197978973389,0.6862269639968872,-0.1515538245439529,0.99869304895401,0.5459336638450623,0.6712512373924255,-0.2128830552101135,0.9994027614593506,0.5562422871589661,0.6720687747001648,-0.2123633772134781,0.999241828918457,0.5151952505111694,0.6074926853179932,-0.0800185725092887,0.999826192855835,0.5794299244880676,0.6058711409568787,-0.0779140815138816,0.9995858669281006,0.5059430003166199,0.5094138383865356,-0.0231258459389209,0.9755998253822328,0.5874701738357544,0.5071417093276978,-0.0292569268494844,0.9552854299545288,0.501412034034729,0.4304732382297516,-0.0790844410657882,0.9697775840759276,0.5942035913467407,0.4215076565742492,-0.0857712775468826,0.9324256777763368,0.4971015751361847,0.4006308615207672,-0.0974725633859634,0.9355900883674622,0.598944902420044,0.3928320407867431,-0.1056899726390838,0.877268373966217,0.5024307370185852,0.4010142683982849,-0.1262770593166351,0.9364582300186156,0.5943154096603394,0.3917352855205536,-0.133654698729515,0.8800404071807861,0.5053396224975586,0.4095794558525085,-0.0915547162294387,0.9194772839546204,0.5914570689201355,0.4007464945316314,-0.0981775969266891,0.8633286952972412,0.527374267578125,0.4331764280796051,-0.0017183476593345,0.9995576739311218,0.5693880915641785,0.4340013563632965,0.0016300664283335,0.9993256330490112,0.5260654091835022,0.2735268473625183,-0.0331284627318382,0.9576435089111328,0.5711607336997986,0.2779843509197235,-0.024674953892827,0.922591507434845,0.5309175252914429,0.1273675709962844,0.0566161796450614,0.9395838379859924,0.5724935531616211,0.1299579590559005,0.0629908591508865,0.8899511694908142,0.5335235595703125,0.1095009297132492,0.0583617538213729,0.5222691893577576,0.5700004696846008,0.1126097589731216,0.0651434585452079,0.4687514007091522,0.5351649522781372,0.0776562467217445,-0.057769950479269,0.9087420105934144,0.5730348825454712,0.0798549726605415,-0.0453878790140152,0.8681602478027344,hoyeon_stand_normal_01,6.403124,6.082763,8.246211,11.7047,13.928388,15.811388,15.811388,15.811388,15.524175,13.601471,12.369317,11.401754,9.848858,8.062258,7.81025,7.211103,7.28011,9.055385,11.401754,13.928388,16.552945,18.788294,20.615528,21.540659,22.135944,20.615528,6.708204,9.433981,10.816654,13.038405,14.764823,15.652476,15.231546,14.866069,13.601471,12.369317,10.198039,8.246211,5.385165,4.242641,4.123106,5.09902,6.708204,8.944272,11.661904,13.892444,15.652476,17.464249,18.027756,17.720045,16.492423,13.341664,15.033296,13.152946,10.198039,6.324555,2.236068,3.162278,8.0,11.18034,15.297059,18.681542,20.880613,23.4094,26.0,27.313001,29.068884,29.068884,28.178006,25.942244,22.36068,16.155494,10.198039,5.830952,8.062258,15.652476,21.633308,27.202941,8.544004,8.944272,10.0,9.899495,9.433981,8.544004,8.062258,7.071068,6.708204,7.071068,8.062258,8.944272,10.440307,10.440307,11.18034,11.18034,12.165525,12.369317,12.649111,12.529964,12.206556,12.727922,13.038405,13.928388,15.297059,16.03122,11.7047,13.416408,15.652476,16.552945,16.552945,16.155494,15.811388,14.56022,13.341664,11.18034,9.055385,7.071068,5.385165,3.605551,4.123106,6.324555,8.944272,13.038405,15.811388,18.867962,21.095023,21.954498,21.954498,21.470911,19.235384,16.552945,13.928388,14.866069,14.866069,15.811388,13.928388,13.601471,10.440307,8.544004,5.830952,3.605551,3.0,4.472136,5.656854,7.071068,8.485281,9.899495,10.630146,10.630146,11.401754,11.401754,10.0,9.219544,8.485281,7.211103,7.28011,8.0
hoyeon_stand_normal_01,48,16,1.600087431693989,29.998360745314464,10,0.5512126088142395,0.68418288230896,-0.2360938638448715,0.9996176958084106,0.5464719533920288,0.694255530834198,-0.2258191406726837,0.9993807077407836,0.5435529947280884,0.6937642097473145,-0.2258268892765045,0.9993346929550172,0.5407002568244934,0.6930195093154907,-0.2258511185646057,0.999372661113739,0.5541662573814392,0.6941986680030823,-0.2256952673196792,0.999134123325348,0.5566257238388062,0.6938111186027527,-0.2257112562656402,0.99900883436203,0.5588451027870178,0.6934046149253845,-0.2257240712642669,0.9991414546966552,0.5362004041671753,0.6846502423286438,-0.1433974802494049,0.9992766976356506,0.5604313015937805,0.6863789558410645,-0.1427985727787017,0.9988068342208862,0.5459016561508179,0.6711934804916382,-0.203600063920021,0.9994602799415588,0.5562092661857605,0.6719998717308044,-0.2034982144832611,0.9993141293525696,0.5152509212493896,0.6077131628990173,-0.0721048489212989,0.9998411536216736,0.5794975161552429,0.6060308814048767,-0.0718595013022422,0.9996190071105956,0.5060448050498962,0.5097209811210632,-0.0174256470054388,0.9764387607574464,0.5875081419944763,0.5072980523109436,-0.0282129254192113,0.955613374710083,0.5020180940628052,0.4300020635128021,-0.0753312110900878,0.969906449317932,0.5946606993675232,0.4199926853179931,-0.0838514417409896,0.9307012557983398,0.4975253045558929,0.4003911316394806,-0.0935923904180526,0.93606436252594,0.5995981097221375,0.3914320766925812,-0.103464163839817,0.8749696016311646,0.5028037428855896,0.4004455804824829,-0.1227042526006698,0.937393307685852,0.5947008728981018,0.3903849422931671,-0.1325244754552841,0.8784645795822144,0.5057782530784607,0.4090307950973511,-0.0879538804292678,0.9209275245666504,0.591694712638855,0.3997557759284973,-0.0966474339365959,0.8622738122940063,0.5276022553443909,0.433048814535141,-0.0011517342645674,0.9995569586753844,0.5695245862007141,0.433956503868103,0.0010640940163284,0.9993338584899902,0.5260688066482544,0.2734050452709198,-0.0319955311715602,0.9582154154777528,0.5710092782974243,0.27780881524086,-0.0258543360978364,0.9251250624656676,0.5309378504753113,0.1272174268960952,0.0563627481460571,0.9416695833206176,0.572498083114624,0.1292406022548675,0.058991253376007,0.8932225108146667,0.533578097820282,0.1083803102374076,0.058145884424448,0.5240920186042786,0.5701334476470947,0.110371820628643,0.060994978994131,0.4707843661308288,0.5350438356399536,0.07720697671175,-0.0568002872169017,0.9113188982009888,0.572981059551239,0.0797017216682434,-0.0497211851179599,0.8717668056488037,hoyeon_stand_normal_01,27.202941,26.172505,25.495098,21.400935,18.601075,13.601471,10.630146,7.81025,7.28011,7.071068,8.544004,10.29563,12.529964,13.892444,15.264338,17.0,18.35756,19.697716,19.697716,18.384776,17.088007,14.866069,12.083046,8.602325,8.062258,10.049876,15.0,15.264338,13.416408,12.083046,9.433981,7.81025,7.211103,8.246211,10.049876,11.0,12.0,13.0,14.035669,14.035669,15.132746,14.317821,13.601471,12.649111,11.401754,9.219544,7.0,6.403124,9.433981,13.928388,18.384776,22.847319,13.0,11.045361,8.062258,5.385165,1.0,4.123106,8.0,11.045361,14.142136,17.262677,20.615528,23.086793,24.351591,26.0,26.400758,26.832816,26.41969,24.596748,20.124612,16.155494,10.198039,6.708204,9.055385,15.524175,21.540659,26.832816,11.401754,11.661904,12.529964,11.7047,10.198039,9.0,8.246211,7.211103,7.211103,8.246211,9.055385,10.049876,11.18034,12.165525,12.165525,12.165525,13.152946,13.038405,13.0,12.165525,12.649111,12.529964,12.041595,12.206556,13.416408,13.601471,11.401754,12.649111,14.866069,15.524175,15.524175,15.524175,14.317821,13.152946,12.041595,10.0,8.0,6.0,4.123106,2.828427,4.0,6.324555,9.848858,13.416408,15.652476,18.788294,21.023796,22.847319,22.472205,21.540659,18.973666,16.763055,14.142136,16.278821,16.278821,17.117243,15.132746,14.035669,11.18034,9.219544,6.324555,5.0,3.605551,4.0,5.385165,6.708204,8.062258,8.944272,9.848858,9.848858,10.77033,10.77033,10.77033,9.848858,7.615773,7.211103,6.403124,7.071068
hoyeon_stand_normal_01,51,17,1.7000928961748634,29.998360745314464,10,0.5511907339096069,0.6841374039649963,-0.2251457870006561,0.999654233455658,0.5464560985565186,0.6942189931869507,-0.2145629823207855,0.9994373321533204,0.5435375571250916,0.6937205791473389,-0.2145735621452331,0.9993963837623596,0.5406936407089233,0.6929671764373779,-0.2146007269620895,0.999431014060974,0.5541360378265381,0.694256603717804,-0.2142296135425567,0.9992135763168336,0.5565310120582581,0.6939367651939392,-0.2142451703548431,0.9991005659103394,0.5587523579597473,0.6936088800430298,-0.2142599374055862,0.9992200136184692,0.5361946225166321,0.6846031546592712,-0.1321729868650436,0.9993416666984558,0.5604303479194641,0.6865583062171936,-0.1305207312107086,0.9989109635353088,0.5458706617355347,0.6711453199386597,-0.1927126199007034,0.999512255191803,0.5561812520027161,0.6720345616340637,-0.1923090815544128,0.999379575252533,0.5152882933616638,0.6079608798027039,-0.0652316659688949,0.9998548030853271,0.5795336365699768,0.6060099005699158,-0.0641818046569824,0.999648928642273,0.5060921311378479,0.509688675403595,-0.0110730780288577,0.9770740270614624,0.5874778628349304,0.5070874691009521,-0.0143382782116532,0.9558066725730896,0.50289386510849,0.4294681549072265,-0.0738447457551956,0.9699569344520568,0.5943138003349304,0.4195201396942138,-0.0724320411682128,0.929738461971283,0.4986286759376526,0.3993118703365326,-0.0934767201542854,0.9365513324737548,0.598971426486969,0.3912683129310608,-0.0926349610090255,0.8740789890289307,0.5037803649902344,0.3993502557277679,-0.1216228529810905,0.9382284283638,0.5943005084991455,0.3903031945228576,-0.122007243335247,0.8781391382217407,0.5066131353378296,0.4081940054893493,-0.0862646251916885,0.9221444725990297,0.5912694334983826,0.3997837007045746,-0.0854608938097953,0.8624464273452759,0.5277337431907654,0.4328477680683136,-0.0011454378254711,0.9995627999305724,0.5695978403091431,0.4338739812374115,0.0010597583604976,0.9993498921394348,0.5262234210968018,0.2728399038314819,-0.0315137915313243,0.9592245221138,0.5710209608078003,0.2766712307929992,-0.0260559879243373,0.9277868270874025,0.5309701561927795,0.1256060749292373,0.0555535033345222,0.944152057170868,0.5725196003913879,0.127206802368164,0.0589286647737026,0.8970972299575806,0.5338984727859497,0.1064515486359596,0.0572437420487403,0.528211236000061,0.5701720714569092,0.1078382059931755,0.060989424586296,0.4750488102436065,0.5350856184959412,0.0760396718978881,-0.0569177828729152,0.9146023988723756,0.5728381276130676,0.0784958004951477,-0.0485660172998905,0.8762406706809998,hoyeon_stand_normal_01,25.238859,25.942244,23.769729,21.18962,17.720045,13.601471,9.848858,7.211103,5.385165,6.0,7.28011,8.944272,11.661904,13.038405,15.264338,16.643317,18.867962,19.723083,20.59126,20.124612,18.788294,16.552945,13.416408,10.0,7.615773,9.0,14.764823,13.601471,12.806248,11.401754,8.602325,6.708204,5.0,5.830952,7.81025,9.899495,11.313708,12.727922,13.453624,13.453624,13.601471,13.601471,13.038405,12.529964,10.29563,8.062258,5.656854,4.0,7.071068,12.041595,16.278821,20.518285,11.7047,13.152946,14.035669,14.0,14.035669,14.142136,12.369317,11.401754,9.486833,7.28011,6.324555,3.162278,1.0,1.414214,5.0,8.062258,11.661904,14.764823,17.492856,20.59126,21.954498,22.825424,22.825424,21.023796,18.788294,16.155494,4.0,4.472136,6.403124,8.062258,9.848858,10.440307,10.440307,11.18034,10.049876,10.049876,9.0,8.0,6.0,5.0,3.0,2.0,1.0,1.414214,3.162278,5.385165,6.324555,7.615773,8.944272,9.433981,9.219544,10.630146,17.916125,15.8258595,12.9223265,9.2169905,6.203659,4.6708305,5.828427,8.3322915,11.109204,13.1900345,15.6944265,17.616203499999997,19.1046865,20.7710405,21.675507,21.802269000000003,21.9809815,20.4319925,17.662429500000002,14.5947515,10.59017,6.415476,4.9286505,7.566663,11.9147255,15.3942565,4.061553,2.9953525,4.061553,7.175589,10.424429,13.2274065,15.326238,16.7764725,16.791165499999998,17.5578815,15.9679515,14.9994075,13.7419,11.7836395,9.842436,7.8390155,6.737096,6.0777535,6.3638395,8.3011625,10.6704955,13.7260385,15.8884955,18.691929,19.8615415,19.708244
hoyeon_stand_normal_01,54,18,1.8000983606557377,29.998360745314464,10,0.5511718392372131,0.684098482131958,-0.2248407900333404,0.9996870756149292,0.5464398264884949,0.6941905617713928,-0.2141498476266861,0.999488353729248,0.543523371219635,0.6936893463134766,-0.2141608893871307,0.9994519948959352,0.5406879186630249,0.6929301619529724,-0.214185431599617,0.9994836449623108,0.5541251301765442,0.6942687630653381,-0.2138683348894119,0.9992849826812744,0.5564788579940796,0.6939830183982849,-0.2138838768005371,0.9991829991340636,0.5587060451507568,0.6936906576156616,-0.2138932198286056,0.999290406703949,0.5361813306808472,0.6845657825469971,-0.1321226507425308,0.9994007349014282,0.5604267120361328,0.6866238117218018,-0.130615696310997,0.9990040063858032,0.5458561778068542,0.6711174845695496,-0.1927463859319687,0.9995591640472412,0.5561590194702148,0.6720744371414185,-0.1923802644014358,0.9994384050369264,0.5152903199195862,0.6081374287605286,-0.0652892217040062,0.9998671412467957,0.5795358419418335,0.6059242486953735,-0.0620355047285556,0.999674677848816,0.5061303973197937,0.5097394585609436,-0.0119044678285717,0.977853536605835,0.5874509811401367,0.5068739652633667,-0.0141134606674313,0.9553437232971193,0.5030465722084045,0.429087221622467,-0.0746276751160621,0.9700661301612854,0.5940713882446289,0.4193847477436065,-0.0727341100573539,0.9272103309631348,0.4985111653804779,0.3990744352340698,-0.0940074771642685,0.9370118379592896,0.5985709428787231,0.3911053836345672,-0.0926852896809578,0.8708074688911438,0.5039091110229492,0.3990645706653595,-0.1219707876443862,0.9390133619308472,0.5939792990684509,0.3901113867759704,-0.1220876723527908,0.875550389289856,0.5067769289016724,0.4079134464263916,-0.0868977233767509,0.9233185052871704,0.5909569263458252,0.3995418548583984,-0.085815817117691,0.8603372573852539,0.5278337597846985,0.4326451420783996,-0.0011529506882652,0.9995649456977844,0.5696451663970947,0.4336927235126495,0.001069260877557,0.9993577599525452,0.5263416171073914,0.2727702260017395,-0.0309979431331157,0.9600956439971924,0.5710259675979614,0.2763454616069793,-0.0259580705314874,0.930129051208496,0.5310209393501282,0.1250982284545898,0.0561388917267322,0.9464382529258728,0.5725208520889282,0.1270938217639923,0.059949405491352,0.9005913138389587,0.5339308381080627,0.1058867648243904,0.0579536333680152,0.5306124091148376,0.5701751708984375,0.1073394194245338,0.0620735362172126,0.4789500534534454,0.5350983738899231,0.0756155103445053,-0.0564189292490482,0.9175474047660828,0.5727329254150391,0.0783464387059211,-0.0475444607436656,0.880306601524353,hoyeon_stand_normal_01,23.345235,23.769729,22.135944,19.313208,16.552945,12.083046,9.486833,6.082763,4.472136,5.0,6.708204,8.246211,10.198039,12.165525,14.142136,16.278821,17.262677,19.416488,19.646883,18.973666,17.088007,14.866069,11.7047,8.062258,6.324555,7.81025,11.18034,10.77033,9.848858,8.544004,6.708204,5.0,5.09902,7.0,8.062258,10.198039,11.18034,12.165525,13.038405,13.038405,13.0,12.041595,11.045361,10.049876,9.055385,7.0,4.472136,4.472136,8.0,12.041595,16.03122,20.024984,11.661904,13.0,14.317821,14.317821,14.142136,13.0,13.0,11.045361,9.055385,7.071068,5.09902,3.162278,1.0,2.0,6.082763,9.219544,12.369317,15.297059,18.248288,20.223748,22.36068,23.194827,22.203603,21.095023,19.026298,15.0,4.0,4.472136,6.403124,8.062258,9.486833,10.198039,11.045361,11.0,11.0,10.049876,9.055385,8.062258,6.082763,5.09902,3.0,2.0,2.0,3.0,5.0,7.071068,8.062258,8.246211,9.486833,10.29563,11.401754,12.315073,17.492856,16.124515,13.892444,10.29563,7.615773,5.09902,4.242641,7.615773,9.486833,11.401754,13.928388,16.155494,17.888544,19.723083,20.808652,20.615528,21.260292,20.518285,17.691806,14.866069,11.401754,7.615773,5.385165,6.708204,10.198039,14.035669,4.472136,3.0,3.162278,6.0,9.055385,12.041595,14.035669,16.03122,17.029386,17.0,16.0,14.035669,13.038405,12.041595,10.049876,8.062258,6.082763,5.385165,5.656854,8.062258,9.486833,12.649111,14.56022,18.027756,19.313208,19.697716
hoyeon_stand_normal_01,57,19,1.900103825136612,29.998360745314464,10,0.5511363744735718,0.6840618252754211,-0.2296696156263351,0.9997166991233826,0.5464222431182861,0.6941604018211365,-0.2191170901060104,0.99953430891037,0.5435106754302979,0.6936576962471008,-0.2191249877214431,0.9995020627975464,0.5406727194786072,0.6928972601890564,-0.2191472798585891,0.9995309114456176,0.554086446762085,0.6942616701126099,-0.2188076227903366,0.9993494153022766,0.556393027305603,0.6939993500709534,-0.2188248485326767,0.9992574453353882,0.5586296916007996,0.6937291622161865,-0.2188333719968795,0.999354124069214,0.5361472964286804,0.684541642665863,-0.136844977736473,0.9994536638259888,0.5604167580604553,0.6866506934165955,-0.135071724653244,0.9990885853767396,0.545786440372467,0.6710805296897888,-0.1974408328533172,0.9996013641357422,0.5561392903327942,0.672073245048523,-0.1969991773366928,0.9994914531707764,0.5152820348739624,0.6081942319869995,-0.0679464787244796,0.9998780488967896,0.5795349478721619,0.6058719754219055,-0.0651214644312858,0.9996988773345948,0.5061641335487366,0.5097877979278564,-0.0124748162925243,0.9783366918563844,0.5874404311180115,0.5067316293716431,-0.0147085795179009,0.955563485622406,0.5029082894325256,0.427941232919693,-0.0737984701991081,0.9696382284164428,0.5940672159194946,0.4193335473537445,-0.0760010108351707,0.9257871508598328,0.4983530044555664,0.3981944024562835,-0.0926195383071899,0.9364804029464722,0.5985116958618164,0.3911448717117309,-0.0960385575890541,0.8688516616821289,0.5036169290542603,0.3984030783176422,-0.12080879509449,0.9388677477836608,0.5938783288002014,0.3900353610515594,-0.1247139126062393,0.8741416335105896,0.5065643787384033,0.4073245525360107,-0.086117498576641,0.9234259724617004,0.5908604860305786,0.399489551782608,-0.0888151377439498,0.8593826293945312,0.5279192924499512,0.4325089454650879,-0.00116011290811,0.999566912651062,0.5696660280227661,0.4335622787475586,0.001077881664969,0.9993657469749452,0.5263600945472717,0.2726861238479614,-0.0311037022620439,0.9610967636108398,0.5710265040397644,0.276256114244461,-0.0258640963584184,0.9325535893440248,0.5310229063034058,0.1251007169485092,0.0566357411444187,0.9487070441246032,0.5725353956222534,0.127149298787117,0.0602688752114772,0.9041395783424376,0.5339467525482178,0.1058811619877815,0.0582012683153152,0.5343018174171448,0.5701854825019836,0.1074015274643898,0.0626899003982544,0.4839767813682556,0.5350812673568726,0.0751731693744659,-0.0555528812110424,0.9204890131950378,0.572706401348114,0.0783686935901641,-0.0460386984050273,0.88444983959198,hoyeon_stand_normal_01,16.509256,16.475771,16.495015,15.420165,15.013878,13.964194,11.7434165,9.5,8.8027755,9.54951,10.035534,10.6217,11.2095965,11.8078025,11.4021425,11.6476005,11.8295645,12.747549,13.2741515,14.269477,14.9617455,14.881317500000002,14.1224005,13.201562,13.16561,14.8378455,10.180112,10.7912045,10.424429,11.066461,9.905037,9.7207645,9.45738,10.310649000000002,10.905243,11.1289745,10.2193965,10.016648,9.147512,8.684407,9.451305,9.7084205,10.206366,11.2095965,11.240951,10.711123,10.1238105,10.8674065,12.7632535,15.540438000000002,17.029837999999998,17.921969,14.56022,13.0,12.206556,11.313708,10.77033,12.041595,14.142136,16.763055,18.384776,20.615528,22.847319,24.166092,24.166092,25.079872,24.698178,23.4094,22.135944,17.720045,13.341664,7.28011,1.0,7.071068,14.142136,20.396078,25.70992,29.410882,16.552945,17.492856,18.601075,17.691806,15.811388,13.416408,9.219544,6.082763,3.605551,5.09902,7.211103,9.219544,11.661904,12.529964,14.317821,15.231546,14.866069,15.811388,15.231546,14.317821,13.892444,12.041595,12.206556,12.083046,13.341664,14.0,12.0,14.035669,15.033296,17.029386,17.029386,17.0,16.03122,15.033296,14.142136,12.165525,10.198039,8.062258,6.0,4.472136,4.472136,7.071068,10.0,13.152946,17.262677,20.223748,22.090722,23.086793,23.086793,22.022716,20.024984,17.029386,13.601471,15.524175,16.278821,17.262677,15.132746,15.132746,13.038405,10.049876,7.28011,4.472136,3.605551,4.0,5.385165,6.708204,8.062258,9.433981,10.29563,11.18034,11.7047,11.7047,11.401754,10.440307,9.848858,8.062258,8.485281,8.062258
hoyeon_stand_normal_01,60,20,2.000109289617486,29.998360745314464,10,0.5511124134063721,0.6840347051620483,-0.2328513264656067,0.9997433423995972,0.5464034676551819,0.6941360235214233,-0.2223235666751861,0.9995755553245544,0.5434945821762085,0.693632960319519,-0.2223310470581054,0.999547004699707,0.5406545400619507,0.6928732395172119,-0.2223532497882843,0.9995733499526978,0.5540505051612854,0.6942588090896606,-0.2218665033578872,0.9994072914123536,0.5563244223594666,0.6940211653709412,-0.2218835949897766,0.9993242621421814,0.5585640668869019,0.6937785744667053,-0.2218923419713974,0.9994112253189088,0.5361089110374451,0.6845303177833557,-0.1403687298297882,0.9995011687278748,0.5603997111320496,0.6866898536682129,-0.1379633545875549,0.9991639852523804,0.5457351207733154,0.671054482460022,-0.2007855027914047,0.9996392726898192,0.5561229586601257,0.6720621585845947,-0.2001657485961914,0.999539077281952,0.5152714252471924,0.6082202196121216,-0.0718737468123436,0.9998877048492432,0.5795215368270874,0.6058076620101929,-0.0672389939427375,0.999719738960266,0.5061870813369751,0.5097583532333374,-0.0152511745691299,0.9788749814033508,0.5874252915382385,0.5067104697227478,-0.0160216260701417,0.955629587173462,0.5027102828025818,0.4272109270095825,-0.0753987357020378,0.969437301158905,0.5940385460853577,0.4193215668201446,-0.0776636153459549,0.924309015274048,0.4981135427951813,0.3975566923618316,-0.0945940911769867,0.9362988471984864,0.5984779000282288,0.3913031816482544,-0.0976547524333,0.8668032288551331,0.5032846331596375,0.3977515399456024,-0.1214808076620101,0.9389939308166504,0.5939013361930847,0.3901100158691406,-0.1260563880205154,0.8726016879081726,0.5063057541847229,0.4067180156707763,-0.0872422009706497,0.9238336086273192,0.5908561944961548,0.3994658589363098,-0.0903510078787803,0.8582771420478821,0.5279356837272644,0.4323897361755371,-0.0012803015997633,0.9995649456977844,0.5696653127670288,0.4334572553634643,0.001199769321829,0.9993683695793152,0.5263580679893494,0.2726073265075683,-0.0312214270234107,0.9617487788200378,0.5710265636444092,0.2761920094490051,-0.0256024580448865,0.9344778656959534,0.5310201644897461,0.1252369731664657,0.0568453297019004,0.9503563046455384,0.5725365877151489,0.1273014098405838,0.0610546842217445,0.9068109393119812,0.533938467502594,0.1058879718184471,0.058631058782339,0.5354250073432922,0.5701928734779358,0.1074853092432022,0.0636558160185813,0.4873512089252472,0.5350538492202759,0.0751795396208763,-0.0549675710499286,0.9224977493286132,0.5727195143699646,0.0784654691815376,-0.0451159998774528,0.8874187469482422,hoyeon_stand_normal_01,29.154759,29.529646,26.627054,22.803509,18.439089,13.453624,8.602325,5.09902,5.0,6.708204,9.486833,11.401754,13.601471,15.811388,17.720045,18.027756,19.924859,20.248457,19.313208,18.384776,16.155494,12.649111,9.055385,6.708204,8.062258,12.369317,12.0,11.0,9.0,8.062258,6.708204,6.403124,8.544004,10.440307,12.369317,13.341664,14.56022,15.811388,14.866069,14.866069,14.317821,14.317821,12.083046,10.77033,8.544004,6.082763,5.385165,6.708204,11.18034,16.124515,21.377558,25.70992,13.928388,13.416408,14.422205,13.601471,13.453624,12.727922,10.630146,9.433981,8.062258,6.324555,4.0,3.605551,4.472136,6.0,9.055385,12.165525,14.317821,17.464249,19.416488,21.377558,22.203603,21.213203,21.095023,18.027756,16.0,12.041595,2.236068,3.0,5.385165,7.81025,9.219544,10.816654,12.083046,12.649111,12.369317,12.165525,11.045361,9.055385,7.0,6.0,4.0,2.0,2.0,4.123106,6.082763,8.062258,10.049876,11.045361,13.0,13.038405,13.152946,14.2111025,19.104973,18.027756,15.033296,13.038405,9.219544,7.615773,7.071068,7.615773,9.486833,12.369317,13.601471,15.811388,17.088007,17.888544,19.723083,19.416488,20.615528,18.439089,16.970563,14.142136,9.899495,6.708204,4.123106,5.830952,9.486833,12.369317,7.211103,5.385165,4.123106,5.0,8.544004,11.401754,14.56022,16.763055,18.384776,18.788294,17.888544,17.492856,16.643317,15.0,12.806248,11.401754,10.816654,8.944272,8.246211,9.0,10.049876,13.341664,15.524175,17.720045,19.646883,20.396078
hoyeon_stand_normal_01,63,21,2.1001147540983607,29.998360745314464,10,0.5510987043380737,0.684012234210968,-0.2336402386426925,0.999767541885376,0.5463904142379761,0.6941215991973877,-0.2230990529060363,0.999613344669342,0.543483316898346,0.693621814250946,-0.2231051176786422,0.9995880126953124,0.5406382083892822,0.6928646564483643,-0.2231266647577285,0.9996120929718018,0.5540310144424438,0.6942495107650757,-0.222662404179573,0.999460220336914,0.556283712387085,0.6940252780914307,-0.2226788699626922,0.9993853569030762,0.5585275292396545,0.6938000917434692,-0.2226858735084533,0.9994635581970216,0.5360806584358215,0.6845165491104126,-0.141020268201828,0.9995447993278505,0.5603881478309631,0.6867119073867798,-0.1387050300836563,0.9992339611053468,0.5456961989402771,0.6710399985313416,-0.2015106230974197,0.9996736645698548,0.556113600730896,0.6720488667488098,-0.200917899608612,0.9995823502540588,0.5152626633644104,0.6082549095153809,-0.0723463594913482,0.999896764755249,0.5795146822929382,0.6057472229003906,-0.0674043372273445,0.9997395277023317,0.506166934967041,0.5096715092658997,-0.0158398877829313,0.979502499103546,0.5874198079109192,0.5067209601402283,-0.0161764938384294,0.9557889103889464,0.502443253993988,0.4273940026760101,-0.0761568769812583,0.9695899486541748,0.5939338207244873,0.4192810654640198,-0.0784140825271606,0.9235252141952516,0.4978623688220978,0.3976162672042846,-0.0952655747532844,0.9367222785949708,0.5983614325523376,0.3912221193313598,-0.0983880832791328,0.8657979965209961,0.5029613971710205,0.3978320956230163,-0.1221916675567627,0.9396542906761168,0.593822181224823,0.3899500668048858,-0.126817300915718,0.8719944357872009,0.50603848695755,0.4068439602851867,-0.0880301669239997,0.9248204231262208,0.5907745361328125,0.3993145227432251,-0.0911501571536064,0.8580620288848877,0.5279344916343689,0.43230140209198,-0.00148524006363,0.9995681047439576,0.5696508288383484,0.433388203382492,0.0014075266662985,0.9993767142295836,0.5262827277183533,0.2723298668861389,-0.0311603620648384,0.9628048539161682,0.5710933804512024,0.2761279642581939,-0.0248398594558239,0.9368588328361512,0.5309830904006958,0.1249073892831802,0.0571374706923961,0.9523777961730956,0.5726636648178101,0.1273379027843475,0.0614232160151004,0.9102278351783752,0.5339239239692688,0.1052340269088745,0.0591046176850795,0.5388635396957397,0.5702430009841919,0.1074636727571487,0.0637139603495597,0.4936543703079223,0.5350189208984375,0.0750496834516525,-0.0548067465424537,0.9250967502593994,0.5728147625923157,0.078480377793312,-0.0447454042732715,0.8912782073020935,hoyeon_stand_normal_01,4.242641,6.0,10.440307,13.601471,15.524175,17.720045,17.464249,17.464249,16.278821,14.317821,12.165525,10.198039,8.246211,5.385165,3.605551,4.0,5.0,7.81025,10.816654,14.764823,17.0,19.235384,21.470911,21.954498,21.095023,19.416488,8.246211,10.440307,13.0,13.416408,14.764823,13.892444,14.422205,12.206556,10.816654,8.602325,6.708204,5.09902,3.162278,3.605551,5.385165,7.071068,9.055385,12.0,14.0,16.03122,17.029386,18.11077,18.11077,17.262677,14.317821,11.18034,14.56022,14.317821,14.0,12.369317,13.0,13.601471,14.866069,15.811388,18.35756,19.235384,21.470911,21.470911,22.36068,22.825424,21.954498,21.095023,18.867962,15.811388,10.816654,5.830952,2.828427,7.28011,13.0,18.027756,23.086793,26.925824,16.401219,17.691806,16.643317,16.552945,14.317821,12.041595,8.246211,5.656854,5.0,6.403124,9.433981,11.7047,13.341664,14.142136,16.03122,16.0,17.0,17.029386,16.03122,15.0,15.033296,14.317821,13.0,13.038405,12.727922,14.422205,11.18034,12.206556,13.601471,15.0,15.0,14.422205,13.892444,13.416408,11.7047,10.440307,8.544004,6.324555,4.472136,3.605551,4.0,6.324555,8.544004,11.18034,14.764823,17.0,18.788294,19.697716,20.248457,18.973666,17.720045,14.56022,14.035669,16.124515,17.117243,18.248288,18.248288,16.492423,14.56022,12.369317,10.198039,8.062258,6.082763,4.472136,5.0,6.324555,7.28011,8.246211,9.486833,10.77033,11.7047,12.083046,12.083046,12.083046,11.18034,10.440307,9.219544,9.0
hoyeon_stand_normal_01,66,22,2.200120218579235,29.998360745314464,10,0.5510647296905518,0.6839627027511597,-0.2355459034442901,0.9997894763946532,0.5463606119155884,0.6940780282020569,-0.2251147627830505,0.9996477961540222,0.5434576272964478,0.6935710310935974,-0.2251188904047012,0.9996253848075868,0.5406116843223572,0.6928083896636963,-0.2251411527395248,0.999647319316864,0.5539990067481995,0.6942338943481445,-0.2246431708335876,0.9995083808898926,0.556232213973999,0.6940202713012695,-0.2246567159891128,0.999440848827362,0.5584828853607178,0.6937944889068604,-0.2246606796979904,0.9995111227035522,0.536052405834198,0.6844810247421265,-0.1432619243860244,0.9995849132537842,0.5603808164596558,0.6867095828056335,-0.1407760679721832,0.999297857284546,0.5456298589706421,0.6709493398666382,-0.2034432291984558,0.9997047781944276,0.5560847520828247,0.6720199584960938,-0.2028091996908188,0.9996214509010316,0.5152564644813538,0.6082666516304016,-0.0742349848151207,0.9999051094055176,0.5795055627822876,0.6057136058807373,-0.068429984152317,0.9997576475143432,0.5061770677566528,0.5095194578170776,-0.0165326502174139,0.980219066143036,0.5873692035675049,0.5067515969276428,-0.0167950484901666,0.955922544002533,0.5024115443229675,0.4272168576717376,-0.0759516060352325,0.9700215458869934,0.5938751697540283,0.4192418456077575,-0.0788944140076637,0.9228604435920716,0.4978335797786712,0.3974078595638275,-0.0946941673755645,0.9375953078269958,0.5983037948608398,0.3912710547447204,-0.098800852894783,0.8649311065673828,0.5028398036956787,0.3977399170398712,-0.1223187670111656,0.9407049417495728,0.593766987323761,0.3899431824684143,-0.1272590309381485,0.8714801669120789,0.5059314966201782,0.4067004024982452,-0.0880182981491088,0.9262388348579408,0.5907192826271057,0.3993183374404907,-0.09165720641613,0.857947587966919,0.5279335379600525,0.4323026239871979,-0.0019320489373058,0.9995721578598022,0.5696214437484741,0.4333489239215851,0.0018606300000101,0.9993855953216552,0.5261975526809692,0.2723003029823303,-0.0312168393284082,0.9637295603752136,0.5712364315986633,0.2763804495334625,-0.0236212518066167,0.9389600157737732,0.5309600830078125,0.1249089390039444,0.0563724599778652,0.95404314994812,0.5727247595787048,0.1281295120716095,0.0619732029736042,0.9130433797836304,0.5339130163192749,0.1050997450947761,0.0580970495939254,0.5403780937194824,0.5702513456344604,0.108651153743267,0.064427837729454,0.499140202999115,0.5349878072738647,0.0750317126512527,-0.056717861443758,0.9270910620689392,0.5731865763664246,0.07884032279253,-0.0443071238696575,0.8943567276000977,hoyeon_stand_normal_01,3.0,5.830952,9.848858,13.416408,14.764823,16.643317,16.643317,15.811388,15.0,12.806248,11.401754,9.433981,7.615773,5.09902,4.123106,5.0,6.324555,9.055385,12.0,15.033296,17.029386,20.024984,21.023796,22.022716,21.0,19.026298,8.544004,10.77033,12.649111,14.56022,14.56022,14.317821,14.142136,13.152946,11.045361,9.055385,7.071068,5.385165,3.605551,3.162278,4.123106,5.830952,7.211103,10.0,11.401754,13.601471,15.0,15.811388,16.643317,14.764823,12.529964,8.944272,14.303001,14.0192025,13.9330345,12.985394,12.539156,13.034793,13.8007355,15.392611,17.464249,18.973666,21.18962,21.988137,23.086793,23.7255155,23.5895645,23.004705,20.996543000000003,18.3498165,14.80744,9.4921555,5.263115,5.09902,10.5399175,16.086722,21.2249985,25.664749,16.923650000000002,18.439089,18.069263,17.7460025,15.410617,13.0192025,9.5276925,6.5210275,4.123106,4.736068,7.1055515,9.353188500000002,11.44252,12.7841845,13.946222,14.622983,15.495292,15.495292,14.9994075,13.7446465,13.403124,12.407425,11.553227,10.908327,11.7396165,13.229176,18.027756,17.117243,15.132746,12.041595,10.049876,8.246211,8.062258,9.219544,10.630146,12.806248,14.21267,16.278821,17.691806,18.601075,19.723083,20.124612,20.615528,18.027756,16.763055,13.601471,10.77033,7.81025,6.324555,8.246211,10.77033,13.416408,8.944272,7.28011,5.09902,5.656854,7.615773,10.198039,13.341664,15.524175,16.763055,18.027756,18.027756,16.552945,16.124515,14.422205,12.206556,10.816654,9.433981,8.944272,8.246211,9.055385,11.0,13.038405,15.132746,17.117243,19.026298,20.0
hoyeon_stand_normal_01,69,23,2.3001256830601093,29.998360745314464,10,0.5510249733924866,0.6838590502738953,-0.240353524684906,0.9998092651367188,0.5463124513626099,0.6939857006072998,-0.2299750447273254,0.9996790885925292,0.5434120297431946,0.6934689283370972,-0.2299776822328567,0.999659299850464,0.5405725240707397,0.6926976442337036,-0.2299996018409729,0.9996793270111084,0.5539596080780029,0.694183349609375,-0.2294909805059433,0.9995520114898682,0.5561769604682922,0.6939992308616638,-0.229504644870758,0.9994910955429076,0.5584384799003601,0.693784236907959,-0.2295077294111251,0.9995540976524352,0.5360043048858643,0.6843546032905579,-0.1476275026798248,0.9996214509010316,0.5603765845298767,0.6867061257362366,-0.1452184617519378,0.9993557333946228,0.5455620884895325,0.6707518696784973,-0.2080297470092773,0.9997328519821168,0.5560583472251892,0.6719371676445007,-0.2074148803949356,0.9996567368507384,0.5152413249015808,0.6082786917686462,-0.0778784826397895,0.9999127984046936,0.5795058012008667,0.6056752800941467,-0.0709603875875473,0.9997739195823668,0.5061857104301453,0.5091005563735962,-0.0186181031167507,0.9809858798980712,0.5872345566749573,0.5067761540412903,-0.0183328110724687,0.955852746963501,0.502164900302887,0.4265155792236328,-0.0763578563928604,0.9706682562828064,0.5937753915786743,0.4193042814731598,-0.0792671889066696,0.922054648399353,0.4975651204586029,0.3967366814613342,-0.0952273532748222,0.9387803673744202,0.598171591758728,0.3911356329917907,-0.0991849228739738,0.8638594150543213,0.5025970339775085,0.396965354681015,-0.1224791035056114,0.9420382976531982,0.5937004089355469,0.3898071646690368,-0.1273696273565292,0.8707551956176758,0.5057412981987,0.4059129357337951,-0.088214635848999,0.9279555678367616,0.5906569957733154,0.3992019295692444,-0.0918436869978904,0.8575734496116638,0.5279325246810913,0.4322533011436462,-0.0022708757314831,0.9995763301849364,0.5696009993553162,0.4332992136478424,0.0022018938325345,0.9993948340415956,0.5261926054954529,0.272260308265686,-0.0309975370764732,0.9645832777023317,0.5713027715682983,0.2763698697090149,-0.0222134850919246,0.9408430457115172,0.5309600234031677,0.1246448531746864,0.0565587021410465,0.9557226896286012,0.5727540254592896,0.1285071074962616,0.0630799457430839,0.9159076809883118,0.5339136719703674,0.1047080308198928,0.0582776442170143,0.5439624190330505,0.5702565312385559,0.1087885200977325,0.0651776939630508,0.5056304335594177,0.5349643230438232,0.0750345885753631,-0.0567585602402687,0.9292677640914916,0.5734099745750427,0.0792439356446266,-0.0437654256820678,0.8976083397865295,hoyeon_stand_normal_01,5.0,7.071068,10.816654,13.892444,16.643317,18.601075,18.601075,17.691806,16.278821,14.866069,13.453624,10.630146,8.602325,6.708204,5.0,4.472136,6.708204,9.486833,12.165525,15.132746,18.11077,21.095023,22.090722,23.194827,22.36068,20.615528,8.485281,10.630146,12.806248,15.0,15.811388,15.264338,14.764823,13.416408,12.083046,9.848858,7.211103,5.0,4.472136,4.0,5.385165,6.403124,8.485281,11.401754,13.453624,15.620499,17.691806,18.384776,18.439089,17.029386,15.0,11.401754,17.492856,17.204651,15.620499,14.142136,13.038405,13.0,13.152946,14.035669,16.124515,17.464249,18.439089,20.615528,21.377558,22.36068,22.203603,21.095023,20.099751,18.027756,14.0,10.049876,5.385165,4.123106,10.0,15.620499,20.808652,24.698178,16.278821,18.027756,17.0,16.492423,14.142136,11.045361,7.615773,3.605551,3.605551,6.324555,9.0,11.401754,13.601471,15.231546,16.124515,16.643317,17.204651,17.029386,16.401219,15.811388,13.892444,13.0,12.165525,12.041595,13.601471,15.231546,19.235384,17.262677,15.297059,12.041595,9.055385,7.615773,8.485281,10.0,12.206556,13.601471,15.811388,17.804494,19.104973,19.849433,21.400935,21.633308,20.59126,20.124612,16.552945,14.317821,10.29563,6.403124,5.0,8.062258,11.313708,14.142136,7.071068,5.830952,5.09902,6.403124,9.219544,12.206556,15.264338,17.204651,18.027756,17.804494,18.439089,17.691806,15.556349,14.866069,12.727922,11.313708,10.630146,9.433981,9.486833,10.049876,12.0,14.0,16.0,19.0,20.024984,21.095023
hoyeon_stand_normal_01,72,24,2.4001311475409834,29.998360745314464,10,0.5509635210037231,0.6836374402046204,-0.2379570603370666,0.999826967716217,0.5462406873703003,0.6938165426254272,-0.2274427413940429,0.9997069239616394,0.5433396100997925,0.6932924389839172,-0.227447360754013,0.999689519405365,0.5405218005180359,0.6925182342529297,-0.2274703681468963,0.9997078776359558,0.5539082884788513,0.6940605640411377,-0.2270127683877945,0.9995906949043274,0.5561155676841736,0.6939254999160767,-0.227027028799057,0.9995356798171996,0.5583964586257935,0.6937214732170105,-0.2270308434963226,0.9995921850204468,0.5359365344047546,0.6841432452201843,-0.1447820365428924,0.9996539950370787,0.5603752732276917,0.686673104763031,-0.1426127403974533,0.999406635761261,0.5454761385917664,0.6704529523849487,-0.2055234611034393,0.9997580647468568,0.5560190081596375,0.671747624874115,-0.2049789577722549,0.9996883273124696,0.515239417552948,0.60829097032547,-0.0755849555134773,0.9999197721481324,0.5795003175735474,0.6056404709815979,-0.0690632537007331,0.99978768825531,0.5061759352684021,0.5087970495223999,-0.0185606051236391,0.9816887378692628,0.5869481563568115,0.5067908763885498,-0.0180885177105665,0.9555872678756714,0.5017339587211609,0.4258618354797363,-0.0764821842312812,0.9714133739471436,0.5936896204948425,0.4194926619529724,-0.078584499657154,0.9211732149124146,0.4971398115158081,0.3963129818439483,-0.0953348875045776,0.9402002692222596,0.5980599522590637,0.3912401497364044,-0.0983389988541603,0.8627877831459045,0.5022391676902771,0.3963194489479065,-0.1227148845791816,0.9435575008392334,0.5936307311058044,0.389856219291687,-0.1274446696043014,0.8700199723243713,0.5054333209991455,0.4052187502384186,-0.0884818136692047,0.9298670887947084,0.5905905961990356,0.3991880714893341,-0.0915520191192627,0.8571385145187378,0.527924120426178,0.4322279989719391,-0.0024660911876708,0.999579906463623,0.5695585608482361,0.433258980512619,0.0024002401623874,0.9994006156921388,0.5261229276657104,0.2716099917888641,-0.031270183622837,0.9653975367546082,0.5715316534042358,0.2762744128704071,-0.0223821140825748,0.9424857497215272,0.5309529900550842,0.1240795105695724,0.0567228533327579,0.9571398496627808,0.5729437470436096,0.1285283714532852,0.0633343756198883,0.9183917045593262,0.5338996052742004,0.1042263731360435,0.058513805270195,0.545574426651001,0.5705214738845825,0.1087747290730476,0.0653206706047058,0.5107220411300659,0.5349388718605042,0.0750010386109352,-0.0564862079918384,0.93102765083313,0.5735575556755066,0.0792718827724456,-0.0435735248029232,0.9003983736038208,hoyeon_stand_normal_01,3.605551,4.123106,7.211103,10.630146,12.806248,14.422205,15.264338,14.764823,13.416408,12.529964,10.29563,8.062258,5.830952,4.242641,3.162278,3.605551,5.830952,8.544004,11.401754,14.317821,16.278821,18.248288,20.396078,20.615528,20.615528,18.973666,8.0,10.049876,13.038405,14.0,15.033296,15.033296,15.132746,13.152946,12.165525,10.049876,8.0,6.082763,4.472136,4.242641,5.09902,6.0,8.062258,10.198039,12.369317,14.56022,16.492423,17.464249,17.262677,16.124515,15.033296,11.045361,12.529964,13.0,12.649111,12.165525,13.038405,12.0,11.045361,10.049876,8.062258,7.28011,5.385165,4.242641,3.162278,4.472136,6.403124,9.219544,11.401754,15.0,17.804494,19.209373,21.260292,21.260292,21.213203,19.849433,17.029386,15.0,3.162278,4.472136,6.403124,8.062258,10.440307,11.18034,12.041595,12.041595,12.165525,11.18034,10.440307,8.544004,6.324555,5.09902,3.0,2.236068,2.0,4.123106,5.830952,8.062258,9.433981,10.816654,12.206556,13.601471,14.21267,12.727922,11.661904,12.806248,14.21267,15.0,15.0,14.422205,13.892444,12.529964,11.7047,9.486833,8.544004,6.324555,5.0,3.162278,4.123106,6.708204,9.433981,12.529964,15.264338,18.35756,20.124612,20.615528,20.615528,19.313208,18.027756,14.866069,14.035669,15.132746,17.117243,17.117243,17.262677,15.297059,14.317821,11.18034,9.055385,7.071068,6.324555,5.656854,5.830952,6.708204,7.28011,8.246211,9.486833,10.77033,10.77033,10.77033,11.18034,10.77033,10.77033,9.219544,9.0,9.219544
hoyeon_stand_normal_01,75,25,2.500136612021858,29.998360745314464,10,0.5509340763092041,0.6834563612937927,-0.2348915040493011,0.9998430609703064,0.5462199449539185,0.6937393546104431,-0.2241644114255905,0.999732255935669,0.5433205962181091,0.6932389140129089,-0.2241702824831009,0.999717116355896,0.5405047535896301,0.6924788951873779,-0.224188819527626,0.9997338056564332,0.5538877248764038,0.6939380168914795,-0.2234744280576706,0.9996258616447448,0.5560883283615112,0.6938272714614868,-0.2234826982021331,0.9995763301849364,0.5583824515342712,0.6935904026031494,-0.2234783470630645,0.9996269941329956,0.5358777642250061,0.6840954422950745,-0.1404525190591812,0.9996835589408876,0.5603719353675842,0.6865387558937073,-0.1372824758291244,0.9994538426399232,0.5454030632972717,0.6702482104301453,-0.2021580189466476,0.9997808337211608,0.5559679269790649,0.6715467572212219,-0.2012871652841568,0.9997169375419616,0.5151611566543579,0.6082983016967773,-0.0702214539051055,0.9999260902404784,0.5794066190719604,0.6056026220321655,-0.0633787736296653,0.9998008608818054,0.5061706304550171,0.5084732174873352,-0.0108722234144806,0.982261598110199,0.5866367816925049,0.5069777965545654,-0.0113257048651576,0.955803632736206,0.5017049312591553,0.4256210923194885,-0.0678891614079475,0.9719780683517456,0.5936324596405029,0.4196586608886719,-0.0709438174962997,0.9213282465934752,0.4971093237400055,0.3962406516075134,-0.0862732306122779,0.941176176071167,0.597973644733429,0.3913285136222839,-0.0904311165213584,0.863149106502533,0.5021679401397705,0.3962025344371795,-0.1149643585085868,0.9446502327919006,0.593561589717865,0.3899388313293457,-0.1203698217868805,0.8705728054046631,0.5053614377975464,0.4050918817520141,-0.0803632065653801,0.9312353134155272,0.5905354619026184,0.3992683589458465,-0.0842035189270973,0.8580120801925659,0.5279234051704407,0.4317665100097656,-0.0025422247126698,0.9995867013931274,0.569543182849884,0.4328579604625702,0.0024792654439806,0.9994136095046996,0.5261148810386658,0.2709538042545318,-0.0309725068509578,0.9663650393486024,0.5715774297714233,0.2760021388530731,-0.0223978701978921,0.9443962574005128,0.530868649482727,0.1231989562511444,0.0567653030157089,0.9587945938110352,0.5730040073394775,0.1280824393033981,0.0634114742279052,0.9212948083877563,0.533866822719574,0.1031720638275146,0.0584892481565475,0.5502947568893433,0.5705581903457642,0.1079155504703521,0.0654474943876266,0.5173734426498413,0.534906268119812,0.0744890943169593,-0.0568137988448143,0.9332561492919922,0.5735558271408081,0.0788964629173278,-0.0434190519154071,0.9037299156188964,hoyeon_stand_normal_01,31.144823,31.240999,28.017851,23.706539,18.384776,13.0,8.062258,4.242641,4.472136,7.071068,10.630146,12.041595,14.866069,16.278821,18.384776,19.104973,20.518285,19.849433,18.439089,17.029386,14.866069,12.806248,9.848858,9.055385,11.18034,15.0,16.278821,15.132746,14.142136,12.369317,9.848858,10.0,10.630146,11.661904,14.317821,15.231546,15.652476,16.552945,17.0,16.124515,16.124515,15.264338,14.422205,12.206556,10.29563,7.615773,6.0,7.071068,11.661904,17.888544,22.36068,26.925824,17.464249,18.027756,16.763055,15.297059,14.0,13.341664,13.416408,15.0,17.029386,18.384776,19.79899,21.931712,22.627417,23.345235,24.083189,23.430749,22.803509,20.808652,17.492856,12.206556,8.485281,5.0,7.81025,13.892444,18.35756,23.853721,16.278821,17.088007,17.888544,16.401219,14.866069,11.661904,8.246211,5.09902,3.162278,5.830952,7.81025,10.29563,13.0,13.341664,15.132746,15.033296,16.0,16.0,15.0,14.0,13.152946,12.649111,12.529964,13.453624,14.21267,16.124515,14.670732,14.7846515,13.9070705,13.6625995,12.2823855,10.9685685,10.9142215,11.012896,11.6259585,10.799753,11.1900395,11.1616875,10.665324,10.975286,11.679245,12.909806,14.554434,14.878654,15.917585,15.595512,14.8689145,13.0003465,12.9365355,14.031129,14.399043,13.535658,11.5276925,10.6622775,10.844037,12.154748,13.5835595,13.566373,14.093121,14.0373735,13.5,12.549412,11.929354,11.0586215,10.341112,10.321188,10.2157875,10.2285695,10.1239575,10.0990195,10.2285695,10.9210305,10.8103235,11.9283575,13.161276999999998,13.4719645,13.879987,14.12086
hoyeon_stand_normal_01,78,26,2.600142076502732,29.998360745314464,10,0.5509187579154968,0.6833361387252808,-0.2255627512931823,0.9998573064804076,0.5462060570716858,0.6936783790588379,-0.2145278453826904,0.9997544288635254,0.5433086156845093,0.6931939125061035,-0.2145389467477798,0.9997413754463196,0.5404913425445557,0.6924394369125366,-0.2145590633153915,0.9997565746307372,0.5538713335990906,0.693851113319397,-0.2137333303689956,0.999656617641449,0.5560680031776428,0.6937588453292847,-0.2137417495250702,0.999612033367157,0.5583724975585938,0.6934939622879028,-0.2137404382228851,0.9996574521064758,0.5358293652534485,0.6840226650238037,-0.1314636170864105,0.99970942735672,0.5603696703910828,0.6863844394683838,-0.1277482658624649,0.9994946122169496,0.5453512072563171,0.6700901985168457,-0.1932760328054428,0.9998010993003844,0.5559467673301697,0.6714040637016296,-0.192242294549942,0.9997422695159912,0.5150970220565796,0.6082996129989624,-0.0637088939547538,0.9999314546585084,0.5793467164039612,0.6054992079734802,-0.0556196495890617,0.9998111724853516,0.5061648488044739,0.5080920457839966,-0.0063047888688743,0.982716143131256,0.5864015817642212,0.5069965124130249,-0.004868886899203,0.9556756019592284,0.5016224384307861,0.425437718629837,-0.0631262958049774,0.9723603129386902,0.5936052799224854,0.4197409749031067,-0.0645139887928962,0.921148717403412,0.4970498085021972,0.3961366415023803,-0.0813864096999168,0.9418319463729858,0.5979440212249756,0.3912999331951141,-0.0838729292154312,0.8630983233451843,0.5021651983261108,0.3960956037044525,-0.1100629568099975,0.945412814617157,0.5935192704200745,0.3898850977420807,-0.1135461032390594,0.8706961274147034,0.5053505301475525,0.4049511849880218,-0.075582280755043,0.93222177028656,0.5905060172080994,0.399215966463089,-0.0776724442839622,0.8584295511245728,0.5278971195220947,0.4309656918048858,-0.0028319552075117,0.999588668346405,0.5695254802703857,0.4323146343231201,0.0027751720044761,0.9994206428527832,0.5259988903999329,0.270482063293457,-0.0311305951327085,0.9671387672424316,0.5717559456825256,0.2759402394294739,-0.0224746335297822,0.9459202885627748,0.53073650598526,0.1229394301772117,0.0558083020150661,0.9600021243095398,0.5730054378509521,0.1278082877397537,0.0634039193391799,0.9235331416130066,0.5338008403778076,0.1028708815574646,0.0574111342430114,0.5526087880134583,0.5705273747444153,0.1074168011546135,0.0654184371232986,0.5222407579421997,0.5349013209342957,0.0742085948586463,-0.0576176792383194,0.9347822666168212,0.5735546946525574,0.0785911455750465,-0.0436024442315101,0.906178057193756,hoyeon_stand_normal_01,20.79378475,21.35763875,20.12230425,17.862142750000004,15.421296,12.2463385,9.071699,6.272538,7.03175325,8.964110999999999,10.017364,11.3269235,11.81626575,12.39304825,13.01475225,13.3814335,14.266689,14.6449825,14.96294975,14.611907,14.2965385,13.108118,12.39333825,12.168452000000002,13.777461250000002,15.64623675,11.95961425,11.79389725,11.44474125,10.63686,9.79318625,9.59225475,10.333615,10.593524,11.2439405,11.97572925,11.763151999999998,11.6727215,11.37817325,11.5105995,11.04113475,11.22181975,10.399589,10.16224825,9.477485,8.5546765,7.4575575,9.224179,12.538848,15.366221,18.499180000000003,20.271483250000003,15.824075375,15.413743375,14.550354125,13.49282675,12.101967125000002,11.728876625,11.9587315,12.66853225,13.5516245,14.632766125000002,15.54999275,16.287276,17.009064000000002,17.772351625,18.75141725,19.19842025,19.14959525,18.710849125,16.603846375,13.9442355,10.339052125,8.37048925,11.504243875,15.485545875,18.77681575,21.424235375,12.297520625,13.477666,13.765291625,13.509268125,12.269622375,10.59370725,8.161847875,5.899317625,4.8229936250000005,6.41500425,8.25456475,9.7759805,10.581788875,11.260376375,11.45779275,11.632901250000002,11.878485375,12.584084875,12.2895735,12.32014,12.072536,11.6078555,11.552641125,12.038374875,13.58176525,14.880549857142856,11.716016333333334,13.302416,14.442008666666666,14.987894666666667,15.525970666666666,15.140806,14.124786999999998,12.999199666666668,11.790736,10.064788,8.22284,6.2073063333333325,4.8759353333333335,4.106776,4.407375333333333,6.677586333333333,9.966244666666666,13.094793666666666,16.059403333333332,18.200129666666665,20.015308,20.911449,21.55351033333333,20.016490333333333,17.73735,15.263005666666666,13.377637,15.429214333333334,16.157768,16.767374333333333,16.268792333333334,15.127445666666668,13.358024666666664,11.285762,8.939644333333334,6.880994333333334,5.586974666666666,5.218951333333333,5.788858,6.950113333333334,7.913429666666667,9.018347333333333,9.844577666666666,10.558003,11.059111333333334,11.254144666666669,11.401754000000002,11.132916,9.943353,9.333219,9.110104666666668,9.324555333333334
hoyeon_stand_normal_01,81,27,2.7001475409836067,29.998360745314464,10,0.5508659482002258,0.6832259297370911,-0.2266657948493957,0.9998701214790344,0.5461463928222656,0.6936288475990295,-0.2156852036714553,0.9997745156288148,0.5432437062263489,0.6931585073471069,-0.2156962752342224,0.9997631907463074,0.5404446721076965,0.6924160718917847,-0.215719923377037,0.9997772574424744,0.553824245929718,0.6937808394432068,-0.2149848490953445,0.9996845722198486,0.5560209155082703,0.6937068700790405,-0.2149941176176071,0.9996442198753356,0.5583382844924927,0.6934328675270081,-0.2149937599897384,0.9996848702430724,0.5357800722122192,0.6839922070503235,-0.1328926086425781,0.9997329115867616,0.5603681206703186,0.6862939596176147,-0.1295182406902313,0.9995310306549072,0.5452655553817749,0.6699889302253723,-0.194431260228157,0.9998193383216858,0.5558940768241882,0.6713079214096069,-0.1935192942619323,0.9997650980949402,0.5150057673454285,0.6082884073257446,-0.0646486654877662,0.9999362230300904,0.579331636428833,0.6053771376609802,-0.0570986084640026,0.9998204112052916,0.5061007738113403,0.5076822638511658,-0.0077193179167807,0.9831114411354064,0.5861970782279968,0.5068750977516174,-0.0052889976650476,0.9553462266921996,0.501342236995697,0.4247685074806213,-0.066115953028202,0.972672164440155,0.5935229063034058,0.4195916652679443,-0.0648138746619224,0.9198480248451232,0.4968488812446594,0.3956180214881897,-0.0845504626631736,0.9425177574157716,0.5978400707244873,0.3911231756210327,-0.0851093158125877,0.8614121079444885,0.5021121501922607,0.395580530166626,-0.1124428808689117,0.9461862444877625,0.5934857726097107,0.3896897137165069,-0.116306260228157,0.8692907094955444,0.5052970051765442,0.4044851064682007,-0.0783487111330032,0.9332167506217957,0.5904366374015808,0.3990047872066498,-0.0787938013672828,0.8571836948394775,0.5278680920600891,0.4309329986572265,-0.0028243637643754,0.9995899200439452,0.5694793462753296,0.4323544204235077,0.0027677803300321,0.99942284822464,0.5257939100265503,0.2704305946826935,-0.0316607840359211,0.967437207698822,0.5718513131141663,0.2761542499065399,-0.0227783732116222,0.94691801071167,0.5305626392364502,0.1230582743883133,0.055240835994482,0.960606336593628,0.5730523467063904,0.1278581172227859,0.0621637552976608,0.924648940563202,0.5337024927139282,0.1028859540820121,0.0568606592714786,0.5514086484909058,0.5706854462623596,0.1074499413371086,0.064091220498085,0.5233575105667114,0.5347668528556824,0.0741785690188407,-0.0583993904292583,0.9352614879608154,0.5736333131790161,0.0787156745791435,-0.0456085912883281,0.9071284532546996,hoyeon_stand_normal_01,26.305893,25.70992,23.4094,19.235384,15.264338,10.0,5.0,2.236068,4.0,7.071068,10.049876,12.041595,14.0,15.0,15.0,16.03122,16.03122,17.029386,15.0,14.0,12.165525,10.440307,8.602325,9.433981,12.369317,15.132746,13.038405,12.529964,10.816654,10.0,8.485281,7.615773,9.055385,10.0,12.041595,13.038405,14.035669,14.035669,14.0,14.0,14.035669,13.038405,11.045361,10.049876,8.062258,5.09902,4.242641,6.0,10.198039,15.524175,20.396078,23.086793,17.117243,16.278821,14.56022,13.416408,12.206556,12.041595,12.529964,13.601471,15.297059,17.117243,18.248288,19.235384,21.213203,22.36068,22.561028,21.84033,19.924859,18.384776,14.317821,9.848858,5.09902,3.162278,8.544004,13.928388,18.973666,23.769729,15.811388,16.492423,16.03122,15.033296,12.369317,9.848858,6.403124,3.162278,3.162278,6.082763,8.944272,11.401754,12.806248,14.142136,15.620499,15.811388,15.811388,15.811388,15.264338,15.0,13.453624,12.806248,12.529964,12.649111,14.142136,16.0,18.867962,16.401219,14.21267,11.661904,8.944272,7.071068,8.062258,8.544004,10.29563,12.529964,14.317821,15.231546,16.763055,18.439089,19.104973,19.026298,19.026298,18.027756,16.124515,13.152946,9.0,6.082763,4.472136,8.0,11.18034,13.341664,8.485281,7.211103,6.082763,6.324555,9.433981,12.041595,14.142136,16.278821,17.691806,17.804494,17.204651,16.643317,15.264338,14.317821,12.083046,11.18034,10.29563,9.433981,8.485281,9.433981,11.18034,13.0,15.231546,17.464249,18.788294,19.235384
hoyeon_stand_normal_01,84,28,2.8001530054644808,29.998360745314464,10,0.550768256187439,0.6831578612327576,-0.2295121997594833,0.9998815655708312,0.5460218787193298,0.6935959458351135,-0.2186831384897232,0.9997923970222472,0.5431056618690491,0.6931270360946655,-0.2186935096979141,0.9997826814651488,0.5403558015823364,0.6923925280570984,-0.2187198251485824,0.99979567527771,0.5537302494049072,0.6937533617019653,-0.2182120233774185,0.9997094869613647,0.5559248328208923,0.6936934590339661,-0.2182238847017288,0.9996729493141174,0.5582475662231445,0.693420946598053,-0.2182259261608123,0.9997093081474304,0.5357090830802917,0.6839445233345032,-0.136139914393425,0.9997539520263672,0.5603589415550232,0.6862477660179138,-0.1338038295507431,0.9995636343955994,0.5451574325561523,0.6699612736701965,-0.1972656697034835,0.999835729598999,0.5558260679244995,0.6712824702262878,-0.1966567635536193,0.9997856020927428,0.5149430632591248,0.6082803010940552,-0.06760024279356,0.9999405145645142,0.5793265700340271,0.6052421927452087,-0.0609234496951103,0.9998287558555604,0.5060856938362122,0.5072785019874573,-0.0087814461439847,0.983428955078125,0.5859721302986145,0.5066803693771362,-0.0100533114746212,0.9550297260284424,0.5012956261634827,0.4239988923072815,-0.0672899335622787,0.9728140234947203,0.5934964418411255,0.4193445444107055,-0.0696472972631454,0.918405294418335,0.4968334138393402,0.395221084356308,-0.0859117731451988,0.9429045915603638,0.5978040099143982,0.3906002342700958,-0.0898576453328132,0.8595014214515686,0.5021383166313171,0.3951433598995209,-0.1132209002971649,0.9466644525527954,0.5934613347053528,0.3892668783664703,-0.1210575476288795,0.8676303625106812,0.5053189992904663,0.4040459990501404,-0.079396940767765,0.9338825345039368,0.5904227495193481,0.3986420929431915,-0.083596833050251,0.8556557893753052,0.5278626084327698,0.4309131205081939,-0.0028297395911067,0.9995893239974976,0.569459080696106,0.4324020445346832,0.0027744302060455,0.9994213581085204,0.525789737701416,0.2703590393066406,-0.0321214534342289,0.967551589012146,0.5718793869018555,0.2761979103088379,-0.0227985754609107,0.947479009628296,0.5304811596870422,0.1230685785412788,0.0548229552805423,0.9609680771827698,0.5730522871017456,0.1278435736894607,0.0618544407188892,0.9251305460929872,0.5336763858795166,0.1029033586382865,0.0564551874995231,0.549052894115448,0.5706847906112671,0.1074342355132103,0.0637804716825485,0.5230900645256042,0.5347557067871094,0.0740570053458213,-0.0587422735989093,0.935434639453888,0.5736318826675415,0.0787459015846252,-0.0460022278130054,0.9074652791023254,hoyeon_stand_normal_01,30.8735725,30.048295000000003,26.58449,22.645198,16.5622575,12.0207975,6.6622775,3.6502815,5.5908915,8.955558,11.631693,13.8671145,15.903985,17.290350500000002,18.679221,19.1548175,19.964368,19.4800455,18.900632,17.592146999999997,15.763939,13.2621885,11.718197,10.9299715,12.6916295,15.7776975,14.779922,12.821533,11.847236,9.5990195,9.1231055,8.7745455,9.757587,11.103278,12.83009,14.57891,15.6394105,16.3249425,15.633644,15.633644,14.976762,13.9379145,12.54,10.830952,8.905125,6.45101,5.04951,7.7130115,12.041595,17.691806,23.0084015,27.1107265,14.317821,15.033296,16.0,15.033296,15.132746,14.317821,12.369317,11.401754,9.486833,7.615773,5.830952,4.472136,3.0,5.0,7.211103,10.29563,13.0,16.552945,18.788294,21.023796,21.470911,22.825424,22.472205,20.808652,18.439089,14.866069,3.162278,3.605551,5.385165,8.246211,10.049876,11.0,12.041595,12.165525,12.369317,10.77033,9.848858,7.615773,6.708204,4.472136,2.236068,1.0,2.236068,4.242641,5.656854,7.81025,9.899495,11.313708,12.041595,13.601471,13.892444,14.317821,18.439089,17.720045,15.524175,12.369317,10.049876,9.219544,8.544004,10.0,10.630146,13.453624,14.21267,16.401219,17.492856,19.235384,19.313208,19.924859,19.646883,18.248288,16.278821,13.152946,10.440307,7.211103,5.385165,8.062258,10.440307,13.0,8.544004,7.0,6.324555,7.071068,10.29563,13.0,14.866069,17.088007,17.888544,18.35756,18.35756,17.204651,16.401219,14.866069,13.453624,12.041595,10.630146,9.433981,9.848858,10.198039,12.165525,14.035669,16.03122,18.027756,20.223748,20.223748
hoyeon_stand_normal_01,87,29,2.9001584699453558,29.998360745314464,10,0.5506663918495178,0.6831428408622742,-0.2286053597927093,0.9998918175697328,0.5458928346633911,0.6935871243476868,-0.217715635895729,0.9998083710670472,0.5429631471633911,0.6931173205375671,-0.2177264839410781,0.9998000860214232,0.5402630567550659,0.6923788785934448,-0.2177542895078659,0.9998121857643129,0.5536268353462219,0.6937453746795654,-0.2173361629247665,0.9997317790985109,0.5558251142501831,0.6936842203140259,-0.2173477709293365,0.9996986389160156,0.5581480264663696,0.693413257598877,-0.2173499166965484,0.999731183052063,0.5356361269950867,0.6839182376861572,-0.1353629976511001,0.999772608280182,0.5603469014167786,0.6862329244613647,-0.133342832326889,0.9995925426483154,0.5450316667556763,0.6699452996253967,-0.1964493691921234,0.9998503923416138,0.5557507276535034,0.6712706685066223,-0.1959507167339325,0.999803900718689,0.5148690342903137,0.6082262396812439,-0.0673140585422515,0.999944269657135,0.5793145895004272,0.6051461696624756,-0.0609603263437747,0.9998360872268676,0.506069004535675,0.5068877339363098,-0.0096359560266137,0.9835677742958068,0.5857731699943542,0.5064761638641357,-0.0106137888506054,0.9545907974243164,0.5012423396110535,0.4236229062080383,-0.0680550262331962,0.972626268863678,0.5934594869613647,0.4192410707473755,-0.0706731900572776,0.916709005832672,0.4968019425868988,0.3949696123600006,-0.086702361702919,0.94270521402359,0.5977710485458374,0.3903271853923797,-0.0907996520400047,0.8572311401367188,0.5021445751190186,0.3948175013065338,-0.1144429147243499,0.9465921521186828,0.593441367149353,0.3890746235847473,-0.1215719282627105,0.8656067848205566,0.505328893661499,0.4037449657917022,-0.0802380740642547,0.9338968992233276,0.5903900861740112,0.398464560508728,-0.0843852534890174,0.8537452816963196,0.5278609395027161,0.4308810532093048,-0.0028649331070482,0.9995896816253662,0.5694471001625061,0.43241748213768,0.0028122107032686,0.99942147731781,0.5257800817489624,0.2703373730182647,-0.0329683758318424,0.9675488471984864,0.5718944668769836,0.2763912975788116,-0.0228162743151187,0.9477905631065368,0.530417799949646,0.1230818405747413,0.0525687858462333,0.9612092971801758,0.5730348229408264,0.1278667747974395,0.0609826408326625,0.9253036379814148,0.5336255431175232,0.1030360236763954,0.0540704019367694,0.5465326905250549,0.5706309080123901,0.1074512749910354,0.0628290325403213,0.5222852826118469,0.5347518920898438,0.0739895030856132,-0.0608891621232032,0.9354631900787354,0.573632001876831,0.0789650827646255,-0.0466099195182323,0.9075209498405457,hoyeon_stand_normal_01,4.242641,7.0,10.198039,13.601471,16.492423,17.464249,18.248288,17.117243,16.03122,14.035669,13.038405,10.049876,8.246211,6.324555,4.242641,4.0,6.324555,8.602325,12.041595,14.866069,16.970563,19.79899,21.213203,22.627417,21.260292,19.209373,9.0,11.0,13.0,15.033296,15.132746,16.278821,15.297059,13.341664,11.401754,9.219544,7.071068,6.0,4.472136,4.472136,5.09902,7.0,10.049876,12.165525,14.035669,16.03122,18.027756,19.0,19.0,18.027756,15.033296,12.041595,17.117243,16.492423,15.811388,13.892444,13.453624,14.422205,15.231546,16.492423,18.248288,20.099751,21.095023,22.090722,23.194827,24.186773,23.345235,22.561028,20.615528,17.720045,13.601471,8.246211,3.0,4.472136,10.816654,17.204651,21.954498,25.495098,17.262677,17.720045,18.788294,17.204651,14.866069,10.816654,7.28011,4.472136,4.123106,7.615773,10.0,12.041595,14.422205,15.264338,15.652476,16.552945,16.552945,16.552945,16.552945,15.652476,14.422205,13.453624,13.038405,13.928388,15.297059,16.03122,19.209373,17.804494,15.620499,13.453624,10.630146,9.433981,9.486833,10.198039,11.045361,13.038405,15.132746,16.278821,17.464249,18.973666,20.124612,20.59126,20.248457,18.601075,17.029386,14.21267,11.661904,8.544004,7.071068,8.602325,11.313708,12.806248,8.602325,7.615773,7.071068,7.28011,9.433981,12.041595,14.866069,16.278821,17.804494,18.601075,18.027756,17.0,16.552945,15.231546,13.928388,11.7047,10.77033,10.29563,10.0,10.630146,12.041595,14.21267,15.620499,17.804494,19.849433,19.79899
hoyeon_stand_normal_01,90,30,3.0001639344262294,29.998360745314464,10,0.550617516040802,0.6831313371658325,-0.239511176943779,0.9999013543128968,0.5458115339279175,0.6935731172561646,-0.2288551330566406,0.9998235702514648,0.5428677797317505,0.693101704120636,-0.2288620471954345,0.9998165369033812,0.5401910543441772,0.6923611760139465,-0.2288870811462402,0.9998276829719543,0.5535761713981628,0.6937358975410461,-0.228445753455162,0.9997529983520508,0.5557767152786255,0.6936760544776917,-0.2284604012966156,0.999722957611084,0.5581062436103821,0.6934066414833069,-0.2284633070230484,0.9997520446777344,0.5355544686317444,0.6838905811309814,-0.1459162086248397,0.999790608882904,0.5603414177894592,0.6862146258354187,-0.143798366189003,0.999621033668518,0.5449456572532654,0.6699357032775879,-0.2070135623216629,0.9998639225959778,0.555709958076477,0.6712626218795776,-0.2065018862485885,0.99982088804245,0.5147450566291809,0.6081439256668091,-0.0757433101534843,0.999947726726532,0.5793088674545288,0.6050726175308228,-0.0691410303115844,0.9998436570167542,0.5060413479804993,0.5064772963523865,-0.0154816089197993,0.9838517308235168,0.5856766104698181,0.506318986415863,-0.0176815651357173,0.954507291316986,0.5012229084968567,0.4232424795627594,-0.0718708857893943,0.9725364446640016,0.5934473872184753,0.4192072749137878,-0.0773534551262855,0.9157575368881226,0.4968277812004089,0.3947793543338775,-0.0898362547159195,0.9425390362739564,0.5977609157562256,0.3903070390224457,-0.096995398402214,0.8558729290962219,0.5021533370018005,0.3946187496185303,-0.1186961978673935,0.9465530514717102,0.5934054851531982,0.3890676200389862,-0.1276305764913559,0.8644806742668152,0.5053348541259766,0.4035400152206421,-0.0843042507767677,0.9339655637741088,0.5903590321540833,0.3984397351741791,-0.0909413620829582,0.8527725338935852,0.5278597474098206,0.4308945834636688,-0.0029277426656335,0.9995898604393004,0.569441556930542,0.4325722754001617,0.0028747234027832,0.9994238018989564,0.5257335901260376,0.2704961597919464,-0.0332329533994197,0.9675620794296264,0.5718958377838135,0.2771112024784088,-0.0226331055164337,0.9484002590179444,0.5303243398666382,0.1240991353988647,0.0528563894331455,0.9615827798843384,0.5730299353599548,0.1279611587524414,0.0611709393560886,0.9260984659194946,0.5335202813148499,0.1040382906794548,0.05441240593791,0.545495331287384,0.5705870985984802,0.1075242385268211,0.0630979090929031,0.5241525769233704,0.5347171425819397,0.074811652302742,-0.0607869252562522,0.9358562231063844,0.5736517310142517,0.0792237818241119,-0.0463731214404106,0.9083126783370972,hoyeon_stand_normal_01,31.016125,29.832868,27.294688,23.021729,18.0,13.038405,8.062258,4.472136,5.09902,7.28011,10.440307,12.649111,14.866069,16.763055,18.681542,19.646883,20.615528,19.416488,19.416488,17.464249,15.524175,12.649111,9.433981,8.062258,10.049876,14.035669,14.56022,12.649111,11.401754,10.049876,9.055385,9.848858,10.0,12.041595,14.142136,15.556349,16.278821,16.278821,16.401219,16.401219,15.811388,14.422205,13.038405,11.661904,9.433981,7.071068,6.082763,7.615773,12.206556,17.804494,22.803509,26.925824,17.464249,17.117243,15.0,14.317821,14.317821,14.21267,16.278821,18.027756,19.723083,21.470911,22.36068,23.706539,24.186773,24.186773,24.698178,22.203603,21.400935,17.029386,13.453624,7.81025,3.0,6.0,12.165525,18.248288,23.194827,26.019224,17.888544,18.867962,19.849433,17.691806,15.264338,11.7047,8.062258,4.472136,4.0,7.071068,9.433981,12.083046,14.56022,15.297059,16.278821,17.117243,17.029386,17.029386,17.029386,16.124515,14.56022,13.928388,13.601471,14.142136,15.264338,16.552945,18.027756,16.401219,15.0,11.661904,9.848858,8.062258,8.062258,9.486833,10.77033,12.649111,13.928388,15.524175,16.278821,18.11077,19.0,19.026298,19.104973,17.262677,15.297059,12.165525,10.049876,7.28011,6.403124,8.246211,11.18034,14.035669,8.485281,6.403124,5.09902,5.385165,7.81025,10.630146,13.453624,15.620499,16.970563,17.691806,17.029386,15.811388,15.264338,13.892444,12.083046,10.29563,9.433981,8.602325,8.485281,9.433981,11.18034,13.0,14.317821,17.464249,18.788294,19.235384
hoyeon_stand_normal_01,93,31,3.100169398907104,29.998360745314464,10,0.5505700707435608,0.6831180453300476,-0.2393817901611328,0.9999098181724548,0.5457313060760498,0.6935582160949707,-0.2286768704652786,0.999836802482605,0.5427782535552979,0.6930856704711914,-0.2286830395460128,0.999830961227417,0.5401238203048706,0.692344069480896,-0.2287105023860931,0.9998412728309632,0.5535174012184143,0.6937258839607239,-0.2283277064561844,0.9997715950012208,0.555719256401062,0.6936694979667664,-0.2283431589603424,0.9997444152832032,0.5580517649650574,0.6934022903442383,-0.2283504158258438,0.9997704029083252,0.5354862213134766,0.683866024017334,-0.1450210362672805,0.9998061656951904,0.5603323578834534,0.6862030029296875,-0.1426404416561126,0.9996457695961,0.5448686480522156,0.6699226498603821,-0.2065605372190475,0.9998758435249328,0.5556679368019104,0.6712529063224792,-0.2059243023395538,0.9998359084129332,0.5146766901016235,0.6080625653266907,-0.0747566670179367,0.9999507069587708,0.5793044567108154,0.6050195097923279,-0.0684982314705848,0.9998507499694824,0.5060282349586487,0.5061935186386108,-0.0147181125357747,0.9839400053024292,0.5855634808540344,0.5061841011047363,-0.0175980813801288,0.9543011784553528,0.501239538192749,0.4232033789157867,-0.0699686631560325,0.9722382426261902,0.5934164524078369,0.4191016852855682,-0.0772280842065811,0.9149048924446106,0.496857225894928,0.394733190536499,-0.0879181921482086,0.9421389102935792,0.5977148413658142,0.3900845050811767,-0.0968457013368606,0.8547987937927246,0.5021702647209167,0.3946122825145721,-0.1165386736392974,0.9462690353393556,0.5933730602264404,0.3888756334781647,-0.1274332255125045,0.8635669946670532,0.5053480267524719,0.4035520553588867,-0.0823159366846084,0.9337230324745178,0.5903297662734985,0.3982900977134704,-0.0908039063215255,0.8520234227180481,0.5278729796409607,0.4308841526508331,-0.0031217485666275,0.9995905756950378,0.569443941116333,0.4325810670852661,0.0030725535470992,0.9994269013404846,0.5257219076156616,0.270619124174118,-0.0332271046936512,0.9676422476768494,0.5719205737113953,0.2774941027164459,-0.0220813360065221,0.948840081691742,0.5302832722663879,0.1241246089339256,0.0509020052850246,0.9619065523147584,0.5730304718017578,0.1281007230281829,0.0611152090132236,0.9265301823616028,0.5334872007369995,0.1040264144539833,0.0521432906389236,0.543767511844635,0.5705068707466125,0.1076348796486854,0.0629328712821006,0.525215208530426,0.5346792340278625,0.0747997984290123,-0.0627251490950584,0.9360809922218324,0.5738371014595032,0.0793834626674652,-0.046276357024908,0.9087157249450684,hoyeon_stand_normal_01,29.966648,28.79236,26.925824,22.36068,18.11077,12.041595,7.28011,3.605551,5.09902,8.062258,10.816654,13.601471,15.264338,18.027756,18.867962,19.723083,21.095023,21.470911,20.59126,19.235384,16.643317,13.601471,10.630146,8.544004,10.198039,13.416408,13.453624,12.727922,10.630146,9.219544,7.615773,7.0,8.544004,10.29563,12.206556,13.601471,14.422205,15.264338,15.264338,14.764823,14.317821,13.928388,11.7047,10.440307,8.544004,5.830952,4.0,6.403124,11.313708,17.691806,22.671568,26.400758,14.56022,14.317821,15.264338,15.0,14.21267,13.453624,11.313708,10.630146,8.602325,6.708204,5.09902,3.162278,3.605551,6.082763,8.0,11.045361,14.142136,17.262677,19.235384,21.213203,22.090722,23.021729,22.0,20.024984,17.117243,14.317821,2.236068,4.472136,6.403124,9.219544,11.661904,13.0,13.601471,13.341664,13.341664,12.165525,11.045361,9.0,7.0,5.0,3.162278,1.414214,1.414214,3.605551,5.385165,7.615773,9.486833,11.401754,12.165525,13.152946,14.035669,14.035669,12.529964,13.928388,16.155494,16.155494,17.088007,16.552945,15.652476,13.892444,13.601471,11.401754,10.0,7.81025,6.708204,5.09902,5.09902,7.211103,9.899495,12.041595,15.620499,17.804494,19.849433,20.518285,19.79899,19.104973,17.804494,14.21267,13.453624,15.620499,16.401219,17.204651,16.643317,15.264338,13.038405,10.816654,9.219544,7.211103,6.324555,6.0,6.324555,7.615773,8.944272,9.848858,10.77033,11.7047,12.649111,12.649111,12.649111,12.649111,11.401754,11.18034,10.29563,10.630146
hoyeon_stand_normal_01,96,32,3.200174863387978,29.998360745314464,10,0.5505169034004211,0.6831061840057373,-0.2367638796567917,0.999917447566986,0.5456464290618896,0.6935495734214783,-0.2259125262498855,0.9998488426208496,0.5426892042160034,0.6930783987045288,-0.2259182184934616,0.9998440146446228,0.5400592088699341,0.6923342347145081,-0.2259463667869568,0.9998536705970764,0.5534402132034302,0.6937168836593628,-0.2257872372865677,0.999788463115692,0.5556440353393555,0.6936677694320679,-0.2257998436689376,0.9997638463974,0.5579724907875061,0.6934096813201904,-0.2258017361164093,0.9997870922088624,0.5354145169258118,0.68379807472229,-0.1427157372236251,0.9998202919960022,0.5603169798851013,0.6861959099769592,-0.1414424031972885,0.999668300151825,0.5448198914527893,0.6699113845825195,-0.2041640132665634,0.9998866319656372,0.5556312203407288,0.6712455749511719,-0.2038783580064773,0.999849498271942,0.5146278738975525,0.6079472303390503,-0.0733070522546768,0.9999535083770752,0.579302966594696,0.6049637794494629,-0.0676657631993293,0.9998571872711182,0.5060161352157593,0.5060272216796875,-0.0134559599682688,0.9839553833007812,0.5854225754737854,0.5061039924621582,-0.0171670001000165,0.9540175199508668,0.5012351870536804,0.4232074320316314,-0.0691830068826675,0.9719727039337158,0.5933794379234314,0.4190616905689239,-0.0769512951374054,0.9139778017997742,0.4968756139278412,0.3947451710700989,-0.0873849466443061,0.941819667816162,0.5976749062538147,0.3899625837802887,-0.0966341197490692,0.8536847233772278,0.502188503742218,0.3946320116519928,-0.1158647239208221,0.9460514187812804,0.593366265296936,0.3887650966644287,-0.1271104961633682,0.8626101016998291,0.5053619742393494,0.4035715460777282,-0.0815139785408973,0.933529257774353,0.5903187990188599,0.3981891274452209,-0.0904897451400756,0.8511853218078613,0.5278757214546204,0.4308952093124389,-0.0031387673225253,0.9995935559272766,0.5694416761398315,0.432635098695755,0.0030905418097972,0.9994314312934875,0.5257213711738586,0.2706791758537292,-0.0332799479365348,0.9676911234855652,0.5719372630119324,0.2777307331562042,-0.0221242662519216,0.9491325616836548,0.5302821397781372,0.1241062879562377,0.0505808927118778,0.9622012972831726,0.5730350613594055,0.1281054317951202,0.0609632059931755,0.9268382787704468,0.5334835052490234,0.1040543839335441,0.0518435575067997,0.5419121384620667,0.5705055594444275,0.1076448336243629,0.0627478286623954,0.5252520442008972,0.5346730351448059,0.0745683908462524,-0.0630695298314094,0.9363210201263428,0.5738474130630493,0.0792057961225509,-0.0463763289153575,0.9090347290039062,hoyeon_stand_normal_01,29.966648,29.154759,26.400758,22.671568,18.384776,13.453624,8.485281,4.472136,2.828427,6.324555,9.219544,11.18034,13.152946,16.278821,17.464249,18.439089,20.615528,20.615528,19.646883,18.681542,16.492423,12.165525,9.0,7.211103,8.944272,13.152946,14.035669,13.152946,11.045361,10.0,8.246211,7.211103,8.602325,10.29563,13.0,14.866069,15.231546,16.155494,16.552945,15.652476,16.124515,15.264338,13.892444,11.661904,9.433981,6.708204,4.123106,5.830952,10.198039,16.124515,21.377558,24.738634,14.183147,14.3972285,12.841455,11.6776515,11.5929855,12.3715525,14.0095075,14.8102495,17.029488,18.420163,19.6028965,20.788589,20.788589,21.063351,20.6149505,19.7004675,17.620296500000002,14.658613,10.1845465,4.88998,1.414214,6.994157,13.0657175,17.9659725,22.958118,25.624672,17.7705015,18.3085175,18.2006075,16.601956,13.919772,10.970545,6.994157,3.3027755,2.9142135,6.3954835,9.109772,12.041595,13.4715675,14.97319,15.9679515,17.044003500000002,17.044003500000002,16.820476,15.903985,15.537863000000002,13.959646,12.883163499999998,12.1860405,12.083046,12.979597,14.106335,12.369317,13.341664,15.132746,16.124515,16.278821,15.297059,14.56022,13.601471,13.0,11.18034,8.944272,7.615773,6.324555,5.0,5.0,7.071068,9.433981,12.083046,14.317821,17.464249,19.235384,19.723083,19.723083,18.867962,17.204651,13.601471,13.601471,14.866069,16.278821,16.970563,16.278821,14.866069,13.453624,11.313708,9.219544,6.708204,6.082763,5.09902,6.708204,7.211103,8.602325,10.0,10.816654,11.661904,11.661904,12.529964,12.529964,12.529964,11.661904,11.401754,9.899495,9.433981
hoyeon_stand_normal_01,99,33,3.300180327868852,29.998360745314464,10,0.5505053400993347,0.6830904483795166,-0.2353566437959671,0.9999242424964904,0.5456308722496033,0.6935353875160217,-0.2245611250400543,0.9998595118522644,0.5426743030548096,0.6930629014968872,-0.2245674580335617,0.9998555779457092,0.5400427579879761,0.6923182010650635,-0.224594384431839,0.9998646378517152,0.5534183382987976,0.6937119960784912,-0.2243303954601287,0.9998034834861756,0.5556174516677856,0.6936724781990051,-0.224343404173851,0.9997811317443848,0.5579414367675781,0.6934230923652649,-0.2243459671735763,0.9998019337654114,0.5353687405586243,0.6837817430496216,-0.1417827159166336,0.9998327493667604,0.560286283493042,0.6861904859542847,-0.1401447355747223,0.99968820810318,0.5448102951049805,0.6699047088623047,-0.2029108554124832,0.9998962879180908,0.555621325969696,0.6712425947189331,-0.2025358229875564,0.9998615980148317,0.5145317912101746,0.6078612804412842,-0.0727188363671302,0.9999558925628662,0.5792892575263977,0.6049540638923645,-0.0671555995941162,0.9998632669448853,0.5059465765953064,0.505980908870697,-0.0134820844978094,0.9839755296707152,0.5852974057197571,0.506098210811615,-0.0176523067057132,0.953886866569519,0.5012000799179077,0.4232548475265503,-0.0692696422338485,0.9716310501098632,0.5933052897453308,0.4191150665283203,-0.0772983282804489,0.9131350517272948,0.4968908131122589,0.3948129117488861,-0.0874475166201591,0.9412888884544371,0.5975433588027954,0.3900558650493622,-0.0969495475292205,0.8525238037109375,0.5021994113922119,0.3946788012981415,-0.115924596786499,0.9456380009651184,0.5933026671409607,0.3888420462608337,-0.1272637099027633,0.8615745902061462,0.5053640604019165,0.4036084413528442,-0.0815956369042396,0.9331092834472656,0.5902628302574158,0.3982501626014709,-0.0907720997929573,0.8502486944198608,0.527877151966095,0.4309155642986297,-0.0031564766541123,0.9995962977409364,0.5694403052330017,0.4327343702316284,0.0031083663925528,0.999437153339386,0.5257152915000916,0.2707478702068329,-0.0333624556660652,0.967768669128418,0.5720543265342712,0.2778565287590027,-0.0220295116305351,0.9496363401412964,0.5302717089653015,0.1241064444184303,0.0502649173140525,0.962593674659729,0.5731021165847778,0.1281407624483108,0.0610649809241294,0.927507221698761,0.5334697365760803,0.1040519326925277,0.0515283271670341,0.5416475534439087,0.5705903172492981,0.1076676324009895,0.0628654658794403,0.5265092253684998,0.5346513390541077,0.0745643600821495,-0.0634778216481208,0.9367737770080566,0.5740600824356079,0.0792707130312919,-0.0462928414344787,0.9097545742988586,hoyeon_stand_normal_01,25.0,25.079872,22.36068,19.646883,14.866069,10.77033,6.082763,4.123106,4.123106,6.0,9.219544,11.18034,13.152946,15.297059,16.278821,18.11077,18.11077,19.104973,18.11077,17.029386,15.033296,13.152946,9.486833,7.071068,8.246211,11.0,11.401754,11.18034,9.219544,7.28011,5.830952,5.830952,7.28011,8.062258,10.0,11.0,12.0,13.0,13.038405,13.038405,12.041595,12.165525,10.198039,9.219544,7.071068,5.0,3.605551,5.0,8.544004,13.601471,18.681542,22.36068,12.206556,12.041595,11.401754,10.77033,11.18034,12.041595,13.601471,14.317821,16.124515,17.492856,18.867962,18.867962,20.248457,20.248457,19.723083,18.35756,17.0,14.317821,9.848858,5.385165,5.09902,10.049876,15.0,19.026298,22.203603,16.492423,17.088007,17.888544,16.643317,14.866069,11.401754,7.615773,5.0,3.605551,5.09902,7.211103,9.899495,11.313708,12.806248,13.601471,14.422205,14.422205,14.422205,14.422205,13.601471,12.727922,11.401754,10.77033,10.198039,11.045361,11.401754,15.0531675,18.384776,16.970563,14.866069,12.041595,9.433981,8.544004,8.062258,9.055385,11.18034,12.165525,14.142136,16.124515,17.029386,18.027756,19.235384,19.416488,19.646883,18.027756,16.155494,13.0,10.440307,7.0,6.403124,7.615773,10.198039,13.152946,7.211103,5.656854,5.09902,6.324555,9.433981,12.206556,15.0,15.811388,17.492856,18.35756,17.888544,16.552945,16.155494,14.866069,12.649111,11.401754,9.848858,8.944272,9.219544,9.899495,11.401754,13.601471,14.422205,18.027756,18.601075,19.209373
hoyeon_stand_normal_01,102,34,3.4001857923497267,29.998360745314464,10,0.5504941940307617,0.6830760836601257,-0.2364681810140609,0.9999303817749025,0.5456263422966003,0.6935233473777771,-0.2258055657148361,0.9998690485954284,0.5426695942878723,0.6930498480796814,-0.2258111089468002,0.9998660683631896,0.5400375127792358,0.6923048496246338,-0.2258375287055969,0.9998745322227478,0.5534036159515381,0.693712592124939,-0.2254603505134582,0.9998168349266052,0.555599570274353,0.6936859488487244,-0.225475013256073,0.9997965693473816,0.5579201579093933,0.6934496760368347,-0.2254764437675476,0.999815046787262,0.5353544354438782,0.6837655305862427,-0.1434409916400909,0.9998441338539124,0.5602657794952393,0.6861897706985474,-0.141480341553688,0.999705731868744,0.5447986125946045,0.6699047088623047,-0.2041971981525421,0.9999049305915833,0.5556104779243469,0.6712502837181091,-0.2037329822778701,0.9998723268508912,0.5144980549812317,0.6078307628631592,-0.07413200289011,0.999958038330078,0.5792818665504456,0.6049402356147766,-0.0681999698281288,0.9998679161071776,0.5058801770210266,0.5059830546379089,-0.0142516987398266,0.9841812252998352,0.5851432681083679,0.5060989856719971,-0.0181659590452909,0.9536821246147156,0.5011447072029114,0.4233417510986328,-0.0694102197885513,0.9715070128440856,0.5932011008262634,0.4191295802593231,-0.0772982090711593,0.912059724330902,0.4968833923339844,0.394905686378479,-0.0874199494719505,0.9409517049789428,0.5974037647247314,0.3901298940181732,-0.0968726500868797,0.8509156107902527,0.5021889805793762,0.3947710692882538,-0.1159695014357566,0.945408284664154,0.5932767987251282,0.3889185488224029,-0.1271795183420181,0.860112726688385,0.50534588098526,0.4036898612976074,-0.0817321762442588,0.9329257011413574,0.5902408361434937,0.3983177244663238,-0.0907590612769126,0.8489050269126892,0.5278846025466919,0.4309602677822113,-0.0031987319234758,0.9995964765548706,0.5694392323493958,0.4328248500823974,0.0031500437762588,0.9994400143623352,0.5256946086883545,0.2709117531776428,-0.0334349274635314,0.9679267406463624,0.5721209645271301,0.278383731842041,-0.0219398718327283,0.9502484202384948,0.5300166606903076,0.124258168041706,0.0497500114142894,0.963007628917694,0.5731028318405151,0.1282202154397964,0.0610239170491695,0.9283981919288636,0.533165454864502,0.104048877954483,0.0509534552693367,0.5415098667144775,0.5705880522727966,0.1077400669455528,0.0627632960677146,0.5286643505096436,0.534594714641571,0.0746672451496124,-0.0641679987311363,0.9372504353523254,0.5741692185401917,0.0794495716691017,-0.046425063163042,0.9106216430664062,hoyeon_stand_normal_01,25.0,23.323808,22.36068,19.313208,14.866069,10.440307,6.708204,2.828427,3.162278,5.656854,8.602325,10.816654,12.206556,15.0,15.0,17.029386,17.804494,18.439089,17.691806,16.278821,14.21267,12.206556,8.944272,7.0,8.062258,11.401754,12.041595,11.313708,9.899495,8.602325,6.708204,6.082763,6.324555,8.062258,10.0,12.206556,12.206556,13.601471,13.038405,13.038405,12.529964,12.083046,10.77033,9.848858,7.615773,5.0,3.162278,4.242641,8.602325,13.038405,17.804494,21.260292,16.492423,16.763055,16.155494,15.652476,14.422205,13.601471,12.041595,10.630146,8.485281,5.0,3.605551,2.0,3.0,5.09902,8.544004,11.18034,14.317821,17.464249,19.313208,22.135944,22.135944,23.086793,21.587033,19.416488,17.262677,13.038405,4.472136,5.09902,6.403124,8.602325,11.18034,12.649111,14.317821,14.142136,14.035669,13.038405,11.0,10.0,7.0,5.0,3.162278,1.414214,1.414214,4.472136,6.708204,8.944272,10.77033,12.649111,14.56022,15.297059,16.124515,16.0,12.206556,14.21267,14.866069,16.278821,16.278821,16.401219,15.811388,13.892444,12.529964,11.18034,9.433981,7.211103,6.403124,5.0,5.0,7.28011,9.848858,12.529964,16.124515,18.35756,20.124612,21.023796,20.615528,19.697716,18.384776,14.866069,13.0,14.035669,16.03122,16.03122,16.124515,14.142136,13.152946,10.049876,8.0,6.082763,5.0,5.0,6.324555,7.071068,8.062258,10.049876,10.049876,11.18034,11.18034,12.369317,12.369317,11.401754,11.401754,10.049876,10.049876,10.440307
hoyeon_stand_normal_01,105,35,3.500191256830601,29.998360745314464,10,0.5504834055900574,0.683064341545105,-0.2366816103458404,0.9999358654022216,0.5456212162971497,0.6935129761695862,-0.2261212915182113,0.9998775720596312,0.5426651835441589,0.693038821220398,-0.2261264622211456,0.9998753666877748,0.5400313138961792,0.6922934055328369,-0.2261533141136169,0.9998834133148192,0.553392231464386,0.6937146186828613,-0.2256733328104019,0.9998288154602052,0.5555873513221741,0.6936999559402466,-0.2256895452737808,0.9998103976249696,0.5579051971435547,0.6934730410575867,-0.2256917953491211,0.9998268485069276,0.5353338122367859,0.6837450861930847,-0.1441735178232193,0.999854326248169,0.5602510571479797,0.6861870288848877,-0.1417966187000274,0.9997211694717408,0.5447890758514404,0.6699032783508301,-0.2045506983995437,0.999912679195404,0.5555986762046814,0.6712517738342285,-0.2039732486009597,0.9998819231987,0.5144718289375305,0.6078004240989685,-0.0754881277680397,0.9999600052833556,0.5792711973190308,0.6049341559410095,-0.0683612525463104,0.9998724460601808,0.5058371424674988,0.5059172511100769,-0.0165454968810081,0.9842780828475952,0.5850019454956055,0.5061008334159851,-0.0187530182301998,0.9531972408294678,0.5011091232299805,0.4234054386615753,-0.071439154446125,0.971202790737152,0.5931059718132019,0.4191703200340271,-0.0777780041098594,0.9104647636413574,0.4968774914741516,0.3949669301509857,-0.0893395245075225,0.940444827079773,0.5972555875778198,0.3901936411857605,-0.0972298383712768,0.848669171333313,0.502191960811615,0.3948003053665161,-0.117989458143711,0.9450082182884216,0.5932373404502869,0.3889831602573395,-0.1274980753660202,0.8580715656280518,0.5053390860557556,0.4037134945392608,-0.0837714746594429,0.9325245022773744,0.5902098417282104,0.3983699083328247,-0.0912425518035888,0.8469840288162231,0.5278857946395874,0.4311575889587402,-0.0034448595251888,0.9995976090431212,0.5694297552108765,0.4330406188964844,0.0033956246916204,0.9994428753852844,0.525698721408844,0.2714321315288543,-0.0340442284941673,0.9677405953407288,0.5721573233604431,0.2786769866943359,-0.0214694831520319,0.9502204656600952,0.5300155878067017,0.1243852227926254,0.048400841653347,0.9631007313728333,0.5730971693992615,0.1283229440450668,0.0610594600439071,0.928499400615692,0.5331394672393799,0.1040916517376899,0.0495537705719471,0.5395798683166504,0.5705519914627075,0.1078524962067604,0.062777929008007,0.5290961861610413,0.5345920920372009,0.0747241824865341,-0.0656399577856063,0.9373263120651244,0.5742179155349731,0.0796099230647087,-0.0463768430054187,0.9107591509819032,hoyeon_stand_normal_01,28.84441,28.653098,26.400758,23.769729,18.973666,14.56022,9.486833,5.0,2.236068,4.242641,7.211103,10.29563,12.529964,15.231546,17.0,18.788294,20.124612,21.470911,21.095023,19.723083,17.492856,13.892444,9.848858,6.082763,5.830952,11.18034,12.649111,11.401754,10.440307,7.615773,6.403124,5.385165,7.0,9.219544,11.7047,13.0,14.866069,15.811388,15.811388,15.524175,15.524175,14.56022,13.341664,12.369317,10.198039,6.324555,4.242641,4.472136,9.219544,14.866069,19.849433,24.758837,14.21267,14.764823,14.317821,13.928388,12.649111,12.369317,10.198039,9.055385,6.0,5.0,2.236068,1.0,2.236068,5.385165,8.544004,11.7047,14.56022,17.088007,19.313208,20.615528,21.931712,21.023796,20.59126,18.35756,15.264338,12.206556,4.242641,5.385165,7.071068,8.544004,11.18034,12.206556,13.453624,12.727922,12.806248,12.206556,10.816654,8.602325,7.211103,5.0,2.828427,1.0,2.0,3.0,6.082763,7.28011,9.486833,10.77033,12.083046,13.416408,14.422205,14.21267,11.9137145,13.319938,14.644137,15.8815275,15.811388,15.8783805,15.030941,13.779272,12.5607255,10.742834,8.772002,7.175589,5.85486,4.6213205,4.7541355,6.6978115,9.472136,12.1093725,15.1745205,17.331857499999998,19.20488,20.168502,20.156604,19.013878,16.919572000000002,14.3173835,13.264982,14.46287,15.647779,15.9679515,15.5622575,14.672708,12.979597,10.5226805,8.531129,6.6978115,5.464986,5.064495,5.743903,7.245606499999999,7.728657,9.3267625,10.2201535,11.401754,11.553227,11.8731475,11.509204,11.167423,10.5352265,9.81601,9.7683545,9.1374645
hoyeon_stand_normal_01,108,36,3.6001967213114754,29.998360745314464,10,0.5504785776138306,0.683067262172699,-0.2361101955175399,0.999940812587738,0.5456165075302124,0.6935057640075684,-0.2255361080169677,0.999885320663452,0.5426613688468933,0.6930307745933533,-0.2255415916442871,0.9998838305473328,0.5400248765945435,0.6922845244407654,-0.2255681902170181,0.9998914003372192,0.5533806681632996,0.6937231421470642,-0.2250805050134658,0.9998397827148438,0.5555723309516907,0.6937198638916016,-0.2250965684652328,0.999823033809662,0.5578883290290833,0.6935011744499207,-0.2250991016626358,0.9998376369476318,0.5353218913078308,0.6837294697761536,-0.1436698734760284,0.9998635053634644,0.5602406859397888,0.6861845850944519,-0.1412568539381027,0.999735713005066,0.5447818636894226,0.6699212193489075,-0.2040148377418518,0.9999196529388428,0.5555875897407532,0.6712713837623596,-0.2034293115139007,0.9998905658721924,0.5144484043121338,0.607786238193512,-0.0753147602081298,0.9999616146087646,0.5792486667633057,0.6049041748046875,-0.0680259019136428,0.999876856803894,0.5057485103607178,0.5059067606925964,-0.0165821909904479,0.9842424988746644,0.5849134922027588,0.5061596632003784,-0.0187017992138862,0.952759325504303,0.5010799169540405,0.4234538674354553,-0.0713492631912231,0.97062885761261,0.5930810570716858,0.4192022681236267,-0.077532522380352,0.9090548753738404,0.4968819320201874,0.3950175642967224,-0.089113250374794,0.9395115971565248,0.5972445607185364,0.3902355134487152,-0.0967848598957061,0.8467065691947937,0.5021951198577881,0.3948530852794647,-0.1177640855312347,0.9442063570022584,0.5932274460792542,0.389026015996933,-0.1270847916603088,0.8562825918197632,0.5053316354751587,0.403761476278305,-0.0836782902479171,0.9316657185554504,0.5901987552642822,0.3984000980854034,-0.0910221859812736,0.8453510999679565,0.5278770923614502,0.4312600195407867,-0.0037411041557788,0.9995989203453064,0.5694047212600708,0.4331030249595642,0.0036929612979292,0.9994473457336426,0.5256670117378235,0.2720496952533722,-0.0341037884354591,0.9675768613815308,0.5722471475601196,0.2786672115325928,-0.0206539910286664,0.9502862691879272,0.5299751162528992,0.1241312101483345,0.0468073487281799,0.9632735252380372,0.5730981826782227,0.1283560991287231,0.0610548481345176,0.9288160800933838,0.5330055952072144,0.1039716824889183,0.0477508418262004,0.5386813282966614,0.5705047845840454,0.1078652888536453,0.0627074316143989,0.5306195020675659,0.5346387028694153,0.0746952071785926,-0.0671726465225219,0.93753182888031,0.5744441747665405,0.080134131014347,-0.0463587716221809,0.9111357927322388,hoyeon_stand_normal_01,29.546573,28.79236,27.892651,23.345235,19.104973,14.142136,10.198039,5.385165,3.162278,5.385165,7.81025,10.630146,13.453624,15.556349,17.691806,19.79899,20.518285,21.931712,21.260292,19.849433,17.029386,14.142136,10.0,6.082763,7.211103,11.401754,13.0,11.7047,9.486833,7.615773,5.656854,6.324555,8.062258,9.486833,11.7047,13.601471,14.56022,15.524175,15.524175,15.297059,15.297059,14.317821,13.152946,12.165525,9.219544,6.324555,4.242641,5.385165,10.0,15.0,20.615528,24.698178,13.928388,14.764823,13.601471,13.453624,12.727922,12.041595,10.0,8.602325,6.708204,4.123106,3.0,2.236068,3.162278,6.403124,9.219544,12.041595,15.556349,17.691806,19.849433,22.022716,22.803509,22.803509,22.203603,19.416488,17.492856,13.416408,5.0,5.830952,7.81025,9.848858,11.7047,13.341664,14.142136,15.033296,14.0,13.038405,11.045361,10.049876,8.062258,6.082763,3.0,1.414214,1.414214,3.605551,5.385165,7.615773,9.486833,11.401754,12.165525,13.038405,14.0,14.142136,11.401754,12.649111,13.928388,14.866069,14.866069,14.56022,13.341664,13.152946,12.041595,10.0,8.0,6.0,5.09902,3.605551,4.472136,6.0,9.055385,12.369317,15.297059,17.262677,19.235384,20.099751,20.024984,19.026298,17.0,14.0,13.601471,14.866069,15.811388,17.088007,16.155494,15.652476,13.416408,11.7047,9.486833,8.062258,6.0,5.385165,5.656854,6.403124,7.211103,8.602325,9.433981,10.0,11.401754,11.401754,11.401754,11.401754,10.0,9.433981,8.544004,9.055385
hoyeon_stand_normal_01,111,37,3.7002021857923495,29.998360745314464,10,0.5504686236381531,0.6830785870552063,-0.2385380119085312,0.9999452233314514,0.5456079244613647,0.6935072541236877,-0.2280474007129669,0.9998921751976012,0.5426545739173889,0.6930283904075623,-0.2280530929565429,0.9998913407325744,0.5400209426879883,0.6922788619995117,-0.2280800491571426,0.9998984932899476,0.5533730983734131,0.6937546730041504,-0.2274763882160186,0.9998493194580078,0.5555648803710938,0.6937675476074219,-0.2274942100048065,0.99983412027359,0.5578764081001282,0.6935668587684631,-0.2274960577487945,0.9998470544815063,0.5353018641471863,0.6837161183357239,-0.1462520956993103,0.9998717308044434,0.5602190494537354,0.6862192153930664,-0.1434447020292282,0.9997483491897584,0.5447731018066406,0.6699532270431519,-0.2064726054668426,0.9999259114265442,0.5555774569511414,0.67132568359375,-0.2057700455188751,0.9998981952667236,0.5144433379173279,0.607786238193512,-0.0772960409522056,0.999963104724884,0.579229474067688,0.6048964262008667,-0.0690186396241188,0.9998807907104492,0.5057219862937927,0.5059088468551636,-0.0174312256276607,0.9843758940696716,0.5848475694656372,0.5062253475189209,-0.0186546202749013,0.9525452852249146,0.5010741353034973,0.4235132038593292,-0.0714683681726455,0.9703322649002076,0.5930132269859314,0.4192173779010772,-0.0773039311170578,0.908294141292572,0.4968867003917694,0.3950533866882324,-0.0891215354204177,0.9388587474822998,0.5971553921699524,0.3902470767498016,-0.0962592661380767,0.8455629944801331,0.502196192741394,0.394877940416336,-0.1178083941340446,0.9436625838279724,0.5931814312934875,0.3890497088432312,-0.1266276687383651,0.8552338480949402,0.5053241848945618,0.4037904739379883,-0.0838158652186393,0.9311184287071228,0.5901499390602112,0.3984158635139465,-0.0907989293336868,0.8444076180458069,0.5278774499893188,0.4317173063755035,-0.0040831877849996,0.9995983242988586,0.5693846344947815,0.4333121180534363,0.004034265410155,0.9994506239891052,0.5256564021110535,0.2729063332080841,-0.0341508612036705,0.966883659362793,0.572272539138794,0.2789471745491028,-0.019629905000329,0.949810028076172,0.5299739241600037,0.124029740691185,0.0445071049034595,0.9629414081573486,0.5729433298110962,0.12836454808712,0.0608431808650493,0.928389608860016,0.5329911112785339,0.1038342714309692,0.0451526194810867,0.5356518626213074,0.5701752305030823,0.1078729182481765,0.0622973814606666,0.5309680104255676,0.5347052812576294,0.0747024193406105,-0.0697372630238533,0.9370562434196472,0.5744740962982178,0.0804090648889541,-0.0464768148958683,0.9108164310455322,hoyeon_stand_normal_01,15.6357625,15.498831,16.038557,16.3783925,15.6589105,14.4043925,12.6624675,11.1313385,10.6313385,10.6394105,10.6766195,10.799753,11.0511055,10.980206,11.18034,10.6213205,10.944272,12.380342,13.788552,14.840861,16.132169,15.893258,15.684714,14.661904,14.7552875,15.443884,9.05294,10.239502,10.39509,10.7871365,9.93157,9.967247,10.3247515,10.5517735,10.440724,10.4178675,9.7088295,9.0192025,8.100341499999999,7.383016,8.067757499999999,8.752447499999999,9.2709205,10.062306,10.4787185,10.2620875,10.4411615,11.986833,14.67942,16.13861,17.57701,17.511358,10.816654,10.630146,10.29563,10.198039,10.049876,11.7047,13.038405,15.0,16.278821,17.691806,19.104973,19.849433,20.518285,20.518285,19.79899,18.384776,16.278821,14.21267,9.433981,5.385165,2.236068,6.403124,11.313708,15.620499,20.808652,23.323808,16.401219,17.492856,17.888544,15.811388,14.317821,11.045361,8.062258,5.385165,4.123106,5.0,7.211103,8.944272,11.7047,12.649111,13.601471,14.56022,14.56022,14.56022,13.928388,13.416408,12.529964,11.401754,10.0,9.486833,10.049876,10.198039,12.727922,14.21267,15.620499,15.620499,16.278821,16.278821,15.556349,14.21267,12.806248,10.816654,9.219544,7.211103,5.656854,4.123106,5.09902,8.062258,10.816654,14.21267,17.029386,20.0,22.203603,22.472205,23.323808,21.954498,19.235384,16.124515,13.038405,15.033296,17.0,17.0,17.029386,16.03122,14.035669,11.0,9.0,6.082763,5.0,4.472136,5.09902,7.0,8.0,9.0,10.0,10.0,11.045361,11.18034,11.18034,11.18034,10.049876,10.0,9.219544,9.848858
hoyeon_stand_normal_01,114,38,3.800207650273224,29.998360745314464,10,0.5504613518714905,0.6830739378929138,-0.2411806583404541,0.9999489784240724,0.5455979108810425,0.6935023665428162,-0.2309110611677169,0.9998977780342102,0.5426466464996338,0.693022608757019,-0.2309170365333557,0.999897599220276,0.5400140285491943,0.6922723650932312,-0.2309462279081344,0.999904453754425,0.553361713886261,0.6937642097473145,-0.230409637093544,0.9998573064804076,0.5555564165115356,0.6937882304191589,-0.23042993247509,0.9998433589935304,0.5578705072402954,0.6935970783233643,-0.230433702468872,0.9998547434806824,0.5352903008460999,0.6837014555931091,-0.1495477259159088,0.999878466129303,0.5602072477340698,0.6862344145774841,-0.1470327079296112,0.999758243560791,0.5447682738304138,0.6699545979499817,-0.2091771215200424,0.999931275844574,0.5555678009986877,0.6713330745697021,-0.2085563391447067,0.9999047517776488,0.5144261717796326,0.6077973246574402,-0.0801533460617065,0.9999642372131348,0.5792275071144104,0.6049014329910278,-0.0722467899322509,0.9998842477798462,0.5056846737861633,0.5059306621551514,-0.0201819539070129,0.9843361377716064,0.5848433971405029,0.5062615275382996,-0.0214807204902172,0.9521958231925964,0.5010679960250854,0.4235836863517761,-0.0741167515516281,0.9697226285934448,0.5930021405220032,0.4192388951778412,-0.0792677029967308,0.9068222641944884,0.4968909919261932,0.3951015174388885,-0.0916348546743393,0.9378071427345276,0.5971363186836243,0.3902728855609894,-0.0979574844241142,0.8434466123580933,0.5021898150444031,0.3949133455753326,-0.120384931564331,0.9427433609962464,0.5931748151779175,0.3890642821788788,-0.128447338938713,0.8532711267471313,0.505309522151947,0.403824895620346,-0.0864715650677681,0.9301385879516602,0.5901365280151367,0.3984443545341491,-0.092776782810688,0.8425615429878235,0.5278829336166382,0.4321781992912292,-0.0041470495052635,0.9995942115783693,0.5693820118904114,0.4336560666561126,0.0040978374890983,0.9994484186172484,0.5256544351577759,0.2733593881130218,-0.0337915830314159,0.9662328362464904,0.5722435116767883,0.2791768610477447,-0.0187796466052532,0.9492032527923584,0.5299729704856873,0.124045692384243,0.0448751486837863,0.9625913500785828,0.5728737711906433,0.1286984235048294,0.0608593299984931,0.9275330305099488,0.5329765677452087,0.1038341745734214,0.0455509647727012,0.5326023697853088,0.5700308680534363,0.1079812347888946,0.0623363219201564,0.5298432111740112,0.5347031354904175,0.0749542489647865,-0.0693090111017227,0.936452567577362,0.5745123624801636,0.0809549167752265,-0.0464273765683174,0.9099616408348083,hoyeon_stand_normal_01,5.0,5.09902,7.81025,11.401754,13.453624,16.278821,16.278821,16.278821,16.278821,14.866069,13.453624,12.041595,10.0,8.062258,6.324555,4.0,4.242641,6.082763,10.0,13.152946,16.278821,19.235384,22.203603,23.086793,23.021729,21.0,8.062258,10.049876,12.0,14.035669,15.033296,15.132746,15.297059,13.341664,11.401754,9.486833,7.071068,5.0,3.162278,3.162278,4.123106,6.708204,8.944272,11.18034,13.416408,15.652476,17.464249,19.313208,19.313208,18.027756,16.492423,12.649111,14.21267,14.422205,14.317821,13.928388,12.649111,12.165525,10.198039,8.062258,7.071068,4.0,2.0,3.0,6.0,9.0,12.0,15.0,17.029386,20.024984,21.095023,22.090722,22.203603,21.213203,19.416488,16.492423,12.649111,4.472136,5.09902,7.211103,8.485281,10.816654,12.083046,13.0,12.649111,12.369317,11.401754,10.198039,9.219544,7.071068,5.09902,3.162278,1.414214,1.0,3.0,6.0,8.062258,9.219544,11.401754,11.7047,13.0,13.892444,13.601471,11.009255166666666,11.18034,12.529964,14.764823,15.264338,15.264338,15.652476,15.231546,13.601471,12.369317,10.198039,9.219544,7.28011,5.385165,4.242641,4.472136,6.0,8.246211,11.401754,13.601471,16.763055,18.681542,19.646883,19.416488,18.439089,17.117243,14.142136,13.0,15.0,16.03122,16.124515,16.124515,15.132746,13.152946,11.045361,9.0,7.071068,5.385165,5.656854,5.830952,6.708204,8.246211,9.486833,10.440307,10.77033,11.7047,12.083046,12.083046,11.18034,10.77033,10.440307,10.049876,9.055385
hoyeon_stand_normal_01,117,39,3.900213114754098,29.998360745314464,10,0.5504618883132935,0.683148205280304,-0.2401042878627777,0.99995219707489,0.5455939173698425,0.6935279369354248,-0.2297429740428924,0.9999022483825684,0.5426470637321472,0.693049967288971,-0.2297491282224655,0.9999027848243712,0.5400069952011108,0.692295491695404,-0.2297773361206054,0.999909281730652,0.5533533692359924,0.6938160061836243,-0.229247897863388,0.9998637437820436,0.555547833442688,0.6938510537147522,-0.2292670607566833,0.9998511075973512,0.5578640103340149,0.6936705708503723,-0.2292706966400146,0.999861180782318,0.5352824926376343,0.6836940050125122,-0.1482123434543609,0.9998837113380432,0.5601977705955505,0.6862806081771851,-0.1457294076681137,0.9997664093971252,0.5447720289230347,0.6700725555419922,-0.2080791145563125,0.9999359846115112,0.5555605292320251,0.6714668273925781,-0.2074592262506485,0.9999103546142578,0.5144084095954895,0.6078004240989685,-0.0790655389428138,0.999964952468872,0.5792225003242493,0.6049037575721741,-0.0714817941188812,0.9998870491981506,0.5056684613227844,0.5059779286384583,-0.0200840830802917,0.9842790961265564,0.5848314762115479,0.5062780380249023,-0.0209083687514066,0.9520180821418762,0.501054584980011,0.4239754974842071,-0.0730408653616905,0.96910959482193,0.5929935574531555,0.419260025024414,-0.0781011059880256,0.9061836004257202,0.4968940317630768,0.3954315781593323,-0.0900516286492347,0.9366932511329652,0.5971202850341797,0.3903076350688934,-0.0966048091650009,0.84248948097229,0.5021830201148987,0.3951690196990967,-0.1189787238836288,0.9417499899864196,0.5931543707847595,0.3891006708145141,-0.1268974393606186,0.8523687124252319,0.5052834749221802,0.4040332734584808,-0.0854561775922775,0.9290633797645568,0.5901160836219788,0.398464947938919,-0.0915191993117332,0.8417516350746155,0.5278792381286621,0.432199090719223,-0.0042022233828902,0.9995867609977722,0.5693799257278442,0.4336625933647156,0.0041526216082274,0.9994449019432068,0.5256220102310181,0.2733662724494934,-0.0336112268269062,0.966176688671112,0.5723480582237244,0.2791605293750763,-0.0188938342034816,0.9494413137435912,0.5299057364463806,0.1240476965904235,0.0453025102615356,0.9626586437225342,0.5728691220283508,0.1287582069635391,0.0608793534338474,0.927883803844452,0.5328075885772705,0.1037554666399955,0.0461246855556964,0.5306771993637085,0.5699806213378906,0.1079864352941513,0.0623680241405963,0.5315737128257751,0.5346620678901672,0.075002871453762,-0.0687639415264129,0.936430811882019,0.5746114253997803,0.081168033182621,-0.0464070476591587,0.9103806614875792,hoyeon_stand_normal_01,27.513633,27.313001,25.942244,21.954498,18.027756,13.038405,8.944272,5.09902,4.472136,5.385165,8.0,11.0,13.038405,16.03122,17.029386,19.026298,20.099751,22.022716,21.023796,20.0,18.0,15.0,11.045361,6.708204,6.324555,9.219544,12.727922,11.401754,10.0,7.81025,5.0,4.0,5.0,7.071068,9.219544,11.401754,12.206556,12.806248,13.453624,13.453624,13.453624,12.727922,11.313708,9.899495,7.81025,5.0,2.0,4.123106,9.055385,14.035669,19.104973,23.345235,13.453624,13.601471,13.416408,13.0,12.369317,11.18034,10.049876,8.0,6.0,5.09902,2.236068,1.0,3.162278,5.09902,8.246211,11.18034,14.142136,17.262677,19.235384,21.213203,22.36068,22.36068,21.587033,19.646883,16.763055,13.0,5.0,5.830952,7.071068,9.433981,11.18034,12.649111,13.341664,14.142136,13.152946,12.041595,11.045361,9.0,7.0,6.0,3.0,1.0,2.0,5.0,6.0,8.062258,10.049876,11.401754,12.369317,13.0,13.038405,11.820471333333334,11.0,13.152946,14.142136,15.132746,15.132746,15.033296,14.0,13.038405,11.045361,9.055385,8.062258,6.0,5.09902,4.242641,4.472136,7.28011,10.049876,13.038405,16.03122,18.11077,20.223748,21.213203,21.377558,20.396078,17.464249,15.297059,13.038405,15.0,15.620499,16.278821,16.278821,14.866069,13.453624,11.313708,8.602325,6.708204,5.09902,4.123106,5.0,5.656854,7.071068,7.81025,9.219544,9.899495,10.630146,10.630146,10.0,10.0,9.899495,9.219544,8.944272,8.246211
hoyeon_stand_normal_01,120,40,4.000218579234972,29.998360745314464,10,0.5504597425460815,0.6832544207572937,-0.2340928167104721,0.9999551773071288,0.5455875992774963,0.6935720443725586,-0.2235514372587204,0.9999064803123474,0.5426422357559204,0.6930867433547974,-0.2235589176416397,0.9999075531959534,0.5400018692016602,0.6923216581344604,-0.2235865890979766,0.9999138116836548,0.5533463358879089,0.6938967108726501,-0.223017156124115,0.9998697638511658,0.5555418729782104,0.6939419507980347,-0.2230369001626968,0.999858260154724,0.5578606128692627,0.6937851905822754,-0.2230419963598251,0.9998671412467957,0.5352765917778015,0.6836828589439392,-0.1425292491912841,0.9998884797096252,0.5601761937141418,0.6863678097724915,-0.1398826092481613,0.9997735023498536,0.5447786450386047,0.6702046990394592,-0.202386200428009,0.9999402165412904,0.5555545091629028,0.6716322302818298,-0.2017182409763336,0.9999155402183532,0.5144030451774597,0.6078293323516846,-0.0746764466166496,0.9999657869338988,0.5792126059532166,0.6049047112464905,-0.0676882192492485,0.999889075756073,0.5056427717208862,0.5060878396034241,-0.0169888008385896,0.9843108057975768,0.5848193764686584,0.5063250064849854,-0.0181110482662916,0.9517853856086732,0.5010381937026978,0.4243896007537842,-0.0707704946398735,0.9689943790435792,0.5929750800132751,0.4192756116390228,-0.0756972283124923,0.9055723547935486,0.4968975782394409,0.3957738578319549,-0.0880712047219276,0.9365141987800598,0.5971328020095825,0.3903352618217468,-0.0945007130503654,0.8416914939880371,0.5021820664405823,0.3953923881053924,-0.1167593002319336,0.9416213631629944,0.5931473970413208,0.3891298472881317,-0.1244852095842361,0.8516479134559631,0.5052689909934998,0.4042307138442993,-0.0831384509801864,0.9289606809616088,0.5901097059249878,0.3984836637973785,-0.0890163704752922,0.841108500957489,0.527869462966919,0.43220055103302,-0.0041610901243984,0.999584138393402,0.5693697333335876,0.4336559176445007,0.0041123344562947,0.9994439482688904,0.5255321264266968,0.2733533382415771,-0.033611673861742,0.9661932587623596,0.5724101662635803,0.2789022028446197,-0.0197737216949462,0.9497082829475404,0.5298606753349304,0.1240104362368583,0.0454997010529041,0.9626818299293518,0.5729222893714905,0.1288036257028579,0.0602152571082115,0.9281069040298462,0.5326923131942749,0.1037006229162216,0.0463207997381687,0.5294002890586853,0.5701148509979248,0.1079970598220825,0.0616932921111583,0.531334638595581,0.5345082879066467,0.0750378668308258,-0.068379022181034,0.9363335371017456,0.574834406375885,0.0814389511942863,-0.047014731913805,0.910455584526062,hoyeon_stand_normal_01,27.586228,27.018512,25.806976,22.472205,18.35756,13.038405,8.602325,5.830952,5.09902,6.403124,9.219544,11.401754,14.422205,16.643317,18.867962,20.248457,21.633308,22.203603,22.203603,21.400935,19.209373,16.401219,12.206556,8.246211,7.615773,10.630146,12.806248,12.206556,10.0,8.602325,5.656854,4.123106,5.385165,7.211103,9.219544,11.401754,12.806248,13.601471,13.601471,13.038405,13.892444,12.529964,11.18034,9.848858,7.615773,5.830952,3.162278,5.0,9.433981,14.764823,19.723083,23.600847,12.372521,12.0833395,12.0178345,11.7434165,12.3329075,12.1860405,12.8597875,12.8559835,12.9320305,12.742458,12.8141335,11.718465,12.5108645,14.061553,15.140055,16.2315115,16.3138845,15.824345,15.041648,12.7389175,12.369317,14.670175,16.988354,19.167259,19.6100345,20.0089255,11.198831,11.718157,12.9463225,13.2411105,13.217525,12.2857795,10.980206,9.415476,9.04951,10.2296805,11.109204,11.1289745,10.7989655,10.627257,10.7321245,9.7321245,9.444272,9.9142135,10.8216585,11.259796,11.3722305,11.5192025,11.553227,11.543478,12.316982,12.6316875,18.681542,16.492423,14.56022,12.165525,9.0,8.246211,8.602325,9.899495,11.401754,13.601471,15.620499,16.970563,18.439089,20.0,21.633308,21.470911,21.023796,19.313208,18.027756,14.317821,11.18034,7.81025,6.082763,8.544004,11.661904,15.0,6.403124,5.0,3.162278,5.656854,8.602325,11.661904,14.764823,17.492856,18.027756,17.804494,18.439089,16.970563,15.556349,13.453624,12.041595,12.041595,9.899495,8.602325,8.544004,9.219544,11.045361,13.0,16.03122,18.027756,19.235384,20.223748
hoyeon_stand_normal_01,123,41,4.100224043715847,29.998360745314464,10,0.5504577159881592,0.6832665801048279,-0.2347045689821243,0.9999576807022096,0.5455844402313232,0.6935724020004272,-0.2242973446846008,0.9999098181724548,0.5426391363143921,0.6930850744247437,-0.2243044376373291,0.999911367893219,0.5399959087371826,0.6923191547393799,-0.2243331521749496,0.9999175071716307,0.5533422827720642,0.6939206123352051,-0.2237748354673385,0.9998747706413268,0.5555379986763,0.693981945514679,-0.2237960398197174,0.9998641610145568,0.5578568577766418,0.6938484907150269,-0.223801776766777,0.9998720288276672,0.5352644324302673,0.6836651563644409,-0.1435858160257339,0.9998922944068908,0.5601634383201599,0.686424732208252,-0.1410166472196579,0.9997789859771729,0.5447836518287659,0.6702097058296204,-0.2030537575483322,0.9999437928199768,0.5555509328842163,0.6716670989990234,-0.2024062424898147,0.9999198317527772,0.5143988728523254,0.6078463792800903,-0.0756388902664184,0.9999663829803468,0.5792097449302673,0.6049066781997681,-0.0682131126523017,0.9998913407325744,0.5056338906288147,0.506133496761322,-0.0177293829619884,0.9842062592506408,0.5848177671432495,0.5063390731811523,-0.0186065007001161,0.9513456225395204,0.5010378360748291,0.4245540797710418,-0.0716079324483871,0.968381941318512,0.5929591059684753,0.4192883670330047,-0.0761791095137596,0.9044217467308044,0.4969126880168915,0.3959254026412964,-0.0889953225851059,0.935510516166687,0.5971181988716125,0.3903500139713287,-0.0948880016803741,0.8401517271995544,0.5021831393241882,0.3954805433750152,-0.117552526295185,0.9407227635383606,0.5931346416473389,0.3891390562057495,-0.1249197274446487,0.8502073884010315,0.5052613615989685,0.4043141007423401,-0.0839252695441246,0.9280050992965698,0.5900992155075073,0.3984905779361725,-0.0895077511668205,0.8397402167320251,0.5278584957122803,0.4324293434619903,-0.0042143263854086,0.9995797276496888,0.569362461566925,0.4337045550346374,0.0041663935407996,0.999441623687744,0.5254852175712585,0.2736786007881164,-0.0332757085561752,0.9656949043273926,0.5724121332168579,0.2789909541606903,-0.0192525293678045,0.9491759538650512,0.5298520922660828,0.1240243166685104,0.0456721745431423,0.9622743725776672,0.5729060769081116,0.1292162537574768,0.0602346770465374,0.9274052977561952,0.5326732993125916,0.1037010923027992,0.0464781932532787,0.5267656445503235,0.5701102018356323,0.1081922203302383,0.0617357343435287,0.5302371382713318,0.5344173312187195,0.0759303793311119,-0.0680240392684936,0.9356781244277954,0.574938952922821,0.0818856135010719,-0.0467467755079269,0.909699559211731,hoyeon_stand_normal_01,5.09902,3.0,8.544004,12.083046,16.552945,18.384776,19.697716,20.248457,19.313208,17.464249,16.552945,14.764823,12.529964,10.816654,7.81025,6.324555,6.082763,8.485281,11.661904,16.155494,20.880613,25.0,28.460499,29.732137,29.154759,27.730849,9.219544,12.727922,15.556349,18.439089,19.209373,20.0,19.416488,17.492856,16.124515,13.892444,10.29563,7.211103,5.0,3.0,4.242641,5.830952,9.219544,12.369317,15.524175,18.681542,20.880613,22.135944,23.4094,22.472205,19.697716,15.231546,11.401754,10.29563,9.899495,9.848858,11.045361,12.369317,14.317821,17.204651,19.209373,20.518285,21.931712,22.671568,23.430749,24.207437,23.430749,22.671568,19.849433,16.970563,12.206556,7.28011,5.0,8.0,14.56022,19.697716,25.059928,28.301943,18.384776,19.235384,18.867962,17.804494,15.556349,12.806248,8.944272,6.082763,5.0,7.071068,10.049876,12.369317,13.601471,14.866069,16.155494,17.088007,17.088007,16.763055,16.492423,15.132746,14.0,12.165525,11.18034,9.899495,11.18034,11.18034,18.35756,17.492856,14.764823,12.083046,9.486833,8.0,7.28011,8.602325,10.630146,12.806248,14.21267,16.401219,18.027756,19.235384,20.615528,20.248457,20.880613,18.439089,17.464249,14.317821,10.440307,7.211103,5.09902,7.615773,10.816654,14.21267,6.708204,4.242641,4.123106,5.385165,9.219544,12.041595,14.866069,16.278821,17.804494,18.601075,18.027756,17.0,16.552945,14.317821,13.0,11.18034,9.433981,9.219544,8.485281,9.433981,10.77033,13.601471,15.811388,18.027756,19.313208,19.697716
hoyeon_stand_normal_01,126,42,4.200229508196721,29.998360745314464,10,0.5504558086395264,0.6832659244537354,-0.2378623038530349,0.9999601244926452,0.5455815196037292,0.693569540977478,-0.2274693846702575,0.999913454055786,0.5426365733146667,0.6930775046348572,-0.2274763882160186,0.9999154210090636,0.5399927496910095,0.6923038363456726,-0.2275045961141586,0.9999213218688964,0.5533379912376404,0.6939311623573303,-0.2269837409257888,0.999880075454712,0.5555335283279419,0.6940047144889832,-0.2270061820745468,0.9998703598976136,0.557853639125824,0.6938867568969727,-0.2270120978355407,0.9998772144317628,0.5352596640586853,0.6836281418800354,-0.1463008671998977,0.9998964667320251,0.560158908367157,0.6864615082740784,-0.1439318507909774,0.9997853636741638,0.5447947382926941,0.6702008247375488,-0.2060089707374572,0.9999472498893738,0.5555505156517029,0.6716691851615906,-0.2054268270730972,0.9999241232872008,0.5143946409225464,0.60786372423172,-0.0777100399136543,0.9999669194221495,0.5792065858840942,0.6049097776412964,-0.0699996426701545,0.9998931288719176,0.5056291818618774,0.506218433380127,-0.0195261221379041,0.9842246174812316,0.5848194360733032,0.5063436627388,-0.0202497541904449,0.951279640197754,0.5010635256767273,0.424684077501297,-0.0742098018527031,0.9681169986724854,0.5929470658302307,0.419295459985733,-0.0784923881292343,0.903918445110321,0.4969651103019714,0.3960366249084472,-0.0917134955525398,0.9350170493125916,0.5971388220787048,0.390369176864624,-0.097335584461689,0.8394051194190979,0.5022063255310059,0.3955530822277069,-0.1202843338251113,0.9402951002120972,0.5931349992752075,0.3891582190990448,-0.1272093653678894,0.8495398759841919,0.505266010761261,0.4043807685375213,-0.0864887237548828,0.9275553822517396,0.5900983810424805,0.3985034525394439,-0.0917320176959037,0.839076578617096,0.5278509259223938,0.4325256049633026,-0.00421400135383,0.9995747804641724,0.569351851940155,0.4337068498134613,0.0041660228744149,0.9994378685951232,0.5254557728767395,0.2737945318222046,-0.0331323780119419,0.9653714895248412,0.5724143981933594,0.2789911329746246,-0.0192715916782617,0.9489887952804564,0.5297310948371887,0.1243979409337043,0.0458806157112121,0.9620811939239502,0.5729043483734131,0.1294151246547699,0.0602049753069877,0.9271571040153505,0.5324637293815613,0.1037523075938224,0.0467301458120346,0.5257670879364014,0.5701104402542114,0.1082114800810813,0.0616668984293937,0.5296847820281982,0.5341930985450745,0.0765758231282234,-0.067910648882389,0.9354085922241212,0.5749459862709045,0.081998772919178,-0.0468281656503677,0.9093017578125,hoyeon_stand_normal_01,4.472136,2.236068,6.0,9.055385,12.041595,14.035669,15.033296,14.035669,14.035669,13.038405,12.041595,11.045361,9.219544,7.615773,5.830952,5.0,5.0,6.708204,9.219544,12.727922,16.278821,19.104973,21.260292,22.627417,22.671568,20.615528,7.211103,10.0,12.206556,13.892444,14.764823,14.764823,14.317821,13.928388,11.7047,9.848858,8.544004,5.830952,4.242641,3.162278,3.162278,4.242641,7.211103,9.433981,11.661904,13.892444,15.264338,16.643317,17.204651,16.401219,14.866069,11.313708,13.601471,13.341664,14.035669,13.038405,13.152946,12.165525,10.440307,8.246211,6.324555,4.123106,2.0,2.828427,5.830952,8.062258,11.661904,15.264338,17.492856,19.723083,21.470911,22.36068,22.36068,21.023796,19.313208,17.088007,13.601471,4.472136,5.0,6.708204,8.485281,10.0,12.206556,12.529964,12.529964,12.083046,11.7047,10.77033,8.544004,6.708204,5.385165,3.162278,1.414214,1.0,3.162278,5.09902,6.324555,8.944272,10.29563,10.816654,12.041595,12.727922,12.206556,11.31143,18.681542,18.027756,14.866069,11.401754,9.055385,8.062258,7.211103,8.485281,10.630146,13.038405,15.0,16.278821,18.384776,19.209373,20.808652,19.723083,21.470911,18.788294,16.155494,13.0,10.29563,6.403124,5.0,7.81025,11.313708,14.21267,7.211103,5.0,4.0,5.830952,9.219544,12.206556,15.0,17.204651,18.439089,19.104973,18.384776,17.691806,16.401219,15.0,12.806248,11.401754,9.219544,9.219544,9.433981,9.486833,11.18034,13.152946,16.124515,18.11077,19.235384,20.396078
hoyeon_stand_normal_01,129,43,4.300234972677596,29.998360745314464,10,0.5504549741744995,0.6832656264305115,-0.2405750602483749,0.999962329864502,0.5455766916275024,0.6935676336288452,-0.2302148789167404,0.9999166131019592,0.5426326394081116,0.6930710673332214,-0.2302215099334716,0.9999189376831056,0.5399879217147827,0.6922889947891235,-0.2302488684654235,0.9999246001243592,0.5533344149589539,0.6939446926116943,-0.2296735197305679,0.9998846650123596,0.5555301904678345,0.6940311193466187,-0.2296971976757049,0.9998758435249328,0.5578500032424927,0.6939283013343811,-0.2297037243843078,0.9998818039894104,0.535252571105957,0.6835911870002747,-0.1486230641603469,0.9998999834060668,0.5601551532745361,0.6864957809448242,-0.1460973173379898,0.9997912049293518,0.5448089241981506,0.6701924800872803,-0.2085391581058502,0.9999502897262572,0.5555518865585327,0.6716731786727905,-0.207905113697052,0.9999278783798218,0.5143893361091614,0.607867956161499,-0.0792156606912612,0.9999673366546632,0.5792044401168823,0.6049072742462158,-0.071225419640541,0.999894917011261,0.50562584400177,0.5063269734382629,-0.0204233881086111,0.984226405620575,0.584820568561554,0.506334662437439,-0.0207694042474031,0.9514080882072448,0.5011372566223145,0.4247496724128723,-0.0750942006707191,0.9678776860237122,0.5929616689682007,0.4192490577697754,-0.079130969941616,0.9040571451187134,0.4971336424350738,0.3961386680603027,-0.0925826057791709,0.9344867467880248,0.5972808003425598,0.3903007805347442,-0.0978822633624076,0.8395670056343079,0.5022876262664795,0.3956416845321655,-0.1211415976285934,0.9398243427276612,0.5932161211967468,0.3891027569770813,-0.1277568787336349,0.8497015833854675,0.505290150642395,0.4044907093048095,-0.0873473808169364,0.9270522594451904,0.590153157711029,0.3984567523002624,-0.0923301875591278,0.8392660021781921,0.5278412103652954,0.4325805902481079,-0.0042153275571763,0.9995700716972352,0.5693439841270447,0.4337255954742431,0.0041671963408589,0.9994352459907532,0.5253996253013611,0.2737854421138763,-0.0331326425075531,0.9649460315704346,0.5724167227745056,0.2789648473262787,-0.0192937459796667,0.9485426545143129,0.5297229290008545,0.1240896135568618,0.0460477992892265,0.96170175075531,0.5728785991668701,0.1294117271900177,0.0602308996021747,0.9265502095222472,0.5324508547782898,0.1034473180770874,0.0469230823218822,0.5250014662742615,0.5700607895851135,0.1080991551280021,0.0616917237639427,0.5284807085990906,0.5340818166732788,0.0764306187629699,-0.0677249357104301,0.9349349141120912,0.5749613046646118,0.0820379182696342,-0.0468234084546566,0.9085487127304076,hoyeon_stand_normal_01,28.231188,28.653098,26.627054,23.600847,19.209373,15.0,10.816654,6.324555,5.09902,5.656854,7.615773,10.440307,13.601471,15.297059,17.464249,19.646883,21.587033,23.086793,22.135944,21.540659,19.313208,16.155494,11.401754,8.0,7.071068,10.77033,13.341664,12.649111,10.77033,8.246211,6.082763,5.385165,5.656854,7.615773,10.440307,12.649111,13.928388,15.231546,15.231546,15.652476,14.764823,13.892444,13.038405,11.661904,9.433981,6.708204,5.0,5.0,9.219544,14.142136,19.416488,24.738634,13.0,13.892444,14.21267,14.142136,12.806248,12.206556,10.816654,8.062258,6.708204,4.472136,2.236068,3.162278,5.385165,8.544004,11.401754,14.56022,17.720045,19.924859,22.135944,22.472205,22.472205,21.931712,20.124612,17.0,14.422205,5.0,5.385165,7.0,9.219544,11.7047,13.0,13.416408,13.892444,13.038405,12.206556,10.816654,9.433981,7.211103,5.830952,3.162278,2.0,1.0,2.828427,5.0,6.403124,8.944272,9.848858,11.7047,12.165525,13.038405,13.038405,11.44252,18.248288,17.464249,14.56022,11.18034,9.0,7.28011,7.071068,8.602325,10.29563,12.083046,14.764823,16.643317,18.601075,19.849433,19.79899,20.518285,20.0,19.416488,16.643317,13.038405,10.0,5.830952,4.123106,7.81025,11.18034,14.317821,6.403124,5.0,4.0,6.403124,9.219544,12.206556,15.0,17.804494,18.439089,19.104973,18.384776,17.691806,15.620499,15.0,12.806248,10.630146,9.899495,8.602325,8.944272,9.219544,12.041595,14.0,16.0,19.0,20.024984,20.099751
hoyeon_stand_normal_01,132,44,4.40024043715847,29.998360745314464,10,0.5504676699638367,0.6832662224769592,-0.2449336498975753,0.9999643564224244,0.5455804467201233,0.6935663819313049,-0.2346370965242386,0.9999196529388428,0.5426450967788696,0.6930670738220215,-0.2346427589654922,0.9999222755432128,0.5399890542030334,0.6922770738601685,-0.2346693873405456,0.9999276995658876,0.553329348564148,0.6939582228660583,-0.2339289784431457,0.9998889565467834,0.555526077747345,0.6940519213676453,-0.2339537292718887,0.9998809695243835,0.5578500628471375,0.6939504742622375,-0.2339605689048767,0.9998862147331238,0.5352502465248108,0.6835718154907227,-0.1527298241853714,0.9999035000801086,0.5601511597633362,0.6865069270133972,-0.1494626551866531,0.9997971653938292,0.5448513031005859,0.6701785326004028,-0.212755486369133,0.9999531507492064,0.5555699467658997,0.671674370765686,-0.2119072824716568,0.9999314546585084,0.5143802762031555,0.607867419719696,-0.0821911841630935,0.9999677538871764,0.5792022943496704,0.6048711538314819,-0.0733428075909614,0.9998964071273804,0.5056234002113342,0.5063794851303101,-0.0221690293401479,0.9842550158500672,0.584804117679596,0.5062631368637085,-0.0215016100555658,0.95151025056839,0.5011634826660156,0.4247715771198272,-0.0762725174427032,0.9675459265708924,0.5929573774337769,0.4190790057182312,-0.0798856765031814,0.9041325449943542,0.4972338080406189,0.3961654901504516,-0.0935189351439476,0.9337477087974548,0.5973575711250305,0.3900902569293976,-0.0985364764928817,0.8396036028862,0.5023375153541565,0.3956539630889892,-0.1222289055585861,0.9391531944274902,0.5932486057281494,0.3888876736164093,-0.1283421218395233,0.8497382402420044,0.5053098797798157,0.4045006036758423,-0.0885360017418861,0.9263388514518738,0.5901654958724976,0.3982484936714172,-0.0930218026041984,0.8393098711967468,0.527839720249176,0.4325997531414032,-0.0042316294275224,0.9995652437210084,0.5693416595458984,0.4337304234504699,0.0041823186911642,0.99943208694458,0.5253620147705078,0.2737466990947723,-0.0341880582273006,0.9647526144981384,0.5724679827690125,0.2787404954433441,-0.0195474904030561,0.9484866857528688,0.5297209620475769,0.1238437667489051,0.0464511141180992,0.9614641666412354,0.5729026794433594,0.129368707537651,0.0604510903358459,0.9264713525772096,0.5324524641036987,0.1033064126968383,0.0475466512143611,0.5234586596488953,0.5700825452804565,0.1080537661910057,0.0619700960814952,0.5284301042556763,0.5340298414230347,0.0763149708509445,-0.0671235099434852,0.9345223903656006,0.5749791860580444,0.0820868909358978,-0.046785719692707,0.9083466529846193,hoyeon_stand_normal_01,4.123106,4.242641,7.28011,10.049876,13.038405,15.033296,15.033296,15.033296,15.033296,14.035669,13.038405,11.0,10.0,8.062258,6.324555,5.0,4.472136,6.082763,8.062258,11.401754,14.142136,17.691806,19.79899,21.260292,20.615528,20.0,5.830952,8.602325,10.29563,12.529964,13.416408,13.0,13.0,11.7047,10.440307,9.219544,7.28011,5.385165,2.236068,1.0,2.828427,4.472136,7.615773,9.848858,12.083046,14.317821,15.652476,17.492856,16.643317,16.401219,15.0,11.401754,13.601471,14.764823,14.866069,15.524175,14.142136,13.038405,12.0,10.0,7.071068,5.09902,3.0,3.162278,5.385165,9.486833,11.7047,15.811388,18.973666,22.135944,23.086793,25.0,24.738634,23.537205,21.377558,18.248288,15.0,5.385165,6.403124,7.615773,10.198039,12.041595,14.035669,15.132746,15.132746,14.142136,14.142136,12.165525,10.198039,8.062258,6.082763,4.0,2.0,3.162278,4.123106,7.0,9.0,10.049876,12.369317,12.649111,13.416408,13.601471,12.1093725,11.57361,18.302924,16.415883,13.8297425,10.998497,8.2426405,6.5163795,6.701562,8.640901,10.776779,12.8422585,14.4702915,16.2635075,17.874145,19.014693,20.411393,20.9700775,19.9893165,19.211917,16.6378185,13.678113,9.63471,6.45101,5.6080585,8.770333,12.1860405,14.859632,7.259227,4.561553,3.4142135,5.04951,8.3011625,11.700877,14.7277505,17.1023255,17.916125,17.957631999999997,17.477241499999998,16.731493,14.7131445,13.601471,11.553227,10.5073465,9.1374645,7.936254,7.4479415,8.5952415,10.408327,12.726812,14.8102495,17.416939999999997,18.708244,19.6373775
hoyeon_stand_normal_01,135,45,4.500245901639344,29.998360745314464,10,0.5504844188690186,0.6832260489463806,-0.243957370519638,0.9999665021896362,0.5455877780914307,0.693541944026947,-0.2336444556713104,0.9999234676361084,0.5426599979400635,0.6930301189422607,-0.233650729060173,0.999926209449768,0.5399914979934692,0.6922186613082886,-0.2336774915456771,0.9999313950538636,0.5533286929130554,0.6939597725868225,-0.2329191118478775,0.999894380569458,0.5555256009101868,0.6940551400184631,-0.2329424321651458,0.999886989593506,0.5578566789627075,0.6939550042152405,-0.2329483479261398,0.9998915791511536,0.5352487564086914,0.6835037469863892,-0.1519313603639602,0.9999078512191772,0.5601485967636108,0.6865089535713196,-0.1485367268323898,0.9998050332069396,0.5448823571205139,0.6700524687767029,-0.2118666321039199,0.9999561309814452,0.5555905103683472,0.671616792678833,-0.2109787762165069,0.9999353885650636,0.5143561959266663,0.6078507304191589,-0.0819366499781608,0.9999683499336244,0.5791996121406555,0.6048097610473633,-0.0730962231755256,0.9998986721038818,0.5056174397468567,0.5063856840133667,-0.0230541042983531,0.9842804670333862,0.5847914814949036,0.506057620048523,-0.0223439708352088,0.9516972303390504,0.5012305974960327,0.4246269762516022,-0.0779520273208618,0.967322587966919,0.5929310917854309,0.4188801944255829,-0.0819343253970146,0.9042198061943054,0.497392475605011,0.3961765766143799,-0.0956240370869636,0.9333363175392152,0.5973931550979614,0.3898017406463623,-0.1009751185774803,0.8396708369255066,0.5024226307868958,0.3956519663333893,-0.1240946725010871,0.9387844800949096,0.5932570099830627,0.3885980546474457,-0.130816176533699,0.8498299717903137,0.5053607225418091,0.4045037031173706,-0.0901472568511962,0.9259282946586608,0.5901625752449036,0.3980135023593902,-0.0951289311051368,0.8394003510475159,0.527850866317749,0.4325983822345733,-0.0042737713083624,0.99956613779068,0.5693373084068298,0.4337299466133117,0.0042234151624143,0.9994335770606996,0.5253681540489197,0.2737943530082702,-0.0345211550593376,0.9645498394966124,0.5724315047264099,0.278699517250061,-0.0195505656301975,0.9484867453575134,0.5298370122909546,0.1236438155174255,0.0464827045798301,0.9615379571914672,0.5727627873420715,0.1292805224657058,0.0605615600943565,0.9265727400779724,0.5326200723648071,0.1031319350004196,0.0475837551057338,0.5245331525802612,0.5698689818382263,0.1078375652432441,0.0620895810425281,0.5289631485939026,0.5340885519981384,0.076308362185955,-0.0670337826013565,0.9346675872802734,0.5749332308769226,0.0822096914052963,-0.0466862134635448,0.9084447622299194,hoyeon_stand_normal_01,5.09902,5.0,8.544004,12.165525,15.297059,17.262677,18.248288,18.248288,17.262677,16.278821,15.297059,14.142136,12.041595,10.0,8.062258,6.324555,5.830952,7.0,9.486833,13.416408,17.492856,21.095023,24.186773,25.495098,25.079872,23.4094,6.403124,10.0,12.206556,14.422205,16.124515,15.652476,16.155494,14.866069,12.649111,10.440307,8.544004,6.324555,3.605551,2.236068,2.828427,5.830952,8.062258,11.18034,13.892444,17.0,18.867962,20.248457,20.0,19.849433,17.029386,13.453624,10.630146,8.944272,7.0,6.708204,8.602325,10.440307,13.038405,16.03122,18.11077,19.416488,20.615528,21.18962,22.135944,22.472205,22.135944,20.880613,18.681542,15.297059,11.0,7.615773,7.28011,10.77033,16.643317,21.260292,25.455844,28.319605,17.464249,18.973666,18.384776,17.888544,15.264338,12.041595,8.602325,6.082763,5.830952,8.602325,10.77033,12.369317,14.317821,15.297059,16.492423,16.492423,17.720045,17.088007,16.552945,15.811388,14.21267,13.601471,12.083046,11.045361,11.18034,11.7047,11.401754,13.152946,15.132746,15.132746,16.278821,16.278821,15.524175,13.601471,13.0,10.77033,9.848858,7.615773,6.324555,4.0,3.605551,5.830952,9.486833,12.165525,14.317821,17.262677,18.439089,19.646883,19.924859,18.973666,17.088007,14.866069,13.0,14.317821,15.811388,15.811388,15.524175,14.56022,12.369317,9.486833,7.615773,5.656854,4.472136,5.0,6.324555,7.615773,8.944272,9.848858,10.77033,10.77033,11.7047,12.649111,12.369317,11.7047,10.440307,10.29563,9.219544,8.602325
hoyeon_stand_normal_01,138,46,4.600251366120219,29.998360745314464,10,0.5505034327507019,0.6832038164138794,-0.2431483268737793,0.9999683499336244,0.5455914735794067,0.6935356855392456,-0.2328752875328064,0.9999265670776368,0.5426643490791321,0.6930192708969116,-0.2328842729330063,0.9999294877052308,0.5399895310401917,0.6921989321708679,-0.2329107224941253,0.9999344944953918,0.5533408522605896,0.6939676403999329,-0.2319179028272628,0.9998986721038818,0.555544912815094,0.694068968296051,-0.2319403290748596,0.999891757965088,0.5578975677490234,0.6939635276794434,-0.231946125626564,0.9998956918716432,0.5352458357810974,0.6834798455238342,-0.1517578959465026,0.999911367893219,0.5601513981819153,0.6865113377571106,-0.1473111510276794,0.999810516834259,0.5448930859565735,0.6699764132499695,-0.2113475501537323,0.9999586939811708,0.555637538433075,0.6715835928916931,-0.2101480364799499,0.9999387264251708,0.5143536329269409,0.6077923774719238,-0.0814134776592254,0.9999688863754272,0.5791974663734436,0.6047924160957336,-0.0726874992251396,0.999899446964264,0.5056282877922058,0.5063819885253906,-0.0235059615224599,0.984293818473816,0.5847707986831665,0.5059931874275208,-0.0222449041903018,0.9514451026916504,0.5014081597328186,0.424459844827652,-0.0789144784212112,0.9672524929046632,0.5927574634552002,0.4187867343425751,-0.0819099247455596,0.9035531282424928,0.497627317905426,0.396140456199646,-0.0969211757183075,0.9332818388938904,0.5973026156425476,0.3897594213485718,-0.1009984835982322,0.838782012462616,0.5025670528411865,0.3955811262130737,-0.1251105219125747,0.9387338161468506,0.5931511521339417,0.3885276615619659,-0.1307679712772369,0.8490101099014282,0.5054685473442078,0.4044412672519684,-0.091025486588478,0.9258758425712584,0.5900213122367859,0.3979617059230804,-0.0950955003499984,0.8386427164077759,0.5278696417808533,0.4324648380279541,-0.0043742912821471,0.9995642304420472,0.5693286061286926,0.4336977005004883,0.0043226103298366,0.9994285702705384,0.5254409909248352,0.273782342672348,-0.0346061810851097,0.9644521474838256,0.5724111795425415,0.2786166965961456,-0.0195041354745626,0.9483014345169068,0.5298893451690674,0.1233646497130394,0.0468601621687412,0.961585283279419,0.5726779103279114,0.1292837262153625,0.0612992979586124,0.9262928366661072,0.5326446294784546,0.1029873788356781,0.0480660982429981,0.5245288014411926,0.5697326064109802,0.1078369840979576,0.0629481896758079,0.5282027721405029,0.534087598323822,0.0762947499752044,-0.0663158744573593,0.9346126914024352,0.5749028325080872,0.0824002921581268,-0.0456792823970317,0.9081087708473206,hoyeon_stand_normal_01,26.663291,26.180967,24.504294,21.606168,17.601072000000002,13.2909935,9.272002,5.6622775,4.54951,5.328427,7.7130115,10.239502,13.125291,15.0903595,17.148458499999997,18.9454575,20.2701935,21.224956,21.7361855,20.9143655,18.7448745,15.4260225,11.955628,8.123105500000001,7.413437999999999,10.12899,13.1308805,12.200877,10.7849395,9.0475345,6.646933,4.561553,5.04951,6.994157,9.2155525,10.8103235,12.3660785,14.1231045,14.3972285,14.1412385,13.988314,13.678113,12.77411,10.998497,9.244682999999998,6.889636,3.8027755,4.081139,8.514897000000001,13.8857225,18.0654475,22.3676105,14.142136,15.0,14.142136,14.317821,13.601471,12.649111,10.77033,8.944272,6.708204,5.385165,3.162278,1.414214,3.0,5.385165,8.062258,11.661904,14.422205,17.204651,19.416488,21.400935,21.400935,22.022716,21.260292,19.104973,16.970563,12.806248,4.123106,4.472136,6.403124,8.062258,9.848858,11.7047,13.601471,13.341664,12.369317,11.18034,10.049876,8.062258,6.082763,4.123106,2.0,1.0,1.414214,3.605551,5.830952,7.211103,8.602325,11.401754,12.041595,12.041595,13.038405,13.416408,19.104973,17.029386,14.21267,10.630146,8.062258,7.071068,8.062258,9.486833,12.083046,13.416408,15.231546,17.088007,18.681542,20.223748,21.095023,21.023796,20.024984,19.026298,17.117243,13.038405,10.0,6.708204,6.324555,9.055385,12.369317,15.524175,6.082763,4.123106,3.605551,6.0,9.219544,12.649111,14.56022,16.492423,17.464249,18.248288,18.11077,17.029386,15.0,13.0,11.0,10.0,9.055385,8.544004,8.062258,8.485281,11.401754,13.601471,16.401219,17.804494,19.849433,20.518285
hoyeon_stand_normal_01,141,47,4.700256830601093,29.998360745314464,10,0.5504981279373169,0.6832078695297241,-0.2401397079229354,0.9999698400497437,0.5455887317657471,0.6935343146324158,-0.2297494411468505,0.9999287724494934,0.5426622629165649,0.6930162310600281,-0.2297592759132385,0.9999319314956664,0.5399872064590454,0.692194938659668,-0.2297837138175964,0.999936819076538,0.5533385872840881,0.6939858198165894,-0.2288131117820739,0.9999017715454102,0.5555428862571716,0.6940968036651611,-0.2288342267274856,0.9998953938484192,0.5578990578651428,0.6939901113510132,-0.2288410663604736,0.9998987317085266,0.5352434515953064,0.6834670305252075,-0.1491075456142425,0.99991375207901,0.5601493716239929,0.6865184903144836,-0.1446426659822464,0.9998142123222352,0.5448858737945557,0.6699747443199158,-0.2086067795753479,0.9999608397483826,0.5556396842002869,0.6715880632400513,-0.2074051648378372,0.9999414682388306,0.5143262147903442,0.6076431274414062,-0.0809662118554115,0.9999693036079408,0.5791947245597839,0.604756236076355,-0.0714973136782646,0.9999002814292908,0.505649209022522,0.5062851905822754,-0.0231251828372478,0.98421448469162,0.5847692489624023,0.5059338212013245,-0.0222100801765918,0.9512984752655028,0.5016334056854248,0.4243196845054626,-0.0784624367952346,0.9669274687767028,0.5926752090454102,0.4186542332172394,-0.0818469300866127,0.9029455184936525,0.4979410171508789,0.3960868418216705,-0.0963989570736885,0.9328358769416808,0.5972737073898315,0.3896742761135101,-0.1009320691227912,0.8379819393157959,0.5027512311935425,0.3954908847808838,-0.1247106343507766,0.9383068084716796,0.5931323766708374,0.388443112373352,-0.1307365745306015,0.8482406735420227,0.5056034922599792,0.404363751411438,-0.0906305238604545,0.9253886342048644,0.5899929404258728,0.3978867828845978,-0.0950497314333915,0.8379446864128113,0.5278772115707397,0.4321295022964477,-0.0044249794445931,0.9995632767677308,0.5693257451057434,0.4334761500358581,0.0043730372563004,0.9994247555732728,0.5255333781242371,0.2736666202545166,-0.0344981960952281,0.9644050002098083,0.5723950862884521,0.2785674035549164,-0.0192042607814073,0.9480352997779846,0.5299386382102966,0.1233184412121772,0.0474310703575611,0.9617136120796204,0.5725917816162109,0.1294623166322708,0.0627616718411445,0.9258849620819092,0.5326976776123047,0.1029190346598625,0.0486605614423751,0.524823784828186,0.5696214437484741,0.1079019159078598,0.0645318105816841,0.5271631479263306,0.5343881249427795,0.0760177448391914,-0.0656002312898635,0.934748113155365,0.5748271346092224,0.0824023634195327,-0.0437543205916881,0.9078040719032288,hoyeon_stand_normal_01,4.242641,4.242641,7.615773,12.649111,14.56022,16.763055,18.027756,18.027756,17.088007,16.763055,14.866069,13.601471,11.18034,10.049876,8.062258,6.708204,6.403124,8.062258,11.045361,15.524175,18.973666,22.135944,25.298221,26.925824,26.683328,24.515301,8.246211,10.440307,12.369317,14.317821,16.278821,16.124515,17.029386,15.033296,14.0,12.0,10.0,7.0,5.09902,2.236068,2.0,5.0,7.071068,9.899495,12.727922,14.866069,17.029386,19.209373,19.416488,18.027756,16.643317,13.038405,10.440307,9.433981,8.602325,8.062258,9.219544,11.661904,13.453624,15.620499,18.027756,19.723083,21.470911,22.36068,22.36068,23.259407,22.36068,21.470911,18.35756,15.811388,12.041595,6.708204,5.0,9.219544,15.0,20.223748,24.515301,27.202941,17.088007,18.384776,18.35756,17.204651,15.0,11.313708,8.062258,5.0,4.242641,7.071068,10.0,12.165525,14.317821,15.524175,16.492423,17.464249,17.262677,17.117243,17.029386,16.0,15.132746,13.0,12.206556,11.401754,11.18034,11.18034,11.661904,13.416408,14.764823,15.652476,16.124515,15.264338,15.0,14.21267,12.041595,10.630146,8.485281,7.071068,5.0,3.162278,3.605551,6.403124,8.602325,12.529964,15.264338,17.492856,18.867962,20.808652,21.400935,19.209373,17.804494,14.21267,14.317821,16.278821,17.117243,17.029386,17.029386,15.033296,13.038405,11.18034,9.219544,6.708204,5.656854,5.385165,6.082763,8.0,9.055385,10.049876,11.045361,12.041595,12.0,12.0,12.041595,12.041595,11.0,9.055385,8.544004,9.219544
hoyeon_stand_normal_01,144,48,4.800262295081967,29.998360745314464,10,0.5504947900772095,0.6832526922225952,-0.2357109636068344,0.999971568584442,0.5455875992774963,0.6935439705848694,-0.2251426577568054,0.999931812286377,0.542662501335144,0.6930223107337952,-0.2251511961221695,0.9999350905418396,0.5399851202964783,0.6921977996826172,-0.2251731604337692,0.999939739704132,0.5533376932144165,0.6940197348594666,-0.2242389619350433,0.9999060034751892,0.5555450320243835,0.6941346526145935,-0.2242580950260162,0.9999001026153564,0.5579070448875427,0.6940205693244934,-0.2242631614208221,0.9999029636383056,0.5352427959442139,0.6834685802459717,-0.1445427536964416,0.9999171495437622,0.5601515173912048,0.6865233778953552,-0.1401954144239425,0.9998205304145812,0.5448763370513916,0.6700069308280945,-0.2042777091264724,0.9999631643295288,0.5556413531303406,0.6716319918632507,-0.2031102478504181,0.9999446272850036,0.5143021941184998,0.6075605750083923,-0.077861875295639,0.9999700784683228,0.5791922211647034,0.6046576499938965,-0.068038135766983,0.9999018907546996,0.5056483149528503,0.5062291622161865,-0.0211046338081359,0.984299659729004,0.5847600698471069,0.505784809589386,-0.0198160205036401,0.9513534903526306,0.50164395570755,0.4242860972881317,-0.0760179609060287,0.9671451449394226,0.5926339626312256,0.4185629189014435,-0.0799910575151443,0.903267502784729,0.4979752004146576,0.3960779905319214,-0.0940115302801132,0.9333479404449464,0.5972641110420227,0.3895690143108368,-0.0992587283253669,0.83852618932724,0.5027938485145569,0.3954628109931946,-0.1220932826399803,0.9387704133987428,0.5931215286254883,0.3883422017097473,-0.1289623975753784,0.8487428426742554,0.5056349635124207,0.4043440222740173,-0.088075079023838,0.9259004592895508,0.5899754166603088,0.3978050351142883,-0.0931932628154754,0.838511049747467,0.5278690457344055,0.4316624999046325,-0.0044648158363997,0.999567449092865,0.5693233609199524,0.4330751597881317,0.0044131483882665,0.999428927898407,0.5255659222602844,0.2728175520896911,-0.0336204133927822,0.9650204181671144,0.5724067687988281,0.2781815528869629,-0.0191053096204996,0.9488748908042908,0.5299381613731384,0.1233174055814743,0.0487475618720054,0.9625466465950012,0.5725812315940857,0.1294600665569305,0.0632563456892967,0.9272080659866332,0.5327088236808777,0.1029174104332923,0.0499402917921543,0.5290804505348206,0.5695646405220032,0.1078953295946121,0.0650188326835632,0.5307313203811646,0.5344098806381226,0.0756946951150894,-0.0642570704221725,0.9360060095787048,0.5747302770614624,0.082206979393959,-0.0430618450045585,0.9093778133392334,hoyeon_stand_normal_01,26.305893,26.683328,25.298221,21.540659,17.464249,14.317821,9.486833,6.0,4.472136,5.385165,8.062258,10.0,12.041595,15.033296,17.117243,19.104973,21.023796,22.0,21.0,21.023796,18.027756,15.0,11.045361,7.615773,7.615773,10.049876,12.041595,11.045361,10.198039,8.062258,6.0,4.472136,5.830952,7.28011,9.055385,11.045361,12.041595,13.152946,13.152946,14.317821,13.601471,13.601471,12.649111,10.77033,9.486833,6.324555,4.123106,4.123106,9.055385,13.038405,18.11077,23.0,12.165525,11.045361,9.848858,8.602325,9.486833,12.0,14.56022,16.552945,19.235384,20.248457,22.203603,22.803509,23.600847,23.600847,22.803509,21.633308,20.248457,15.652476,11.401754,7.071068,6.708204,11.18034,16.552945,21.954498,26.627054,29.832868,19.209373,20.808652,21.095023,19.235384,17.088007,13.601471,10.0,6.324555,5.385165,7.071068,9.848858,12.529964,14.422205,15.811388,16.401219,17.204651,17.492856,18.35756,16.552945,16.763055,15.297059,15.0,14.317821,13.416408,13.453624,13.038405,11.18034,13.892444,15.264338,16.124515,16.643317,16.124515,15.231546,13.928388,12.649111,11.401754,9.219544,7.28011,5.385165,4.242641,4.123106,6.082763,9.486833,11.7047,15.231546,17.088007,19.313208,20.880613,20.880613,19.646883,17.464249,15.297059,14.142136,15.132746,16.278821,16.492423,16.492423,15.524175,13.341664,11.18034,9.055385,7.0,5.385165,5.656854,6.708204,7.615773,8.544004,9.486833,10.77033,11.7047,12.083046,12.529964,12.529964,12.529964,11.18034,10.440307,10.049876,10.049876
hoyeon_stand_normal_01,147,49,4.900267759562841,29.998360745314464,10,0.5504831075668335,0.6832513213157654,-0.240333154797554,0.9999730587005616,0.5455825924873352,0.6935427784919739,-0.2297458797693252,0.9999344944953918,0.542655885219574,0.6930204629898071,-0.2297536879777908,0.999937891960144,0.53997802734375,0.6921948194503784,-0.2297752201557159,0.9999423027038574,0.5533368587493896,0.694023072719574,-0.2289583384990692,0.9999096393585204,0.555551290512085,0.6941418051719666,-0.2289792448282241,0.9999041557312012,0.5579302310943604,0.6940250992774963,-0.2289855480194091,0.9999064803123474,0.5352423191070557,0.6834613084793091,-0.1480013281106948,0.9999201893806458,0.5601778626441956,0.6865258812904358,-0.1441820412874221,0.9998257756233216,0.54483962059021,0.6699932217597961,-0.208388403058052,0.999965250492096,0.5556420087814331,0.6716238260269165,-0.207385167479515,0.9999473690986632,0.5142733454704285,0.6074873208999634,-0.079922504723072,0.9999706745147704,0.5791904330253601,0.6045401096343994,-0.0706154555082321,0.999902844429016,0.5056574940681458,0.5061390995979309,-0.022697813808918,0.9843988418579102,0.5847545862197876,0.5056321620941162,-0.0220381077378988,0.9516249299049376,0.5016992688179016,0.4242005050182342,-0.0785740911960601,0.9673184156417848,0.5925783514976501,0.418411910533905,-0.0823495462536811,0.9033222794532776,0.4980611205101013,0.3960501253604889,-0.096640720963478,0.9336585402488708,0.5972200036048889,0.389439046382904,-0.1016178131103515,0.8384285569190979,0.502822995185852,0.3954257071018219,-0.124910369515419,0.9390739798545836,0.5931034088134766,0.3881816864013672,-0.1311871111392974,0.8486716151237488,0.5056552290916443,0.4042908251285553,-0.0906821861863136,0.9262368679046632,0.5899562239646912,0.3976340293884277,-0.0954528078436851,0.8384290337562561,0.5278685688972473,0.431450754404068,-0.0044512497261166,0.9995673894882202,0.5693214535713196,0.4329648017883301,0.0043989806436002,0.9994271397590636,0.5255711674690247,0.2727140784263611,-0.0338342748582363,0.9651155471801758,0.5724022388458252,0.2778927683830261,-0.0193270221352577,0.9490082263946532,0.5299355983734131,0.123372197151184,0.0502466484904289,0.962803840637207,0.5725806355476379,0.1294623762369156,0.063701257109642,0.9275147914886476,0.5327088236808777,0.1029925867915153,0.05173309892416,0.5309614539146423,0.5695666670799255,0.1078847870230674,0.0655615478754043,0.5313448905944824,0.5344164371490479,0.0755380764603614,-0.0628518909215927,0.9364500045776368,0.5747156143188477,0.0818798020482063,-0.0430372878909111,0.9097723364830016,hoyeon_stand_normal_01,26.925824,26.925824,24.515301,21.213203,17.029386,13.038405,9.055385,5.385165,3.605551,5.09902,7.211103,10.0,12.806248,15.0,17.029386,19.209373,20.615528,20.808652,21.633308,20.248457,17.492856,14.422205,10.630146,6.708204,7.28011,10.816654,12.083046,11.7047,9.486833,8.544004,5.830952,5.0,6.082763,7.071068,9.486833,10.77033,12.649111,13.601471,13.601471,14.317821,13.341664,13.152946,12.165525,11.045361,9.055385,6.082763,3.605551,4.123106,8.602325,13.601471,18.601075,22.472205,14.317821,14.866069,14.317821,14.422205,13.601471,12.806248,11.313708,9.899495,7.81025,5.656854,3.605551,1.0,2.0,5.09902,7.28011,10.440307,13.601471,16.155494,18.384776,20.615528,21.540659,21.931712,21.023796,18.35756,16.124515,12.806248,3.162278,5.09902,6.403124,8.485281,10.816654,12.206556,13.416408,13.416408,13.416408,12.083046,10.77033,9.486833,7.615773,5.385165,3.162278,2.0,1.0,3.162278,5.0,6.403124,8.602325,10.29563,11.18034,12.083046,13.341664,13.038405,11.661904,12.806248,14.21267,15.0,15.0,14.422205,13.892444,12.529964,11.7047,9.486833,8.246211,6.324555,5.0,3.605551,5.0,6.708204,8.944272,12.529964,16.124515,17.888544,20.615528,21.931712,21.540659,20.248457,18.027756,15.811388,14.035669,16.124515,17.117243,17.262677,16.278821,15.524175,13.341664,11.18034,9.055385,7.0,5.385165,5.0,5.830952,6.324555,8.246211,8.246211,9.486833,10.440307,10.77033,11.7047,10.77033,10.77033,9.486833,9.219544,9.0,9.219544
hoyeon_stand_normal_01,150,50,5.000273224043716,29.998360745314464,10,0.5504927039146423,0.6832438111305237,-0.236605703830719,0.9999743700027466,0.5455912351608276,0.6935417652130127,-0.2259339690208435,0.9999368786811828,0.542660653591156,0.6930202841758728,-0.2259431928396225,0.9999403953552246,0.5399761199951172,0.6921952366828918,-0.2259657531976699,0.9999446272850036,0.5533786416053772,0.6940261125564575,-0.2251430451869964,0.9999128580093384,0.5556262731552124,0.6941471099853516,-0.2251621037721634,0.9999077320098876,0.5580393671989441,0.6940287947654724,-0.2251667529344558,0.9999096393585204,0.5352462530136108,0.6834627389907837,-0.1445090621709823,0.9999229311943054,0.5602479577064514,0.6865198612213135,-0.1406906992197036,0.9998305439949036,0.5448355078697205,0.6699832677841187,-0.2048328518867492,0.999967098236084,0.5556761622428894,0.6716121435165405,-0.2038166671991348,0.9999498128890992,0.5142659544944763,0.6074516773223877,-0.0772749558091163,0.9999712705612184,0.5791872143745422,0.6044275164604187,-0.0686227157711982,0.9999033808708192,0.5056661367416382,0.5061019062995911,-0.0216801855713129,0.9844208359718324,0.5847523808479309,0.5055669546127319,-0.0216067563742399,0.9515735507011414,0.5017332434654236,0.4242029190063476,-0.0781071484088897,0.967491626739502,0.5925275683403015,0.418396919965744,-0.0821660608053207,0.903013288974762,0.4980902969837188,0.3960592448711395,-0.0964444950222969,0.934066891670227,0.5971871614456177,0.3894180655479431,-0.1015781387686729,0.8379522562026978,0.5028327703475952,0.3954331874847412,-0.1245410367846489,0.9394569396972656,0.593087375164032,0.3881633579730987,-0.1309022605419159,0.8482043743133545,0.5056638121604919,0.4042933285236358,-0.0902011394500732,0.926673173904419,0.5899339914321899,0.3976194262504577,-0.0951834991574287,0.8379753828048706,0.5278657078742981,0.4313474893569946,-0.0044415327720344,0.9995708465576172,0.5693111419677734,0.4329237043857574,0.0043895225971937,0.9994285106658936,0.5255703330039978,0.2727274298667907,-0.0341079384088516,0.9653617739677428,0.5724264979362488,0.2778694331645965,-0.019596530124545,0.949365496635437,0.5299390554428101,0.123522013425827,0.0501715429127216,0.963189959526062,0.5725803375244141,0.1295310705900192,0.0635859742760658,0.9280935525894164,0.5327252149581909,0.1032529920339584,0.0516190752387046,0.5329897999763489,0.5695691704750061,0.1079996302723884,0.0654816254973411,0.5324176549911499,0.5344498157501221,0.0753901824355125,-0.0629130080342292,0.937027633190155,0.5747097134590149,0.0818438529968261,-0.0430857650935649,0.9104219675064088,hoyeon_stand_normal_01,26.925824,25.495098,24.186773,21.023796,17.0,13.0,8.062258,5.830952,4.123106,6.082763,9.848858,12.529964,14.764823,17.0,19.235384,21.023796,21.931712,23.769729,23.4094,22.135944,19.924859,16.155494,12.529964,9.219544,9.219544,12.165525,13.0,12.649111,10.440307,8.544004,6.708204,5.656854,5.385165,7.0,8.246211,9.219544,11.401754,12.369317,13.341664,13.152946,13.152946,12.041595,12.0,10.0,8.0,5.0,2.236068,3.162278,8.602325,13.601471,18.027756,22.36068,12.28011,12.087909,11.4135405,11.018989,11.336584,11.954131,12.327686,12.625382000000002,12.549412,12.0524865,12.020815,11.188779,12.780514,13.830024,16.0115265,16.4943935,16.897802,16.92228,15.983227,14.673523499999998,14.277484,16.3839175,18.90974,20.479004,21.538373,21.651663,10.8166535,12.173427,12.7496255,13.1486575,12.7947375,12.261295,10.971927,9.3748995,9.0207975,8.902439000000001,9.3011625,9.8913325,9.243085,9.3007355,8.847248,8.115773,8.32288,9.6290135,10.132169,11.1055515,11.543204,11.6670175,12.1769055,12.205456,12.166643,12.385165,18.35756,17.492856,15.264338,11.18034,9.486833,8.0,7.615773,9.433981,11.401754,12.806248,15.0,17.492856,18.35756,19.697716,19.924859,20.615528,20.396078,19.235384,17.117243,14.142136,10.198039,6.403124,5.09902,8.544004,11.18034,14.422205,6.708204,5.0,5.0,6.708204,10.0,13.453624,15.620499,17.029386,17.804494,19.416488,18.027756,17.0,17.0,14.317821,13.0,11.18034,10.29563,9.219544,9.219544,10.29563,12.083046,13.928388,15.811388,18.027756,19.697716,19.697716
hoyeon_stand_normal_01,153,51,5.10027868852459,29.998360745314464,10,0.550644040107727,0.6832451820373535,-0.2344376742839813,0.9999756217002868,0.5457536578178406,0.6935458779335022,-0.2239102721214294,0.9999391436576844,0.5428170561790466,0.693039059638977,-0.2239186018705368,0.9999427199363708,0.5400601625442505,0.6922255158424377,-0.2239418774843216,0.9999468326568604,0.5535500049591064,0.6940296292304993,-0.2229998856782913,0.9999159574508668,0.5558471083641052,0.6941516995429993,-0.223018079996109,0.99991112947464,0.5582554936408997,0.6940250396728516,-0.2230207473039627,0.999912679195404,0.5353114604949951,0.6834918260574341,-0.1431557387113571,0.9999254941940308,0.560316264629364,0.686505913734436,-0.1388432085514068,0.9998350143432616,0.5449522733688354,0.6699841618537903,-0.2029166221618652,0.9999687671661376,0.5558217763900757,0.6716140508651733,-0.2017452716827392,0.999951958656311,0.5142639875411987,0.6074249744415283,-0.0761822536587715,0.999971866607666,0.5791884660720825,0.6042861938476562,-0.0670275837182998,0.9999045133590698,0.5057079792022705,0.5060978531837463,-0.0207004565745592,0.9844667315483092,0.58478844165802,0.5055495500564575,-0.0198411755263805,0.9514315128326416,0.501737654209137,0.4242898523807525,-0.0766398981213569,0.9676215052604676,0.5925188660621643,0.4184019565582275,-0.079410932958126,0.902560532093048,0.4980906844139099,0.3961454927921295,-0.0949106737971305,0.9343565702438354,0.5971773862838745,0.3894180953502655,-0.0985711738467216,0.8372076153755188,0.5028350353240967,0.3954960107803345,-0.1229247376322746,0.939740002155304,0.5930845141410828,0.3881652355194092,-0.1277453601360321,0.8474716544151306,0.5056658983230591,0.4043417572975158,-0.0887312889099121,0.9269899725914,0.5899303555488586,0.3976210951805115,-0.0923801884055137,0.8372778296470642,0.5278605818748474,0.4313487112522125,-0.0044635361991822,0.9995747804641724,0.5692991614341736,0.4329191148281097,0.0044115092605352,0.9994323253631592,0.5255793929100037,0.2728020846843719,-0.0341777205467224,0.9653013348579408,0.5724232792854309,0.2780503034591675,-0.0195824764668941,0.9493091702461244,0.5299401879310608,0.1236466020345687,0.0486061088740825,0.963333785533905,0.5725799202919006,0.1299813240766525,0.0631236210465431,0.9281201958656312,0.5327386260032654,0.1033908128738403,0.0498141758143901,0.532940685749054,0.5695693492889404,0.1084423512220382,0.0649206116795539,0.5323835015296936,0.534487783908844,0.0753403604030609,-0.064448170363903,0.9371885061264038,0.5747005343437195,0.0818455144762992,-0.0432686954736709,0.910565972328186,hoyeon_stand_normal_01,27.45906,27.202941,25.495098,21.931712,17.691806,13.453624,9.219544,5.385165,4.472136,6.403124,8.944272,12.083046,14.866069,17.088007,19.313208,20.615528,22.472205,23.259407,23.259407,21.470911,19.235384,16.552945,11.7047,9.0,8.602325,11.661904,13.038405,11.401754,10.630146,8.602325,5.830952,5.09902,4.472136,6.403124,7.81025,10.0,11.401754,12.206556,12.806248,13.453624,12.727922,12.727922,11.313708,10.0,7.81025,5.656854,2.236068,4.472136,9.219544,14.317821,18.973666,23.769729,8.944272,9.219544,8.944272,9.0,10.440307,12.206556,14.142136,16.401219,19.416488,20.59126,21.470911,22.847319,22.847319,23.769729,23.769729,21.931712,19.697716,16.124515,12.206556,8.062258,6.324555,9.433981,15.297059,20.099751,25.0,28.071338,18.35756,19.416488,19.209373,18.439089,16.278821,13.601471,9.848858,6.082763,5.0,6.324555,8.062258,11.18034,12.369317,13.341664,14.56022,15.524175,16.492423,16.278821,15.132746,15.0,14.142136,11.7047,11.661904,10.630146,9.848858,10.049876,20.024984,19.026298,16.03122,12.0,9.219544,8.062258,7.81025,9.433981,12.083046,13.928388,16.155494,17.888544,19.723083,21.400935,22.671568,21.931712,22.803509,20.808652,18.027756,14.422205,10.630146,6.708204,5.385165,9.219544,13.038405,15.652476,7.615773,6.082763,5.385165,7.81025,11.18034,13.928388,17.088007,18.384776,19.697716,20.124612,20.124612,19.723083,18.027756,15.811388,14.21267,12.206556,10.816654,9.848858,10.198039,11.045361,12.041595,15.132746,17.262677,20.223748,22.090722,22.090722
hoyeon_stand_normal_01,156,52,5.200284153005464,29.998360745314464,10,0.5511379241943359,0.6832449436187744,-0.2306569665670395,0.9999765753746032,0.5462338924407959,0.6935648322105408,-0.2205111980438232,0.9999406337738036,0.5432865619659424,0.6930831074714661,-0.2205185145139694,0.9999443292617798,0.5404118299484253,0.6923147439956665,-0.2205434292554855,0.9999483823776244,0.5539119839668274,0.6940320730209351,-0.2192441672086715,0.9999179840087892,0.5562443137168884,0.6941419243812561,-0.219260960817337,0.999913454055786,0.5585485696792603,0.693989634513855,-0.2192639708518982,0.9999146461486816,0.5354344844818115,0.6835506558418274,-0.1411008387804031,0.9999271035194396,0.5603494048118591,0.6864551305770874,-0.1351706087589264,0.999837040901184,0.5454243421554565,0.6699864268302917,-0.1995817720890045,0.999970018863678,0.5561150312423706,0.6716073155403137,-0.1979366987943649,0.9999535083770752,0.5142767429351807,0.6074271202087402,-0.0746760517358779,0.99997216463089,0.579188346862793,0.604280412197113,-0.0639550015330314,0.9999053478240968,0.5058081746101379,0.5062000751495361,-0.0197275038808584,0.9844271540641784,0.5848578810691833,0.5055918097496033,-0.0165404807776212,0.9508877396583556,0.5017874240875244,0.4244076907634735,-0.0740920379757881,0.967473804950714,0.5925129055976868,0.4185763895511627,-0.0749682709574699,0.901602864265442,0.4981105923652649,0.3962110877037048,-0.0920750424265861,0.9341487884521484,0.5971776843070984,0.3895429074764251,-0.0939156115055084,0.8359015583992004,0.5028710961341858,0.3955330848693847,-0.1198801696300506,0.9395629167556764,0.5930900573730469,0.3882888257503509,-0.1230072602629661,0.846205472946167,0.505702555179596,0.4043919742107391,-0.0860941335558891,0.9267865419387816,0.5899326801300049,0.397780179977417,-0.0879471451044082,0.8360665440559387,0.527875542640686,0.4315067231655121,-0.0045192409306764,0.9995776414871216,0.5692965984344482,0.4330492317676544,0.0044673262163996,0.9994363188743592,0.5255827307701111,0.2729933261871338,-0.0344709903001785,0.9652608036994934,0.5724104046821594,0.2781572341918945,-0.0196568258106708,0.9494335651397704,0.5299081206321716,0.1239779889583587,0.047080747783184,0.9634377360343932,0.5726202130317688,0.130155012011528,0.0618798285722732,0.928325355052948,0.5327180624008179,0.103582963347435,0.0482066236436367,0.532566249370575,0.5696381330490112,0.1084575280547142,0.0635712295770645,0.5323638916015625,0.5344792604446411,0.0753323435783386,-0.0656606256961822,0.9372180700302124,0.5747575163841248,0.0818432420492172,-0.0440829880535602,0.91066712141037,hoyeon_stand_normal_01,3.162278,3.605551,7.071068,11.045361,13.152946,15.297059,16.278821,15.297059,15.297059,14.317821,13.152946,11.18034,10.049876,8.062258,6.324555,5.0,5.385165,7.0,10.440307,13.928388,17.0,20.124612,21.470911,22.847319,22.847319,21.18962,6.324555,8.544004,10.77033,12.649111,13.601471,14.317821,13.341664,13.152946,11.18034,10.049876,8.062258,6.082763,4.123106,2.828427,2.236068,4.242641,6.403124,8.602325,10.816654,12.806248,14.21267,16.278821,15.556349,14.866069,13.453624,10.630146,13.341664,14.317821,13.892444,14.422205,13.453624,12.727922,10.630146,9.219544,7.211103,5.0,3.162278,1.0,2.236068,4.472136,8.062258,11.18034,14.317821,17.0,19.235384,21.470911,21.954498,21.954498,21.633308,19.416488,16.401219,13.453624,3.605551,5.09902,6.324555,8.944272,10.816654,12.041595,12.727922,13.453624,13.453624,12.806248,11.401754,10.0,7.81025,6.403124,5.0,2.828427,1.0,1.0,3.605551,5.0,6.708204,8.944272,9.848858,11.401754,12.165525,13.0,12.0370085,13.170832,14.80744,15.2643025,15.195122,15.195122,14.23377,12.5827625,11.5642035,10.172753,8.472135999999999,6.203659,4.611063,3.4757665,4.88998,7.0725105,10.199942,12.8928625,16.03856,18.6136915,20.709937,21.342057,21.0271245,19.676715,17.528571,14.9235285,13.229176,14.561995,15.658884,15.8922455,15.6589105,14.3466055,12.560554,10.514599,7.877553499999999,6.363961,5.1029345,5.1925825,5.5210095,6.555664,8.062258,9.1891265,9.924429,10.332756,10.793492,11.086042,11.086042,10.4442935,9.924429,9.1891265,8.7328775,9.2169905
hoyeon_stand_normal_01,159,53,5.300289617486339,29.998360745314464,10,0.5516260266304016,0.6832215189933777,-0.23158760368824,0.999977707862854,0.5466983318328857,0.6935678124427795,-0.2213146984577179,0.999942660331726,0.5437653064727783,0.6930961012840271,-0.2213227897882461,0.999946355819702,0.5408190488815308,0.6923571825027466,-0.2213484495878219,0.9999502301216124,0.5542277097702026,0.6940295696258545,-0.220236450433731,0.9999208450317384,0.5565707683563232,0.6941030621528625,-0.2202539891004562,0.999916672706604,0.558768093585968,0.6939185261726379,-0.2202574908733368,0.9999175667762756,0.5356159806251526,0.6835736632347107,-0.1412217020988464,0.9999292492866516,0.5603759288787842,0.6863577365875244,-0.1361187398433685,0.9998412728309632,0.5459268093109131,0.6699668765068054,-0.2002851814031601,0.9999714493751526,0.5564051270484924,0.6715511679649353,-0.198873370885849,0.9999553561210632,0.5143187642097473,0.6074531674385071,-0.0748419612646102,0.9999725818634032,0.579212486743927,0.6042761206626892,-0.0641991049051284,0.999907374382019,0.5058707594871521,0.5062359571456909,-0.0197748411446809,0.9846163988113404,0.5848913788795471,0.5055842399597168,-0.015831135213375,0.9511802792549132,0.5017892718315125,0.4245494604110718,-0.0740644708275795,0.9678547382354736,0.5925257802009583,0.418624073266983,-0.0746034756302833,0.90289044380188,0.4981001913547516,0.396289050579071,-0.0919278934597969,0.9347602725028992,0.5972111225128174,0.3896099925041199,-0.0935226529836654,0.8376862406730652,0.5028735995292664,0.3955867290496826,-0.1198654919862747,0.940141499042511,0.5931305289268494,0.3883661329746246,-0.1226504370570182,0.84786456823349,0.5057047605514526,0.404444009065628,-0.086092434823513,0.9274647831916808,0.5899759531021118,0.3978931903839111,-0.0875653475522995,0.8377407193183899,0.5278714299201965,0.431530237197876,-0.0047526434063911,0.9995814561843872,0.5692909359931946,0.4330488741397857,0.0046988069079816,0.9994436502456664,0.5255857706069946,0.2730467915534973,-0.0344500578939914,0.9654375910758972,0.5724102854728699,0.2782536447048187,-0.0194513760507106,0.949984073638916,0.5298866033554077,0.1241465806961059,0.0467135310173034,0.9637421369552612,0.5726582407951355,0.1303144842386245,0.0618053935468196,0.9292106628417968,0.5327004194259644,0.1036497205495834,0.0477808080613613,0.5345885157585144,0.5696671605110168,0.1085844412446022,0.0634607747197151,0.5352156758308411,0.5344781875610352,0.0753314867615699,-0.06587415933609,0.9377520680427552,0.5748032927513123,0.0818127989768982,-0.0441032387316226,0.9116411209106444,hoyeon_stand_normal_01,3.605551,5.385165,7.81025,10.630146,12.806248,14.21267,15.0,15.0,15.0,13.601471,12.206556,10.630146,9.219544,7.81025,6.708204,5.09902,5.385165,7.071068,9.433981,12.083046,15.231546,18.384776,20.615528,21.023796,21.470911,18.867962,6.0,8.0,10.0,11.045361,12.041595,12.165525,12.165525,11.401754,10.198039,8.246211,6.324555,5.09902,3.0,1.414214,2.0,4.123106,5.385165,8.062258,9.848858,12.083046,13.928388,14.866069,15.524175,14.317821,12.165525,10.198039,15.620499,15.264338,15.652476,15.231546,14.56022,12.369317,11.18034,9.055385,7.071068,5.0,3.0,2.236068,5.09902,9.055385,12.0,15.0,18.027756,20.024984,22.090722,22.090722,22.090722,21.213203,19.416488,16.492423,12.649111,4.0,4.242641,6.708204,9.219544,11.045361,13.0,14.035669,14.142136,14.142136,13.152946,11.401754,10.198039,8.246211,6.082763,4.123106,2.236068,1.0,2.0,4.0,6.082763,8.246211,9.219544,11.401754,13.0,13.892444,14.422205,14.405694,17.204651,15.0,13.038405,10.29563,8.246211,8.0,8.246211,9.848858,11.18034,13.416408,15.231546,16.763055,18.439089,19.235384,19.0,19.026298,19.104973,17.262677,15.297059,11.18034,9.0,5.830952,7.615773,10.049876,13.0,16.03122,7.81025,5.830952,5.09902,6.708204,8.602325,11.313708,13.453624,14.866069,16.278821,17.029386,16.401219,15.811388,15.264338,13.038405,11.661904,10.29563,8.602325,8.485281,9.219544,10.29563,11.18034,13.0,15.231546,17.464249,19.235384,18.867962
hoyeon_stand_normal_01,162,54,5.400295081967213,29.998360745314464,10,0.5519121885299683,0.6832364201545715,-0.2320254445075988,0.9999785423278807,0.5470368266105652,0.6936041712760925,-0.2217574268579483,0.9999438524246216,0.5441184639930725,0.6931495666503906,-0.2217644155025482,0.999947726726532,0.5411534905433655,0.6924652457237244,-0.2217887938022613,0.999951422214508,0.5544702410697937,0.6940345168113708,-0.2206414639949798,0.999922513961792,0.5568169951438904,0.6940938234329224,-0.2206600606441497,0.9999187588691713,0.5589457154273987,0.6938839554786682,-0.2206633687019348,0.9999194145202636,0.5358549952507019,0.6836629509925842,-0.1415949463844299,0.999930500984192,0.5604446530342102,0.6862728595733643,-0.1362967640161514,0.9998437166213988,0.5462246537208557,0.6699718236923218,-0.2006878703832626,0.9999725222587584,0.5565982460975647,0.6715447902679443,-0.1992374956607818,0.9999566674232484,0.5144142508506775,0.6074650287628174,-0.0746261700987815,0.999972939491272,0.5792463421821594,0.6042465567588806,-0.0639767572283744,0.999908447265625,0.5059064626693726,0.5062922835350037,-0.0184201300144195,0.9848158955574036,0.5848965048789978,0.5055829286575317,-0.0142735289409756,0.9512189626693726,0.5018236041069031,0.4249599874019623,-0.0719159469008445,0.9682116508483888,0.5925371050834656,0.4186826646327972,-0.0723753198981285,0.9037989377975464,0.4981016218662262,0.3965805470943451,-0.0892882570624351,0.9352183938026428,0.5972259640693665,0.3897121250629425,-0.0911396071314811,0.8389339447021484,0.502882182598114,0.3958522975444793,-0.1175671815872192,0.9405778646469116,0.5931581854820251,0.3885164558887481,-0.1202809140086174,0.8489903211593628,0.505713701248169,0.4046649038791656,-0.0840467512607574,0.9279856085777284,0.5900171399116516,0.3980397582054138,-0.0852920934557914,0.8388363718986511,0.5278589129447937,0.4315554499626159,-0.0047510713338851,0.9995837211608888,0.5692885518074036,0.4330418109893799,0.0046969642862677,0.9994493126869202,0.5256046652793884,0.2730157971382141,-0.0340623371303081,0.9657243490219116,0.5724138021469116,0.2781971096992492,-0.0195025857537984,0.9505160450935364,0.5298867225646973,0.1240271925926208,0.0467655323445797,0.9641533493995668,0.5726683139801025,0.130266934633255,0.0616731084883213,0.9302237629890442,0.5327015519142151,0.1035358235239982,0.0477974973618984,0.5367153286933899,0.5696671009063721,0.1084917485713958,0.0632810294628143,0.5378933548927307,0.5345397591590881,0.0751996710896492,-0.0658510997891426,0.9384741187095642,0.5747889280319214,0.081567496061325,-0.0443597473204135,0.9128531217575072,hoyeon_stand_normal_01,25.0,24.083189,22.36068,18.439089,14.56022,10.440307,6.082763,3.162278,4.123106,7.071068,9.219544,11.401754,13.601471,16.492423,17.464249,19.416488,20.396078,21.377558,20.223748,19.235384,17.262677,14.317821,10.77033,8.485281,9.486833,12.0,12.041595,12.0,10.0,9.0,7.071068,5.830952,5.830952,6.324555,8.062258,10.049876,11.045361,12.041595,12.165525,12.165525,12.165525,11.401754,10.440307,9.486833,7.615773,5.09902,2.236068,4.123106,7.615773,13.0,17.720045,21.377558,15.556349,16.401219,15.811388,14.764823,14.317821,13.0,11.7047,9.219544,7.071068,5.09902,3.0,1.0,2.236068,5.385165,8.544004,11.401754,14.56022,17.088007,19.313208,20.615528,21.931712,21.023796,20.124612,17.492856,15.264338,11.401754,4.242641,3.0,4.472136,7.071068,9.433981,11.18034,11.7047,12.369317,12.369317,11.18034,10.049876,9.055385,7.0,5.0,3.0,2.0,1.0,2.236068,5.09902,7.28011,8.544004,10.77033,13.0,14.317821,15.264338,15.811388,12.727922,14.142136,15.556349,15.556349,14.866069,14.866069,13.601471,12.206556,10.816654,9.433981,7.211103,5.656854,5.0,5.09902,6.082763,8.544004,12.083046,14.317821,16.552945,18.384776,20.248457,21.18962,20.615528,19.416488,17.262677,14.317821,12.369317,13.601471,14.56022,14.317821,14.317821,13.341664,12.369317,10.440307,7.615773,6.708204,5.656854,5.385165,6.082763,7.0,7.0,9.055385,9.055385,10.0,10.0,10.0,10.049876,10.0,10.049876,10.198039,9.486833,10.29563
hoyeon_stand_normal_01,165,55,5.500300546448087,29.998360745314464,10,0.5521678328514099,0.6833415627479553,-0.2317068874835968,0.9999794363975524,0.5473877191543579,0.6936725974082947,-0.2214658558368683,0.9999454021453856,0.5444835424423218,0.6932237148284912,-0.2214715927839279,0.999949276447296,0.5415125489234924,0.6925945281982422,-0.2214950025081634,0.9999529123306274,0.554703950881958,0.6940609812736511,-0.2202599495649337,0.9999247789382936,0.5570388436317444,0.6940945386886597,-0.2202788442373275,0.9999213218688964,0.5591086149215698,0.6938706636428833,-0.2202813327312469,0.9999216794967652,0.5361279845237732,0.683752179145813,-0.1416149884462356,0.9999321103096008,0.5605539679527283,0.686170756816864,-0.1359776556491851,0.9998468160629272,0.5465232729911804,0.6700387597084045,-0.2005238831043243,0.9999736547470092,0.5567900538444519,0.6715567708015442,-0.1989690959453582,0.999958038330078,0.5145501494407654,0.6074739694595337,-0.0745533928275108,0.9999732971191406,0.5793291330337524,0.6041345596313477,-0.0638677030801773,0.9999098777770996,0.5059216022491455,0.506400465965271,-0.018063124269247,0.98496812582016,0.5849084258079529,0.5055816173553467,-0.0140759376809,0.9510592818260192,0.5018243789672852,0.4253077507019043,-0.0710674002766609,0.9684018492698668,0.5925807356834412,0.4186940789222717,-0.0719866454601287,0.9038966298103333,0.4980950355529785,0.3968430459499359,-0.0883189514279365,0.9354506134986876,0.5972535610198975,0.3897465169429779,-0.0907171964645385,0.839043140411377,0.5028846859931946,0.3960437774658203,-0.1165984496474266,0.940806210041046,0.5932445526123047,0.3885672092437744,-0.120063230395317,0.8490543365478516,0.5057160258293152,0.4048189520835876,-0.0831820666790008,0.9282501935958862,0.5901343822479248,0.3980864584445953,-0.0850064307451248,0.8388714790344238,0.5278502106666565,0.4315485656261444,-0.0047510215081274,0.9995874166488647,0.5692871809005737,0.4330349266529083,0.0046968585811555,0.999456524848938,0.5256044864654541,0.2729968130588531,-0.0332594737410545,0.9659345746040344,0.5724141001701355,0.2782166302204132,-0.0192816592752933,0.951099157333374,0.5299192070960999,0.1238713562488555,0.046281773597002,0.9646013379096984,0.572675347328186,0.1301243305206298,0.0613912008702755,0.931220531463623,0.5327469110488892,0.1032658219337463,0.0471010990440845,0.5396906137466431,0.569666862487793,0.1081556230783462,0.0628575459122657,0.5407569408416748,0.5345802903175354,0.0751822590827941,-0.0667941868305206,0.939232051372528,0.5748113393783569,0.0814508125185966,-0.0446404442191123,0.9140509366989136,hoyeon_stand_normal_01,14.2153745,14.8492425,15.147815,15.813427999999998,15.2678805,14.1509715,12.6899685,11.679245,11.6368545,11.4317895,12.1589105,11.531829,11.403124,11.7426405,12.410212,12.513878,13.906116999999998,15.996507,17.840480499999998,19.5424085,21.0479905,21.533608,21.319558,20.5219795,20.9077835,20.847151,11.0083985,11.893873,12.816544,13.2979005,12.6535295,12.2141245,11.5605515,11.4935125,10.7989655,10.205868,9.7087915,9.7132755,8.505645999999999,8.200877,8.401860000000001,8.920698999999999,9.196431,10.307160499999998,11.1900395,10.969055,11.192388,12.245549,14.0803615,15.5243185,16.8098715,16.51969,16.492423,15.811388,15.652476,14.764823,13.601471,12.206556,10.630146,8.485281,7.071068,5.0,3.162278,1.414214,3.0,5.385165,8.544004,11.18034,14.317821,17.464249,19.697716,21.540659,21.540659,21.18962,21.18962,18.681542,15.524175,12.165525,4.242641,4.123106,5.385165,7.071068,9.433981,10.77033,12.369317,12.369317,12.165525,12.165525,11.045361,9.0,8.0,6.0,4.0,2.0,1.0,2.236068,5.09902,7.071068,9.055385,11.045361,13.038405,15.0,16.03122,16.124515,19.313208,16.552945,13.416408,11.661904,10.630146,10.29563,11.401754,13.152946,14.317821,16.763055,18.027756,19.697716,20.59126,20.808652,21.931712,21.931712,20.615528,18.601075,15.811388,12.806248,8.485281,6.082763,7.615773,11.401754,14.866069,17.691806,9.219544,8.062258,8.246211,10.0,13.341664,14.56022,16.763055,18.027756,19.646883,19.646883,19.416488,18.248288,17.262677,15.132746,14.142136,12.165525,11.18034,11.7047,12.083046,13.892444,15.264338,17.204651,18.867962,20.59126,21.470911,21.931712
hoyeon_stand_normal_01,168,56,5.6003060109289615,29.998360745314464,10,0.5524070262908936,0.683479905128479,-0.2349423766136169,0.9999802112579346,0.5477293133735657,0.6937681436538696,-0.2247751057147979,0.9999467134475708,0.5448330044746399,0.6933196187019348,-0.2247783541679382,0.999950647354126,0.541851282119751,0.6927529573440552,-0.2247988581657409,0.9999541640281676,0.5549501180648804,0.6941191554069519,-0.2234192937612533,0.999926745891571,0.557273268699646,0.6941054463386536,-0.2234399914741516,0.9999236464500428,0.5592820048332214,0.6938713788986206,-0.2234425246715545,0.9999237060546876,0.5363746285438538,0.6838865280151367,-0.1452677696943283,0.9999335408210754,0.5606992840766907,0.6861350536346436,-0.138894185423851,0.9998497366905212,0.5468409061431885,0.6701638698577881,-0.203906238079071,0.9999746680259703,0.5569811463356018,0.6715964674949646,-0.2021525502204895,0.9999593496322632,0.5146639347076416,0.6075009107589722,-0.0777534544467926,0.9999735951423644,0.5794874429702759,0.604044497013092,-0.0657082945108413,0.9999110102653505,0.505927324295044,0.5065469145774841,-0.0197072215378284,0.9851778745651244,0.58498215675354,0.5055751204490662,-0.0144337331876158,0.9512121081352234,0.5018258094787598,0.4256199598312378,-0.0714516565203666,0.9687139987945556,0.5926750898361206,0.4186924993991852,-0.0722713097929954,0.9046412706375122,0.4980947077274322,0.3969994783401489,-0.0884493216872215,0.9358975291252136,0.5973816514015198,0.3897489905357361,-0.0912025421857833,0.840035617351532,0.5028997659683228,0.3961493670940399,-0.1166736409068107,0.9412245154380798,0.5934126973152161,0.3885723948478699,-0.1205911859869957,0.8499436974525452,0.5057214498519897,0.4049417674541473,-0.0835389047861099,0.9287310242652892,0.5903136134147644,0.3980923891067505,-0.0853408426046371,0.8396962881088257,0.5278221368789673,0.431549608707428,-0.0048321187496185,0.9995874166488647,0.56928551197052,0.4330498278141022,0.0047754063270986,0.999458909034729,0.5256121158599854,0.2730229198932647,-0.0328676365315914,0.9663215279579164,0.5725051760673523,0.2787754535675049,-0.0187656786292791,0.9518788456916808,0.5298756957054138,0.1243094950914383,0.0464017763733863,0.9651049971580504,0.572740912437439,0.1304264515638351,0.0616146586835384,0.932381510734558,0.5326731204986572,0.1035340279340744,0.0471611805260181,0.5417771935462952,0.5696834325790405,0.1085258424282074,0.0630452781915664,0.5444186925888062,0.5345955491065979,0.0753650292754173,-0.066741943359375,0.9400222897529602,0.5748412013053894,0.0814623162150383,-0.0444309115409851,0.9154096841812134,hoyeon_stand_normal_01,24.596748,23.4094,21.587033,18.248288,15.132746,11.18034,7.615773,5.656854,6.324555,8.062258,10.0,12.0,13.0,15.0,16.0,18.0,19.0,21.023796,20.099751,20.223748,19.235384,16.124515,14.0,12.369317,11.661904,14.142136,14.866069,14.56022,13.152946,11.18034,9.219544,7.615773,7.211103,7.211103,8.944272,9.486833,10.77033,12.083046,13.0,13.416408,13.038405,12.806248,12.041595,11.313708,9.219544,6.403124,5.09902,5.385165,8.485281,13.453624,17.691806,21.260292,15.132746,15.033296,15.033296,13.341664,13.928388,13.601471,14.142136,15.811388,17.0,17.888544,20.124612,20.124612,21.470911,21.931712,21.470911,20.59126,19.723083,16.643317,13.038405,8.062258,3.162278,4.123106,9.486833,14.866069,19.924859,24.738634,17.204651,17.691806,17.804494,18.027756,15.231546,13.341664,9.0,5.385165,4.123106,5.385165,7.81025,9.848858,12.649111,13.341664,15.132746,17.117243,17.029386,17.029386,17.0,17.029386,16.124515,14.317821,13.0,11.661904,12.041595,12.529964,15.0,17.0,17.0,17.0,17.029386,16.124515,14.317821,13.341664,10.77033,8.544004,7.28011,5.09902,4.0,4.242641,5.830952,8.544004,11.7047,13.601471,17.088007,18.384776,20.124612,20.59126,20.248457,18.027756,16.401219,12.806248,12.529964,14.317821,14.764823,14.764823,14.764823,13.0,11.7047,10.440307,9.055385,8.0,7.28011,8.062258,7.81025,8.485281,9.219544,9.899495,10.630146,10.630146,11.313708,11.313708,10.630146,10.630146,10.0,10.29563,11.401754,12.165525
hoyeon_stand_normal_01,171,57,5.700311475409836,29.998360745314464,10,0.5524450540542603,0.6835464835166931,-0.2349296361207962,0.9999808073043824,0.5478100180625916,0.6938233971595764,-0.2247231155633926,0.9999476671218872,0.5449144840240479,0.693384051322937,-0.2247263938188552,0.9999517798423768,0.5419368743896484,0.6928454637527466,-0.2247470766305923,0.9999551773071288,0.5550220012664795,0.6941519379615784,-0.2234120517969131,0.999928057193756,0.5573529005050659,0.694113552570343,-0.2234327346086502,0.9999253153800964,0.5593637824058533,0.6938710808753967,-0.22343510389328,0.999925136566162,0.536506712436676,0.6839657425880432,-0.1448677331209182,0.9999346733093262,0.5608120560646057,0.6861065626144409,-0.1388977468013763,0.9998520016670228,0.5468913316726685,0.6702105402946472,-0.2038297802209854,0.9999754428863524,0.5570445656776428,0.6716108322143555,-0.2021407634019851,0.9999602437019348,0.5148323774337769,0.6075869798660278,-0.0766859203577041,0.999974012374878,0.5795621871948242,0.6040099263191223,-0.065677136182785,0.9999117851257324,0.5059348344802856,0.5069054365158081,-0.0178961437195539,0.9853364825248718,0.585069477558136,0.5055794715881348,-0.0142588652670383,0.9514262080192566,0.5018253922462463,0.4262353479862213,-0.0703385546803474,0.969077467918396,0.5927139520645142,0.4187363088130951,-0.071814976632595,0.905495822429657,0.4980785548686981,0.3973635137081146,-0.0873937755823135,0.9364100694656372,0.5974348783493042,0.3898274898529053,-0.0905589535832405,0.8411615490913391,0.5029095411300659,0.3964979350566864,-0.1158570721745491,0.94171541929245,0.5934399962425232,0.3886483311653137,-0.1199529618024826,0.8509813547134399,0.5057289600372314,0.4052676856517792,-0.0825313255190849,0.9292922616004944,0.5903393626213074,0.3981845080852508,-0.0848302543163299,0.8407068848609924,0.5278192162513733,0.4317542910575866,-0.0048129437491297,0.9995896220207214,0.5692840814590454,0.4331091940402984,0.0047559230588376,0.9994634985923768,0.5256090760231018,0.2731821238994598,-0.0328046046197414,0.9662875533103944,0.5725534558296204,0.2792216539382934,-0.0187738798558712,0.9517768025398254,0.5298600792884827,0.1243082284927368,0.0455921851098537,0.9651301503181458,0.5727574229240417,0.1304504722356796,0.0608639754354953,0.9323769211769104,0.5326648354530334,0.103548914194107,0.0462160073220729,0.5410916209220886,0.56968754529953,0.1085851341485977,0.0621596686542034,0.5441012978553772,0.5345484614372253,0.0753458887338638,-0.0682219415903091,0.9400917291641236,0.5748621821403503,0.0814558938145637,-0.0455764383077621,0.9155184626579284,hoyeon_stand_normal_01,22.803509,21.954498,21.023796,17.088007,14.866069,10.77033,8.062258,6.403124,6.324555,8.0,9.0,11.045361,12.165525,14.142136,15.297059,17.262677,19.235384,20.099751,20.024984,20.0,19.0,17.0,15.033296,12.369317,11.661904,12.727922,13.892444,14.317821,13.0,11.7047,9.486833,7.615773,6.403124,6.708204,7.28011,9.219544,10.198039,11.18034,12.369317,12.649111,13.0,12.083046,11.661904,10.816654,9.433981,7.211103,5.09902,4.472136,7.81025,12.206556,15.811388,19.209373,13.453624,13.453624,13.601471,13.416408,13.0,12.649111,11.401754,10.198039,8.062258,7.071068,5.0,3.162278,2.236068,3.162278,6.403124,9.219544,12.727922,14.866069,17.691806,19.849433,21.260292,22.022716,22.203603,20.248457,18.35756,14.317821,3.162278,3.605551,4.123106,6.0,8.246211,9.486833,11.18034,11.661904,11.661904,11.401754,10.630146,9.219544,7.071068,5.656854,3.605551,2.236068,1.414214,3.0,5.09902,7.28011,9.486833,11.7047,12.649111,13.928388,14.317821,14.764823,13.601471,14.56022,15.811388,16.155494,16.155494,14.764823,13.892444,12.206556,10.0,7.81025,6.403124,3.605551,2.236068,2.828427,4.472136,7.615773,10.77033,13.928388,16.552945,17.888544,19.723083,20.248457,19.416488,18.601075,15.620499,12.041595,13.0,14.317821,14.317821,15.231546,14.317821,13.416408,11.661904,10.0,8.485281,7.211103,7.28011,7.071068,8.062258,8.062258,9.219544,9.219544,10.198039,10.198039,10.198039,10.198039,9.219544,9.486833,8.944272,9.219544,9.219544,11.18034
hoyeon_stand_normal_01,174,58,5.800316939890711,29.998360745314464,10,0.5525791645050049,0.6832764148712158,-0.2413067668676376,0.9999816417694092,0.547876238822937,0.6937590837478638,-0.2312990128993988,0.9999493956565856,0.5449790954589844,0.693335771560669,-0.2313004583120346,0.9999535083770752,0.5419817566871643,0.6927903890609741,-0.2313227504491806,0.9999567866325378,0.5551446080207825,0.6940674781799316,-0.230104461312294,0.9999304413795472,0.5575170516967773,0.6939526200294495,-0.2301244586706161,0.9999279379844666,0.559484601020813,0.6936736106872559,-0.2301240712404251,0.9999275207519532,0.5365373492240906,0.683905303478241,-0.1507748216390609,0.999936819076538,0.5608827471733093,0.6859257817268372,-0.1453293710947036,0.9998565316200256,0.5469828844070435,0.6699146628379822,-0.2097151279449463,0.9999765157699584,0.5571893453598022,0.6712881326675415,-0.2082100510597229,0.9999617338180542,0.5149735808372498,0.6076062321662903,-0.0800859853625297,0.9999746680259703,0.5796102285385132,0.6039876341819763,-0.0696694329380989,0.9999136924743652,0.505936861038208,0.5070765614509583,-0.0189041029661893,0.9856151342391968,0.5851661562919617,0.5055800676345825,-0.0166158229112625,0.9519749879837036,0.5017883777618408,0.4265477657318115,-0.0709883049130439,0.9696632027626038,0.5927860140800476,0.418757826089859,-0.0743363946676254,0.9068312644958496,0.4980441033840179,0.3976078033447265,-0.0878239423036575,0.9373156428337096,0.597538948059082,0.3898438215255737,-0.0928786769509315,0.8429223895072937,0.5029124617576599,0.3967849016189575,-0.1166921108961105,0.9425696730613708,0.5935177206993103,0.3886657953262329,-0.1223840713500976,0.8526135683059692,0.5057308673858643,0.4055377244949341,-0.083254687488079,0.9302830100059508,0.5904099345207214,0.3982177078723907,-0.0872978270053863,0.8423086404800415,0.5278197526931763,0.4320984184741974,-0.0048039993271231,0.9995937347412108,0.5692833065986633,0.4333202242851257,0.0047461134381592,0.9994688630104064,0.5256053805351257,0.2732936441898346,-0.0328186638653278,0.9661168456077576,0.572559118270874,0.2795418202877044,-0.0187807995826005,0.9516524076461792,0.5298599004745483,0.1242602914571762,0.0452825911343097,0.9650620818138124,0.5727598071098328,0.1304970830678939,0.0606791600584983,0.9321992993354796,0.5326658487319946,0.1035109907388687,0.0459177978336811,0.5406799912452698,0.5696882605552673,0.1086708083748817,0.0619625635445117,0.543660581111908,0.5345419645309448,0.0753379091620445,-0.0687117800116539,0.940022349357605,0.5748655796051025,0.0814598575234413,-0.0459122397005558,0.9153822660446168,hoyeon_stand_normal_01,22.203603,21.954498,19.697716,17.088007,13.928388,11.18034,8.602325,7.211103,7.28011,9.055385,10.0,12.041595,13.038405,15.132746,17.117243,18.11077,20.099751,21.023796,22.0,22.022716,21.095023,19.026298,16.0,14.142136,13.0,14.422205,13.0,12.369317,12.165525,10.049876,8.062258,6.324555,5.0,4.472136,6.324555,8.062258,9.219544,10.198039,10.440307,10.77033,11.18034,11.18034,10.0,9.219544,7.81025,5.830952,4.123106,5.0,7.211103,11.661904,15.811388,19.104973,16.8962205,16.907811000000002,15.3942565,12.903124,11.01595,11.000165,11.543478,13.247305,15.811388,17.888544,19.679998,22.157589,23.2659815,25.269496,25.269496,25.740315,24.053789,22.6113685,18.0728955,13.152946,7.531129,2.0,7.671184,13.952237,19.807764,25.179639,15.537863000000002,16.848537,17.116619999999998,17.029386,15.921304,13.284677,9.96357,7.1055515,4.0388435000000005,4.236068,6.555664,8.881774,10.4140925,12.1860405,13.9640565,14.400246,15.5789055,14.8990595,15.5789055,14.703237,13.601471,12.628943,12.2857795,12.4496405,14.28011,15.6286305,15.033296,16.03122,17.029386,17.029386,16.0,16.03122,14.035669,12.165525,10.198039,8.246211,6.082763,4.0,3.162278,3.162278,6.082763,9.0,12.0,15.0,17.0,19.026298,21.095023,21.213203,21.377558,19.416488,17.464249,13.601471,12.083046,13.416408,13.416408,13.416408,12.529964,11.18034,9.433981,7.81025,6.403124,5.09902,6.0,6.324555,6.708204,8.062258,8.062258,9.433981,9.433981,9.433981,9.433981,9.433981,8.602325,8.602325,8.485281,8.062258,9.486833,11.045361
hoyeon_stand_normal_01,177,59,5.900322404371584,29.998360745314464,10,0.5525922179222107,0.6830110549926758,-0.2405801266431808,0.9999820590019226,0.5478655695915222,0.6936681866645813,-0.2304933369159698,0.9999500513076782,0.5449689626693726,0.6932487487792969,-0.2304960787296295,0.9999542236328124,0.5419734716415405,0.6926490068435669,-0.2305185049772262,0.9999573826789856,0.5551472306251526,0.6939835548400879,-0.2292722761631012,0.9999314546585084,0.5575289130210876,0.6938294172286987,-0.2292926907539367,0.9999291896820068,0.5595067143440247,0.693516194820404,-0.229293018579483,0.9999285340309144,0.5365452170372009,0.6836838722229004,-0.1501137614250183,0.9999374747276306,0.5609082579612732,0.685761034488678,-0.1445341408252716,0.9998582005500792,0.5469961166381836,0.6696505546569824,-0.2090993970632553,0.9999771118164062,0.5572383403778076,0.6710414290428162,-0.2075303643941879,0.9999625086784364,0.5151129364967346,0.6076037287712097,-0.0797724798321724,0.9999748468399048,0.5796588063240051,0.6039804816246033,-0.0694377496838569,0.9999147057533264,0.5059481263160706,0.5072497129440308,-0.0181002933531999,0.9856093525886536,0.5851672887802124,0.5055800080299377,-0.0166259333491325,0.9520487785339355,0.5018025636672974,0.4266850352287292,-0.070181593298912,0.969656467437744,0.5927953124046326,0.4188161790370941,-0.0743626728653907,0.9074742794036864,0.4980679452419281,0.3977849185466766,-0.0871391519904136,0.937296450138092,0.5975443124771118,0.3899190127849579,-0.0929135456681251,0.8439032435417175,0.5029601454734802,0.3970068991184234,-0.1158305406570434,0.9425528645515442,0.5935466289520264,0.3887623250484466,-0.1224933043122291,0.8535354137420654,0.5057595372200012,0.4057649970054626,-0.0824036449193954,0.9302656650543212,0.5904449224472046,0.3983042538166046,-0.0873456299304962,0.8432559370994568,0.5278231501579285,0.4321144521236419,-0.0048057418316602,0.9995917677879332,0.5692850351333618,0.4333206713199615,0.0047480422072112,0.999468207359314,0.5256270170211792,0.2734065353870392,-0.0320488400757312,0.9661189317703248,0.5725762844085693,0.2796176671981811,-0.0186146255582571,0.9514914155006408,0.5298731923103333,0.1243685558438301,0.0458036512136459,0.9649955630302428,0.5727007985115051,0.1305087059736251,0.0608408637344837,0.9319932460784912,0.5326778888702393,0.1035851314663887,0.0463958866894245,0.5398160815238953,0.5696461200714111,0.1087846159934997,0.0621299669146537,0.5437222719192505,0.5345394015312195,0.07606752961874,-0.0681195482611656,0.9398707151412964,0.5748647451400757,0.0814573019742965,-0.0456621423363685,0.9152233600616456,hoyeon_stand_normal_01,22.203603,22.022716,21.023796,17.117243,15.132746,11.045361,8.062258,6.324555,5.656854,6.708204,8.246211,10.198039,12.041595,14.035669,15.033296,18.027756,19.104973,21.213203,21.377558,21.377558,20.615528,18.439089,15.297059,12.0,11.401754,12.206556,14.764823,14.422205,12.806248,12.041595,9.219544,7.211103,5.09902,5.09902,6.708204,8.602325,10.0,10.816654,11.661904,12.529964,13.0,12.649111,12.369317,10.198039,9.055385,7.071068,4.472136,3.0,6.708204,11.18034,15.652476,19.313208,12.369317,13.038405,13.038405,14.317821,13.341664,13.601471,13.0,11.18034,9.848858,8.062258,6.708204,3.605551,1.0,1.414214,5.0,8.062258,11.661904,15.264338,18.35756,20.59126,22.36068,23.259407,23.769729,22.135944,19.924859,16.492423,4.123106,2.828427,3.0,4.123106,6.403124,8.485281,9.219544,10.0,9.433981,9.433981,8.944272,8.062258,5.830952,4.472136,2.236068,1.414214,1.0,2.236068,4.472136,6.708204,8.602325,10.0,11.401754,12.041595,12.727922,12.206556,14.21267,11.401754,8.944272,6.324555,5.09902,6.403124,8.485281,10.630146,12.806248,14.142136,15.620499,16.643317,18.35756,18.384776,17.720045,18.439089,17.262677,15.033296,12.041595,9.055385,5.385165,3.162278,6.708204,11.401754,14.21267,17.029386,5.830952,5.830952,7.28011,9.0,11.045361,13.341664,14.56022,15.524175,15.524175,16.278821,15.297059,13.152946,12.165525,11.18034,9.219544,7.615773,7.211103,7.071068,8.602325,10.816654,12.529964,13.892444,16.124515,17.492856,18.027756,16.401219
hoyeon_stand_normal_01,180,60,6.000327868852459,29.998360745314464,10,0.5526121258735657,0.6829392313957214,-0.2401268035173416,0.999982476234436,0.5478566288948059,0.6936642527580261,-0.2300280928611755,0.9999507665634156,0.5449605584144592,0.6932475566864014,-0.2300310879945755,0.9999549984931946,0.5419667363166809,0.6926438808441162,-0.2300541698932647,0.9999580979347228,0.5551607012748718,0.6939785480499268,-0.2289175391197204,0.9999324679374696,0.5575537085533142,0.6938082575798035,-0.2289361655712127,0.9999303221702576,0.5595422387123108,0.6934807896614075,-0.2289368212223053,0.999929428100586,0.5365487337112427,0.6836556196212769,-0.1496594995260238,0.9999383687973022,0.5609464049339294,0.6857054233551025,-0.1445812433958053,0.999859631061554,0.5469998121261597,0.6695399284362793,-0.2086119800806045,0.999977707862854,0.5572900772094727,0.6708986163139343,-0.207180306315422,0.9999632239341736,0.5152122378349304,0.6076133847236633,-0.0796052068471908,0.9999751448631288,0.5796669125556946,0.6039628386497498,-0.0696161985397338,0.9999151825904846,0.505949854850769,0.5075757503509521,-0.0181328933686018,0.9856565594673156,0.5851556062698364,0.5055992603302002,-0.0172948315739631,0.9518831968307496,0.5018032789230347,0.4269561767578125,-0.0702703222632408,0.9698103070259094,0.5927971005439758,0.4188402891159057,-0.0750610381364822,0.9075473546981812,0.4980739653110504,0.3979871869087219,-0.0872754603624343,0.9375820159912108,0.5975669026374817,0.3899341523647308,-0.0935930758714675,0.8440554738044739,0.502985417842865,0.3972554504871368,-0.1158860176801681,0.9428319931030272,0.5935662984848022,0.388794869184494,-0.1232667788863182,0.8536722660064697,0.5057777762413025,0.4060272574424743,-0.0824635028839111,0.9305970668792723,0.5904584527015686,0.3983388841152191,-0.0880952030420303,0.8434218764305115,0.5278163552284241,0.432394802570343,-0.00480617582798,0.9995911121368408,0.5692636370658875,0.4334641993045807,0.0047486005350947,0.9994668960571288,0.5256271958351135,0.2737136781215668,-0.0318556018173694,0.9660802483558656,0.5725751519203186,0.2797765135765075,-0.0185742285102605,0.9512950778007508,0.5298520922660828,0.1243825107812881,0.0458782240748405,0.9649120569229126,0.5727025270462036,0.1306519359350204,0.0608498267829418,0.931663453578949,0.5325939059257507,0.1035854592919349,0.0464356020092964,0.5383397340774536,0.5696908831596375,0.1096837893128395,0.0621461123228073,0.5429297685623169,0.5345418453216553,0.0765108987689018,-0.0680625885725021,0.9395340085029602,0.5748649835586548,0.0815730243921279,-0.0456482097506523,0.9147518873214722,hoyeon_stand_normal_01,21.84033,21.540659,20.124612,17.492856,13.892444,11.18034,8.544004,7.071068,6.324555,7.211103,8.485281,9.899495,11.401754,12.806248,15.0,17.029386,18.439089,20.518285,21.213203,21.260292,19.849433,17.804494,15.620499,12.806248,12.083046,12.165525,13.892444,13.601471,12.727922,11.313708,8.485281,7.211103,6.324555,6.0,7.28011,8.544004,9.848858,10.77033,11.7047,12.369317,12.165525,12.041595,11.0,10.0,9.055385,7.0,5.09902,4.472136,7.0,11.045361,15.033296,18.027756,12.806248,13.892444,14.317821,14.56022,15.297059,15.132746,14.142136,12.041595,11.045361,9.0,7.0,4.0,2.0,1.0,5.0,8.062258,12.041595,15.0,19.0,21.0,23.021729,24.083189,24.186773,22.36068,20.396078,16.763055,3.605551,3.162278,3.162278,5.0,6.324555,8.246211,9.055385,10.0,10.0,9.0,9.0,7.0,6.0,4.0,3.0,1.0,1.0,3.0,4.0,6.0,8.0,10.049876,11.18034,11.401754,11.7047,12.529964,13.341664,15.524175,15.524175,16.278821,15.297059,15.132746,14.035669,12.0,10.0,7.071068,6.0,4.0,2.828427,3.0,5.385165,8.544004,11.7047,14.866069,18.027756,19.924859,21.587033,22.561028,21.377558,20.223748,18.11077,14.142136,13.601471,13.601471,14.866069,14.866069,13.928388,12.083046,9.848858,8.062258,6.403124,5.830952,5.09902,6.082763,6.324555,7.615773,8.062258,8.062258,8.944272,8.944272,9.433981,8.944272,8.944272,7.81025,7.071068,6.708204,8.246211,9.0
hoyeon_stand_normal_01,183,61,6.100333333333333,29.998360745314464,10,0.5525598526000977,0.6828641295433044,-0.2398084998130798,0.9999828934669496,0.5477344393730164,0.6936551332473755,-0.229639858007431,0.9999513626098632,0.5448434948921204,0.6932365894317627,-0.229643315076828,0.9999556541442872,0.541842520236969,0.6925969123840332,-0.2296663969755172,0.9999586939811708,0.5551338791847229,0.6939762234687805,-0.2286297231912613,0.999933421611786,0.5575426816940308,0.693804144859314,-0.2286482155323028,0.9999314546585084,0.5595439076423645,0.6934650540351868,-0.2286488264799118,0.9999303817749025,0.5365415215492249,0.6835376024246216,-0.1492692679166793,0.9999390244483948,0.5609873533248901,0.6856549382209778,-0.1445025503635406,0.9998612999916076,0.5469142198562622,0.6693102121353149,-0.2082419991493225,0.999978244304657,0.5572909116744995,0.6706590056419373,-0.2069465219974517,0.9999639391899108,0.5152998566627502,0.6075791716575623,-0.0795686990022659,0.9999752044677734,0.579680860042572,0.6038985848426819,-0.0698883831501007,0.9999154806137084,0.5059513449668884,0.5077055096626282,-0.0177809409797191,0.9856252074241638,0.5851523280143738,0.5055831074714661,-0.0181462652981281,0.9519124627113342,0.501798152923584,0.4270351231098175,-0.0699493214488029,0.9696518778800964,0.5927971005439758,0.4188438057899475,-0.0762408897280693,0.9075058698654176,0.4980742037296295,0.3980925381183624,-0.0869478285312652,0.9372739195823668,0.5975651144981384,0.389950543642044,-0.0948484688997268,0.8439784646034241,0.5029879212379456,0.3973967134952545,-0.1154597252607345,0.942553460597992,0.5935671329498291,0.3888216316699981,-0.1246105805039405,0.8535988330841064,0.5057805180549622,0.4061605930328369,-0.0821227207779884,0.93031245470047,0.5904607772827148,0.3983501195907593,-0.0893353223800659,0.8433881402015686,0.5278136730194092,0.4323656260967254,-0.0047580073587596,0.9995883703231812,0.5692631006240845,0.4334050118923187,0.0047016986645758,0.9994635581970216,0.5256268382072449,0.2737163007259369,-0.0308692716062068,0.9660598039627076,0.5725914835929871,0.2797682583332062,-0.0185175146907567,0.9512207508087158,0.5298101902008057,0.1244360879063606,0.0475239418447017,0.9648615121841432,0.5727049112319946,0.1307966262102127,0.0613043159246444,0.9315539002418518,0.5325444340705872,0.1035954132676124,0.0481453724205493,0.5382106304168701,0.5696977972984314,0.1099030300974845,0.062648631632328,0.5431148409843445,0.5344747304916382,0.0768993571400642,-0.0660586729645729,0.9393682479858398,0.5748977661132812,0.0817304104566574,-0.0451541654765605,0.9146403670310974,hoyeon_stand_normal_01,21.931712,22.022716,20.0,17.492856,14.764823,11.661904,8.485281,7.211103,6.082763,8.0,9.219544,10.440307,11.7047,13.0,15.231546,16.155494,19.313208,19.924859,20.880613,20.615528,20.396078,18.439089,15.297059,13.0,11.401754,12.206556,13.892444,14.317821,12.649111,10.440307,8.544004,6.708204,5.656854,6.324555,8.062258,9.055385,10.049876,12.165525,12.165525,12.369317,12.649111,12.083046,11.18034,10.29563,9.433981,6.708204,5.09902,5.0,7.211103,11.18034,15.652476,18.867962,14.142136,14.21267,11.661904,9.486833,8.062258,7.071068,9.848858,12.165525,16.0,18.11077,20.223748,22.203603,24.33105,26.476405,26.476405,26.476405,25.317978,23.194827,20.024984,14.035669,9.486833,5.385165,8.485281,14.764823,20.615528,25.96151,14.56022,15.297059,16.124515,16.03122,15.0,13.038405,9.486833,5.830952,4.472136,4.123106,7.071068,8.602325,10.29563,12.083046,13.0,14.317821,15.652476,15.652476,14.764823,14.422205,13.453624,12.206556,10.77033,11.045361,12.369317,13.892444,15.6286305,13.4654245,10.408327,7.8826955,6.3638395,7.140055,9.3710215,11.0071915,13.571068,15.572445,16.494211999999997,18.2879425,18.904243,20.0475115,20.416818,19.5424085,18.8932575,17.3747155,14.070529,10.700238,6.2429435,3.3839145000000004,5.903612000000001,10.4442935,14.449265,17.601072000000002,7.1619885,6.5769155,7.671184,9.81601,12.10356,14.587716,16.6394105,17.4852815,17.499159499999998,17.029386,16.654103499999998,15.495292,13.79788,12.041595,10.4497475,9.3261005,9.3710215,9.353188500000002,10.172753,11.200877,13.7446465,16.1550205,17.416939999999997,19.1178355,19.720736,19.221393
hoyeon_stand_normal_01,186,62,6.200338797814208,29.998360745314464,10,0.552544891834259,0.6826425194740295,-0.2396825700998306,0.9999831914901732,0.547672688961029,0.6935991048812866,-0.2294939160346985,0.999951720237732,0.5447925925254822,0.693183958530426,-0.2294976562261581,0.9999560117721558,0.5417783260345459,0.6924949288368225,-0.2295206487178802,0.9999590516090392,0.5551301836967468,0.6939178705215454,-0.2285291105508804,0.9999340176582336,0.5575428605079651,0.6937222480773926,-0.2285481989383697,0.9999321699142456,0.5595601797103882,0.6933431625366211,-0.2285493016242981,0.99993097782135,0.5365389585494995,0.6833862066268921,-0.1489835232496261,0.9999393224716188,0.5610382556915283,0.6854568719863892,-0.1443874388933181,0.9998619556427002,0.5468615889549255,0.669008195400238,-0.2080621421337127,0.9999786019325256,0.5573002099990845,0.6702963709831238,-0.2068216204643249,0.9999644160270692,0.5153582096099854,0.607554018497467,-0.0793994590640068,0.9999752044677734,0.5796915888786316,0.6038936376571655,-0.0699499174952507,0.9999159574508668,0.5059546828269958,0.5077784657478333,-0.0178090240806341,0.9856117367744446,0.5851733088493347,0.5055921673774719,-0.0187506973743438,0.951956272125244,0.5018056035041809,0.4270502030849457,-0.0700697675347328,0.969505488872528,0.5927979350090027,0.418873518705368,-0.0773443132638931,0.9075109958648682,0.4980843961238861,0.3981439173221588,-0.0871076509356498,0.9369644522666932,0.5975636839866638,0.3900305926799774,-0.0960647240281105,0.8439597487449646,0.5029988884925842,0.3975072801113128,-0.1155973598361015,0.9422800540924072,0.5935679078102112,0.3888988792896271,-0.1258198022842407,0.8535856604576111,0.5057840943336487,0.4062492847442627,-0.0822381004691124,0.930027723312378,0.5904638171195984,0.3983892500400543,-0.090458758175373,0.843388020992279,0.5278277397155762,0.4323600530624389,-0.0047562052495777,0.99958598613739,0.5692868828773499,0.433353841304779,0.0046999878250062,0.9994608163833618,0.5256482362747192,0.2738657295703888,-0.0307661034166812,0.96586811542511,0.5725957155227661,0.2796638906002044,-0.0183816645294427,0.9509255290031432,0.5298190712928772,0.124692365527153,0.0481937862932682,0.964730739593506,0.5726787447929382,0.1308251619338989,0.0618453510105609,0.9312543272972108,0.532548189163208,0.103705808520317,0.0489401407539844,0.5382854342460632,0.5696852803230286,0.1099049001932144,0.0632583573460578,0.5425609350204468,0.5344823002815247,0.077285386621952,-0.0650908797979354,0.9392850399017334,0.5749161243438721,0.0817403942346572,-0.0446159765124321,0.9144172668457032,hoyeon_stand_normal_01,5.656854,6.0,8.544004,12.083046,14.317821,15.231546,15.231546,15.231546,14.317821,14.317821,13.416408,11.661904,11.401754,10.630146,10.0,10.29563,10.198039,11.0,13.341664,15.811388,19.697716,22.847319,25.079872,26.570661,27.202941,25.70992,6.403124,9.219544,11.401754,13.601471,15.264338,16.124515,15.652476,14.866069,13.601471,12.369317,10.198039,8.246211,5.09902,3.162278,2.236068,3.162278,5.830952,8.602325,10.816654,13.038405,15.264338,16.552945,17.088007,16.763055,14.56022,11.401754,12.206556,13.453624,14.21267,13.892444,14.764823,14.317821,13.0,11.7047,10.440307,8.246211,6.324555,4.123106,1.0,1.414214,4.472136,7.28011,11.401754,14.866069,17.088007,20.248457,21.540659,22.847319,22.36068,21.470911,18.867962,15.811388,4.242641,3.0,2.828427,4.472136,6.082763,8.062258,10.0,10.049876,10.049876,10.198039,9.219544,8.246211,6.324555,4.123106,3.162278,1.414214,3.0,4.0,6.082763,8.062258,10.049876,11.045361,12.0,12.165525,12.369317,12.987745,17.0,14.764823,10.816654,7.81025,7.28011,8.062258,10.77033,13.416408,15.231546,18.027756,19.924859,20.396078,21.095023,22.0,23.086793,22.36068,20.880613,18.681542,15.811388,11.401754,7.071068,4.242641,7.071068,11.401754,16.763055,19.924859,7.071068,6.708204,8.062258,10.77033,13.341664,15.297059,18.248288,18.248288,19.416488,18.439089,17.464249,16.278821,13.341664,12.369317,11.18034,10.0,9.219544,9.848858,10.29563,12.206556,15.0,17.804494,20.0,20.808652,21.095023,21.095023
hoyeon_stand_normal_01,189,63,6.300344262295082,29.998360745314464,10,0.552540123462677,0.6819722056388855,-0.2439004331827163,0.9999837279319764,0.5476052761077881,0.6933349967002869,-0.2338623404502868,0.9999529719352722,0.5447309613227844,0.6929203867912292,-0.2338651716709137,0.9999572038650512,0.5417054295539856,0.6921438574790955,-0.2338867038488388,0.9999601244926452,0.5551234483718872,0.6935887932777405,-0.2329626828432083,0.9999358057975768,0.5575430393218994,0.6933462023735046,-0.2329835146665573,0.9999340176582336,0.5595701932907104,0.6929163336753845,-0.2329838424921035,0.9999327063560486,0.5365332365036011,0.6830746531486511,-0.1526103615760803,0.9999407529830932,0.5610592365264893,0.685093879699707,-0.148461639881134,0.999865174293518,0.5468377470970154,0.6683868169784546,-0.2119185477495193,0.9999793171882628,0.5573081374168396,0.6696076393127441,-0.2108031809329986,0.999965488910675,0.5153778195381165,0.607405424118042,-0.081800065934658,0.9999755024909972,0.5796939730644226,0.6038870811462402,-0.072604015469551,0.9999173879623412,0.5060068368911743,0.5077254772186279,-0.0200839582830667,0.9856955409049988,0.5851749181747437,0.5055971145629883,-0.0210191681981086,0.9523442387580872,0.501815676689148,0.4270419180393219,-0.0729937404394149,0.9696692824363708,0.5928161144256592,0.4188975095748901,-0.0800964012742042,0.9081344604492188,0.4980971217155456,0.3981474041938782,-0.0901378020644187,0.9371755719184875,0.5975723266601562,0.3900862634181976,-0.0987550765275955,0.8447824716567993,0.503009021282196,0.3975342810153961,-0.1188148781657219,0.9424813389778136,0.5935935974121094,0.3889714479446411,-0.128603383898735,0.8543748259544373,0.5057867765426636,0.4062636494636535,-0.0851899683475494,0.9302471876144408,0.5905004143714905,0.3984356522560119,-0.0932250171899795,0.8441867232322693,0.5278355479240417,0.4322369396686554,-0.0047366013750433,0.9995864033699036,0.5693013072013855,0.433237075805664,0.0046798214316368,0.9994622468948364,0.5256472826004028,0.2738595604896545,-0.0305707771331071,0.9659464359283448,0.5725961923599243,0.279453843832016,-0.0180935133248567,0.9511433243751526,0.5298762321472168,0.1244965568184852,0.048353411257267,0.9649800062179564,0.5726433396339417,0.1306819021701812,0.0622694678604602,0.9316951036453248,0.5326682329177856,0.1036005169153213,0.049102459102869,0.5421781539916992,0.569636881351471,0.1093859523534774,0.0636786073446273,0.5447017550468445,0.534483790397644,0.077505312860012,-0.0648877397179603,0.939839780330658,0.5749162435531616,0.0817298740148544,-0.0442216955125331,0.9150204062461852,hoyeon_stand_normal_01,7.615773,7.81025,10.198039,14.035669,16.03122,18.027756,18.027756,18.027756,18.027756,17.029386,15.0,14.0,13.038405,12.369317,12.083046,10.816654,11.313708,12.083046,14.317821,18.11077,22.0,26.0,30.0,31.064449,31.256999,29.614186,8.544004,10.77033,13.928388,16.763055,18.681542,19.235384,19.104973,18.0,16.03122,14.035669,12.041595,9.055385,6.0,4.123106,3.605551,6.082763,8.062258,11.18034,14.142136,17.262677,20.099751,21.023796,22.022716,21.095023,19.235384,15.132746,13.0,13.152946,13.601471,13.416408,13.416408,13.038405,12.206556,11.401754,9.219544,7.81025,5.656854,3.605551,1.414214,1.414214,5.0,8.485281,12.041595,15.0,17.804494,20.615528,22.803509,23.600847,23.021729,21.954498,20.59126,16.552945,5.0,3.162278,3.605551,5.09902,7.071068,8.544004,8.944272,9.433981,10.0,9.219544,8.485281,7.071068,5.656854,4.242641,2.828427,1.0,1.414214,2.828427,4.242641,6.403124,8.485281,10.0,11.401754,12.206556,12.529964,12.083046,14.142136,11.045361,8.062258,6.082763,5.0,6.324555,8.062258,10.049876,12.165525,13.341664,14.56022,16.155494,16.552945,17.492856,18.439089,16.970563,16.278821,15.0,12.206556,8.602325,4.242641,2.236068,6.324555,10.198039,14.317821,16.278821,6.708204,7.0,7.28011,9.433981,11.401754,13.453624,14.866069,16.278821,16.278821,15.556349,14.866069,13.453624,12.041595,10.630146,9.219544,8.602325,8.062258,8.544004,9.055385,11.0,12.0,14.0,16.0,17.0,17.029386,17.117243
hoyeon_stand_normal_01,192,64,6.400349726775956,29.998360745314464,10,0.5525190234184265,0.6812783479690552,-0.2444232255220413,0.9999840259552002,0.5474902391433716,0.6929914355278015,-0.2343970835208892,0.9999533891677856,0.5446156859397888,0.6925467848777771,-0.2344004809856414,0.9999576210975648,0.5415884852409363,0.6916651725769043,-0.2344213128089904,0.9999604225158693,0.5550995469093323,0.6932154297828674,-0.2335195988416671,0.9999364614486694,0.5575397610664368,0.6929591298103333,-0.2335413843393325,0.9999348521232604,0.5595719814300537,0.6925115585327148,-0.233543574810028,0.9999334812164308,0.5365110635757446,0.6826938986778259,-0.1527857929468155,0.999941110610962,0.5610706210136414,0.684794545173645,-0.1487390697002411,0.9998666644096376,0.5467993021011353,0.6677418947219849,-0.2122703492641449,0.9999796748161316,0.5573109984397888,0.6689375042915344,-0.2111857086420059,0.9999661445617676,0.5153921842575073,0.6073139309883118,-0.0816410928964614,0.9999755024909972,0.5796952843666077,0.6038991808891296,-0.0727608278393745,0.9999183416366576,0.5060741901397705,0.5076122879981995,-0.0201077535748481,0.9856683611869812,0.5851808190345764,0.5056011080741882,-0.0213360115885734,0.952829360961914,0.5018218159675598,0.4270299673080444,-0.0733001008629798,0.9696239829063416,0.5928167104721069,0.4189270436763763,-0.0809781029820442,0.909113883972168,0.4981267154216766,0.3981508910655975,-0.090485468506813,0.9370314478874208,0.597571611404419,0.3901575207710266,-0.0997119769454002,0.8461487293243408,0.5030257701873779,0.3975377380847931,-0.1191779002547264,0.9423499703407288,0.5935961604118347,0.3890480995178222,-0.1294725686311721,0.8556854128837585,0.5057919025421143,0.4062678515911102,-0.0855123177170753,0.9300870895385742,0.5905076265335083,0.3984885811805725,-0.0940534099936485,0.845526397228241,0.5278351902961731,0.4318712055683136,-0.004719799850136,0.9995819926261902,0.569314181804657,0.4328033030033111,0.004663020838052,0.99945867061615,0.5256322026252747,0.2737950980663299,-0.0306147970259189,0.9661250114440918,0.572604775428772,0.2787981629371643,-0.0181465465575456,0.951324462890625,0.5298771858215332,0.1244241818785667,0.0499861314892768,0.9651037454605104,0.5726421475410461,0.1302812397480011,0.0629827156662941,0.931997001171112,0.5326732397079468,0.1036262288689613,0.0510035194456577,0.5446504354476929,0.5696372389793396,0.1087904646992683,0.0645372495055198,0.5463900566101074,0.5344322919845581,0.0776088237762451,-0.0628285780549049,0.9401145577430724,0.5749670267105103,0.0817325338721275,-0.0436412878334522,0.9153991937637328,hoyeon_stand_normal_01,14.095816,13.920165,14.247334,13.8799395,13.2004335,12.560554,11.7686825,10.243738,10.062306,9.946648,10.199942,10.848692,11.236193,11.8208745,12.622821,12.8217645,14.1553575,15.22816,16.2315115,17.33835,17.8913115,18.2334225,18.357761,17.0004375,17.3649985,16.307764,8.5207975,9.9259225,10.6506245,10.3738445,10.0086755,9.0192025,8.326535,8.103076,8.547442499999999,8.7745455,8.112191,7.6170115,7.1879405,6.818911,7.09017,7.758748499999999,8.201562,9.109772,8.815073,9.403124,9.013878,9.693722,11.857367,13.6985355,14.530567,14.885165,11.313708,11.661904,12.083046,12.369317,12.165525,12.041595,11.0,10.0,9.055385,7.071068,5.09902,3.605551,2.0,2.828427,6.324555,9.219544,12.165525,15.297059,18.248288,20.396078,22.36068,23.537205,23.769729,21.84033,20.248457,16.552945,4.242641,4.123106,4.123106,6.403124,7.81025,8.944272,10.77033,11.401754,11.401754,11.18034,10.049876,9.055385,7.071068,6.082763,4.0,2.0,1.0,2.0,4.0,6.0,8.062258,9.055385,11.18034,11.401754,11.7047,11.18034,15.811388,13.038405,9.848858,7.071068,6.708204,8.485281,10.816654,13.038405,15.0,16.401219,18.439089,19.849433,21.400935,21.954498,21.023796,20.248457,19.924859,17.464249,14.142136,9.219544,5.385165,3.0,7.81025,12.806248,16.401219,20.0,7.211103,7.211103,8.246211,10.0,13.152946,15.297059,16.492423,18.681542,18.681542,18.681542,16.492423,15.524175,14.56022,12.369317,10.77033,8.944272,8.602325,9.219544,10.816654,12.529964,14.317821,16.552945,17.888544,20.124612,20.59126,19.723083
hoyeon_stand_normal_01,195,65,6.500355191256831,29.998360745314464,10,0.5524479150772095,0.6806963682174683,-0.2439295202493667,0.9999842643737792,0.5473405122756958,0.6926450729370117,-0.2338708192110061,0.9999536871910096,0.5444489121437073,0.6921474933624268,-0.2338738888502121,0.9999578595161438,0.5414332151412964,0.6911730170249939,-0.2338950634002685,0.9999606609344482,0.5550345778465271,0.6928992867469788,-0.2328659892082214,0.9999369382858276,0.5575035214424133,0.6926592588424683,-0.2328874617815017,0.9999353885650636,0.5595666766166687,0.6922081112861633,-0.2328897267580032,0.999933898448944,0.5364558696746826,0.6823352575302124,-0.1526189744472503,0.9999412298202516,0.5610740184783936,0.6845762729644775,-0.1481005102396011,0.99986732006073,0.5467110872268677,0.6671687364578247,-0.2120524197816848,0.9999799132347108,0.5573037266731262,0.6683703660964966,-0.2107286602258682,0.999966561794281,0.5154064893722534,0.6072148680686951,-0.0807940512895584,0.999975562095642,0.5797044038772583,0.6038962006568909,-0.0724584311246872,0.999918818473816,0.5060941576957703,0.5075752139091492,-0.0192358698695898,0.9856476187705994,0.5851966738700867,0.5056044459342957,-0.0214363522827625,0.9529383778572084,0.5018280148506165,0.4270313084125519,-0.072485476732254,0.9696475863456726,0.5928177237510681,0.4189296364784241,-0.0810828357934951,0.909208595752716,0.498139888048172,0.3981545865535736,-0.089731641113758,0.937034785747528,0.5975656509399414,0.3901623487472534,-0.0998842641711235,0.846299946308136,0.5030546188354492,0.3975775241851806,-0.1182577088475227,0.9423566460609436,0.5935971736907959,0.3890528678894043,-0.1296475529670715,0.855844259262085,0.5058081150054932,0.4063082039356231,-0.0846487060189247,0.930088996887207,0.5905129313468933,0.3984957635402679,-0.0941698178648948,0.8456842303276062,0.5278432369232178,0.4315612912178039,-0.004579990170896,0.9995800852775574,0.5693284869194031,0.4325828552246094,0.0045246658846735,0.9994560480117798,0.5256423950195312,0.2736426293849945,-0.0294226352125406,0.9660977721214294,0.5725883841514587,0.2785485684871673,-0.018039921298623,0.951264262199402,0.5298949480056763,0.12386354804039,0.0501333735883235,0.9651976823806764,0.5724103450775146,0.1299998909235,0.062981016933918,0.9320496916770936,0.5327082872390747,0.1031657308340072,0.0510668754577636,0.5473357439041138,0.5694156885147095,0.1083058714866638,0.0645213350653648,0.5469961166381836,0.534424364566803,0.077043242752552,-0.0626306608319282,0.9404250383377076,0.5748558044433594,0.0816040784120559,-0.0436180718243122,0.9155911803245544,hoyeon_stand_normal_01,22.472205,21.470911,19.697716,16.763055,13.601471,10.440307,8.062258,6.403124,6.324555,7.0,9.219544,10.440307,12.649111,14.56022,15.811388,17.720045,19.646883,21.587033,21.377558,21.213203,20.099751,18.11077,15.297059,12.083046,12.041595,13.038405,14.035669,13.152946,12.369317,10.440307,8.246211,6.082763,5.09902,5.0,6.403124,8.062258,9.433981,10.29563,11.661904,11.401754,12.041595,11.313708,10.630146,10.0,8.062258,5.830952,3.605551,3.162278,6.403124,10.816654,15.0,18.384776,12.369317,12.0,12.165525,13.341664,12.649111,12.083046,11.18034,10.29563,8.602325,7.071068,5.656854,3.605551,2.236068,3.162278,6.0,9.055385,12.165525,15.297059,18.248288,21.377558,22.203603,23.194827,23.086793,22.022716,20.0,17.029386,4.0,3.605551,4.472136,6.0,8.246211,9.848858,11.18034,11.661904,11.401754,11.401754,10.630146,9.899495,8.485281,6.403124,4.242641,2.828427,1.0,1.414214,2.828427,5.656854,7.071068,9.899495,10.630146,12.041595,12.206556,12.529964,13.038405,11.661904,8.944272,6.082763,5.385165,7.071068,8.602325,10.816654,12.206556,14.21267,16.278821,17.029386,18.601075,18.35756,17.888544,18.027756,16.763055,15.297059,12.165525,8.246211,4.472136,3.0,6.403124,10.630146,14.21267,17.029386,6.403124,5.830952,7.071068,9.0,11.18034,13.341664,14.56022,15.811388,15.524175,15.524175,14.56022,13.341664,12.369317,10.440307,9.486833,8.062258,7.81025,7.81025,9.433981,10.29563,12.083046,14.317821,15.652476,17.888544,18.35756,16.643317
hoyeon_stand_normal_01,198,66,6.600360655737704,29.998360745314464,10,0.5523108839988708,0.6804258227348328,-0.243472546339035,0.9999844431877136,0.5471522212028503,0.6924510598182678,-0.2334181815385818,0.9999540448188782,0.5442476272583008,0.6919156908988953,-0.2334207743406295,0.9999581575393676,0.5412708520889282,0.6908867955207825,-0.2334413379430771,0.999960958957672,0.5549106001853943,0.6927610635757446,-0.2323834151029586,0.9999375939369202,0.5573925375938416,0.6925510764122009,-0.2324045300483703,0.9999359846115112,0.5595302581787109,0.6920956373214722,-0.2324065715074539,0.9999344944953918,0.5364027619361877,0.6821136474609375,-0.1523406207561493,0.9999415278434752,0.561073899269104,0.6844996213912964,-0.1476778239011764,0.9998682141304016,0.5465997457504272,0.6668819189071655,-0.2116492539644241,0.9999802112579346,0.5572729110717773,0.6680927872657776,-0.2102898210287094,0.9999670386314392,0.5154078006744385,0.6071272492408752,-0.0806423127651214,0.999975562095642,0.5797158479690552,0.6038891077041626,-0.0722672566771507,0.9999188780784608,0.5060988068580627,0.5073578953742981,-0.0204055421054363,0.9856224656105042,0.5852180123329163,0.5055668950080872,-0.0223519261926412,0.9528765678405762,0.501796543598175,0.4268291890621185,-0.0748206824064254,0.9696670770645142,0.5928602814674377,0.4189197719097137,-0.0826909020543098,0.9089786410331726,0.4981169104576111,0.3980273902416229,-0.092612624168396,0.9371322393417358,0.597571074962616,0.3901687264442444,-0.1018257290124893,0.8460715413093567,0.5030573010444641,0.3975354433059692,-0.1209370344877243,0.9424377679824828,0.5936111211776733,0.3890562951564789,-0.1314524710178375,0.8556505441665649,0.5058068037033081,0.4062830805778503,-0.0869636982679367,0.930178999900818,0.5905439853668213,0.398490309715271,-0.095789149403572,0.8454821705818176,0.5278475284576416,0.4313813149929046,-0.0045796334743499,0.9995766878128052,0.5693387985229492,0.4324535429477691,0.0045244037173688,0.9994504451751708,0.5256592631340027,0.273140013217926,-0.0294760167598724,0.9661900401115416,0.5726508498191833,0.2781142294406891,-0.017868299037218,0.951306700706482,0.5298996567726135,0.1235940158367157,0.0500485897064209,0.9652444124221802,0.5724140405654907,0.129964679479599,0.0629702359437942,0.9319196343421936,0.5327076315879822,0.1029974743723869,0.0509753413498401,0.548285961151123,0.5694046020507812,0.108145572245121,0.0645132511854171,0.546633780002594,0.5344073176383972,0.0768156200647354,-0.0627691224217414,0.9405069947242736,0.5748566389083862,0.0815014317631721,-0.043628092855215,0.9153885841369628,hoyeon_stand_normal_01,22.627417,22.022716,20.808652,17.492856,14.764823,10.816654,7.81025,5.830952,6.0,7.28011,8.944272,10.816654,12.206556,13.601471,15.811388,17.204651,19.416488,19.723083,20.59126,20.59126,19.235384,17.0,14.422205,11.313708,10.77033,12.165525,14.142136,13.0,12.041595,10.049876,8.062258,6.082763,5.0,5.830952,7.28011,9.219544,10.440307,11.7047,12.083046,12.529964,12.529964,12.206556,11.401754,10.630146,8.485281,6.403124,3.162278,3.605551,7.615773,12.083046,15.652476,18.867962,12.806248,13.416408,13.601471,13.341664,13.152946,13.038405,12.0,11.045361,9.055385,7.28011,6.324555,4.472136,3.162278,3.605551,5.830952,8.944272,11.7047,14.866069,18.027756,20.248457,21.540659,22.472205,22.847319,21.470911,19.723083,15.811388,4.0,3.605551,4.0,5.385165,7.211103,8.485281,10.0,10.816654,11.661904,11.18034,10.77033,9.486833,7.28011,6.082763,4.0,2.0,1.414214,1.414214,3.605551,5.830952,8.062258,9.848858,11.18034,12.529964,13.038405,12.806248,15.0,11.661904,9.848858,7.071068,6.324555,8.602325,10.630146,12.041595,14.142136,16.278821,17.804494,18.867962,20.124612,20.248457,19.646883,19.235384,18.11077,16.0,13.0,9.0,5.385165,4.123106,7.615773,13.038405,15.811388,18.867962,7.071068,6.708204,8.0,10.198039,12.649111,14.317821,16.552945,17.888544,17.464249,17.464249,16.155494,15.231546,13.928388,12.083046,11.18034,9.433981,9.219544,10.0,10.816654,12.083046,14.317821,15.652476,17.888544,18.788294,19.723083,18.867962
hoyeon_stand_normal_01,201,67,6.700366120218579,29.998360745314464,10,0.5521703958511353,0.6802090406417847,-0.2433120906352996,0.999984622001648,0.5469724535942078,0.6922622919082642,-0.2331664413213729,0.9999544024467468,0.5440453886985779,0.6916677355766296,-0.2331700921058654,0.9999584555625916,0.5411179065704346,0.6905753016471863,-0.2331919521093368,0.9999613165855408,0.5547716617584229,0.6926451921463013,-0.232299655675888,0.9999383091926576,0.5572513937950134,0.6924655437469482,-0.2323208302259445,0.9999366402626038,0.5594669580459595,0.6920167803764343,-0.2323231101036071,0.9999351501464844,0.5363486409187317,0.6818448305130005,-0.1518880724906921,0.9999418258666992,0.5610619783401489,0.6844475865364075,-0.1478376537561416,0.9998692274093628,0.546492874622345,0.6666269898414612,-0.2113574296236038,0.9999804496765136,0.557226836681366,0.6678857207298279,-0.2102315425872802,0.9999674558639526,0.5154076814651489,0.6069668531417847,-0.0806626826524734,0.9999755024909972,0.5797289609909058,0.6038235425949097,-0.0725751295685768,0.999919295310974,0.5061033368110657,0.5071893334388733,-0.0212534368038177,0.9855802655220032,0.5852193236351013,0.5054852366447449,-0.023305432870984,0.9530732035636902,0.5017953515052795,0.42652028799057,-0.0767433643341064,0.9695762395858764,0.5929085612297058,0.4188694357872009,-0.0839178934693336,0.9090356826782228,0.4981180131435394,0.397892564535141,-0.0947351828217506,0.9369775056838988,0.5975879430770874,0.3901575803756714,-0.1031445115804672,0.8461399078369141,0.5030607581138611,0.3974641859531402,-0.1230990588665008,0.9422985911369324,0.5936521887779236,0.3890391290187835,-0.132844403386116,0.8557769060134888,0.5058076977729797,0.4062126874923706,-0.0889384448528289,0.93000990152359,0.5906001329421997,0.3984651565551758,-0.0970599874854087,0.8456095457077026,0.5278671383857727,0.4310570359230041,-0.0045535783283412,0.9995718002319336,0.5693438053131104,0.4321910738945007,0.0044989837333559,0.9994456768035888,0.5257129073143005,0.2729328572750091,-0.0295230634510517,0.9659749269485474,0.572658896446228,0.2780763506889343,-0.0178592763841152,0.9509490728378296,0.5298997163772583,0.1235513612627983,0.049995269626379,0.9649394750595092,0.5723966956138611,0.1299263834953308,0.0629005134105682,0.931244730949402,0.5327022075653076,0.1029819548130035,0.0509191341698169,0.5483657717704773,0.5693844556808472,0.1079589873552322,0.0644159764051437,0.545292854309082,0.5343679785728455,0.0767890289425849,-0.0628691166639328,0.9401531219482422,0.574863851070404,0.0814720541238784,-0.043762270361185,0.914620876312256,hoyeon_stand_normal_01,6.708204,8.246211,11.661904,15.0,17.804494,20.0,20.0,20.0,19.416488,17.804494,17.029386,14.866069,14.142136,13.601471,12.083046,11.401754,11.045361,12.649111,15.264338,19.209373,23.345235,27.586228,30.413813,31.890437,32.015621,30.232433,5.830952,9.219544,12.806248,15.0,16.643317,17.888544,17.464249,16.763055,14.56022,13.341664,10.198039,8.062258,5.09902,2.828427,2.236068,4.242641,7.81025,10.630146,14.142136,17.029386,19.209373,20.248457,20.59126,20.124612,17.464249,14.317821,13.7469575,14.3174375,13.453624,12.9223265,11.893873,12.10356,13.0956755,14.244304,16.1400045,17.95815,19.325936,20.699956,22.0790505,22.0790505,22.7776725,21.971558,20.6098175,17.9109045,13.8824115,9.419816999999998,3.535534,3.8643285,9.5526305,16.0778675,21.154113,25.406538,16.0451045,17.592146999999997,18.572927,18.7345185,17.3875285,14.644137,11.872475,8.154234500000001,5.464986,4.9286505,6.6814365,9.1891265,11.401754,13.090773,14.5393695,16.010859,16.5080195,17.616203499999997,16.923983999999997,16.227352500000002,15.0,13.453624,11.811451,11.0725035,10.5226805,11.9351125,16.0,13.038405,10.049876,8.544004,7.071068,7.615773,10.198039,12.165525,14.56022,15.811388,17.464249,17.888544,18.867962,19.849433,20.518285,19.209373,18.027756,16.124515,13.416408,9.433981,5.656854,4.123106,7.81025,12.529964,16.124515,18.867962,9.0,7.28011,8.602325,11.401754,13.416408,15.231546,17.464249,18.384776,18.384776,18.384776,17.888544,17.0,14.317821,13.416408,12.083046,10.77033,10.198039,10.049876,11.045361,13.152946,14.317821,16.278821,18.248288,19.235384,20.099751,20.024984
hoyeon_stand_normal_01,204,68,6.8003715846994535,29.998360745314464,10,0.552024781703949,0.6799680590629578,-0.2430968582630157,0.9999846816062928,0.5467855334281921,0.6920745372772217,-0.2328765988349914,0.9999544024467468,0.5438295602798462,0.6914284229278564,-0.2328818589448928,0.9999584555625916,0.5409629940986633,0.6902954578399658,-0.2329052835702896,0.9999613761901855,0.5546347498893738,0.6925198435783386,-0.2320914268493652,0.999938428401947,0.5571101903915405,0.6923677325248718,-0.2321128100156784,0.9999366998672484,0.5593982934951782,0.6919184923171997,-0.2321160286664962,0.9999352097511292,0.5362629294395447,0.6816334128379822,-0.1513927429914474,0.9999417662620544,0.5610455274581909,0.6843781471252441,-0.1477212160825729,0.999868869781494,0.5463688969612122,0.6663719415664673,-0.2110728770494461,0.9999805688858032,0.5571683645248413,0.667649507522583,-0.2100587636232376,0.999967634677887,0.5153928995132446,0.6069102883338928,-0.0805827602744102,0.9999754428863524,0.5797312259674072,0.6037791967391968,-0.0725453197956085,0.999918818473816,0.5061031579971313,0.5069814920425415,-0.022183746099472,0.9856062531471252,0.5852081775665283,0.5054419040679932,-0.0233686491847038,0.9530335664749146,0.5017737150192261,0.4261239469051361,-0.0779442638158798,0.9697288870811462,0.5929145216941833,0.4188118278980255,-0.0842032879590988,0.9089386463165284,0.4980936646461487,0.3977051675319671,-0.0960756316781044,0.9373061656951904,0.5975896120071411,0.3900929391384125,-0.1035203710198402,0.8460865020751953,0.5030540823936462,0.3972990214824676,-0.1243306696414947,0.9425913691520692,0.5936546921730042,0.3889734745025635,-0.1331373453140258,0.8557713031768799,0.5057976245880127,0.406038224697113,-0.0900927484035492,0.930342972278595,0.5906020998954773,0.3984094262123108,-0.0973316952586174,0.8456186652183533,0.5278676152229309,0.4308340549468994,-0.0045963148586452,0.9995651245117188,0.569344699382782,0.4319759011268616,0.0045430376194417,0.99943608045578,0.5257418155670166,0.2728302180767059,-0.0297378692775964,0.9658175706863404,0.5726768970489502,0.2776540219783783,-0.0178492423146963,0.9504997730255128,0.5298989415168762,0.1234270483255386,0.0499634817242622,0.9644967317581176,0.5723732113838196,0.1298545747995376,0.0628897920250892,0.9303681254386902,0.532641589641571,0.1029704287648201,0.0509130470454692,0.5468360781669617,0.569372832775116,0.1079396978020668,0.0644005462527275,0.5434158444404602,0.534346878528595,0.0770409181714057,-0.0626615583896637,0.9394979476928712,0.5748682618141174,0.0814700648188591,-0.0437477640807628,0.9135364294052124,hoyeon_stand_normal_01,5.0,5.09902,8.944272,11.661904,13.892444,16.124515,16.124515,16.124515,15.652476,13.892444,13.038405,12.206556,11.401754,10.630146,9.433981,9.486833,10.0,11.401754,14.317821,16.643317,20.808652,23.600847,25.806976,28.301943,27.784888,25.942244,5.385165,8.544004,10.77033,13.0,14.56022,15.524175,15.297059,15.033296,13.038405,12.0,9.055385,8.0,5.0,3.162278,2.236068,3.162278,5.830952,8.062258,11.18034,13.416408,15.231546,16.155494,16.763055,16.278821,14.142136,11.18034,14.317821,14.422205,13.453624,14.21267,13.038405,12.529964,11.7047,10.440307,9.219544,7.071068,6.0,4.472136,3.605551,5.0,7.615773,9.433981,12.806248,16.401219,19.209373,22.022716,23.430749,23.430749,23.600847,22.203603,19.416488,16.124515,4.472136,3.605551,5.09902,6.403124,8.602325,9.848858,11.7047,13.341664,13.152946,13.038405,12.0,10.049876,9.055385,7.071068,5.09902,3.162278,1.414214,1.414214,4.123106,6.082763,9.055385,11.045361,13.038405,14.035669,14.142136,14.317821,14.866069,16.763055,16.763055,17.088007,16.155494,15.652476,13.892444,11.661904,10.0,8.602325,6.708204,4.123106,4.0,4.242641,7.211103,8.944272,12.529964,14.764823,17.492856,19.416488,21.400935,21.260292,20.518285,19.104973,16.970563,13.453624,11.7047,13.0,13.928388,13.928388,13.0,12.083046,11.18034,8.602325,7.071068,6.708204,6.082763,7.0,7.071068,8.246211,8.246211,9.486833,9.486833,9.486833,9.486833,9.486833,9.486833,8.944272,9.433981,9.219544,10.0,12.083046
hoyeon_stand_normal_01,207,69,6.900377049180328,29.998360745314464,10,0.5519541501998901,0.6799381971359253,-0.243233248591423,0.9999847412109376,0.5466815829277039,0.6920450925827026,-0.2329909354448318,0.9999544024467468,0.5437170267105103,0.6913895606994629,-0.2329965531826019,0.9999584555625916,0.5408743619918823,0.6902466416358948,-0.233020007610321,0.9999613761901855,0.5545524954795837,0.6925095319747925,-0.2322527021169662,0.9999385476112366,0.5570192933082581,0.6923651099205017,-0.2322739064693451,0.999936819076538,0.5593506693840027,0.6919149160385132,-0.2322776317596435,0.9999352097511292,0.5362107157707214,0.6815585494041443,-0.1514363288879394,0.9999417066574096,0.5610271692276001,0.6843701004981995,-0.1479626446962356,0.999868631362915,0.5463112592697144,0.6663064956665039,-0.2111751437187194,0.9999806880950928,0.5571407079696655,0.6676015853881836,-0.2102382481098175,0.9999677538871764,0.515357255935669,0.6068115234375,-0.0809269249439239,0.9999752640724182,0.5797330737113953,0.6037479639053345,-0.0727547705173492,0.9999186992645264,0.5061050057411194,0.5068122148513794,-0.0221283417195081,0.9855364561080932,0.5851956605911255,0.5053392648696899,-0.0234877336770296,0.9528173208236694,0.501773476600647,0.425792396068573,-0.0775345787405967,0.9694259166717528,0.5929158926010132,0.4187867641448974,-0.0841791778802871,0.9082528352737428,0.498099535703659,0.3975460827350616,-0.0956270843744278,0.9367879629135132,0.5975894331932068,0.3900327086448669,-0.1033568009734153,0.8451583385467529,0.5030556321144104,0.3971955776214599,-0.12394630163908,0.9421090483665466,0.5936611890792847,0.3889091908931732,-0.1330868303775787,0.854917049407959,0.5057979226112366,0.4059400856494903,-0.0897022560238838,0.9297916293144226,0.5906078815460205,0.3983653783798218,-0.0973503440618515,0.8447744846343994,0.5278754830360413,0.4306055009365082,-0.0046105314977467,0.9995602369308472,0.5693569779396057,0.4317941069602966,0.0045574437826871,0.9994299411773682,0.5257528424263,0.2727111279964447,-0.0297754872590303,0.9658005237579346,0.572681188583374,0.2775866091251373,-0.0176601987332105,0.9504066705703736,0.5298983454704285,0.1234545782208442,0.0499354228377342,0.9644757509231568,0.5723599195480347,0.1298520267009735,0.0629944950342178,0.9302212595939636,0.5326375961303711,0.1030076518654823,0.0508897826075553,0.5472784638404846,0.5693559646606445,0.1079399660229682,0.0644822195172309,0.5437662601470947,0.5343295931816101,0.0767838284373283,-0.0626920908689498,0.9394924640655518,0.5748693346977234,0.0814122781157493,-0.0436987616121768,0.9133917689323424,hoyeon_stand_normal_01,24.186773,24.020824,22.022716,19.104973,15.132746,12.165525,8.062258,6.324555,6.403124,7.28011,9.219544,11.045361,13.0,15.0,17.0,19.026298,21.023796,22.090722,22.203603,21.213203,20.223748,17.117243,15.0,11.18034,10.816654,12.806248,14.21267,12.727922,12.041595,10.0,7.81025,5.0,4.123106,5.385165,7.211103,9.433981,10.816654,12.529964,13.416408,13.0,12.649111,12.369317,11.18034,11.18034,9.055385,6.082763,3.605551,4.0,7.615773,12.529964,16.552945,21.18962,14.142136,13.601471,13.0,12.529964,12.206556,10.630146,9.899495,9.219544,7.211103,5.385165,4.0,3.162278,3.605551,6.082763,8.062258,10.198039,13.341664,16.492423,18.439089,20.615528,21.377558,21.377558,21.213203,20.099751,18.11077,14.035669,4.472136,4.472136,4.123106,5.830952,8.485281,10.816654,11.18034,12.649111,12.649111,12.165525,11.18034,10.049876,8.0,7.0,5.0,3.0,1.0,1.0,4.0,6.082763,8.062258,11.045361,12.165525,14.142136,14.142136,14.0,14.142136,16.124515,16.124515,17.117243,16.03122,16.0,14.035669,12.041595,10.198039,8.246211,6.082763,4.0,3.162278,3.605551,6.082763,8.0,11.0,14.0,16.03122,18.11077,19.235384,20.396078,19.646883,17.720045,15.811388,13.0,12.529964,13.038405,14.422205,13.892444,13.892444,12.529964,11.18034,9.486833,8.062258,7.071068,7.28011,8.062258,7.81025,8.485281,9.219544,9.219544,9.899495,10.630146,10.630146,10.630146,10.630146,10.0,9.433981,9.486833,11.18034,12.0
hoyeon_stand_normal_01,210,70,7.000382513661202,29.998360745314464,10,0.5518608689308167,0.6799196600914001,-0.2430777549743652,0.9999849200248718,0.5465760827064514,0.6920309662818909,-0.2328472584486007,0.9999547004699708,0.5436019897460938,0.6913728713989258,-0.2328527569770813,0.9999586939811708,0.5407888293266296,0.6902286410331726,-0.2328763753175735,0.9999616146087646,0.5544699430465698,0.6925066113471985,-0.2320867180824279,0.9999390244483948,0.5569257140159607,0.6923649907112122,-0.2321078479290008,0.9999373555183412,0.5592987537384033,0.6919141411781311,-0.2321114242076873,0.9999356865882874,0.5361632704734802,0.6815378665924072,-0.1514107882976532,0.999941885471344,0.5610119104385376,0.6843670606613159,-0.1478048115968704,0.9998692274093628,0.5462256073951721,0.6662701368331909,-0.2110592722892761,0.9999808669090272,0.5570958852767944,0.6675707101821899,-0.2100910991430282,0.9999681115150452,0.5152933597564697,0.6067889332771301,-0.0807385817170143,0.9999752044677734,0.579734742641449,0.6037440896034241,-0.0726819857954979,0.9999189376831056,0.5060997605323792,0.5066508054733276,-0.0216076262295246,0.9855429530143738,0.5851895213127136,0.5052593946456909,-0.0236325487494468,0.952848732471466,0.5017496347427368,0.4255596101284027,-0.076386958360672,0.9694130420684814,0.5928913950920105,0.4187735319137573,-0.0842420905828476,0.9081760048866272,0.4980830550193786,0.3974393904209137,-0.0941997841000557,0.936763882637024,0.5975614786148071,0.3899862766265869,-0.1034017726778984,0.8450287580490112,0.5030352473258972,0.3971401154994964,-0.1224549487233161,0.942099392414093,0.5936576128005981,0.3888667225837707,-0.1330918669700622,0.8548097610473633,0.5057719945907593,0.4058694243431091,-0.088506780564785,0.9297890067100524,0.5906006097793579,0.3983499109745025,-0.0973828509449958,0.8446007966995239,0.5278948545455933,0.4303677678108215,-0.0045689414255321,0.9995593428611756,0.5693773031234741,0.4316797256469726,0.0045157950371503,0.9994281530380248,0.5257684588432312,0.2727112472057342,-0.0295709408819675,0.9659469127655028,0.5726827383041382,0.2776055932044983,-0.017647897824645,0.950690746307373,0.5298868417739868,0.1236666515469551,0.050120647996664,0.9647464156150818,0.5723644495010376,0.1298470944166183,0.0630540400743484,0.9307048320770264,0.532626211643219,0.1031646355986595,0.0510564297437667,0.5497384667396545,0.5693557858467102,0.1079270914196968,0.0645429864525795,0.5453777313232422,0.5343281626701355,0.0764195024967193,-0.0625325664877891,0.9399637579917908,0.5748664736747742,0.0812633261084556,-0.043625246733427,0.9139482975006104,hoyeon_stand_normal_01,23.769729,22.825424,21.633308,17.804494,14.866069,11.401754,8.062258,6.082763,5.385165,6.403124,8.602325,10.29563,12.529964,14.764823,17.0,18.35756,19.723083,21.633308,22.203603,21.400935,19.209373,17.204651,13.892444,11.401754,11.045361,13.0,13.601471,13.341664,12.041595,11.045361,8.062258,6.324555,4.242641,5.385165,7.071068,9.0,10.049876,11.045361,12.165525,13.341664,12.369317,12.649111,12.083046,11.18034,8.944272,6.708204,3.0,3.605551,7.071068,12.041595,16.124515,19.416488,13.892444,13.601471,13.453624,12.806248,12.206556,11.661904,10.29563,8.544004,7.28011,5.09902,4.0,2.236068,2.0,3.605551,7.071068,9.899495,12.806248,15.620499,17.691806,19.849433,21.260292,21.931712,21.213203,19.104973,17.691806,14.21267,5.385165,5.0,5.09902,6.324555,7.81025,9.219544,10.816654,11.18034,11.7047,11.401754,10.198039,9.219544,7.071068,6.082763,4.0,2.0,2.236068,4.123106,6.082763,9.055385,11.045361,12.165525,13.152946,14.317821,14.56022,12.408327,14.4248965,14.3173835,13.217525,12.609772,11.3078865,11.0489635,11.1041655,11.18034,11.3198895,11.3245345,11.1622775,10.6201745,10.242178,10.92191,12.206114,13.617692,14.513878,14.719812,14.7890695,14.124144,12.5736465,12.0239825,12.840935000000002,13.764157,14.4165085,13.947217,10.7042865,11.0727375,11.531129,12.2053545,13.200877,13.7649295,13.65719,13.4242875,13.004126499999998,12.2676585,12.2676585,11.717802,10.7871365,9.930107,9.757475,10.462122,9.757587,10.408327,10.315073,11.0207975,11.68084,12.020815,13.455675,13.664524,14.348103,15.127367
hoyeon_stand_normal_01,213,71,7.100387978142076,29.998360745314464,10,0.5517861247062683,0.6799216866493225,-0.2463235259056091,0.9999852776527404,0.5464629530906677,0.6920320391654968,-0.2359821200370788,0.9999555349349976,0.5434678196907043,0.6913741230964661,-0.2359874844551086,0.9999595284461976,0.5406897068023682,0.690230131149292,-0.2360103726387024,0.999962329864502,0.5544010400772095,0.692517876625061,-0.2353689074516296,0.9999401569366456,0.5568552017211914,0.6923935413360596,-0.2353890985250473,0.9999384880065918,0.5592601299285889,0.6919395327568054,-0.2353914380073547,0.9999366998672484,0.5360828042030334,0.681532621383667,-0.1537074297666549,0.99994295835495,0.5610012412071228,0.684386670589447,-0.1508077830076217,0.999871015548706,0.5461329817771912,0.6662647128105164,-0.213965356349945,0.9999812841415404,0.5570690035820007,0.667571485042572,-0.2132206261157989,0.9999687075614928,0.5152580142021179,0.6067601442337036,-0.0825092121958732,0.9999753832817078,0.5797368288040161,0.6037102937698364,-0.0745680555701255,0.9999189972877502,0.5060831904411316,0.5064495801925659,-0.0220743659883737,0.9856106042861938,0.5851757526397705,0.5051436424255371,-0.0245868135243654,0.9525215029716492,0.5017111301422119,0.4251951575279236,-0.0765768140554428,0.9694526195526124,0.5928782224655151,0.4187605679035187,-0.085465669631958,0.9076139330863952,0.4980639517307281,0.3972477316856384,-0.0942231938242912,0.936807096004486,0.5975085496902466,0.3899702727794647,-0.1045444384217262,0.844319224357605,0.5030078291893005,0.396972507238388,-0.122627705335617,0.942156970500946,0.5936349034309387,0.3888514637947082,-0.1345302909612655,0.8541709184646606,0.5057409405708313,0.4056657552719116,-0.0887243449687957,0.929878294467926,0.5905777812004089,0.3983314931392669,-0.0987056493759155,0.8439154624938965,0.5278981328010559,0.4302915930747986,-0.0045683966018259,0.9995611310005188,0.5693807005882263,0.4316111505031585,0.0045152571983635,0.9994279146194458,0.5257784128189087,0.2727110087871551,-0.029587147757411,0.9660530090332032,0.5726832747459412,0.2775949835777282,-0.0174094643443822,0.9508840441703796,0.5298914313316345,0.1236691400408744,0.0504316724836826,0.9650959372520448,0.5723240971565247,0.1296902149915695,0.0641525983810424,0.9313158392906188,0.532647967338562,0.103165678679943,0.0513591803610324,0.5527648329734802,0.5692898035049438,0.1078186482191085,0.0656778439879417,0.5479645133018494,0.5343287587165833,0.0761603638529777,-0.0624939985573291,0.9406036138534546,0.5748631358146667,0.08102348446846,-0.042757648974657,0.9147705435752868,hoyeon_stand_normal_01,21.470911,21.095023,18.601075,17.029386,13.453624,10.0,6.708204,5.0,5.385165,7.071068,8.602325,10.29563,12.529964,14.764823,16.124515,18.35756,19.723083,20.248457,20.808652,20.0,18.601075,16.401219,13.892444,11.401754,11.045361,13.0,13.038405,12.041595,12.165525,10.198039,8.246211,5.0,3.162278,3.605551,5.09902,7.071068,9.219544,10.198039,10.440307,10.77033,11.18034,11.18034,10.0,9.219544,7.81025,5.0,2.236068,2.236068,7.0,11.045361,15.132746,18.439089,13.038405,14.317821,13.601471,13.038405,13.038405,13.601471,14.764823,15.0,16.970563,17.691806,19.209373,20.0,21.400935,20.808652,21.400935,20.0,18.601075,16.401219,12.206556,7.211103,3.0,4.123106,10.77033,16.155494,20.248457,24.351591,16.124515,18.439089,19.313208,19.723083,17.804494,15.556349,13.038405,10.198039,7.071068,6.403124,8.246211,10.049876,11.401754,13.0,14.764823,16.124515,15.811388,17.204651,17.029386,16.401219,15.0,13.038405,11.401754,10.049876,9.219544,10.816654,15.132746,13.152946,10.440307,8.602325,7.81025,8.944272,10.440307,12.369317,14.56022,15.811388,17.464249,18.35756,19.416488,19.849433,19.79899,18.439089,18.027756,15.264338,12.529964,9.433981,6.403124,5.09902,7.81025,12.206556,15.0,17.804494,7.071068,6.708204,7.071068,8.944272,11.7047,13.341664,15.297059,16.492423,16.492423,16.763055,15.524175,14.56022,13.601471,12.649111,10.440307,10.198039,9.0,10.049876,10.198039,11.401754,13.601471,14.56022,16.492423,18.439089,18.248288,17.262677
hoyeon_stand_normal_01,216,72,7.200393442622951,29.998360745314464,10,0.5517313480377197,0.6802434325218201,-0.2458569854497909,0.9999855756759644,0.5463847517967224,0.6921854019165039,-0.2357444167137146,0.9999562501907348,0.543381929397583,0.6915282011032104,-0.235749214887619,0.99996018409729,0.5406158566474915,0.6903858184814453,-0.2357727736234665,0.9999629855155944,0.5543479323387146,0.6927486658096313,-0.235007032752037,0.9999411702156068,0.5567812323570251,0.6927004456520081,-0.2350278496742248,0.999939501285553,0.559207022190094,0.6922710537910461,-0.2350306063890457,0.9999376535415648,0.5360108017921448,0.681564450263977,-0.1532987803220749,0.999943733215332,0.5609861016273499,0.6846271753311157,-0.1504608988761901,0.9998725056648254,0.5460688471794128,0.6664261817932129,-0.2135704308748245,0.9999816417694092,0.5570515990257263,0.6677982807159424,-0.2127274721860885,0.999969244003296,0.5151867270469666,0.6067293882369995,-0.0824335739016532,0.9999754428863524,0.5797386169433594,0.6036882400512695,-0.0743411928415298,0.999918818473816,0.5060416460037231,0.5062528848648071,-0.0220160093158483,0.9856085777282716,0.5851438641548157,0.5050742030143738,-0.0245610531419515,0.9519683122634888,0.5016055107116699,0.4249112010002136,-0.0764653757214546,0.9693579077720642,0.59284907579422,0.418721079826355,-0.0854422077536583,0.9066846966743468,0.4980097711086273,0.3970600962638855,-0.0940922349691391,0.9366575479507446,0.5974472165107727,0.3899315595626831,-0.1045523211359977,0.843174397945404,0.5029565691947937,0.3967908024787903,-0.1225025132298469,0.9420334100723268,0.593621551990509,0.3888094127178192,-0.1345735043287277,0.8531104326248169,0.5056841969490051,0.4055088460445404,-0.0886168405413627,0.9297571778297424,0.5905678868293762,0.3982751965522766,-0.0987102016806602,0.842828631401062,0.5278948545455933,0.4301339089870453,-0.0045397276990115,0.9995643496513368,0.5693820118904114,0.4315447509288788,0.0044862399809062,0.9994297623634338,0.5257948040962219,0.2725162506103515,-0.0296065155416727,0.9662428498268129,0.5726836323738098,0.2775865793228149,-0.0173920392990112,0.9511716365814208,0.5298962593078613,0.1236657053232193,0.050600092858076,0.9655194878578186,0.5723211169242859,0.1296236515045166,0.0646754130721092,0.932076096534729,0.5326777100563049,0.1031598225235939,0.0515153929591178,0.5562120676040649,0.569288969039917,0.1076731234788894,0.0662231519818306,0.5508579611778259,0.5343277454376221,0.0752679407596588,-0.0624339506030082,0.941303014755249,0.5748584866523743,0.0808589160442352,-0.0421235337853431,0.9157580733299256,hoyeon_stand_normal_01,4.472136,5.0,8.062258,12.529964,13.892444,16.124515,17.0,16.124515,16.124515,14.764823,14.764823,13.0,11.7047,10.198039,9.0,8.246211,8.602325,11.401754,13.0,17.720045,20.396078,24.515301,26.683328,27.892651,28.460499,26.570661,5.385165,8.062258,10.29563,12.529964,14.317821,14.866069,15.524175,15.297059,13.152946,12.041595,10.0,7.0,5.0,2.236068,1.0,3.605551,6.403124,8.602325,10.630146,13.453624,15.556349,17.029386,17.204651,16.643317,14.764823,10.816654,15.524175,16.124515,16.0,15.132746,14.317821,13.601471,11.7047,10.29563,9.433981,7.071068,5.0,4.123106,4.472136,5.830952,7.615773,11.18034,14.142136,16.124515,19.104973,21.213203,23.194827,23.345235,22.36068,20.396078,18.439089,14.56022,5.656854,4.123106,4.472136,5.830952,8.062258,10.0,12.165525,12.649111,13.0,12.529964,11.661904,10.0,9.219544,7.071068,5.0,3.162278,2.236068,3.0,5.09902,6.708204,9.848858,11.661904,13.892444,14.764823,15.652476,16.155494,15.652476,13.416408,10.816654,9.219544,7.615773,9.055385,11.0,13.038405,14.035669,16.0,18.11077,19.235384,19.924859,20.615528,20.124612,20.248457,19.209373,17.029386,13.453624,10.0,6.324555,4.472136,8.602325,12.083046,16.155494,18.384776,7.615773,7.071068,7.615773,9.055385,11.0,14.035669,16.124515,17.117243,17.117243,17.029386,17.029386,16.0,14.0,13.0,11.045361,11.18034,10.440307,10.77033,10.29563,12.206556,14.422205,15.811388,16.643317,18.867962,19.235384,19.235384
hoyeon_stand_normal_01,219,73,7.300398907103825,29.998360745314464,10,0.5515959858894348,0.6804999113082886,-0.2463456988334655,0.999985933303833,0.5462631583213806,0.6922854781150818,-0.2360393553972244,0.9999572038650512,0.5432478785514832,0.6916128396987915,-0.2360444813966751,0.9999610185623168,0.5405198931694031,0.6904662847518921,-0.2360670119524002,0.9999637603759766,0.5542344450950623,0.6929211616516113,-0.2353608757257461,0.999942421913147,0.5566350817680359,0.6929519772529602,-0.2353811413049698,0.999940812587738,0.5590857863426208,0.692565381526947,-0.2353832870721817,0.9999389052391052,0.5359148383140564,0.6815736889839172,-0.1538267880678177,0.999944806098938,0.5609515905380249,0.684853732585907,-0.1509987264871597,0.9998747706413268,0.5459385514259338,0.6665650010108948,-0.2141634821891784,0.9999820590019226,0.5569779872894287,0.6679826974868774,-0.2133819609880447,0.9999698996543884,0.5150603652000427,0.6067247986793518,-0.0835683196783065,0.9999756217002868,0.5797149538993835,0.6036582589149475,-0.0751787945628166,0.9999194145202636,0.5059790015220642,0.5061896443367004,-0.0231644995510578,0.985667049884796,0.5850692391395569,0.5050584077835083,-0.0250910837203264,0.9517835378646852,0.5015110373497009,0.4247638583183288,-0.0773121789097786,0.9692690968513488,0.5928468108177185,0.4186993837356567,-0.0856511071324348,0.9064717888832092,0.4979792833328247,0.3969676792621612,-0.0947416052222251,0.9364708065986632,0.5974376201629639,0.3898704946041107,-0.1046070307493209,0.8428699374198914,0.5029138326644897,0.3966905772686004,-0.1231173202395439,0.9418705105781556,0.5936185717582703,0.3887207210063934,-0.134714588522911,0.852849543094635,0.505631148815155,0.4054284989833832,-0.0894305482506752,0.9296093583106996,0.5905672311782837,0.398201584815979,-0.0989535674452781,0.8426191806793213,0.5279067158699036,0.430135577917099,-0.0046209194697439,0.9995683431625366,0.5693812966346741,0.431545227766037,0.0045647793449461,0.999432384967804,0.5258537530899048,0.2723984718322754,-0.0296552293002605,0.9662337899208068,0.5726398229598999,0.277571439743042,-0.0168382599949836,0.9510500431060792,0.5299066305160522,0.1233049854636192,0.0500492304563522,0.9657661318778992,0.5722604393959045,0.1296206414699554,0.0654121115803718,0.9322492480278016,0.5326840281486511,0.1029512584209442,0.0508325807750225,0.5575920939445496,0.5692243576049805,0.1076476648449897,0.0669848248362541,0.5524416565895081,0.5343250036239624,0.0750731378793716,-0.0632923990488052,0.9416312575340272,0.5748727321624756,0.0809504985809326,-0.0410353951156139,0.9161885976791382,hoyeon_stand_normal_01,3.0811390000000003,4.0388435000000005,7.4772075,9.862172,12.055997,13.973085,14.1485295,14.1485295,14.1485295,13.0112605,12.2912215,11.240951,10.109772,9.0990195,8.2789505,7.6552645,7.8366965,9.6922895,11.6109675,15.033444500000002,18.222937,21.6851095,24.2909455,25.7407305,25.255695,23.3035125,5.0,7.211103,9.609772,11.418351,12.883163499999998,13.7855355,13.959646,13.4833965,12.1555075,10.848692,8.335579,6.889636,4.297621,2.5322475,1.7071070000000002,3.605551,5.1925825,7.413437999999999,9.8648055,12.095934,14.011838,15.012029,15.243284,14.8492425,13.0918655,9.5595195,12.529964,12.806248,12.806248,12.529964,11.401754,12.041595,13.152946,14.56022,16.155494,17.888544,18.867962,19.416488,20.248457,20.808652,20.808652,19.416488,18.027756,15.264338,12.206556,7.81025,3.162278,5.09902,11.045361,16.03122,21.023796,25.0,16.643317,17.804494,19.104973,18.601075,17.888544,14.866069,12.041595,9.219544,6.403124,6.324555,8.246211,9.433981,12.041595,13.453624,15.0,16.643317,17.0,17.888544,17.0,17.0,14.764823,13.601471,12.041595,10.29563,9.219544,10.049876,16.970563,15.620499,12.206556,8.544004,9.0,9.486833,11.18034,13.416408,14.764823,17.464249,19.313208,20.880613,21.377558,22.090722,22.022716,21.213203,20.396078,17.720045,14.866069,10.440307,6.082763,4.242641,7.0,12.165525,16.492423,18.439089,7.81025,8.544004,9.0,11.18034,13.601471,16.155494,17.888544,18.788294,19.697716,19.697716,18.384776,17.464249,16.552945,15.231546,13.416408,11.661904,12.206556,12.041595,13.453624,14.21267,15.811388,18.027756,19.416488,21.400935,21.400935,21.260292
hoyeon_stand_normal_01,222,74,7.400404371584699,29.998360745314464,10,0.5514316558837891,0.6806401610374451,-0.2467239946126938,0.9999863505363464,0.5461298823356628,0.6923508048057556,-0.2362531274557113,0.9999582171440125,0.5430973768234253,0.6916640400886536,-0.2362583428621292,0.9999619722366332,0.5404191613197327,0.6905163526535034,-0.2362793385982513,0.9999645948410034,0.5541231036186218,0.6930216550827026,-0.2356670796871185,0.9999437928199768,0.5565018057823181,0.6930962800979614,-0.235686793923378,0.9999422430992126,0.5589837431907654,0.6927188634872437,-0.2356882840394973,0.9999402761459352,0.5358028411865234,0.6815811991691589,-0.1537826806306839,0.9999459385871888,0.560934841632843,0.6849566698074341,-0.1511888802051544,0.999877393245697,0.5457562804222107,0.6666381359100342,-0.2144285291433334,0.9999825358390808,0.5568799376487732,0.66807621717453,-0.2137538343667984,0.9999706745147704,0.5149003267288208,0.6067211627960205,-0.0834863930940628,0.9999759197235109,0.5797128081321716,0.6036409735679626,-0.0753215625882148,0.9999201893806458,0.5059208273887634,0.5061745643615723,-0.0230749901384115,0.9857222437858582,0.5850003361701965,0.504991888999939,-0.0250113811343908,0.9518399834632874,0.5014780759811401,0.4247341752052307,-0.077220395207405,0.9692587852478028,0.592837929725647,0.4186297953128814,-0.085584320127964,0.9067352414131165,0.4979757368564605,0.396941989660263,-0.0947230756282806,0.9364176392555236,0.5974186062812805,0.3897579610347748,-0.1045160070061683,0.8432483673095703,0.5029094815254211,0.3966552913188934,-0.1230635941028595,0.9418297410011292,0.5936163663864136,0.3886179625988006,-0.1346640139818191,0.8532330393791199,0.5056222677230835,0.405415415763855,-0.0893393382430076,0.929579496383667,0.5905675292015076,0.3981004655361175,-0.0988950729370117,0.8430224061012268,0.5278894901275635,0.429997831583023,-0.0046218195930123,0.9995726346969604,0.5693816542625427,0.4314412474632263,0.0045654978603124,0.9994361996650696,0.5258563756942749,0.2722244262695312,-0.0296167768537998,0.9664878845214844,0.5726245641708374,0.2775936722755432,-0.0167297311127185,0.95132315158844,0.5299146771430969,0.1232636645436286,0.0506028048694133,0.966253936290741,0.5721805691719055,0.1296199858188629,0.0665250271558761,0.933089792728424,0.5326992869377136,0.1029009744524955,0.0514171347022056,0.5614396929740906,0.5691784620285034,0.107647605240345,0.0681794956326484,0.5559933185577393,0.5343239903450012,0.0750149935483932,-0.0628473684191703,0.9424712657928468,0.5748417377471924,0.0809796676039695,-0.0398938320577144,0.9173758625984192,hoyeon_stand_normal_01,23.537205,23.086793,21.540659,18.788294,15.652476,12.083046,8.544004,6.0,5.0,5.830952,7.28011,9.055385,12.041595,14.0,16.0,18.0,20.024984,22.022716,22.090722,21.213203,19.235384,16.124515,13.0,9.219544,8.485281,10.77033,12.369317,11.7047,11.18034,8.944272,6.708204,4.123106,2.236068,4.123106,6.082763,8.062258,10.198039,11.18034,12.369317,12.649111,11.7047,12.083046,11.18034,9.433981,8.062258,5.830952,3.0,3.162278,7.071068,11.045361,16.03122,19.026298,13.892444,13.0,12.369317,12.041595,12.0,11.045361,9.219544,8.246211,6.708204,5.830952,4.242641,2.0,2.828427,5.385165,7.28011,10.198039,13.038405,16.124515,18.027756,20.099751,22.090722,22.090722,22.090722,20.223748,18.248288,14.317821,6.0,5.385165,5.0,7.28011,8.062258,10.440307,11.18034,11.661904,12.206556,12.041595,11.313708,9.899495,7.81025,6.403124,5.0,2.236068,1.0,1.414214,4.242641,5.656854,8.485281,10.630146,12.727922,14.142136,14.866069,14.866069,16.124515,12.529964,10.77033,9.055385,8.544004,9.433981,11.401754,13.453624,15.0,17.204651,18.867962,19.235384,19.313208,20.615528,21.377558,20.099751,19.0,17.029386,14.035669,10.0,7.071068,4.472136,8.062258,11.7047,16.155494,18.027756,7.211103,7.28011,7.071068,9.848858,12.206556,14.21267,16.401219,17.804494,17.804494,17.804494,17.804494,16.401219,15.0,12.806248,11.401754,11.313708,10.630146,10.816654,11.18034,12.083046,13.928388,16.155494,17.464249,18.384776,18.788294,19.235384
hoyeon_stand_normal_01,225,75,7.500409836065573,29.998360745314464,10,0.5513113737106323,0.6806759238243103,-0.2464173436164856,0.9999866485595704,0.5460442900657654,0.6923723220825195,-0.2359586656093597,0.9999589920043944,0.5430063605308533,0.6916795969009399,-0.2359640896320343,0.9999626874923706,0.5403577089309692,0.6905308365821838,-0.235985517501831,0.999965250492096,0.5540364384651184,0.6930563449859619,-0.2353544384241104,0.9999449253082277,0.5563965439796448,0.6931529641151428,-0.2353741973638534,0.9999434351921082,0.5589019060134888,0.692779004573822,-0.2353759109973907,0.9999414682388306,0.5357282161712646,0.681586742401123,-0.1536113917827606,0.9999467730522156,0.5609164834022522,0.6850191354751587,-0.150910422205925,0.9998797178268432,0.545623242855072,0.6666536927223206,-0.214165985584259,0.9999829530715942,0.5567765831947327,0.668091893196106,-0.2134578973054886,0.999971330165863,0.5147775411605835,0.606715977191925,-0.0834219381213188,0.9999762177467346,0.5797051787376404,0.6036323308944702,-0.0751731917262077,0.9999213814735411,0.5058895349502563,0.5061716437339783,-0.0226718205958604,0.9857616424560548,0.5849477052688599,0.5049457550048828,-0.0249338839203119,0.9521183967590332,0.5014753937721252,0.424733817577362,-0.0768644586205482,0.9692476987838744,0.592835545539856,0.4186152815818786,-0.0854820981621742,0.907189130783081,0.4979739487171173,0.3969428837299347,-0.0943025797605514,0.936389148235321,0.5973971486091614,0.3897424042224884,-0.1044302359223365,0.8438653945922852,0.5029028654098511,0.3966571688652038,-0.1226611658930778,0.9418156147003174,0.5936111807823181,0.3886060118675232,-0.1345504224300384,0.8538294434547424,0.5056182146072388,0.4054176807403564,-0.0889883041381836,0.9295713901519777,0.5905676484107971,0.3980861902236938,-0.0987812504172325,0.8435819149017334,0.5278893709182739,0.4299964904785156,-0.0046158274635672,0.9995785355567932,0.5693811178207397,0.4314178228378296,0.0045593539252877,0.9994426369667052,0.5259448885917664,0.2721784114837646,-0.0295519791543483,0.9667362570762634,0.5726234912872314,0.2775731980800628,-0.01673174649477,0.9517609477043152,0.529914915561676,0.1232688799500465,0.0503884106874465,0.9667491316795348,0.5722109079360962,0.1295830756425857,0.0664753094315528,0.9339486360549928,0.5327026844024658,0.102900892496109,0.051137700676918,0.5648123025894165,0.5692068338394165,0.1075704768300056,0.0681427419185638,0.5587416291236877,0.5343210101127625,0.0749325677752494,-0.0632227957248687,0.9433462619781494,0.5748127102851868,0.0809100344777107,-0.0399469658732414,0.9184747934341432,hoyeon_stand_normal_01,22.36068,22.825424,20.248457,18.601075,15.0,10.816654,8.544004,6.0,5.385165,7.071068,9.433981,10.77033,13.0,15.811388,18.027756,19.313208,21.540659,22.847319,23.259407,22.36068,20.59126,17.888544,14.866069,11.045361,10.440307,12.206556,12.083046,11.661904,11.401754,9.219544,7.071068,4.242641,2.0,2.236068,5.09902,7.28011,8.544004,9.848858,10.77033,11.18034,10.816654,11.401754,9.219544,8.485281,7.071068,4.242641,2.236068,3.162278,7.0,11.045361,16.124515,19.646883,14.317821,14.866069,13.416408,13.038405,12.806248,12.041595,10.630146,9.433981,8.062258,6.324555,5.09902,3.162278,3.605551,5.0,7.28011,8.944272,12.529964,14.764823,17.492856,19.723083,20.248457,21.095023,20.59126,18.35756,17.0,13.416408,5.656854,4.472136,4.123106,5.656854,7.615773,9.486833,11.045361,11.0,12.041595,11.18034,10.440307,9.486833,7.615773,6.708204,5.0,2.828427,2.0,2.828427,5.09902,7.0,9.0,11.0,13.038405,14.035669,15.033296,15.0,14.764823,15.652476,17.0,16.552945,16.155494,14.866069,14.56022,12.369317,10.049876,8.062258,6.082763,4.123106,2.828427,3.0,5.385165,7.615773,10.77033,13.928388,17.088007,18.973666,20.615528,20.396078,20.223748,19.104973,16.03122,13.0,12.649111,13.601471,14.56022,15.811388,14.56022,13.341664,12.165525,10.0,8.062258,7.28011,7.211103,7.071068,7.81025,8.062258,8.944272,9.848858,9.848858,11.18034,11.18034,10.77033,10.77033,10.440307,9.219544,10.0,11.18034,11.7047
hoyeon_stand_normal_01,228,76,7.600415300546448,29.998360745314464,10,0.5512505769729614,0.680724561214447,-0.2469498217105865,0.99998676776886,0.546016275882721,0.6923965811729431,-0.2366234213113784,0.9999592900276184,0.5429840087890625,0.6917017698287964,-0.2366282641887664,0.9999629855155944,0.5403375625610352,0.6905511617660522,-0.2366508543491363,0.9999655485153198,0.5539930462837219,0.693094789981842,-0.2359755039215088,0.999945342540741,0.5563362240791321,0.6932080984115601,-0.2359959483146667,0.9999439120292664,0.5588496923446655,0.69283527135849,-0.2359982132911682,0.9999419450759888,0.5356837511062622,0.6815977692604065,-0.1546065062284469,0.9999472498893738,0.5608969330787659,0.6850761771202087,-0.1516608595848083,0.9998806118965148,0.545559823513031,0.6666828989982605,-0.2147394716739654,0.9999831318855286,0.55670565366745,0.6681133508682251,-0.2139840275049209,0.9999715089797974,0.5146414637565613,0.606711208820343,-0.0840638428926467,0.9999761581420898,0.5796802043914795,0.6036524772644043,-0.0754921436309814,0.9999217987060548,0.5058586001396179,0.5061770677566528,-0.0229417141526937,0.9857389330863952,0.5849381685256958,0.5049724578857422,-0.0249336473643779,0.9520259499549866,0.5014236569404602,0.4247716963291168,-0.0767879486083984,0.9689946174621582,0.5928351283073425,0.4186142385005951,-0.0854542553424835,0.9066380262374878,0.4979607164859772,0.3969800174236297,-0.0942612886428833,0.9359021186828612,0.5973959565162659,0.3897336721420288,-0.104296751320362,0.8429886102676392,0.5028824806213379,0.3966846466064453,-0.1226094290614128,0.9413737654685974,0.5936110615730286,0.3885972499847412,-0.1343724578619003,0.8530004024505615,0.5055862665176392,0.4054430425167084,-0.088914155960083,0.9290750622749328,0.5905678272247314,0.3980794548988342,-0.098742589354515,0.8427386283874512,0.5278733372688293,0.4302563965320587,-0.0046453685499727,0.9995793104171752,0.5693765878677368,0.4315475821495056,0.0045884600840508,0.999444842338562,0.5259739756584167,0.2722661197185516,-0.0296585876494646,0.966644287109375,0.5726293921470642,0.2776677310466766,-0.0167158655822277,0.951909840106964,0.5298932790756226,0.1232757717370987,0.0480671897530555,0.966825544834137,0.5722171068191528,0.1294462382793426,0.0643065273761749,0.934246838092804,0.532672643661499,0.102901391685009,0.0485723949968814,0.5648097991943359,0.5692106485366821,0.1072960644960403,0.0656013339757919,0.5598201751708984,0.5343211889266968,0.0749315693974495,-0.0659880638122558,0.9435168504714966,0.574812114238739,0.0808852687478065,-0.0424387045204639,0.9187816977500916,hoyeon_stand_normal_01,21.931712,22.135944,19.646883,17.262677,14.317821,10.198039,7.615773,5.0,5.09902,7.28011,8.944272,10.816654,13.038405,15.811388,17.204651,19.416488,20.808652,22.472205,22.472205,21.954498,20.59126,17.492856,14.21267,11.401754,10.440307,12.165525,13.341664,13.038405,11.0,10.0,7.071068,5.0,2.236068,3.0,5.385165,7.615773,8.544004,10.440307,10.440307,11.18034,11.045361,11.0,10.0,9.055385,7.071068,4.123106,1.0,2.828427,7.071068,11.313708,15.620499,18.867962,12.0,12.6592355,12.509214,12.083046,12.234076,11.811451,11.8959695,11.8584135,11.5112455,10.938794,10.6928915,11.1336255,11.355262,12.562002,13.513149,14.6121685,15.3154285,15.422342,14.5365585,13.7642835,12.830878,13.948912,16.251664,18.101840000000003,19.119165,18.831528,10.5982765,10.7321245,12.0524865,12.867251,13.2411105,12.4330345,12.1860405,10.7944305,9.9646105,9.854102,9.495295,9.8912315,10.32196,10.6055515,10.3948,9.942186,9.2462115,9.4995615,10.3600225,11.422909,11.4021425,11.4142485,11.3750305,10.852248,10.8318645,11.1900395,14.764823,11.661904,10.0,8.062258,7.071068,9.055385,11.401754,12.369317,15.297059,16.124515,18.027756,19.026298,19.235384,20.615528,19.924859,19.697716,18.35756,16.643317,13.038405,9.433981,5.09902,4.242641,7.28011,12.041595,16.124515,18.11077,7.615773,7.071068,6.708204,9.219544,11.045361,14.035669,15.033296,17.117243,17.117243,17.029386,17.029386,15.033296,14.0,12.0,11.045361,10.198039,10.440307,9.848858,10.29563,12.206556,13.601471,15.0,17.204651,18.027756,18.35756,17.492856
hoyeon_stand_normal_01,231,77,7.700420765027323,29.998360745314464,10,0.5512049794197083,0.6808657050132751,-0.2454439997673034,0.9999868869781494,0.5459811091423035,0.6924811601638794,-0.2349415868520736,0.9999594688415528,0.542952835559845,0.6917786598205566,-0.2349467426538467,0.999963104724884,0.5403107404708862,0.6906282305717468,-0.2349678128957748,0.9999656081199646,0.5539358258247375,0.6932169198989868,-0.2343244403600692,0.9999457001686096,0.5562609434127808,0.6933703422546387,-0.2343440055847168,0.9999443888664246,0.5587729811668396,0.6930297613143921,-0.2343466430902481,0.999942421913147,0.5356350541114807,0.6816468238830566,-0.1529808789491653,0.9999472498893738,0.5608454942703247,0.6852751970291138,-0.1501769721508026,0.999881386756897,0.54552161693573,0.6667895317077637,-0.2133450955152511,0.9999831914901732,0.5566535592079163,0.6682522296905518,-0.212635189294815,0.9999716877937316,0.5145667195320129,0.6067078113555908,-0.0831439420580864,0.999975860118866,0.5796796083450317,0.6036944389343262,-0.074414812028408,0.999922215938568,0.5058099031448364,0.5061869025230408,-0.0217701718211174,0.9855779409408568,0.5849290490150452,0.5049461126327515,-0.023746371269226,0.9519697427749634,0.5013495683670044,0.4248125553131103,-0.0746183544397354,0.9684059619903564,0.5928322672843933,0.4186010360717773,-0.0838874578475952,0.906463623046875,0.49793741106987,0.3970042169094085,-0.0915037021040916,0.9348880648612976,0.5973920226097107,0.3897271156311035,-0.1026306822896003,0.8427039980888367,0.5028669238090515,0.3966964781284332,-0.1199905797839164,0.9404391050338744,0.5936114192008972,0.3885936737060547,-0.1324475258588791,0.8527224659919739,0.5055564045906067,0.4054644703865051,-0.0867652744054794,0.9280291199684144,0.5905694961547852,0.3980699181556701,-0.0970774367451667,0.8424135446548462,0.5278676748275757,0.4302584230899811,-0.0047116591595113,0.9995802044868468,0.5693767070770264,0.4315387606620788,0.0046548238024115,0.9994481205940248,0.5259585976600647,0.2725861668586731,-0.0297317765653133,0.9668298959732056,0.5726829767227173,0.2776714265346527,-0.0166804585605859,0.9524357318878174,0.5298577547073364,0.1232924982905387,0.0475670620799064,0.9671855568885804,0.5723103880882263,0.1294004023075103,0.0639806762337684,0.9352405071258544,0.5326653718948364,0.102910965681076,0.0480601824820041,0.5666074156761169,0.5692592263221741,0.1072613149881362,0.0652279108762741,0.5634111762046814,0.5343101024627686,0.0749335139989852,-0.0662443786859512,0.9441677331924438,0.5748706459999084,0.0808467343449592,-0.0425754226744174,0.9199587106704712,hoyeon_stand_normal_01,22.203603,22.022716,21.213203,17.691806,14.866069,11.313708,8.602325,6.324555,5.09902,6.403124,7.211103,9.433981,12.083046,13.928388,16.155494,18.384776,20.615528,21.931712,21.931712,21.023796,19.235384,16.552945,12.649111,10.049876,8.544004,9.899495,12.041595,10.816654,10.29563,8.544004,6.324555,3.605551,2.0,3.605551,5.830952,7.211103,9.433981,10.0,10.630146,11.313708,12.041595,11.401754,10.816654,9.433981,7.211103,5.0,2.236068,2.828427,7.28011,11.7047,15.231546,19.235384,10.198039,11.0,12.165525,11.7047,12.206556,12.727922,13.892444,15.231546,15.811388,17.464249,18.248288,19.104973,20.024984,21.023796,20.024984,19.026298,17.0,15.0,11.045361,6.324555,3.162278,6.403124,11.661904,16.124515,21.095023,24.698178,16.278821,18.681542,19.697716,19.723083,18.439089,16.278821,12.529964,10.198039,8.246211,7.071068,8.544004,10.0,12.165525,13.601471,15.231546,16.552945,17.0,17.492856,17.492856,17.492856,16.124515,13.416408,11.401754,9.055385,7.615773,7.81025,13.453624,15.620499,16.401219,16.401219,15.811388,14.764823,13.416408,11.7047,9.486833,8.544004,6.324555,4.472136,2.828427,3.0,5.385165,8.062258,11.18034,13.892444,16.552945,18.384776,19.313208,19.924859,19.646883,18.439089,15.297059,12.165525,13.152946,14.142136,15.033296,15.033296,15.033296,13.152946,12.369317,10.440307,8.944272,7.211103,7.81025,7.615773,7.28011,8.246211,9.055385,9.219544,10.049876,10.049876,10.198039,11.18034,10.049876,10.049876,10.049876,10.198039,10.77033,11.661904
hoyeon_stand_normal_01,234,78,7.800426229508196,29.998360745314464,10,0.5511990189552307,0.6811083555221558,-0.2357183396816253,0.9999868273735046,0.5459689497947693,0.6926378011703491,-0.2252113223075866,0.9999589920043944,0.5429452657699585,0.6919438242912292,-0.2252170294523239,0.9999626278877258,0.5402966737747192,0.6908127665519714,-0.2252369672060012,0.9999651312828064,0.553898811340332,0.6934219002723694,-0.2244710922241211,0.9999454021453856,0.5561997294425964,0.6936267614364624,-0.2244911938905716,0.9999441504478456,0.5586931109428406,0.6933450698852539,-0.2244956195354461,0.9999423027038574,0.5355765223503113,0.6817730665206909,-0.1442057341337204,0.9999459981918336,0.5607312917709351,0.6855682730674744,-0.1408974677324295,0.9998804330825806,0.545518159866333,0.6669978499412537,-0.2040529102087021,0.9999828934669496,0.5566356778144836,0.668512225151062,-0.2031845152378082,0.9999713897705078,0.5143650770187378,0.6067394614219666,-0.076491579413414,0.9999753832817078,0.5796709656715393,0.6038002967834473,-0.068146601319313,0.999922811985016,0.5057682394981384,0.5062020421028137,-0.0183596089482307,0.9853144884109496,0.5849241018295288,0.5049430131912231,-0.0197201166301965,0.9517885446548462,0.5012013912200928,0.4248594641685486,-0.0713086575269699,0.9678661823272704,0.5928314328193665,0.4186139702796936,-0.0793934687972068,0.9064512252807616,0.4977796971797943,0.397030621767044,-0.0883767679333686,0.9340395331382751,0.59739089012146,0.3897350132465362,-0.0982296392321586,0.8427706360816956,0.5027620196342468,0.3967347741127014,-0.1164360791444778,0.9396564960479736,0.5936210751533508,0.3886118233203888,-0.1278571635484695,0.8527791500091553,0.5054594874382019,0.4055098295211792,-0.0833652392029762,0.927116870880127,0.5905822515487671,0.3980785608291626,-0.0925284102559089,0.8424758911132812,0.5278594493865967,0.4302229881286621,-0.0047131022438406,0.9995817542076112,0.5693773031234741,0.4314977526664734,0.0046564135700464,0.9994529485702516,0.5259771347045898,0.2725827395915985,-0.0285438690334558,0.9669561386108398,0.57273268699646,0.2776630520820617,-0.0164634604007005,0.952744483947754,0.5298663973808289,0.1232542097568512,0.047434639185667,0.9675087332725524,0.5723924040794373,0.1293691396713256,0.0639271885156631,0.9359073638916016,0.5326846837997437,0.1028942093253135,0.0478482283651828,0.5696406960487366,0.5693266987800598,0.1072217300534248,0.0651652589440345,0.5657930374145508,0.534305214881897,0.0749214068055152,-0.0661267563700676,0.9447649717330932,0.5749446749687195,0.0808482691645622,-0.0424320921301841,0.920781672000885,hoyeon_stand_normal_01,21.587033,21.213203,19.026298,17.0,14.0,10.0,7.071068,4.472136,4.123106,5.09902,7.615773,9.848858,11.18034,13.892444,16.124515,18.35756,20.124612,21.023796,21.931712,20.615528,19.313208,16.552945,13.038405,9.899495,10.440307,12.0,12.165525,12.041595,11.0,9.0,7.0,4.0,2.236068,3.0,6.324555,8.246211,9.219544,11.18034,12.041595,12.041595,12.0,12.041595,11.045361,10.198039,7.28011,5.09902,2.0,2.0,6.403124,10.816654,14.764823,17.888544,11.18034,12.649111,13.152946,13.0,13.152946,13.928388,13.892444,15.620499,16.278821,17.804494,18.601075,18.867962,18.867962,19.723083,20.124612,17.888544,17.464249,14.317821,11.7047,6.324555,3.162278,5.09902,10.29563,14.422205,20.0,23.600847,17.0,18.601075,19.79899,20.0,18.867962,16.155494,14.142136,11.045361,8.944272,8.062258,9.055385,10.198039,12.083046,13.038405,14.21267,16.278821,16.278821,17.691806,16.278821,16.278821,14.866069,12.041595,9.433981,7.28011,7.071068,8.602325,13.416408,10.29563,8.602325,7.071068,6.324555,8.0,9.055385,11.18034,12.041595,13.038405,15.0,16.124515,16.492423,16.763055,17.0,16.643317,15.811388,14.21267,11.313708,7.81025,4.472136,4.242641,7.28011,11.18034,14.317821,16.492423,7.615773,6.403124,7.211103,8.246211,10.049876,13.038405,14.035669,15.132746,16.03122,16.03122,15.033296,14.0,13.0,12.0,11.045361,9.055385,9.219544,9.486833,9.848858,10.816654,12.206556,13.601471,14.422205,15.811388,16.124515,16.124515
hoyeon_stand_normal_01,237,79,7.900431693989071,29.998360745314464,10,0.5511914491653442,0.6813552975654602,-0.236806645989418,0.9999868273735046,0.5459489226341248,0.69280606508255,-0.2263464480638504,0.999958872795105,0.5429311990737915,0.692129909992218,-0.2263514995574951,0.9999624490737916,0.5402755737304688,0.691034734249115,-0.2263722717761993,0.9999650120735168,0.553847074508667,0.693620502948761,-0.2255861908197403,0.9999454617500304,0.5561065077781677,0.6938744187355042,-0.2256067246198654,0.999944269657135,0.558559775352478,0.6936706304550171,-0.225610464811325,0.9999425411224364,0.5354861617088318,0.6819384694099426,-0.1451677531003952,0.9999454021453856,0.5605477094650269,0.6858810782432556,-0.1417173445224762,0.9998802542686462,0.5455137491226196,0.6673046350479126,-0.2050515115261078,0.9999828338623048,0.5565919876098633,0.6689085960388184,-0.2041438668966293,0.9999713897705078,0.5141818523406982,0.6068295240402222,-0.0769858732819557,0.9999751448631288,0.5796531438827515,0.6039745807647705,-0.0685378164052963,0.999923586845398,0.505730390548706,0.5062171220779419,-0.0184997003525495,0.9852025508880616,0.5849288702011108,0.5049402117729187,-0.0198950078338384,0.9518078565597534,0.5010281205177307,0.4248915016651153,-0.0714777782559394,0.9675169587135316,0.592844545841217,0.4186139404773712,-0.079544298350811,0.9066511392593384,0.4975496828556061,0.3970440626144409,-0.0886944904923439,0.9334151148796082,0.5973901152610779,0.3897434771060943,-0.0984509363770484,0.8430466055870056,0.5025492906570435,0.3967494368553161,-0.1166781634092331,0.9390936493873596,0.593632161617279,0.3886326849460602,-0.1281177550554275,0.853044331073761,0.5052934885025024,0.4055263102054596,-0.083562932908535,0.9264898896217346,0.5906069874763489,0.3980839848518371,-0.0926947966217994,0.8427028656005859,0.5278595089912415,0.430228054523468,-0.0047106463462114,0.9995850920677184,0.5693928003311157,0.4314940273761749,0.0046538594178855,0.9994590282440186,0.5259473323822021,0.2725805342197418,-0.0285594835877418,0.9671133756637572,0.5728508830070496,0.2776986956596374,-0.0164419654756784,0.9531939625740052,0.5298731327056885,0.1231835931539535,0.0474397465586662,0.9678383469581604,0.5726792812347412,0.1294430196285247,0.0639655217528343,0.93662428855896,0.5326889157295227,0.1028220057487487,0.0478772893548011,0.5724005699157715,0.5695272088050842,0.1072195693850517,0.065219335258007,0.5679286122322083,0.5343069434165955,0.0749141573905944,-0.0660785511136055,0.945356011390686,0.5750393271446228,0.0808456540107727,-0.042288240045309,0.9216105937957764,hoyeon_stand_normal_01,23.706539,23.323808,21.400935,18.439089,14.866069,11.401754,7.211103,5.09902,3.605551,5.830952,7.28011,10.198039,12.165525,15.132746,17.117243,19.104973,21.213203,22.36068,22.36068,21.587033,19.416488,17.262677,13.038405,10.198039,10.630146,12.529964,12.806248,12.727922,10.630146,8.602325,6.403124,4.242641,2.236068,3.605551,6.708204,8.944272,10.29563,12.206556,12.806248,12.806248,12.727922,12.727922,12.041595,10.816654,8.602325,5.830952,2.828427,2.236068,7.071068,11.18034,16.492423,19.924859,14.21267,13.453624,12.206556,12.083046,11.7047,10.198039,9.055385,8.0,6.082763,5.385165,4.242641,3.162278,4.123106,6.403124,8.485281,10.816654,13.892444,17.0,19.235384,20.59126,22.36068,21.954498,21.470911,20.59126,18.35756,15.264338,5.385165,5.0,6.082763,8.246211,10.29563,12.041595,12.727922,13.601471,13.892444,13.416408,13.0,11.7047,9.486833,7.28011,6.082763,4.0,2.236068,2.236068,4.242641,6.403124,8.944272,11.18034,13.416408,14.317821,14.764823,15.264338,14.566373,11.543478,9.609772,7.930992,7.1410855,7.936254,9.937144,11.44252,13.4833965,14.8824115,16.262867,17.087607,18.0654475,18.6535255,18.9182295,18.371168,17.3600225,15.3778605,12.428823,8.881774,5.1925825,4.123106,6.889636,11.01595,14.9165845,17.0465125,8.031129,7.930992,8.3322915,9.609772,11.872475,13.672398,15.521467,16.925531,17.592146999999997,17.592146999999997,17.276128,15.442011,14.1231045,13.208204,11.893873,10.6053185,10.319173,10.1239575,10.5226805,12.0207975,13.076473,14.571068,16.0622575,17.5586215,17.528571,17.570078
hoyeon_stand_normal_01,240,80,8.000437158469945,29.998360745314464,10,0.5511668920516968,0.6816282868385315,-0.2330996543169021,0.9999865889549256,0.5459012389183044,0.6930049061775208,-0.2225358039140701,0.9999579787254332,0.5428875684738159,0.6923419237136841,-0.2225420176982879,0.9999616146087646,0.5402292013168335,0.6912773847579956,-0.2225635796785354,0.9999642372131348,0.5537672638893127,0.6938574314117432,-0.2217490226030349,0.999944508075714,0.5559899806976318,0.6941593289375305,-0.2217701375484466,0.9999433755874634,0.5583977103233337,0.6940464377403259,-0.2217761725187301,0.9999417066574096,0.535358190536499,0.6820822358131409,-0.1411450505256652,0.9999437928199768,0.5603783130645752,0.6862572431564331,-0.1374722123146057,0.9998779296875,0.545491099357605,0.6676241755485535,-0.2012880742549896,0.9999825358390808,0.5565110445022583,0.6693551540374756,-0.2003125101327896,0.9999709725379944,0.5140095353126526,0.6069058179855347,-0.0730609819293022,0.99997478723526,0.5796181559562683,0.6041206121444702,-0.0653071403503418,0.9999237060546876,0.5056788921356201,0.5062863826751709,-0.0160792376846075,0.9850776791572572,0.5849254727363586,0.5049311518669128,-0.0172772873193025,0.9517191052436828,0.500816822052002,0.4250548481941223,-0.0705375000834465,0.9672853946685792,0.5928391218185425,0.4186165630817413,-0.0776421800255775,0.9070120453834534,0.4972856640815735,0.3971168994903564,-0.0880509912967681,0.933053731918335,0.5973581075668335,0.3897782564163208,-0.0968706980347633,0.8436855673789978,0.5023425817489624,0.3967971205711365,-0.116073690354824,0.9387760162353516,0.5936320424079895,0.3886875212192535,-0.1266887933015823,0.8536787629127502,0.505115270614624,0.4055619835853576,-0.0826747193932533,0.9261308312416076,0.5906089544296265,0.3981100022792816,-0.090881735086441,0.8433193564414978,0.5278517007827759,0.4301819801330566,-0.0046805306337773,0.9995854496955872,0.5693988800048828,0.4314539134502411,0.0046245870180428,0.9994603395462036,0.5259411334991455,0.2722728252410888,-0.0287235770374536,0.9671877026557922,0.5728989243507385,0.2776179909706116,-0.0170388147234916,0.9532495737075806,0.5298861265182495,0.122978962957859,0.0475735403597354,0.9679241180419922,0.5727813839912415,0.1293841004371643,0.063964731991291,0.936721920967102,0.5326969027519226,0.1027387231588363,0.0480953864753246,0.5733394622802734,0.5696265697479248,0.1071186512708664,0.0652292743325233,0.5679183602333069,0.5343093872070312,0.0748996213078498,-0.0659300610423088,0.945503294467926,0.5750674605369568,0.0808364078402519,-0.0423154756426811,0.9217451214790344,hoyeon_stand_normal_01,23.600847,22.671568,21.213203,18.439089,15.0,10.630146,7.81025,5.385165,5.09902,5.656854,7.211103,10.29563,12.083046,14.317821,17.464249,18.788294,21.023796,22.36068,22.825424,21.954498,19.723083,17.0,13.928388,11.045361,10.440307,12.806248,13.038405,12.806248,11.313708,9.219544,7.071068,4.242641,3.0,3.605551,6.708204,8.944272,10.29563,12.206556,12.806248,12.806248,12.727922,12.041595,11.401754,10.816654,8.602325,5.830952,2.828427,2.828427,6.324555,11.7047,16.155494,18.788294,14.142136,14.21267,13.038405,13.0,11.7047,11.18034,10.049876,9.0,7.071068,5.385165,5.0,3.605551,4.123106,5.0,7.81025,10.0,12.529964,15.652476,17.888544,19.697716,21.023796,21.023796,20.615528,18.788294,16.552945,14.317821,5.385165,5.0,6.0,6.708204,9.219544,10.630146,11.661904,13.0,12.649111,12.369317,12.165525,10.049876,9.0,7.0,5.09902,3.605551,2.236068,3.162278,4.242641,6.403124,9.433981,11.18034,12.529964,14.764823,15.264338,15.264338,13.928388,11.7047,8.944272,7.81025,7.615773,8.246211,10.049876,12.041595,14.035669,15.132746,16.278821,17.088007,17.464249,18.35756,18.601075,17.804494,16.970563,14.866069,12.041595,8.485281,4.472136,4.472136,7.211103,11.18034,14.317821,17.0,6.324555,6.403124,7.211103,8.246211,11.18034,13.038405,14.0,16.0,16.0,16.03122,16.0,15.033296,13.038405,12.041595,10.049876,10.0,9.055385,9.486833,9.848858,11.18034,12.529964,14.317821,15.652476,16.552945,17.088007,16.155494
hoyeon_stand_normal_01,243,81,8.100442622950819,29.998360745314464,10,0.551101803779602,0.6819497346878052,-0.2354429513216018,0.999986469745636,0.545833170413971,0.693177342414856,-0.225049078464508,0.9999575018882751,0.5428226590156555,0.6925380825996399,-0.2250549495220184,0.9999611377716064,0.5401691198348999,0.6915332078933716,-0.2250769585371017,0.9999638199806212,0.553668200969696,0.6940291523933411,-0.2240293473005294,0.999944031238556,0.5558602809906006,0.6943557262420654,-0.2240515202283859,0.99994295835495,0.5582221150398254,0.6942983865737915,-0.2240598499774933,0.999941349029541,0.5351954102516174,0.6822741627693176,-0.1442727893590927,0.99994295835495,0.5602258443832397,0.686556875705719,-0.1394830197095871,0.9998766779899596,0.5454257130622864,0.6680973172187805,-0.2038651406764984,0.9999823570251464,0.5563958883285522,0.6698843240737915,-0.2025801837444305,0.9999706745147704,0.5137730240821838,0.6069190502166748,-0.0763716623187065,0.9999743700027466,0.5795469284057617,0.6042965650558472,-0.0667274817824363,0.9999238848686218,0.5056697726249695,0.5062800645828247,-0.0191358719021081,0.9848706126213074,0.5849111676216125,0.5049295425415039,-0.0178967546671628,0.9513983130455016,0.500773549079895,0.4250573217868805,-0.0731483697891235,0.966495931148529,0.5928176641464233,0.4186094999313354,-0.0777470842003822,0.9064648747444152,0.4972662031650543,0.3971193432807922,-0.0904536098241806,0.9317189455032348,0.5973038077354431,0.3897773623466491,-0.0969296991825103,0.8429321646690369,0.5023128986358643,0.3967903554439544,-0.1186027750372886,0.9375454783439636,0.5936077833175659,0.3886958658695221,-0.1267821192741394,0.8529611825942993,0.5050897598266602,0.4055435955524444,-0.0852901563048362,0.9247688055038452,0.5905961990356445,0.3981077969074249,-0.0909714251756668,0.8425706624984741,0.52785325050354,0.4302231073379516,-0.004772855900228,0.9995861649513244,0.5693997740745544,0.4314988255500793,0.0047157951630651,0.9994625449180604,0.5259382724761963,0.2723561823368072,-0.0288267489522695,0.9671102166175842,0.5729103684425354,0.2779774367809295,-0.0165567304939031,0.9533777236938475,0.5299045443534851,0.1230608746409416,0.0474224910140037,0.9680534601211548,0.5728397965431213,0.1296725571155548,0.0644390806555748,0.9370774030685424,0.5327090620994568,0.1027961522340774,0.0479371286928653,0.573884129524231,0.5696401596069336,0.1075415089726448,0.065763883292675,0.5696930289268494,0.5344502925872803,0.0749180987477302,-0.0661471709609031,0.9457037448883056,0.5750965476036072,0.0809652432799339,-0.0415692739188671,0.9222217798233032,hoyeon_stand_normal_01,2.828427,3.605551,7.071068,9.899495,12.041595,13.453624,14.142136,14.142136,14.142136,13.453624,12.041595,11.401754,10.29563,9.848858,8.246211,7.0,7.615773,9.219544,11.661904,15.231546,18.384776,21.540659,23.769729,25.079872,25.495098,23.706539,5.0,7.0,9.0,11.045361,13.152946,13.341664,13.601471,12.649111,12.083046,10.29563,8.062258,5.830952,3.605551,2.236068,1.0,3.162278,5.830952,7.615773,9.848858,11.7047,13.601471,14.317821,15.297059,14.142136,12.041595,9.055385,10.77033,11.7047,12.165525,13.0,13.152946,13.0,14.422205,14.866069,15.620499,17.204651,18.35756,19.235384,19.235384,20.615528,20.248457,19.313208,18.027756,15.811388,12.369317,8.062258,3.605551,5.09902,9.433981,15.0,19.104973,23.345235,17.691806,20.0,20.124612,20.248457,18.681542,16.03122,13.038405,9.848858,8.602325,7.071068,8.544004,10.816654,12.041595,13.601471,15.264338,17.0,17.888544,17.888544,17.464249,16.552945,14.764823,12.529964,10.0,6.403124,6.082763,6.403124,15.652476,14.317821,11.7047,9.055385,9.219544,9.848858,11.401754,12.806248,15.0,16.643317,18.35756,19.697716,19.924859,21.377558,21.095023,20.024984,20.024984,17.117243,14.142136,10.049876,6.082763,4.242641,7.071068,11.401754,15.811388,17.720045,9.219544,8.062258,9.486833,11.661904,14.21267,15.556349,17.691806,19.104973,19.79899,19.79899,19.104973,17.029386,15.620499,14.866069,13.453624,12.041595,11.401754,11.661904,12.529964,13.0,14.866069,16.763055,18.027756,19.313208,19.697716,18.788294
hoyeon_stand_normal_01,246,82,8.200448087431694,29.998360745314464,10,0.5510050654411316,0.6822501420974731,-0.2362453043460846,0.9999862909317015,0.5457234978675842,0.6933334469795227,-0.2258195430040359,0.9999568462371826,0.5427137017250061,0.6927083730697632,-0.2258254885673523,0.9999604225158693,0.54007887840271,0.6917514801025391,-0.2258472889661789,0.9999632239341736,0.5535275936126709,0.6941837668418884,-0.2248849272727966,0.9999434351921082,0.5556968450546265,0.6945270895957947,-0.2249067723751068,0.9999423027038574,0.558010458946228,0.6945213079452515,-0.2249139994382858,0.9999408721923828,0.5349999070167542,0.6824342608451843,-0.144824594259262,0.9999417066574096,0.5600717067718506,0.6868185997009277,-0.1404208391904831,0.9998751282691956,0.5453484654426575,0.668537437915802,-0.2045697569847107,0.9999820590019226,0.5562317967414856,0.6704121232032776,-0.2033983916044235,0.999970316886902,0.5135766863822937,0.6069275736808777,-0.0766529664397239,0.999973475933075,0.5794923305511475,0.6044952869415283,-0.0672951936721801,0.9999238848686218,0.5056647658348083,0.5062395930290222,-0.0191380437463521,0.984592854976654,0.5848721861839294,0.5049270391464233,-0.0182114709168672,0.9511931538581848,0.5007143616676331,0.4250666201114654,-0.0730656534433364,0.9655654430389404,0.5927859544754028,0.4186092615127563,-0.0782209858298301,0.9064116477966307,0.4972366392612457,0.3971246778964996,-0.0903304815292358,0.9301767349243164,0.5972253084182739,0.3898338973522186,-0.0973539277911186,0.8430081605911255,0.5022900700569153,0.396791011095047,-0.118532009422779,0.936107873916626,0.5935783386230469,0.3887844085693359,-0.1271954923868179,0.8530486822128296,0.5050636529922485,0.4055433869361877,-0.0852189511060714,0.9231436252593994,0.5905842185020447,0.3981485366821289,-0.0914425998926162,0.8426328897476196,0.5278504490852356,0.4302112162113189,-0.0047997622750699,0.999581813812256,0.569400429725647,0.4314530193805694,0.0047431429848074,0.9994619488716124,0.5259202122688293,0.2723892629146576,-0.0284316167235374,0.9671927094459534,0.5729310512542725,0.278021365404129,-0.0163332633674144,0.9538556933403016,0.5299187302589417,0.123103529214859,0.0476871840655803,0.9682642221450806,0.572866678237915,0.1296585351228714,0.0644600093364715,0.9377573132514954,0.5327585339546204,0.1027886122465133,0.0481538549065589,0.5754172205924988,0.5696442127227783,0.107416070997715,0.0657774955034256,0.572553277015686,0.5345333814620972,0.075084313750267,-0.065983310341835,0.9460437297821044,0.5752156972885132,0.0809554532170295,-0.0415762886404991,0.9229542016983032,hoyeon_stand_normal_01,4.0,4.472136,7.071068,10.0,12.041595,13.0,14.0,13.0,13.0,12.0,12.041595,11.045361,10.198039,8.544004,8.062258,6.403124,6.324555,7.0,9.486833,12.529964,16.124515,18.867962,21.095023,21.954498,22.36068,20.615528,2.828427,5.0,7.071068,9.219544,10.630146,11.401754,11.661904,11.18034,9.848858,8.544004,6.324555,5.09902,2.0,1.0,2.0,4.0,6.082763,8.246211,10.440307,11.7047,13.928388,14.317821,14.764823,13.892444,12.206556,9.433981,13.892444,12.806248,12.727922,12.206556,11.18034,10.77033,10.198039,9.055385,7.0,6.082763,4.472136,3.605551,4.123106,5.385165,7.211103,9.899495,12.041595,15.620499,17.804494,19.209373,20.0,20.0,20.0,19.209373,17.029386,13.453624,5.0,4.472136,5.09902,7.211103,9.219544,11.18034,12.649111,13.341664,13.152946,13.038405,12.0,11.0,9.055385,7.071068,5.385165,3.605551,2.236068,2.828427,5.0,6.708204,9.486833,11.401754,13.601471,14.56022,14.56022,14.866069,15.325268166666667,14.5297875,13.071721333333333,11.515700833333334,11.239701,11.461708666666668,11.976186333333334,12.467169,13.465670166666666,13.803065166666666,14.259444833333331,14.413210166666666,14.40248,15.252968166666667,15.852670166666666,16.292941,17.013553333333334,16.260569333333333,14.945677666666668,13.280467000000002,11.227824833333337,10.057241833333332,11.924439166666666,14.2075845,16.029429333333333,16.482037166666665,9.984840166666668,9.648110333333335,10.849211,12.140003833333331,13.637751666666666,14.399098333333336,15.345626500000002,15.594723833333331,15.648629333333332,15.130087666666666,14.597569333333333,13.238505333333332,12.546849666666668,12.090539499999998,11.357912333333331,10.974280333333333,10.518250833333331,10.7973235,11.384213333333332,11.904782999999998,12.899149,14.006722666666668,15.090223833333331,16.004588666666667,16.337651,16.064630666666666
hoyeon_stand_normal_01,252,84,8.400459016393443,29.998360745314464,10,0.5507354140281677,0.6824575066566467,-0.2343607693910598,0.9999859929084778,0.5454623699188232,0.6934592723846436,-0.2236550003290176,0.999955713748932,0.5424625873565674,0.6928421258926392,-0.2236615121364593,0.9999591708183287,0.5398958921432495,0.6919308304786682,-0.2236837297677993,0.9999622106552124,0.5532205700874329,0.6943038702011108,-0.2230186909437179,0.9999425411224364,0.5553720593452454,0.6946642994880676,-0.2230410128831863,0.9999412894248962,0.5576212406158447,0.6947126984596252,-0.2230477929115295,0.9999402165412904,0.5347478985786438,0.6825583577156067,-0.1423050612211227,0.9999393820762634,0.5598143935203552,0.6870967149734497,-0.1393259614706039,0.999872386455536,0.5451743006706238,0.6689355373382568,-0.2026918679475784,0.9999815225601196,0.5558699369430542,0.6708153486251831,-0.2019109725952148,0.999969720840454,0.5134154558181763,0.6069369316101074,-0.0754845067858696,0.9999722838401794,0.5794470906257629,0.6046160459518433,-0.0681137293577194,0.9999234080314636,0.5056127309799194,0.5062105655670166,-0.021254189312458,0.9842248558998108,0.5848125219345093,0.5050188302993774,-0.0206456519663333,0.951140820980072,0.500471830368042,0.4250629544258117,-0.0768026262521743,0.9647852182388306,0.5927377343177795,0.4186085760593414,-0.0805515497922897,0.9063040614128112,0.4969132542610168,0.3971241414546966,-0.094483807682991,0.9288432598114014,0.5971285700798035,0.3898643553256988,-0.0997544229030609,0.8428987860679626,0.5020812749862671,0.3967546224594116,-0.1226477399468422,0.934902548789978,0.5935542583465576,0.3888446390628814,-0.1293484717607498,0.8530319333076477,0.5049254298210144,0.4054902493953705,-0.0890196040272712,0.9218191504478456,0.590577244758606,0.3981839716434479,-0.0936907902359962,0.842556893825531,0.5278165340423584,0.430232971906662,-0.0044793956913053,0.9995747208595276,0.5693492293357849,0.4314525425434112,0.0044231256470084,0.9994598031044006,0.5256574749946594,0.2723481059074402,-0.0284880492836236,0.9667182564735411,0.5729218125343323,0.2779254913330078,-0.0174715425819158,0.9535317420959472,0.5299445390701294,0.1230855882167816,0.0492845214903354,0.9676051735877992,0.573067843914032,0.1295265257358551,0.0639594569802284,0.9370702505111694,0.5328242182731628,0.1027941703796386,0.0501615069806575,0.5734925270080566,0.5699716210365295,0.1072604954242706,0.0654066056013107,0.5688496232032776,0.5345052480697632,0.0752196684479713,-0.0628011599183082,0.9451647400856018,0.5754375457763672,0.0809924975037574,-0.041935171931982,0.921932816505432,hoyeon_stand_normal_01,16.437155333333333,15.601880333333334,15.816085333333334,14.747207333333334,13.271738333333332,11.238784666666666,9.538357333333332,8.267191,7.522410333333333,8.788405666666666,9.285978666666669,10.750264333333334,11.675264,12.622023,13.987856333333331,15.340470666666668,16.553874333333336,18.282408666666665,19.124298,19.913861333333333,19.74566633333333,19.496583,17.89248566666667,16.35413966666667,15.828314333333331,16.32345966666667,10.650723,10.687768,10.701907333333333,9.838391333333334,8.565757666666665,7.297250666666666,6.333272333333333,6.070312,7.370103999999999,8.644103666666666,8.848001333333334,9.083537333333334,9.302754,8.901406666666666,8.736000666666667,8.814084333333334,9.072750999999998,8.959550666666667,8.551533999999998,7.475586666666666,5.701301999999999,6.4829126666666665,9.711981,12.039381666666666,14.977766666666668,15.982296,12.821533,13.111328,13.319938,12.5827625,12.6916295,12.5226805,12.25793,12.3591895,12.084359,12.6194295,11.8005375,11.9862695,11.9862695,12.7591425,13.6132445,14.6429115,15.3770465,15.298321,14.9952995,14.0094065,12.259592,11.779178,14.3211445,16.02028,17.7460025,17.8687075,11.295938,11.9701785,12.6737385,13.838094,13.985285,13.8736945,13.1646965,11.1201145,10.124754,9.764982,10.072652,9.994937,9.9540575,10.035534,9.9330345,9.3432265,9.2574445,9.7205495,10.6394105,11.1840635,11.4105075,11.553227,11.2728715,10.701562,11.3457835,11.55614,14.998060333333337,14.741754,14.438742666666665,13.976016666666666,13.259858,13.074559333333331,12.550618666666669,12.12809,11.931340333333331,10.962813333333337,10.161329666666669,9.128704333333332,8.880101,9.128378333333334,10.610317333333333,12.560898,14.002122666666668,15.403895666666664,15.749219333333334,16.511058000000002,16.37288666666667,15.871842666666666,16.77781033333333,17.013415,16.24747066666667,15.244029333333332,10.750136333333336,11.233962666666669,12.211588999999998,12.618103666666665,13.062833333333336,13.241847666666668,12.999447000000002,12.084474666666669,11.498268666666666,10.461185333333331,10.090165666666666,9.447624666666668,9.473200333333333,9.31501,9.262200666666669,9.906965666666666,9.634747666666668,9.932743,10.238462666666663,10.809565999999998,10.932229,11.250390333333334,12.152691666666668,12.695969333333332,12.977586,13.340967333333332
hoyeon_stand_normal_01,255,85,8.500464480874317,29.998360745314464,10,0.5506161451339722,0.6825184226036072,-0.2348806262016296,0.999985933303833,0.5453647971153259,0.693481981754303,-0.2242974787950515,0.9999555945396424,0.5423706769943237,0.6928650736808777,-0.2243034243583679,0.9999589920043944,0.5398278832435608,0.6919668912887573,-0.2243254035711288,0.9999621510505676,0.553104817867279,0.6943244934082031,-0.2235690206289291,0.9999425411224364,0.5552576184272766,0.6946876049041748,-0.2235915511846542,0.9999412894248962,0.5574948787689209,0.6947447061538696,-0.2235987037420272,0.9999402761459352,0.5346810817718506,0.6826042532920837,-0.1429290920495987,0.99993896484375,0.5597517490386963,0.6871390342712402,-0.139397993683815,0.9998719692230223,0.545098602771759,0.6690288782119751,-0.2031270861625671,0.99998140335083,0.5557387471199036,0.6709138751029968,-0.2021923214197158,0.9999696016311646,0.5133904814720154,0.6069400906562805,-0.0763341337442398,0.9999721050262452,0.5794439911842346,0.604611873626709,-0.0687172040343284,0.9999231696128844,0.5056092143058777,0.5062058568000793,-0.0229491107165813,0.9841259121894836,0.5848095417022705,0.5049960017204285,-0.0219428874552249,0.9508788585662842,0.5004337430000305,0.4250809848308563,-0.0788477957248687,0.964528262615204,0.5926973819732666,0.4185613691806793,-0.0812962874770164,0.905888557434082,0.4968264698982239,0.3971356451511383,-0.0966805964708328,0.9284147620201112,0.5970460772514343,0.3898486793041229,-0.1005051583051681,0.8423616290092468,0.5020588040351868,0.3967625200748443,-0.1246547251939773,0.9345112442970276,0.5935156941413879,0.3888427019119262,-0.1299051791429519,0.8525466322898865,0.5049103498458862,0.405491441488266,-0.0909839645028114,0.9213948249816896,0.5905579924583435,0.3981594443321228,-0.0943577289581298,0.8419923782348633,0.527827262878418,0.4302453398704529,-0.004479113034904,0.9995746612548828,0.5693490505218506,0.4314501285552978,0.004422674421221,0.999459743499756,0.5256567597389221,0.2723966538906097,-0.028068546205759,0.9665319919586182,0.572903573513031,0.2779381573200226,-0.0168625023216009,0.953280508518219,0.5300166606903076,0.123102992773056,0.0492776222527027,0.967589259147644,0.5730491876602173,0.1295440346002578,0.0641743391752243,0.936884343624115,0.5328671336174011,0.1027995571494102,0.0501511804759502,0.5741855502128601,0.5699407458305359,0.1073094382882118,0.0656238794326782,0.5680402517318726,0.534621000289917,0.0752902776002883,-0.0628744661808013,0.9452606439590454,0.5754445195198059,0.0810805037617683,-0.0412821248173713,0.921823263168335,hoyeon_stand_normal_01,22.472205,22.36068,20.615528,18.027756,14.866069,11.7047,8.062258,5.656854,5.09902,6.082763,8.062258,10.0,11.401754,13.453624,16.278821,17.691806,19.849433,20.615528,21.400935,20.808652,20.0,17.204651,14.866069,10.816654,10.198039,12.165525,12.727922,12.206556,11.661904,8.944272,6.708204,3.605551,2.0,3.605551,6.403124,9.219544,9.899495,12.041595,12.806248,13.038405,12.529964,12.083046,11.7047,10.440307,8.246211,6.324555,3.605551,3.162278,6.403124,11.401754,15.620499,19.104973,13.0,12.369317,12.041595,11.045361,11.401754,10.77033,8.944272,8.602325,7.071068,5.0,4.472136,3.0,3.605551,5.385165,7.071068,10.0,13.038405,15.132746,18.11077,19.235384,21.213203,21.213203,20.223748,19.104973,17.029386,14.0,5.385165,5.0,6.082763,8.062258,9.486833,11.661904,13.601471,13.453624,14.142136,12.806248,12.206556,10.816654,8.944272,6.708204,5.385165,3.162278,1.414214,2.0,4.472136,6.403124,9.219544,11.313708,12.727922,13.453624,14.21267,13.601471,15.652476,13.892444,10.816654,8.485281,8.544004,9.055385,11.045361,13.152946,14.142136,16.124515,18.0,19.026298,19.235384,20.615528,21.18962,20.124612,19.235384,16.643317,14.422205,10.816654,6.324555,4.472136,6.324555,11.045361,14.035669,17.117243,7.211103,7.81025,8.544004,11.18034,13.038405,15.0,17.029386,18.027756,19.026298,18.0,17.0,16.0,14.0,13.038405,12.041595,11.045361,10.440307,10.77033,11.661904,13.038405,15.0,16.401219,18.027756,19.416488,19.723083,19.235384
hoyeon_stand_normal_01,258,86,8.600469945355192,29.998360745314464,10,0.5504462122917175,0.6826106309890747,-0.2383718788623809,0.9999859929084778,0.5452234148979187,0.6935277581214905,-0.2274933904409408,0.9999558329582214,0.5422306060791016,0.6929078698158264,-0.2275003641843795,0.9999591708183287,0.53972989320755,0.6920258402824402,-0.2275205254554748,0.999962329864502,0.5529713034629822,0.694368839263916,-0.2270776331424713,0.9999430179595948,0.555137038230896,0.694731593132019,-0.2271008193492889,0.9999417662620544,0.5573657751083374,0.6948007941246033,-0.2271075397729873,0.999940812587738,0.5346033573150635,0.6826691031455994,-0.1451914757490158,0.9999390840530396,0.5597124099731445,0.6871806979179382,-0.1431118696928024,0.9998729228973388,0.5449491739273071,0.6691180467605591,-0.2063422203063964,0.9999815225601196,0.5555822253227234,0.670991063117981,-0.2058255821466446,0.9999698996543884,0.5132949352264404,0.6069405674934387,-0.0780441910028457,0.9999719858169556,0.5794417262077332,0.6045584678649902,-0.0716528594493866,0.9999232292175292,0.5055947303771973,0.5061766505241394,-0.0235175900161266,0.98413747549057,0.5848106741905212,0.5048364996910095,-0.0245048236101865,0.9512251019477844,0.5003786683082581,0.4250710606575012,-0.0797657072544097,0.964503288269043,0.5926538705825806,0.418369859457016,-0.0842542573809623,0.9064034819602966,0.4967505037784576,0.3971227705478668,-0.0976092144846916,0.928350031375885,0.597014844417572,0.3897043764591217,-0.1036090776324272,0.8430386781692505,0.5020236372947693,0.3967386484146118,-0.1256419569253921,0.9344578981399536,0.5934953093528748,0.3887276947498321,-0.1329633593559265,0.8532166481018066,0.5048805475234985,0.4054628014564514,-0.091895580291748,0.9213537573814392,0.5905454158782959,0.3979495167732239,-0.0972526222467422,0.842597246170044,0.5278196930885315,0.4301528334617615,-0.0043559623882174,0.9995723366737366,0.5693492889404297,0.4313541948795318,0.0042981524020433,0.99945729970932,0.525614857673645,0.2723840177059173,-0.0278684087097644,0.9664896726608276,0.5728407502174377,0.277940034866333,-0.0168894194066524,0.9531821012496948,0.530032217502594,0.12315084785223,0.0515953563153743,0.9675342440605164,0.5730484127998352,0.1295436173677444,0.064840517938137,0.9367166757583618,0.5328691005706787,0.1028894111514091,0.0526532977819442,0.5750240683555603,0.5699341893196106,0.1073225513100624,0.0664367377758026,0.5670595765113831,0.5346733927726746,0.0753699764609336,-0.0604598261415958,0.9452632069587708,0.5754445195198059,0.0810850784182548,-0.0408160760998725,0.92166668176651,hoyeon_stand_normal_01,22.847319,21.954498,20.808652,17.204651,14.21267,10.816654,7.615773,5.0,4.472136,6.403124,8.062258,10.440307,12.369317,14.317821,16.278821,18.439089,19.416488,21.587033,21.84033,22.135944,19.924859,17.720045,14.317821,12.041595,11.18034,12.727922,13.341664,13.0,11.18034,10.29563,6.708204,4.472136,2.236068,4.472136,6.082763,9.219544,10.198039,11.7047,13.0,13.416408,13.038405,12.206556,11.401754,10.630146,8.485281,5.656854,2.828427,2.236068,7.0,11.045361,16.124515,19.416488,12.083046,12.206556,11.313708,11.401754,11.18034,9.848858,9.486833,8.062258,7.0,5.09902,4.472136,3.605551,4.0,4.472136,7.81025,9.219544,12.806248,15.0,17.204651,19.416488,20.808652,21.400935,21.400935,20.0,17.804494,14.866069,5.0,5.09902,6.324555,7.81025,10.0,12.529964,13.0,13.601471,13.341664,13.152946,12.041595,10.0,8.0,7.0,4.0,2.236068,1.0,2.236068,4.123106,7.071068,9.055385,11.045361,13.038405,14.035669,14.142136,13.341664,16.124515,13.416408,10.816654,9.219544,7.28011,8.0,10.198039,12.369317,14.56022,16.278821,18.11077,19.0,20.099751,21.377558,20.880613,21.18962,20.124612,17.492856,13.892444,10.29563,6.324555,3.605551,7.071068,12.0,16.03122,18.027756,9.219544,8.602325,9.486833,11.18034,14.0,16.03122,18.11077,19.104973,19.104973,19.026298,18.11077,17.029386,15.0,14.035669,12.041595,12.165525,10.440307,11.18034,11.661904,13.601471,15.0,16.401219,18.601075,20.0,20.248457,20.248457
hoyeon_stand_normal_01,264,88,8.80048087431694,29.998360745314464,10,0.5502806901931763,0.6827940940856934,-0.2431553155183792,0.9999858140945436,0.5451160073280334,0.693626880645752,-0.2322758287191391,0.9999552965164183,0.5421268939971924,0.6930281519889832,-0.2322831898927688,0.9999586939811708,0.5396435856819153,0.6921919584274292,-0.2323050796985626,0.9999618530273438,0.5528545379638672,0.6944096684455872,-0.2318830043077469,0.999942660331726,0.5550174117088318,0.6947552561759949,-0.2319070994853973,0.9999415278434752,0.5572395324707031,0.6948138475418091,-0.2319142073392868,0.9999406337738036,0.5345171689987183,0.6828692555427551,-0.1499638110399246,0.9999377727508544,0.5596044063568115,0.6871804594993591,-0.1481008380651474,0.9998722672462464,0.54474276304245,0.669335663318634,-0.2111440598964691,0.9999813437461852,0.5553602576255798,0.6711323857307434,-0.2106782048940658,0.9999698400497437,0.5129401087760925,0.6069325804710388,-0.0819808542728424,0.9999711513519288,0.5793853998184204,0.6043332815170288,-0.0758608356118202,0.9999216794967652,0.5054965615272522,0.5061541795730591,-0.0264757145196199,0.984009087085724,0.5847980380058289,0.5044209361076355,-0.0285784322768449,0.951807141304016,0.5002351999282837,0.4250155985355377,-0.0832407772541046,0.9639384746551514,0.5921420454978943,0.4179332852363586,-0.0877256542444229,0.9058959484100342,0.4966448247432709,0.3970706462860107,-0.1012641116976738,0.927239716053009,0.5964810848236084,0.3894113600254059,-0.1070505082607269,0.8418465256690979,0.5019599199295044,0.3966352343559265,-0.1291776001453399,0.9334522485733032,0.5930648446083069,0.3884331583976745,-0.1359847337007522,0.852084755897522,0.5048183798789978,0.4053547084331512,-0.0953156724572181,0.920276701450348,0.5901604890823364,0.3974617421627044,-0.1005050987005233,0.8413236141204834,0.5277477502822876,0.4300462305545807,-0.0040030996315181,0.999562442302704,0.5693196654319763,0.4313414394855499,0.0039418553933501,0.9994452595710754,0.5255929231643677,0.2723821103572845,-0.0290042106062173,0.9654909372329712,0.5727710723876953,0.2782581448554992,-0.0182647202163934,0.9517360925674438,0.5301350355148315,0.1234897896647453,0.0530282221734523,0.9663292765617372,0.5731257796287537,0.130024641752243,0.0653210505843162,0.9344719052314758,0.5329543948173523,0.1034935116767883,0.0544768162071704,0.5711705088615417,0.5700849890708923,0.108110100030899,0.0672103241086006,0.5594139695167542,0.5347785353660583,0.0756545141339302,-0.0585045367479324,0.9435158967971802,0.575456440448761,0.0811937972903251,-0.040588803589344,0.919034779071808,hoyeon_stand_normal_01,22.672111166666667,21.962412333333333,20.489470666666666,17.222144,14.151899333333333,10.8033475,7.613339833333334,5.4143145,5.095319166666666,6.3941465,8.203866666666666,10.240377666666667,11.983043666666669,14.1998995,16.133931,18.027947166666664,19.53881916666667,21.329156833333336,21.607124666666667,21.625492333333334,19.974872833333333,17.539080499999997,14.362693333333333,11.791412333333334,11.059667333333334,12.337613166666667,13.135589166666668,12.586272999999998,11.209035333333333,9.885821666666669,6.7618895000000006,4.249015833333333,2.3510916666666666,4.051223833333333,6.039124666666666,8.851582166666667,10.132026,11.431081666666667,12.406391500000002,12.622337333333334,12.534612499999998,12.136069,11.143595333333334,10.1804375,8.386304500000001,5.739748333333333,2.9126643333333333,2.6186835,6.9823895,11.208883166666666,15.802582333333334,19.1767475,13.892444,14.317821,14.56022,13.152946,13.0,12.369317,13.416408,14.21267,15.556349,17.804494,18.601075,19.416488,20.248457,21.095023,21.095023,19.723083,18.867962,16.643317,12.529964,8.062258,4.0,5.0,9.486833,14.866069,19.313208,23.4094,18.681542,19.313208,20.59126,20.0,18.384776,15.0,12.083046,8.062258,5.830952,6.324555,8.246211,11.18034,13.038405,14.866069,16.278821,17.691806,17.691806,17.804494,17.204651,16.401219,14.21267,11.313708,9.433981,8.062258,8.544004,9.899495,14.142136,16.124515,17.029386,17.029386,16.03122,16.03122,14.035669,13.152946,10.440307,8.544004,7.28011,5.09902,3.162278,3.605551,5.09902,8.0,11.0,14.0,16.03122,19.104973,20.223748,21.377558,20.615528,18.681542,16.763055,12.649111,12.206556,13.601471,15.0,14.21267,14.21267,12.206556,10.29563,9.848858,8.246211,7.0,7.28011,7.615773,7.81025,9.219544,9.219544,9.899495,9.899495,10.630146,10.630146,10.630146,9.899495,9.899495,9.433981,9.848858,10.198039,11.0
hoyeon_stand_normal_01,267,89,8.900486338797814,29.998360745314464,10,0.5502815246582031,0.6828325986862183,-0.2463743984699249,0.9999857544898988,0.5451154112815857,0.6936731934547424,-0.2356835007667541,0.999955117702484,0.5421270132064819,0.6930950880050659,-0.2356904298067093,0.9999585151672364,0.5396375060081482,0.6922724843025208,-0.2357138693332672,0.9999616742134094,0.5528534054756165,0.6944243907928467,-0.2351042181253433,0.9999423623085022,0.5550153851509094,0.6947600841522217,-0.2351288795471191,0.9999412894248962,0.5572393536567688,0.6948156356811523,-0.2351362407207489,0.9999403357505798,0.5345028638839722,0.6829501390457153,-0.1537223160266876,0.9999371767044068,0.5595620274543762,0.6871637105941772,-0.1510887593030929,0.9998713731765748,0.5447399616241455,0.6694007515907288,-0.2144541889429092,0.9999812245368958,0.5553573966026306,0.6711700558662415,-0.2137640118598938,0.9999696612358092,0.5128039121627808,0.606940746307373,-0.0851492658257484,0.9999709725379944,0.5793056488037109,0.6042194962501526,-0.078186348080635,0.99992036819458,0.5054365992546082,0.5061705112457275,-0.029805114492774,0.9840722680091858,0.584793210029602,0.5042445659637451,-0.0302362702786922,0.9518741369247437,0.5001487135887146,0.425021767616272,-0.0866813585162162,0.963944971561432,0.591816782951355,0.417790412902832,-0.0884485319256782,0.9050699472427368,0.4965644478797912,0.3970762193202972,-0.1046996563673019,0.9270946383476256,0.5961236953735352,0.389345645904541,-0.1075519770383834,0.8403319716453552,0.501926600933075,0.3966403007507324,-0.1325994879007339,0.9333343505859376,0.5927385091781616,0.3883608877658844,-0.1363079249858856,0.8506211042404175,0.504790186882019,0.4053532481193542,-0.0986926779150962,0.9201837778091432,0.5898774266242981,0.3972817659378052,-0.1010993868112564,0.8398113250732422,0.527711033821106,0.430129736661911,-0.0038765757344663,0.9995601773262024,0.5692891478538513,0.4314951002597809,0.0038122348487377,0.9994401931762696,0.5255925059318542,0.2723813951015472,-0.0299837104976177,0.9646738171577454,0.5727159380912781,0.2784367203712463,-0.0188759062439203,0.9506277441978456,0.5301668047904968,0.1235116049647331,0.0528337992727756,0.9654666781425476,0.5732799172401428,0.1303614825010299,0.0652825012803077,0.9329304099082948,0.5329684019088745,0.1035461351275444,0.0541528798639774,0.5680249333381653,0.5705244541168213,0.1083831712603569,0.0671814307570457,0.5543843507766724,0.5347757935523987,0.0757146403193473,-0.0589232183992862,0.9421268701553344,0.5755225419998169,0.0814893692731857,-0.0406608246266841,0.9171635508537292,hoyeon_stand_normal_01,22.496903333333336,21.970326666666665,20.170289333333333,17.239637,14.091128666666668,10.790041,7.610906666666668,5.828628999999999,5.718502333333333,6.385169,8.345475333333333,10.040448333333332,11.596770333333334,14.081978,15.989041,17.616805333333332,19.66115033333333,21.071280666666667,21.373919333333333,21.115040666666665,20.024886666666664,17.358116,14.407565666666663,11.541229666666666,10.938994666666666,11.947304333333332,12.929514333333335,12.172546,11.237730666666666,9.476013333333334,6.815575,4.025895666666667,2.466115333333333,3.630311666666667,5.995486333333333,8.483620333333334,10.066013,11.157463333333332,11.812783,11.828266666666666,12.03082,12.065582,10.885436666666664,9.730728999999998,8.287328,5.822642666666667,2.9969016666666666,3.001299,6.964779,11.372405333333331,15.480649666666666,18.937007,15.313458666666667,15.425820333333334,14.832386,14.222103666666667,13.316721,13.293440666666667,13.490501,14.512571,15.784849,17.091379,18.589850666666667,19.379498666666667,20.596846,20.48898,20.596846,19.481055,18.59861666666667,16.179917666666665,12.477540666666668,8.273592,3.162278,4.371274,9.432661,14.561019666666668,19.382763333333333,23.263326666666668,17.913714666666667,19.215048,19.890497666666665,19.14422,17.223691,14.378758666666668,10.728694333333332,7.509213333333332,5.834048,6.82791,9.244348,11.803637333333334,13.465028333333334,15.069053000000002,16.266604,17.858014333333333,17.765499666666667,18.043240333333333,17.20336233333333,15.8717,13.921054,12.072201333333334,10.082638333333334,8.756432666666667,10.009552666666666,11.750425,14.875104666666669,16.344334333333336,17.250192666666667,17.230602,16.676462,15.821911666666669,14.428090666666668,12.456485,10.933662333333332,8.156864333333333,6.620678333333333,4.666666666666667,3.1987520000000003,4.239449333333333,5.998826,8.885903333333333,12.160584666666663,15.229030333333334,18.008678,20.14916533333333,21.35320466666667,22.199445666666666,21.81572833333333,20.09930933333333,17.839920333333335,14.240948333333334,12.296479333333332,13.315217666666667,13.902662,14.118454,13.877142999999998,12.270370666666665,10.753430666666668,9.030563666666668,7.350190666666666,6.857991999999999,6.18955,6.452438000000001,7.066472333333333,7.755854666666667,8.364017333333335,9.339969333333334,9.339969333333334,9.87734,10.066013,9.805861,9.496321333333334,9.146362666666668,8.753345000000001,9.125125666666667,10.311325333333333,11.164408333333332
hoyeon_stand_normal_01,270,90,9.000491803278688,29.998360745314464,10,0.5502813458442688,0.6828781962394714,-0.2491474002599716,0.9999857544898988,0.5451127290725708,0.6937137842178345,-0.2384306043386459,0.999955117702484,0.5421242117881775,0.6931438446044922,-0.2384397983551025,0.9999585151672364,0.5396252274513245,0.6923244595527649,-0.2384643703699112,0.9999616742134094,0.5528512597084045,0.6944485902786255,-0.2377884835004806,0.9999422430992126,0.5550135374069214,0.6947753429412842,-0.2378130704164505,0.9999411702156068,0.5572397112846375,0.6948199272155762,-0.2378215938806533,0.9999400973320008,0.5344641208648682,0.6829877495765686,-0.1565621346235275,0.9999369382858276,0.5595294237136841,0.6871612668037415,-0.1536462604999542,0.999870777130127,0.5447337031364441,0.6694501638412476,-0.21729476749897,0.9999812245368958,0.555355966091156,0.6712154150009155,-0.2165286093950271,0.9999696016311646,0.5126910209655762,0.6069353818893433,-0.0881044343113899,0.9999706149101256,0.5792466998100281,0.6041197776794434,-0.0803533121943473,0.9999178647994996,0.505416214466095,0.5061649084091187,-0.033552449196577,0.9841234087944032,0.5847885608673096,0.5040980577468872,-0.0321879796683788,0.9517996311187744,0.5000919103622437,0.4250215888023376,-0.0911097601056099,0.963979721069336,0.5915924906730652,0.4176623821258545,-0.0899942740797996,0.9038699865341188,0.4964931309223175,0.3970770835876465,-0.1091738268733024,0.9270392060279846,0.5958713889122009,0.3892273306846618,-0.1090883165597915,0.8383123874664307,0.5019016265869141,0.3966397047042846,-0.1372241079807281,0.9332825541496276,0.592507004737854,0.3882448971271515,-0.1375688463449478,0.848700225353241,0.5047701001167297,0.4053446352481842,-0.1031507402658462,0.9201589822769164,0.5896879434585571,0.3970516324043274,-0.102539524435997,0.8379240036010742,0.527653157711029,0.4301368296146393,-0.0037919608876109,0.99955415725708,0.5692539811134338,0.4315826892852783,0.0037247575819492,0.9994298219680786,0.5255498290061951,0.2723773121833801,-0.0301748700439929,0.964168667793274,0.5726836919784546,0.2786219418048858,-0.0190720353275537,0.949934422969818,0.5301257967948914,0.123560644686222,0.052735723555088,0.9648483991622924,0.5733296871185303,0.1307124644517898,0.0648766756057739,0.9318764805793762,0.5328750014305115,0.1035975366830825,0.054051537066698,0.5647723078727722,0.5707266330718994,0.10860326141119,0.0667852610349655,0.5502668619155884,0.534717857837677,0.0757289975881576,-0.0591051429510116,0.9409887194633484,0.5755244493484497,0.0816143453121185,-0.041468434035778,0.9157049655914308,hoyeon_stand_normal_01,5.0,5.09902,7.211103,9.219544,12.041595,13.453624,13.453624,13.453624,13.453624,12.041595,11.313708,10.630146,10.0,8.944272,7.615773,7.071068,7.28011,8.062258,9.899495,13.038405,16.124515,19.235384,21.470911,22.472205,23.021729,21.400935,4.242641,7.071068,9.219544,11.401754,11.661904,13.416408,13.0,12.649111,11.401754,9.219544,7.071068,5.09902,3.162278,1.414214,2.236068,4.242641,6.403124,8.485281,10.630146,13.453624,14.21267,15.811388,15.264338,15.652476,13.416408,10.77033,14.142136,14.866069,13.416408,13.601471,13.453624,12.727922,12.041595,10.0,9.433981,6.708204,5.09902,4.0,2.828427,4.123106,7.071068,9.486833,12.083046,15.231546,17.464249,19.697716,20.615528,21.540659,21.18962,19.924859,17.464249,14.317821,4.242641,4.0,5.0,7.615773,9.486833,11.18034,13.038405,13.038405,13.152946,12.165525,11.401754,9.486833,7.615773,5.385165,3.605551,1.414214,2.0,4.0,6.082763,9.219544,11.401754,13.341664,14.56022,15.524175,15.297059,15.132746,15.231546,11.7047,9.219544,9.0,7.28011,8.602325,9.899495,12.041595,13.453624,15.620499,16.401219,17.492856,17.888544,18.027756,19.646883,18.248288,17.117243,16.03122,13.0,10.049876,6.324555,5.0,7.071068,10.440307,13.928388,16.155494,7.28011,6.0,7.615773,8.602325,11.313708,12.727922,14.866069,15.620499,16.278821,16.278821,15.556349,14.142136,12.727922,11.313708,10.0,10.0,9.433981,9.848858,10.440307,11.401754,13.341664,15.297059,16.763055,17.720045,18.027756,17.464249
hoyeon_stand_normal_01,273,91,9.100497267759565,29.998360745314464,10,0.5502868890762329,0.682935357093811,-0.2524370849132538,0.9999858140945436,0.5451099276542664,0.6937567591667175,-0.2417263090610504,0.9999554753303528,0.5421218276023865,0.6931958198547363,-0.2417370527982711,0.999958872795105,0.539611279964447,0.6923768520355225,-0.2417643517255783,0.9999620914459229,0.5528537034988403,0.6944740414619446,-0.2410803884267807,0.9999425411224364,0.5550185441970825,0.6947899460792542,-0.2411047667264938,0.999941349029541,0.5572564601898193,0.6948223114013672,-0.2411132454872131,0.9999402165412904,0.5344224572181702,0.6830134391784668,-0.1598077565431594,0.9999374151229858,0.55952388048172,0.6871525645256042,-0.1568768471479416,0.9998711943626404,0.5447312593460083,0.6694955229759216,-0.220567524433136,0.9999813437461852,0.555358350276947,0.6712513566017151,-0.2198024690151214,0.9999696612358092,0.5126139521598816,0.6068915724754333,-0.0908768996596336,0.999970316886902,0.5791784524917603,0.6039911508560181,-0.0832849070429802,0.999915599822998,0.5054032802581787,0.5061393976211548,-0.0355410017073154,0.984085738658905,0.5847724080085754,0.5040345191955566,-0.0345818027853965,0.9514576196670532,0.5000564455986023,0.4249865114688873,-0.0923563539981842,0.9636377096176147,0.5914680361747742,0.4175348281860351,-0.0914609432220459,0.9013749361038208,0.4964741170406341,0.3970611095428467,-0.1102358922362327,0.9263091683387756,0.5956803560256958,0.3890992999076843,-0.1103159189224243,0.8344440460205078,0.5018898844718933,0.3966034054756164,-0.1383912861347198,0.9326173663139344,0.5923939943313599,0.3880991637706756,-0.138900339603424,0.8450160026550293,0.5047532916069031,0.4052886962890625,-0.1044229418039321,0.9194403886795044,0.589588463306427,0.3968003392219543,-0.1040657609701156,0.8343296051025391,0.5276261568069458,0.4303062856197357,-0.0036860259715467,0.9995502829551696,0.5692009329795837,0.432016909122467,0.0036158240400254,0.9994217157363892,0.5255427956581116,0.2723972201347351,-0.0313174314796924,0.9632964134216307,0.5726507306098938,0.2788170278072357,-0.0192678589373826,0.9488691687583924,0.5301278233528137,0.1235730350017547,0.0517127998173236,0.964022696018219,0.5733432173728943,0.1308402419090271,0.0638363659381866,0.9303295612335204,0.5328704714775085,0.1036160513758659,0.0530556328594684,0.5603479743003845,0.5707610249519348,0.1086614876985549,0.0656483918428421,0.5452216863632202,0.5346853733062744,0.0757331848144531,-0.0604235380887985,0.9394875168800354,0.5755398869514465,0.0816741958260536,-0.0431159548461437,0.913804531097412,hoyeon_stand_normal_01,4.242641,5.09902,8.944272,12.206556,14.422205,15.811388,15.811388,15.811388,15.0,13.601471,12.806248,11.313708,10.630146,9.433981,8.544004,8.062258,8.246211,9.433981,12.041595,15.264338,18.35756,21.931712,24.596748,25.942244,26.925824,25.238859,4.472136,7.615773,10.440307,12.165525,14.142136,15.0,15.033296,14.142136,13.152946,10.440307,8.544004,6.324555,3.162278,1.0,2.236068,4.472136,7.211103,10.29563,12.529964,14.764823,16.552945,18.027756,18.681542,17.262677,15.132746,12.165525,12.649111,12.529964,12.806248,12.727922,12.206556,11.661904,11.18034,9.848858,8.246211,7.071068,5.0,4.472136,3.605551,5.0,7.28011,9.848858,12.529964,15.652476,17.888544,20.124612,21.470911,21.470911,21.931712,20.615528,18.027756,14.56022,3.605551,4.0,5.830952,7.81025,10.29563,11.7047,13.341664,14.142136,14.035669,13.0,12.0,10.049876,8.062258,6.082763,4.123106,1.414214,1.414214,3.162278,6.0,8.062258,10.049876,12.041595,14.142136,15.033296,15.0,14.035669,14.142136,14.866069,15.556349,16.278821,14.866069,15.0,13.038405,11.661904,9.848858,7.615773,5.385165,3.605551,2.236068,3.162278,6.403124,8.602325,12.041595,15.0,17.204651,19.416488,20.59126,21.470911,21.023796,19.697716,17.088007,13.928388,13.0,14.0,15.033296,15.033296,15.033296,13.038405,12.041595,10.198039,8.544004,7.211103,7.071068,7.211103,7.615773,7.28011,8.246211,9.219544,9.219544,9.219544,9.219544,9.219544,9.055385,9.0,9.0,8.544004,9.433981,10.816654
hoyeon_stand_normal_01,276,92,9.200502732240436,29.998360745314464,10,0.5502912402153015,0.6829743385314941,-0.2520895600318908,0.9999858140945436,0.5451077222824097,0.6938008069992065,-0.2413828670978546,0.9999556541442872,0.5421163439750671,0.6932427287101746,-0.2413935512304306,0.9999590516090392,0.5395947098731995,0.6924182176589966,-0.2414214015007019,0.999962329864502,0.5528525710105896,0.6945082545280457,-0.2407348304986953,0.9999425411224364,0.5550190210342407,0.6948157548904419,-0.2407581061124801,0.9999412298202516,0.5572624206542969,0.6948357224464417,-0.2407656610012054,0.999940037727356,0.5343843698501587,0.683029294013977,-0.1592922657728195,0.9999378323554992,0.5595068335533142,0.6871528625488281,-0.1563100665807724,0.9998708367347716,0.5447275638580322,0.6695067286491394,-0.2201255708932876,0.9999814629554749,0.5553593039512634,0.671268105506897,-0.2193457931280136,0.9999696016311646,0.5125542879104614,0.6068524122238159,-0.0904634967446327,0.9999701976776124,0.5791245698928833,0.6039041876792908,-0.0825143828988075,0.9999135136604308,0.5053994059562683,0.5061375498771667,-0.0350634567439556,0.984002649784088,0.584729015827179,0.5040317177772522,-0.0336942411959171,0.9507524371147156,0.5000488758087158,0.4249725341796875,-0.0919927209615707,0.9631463289260864,0.591373085975647,0.4174401462078094,-0.0908855199813842,0.8981448411941528,0.4964724779129028,0.3970584273338318,-0.1099396646022796,0.9253617525100708,0.5955274701118469,0.3889740109443664,-0.1097542867064476,0.8296949863433838,0.5018875598907471,0.3965954184532165,-0.1380950063467025,0.931755542755127,0.5922841429710388,0.3879710733890533,-0.1384758800268173,0.8404925465583801,0.5047463178634644,0.4052726328372955,-0.1040750741958618,0.9184659719467164,0.5894935727119446,0.3965965807437897,-0.1035665124654769,0.8298583030700684,0.5276146531105042,0.4303963482379913,-0.0036682209465652,0.999547839164734,0.5691856145858765,0.4323537051677704,0.0035975778009742,0.99941486120224,0.5255539417266846,0.2723712027072906,-0.032773021608591,0.9626408219337464,0.5726427435874939,0.278926819562912,-0.0194467660039663,0.9480302333831788,0.5301295518875122,0.1235447600483894,0.0509211048483848,0.9634963870048524,0.5734140872955322,0.1309460252523422,0.0637685656547546,0.9292442798614502,0.5328702330589294,0.1035306006669998,0.0523162595927715,0.5568877458572388,0.5708529949188232,0.1086606010794639,0.0655802190303802,0.5416898727416992,0.5346952676773071,0.0756970569491386,-0.061775617301464,0.9384716749191284,0.575642466545105,0.0817985758185386,-0.0434459224343299,0.9124919176101683,hoyeon_stand_normal_01,12.546995,12.175949,12.7496255,13.374755,12.27735,11.283678,9.5387605,9.0130855,9.22604,9.883479,9.994937,10.625306,11.041546,11.2068345,11.982872,13.0002745,14.1553575,15.1225025,16.453136999999998,17.866387,18.5083735,18.9454575,19.089105,18.0654055,17.947658,17.477249,9.276322,9.938658,10.71305,10.848692,9.6786575,9.464194,8.289343,8.321978,8.931705000000001,8.850607,9.219544,8.516635,7.8221975,7.2451655,6.297276999999999,7.35235,7.7696635,8.145306000000001,8.035534,8.54951,7.637236499999999,8.485281500000001,10.8500915,12.595183,14.10273,14.043954,14.317821,14.035669,13.038405,13.152946,12.369317,11.7047,10.77033,8.944272,8.062258,6.403124,5.0,3.162278,3.162278,4.242641,6.708204,9.219544,11.401754,14.317821,16.492423,18.681542,19.646883,19.924859,19.313208,17.464249,15.652476,12.529964,4.242641,4.0,5.0,7.211103,9.848858,11.401754,13.038405,13.0,13.038405,12.041595,10.198039,9.219544,6.324555,5.09902,2.236068,2.236068,5.0,7.211103,9.433981,11.661904,13.601471,14.422205,15.264338,16.124515,15.652476,14.035669,15.264338,17.492856,18.027756,18.027756,18.027756,17.029386,14.866069,13.453624,11.401754,10.0,7.81025,5.656854,4.123106,4.123106,6.403124,8.485281,12.041595,14.866069,17.691806,19.79899,21.260292,21.400935,21.400935,19.416488,17.492856,14.764823,12.649111,13.601471,14.56022,14.56022,13.601471,11.7047,10.77033,8.944272,7.81025,7.211103,7.28011,7.071068,8.0,9.055385,9.055385,10.049876,10.049876,11.045361,11.045361,11.045361,10.198039,10.198039,9.486833,10.29563,10.630146,12.041595
hoyeon_stand_normal_01,279,93,9.300508196721312,29.998360745314464,10,0.5502887964248657,0.6831156611442566,-0.2512867748737335,0.9999859929084778,0.5451013445854187,0.6938910484313965,-0.240540936589241,0.9999563694000244,0.5421097874641418,0.6933412551879883,-0.2405509352684021,0.9999597072601318,0.5395790934562683,0.6925196051597595,-0.2405778914690017,0.9999629855155944,0.5528488159179688,0.6945733428001404,-0.2399105876684188,0.9999433159828186,0.5550152063369751,0.6948651075363159,-0.2399334609508514,0.9999420046806335,0.5572605729103088,0.6948707103729248,-0.2399399727582931,0.9999407529830932,0.534357488155365,0.6830955743789673,-0.1584779918193817,0.9999388456344604,0.5594748258590698,0.6871677041053772,-0.1555747389793396,0.999872386455536,0.5447112917900085,0.6696041822433472,-0.2193645536899566,0.9999817609786988,0.5553539395332336,0.6713390350341797,-0.2186059951782226,0.999970018863678,0.5125202536582947,0.6068138480186462,-0.0898189917206764,0.9999701976776124,0.5790783762931824,0.6038910746574402,-0.0821606665849685,0.9999123811721802,0.505317747592926,0.506135880947113,-0.0343104712665081,0.984054446220398,0.5846752524375916,0.5040644407272339,-0.033290758728981,0.9504427313804626,0.5000385642051697,0.4249313771724701,-0.0909997150301933,0.9629654288291932,0.5913158655166626,0.4174072742462158,-0.0906069278717041,0.8960977792739868,0.4964748322963714,0.397036999464035,-0.108917124569416,0.9248870015144348,0.5954234004020691,0.3889101445674896,-0.1095177456736564,0.8266369104385376,0.5018942952156067,0.396585464477539,-0.1370173096656799,0.9313116669654846,0.5921872854232788,0.3879004120826721,-0.1383029520511627,0.8375695943832397,0.5047417879104614,0.4052563309669494,-0.1030544117093086,0.9179853796958924,0.5894073843955994,0.3965076804161072,-0.1033292189240455,0.827011227607727,0.5276073813438416,0.4303975105285644,-0.0034912505652755,0.9995476007461548,0.5691656470298767,0.4324356913566589,0.0034185976255685,0.9994125366210938,0.5255535244941711,0.2722669243812561,-0.0326746217906475,0.9623372554779052,0.5725989937782288,0.2789231836795807,-0.0195382572710514,0.9477157592773438,0.5301415324211121,0.1235933527350425,0.0514117218554019,0.9632537961006165,0.573413074016571,0.1309239566326141,0.0637718513607978,0.9288272261619568,0.5329181551933289,0.103559598326683,0.0528254471719265,0.5561940670013428,0.5708520412445068,0.1085287630558013,0.0655819401144981,0.5392914414405823,0.5346720814704895,0.0755915120244026,-0.0611627772450447,0.9380643367767334,0.5756446123123169,0.0817850530147552,-0.0434175096452236,0.9119322896003724,hoyeon_stand_normal_01,5.0,5.0,8.544004,12.529964,14.764823,17.0,17.0,17.0,16.124515,15.264338,13.601471,12.806248,11.313708,10.816654,9.848858,9.219544,10.049876,12.083046,15.0,17.691806,21.260292,25.612497,28.425341,30.479501,30.413813,29.0,7.615773,10.77033,13.0,15.811388,17.464249,18.11077,18.027756,18.027756,16.124515,13.152946,10.198039,8.246211,5.0,3.162278,3.162278,5.09902,7.615773,11.18034,13.416408,17.088007,18.973666,20.615528,20.396078,19.235384,17.029386,13.038405,17.464249,16.763055,16.155494,13.892444,13.453624,13.038405,13.0,14.317821,15.033296,17.029386,18.027756,20.024984,21.023796,21.023796,21.023796,20.0,19.0,16.03122,13.0,8.0,3.605551,4.472136,9.899495,15.556349,20.518285,24.839485,18.027756,20.124612,19.416488,19.104973,16.401219,13.416408,9.219544,5.09902,4.123106,6.403124,9.899495,12.206556,14.317821,16.155494,17.720045,17.720045,18.439089,17.262677,18.248288,15.524175,14.866069,12.529964,9.899495,11.18034,12.041595,14.035669,15.0,16.0,17.0,17.029386,17.117243,16.278821,14.317821,12.649111,11.401754,8.544004,7.28011,5.09902,4.123106,4.242641,6.324555,9.219544,12.369317,15.297059,17.720045,19.924859,21.18962,21.540659,21.023796,20.124612,17.0,13.892444,12.041595,12.727922,13.453624,13.453624,12.727922,12.041595,10.630146,8.602325,6.708204,6.082763,6.082763,6.324555,6.708204,7.211103,8.602325,8.602325,10.0,9.433981,9.433981,9.433981,8.602325,9.219544,9.219544,8.944272,9.486833,12.165525
hoyeon_stand_normal_01,282,94,9.400513661202186,29.998360745314464,10,0.5502796769142151,0.6832077503204346,-0.2506278455257416,0.9999861121177672,0.5450870394706726,0.693945586681366,-0.2399634569883346,0.9999569058418274,0.5420916080474854,0.6934038996696472,-0.2399724423885345,0.99996018409729,0.539551854133606,0.6925909519195557,-0.2399988919496536,0.9999634623527528,0.552844226360321,0.6945986747741699,-0.2392928600311279,0.9999439120292664,0.555009663105011,0.6948800086975098,-0.2393156737089157,0.9999426007270812,0.5572578310966492,0.6948762536048889,-0.239322155714035,0.9999412894248962,0.5343238115310669,0.6831563711166382,-0.1580802351236343,0.999939501285553,0.5594525933265686,0.687167763710022,-0.1549632400274276,0.9998735189437866,0.5446698665618896,0.6696866750717163,-0.2187066823244094,0.9999819993972778,0.5553363561630249,0.6713863015174866,-0.217925027012825,0.9999703764915466,0.512475311756134,0.6067838072776794,-0.0894963219761848,0.9999700784683228,0.5790605545043945,0.6038615107536316,-0.0818075835704803,0.99991112947464,0.5052000284194946,0.5061344504356384,-0.0336283557116985,0.9841524958610536,0.5846390128135681,0.5040144324302673,-0.0331390351057052,0.9504969120025636,0.5000225305557251,0.4248862862586975,-0.0903331786394119,0.9630138874053956,0.5913003087043762,0.4172050356864929,-0.0905813202261924,0.8949390649795532,0.4964699447154999,0.396992415189743,-0.1083029359579086,0.9248229265213012,0.5953835248947144,0.3887211978435516,-0.1095960214734077,0.8248013257980347,0.5018925070762634,0.3965518474578857,-0.1363477706909179,0.9312543869018556,0.5921539664268494,0.387712299823761,-0.1383886039257049,0.835833728313446,0.5047383904457092,0.4052108228206634,-0.1023802012205123,0.9179331064224244,0.5893837809562683,0.3962678015232086,-0.1033132076263427,0.8253219723701477,0.5276049971580505,0.4302572607994079,-0.0030156555585563,0.9995446801185608,0.5691527724266052,0.4323790669441223,0.0029413509182631,0.9994072914123536,0.5255340337753296,0.2721447646617889,-0.0326098427176475,0.9620648622512816,0.5725856423377991,0.2786671221256256,-0.0204259492456913,0.947411060333252,0.5301387310028076,0.1236889287829399,0.052459929138422,0.9628905057907104,0.5734328627586365,0.1304692029953003,0.0634846985340118,0.9281619787216188,0.5329210758209229,0.1036021560430526,0.0539754964411258,0.5551469326019287,0.5708993673324585,0.1081780716776847,0.0653100982308387,0.5358732342720032,0.5344569087028503,0.0755468532443046,-0.0597790852189064,0.9374533891677856,0.5755941867828369,0.0816254988312721,-0.0439841821789741,0.911050021648407,hoyeon_stand_normal_01,6.324555,6.708204,10.0,13.038405,16.03122,18.11077,19.104973,18.11077,18.11077,16.124515,15.297059,13.341664,12.649111,11.661904,10.630146,10.0,10.440307,13.0,14.56022,18.384776,22.825424,26.41969,30.88689,32.202484,32.695565,30.083218,8.0,11.0,14.035669,17.117243,19.235384,19.924859,20.248457,18.788294,17.0,14.764823,12.206556,8.602325,5.385165,3.0,2.828427,5.09902,9.055385,12.041595,15.033296,18.0,21.023796,22.090722,22.36068,20.880613,18.973666,14.866069,12.903124,12.979597,12.5895375,12.541523,12.0156105,11.9137145,10.8377535,9.609772,8.405125,6.45101,4.7541355,3.7024595,3.8643285,5.2420925,7.6366805,9.609772,12.883163499999998,15.2948225,17.859780999999998,19.911987,20.7591425,21.2591425,21.641504,19.654562,17.160947,14.1051325,3.3839145000000004,3.642692,5.751072000000001,8.3322915,10.59017,12.345353,13.5620345,14.01729,13.9640565,13.0,11.3750305,9.7683545,7.175589,5.09902,3.0,1.2071070000000002,1.414214,3.605551,6.0777535,8.5952415,10.8103235,12.4496405,13.8297425,14.4390205,14.866069,13.959646,14.0,12.041595,10.049876,7.615773,7.071068,8.062258,9.486833,11.401754,13.341664,14.866069,16.552945,17.492856,18.601075,19.104973,19.104973,17.804494,17.492856,15.264338,12.529964,9.433981,5.656854,5.0,7.211103,10.630146,14.21267,16.401219,7.0,6.324555,6.403124,8.602325,9.848858,11.7047,13.601471,14.866069,15.811388,15.231546,14.317821,13.928388,12.083046,11.18034,9.848858,9.486833,9.055385,9.0,10.049876,11.18034,12.369317,14.317821,15.297059,17.117243,17.029386,17.0
hoyeon_stand_normal_01,285,95,9.50051912568306,29.998360745314464,10,0.5502682328224182,0.6832377910614014,-0.2513663470745086,0.9999863505363464,0.5450688004493713,0.6939619779586792,-0.240559384226799,0.9999577403068542,0.542069673538208,0.6934221982955933,-0.2405691444873809,0.999960958957672,0.539524257183075,0.6926126480102539,-0.2405955642461776,0.9999642372131348,0.5528331995010376,0.694604754447937,-0.2399670928716659,0.9999448657035828,0.5549981594085693,0.694886326789856,-0.2399896085262298,0.9999435544013976,0.5572492480278015,0.6948789358139038,-0.2399947047233581,0.999942183494568,0.5342802405357361,0.6831764578819275,-0.1584488302469253,0.9999406337738036,0.5594130158424377,0.6871605515480042,-0.1557218879461288,0.9998754262924194,0.5446277856826782,0.6697163581848145,-0.2194427549839019,0.9999823570251464,0.5553159117698669,0.6714012622833252,-0.2187557965517044,0.9999708533287048,0.5124231576919556,0.6067346930503845,-0.0898116156458854,0.9999701976776124,0.5790150165557861,0.603821337223053,-0.0827794298529625,0.9999099969863892,0.5051000118255615,0.5061343312263489,-0.0344063639640808,0.9842783808708192,0.5846149325370789,0.5040121078491211,-0.0340469703078269,0.9505982398986816,0.5000178217887878,0.4248336553573608,-0.0916200429201126,0.9630187153816224,0.5912303924560547,0.4170514941215515,-0.0911254584789276,0.8933240175247192,0.4964690506458282,0.3969632387161255,-0.1096872314810752,0.9246281385421752,0.5952246189117432,0.3885294497013092,-0.1101453304290771,0.8221215009689331,0.5019024014472961,0.3965498507022857,-0.1376687437295913,0.9310817122459412,0.5920235514640808,0.3875386416912079,-0.1387922912836074,0.833270251750946,0.5047363638877869,0.4052034914493561,-0.1036309450864791,0.91774582862854,0.5892811417579651,0.3960824608802795,-0.103795550763607,0.8227918148040771,0.5276054739952087,0.4302627146244049,-0.0029043818358331,0.9995460510253906,0.5691479444503784,0.4324984848499298,0.0028287949971854,0.9994062781333924,0.5255947113037109,0.2721912860870361,-0.0325161255896091,0.961704969406128,0.572583794593811,0.2787325382232666,-0.0204876884818077,0.9471620917320251,0.5301530361175537,0.1239154413342475,0.0519932433962821,0.9626871347427368,0.5734902620315552,0.1304732114076614,0.062920831143856,0.9277862310409546,0.5329536199569702,0.1037647351622581,0.0534690804779529,0.5542848110198975,0.5710027813911438,0.1081776022911071,0.0646711885929107,0.533397376537323,0.5344463586807251,0.0755471065640449,-0.060440719127655,0.9371291995048524,0.5755949020385742,0.0816423147916793,-0.0447173491120338,0.910536289215088,hoyeon_stand_normal_01,22.803509,22.627417,19.849433,17.804494,13.601471,10.630146,7.81025,5.385165,6.082763,6.708204,8.602325,10.0,12.041595,13.453624,15.556349,16.970563,18.384776,20.518285,21.260292,20.615528,20.0,17.804494,14.866069,12.206556,11.7047,12.0,14.317821,14.035669,13.0,10.049876,8.062258,6.082763,5.0,5.385165,7.071068,9.055385,11.18034,12.369317,12.649111,13.0,13.0,12.529964,12.206556,11.401754,9.219544,6.403124,4.123106,3.605551,7.28011,11.401754,15.811388,18.788294,13.601471,13.341664,14.035669,13.038405,13.152946,12.369317,11.7047,9.848858,8.944272,7.211103,5.0,3.605551,3.0,3.605551,6.324555,8.246211,11.18034,14.142136,17.262677,18.248288,20.396078,20.615528,20.615528,18.973666,17.088007,14.317821,4.123106,4.472136,5.830952,8.062258,10.0,11.18034,12.649111,13.0,12.529964,11.661904,10.0,8.602325,6.403124,3.605551,2.236068,2.828427,5.0,7.81025,9.219544,12.041595,13.453624,14.866069,15.556349,15.620499,15.0,13.926044999999998,15.0,12.206556,10.29563,7.28011,7.071068,8.062258,10.0,11.401754,13.601471,14.422205,16.124515,18.384776,18.681542,19.416488,19.104973,19.0,18.027756,16.278821,13.152946,9.055385,6.082763,4.472136,7.071068,11.401754,14.56022,17.720045,7.211103,6.324555,7.0,8.544004,11.18034,13.038405,14.422205,15.811388,15.811388,16.643317,15.264338,14.764823,13.892444,12.529964,10.816654,9.433981,8.485281,9.219544,10.816654,11.661904,13.416408,15.652476,17.0,18.35756,18.867962,18.027756
hoyeon_stand_normal_01,288,96,9.600524590163934,29.998360745314464,10,0.5502415299415588,0.6832529902458191,-0.2516308128833771,0.999986469745636,0.545022189617157,0.693970263004303,-0.240724429488182,0.9999582767486572,0.5420141816139221,0.6934292316436768,-0.2407356947660446,0.9999614357948304,0.5394723415374756,0.6926218867301941,-0.2407633364200592,0.9999647736549376,0.5528103113174438,0.6946110129356384,-0.2401330471038818,0.9999454021453856,0.5549799203872681,0.6948920488357544,-0.2401557713747024,0.999944031238556,0.557237446308136,0.6948813199996948,-0.2401608973741531,0.999942660331726,0.5342247486114502,0.683182954788208,-0.1585609316825866,0.9999414682388306,0.5593817234039307,0.687149703502655,-0.1558310538530349,0.9998764991760254,0.544575035572052,0.6697269082069397,-0.2197520136833191,0.9999826550483704,0.555296778678894,0.6714049577713013,-0.2190528362989425,0.9999712109565736,0.5123838782310486,0.606634259223938,-0.0903800725936889,0.9999702572822572,0.5789756178855896,0.603762149810791,-0.0830747783184051,0.9999077320098876,0.5049684643745422,0.5061331987380981,-0.0368149764835834,0.9844405055046082,0.5846072435379028,0.5039810538291931,-0.034866277128458,0.9504045248031616,0.4999819993972778,0.4247350394725799,-0.0955778583884239,0.9632149934768676,0.5911669135093689,0.4167483150959015,-0.0923919007182121,0.891359806060791,0.4964469969272613,0.3968942761421203,-0.114197663962841,0.9248287677764891,0.5950565934181213,0.3881387710571289,-0.1117368564009666,0.8191947340965271,0.5019012093544006,0.396511822938919,-0.1421349048614502,0.931257426738739,0.591826856136322,0.387182354927063,-0.1402594447135925,0.8304866552352905,0.5047343373298645,0.4051485061645508,-0.1075998544692993,0.9179388880729676,0.5891721248626709,0.3957083821296692,-0.1050628945231437,0.8200742602348328,0.527594268321991,0.4302027225494385,-0.0028742861468344,0.999543845653534,0.5691363215446472,0.4325056374073028,0.0027984967455267,0.9993990659713744,0.5257024168968201,0.2719550728797912,-0.0325299352407455,0.961616575717926,0.5726354122161865,0.2786941528320312,-0.0205165836960077,0.9471147060394288,0.5301515460014343,0.1240699663758277,0.0520440004765987,0.9625158309936525,0.5735558271408081,0.1303623169660568,0.0628022700548172,0.9274523854255676,0.5329391956329346,0.1037894040346145,0.0535289533436298,0.5526334643363953,0.5711858868598938,0.1079497560858726,0.064536765217781,0.5307080745697021,0.5344141125679016,0.0755502730607986,-0.0604250505566597,0.9367140531539916,0.5755957365036011,0.0814112275838851,-0.0449749566614627,0.9099159240722656,hoyeon_stand_normal_01,22.090722,22.36068,19.646883,16.763055,12.649111,9.486833,6.0,5.830952,6.403124,7.615773,9.219544,11.18034,13.152946,14.142136,16.124515,18.11077,19.104973,21.213203,21.213203,21.377558,20.396078,18.248288,16.03122,13.038405,13.0,13.601471,14.317821,13.928388,12.369317,10.049876,7.071068,5.09902,2.828427,4.0,6.324555,8.544004,10.440307,11.401754,12.165525,12.041595,12.0,12.041595,11.18034,9.219544,7.615773,5.09902,2.0,3.162278,7.615773,11.7047,16.492423,20.223748,12.727922,13.038405,12.083046,12.369317,12.165525,12.041595,11.0,10.0,8.0,6.082763,4.472136,2.828427,3.0,3.605551,6.403124,9.433981,12.529964,15.264338,18.027756,19.416488,20.808652,21.400935,21.400935,19.849433,17.691806,14.21267,4.123106,4.242641,6.082763,8.062258,10.440307,12.083046,13.038405,12.806248,12.806248,11.313708,9.899495,9.219544,6.403124,4.242641,2.828427,1.0,2.0,4.123106,7.28011,9.486833,11.401754,12.649111,13.928388,15.231546,14.317821,13.892444,16.278821,14.866069,12.041595,8.944272,8.246211,9.055385,10.440307,12.083046,13.928388,15.811388,17.720045,19.416488,20.099751,21.0,21.095023,21.377558,19.646883,18.027756,14.866069,11.7047,7.071068,5.385165,6.324555,10.0,13.038405,16.03122,8.602325,7.28011,8.0,10.198039,12.649111,14.317821,15.652476,16.552945,17.888544,17.464249,16.552945,16.155494,13.928388,13.0,12.083046,11.18034,10.816654,10.630146,12.041595,13.453624,15.0,16.401219,17.804494,19.209373,20.518285,19.79899
hoyeon_stand_normal_01,291,97,9.700530054644808,29.998360745314464,10,0.550232470035553,0.6832821369171143,-0.2512761950492859,0.9999865889549256,0.5450001955032349,0.693985641002655,-0.2403773665428161,0.9999587535858154,0.541989266872406,0.6934449672698975,-0.2403883635997772,0.9999618530273438,0.5394411087036133,0.6926383376121521,-0.2404155731201172,0.9999651908874512,0.5527974963188171,0.6946220993995667,-0.2397930920124054,0.999945878982544,0.5549689531326294,0.6948994398117065,-0.239815816283226,0.999944508075714,0.5572304129600525,0.694884181022644,-0.2398210316896438,0.9999430775642396,0.5341826677322388,0.6831889152526855,-0.1582257598638534,0.9999420046806335,0.5593588948249817,0.6871463656425476,-0.1555318832397461,0.9998773336410522,0.5445564389228821,0.6697458624839783,-0.2193964570760727,0.9999828934669496,0.5552933812141418,0.671419084072113,-0.2187100797891616,0.999971568584442,0.5123365521430969,0.6065930128097534,-0.0900010988116264,0.9999702572822572,0.5789388418197632,0.6036666035652161,-0.0830384120345115,0.99990576505661,0.5047972202301025,0.506153404712677,-0.0360653139650821,0.9845939874649048,0.5845905542373657,0.503957986831665,-0.0351055189967155,0.9503809809684752,0.4999085068702698,0.4246704280376434,-0.0942844077944755,0.963436722755432,0.5910285115242004,0.4165911674499511,-0.0925631448626518,0.8896878957748413,0.4963829815387726,0.3968317210674286,-0.1127067431807518,0.925040602684021,0.5949279069900513,0.3879400789737701,-0.1119258180260658,0.8166421055793762,0.5018777251243591,0.3964643478393554,-0.14067043364048,0.9314610958099364,0.5916661024093628,0.3869784772396087,-0.1403693258762359,0.8280499577522278,0.5047094225883484,0.4050925672054291,-0.106312870979309,0.9181724190711976,0.5890446901321411,0.3955167531967163,-0.1051934659481048,0.8176702260971069,0.527580976486206,0.4301013946533203,-0.0025935247540473,0.999543070793152,0.5691308379173279,0.4325007796287536,0.0025166659615933,0.9993939399719238,0.5257154107093811,0.2718846499919891,-0.0324733890593051,0.9615558385849,0.5726220607757568,0.2786238491535187,-0.0211127288639545,0.94717538356781,0.5301293134689331,0.1243442669510841,0.0528953187167644,0.9624292850494384,0.5736500024795532,0.1302143484354019,0.0626450106501579,0.927380919456482,0.5329381227493286,0.1038675457239151,0.0545027069747448,0.5524358153343201,0.571464478969574,0.1078147962689399,0.064410850405693,0.528184711933136,0.5342546105384827,0.0754942744970321,-0.0591989792883396,0.9365033507347108,0.5755941271781921,0.0814361721277237,-0.0451805032789707,0.9095842838287354,hoyeon_stand_normal_01,6.082763,7.211103,11.401754,14.317821,17.262677,18.439089,19.416488,18.439089,18.248288,17.262677,15.033296,14.0,13.038405,12.369317,11.18034,10.816654,11.401754,11.7047,14.142136,18.027756,21.213203,25.495098,28.442925,30.265492,31.144823,30.066593,6.082763,10.198039,13.601471,16.155494,17.888544,18.35756,18.601075,17.029386,15.556349,13.453624,10.0,7.81025,4.242641,2.0,3.162278,6.082763,8.062258,12.041595,15.132746,17.464249,19.646883,21.18962,21.540659,20.124612,18.35756,13.416408,17.804494,18.027756,16.124515,14.317821,13.152946,12.041595,13.0,14.422205,15.620499,17.691806,19.104973,20.518285,21.213203,21.931712,21.931712,21.260292,20.615528,17.204651,13.601471,8.602325,3.605551,4.0,10.049876,16.03122,21.0,25.179357,17.088007,18.439089,19.104973,18.027756,15.297059,13.0,8.602325,5.385165,4.242641,7.071068,10.049876,12.369317,14.866069,16.552945,18.35756,18.027756,18.027756,18.027756,17.204651,15.264338,14.317821,12.369317,11.0,12.083046,13.601471,15.556349,16.0,14.0,11.045361,8.544004,7.071068,7.615773,10.440307,12.369317,14.56022,15.811388,18.384776,19.235384,20.248457,20.615528,21.213203,21.260292,19.416488,17.492856,13.892444,10.29563,6.403124,4.0,7.81025,11.18034,15.652476,18.35756,9.055385,8.246211,8.602325,10.0,12.529964,14.317821,16.155494,18.384776,18.384776,18.384776,17.464249,16.552945,14.317821,13.416408,12.083046,10.77033,10.440307,10.049876,11.0,13.038405,13.152946,16.278821,18.248288,19.235384,20.099751,20.024984
hoyeon_stand_normal_01,294,98,9.800535519125685,29.998360745314464,10,0.5502146482467651,0.6833014488220215,-0.2510462999343872,0.9999867081642152,0.5449699759483337,0.6939927935600281,-0.240185260772705,0.9999592900276184,0.5419572591781616,0.6934522986412048,-0.2401957362890243,0.999962329864502,0.5394073724746704,0.692645788192749,-0.2402223646640777,0.9999656677246094,0.5527676939964294,0.6946287751197815,-0.2395987510681152,0.9999464154243468,0.5549421906471252,0.6949073672294617,-0.2396215796470642,0.9999450445175172,0.557206928730011,0.6948915123939514,-0.2396271079778671,0.9999435544013976,0.5341538786888123,0.6831982135772705,-0.1581431329250335,0.9999427795410156,0.5593236088752747,0.6871476173400879,-0.1554024964570999,0.9998783469200134,0.5445352792739868,0.6697556376457214,-0.2191694378852844,0.9999831318855286,0.5552823543548584,0.6714354753494263,-0.2184802889823913,0.999971866607666,0.5123251676559448,0.6065889596939087,-0.0897468328475952,0.9999704360961914,0.5789081454277039,0.6036372780799866,-0.0828860625624656,0.9999040365219116,0.5047418475151062,0.5061703324317932,-0.0362810157239437,0.9847379326820374,0.5845767259597778,0.5039545297622681,-0.0348235331475734,0.9503560066223145,0.499885618686676,0.4246664643287658,-0.095285564661026,0.963714838027954,0.5909947156906128,0.4164864122867584,-0.0924657955765724,0.8886012434959412,0.4963703751564026,0.3968198001384735,-0.1140046268701553,0.925409197807312,0.5949001312255859,0.3878111541271209,-0.1118969544768333,0.81490159034729,0.5018768906593323,0.3964590430259704,-0.141878068447113,0.931799054145813,0.5916135311126709,0.3868529498577118,-0.1403228640556335,0.8264062404632568,0.5047064423561096,0.4050807356834411,-0.1073072180151939,0.918546736240387,0.5890032052993774,0.3953877687454223,-0.1051007062196731,0.8160547614097595,0.527568519115448,0.4301044642925262,-0.002599399536848,0.9995440244674684,0.569111168384552,0.4325712919235229,0.0025225405115634,0.9993911385536194,0.5257312059402466,0.2719713449478149,-0.0330306366086006,0.9613609910011292,0.5726252198219299,0.2786352038383484,-0.0211352035403251,0.9468538761138916,0.5301288366317749,0.1243489161133766,0.0521984584629535,0.9621880650520324,0.5736681818962097,0.1301366090774536,0.0622379779815673,0.9269729852676392,0.53293377161026,0.1038594841957092,0.0538212917745113,0.5507397055625916,0.571532130241394,0.1077038273215293,0.0639640539884567,0.52578204870224,0.5342502593994141,0.0754893198609352,-0.0600781366229057,0.9361124634742736,0.5755968689918518,0.081495463848114,-0.0456691645085811,0.9089386463165284,hoyeon_stand_normal_01,23.021729,22.671568,20.518285,17.029386,14.21267,10.630146,7.211103,5.09902,5.09902,6.403124,8.485281,9.219544,11.401754,13.038405,15.264338,16.643317,18.867962,20.248457,21.095023,20.808652,20.0,18.027756,15.264338,12.083046,11.045361,11.401754,15.132746,14.317821,12.649111,10.77033,7.615773,5.09902,3.605551,4.472136,7.28011,9.219544,11.401754,12.649111,13.0,13.416408,13.038405,12.806248,12.041595,11.313708,9.219544,6.403124,3.605551,2.828427,7.28011,11.401754,15.811388,19.313208,11.661904,12.649111,13.152946,13.038405,13.0,13.038405,12.165525,10.198039,9.486833,7.615773,5.830952,4.242641,3.162278,4.472136,6.403124,8.062258,11.18034,14.317821,16.552945,18.788294,20.124612,21.470911,21.470911,20.248457,17.204651,14.866069,3.0,2.828427,5.0,7.28011,9.433981,10.0,12.041595,12.041595,12.206556,11.661904,10.29563,8.944272,6.708204,5.09902,3.162278,1.0,1.414214,3.605551,5.830952,8.944272,10.29563,12.083046,13.416408,13.416408,13.038405,12.806248,13.9379145,15.0652035,16.461069000000002,16.401219,16.010859,14.644137,13.779272,11.993294,10.625306,8.5731645,6.298133999999999,4.3027755,2.9208095,3.0811390000000003,5.415476,7.8366965,11.01595,13.5275475,16.461069000000002,19.0539295,20.2203465,20.819662,20.307764,18.408025,16.865662,13.0192025,13.0192025,13.9820285,14.9496825,14.9496825,13.964194,13.464194,12.041523,10.172753,8.424268000000001,7.259227,7.0094485,6.841616999999999,7.385231,7.640055,8.623105500000001,9.609772,9.7434165,9.7434165,9.7434165,10.109772,9.609772,9.63471,9.109772,9.0475345,10.332756,10.804669
hoyeon_stand_normal_01,297,99,9.900540983606556,29.998360745314464,10,0.5501487255096436,0.6833570003509521,-0.2502571940422058,0.99998676776886,0.5448788404464722,0.6940207481384277,-0.2392239570617675,0.9999595284461976,0.5418577790260315,0.693472146987915,-0.2392360270023346,0.999962568283081,0.5393300652503967,0.6926632523536682,-0.2392644137144088,0.9999659061431884,0.5526999235153198,0.6946681141853333,-0.2387683689594268,0.9999465942382812,0.5548887848854065,0.6949450969696045,-0.2387903481721878,0.9999451637268066,0.5571591854095459,0.6949304938316345,-0.2387947291135788,0.9999436140060424,0.5340864658355713,0.6832038164138794,-0.156844288110733,0.9999432563781738,0.5592980980873108,0.6871621012687683,-0.1547537446022033,0.9998785853385924,0.544463574886322,0.6697875261306763,-0.2183169424533844,0.999983251094818,0.555245041847229,0.6714698672294617,-0.21779565513134,0.9999719858169556,0.5123186111450195,0.6065850853919983,-0.0888782665133476,0.9999706149101256,0.5788868069648743,0.6036027073860168,-0.082349456846714,0.999902367591858,0.5047188997268677,0.5062227845191956,-0.0355593748390674,0.984866738319397,0.5845575928688049,0.503948450088501,-0.034475315362215,0.9500905871391296,0.4998540878295898,0.4246910810470581,-0.0947654545307159,0.9640502333641052,0.5909835696220398,0.4164725840091705,-0.0921335741877555,0.8873817920684814,0.4963514506816864,0.3968287706375122,-0.1137321069836616,0.9259379506111144,0.5948845744132996,0.3878081142902374,-0.1116174831986427,0.8131675124168396,0.5018677115440369,0.3964768648147583,-0.1415707468986511,0.9322868585586548,0.5916120409965515,0.3868477940559387,-0.1401052474975586,0.8247636556625366,0.5046961903572083,0.4050862789154053,-0.1067869514226913,0.9191070199012756,0.5889999866485596,0.3953791856765747,-0.1048143804073333,0.8144601583480835,0.5275530219078064,0.430099219083786,-0.0025868958327919,0.9995443820953368,0.5691049098968506,0.4326576590538025,0.0025107366964221,0.9993873834609984,0.5257437825202942,0.271955668926239,-0.0331329368054866,0.961205780506134,0.5726300477981567,0.2787045538425445,-0.0212312564253807,0.9465004205703736,0.5301679968833923,0.1243319734930992,0.0517868623137474,0.961879014968872,0.5736827254295349,0.1301243603229522,0.0618706904351711,0.9263662099838256,0.5329586863517761,0.1038355678319931,0.053370114415884,0.5491394400596619,0.5715986490249634,0.1076617240905761,0.0635578632354736,0.523191511631012,0.5342467427253723,0.0754420235753059,-0.0605219863355159,0.935569703578949,0.5756134390830994,0.0815579071640968,-0.046070173382759,0.90810227394104,hoyeon_stand_normal_01,22.803509,22.472205,20.124612,17.0,13.892444,9.848858,7.28011,5.09902,5.656854,7.211103,8.544004,10.440307,11.401754,13.341664,15.297059,16.278821,19.235384,20.396078,20.396078,20.615528,19.416488,17.464249,15.132746,13.038405,11.7047,12.806248,15.524175,14.142136,13.038405,10.0,7.0,5.09902,3.605551,5.0,8.062258,10.049876,12.041595,13.0,13.038405,14.142136,13.341664,13.601471,11.7047,11.18034,8.944272,5.385165,3.0,3.0,7.071068,12.165525,17.029386,20.024984,14.422205,14.21267,12.727922,11.401754,9.848858,10.049876,11.18034,11.7047,14.317821,16.124515,16.643317,17.492856,18.867962,18.867962,18.867962,18.35756,17.0,15.231546,12.083046,7.615773,3.605551,2.236068,7.0,12.041595,17.117243,20.396078,14.764823,15.811388,16.401219,15.556349,13.601471,11.18034,8.246211,5.09902,3.605551,5.09902,7.211103,9.899495,10.630146,12.206556,12.529964,13.416408,13.0,13.0,12.083046,11.18034,9.433981,8.485281,7.615773,8.0,9.486833,12.083046,13.928388,15.811388,16.155494,15.811388,15.524175,15.297059,14.142136,12.041595,10.049876,8.0,6.0,4.123106,2.828427,4.0,6.082763,8.544004,12.369317,14.56022,17.464249,19.416488,21.213203,22.090722,22.022716,20.0,17.0,14.0,12.206556,13.601471,14.422205,14.422205,13.601471,12.206556,10.29563,8.544004,7.28011,6.0,5.385165,5.830952,6.403124,6.403124,7.81025,8.602325,8.602325,9.219544,9.219544,9.219544,8.602325,8.602325,8.544004,9.219544,9.0,10.198039
hoyeon_stand_normal_01,300,100,10.000546448087432,29.998360745314464,10,0.550026535987854,0.6833702921867371,-0.250315397977829,0.99998676776886,0.5447694659233093,0.694029688835144,-0.2392603605985641,0.9999595880508424,0.5417472124099731,0.6934820413589478,-0.239272341132164,0.9999626874923706,0.539252519607544,0.6926721334457397,-0.239300400018692,0.9999659657478333,0.552610456943512,0.6946748495101929,-0.2388489842414856,0.999946653842926,0.5548200011253357,0.6949501037597656,-0.2388714849948883,0.9999452233314514,0.5571014881134033,0.6949335932731628,-0.2388764023780822,0.9999436140060424,0.534040093421936,0.6832117438316345,-0.1567853242158889,0.9999433159828186,0.5592899918556213,0.6871602535247803,-0.1548467576503753,0.999878704547882,0.5443429350852966,0.6697951555252075,-0.2183195203542709,0.9999833106994628,0.5551621913909912,0.6714756488800049,-0.217853844165802,0.9999720454216005,0.5123057961463928,0.6065553426742554,-0.0888575464487075,0.9999704957008362,0.5788834691047668,0.6035969257354736,-0.0825530216097831,0.9999011754989624,0.5047152042388916,0.5062244534492493,-0.0352342054247856,0.9849015474319458,0.5845526456832886,0.5039032101631165,-0.0347428321838378,0.9502954483032228,0.4998484849929809,0.4247167706489563,-0.0946526527404785,0.9641558527946472,0.5909823775291443,0.4164504706859588,-0.0925927683711052,0.8869747519493103,0.4963505864143371,0.3968440592288971,-0.1135548502206802,0.9260252118110656,0.594885528087616,0.387805163860321,-0.1120983585715293,0.8124409317970276,0.5018636584281921,0.3964818120002746,-0.141365498304367,0.932384192943573,0.5916153192520142,0.3868384063243866,-0.1405949145555496,0.8241062164306641,0.504692792892456,0.4050869345664978,-0.1066438183188438,0.9192282557487488,0.5889994502067566,0.3953593075275421,-0.1052612364292144,0.8138067126274109,0.527550458908081,0.4300294816493988,-0.0024222286883741,0.9995412826538086,0.569101870059967,0.4326544106006622,0.0023470544256269,0.9993816614151,0.5257529616355896,0.2719568908214569,-0.0330774746835231,0.960893988609314,0.5726354718208313,0.2787505090236664,-0.021738938987255,0.9460847973823548,0.5301675200462341,0.1244997084140777,0.0522159337997436,0.9613606333732604,0.5736991763114929,0.1300778537988662,0.0617203712463378,0.9255310893058776,0.5329580903053284,0.1041903123259544,0.0538862869143486,0.5473938584327698,0.57170170545578,0.1076420247554779,0.0634433180093765,0.5195881128311157,0.5342130661010742,0.0755102857947349,-0.05989520996809,0.934832751750946,0.5756219029426575,0.0817255601286888,-0.0463716611266136,0.90692138671875,hoyeon_stand_normal_01,23.054261,22.477249,20.5617735,17.7875095,14.035262,11.09017,8.3322915,6.708204,6.9465065,8.503264999999999,9.0154185,10.514599,12.841455,13.9640565,15.921304,17.6023255,19.720736,20.6361265,21.5928725,21.5928725,21.154113,18.9864675,16.420386999999998,13.3817955,11.9147255,11.993294,12.991794,12.9223265,11.247024,8.881774,6.3638395,3.605551,2.118034,5.0,6.889636,9.018153,10.816654,11.291047,12.062320499999998,12.6885165,12.5877825,11.693448,10.433265,8.972135999999999,7.531129,4.736068,2.5322475,3.8643285,8.062258,12.811482000000002,16.477082000000003,19.8619245,18.027756,18.11077,16.492423,13.928388,12.206556,12.206556,13.928388,15.132746,17.029386,19.026298,20.099751,22.203603,23.194827,24.186773,23.194827,23.086793,21.023796,19.0,15.0,10.049876,4.123106,3.0,9.219544,15.524175,20.248457,25.079872,17.720045,19.416488,20.099751,19.026298,17.262677,13.928388,10.0,7.211103,6.082763,7.81025,9.486833,12.165525,14.0,15.033296,16.124515,16.124515,16.278821,16.278821,15.132746,14.035669,12.041595,10.440307,10.0,11.18034,13.341664,16.124515,17.0,14.035669,11.18034,9.486833,8.485281,8.944272,10.440307,12.369317,14.866069,17.088007,18.384776,19.235384,20.248457,21.260292,21.931712,21.260292,20.0,18.867962,16.124515,11.661904,7.81025,5.09902,6.403124,11.401754,14.422205,17.204651,7.071068,6.708204,8.485281,10.29563,13.0,14.866069,17.088007,18.027756,18.027756,18.027756,17.464249,16.155494,14.866069,13.0,11.7047,11.401754,11.18034,11.045361,12.041595,13.152946,15.297059,17.262677,19.416488,20.396078,20.223748,20.099751
hoyeon_stand_normal_01,303,101,10.100551912568308,29.998360745314464,10,0.549848735332489,0.6833681464195251,-0.2507568299770355,0.9999869465827942,0.5446624755859375,0.6940225958824158,-0.2398264706134796,0.9999602437019348,0.5416477918624878,0.6934646964073181,-0.2398361414670944,0.9999632835388184,0.5391966700553894,0.6926506757736206,-0.2398629039525985,0.9999665021896362,0.5524710416793823,0.6946704983711243,-0.2394186407327652,0.9999475479125975,0.5546942353248596,0.6949403285980225,-0.2394420504570007,0.999946117401123,0.5569798350334167,0.6949169635772705,-0.2394464462995529,0.9999445676803588,0.5340198874473572,0.6831856369972229,-0.1573786437511444,0.9999442100524902,0.5592647790908813,0.6870756149291992,-0.155518352985382,0.9998806118965148,0.5442105531692505,0.669779896736145,-0.2187211960554123,0.9999834895133972,0.5550177693367004,0.6714277863502502,-0.2182714641094207,0.9999723434448242,0.5122796297073364,0.6064907908439636,-0.0889040231704711,0.9999706149101256,0.5788766145706177,0.6035893559455872,-0.0826959535479545,0.9999023079872132,0.5047172904014587,0.5062660574913025,-0.0351714938879013,0.9849385619163512,0.5845487117767334,0.5039383769035339,-0.0346436016261577,0.9506421089172364,0.4998300969600677,0.4247435629367828,-0.0941892340779304,0.9641534686088562,0.5910027027130127,0.4165941774845123,-0.0925093963742256,0.8874481916427612,0.4963355660438537,0.3968541324138641,-0.1125611215829849,0.925933837890625,0.5949296355247498,0.3880013823509216,-0.1119627729058265,0.8129370808601379,0.5018376111984253,0.3964858949184418,-0.1407141536474228,0.9323194622993468,0.5916751027107239,0.3869926929473877,-0.1405029892921447,0.824620246887207,0.5046685934066772,0.4050886929035187,-0.1062884628772735,0.9191567897796632,0.5890357494354248,0.3955362141132355,-0.1051919907331466,0.8142845630645752,0.5275594592094421,0.4300823807716369,-0.0024255849421024,0.9995439052581788,0.5690998435020447,0.4327453076839447,0.0023502290714532,0.9993869066238404,0.5257683396339417,0.2719987332820892,-0.0329647362232208,0.960801124572754,0.5726709365844727,0.2790524363517761,-0.0216794740408658,0.9461718201637268,0.5301645398139954,0.1248696893453598,0.0505581498146057,0.9613608121871948,0.5737155675888062,0.1300792545080185,0.0607742853462696,0.9256221652030944,0.5329574346542358,0.1046189218759536,0.0518931932747364,0.547241747379303,0.5717165470123291,0.1076656132936477,0.0623119622468948,0.5189692378044128,0.5342125296592712,0.0755659490823745,-0.0620319247245788,0.9349945187568665,0.5756201148033142,0.0819178372621536,-0.0471099652349948,0.9069592952728271,hoyeon_stand_normal_01,4.123106,5.0,7.615773,10.440307,12.369317,13.601471,13.601471,13.341664,12.369317,12.165525,11.18034,10.049876,10.0,9.219544,8.544004,8.062258,7.81025,8.544004,9.219544,12.0,15.132746,17.262677,20.396078,21.377558,21.213203,21.095023,4.123106,6.708204,10.29563,10.816654,12.806248,13.453624,12.806248,12.206556,11.18034,8.944272,7.28011,5.385165,2.236068,1.0,2.236068,4.123106,6.082763,8.246211,10.440307,13.0,14.317821,15.652476,15.264338,14.422205,12.206556,10.0,12.041595,13.038405,13.0,13.601471,13.341664,13.152946,12.041595,10.0,9.0,7.071068,5.09902,3.605551,2.236068,2.828427,5.830952,8.544004,11.7047,13.928388,16.763055,18.973666,20.248457,21.540659,20.615528,20.124612,17.888544,14.422205,4.242641,4.123106,5.09902,7.211103,9.219544,10.816654,12.083046,11.7047,11.401754,10.198039,9.055385,8.062258,6.0,4.0,2.236068,1.0,2.236068,5.09902,7.071068,9.219544,11.18034,12.165525,13.341664,13.341664,13.601471,13.416408,14.56022,15.811388,16.763055,16.492423,16.492423,15.297059,14.142136,13.038405,11.0,9.0,7.0,5.09902,3.605551,4.123106,6.0,8.062258,11.18034,14.142136,17.117243,19.104973,21.023796,21.0,21.023796,19.104973,17.117243,14.142136,11.661904,12.206556,13.038405,13.038405,12.206556,11.661904,9.848858,8.544004,7.071068,6.082763,5.385165,6.403124,7.071068,7.81025,7.81025,8.602325,9.219544,9.219544,10.0,9.219544,9.433981,8.944272,8.944272,9.219544,10.0,11.045361
hoyeon_stand_normal_01,306,102,10.20055737704918,29.998360745314464,10,0.549785315990448,0.6833652853965759,-0.2508989870548248,0.9999870657920836,0.5446115136146545,0.6940155029296875,-0.240055426955223,0.9999606609344482,0.5415986776351929,0.6934522986412048,-0.2400647550821304,0.9999637007713318,0.5391618013381958,0.6926373243331909,-0.2400916367769241,0.9999669194221495,0.5524073243141174,0.6946657299995422,-0.2395850270986557,0.9999480843544006,0.5546342730522156,0.6949325203895569,-0.2396085113286972,0.999946653842926,0.5569224953651428,0.6949014663696289,-0.2396127134561538,0.999945104122162,0.5339875817298889,0.6831623315811157,-0.1578209996223449,0.9999449849128724,0.5592264533042908,0.687023937702179,-0.1556542664766311,0.999881625175476,0.5441573262214661,0.6697574257850647,-0.2189068794250488,0.9999836087226868,0.5549566149711609,0.6713884472846985,-0.2183827310800552,0.9999725222587584,0.5122286081314087,0.6064620614051819,-0.0893923789262771,0.9999708533287048,0.5788679122924805,0.6035890579223633,-0.082615815103054,0.9999029040336608,0.5047080516815186,0.5063296556472778,-0.0351648591458797,0.9850658178329468,0.5845281481742859,0.503997266292572,-0.034621175378561,0.9506887793540956,0.4998224079608917,0.4247557520866394,-0.0937487035989761,0.964350163936615,0.5910047292709351,0.4167633056640625,-0.0924572944641113,0.8877246379852295,0.4963214695453644,0.3968546688556671,-0.1120529547333717,0.92623108625412,0.5949373245239258,0.388273149728775,-0.1119253560900688,0.8133236169815063,0.5018123388290405,0.3964873552322387,-0.1401883065700531,0.9325935244560242,0.5917030572891235,0.3872359097003937,-0.1404365748167038,0.8250169157981873,0.5046526789665222,0.4050895869731903,-0.1058423072099685,0.9194955825805664,0.58905029296875,0.3957709372043609,-0.1051287874579429,0.8146588802337646,0.5275638699531555,0.4301610589027405,-0.002612285548821,0.9995443820953368,0.5690962076187134,0.4328058063983917,0.0025370332878082,0.999387264251709,0.5257797837257385,0.2721014022827148,-0.0329290069639682,0.9604668617248536,0.5726897120475769,0.2791047692298889,-0.0211298130452632,0.9457143545150756,0.5302281975746155,0.1248967051506042,0.0494156815111637,0.960996150970459,0.5736870169639587,0.1300780475139618,0.0607294701039791,0.9249262809753418,0.5330766439437866,0.104638896882534,0.0506309755146503,0.5456214547157288,0.571567177772522,0.1076942533254623,0.0622419491410255,0.5173159837722778,0.5342395901679993,0.0756294205784797,-0.0630854442715644,0.9346042275428772,0.5755902528762817,0.0819209888577461,-0.047024130821228,0.9062007069587708,hoyeon_stand_normal_01,5.385165,6.324555,10.049876,14.142136,16.278821,17.262677,18.248288,17.262677,17.262677,16.492423,15.524175,13.928388,13.416408,12.206556,12.041595,10.816654,11.7047,13.038405,15.132746,18.973666,22.847319,26.400758,29.546573,32.310989,32.893768,31.32092,8.062258,11.18034,15.033296,18.0,19.026298,20.223748,19.646883,18.973666,17.088007,14.764823,11.661904,8.062258,5.830952,3.0,2.236068,5.0,8.062258,11.18034,14.142136,17.029386,19.026298,20.024984,21.095023,19.416488,17.464249,13.341664,17.464249,17.262677,15.132746,13.038405,11.401754,10.816654,11.401754,13.416408,14.866069,16.492423,18.439089,20.396078,21.377558,22.36068,21.377558,21.587033,19.646883,17.720045,13.601471,9.486833,4.123106,3.605551,9.219544,15.556349,20.518285,25.0,16.155494,17.720045,18.11077,18.0,15.132746,12.649111,8.602325,5.830952,5.385165,6.708204,9.219544,12.0,15.132746,16.492423,17.720045,17.088007,17.088007,17.464249,17.088007,15.811388,13.341664,11.0,9.486833,10.630146,13.038405,14.317821,15.811388,13.601471,11.18034,8.062258,7.615773,7.81025,8.602325,11.661904,13.416408,15.264338,16.643317,17.804494,18.384776,19.209373,19.416488,19.723083,18.788294,16.155494,13.601471,9.486833,5.830952,3.162278,5.0,9.433981,13.038405,15.811388,7.28011,7.0,7.28011,9.433981,12.041595,14.142136,15.620499,16.278821,16.970563,16.970563,16.970563,15.556349,14.142136,13.453624,11.313708,10.0,9.433981,9.848858,10.440307,12.165525,13.152946,15.132746,16.278821,19.235384,19.416488,18.439089
hoyeon_stand_normal_01,309,103,10.300562841530054,29.998360745314464,10,0.5497507452964783,0.6833674311637878,-0.248464435338974,0.9999870657920836,0.5445687770843506,0.6940126419067383,-0.2377582043409347,0.999960720539093,0.5415492653846741,0.6934451460838318,-0.2377673983573913,0.9999637603759766,0.5391198992729187,0.6926315426826477,-0.237791046500206,0.9999669790267944,0.5523754358291626,0.6946650743484497,-0.237180471420288,0.9999481439590454,0.5546033978462219,0.6949295997619629,-0.2372028827667236,0.999946653842926,0.5568927526473999,0.6948901414871216,-0.2372078150510788,0.999945104122162,0.5339164733886719,0.6831451654434204,-0.1558601856231689,0.9999452829360962,0.5591915249824524,0.6869704723358154,-0.1531393826007843,0.9998814463615416,0.5441128015518188,0.6697356104850769,-0.216570109128952,0.9999836683273317,0.5549181699752808,0.6713569760322571,-0.2158838659524917,0.9999725818634032,0.5121695399284363,0.6064183115959167,-0.0874451398849487,0.99997079372406,0.5788647532463074,0.6036308407783508,-0.0797206461429596,0.9999033808708192,0.5046942234039307,0.5063653588294983,-0.0312182083725929,0.985179603099823,0.5845320224761963,0.5041686296463013,-0.0299959424883127,0.9505144357681274,0.4998063147068023,0.4248679578304291,-0.0886391624808311,0.9644852876663208,0.5910098552703857,0.4171984493732452,-0.089249849319458,0.8880000114440918,0.4963023364543915,0.3968765139579773,-0.1064609661698341,0.9265059232711792,0.5949536561965942,0.3887978196144104,-0.1085610911250114,0.8140031099319458,0.5017674565315247,0.3965238630771637,-0.1347470134496688,0.932827889919281,0.591737687587738,0.3877669870853424,-0.1375104635953903,0.8256815075874329,0.5046259760856628,0.4051246047019958,-0.1006905287504196,0.919735074043274,0.5890715718269348,0.3963580727577209,-0.102089837193489,0.8152085542678833,0.5275636315345764,0.429995596408844,-0.0026531335897743,0.9995381236076356,0.5691114664077759,0.4326100349426269,0.0025788014754652,0.9993807673454284,0.5257802605628967,0.2720637619495392,-0.0318728238344192,0.9607580304145812,0.5727373361587524,0.2790651023387909,-0.0209251958876848,0.9462281465530396,0.5301967263221741,0.1250185817480087,0.0500304512679576,0.9611281752586364,0.5737071633338928,0.1300773173570633,0.0607571676373481,0.92507004737854,0.5330714583396912,0.1047280728816986,0.0511972084641456,0.5457974672317505,0.5715582370758057,0.1077000498771667,0.0622845217585563,0.5176773071289062,0.5342391729354858,0.0756279379129409,-0.0626408159732818,0.9347785115242004,0.5755912065505981,0.0818925723433494,-0.0469864383339881,0.9062842130661012,hoyeon_stand_normal_01,5.0,7.0,11.18034,13.601471,16.763055,18.681542,18.681542,17.720045,17.720045,16.155494,15.231546,13.892444,13.601471,13.453624,12.041595,11.18034,11.18034,12.041595,14.866069,17.0,20.808652,25.612497,29.206164,30.805844,31.064449,29.154759,7.071068,10.049876,14.0,16.03122,18.248288,18.681542,18.973666,17.464249,16.124515,13.038405,10.0,7.81025,4.472136,1.0,2.0,5.09902,7.28011,11.401754,14.317821,17.262677,19.104973,20.024984,20.024984,19.104973,16.124515,13.038405,19.416488,18.248288,17.029386,15.033296,12.649111,11.661904,12.041595,13.892444,15.811388,17.720045,19.416488,20.396078,21.587033,22.36068,22.561028,21.587033,20.880613,18.027756,13.928388,8.944272,3.605551,2.828427,9.219544,14.866069,21.213203,24.839485,17.088007,18.439089,19.104973,17.0,16.278821,12.083046,9.219544,6.324555,6.708204,7.211103,10.440307,13.038405,15.033296,16.124515,16.278821,18.439089,17.720045,17.720045,15.524175,14.317821,13.038405,11.18034,10.29563,12.041595,14.317821,17.088007,14.142136,15.297059,16.278821,17.117243,16.03122,15.0,14.035669,12.041595,10.198039,8.246211,6.082763,4.123106,2.236068,3.162278,5.09902,8.062258,11.18034,14.142136,17.117243,19.104973,21.023796,21.0,21.023796,19.104973,17.117243,14.142136,13.453624,14.866069,14.866069,15.620499,14.21267,13.453624,12.206556,10.816654,8.944272,7.071068,7.071068,7.28011,8.062258,8.062258,8.602325,9.219544,10.0,10.0,10.0,10.0,9.219544,8.485281,8.602325,8.544004,9.219544,11.0
hoyeon_stand_normal_01,312,104,10.400568306010928,29.998360745314464,10,0.5496930480003357,0.6833715438842773,-0.2483780831098556,0.9999869465827942,0.5444912314414978,0.6940106153488159,-0.2376787513494491,0.9999604225158693,0.5414647459983826,0.6934365034103394,-0.2376882433891296,0.9999635219573976,0.5390520095825195,0.6926227807998657,-0.2377122044563293,0.99996680021286,0.5523242950439453,0.6946678161621094,-0.2371127158403396,0.9999476671218872,0.5545578002929688,0.6949315667152405,-0.2371349781751632,0.999946117401123,0.5568467974662781,0.6948903799057007,-0.237140268087387,0.999944508075714,0.5338287353515625,0.6831220984458923,-0.1557933241128921,0.999945342540741,0.5591515898704529,0.6869542002677917,-0.1531154364347458,0.9998801946640016,0.5440484881401062,0.6697279214859009,-0.2164798229932785,0.9999836087226868,0.5548728108406067,0.6713486909866333,-0.2158110737800598,0.9999722838401794,0.5121483206748962,0.6063908338546753,-0.087334968149662,0.9999706745147704,0.5788508057594299,0.6036494970321655,-0.0793536975979805,0.999902844429016,0.504692018032074,0.506402313709259,-0.0301675759255886,0.985259473323822,0.5845333337783813,0.5042993426322937,-0.028749406337738,0.9500251412391664,0.4998010993003845,0.4249126613140106,-0.0869118273258209,0.9645317196846008,0.5909852385520935,0.4174588918685913,-0.0878797397017479,0.8874191045761108,0.496292382478714,0.396879106760025,-0.1045260652899742,0.9266310930252076,0.5949357151985168,0.3890885710716247,-0.1069313138723373,0.8135193586349487,0.5017504096031189,0.3965358734130859,-0.1329405307769775,0.9329199194908142,0.5917379260063171,0.3880991041660309,-0.1361588090658188,0.8252339363098145,0.5046213865280151,0.4051350951194763,-0.0989687740802764,0.9198295474052428,0.5890693068504333,0.3967024981975555,-0.1008122861385345,0.8146846294403076,0.5275625586509705,0.4299956560134887,-0.0027307677082717,0.9995299577713012,0.5691155195236206,0.4325882196426391,0.0026583799626678,0.9993711709976196,0.525780439376831,0.2720648646354675,-0.0318311601877212,0.9606215357780457,0.5727896094322205,0.2790716588497162,-0.0207609608769416,0.9461327195167542,0.5302314162254333,0.1249214708805084,0.0499250926077365,0.9607154130935668,0.5737215876579285,0.1299497634172439,0.0605634525418281,0.9243133664131165,0.5331162214279175,0.1046399399638176,0.0510581135749816,0.5434954166412354,0.5715427398681641,0.1075820475816726,0.0620248764753341,0.5163210034370422,0.5342655181884766,0.0756195932626724,-0.0628276765346527,0.9340491890907288,0.5756452083587646,0.0818851366639137,-0.0471994243562221,0.9052756428718568,hoyeon_stand_normal_01,3.162278,5.0,7.81025,10.0,12.806248,13.601471,13.601471,13.601471,13.601471,12.206556,11.661904,11.18034,9.848858,9.219544,9.055385,9.055385,8.944272,9.219544,11.401754,13.416408,17.088007,20.248457,22.135944,23.769729,24.166092,23.259407,5.0,7.81025,10.0,13.038405,13.892444,15.231546,14.866069,14.317821,12.165525,11.045361,9.055385,6.0,4.0,2.236068,1.0,2.828427,5.656854,7.81025,9.899495,12.727922,13.453624,15.0,15.264338,13.892444,12.529964,9.433981,12.603278,12.10356,13.0192025,13.2274065,12.843758,12.7276795,11.247024,10.048767,8.828855,7.1055515,5.733964,4.5,3.6502815,5.04951,7.140055,9.497074,12.501784,15.7715795,18.454672,20.12276,21.3974315,21.8930435,21.6057025,20.860216,18.0440035,15.29572,3.736068,3.667544,5.751072000000001,7.8390155,10.1021555,11.4997315,13.0918655,13.403124,13.5192025,12.7841845,10.975335,8.881774,7.28011,5.09902,3.0,1.2071070000000002,1.414214,4.297621,6.767829,8.840095999999999,10.9299715,12.601965,13.9588845,14.0532435,14.286605,13.7649295,15.297059,12.369317,10.440307,8.062258,7.211103,7.28011,9.0,11.0,13.0,15.033296,16.278821,17.720045,18.027756,19.697716,18.867962,20.0,18.439089,16.970563,13.453624,9.899495,5.830952,4.123106,6.708204,10.440307,13.601471,16.763055,7.28011,6.708204,7.071068,8.944272,10.440307,13.152946,14.142136,16.124515,16.124515,16.278821,15.524175,14.56022,13.341664,12.369317,11.18034,10.198039,9.055385,9.055385,10.198039,11.7047,13.0,15.231546,16.155494,18.027756,18.681542,18.681542
hoyeon_stand_normal_01,315,105,10.500573770491805,29.998360745314464,10,0.549680769443512,0.6833747029304504,-0.2454569190740585,0.9999869465827942,0.5444587469100952,0.6940029859542847,-0.2345977276563644,0.9999603033065796,0.5414303541183472,0.6934221982955933,-0.2346081286668777,0.9999634623527528,0.5390182733535767,0.6926072239875793,-0.2346320003271103,0.9999667406082152,0.5523034930229187,0.6946675181388855,-0.2340776771306991,0.9999475479125975,0.5545389652252197,0.6949310898780823,-0.2340991795063018,0.9999459385871888,0.556830644607544,0.6948865652084351,-0.2341043204069137,0.9999443292617798,0.5337846279144287,0.6830927133560181,-0.152711421251297,0.9999451637268066,0.5591183304786682,0.6869417428970337,-0.1503641009330749,0.9998795390129088,0.5440331101417542,0.6697240471839905,-0.213657945394516,0.9999836087226868,0.5548667907714844,0.6713467836380005,-0.2130654454231262,0.9999722242355348,0.5121443867683411,0.6063347458839417,-0.0849641934037208,0.9999706149101256,0.5788404941558838,0.603652834892273,-0.0775926932692527,0.999902367591858,0.5046953558921814,0.5064052939414978,-0.0290513951331377,0.9853526949882508,0.5845242738723755,0.5043251514434814,-0.0279459282755851,0.9496371150016784,0.4997961223125458,0.4249135255813598,-0.0865463092923164,0.9647915363311768,0.5909857153892517,0.4175249934196472,-0.0871847346425056,0.8870725035667419,0.4962875545024872,0.3968733549118042,-0.1044466271996498,0.9271101355552672,0.5949384570121765,0.3891725540161133,-0.1063979640603065,0.8133331537246704,0.5017479658126831,0.3965349495410919,-0.1327008754014969,0.933357298374176,0.5917414426803589,0.3881662786006927,-0.1355056762695312,0.8250756859779358,0.5046175122261047,0.4051347970962524,-0.0985950455069542,0.9203168153762816,0.5890772938728333,0.3967750668525696,-0.1000873073935508,0.8144820928573608,0.527568519115448,0.4299198389053345,-0.0026980265974998,0.9995270371437072,0.5691145658493042,0.4324929416179657,0.002626224188134,0.9993668794631958,0.5258516073226929,0.2720589637756347,-0.0314028225839138,0.9606635570526124,0.5727905035018921,0.2789505422115326,-0.0208040811121463,0.9461762309074402,0.5302984714508057,0.1250740736722946,0.0507689900696277,0.960623025894165,0.573744535446167,0.1299499273300171,0.0605878829956054,0.9240743517875672,0.5331987738609314,0.1049056574702262,0.0519813112914562,0.5435031652450562,0.5715460181236267,0.1075784787535667,0.0620533935725688,0.5151296257972717,0.534303605556488,0.0756207779049873,-0.0614612288773059,0.933890163898468,0.575695812702179,0.081863984465599,-0.0471397973597049,0.9049509167671204,hoyeon_stand_normal_01,4.0,5.0,7.615773,10.77033,12.649111,13.601471,14.866069,13.601471,13.601471,12.369317,12.369317,11.18034,10.049876,10.049876,9.219544,8.544004,9.219544,10.0,12.083046,14.56022,17.117243,20.099751,23.194827,24.33105,24.515301,23.769729,5.385165,7.615773,9.848858,12.529964,13.601471,14.21267,14.142136,13.453624,12.206556,10.816654,8.062258,6.708204,3.605551,1.414214,1.414214,3.162278,5.385165,8.246211,10.440307,12.083046,14.317821,14.764823,15.264338,15.0,12.806248,10.0,12.369317,13.038405,13.038405,13.341664,13.601471,13.0,12.529964,10.29563,9.433981,7.81025,6.403124,4.472136,4.0,4.242641,6.708204,8.544004,12.369317,14.317821,16.278821,18.439089,20.615528,21.587033,20.880613,18.973666,17.464249,14.764823,3.605551,3.162278,5.0,7.28011,10.049876,11.045361,12.165525,12.649111,13.0,12.529964,10.29563,8.602325,6.403124,5.0,2.828427,1.0,2.0,4.472136,6.403124,9.219544,10.630146,12.806248,14.21267,14.21267,15.0,13.892444,14.422205,15.811388,16.643317,16.643317,16.124515,15.652476,14.317821,13.0,10.77033,8.544004,6.324555,4.472136,3.605551,4.0,5.385165,8.944272,12.529964,14.764823,17.888544,19.697716,21.540659,22.135944,21.84033,20.615528,18.439089,14.317821,12.369317,13.601471,13.601471,13.601471,13.601471,12.369317,11.18034,9.055385,7.0,6.082763,5.830952,5.656854,5.830952,6.708204,7.615773,8.544004,8.544004,9.848858,9.848858,9.848858,9.486833,8.544004,9.055385,9.0,9.219544,9.848858
hoyeon_stand_normal_01,318,106,10.600579234972678,29.998360745314464,10,0.5496776103973389,0.6833778023719788,-0.2467278689146042,0.9999871253967284,0.5444552302360535,0.6940001845359802,-0.2359230667352676,0.9999608397483826,0.5414271950721741,0.6934174299240112,-0.2359326183795929,0.9999639987945556,0.5390079617500305,0.6926025152206421,-0.2359566986560821,0.9999672770500184,0.5523006319999695,0.6946682333946228,-0.2353532165288925,0.9999482035636902,0.5545347332954407,0.6949313879013062,-0.2353746742010116,0.9999465942382812,0.5568267703056335,0.6948835253715515,-0.2353796362876892,0.9999449849128724,0.5337578058242798,0.6830840706825256,-0.1540224701166153,0.9999460577964784,0.5590880513191223,0.6869338750839233,-0.1514589339494705,0.999880850315094,0.5440272688865662,0.6697251200675964,-0.2149006277322769,0.999983847141266,0.554862916469574,0.6713499426841736,-0.2142534852027893,0.9999725222587584,0.5121408700942993,0.6062889099121094,-0.085793599486351,0.9999706745147704,0.5788244009017944,0.6036515235900879,-0.0778366178274154,0.9999027252197266,0.504694938659668,0.5063707828521729,-0.0291965473443269,0.9854231476783752,0.58451247215271,0.5043379068374634,-0.0282890237867832,0.949361264705658,0.4997917413711548,0.4248833358287811,-0.086794264614582,0.9648279547691344,0.5909844040870667,0.4175985753536224,-0.0873812586069107,0.8866735696792603,0.4962853491306305,0.3968510031700134,-0.104622945189476,0.927177906036377,0.5949370861053467,0.3892434537410736,-0.1065973788499832,0.8129529356956482,0.5017475485801697,0.3965202569961548,-0.1330985128879547,0.9334169030189514,0.5917417407035828,0.3882139921188354,-0.1356680691242218,0.8247359395027161,0.5046141743659973,0.4051199853420257,-0.0989057272672653,0.9203575253486632,0.5890761017799377,0.3968312442302704,-0.1002670377492904,0.8140541911125183,0.5275781154632568,0.4300026893615722,-0.0027083547320216,0.9995263814926147,0.5691138505935669,0.4325385689735412,0.0026362123899161,0.9993672966957092,0.5258700847625732,0.2721321582794189,-0.0314284414052963,0.9608404040336608,0.5728435516357422,0.2789512276649475,-0.0208008773624897,0.9466027617454528,0.5302876830101013,0.1254152059555053,0.0506884306669235,0.9608222246170044,0.5737656354904175,0.1296849697828292,0.06046037748456,0.9244686961174012,0.5331773161888123,0.1052714139223098,0.0518878251314163,0.5434661507606506,0.5715580582618713,0.1074792593717575,0.0619074515998363,0.5156071186065674,0.5343053340911865,0.0756284892559051,-0.0618144869804382,0.9341242909431458,0.575707197189331,0.0817019268870353,-0.0473368875682354,0.9053088426589966,hoyeon_stand_normal_01,23.430749,23.345235,21.260292,18.439089,14.21267,10.630146,8.602325,6.324555,6.082763,7.615773,8.602325,10.630146,12.041595,13.453624,15.620499,17.029386,19.209373,20.615528,21.260292,20.518285,19.79899,17.691806,15.620499,11.661904,10.049876,11.18034,13.152946,12.649111,11.7047,8.944272,6.708204,3.162278,2.828427,5.09902,8.062258,9.219544,11.401754,12.649111,13.0,12.529964,13.038405,12.206556,11.401754,9.899495,8.485281,5.656854,3.162278,3.605551,8.544004,12.649111,17.088007,20.59126,13.341664,13.038405,13.038405,13.341664,13.601471,13.0,12.083046,10.29563,9.433981,7.81025,6.403124,5.385165,5.0,5.830952,7.071068,9.433981,12.529964,14.764823,17.0,19.235384,20.59126,20.59126,20.248457,18.601075,16.401219,13.453624,3.605551,3.0,4.242641,7.211103,9.486833,11.18034,12.041595,13.0,13.038405,12.165525,10.440307,8.544004,6.708204,4.472136,2.236068,2.0,4.472136,6.708204,9.433981,11.661904,13.601471,14.422205,15.811388,15.264338,14.764823,14.561995,17.091625,14.3007355,12.316982,9.109772,8.544004,8.8011625,10.5399175,12.6916295,14.4888995,16.409513,18.0671795,19.3005375,20.3734395,21.029198,20.882594500000003,20.478573500000003,20.12959,18.1763135,15.080092,10.85589,6.8023325,4.9286505,7.8390155,11.5642035,15.342886,17.7460025,7.54518,7.1055515,7.4772075,9.3011625,11.4997315,14.1652115,15.59263,16.7657165,17.420154,17.420154,17.420154,16.064373,14.8662225,13.8857225,11.985905,10.700877,10.5693405,10.514599,11.739356,12.807212,14.1038665,16.494432500000002,17.465756,19.8496905,20.352129,19.2643485
hoyeon_stand_normal_01,321,107,10.700584699453552,29.998360745314464,10,0.5496756434440613,0.6833813786506653,-0.2478875070810318,0.999987006187439,0.5444498658180237,0.6940008997917175,-0.2372063100337982,0.999960482120514,0.5414220094680786,0.6934176683425903,-0.2372157424688339,0.9999637007713318,0.5390012264251709,0.6926029920578003,-0.237241044640541,0.9999670386314392,0.5522962808609009,0.6946689486503601,-0.2365354597568512,0.9999476671218872,0.5545304417610168,0.6949298977851868,-0.2365576326847076,0.9999459385871888,0.556823194026947,0.6948720812797546,-0.236564964056015,0.9999443292617798,0.5337414145469666,0.6830837726593018,-0.1555599272251129,0.999945878982544,0.5590694546699524,0.6869093775749207,-0.1524994969367981,0.9998793601989746,0.5440225601196289,0.6697314381599426,-0.2161110043525695,0.9999837279319764,0.5548596978187561,0.671355128288269,-0.2153291702270507,0.9999722242355348,0.5121373534202576,0.606259286403656,-0.087109737098217,0.9999704360961914,0.5787924528121948,0.6036554574966431,-0.0784472674131393,0.999902069568634,0.50470370054245,0.5062844157218933,-0.0298826210200786,0.9853875637054444,0.5844990611076355,0.5043700337409973,-0.0283437054604291,0.9487514495849608,0.4997881054878235,0.4248165190219879,-0.086871825158596,0.9645788073539734,0.5909448266029358,0.4176889359951019,-0.087466575205326,0.8856047987937927,0.4963072836399078,0.3968211114406585,-0.1047350689768791,0.9267924427986144,0.5949010252952576,0.3893211781978607,-0.1066260188817977,0.811729907989502,0.5017560124397278,0.3965004384517669,-0.1331246048212051,0.9330504536628724,0.5917244553565979,0.3882965445518493,-0.1357572525739669,0.8235769867897034,0.5046136379241943,0.4050979316234588,-0.0989896357059478,0.9199450016021729,0.5890644788742065,0.396910160779953,-0.1003867611289024,0.8128485679626465,0.5275672674179077,0.4300553798675537,-0.0027807026635855,0.9995209574699402,0.5691078305244446,0.432632178068161,0.0027083859313279,0.99936044216156,0.525840699672699,0.2721336781978607,-0.0319478027522563,0.9605569243431092,0.5728490948677063,0.2789523899555206,-0.0207947120070457,0.9462242722511292,0.5302874445915222,0.1254027932882309,0.0506801344454288,0.9603872299194336,0.5737311244010925,0.1295998245477676,0.0604931972920894,0.9236729145050048,0.5331670045852661,0.1052546650171279,0.0518903918564319,0.5402529835700989,0.5715107321739197,0.1074773892760276,0.0619546771049499,0.5137824416160583,0.5343330502510071,0.0755789652466774,-0.0618693307042121,0.933363437652588,0.5757077932357788,0.081668421626091,-0.0473192706704139,0.9043587446212769,hoyeon_stand_normal_01,5.385165,7.0,10.440307,14.56022,18.027756,18.973666,19.924859,18.973666,18.973666,17.088007,16.552945,14.764823,13.601471,12.727922,11.401754,11.18034,10.049876,12.165525,14.317821,17.804494,21.931712,26.870058,29.698485,31.827661,32.649655,30.610456,7.071068,11.045361,14.142136,17.464249,18.973666,19.697716,20.124612,18.35756,16.401219,14.21267,12.041595,8.485281,5.0,2.236068,2.0,5.09902,8.246211,11.18034,14.317821,18.11077,20.024984,21.0,21.023796,20.223748,18.248288,14.142136,13.152946,13.0,13.152946,13.341664,13.0,12.083046,11.661904,9.433981,7.81025,6.403124,5.385165,5.0,5.385165,7.071068,8.602325,11.18034,14.317821,16.155494,18.384776,20.615528,21.931712,21.470911,21.470911,19.723083,17.204651,14.21267,2.828427,3.162278,5.0,8.602325,11.18034,12.369317,14.142136,14.035669,14.0,13.038405,12.165525,10.198039,7.28011,6.324555,3.162278,1.0,1.0,3.605551,5.830952,8.944272,10.816654,13.038405,13.892444,15.264338,14.764823,15.231546,15.231546,13.416408,10.29563,7.81025,7.615773,8.062258,10.049876,11.045361,13.038405,15.0,16.03122,17.117243,18.439089,18.973666,19.697716,18.35756,18.027756,15.620499,13.453624,10.0,6.708204,4.472136,7.211103,11.401754,14.317821,17.464249,7.615773,6.403124,6.708204,8.246211,10.0,12.041595,15.132746,15.132746,17.117243,17.117243,16.03122,15.0,14.0,13.0,11.0,10.049876,9.219544,9.219544,9.848858,11.661904,13.038405,14.422205,16.643317,17.492856,18.35756,17.888544
hoyeon_stand_normal_01,324,108,10.800590163934428,29.998360745314464,10,0.5496720671653748,0.6833842396736145,-0.245436742901802,0.9999869465827942,0.5444441437721252,0.6939988732337952,-0.2345880717039108,0.9999602437019348,0.5414179563522339,0.6934133768081665,-0.2345978766679763,0.9999634623527528,0.5389921069145203,0.692597508430481,-0.2346214354038238,0.9999668598175048,0.552285373210907,0.6946699619293213,-0.2339314669370651,0.9999473690986632,0.554516077041626,0.694930374622345,-0.2339537739753723,0.9999456405639648,0.5568073987960815,0.6948704123497009,-0.2339613884687423,0.9999440908432008,0.5337264537811279,0.6830716133117676,-0.1529115736484527,0.99994558095932,0.5590430498123169,0.6868987083435059,-0.1499057114124298,0.9998785853385924,0.5440186262130737,0.6697321534156799,-0.2137456387281417,0.9999837279319764,0.5548574924468994,0.6713573932647705,-0.2129700481891632,0.9999722242355348,0.5121358036994934,0.6062226891517639,-0.0851475372910499,0.9999701976776124,0.5787871479988098,0.6036617159843445,-0.077171079814434,0.9999018311500548,0.5047070384025574,0.5061683654785156,-0.0290192160755395,0.985432744026184,0.5844963788986206,0.5043708682060242,-0.0276364348828792,0.9487786889076232,0.499788373708725,0.4247598350048065,-0.0865466073155403,0.9646838307380676,0.5909445881843567,0.417712539434433,-0.0870776250958442,0.8860812187194824,0.4963203370571136,0.3967927098274231,-0.1045415177941322,0.9270134568214417,0.5949080586433411,0.3893421292304992,-0.106389082968235,0.8125824928283691,0.5017856359481812,0.3964861035346985,-0.1328012645244598,0.933237075805664,0.591726541519165,0.3883208930492401,-0.1354006975889206,0.8243990540504456,0.5046255588531494,0.4050808250904083,-0.0986253246665,0.9201480150222778,0.5890665054321289,0.3969421088695526,-0.0999507382512092,0.813615083694458,0.5275740027427673,0.429832249879837,-0.0027622655034065,0.9995163083076476,0.5691116452217102,0.4324715435504913,0.0026901194360107,0.9993548393249512,0.5258654952049255,0.2719678580760956,-0.0319187939167022,0.9605965614318848,0.572928786277771,0.2786760628223419,-0.0210549887269735,0.9462480545043944,0.5302947759628296,0.125407263636589,0.0518696866929531,0.9601815938949584,0.5737417936325073,0.1294713467359542,0.0605639703571796,0.9232628345489502,0.533176064491272,0.1052321717143058,0.0533017180860042,0.5390674471855164,0.5715144276618958,0.107473686337471,0.062088768929243,0.5122036337852478,0.5343607068061829,0.0755463317036628,-0.0603636652231216,0.9330088496208192,0.5756776332855225,0.0813958793878555,-0.0472167544066906,0.9038166403770448,hoyeon_stand_normal_01,6.082763,7.211103,10.77033,14.317821,17.464249,18.439089,19.416488,18.439089,18.439089,17.262677,16.124515,14.035669,13.0,12.165525,11.7047,10.816654,10.630146,12.083046,14.142136,18.0,21.095023,25.179357,28.284271,31.064449,31.016125,29.017236,7.071068,10.198039,13.341664,15.811388,17.464249,17.888544,18.027756,17.204651,15.620499,13.453624,9.899495,7.071068,5.0,3.0,2.828427,6.082763,9.055385,12.041595,15.132746,17.464249,19.646883,21.18962,21.540659,21.023796,18.35756,14.764823,18.384776,17.691806,17.204651,16.124515,15.231546,14.317821,14.0,15.132746,16.492423,16.763055,18.027756,19.313208,19.313208,20.248457,18.973666,18.681542,17.720045,14.56022,10.440307,7.211103,4.472136,6.403124,12.041595,16.278821,20.518285,24.758837,18.027756,18.788294,19.924859,18.248288,16.0,12.369317,8.062258,4.472136,4.242641,7.28011,11.0,13.341664,15.811388,16.552945,18.35756,18.867962,18.601075,18.439089,17.804494,16.401219,14.422205,12.083046,11.18034,11.18034,12.529964,15.0,15.0,12.0,10.049876,8.246211,7.211103,7.211103,8.944272,10.77033,13.0,14.317821,14.764823,16.643317,17.029386,17.691806,18.601075,18.027756,17.0,15.652476,13.0,9.848858,5.830952,4.123106,6.403124,9.899495,13.453624,15.556349,8.062258,6.324555,6.403124,7.211103,9.486833,11.18034,13.152946,14.317821,15.297059,15.297059,15.524175,13.601471,12.649111,11.7047,10.440307,9.486833,9.219544,9.055385,9.0,11.045361,12.165525,13.152946,15.297059,16.278821,17.117243,17.0
hoyeon_stand_normal_01,327,109,10.9005956284153,29.998360745314464,10,0.5496700406074524,0.6833866834640503,-0.245607390999794,0.9999868869781494,0.5444405674934387,0.6939984560012817,-0.2347528785467147,0.9999600052833556,0.5414140224456787,0.6934122443199158,-0.2347626388072967,0.9999632835388184,0.5389881730079651,0.6925966739654541,-0.2347862720489502,0.9999666810035706,0.5522810220718384,0.694671094417572,-0.2341040670871734,0.999947190284729,0.554509699344635,0.6949310898780823,-0.2341267168521881,0.9999454617500304,0.5568008422851562,0.6948694586753845,-0.234134241938591,0.9999439716339112,0.5337217450141907,0.6830695271492004,-0.1530935913324356,0.9999452233314514,0.5590232610702515,0.6868958473205566,-0.1501427590847015,0.9998781085014344,0.5440141558647156,0.6697336435317993,-0.2139322310686111,0.9999836683273317,0.554854691028595,0.6713593602180481,-0.213169440627098,0.9999721050262452,0.5121338963508606,0.6061990261077881,-0.0851731300354003,0.9999698400497437,0.5787823796272278,0.6036571860313416,-0.0773666277527809,0.9999016523361206,0.5047067999839783,0.5061211585998535,-0.0297475680708885,0.9853981733322144,0.5845054984092712,0.5043704509735107,-0.0277779102325439,0.9488102793693542,0.4997863471508026,0.4247500002384186,-0.087388627231121,0.964527189731598,0.5909674763679504,0.4177351593971252,-0.0871975719928741,0.8863130807876587,0.4963228404521942,0.3967874348163605,-0.1053911596536636,0.9267657995224,0.5949694514274597,0.3893740475177765,-0.1065010577440261,0.8129631280899048,0.5017940402030945,0.3964868485927582,-0.1335421204566955,0.9329944252967834,0.5917723178863525,0.3883488774299621,-0.1354861408472061,0.8247604370117188,0.5046268701553345,0.4050795435905456,-0.0994361937046051,0.919874668121338,0.5890878438949585,0.3969805836677551,-0.1000668853521347,0.8139559626579285,0.5275639295578003,0.4296948611736297,-0.0027728243730962,0.999512016773224,0.5691099762916565,0.4323457479476928,0.0027004827279597,0.9993515014648438,0.5258660912513733,0.2719231247901916,-0.0317264348268508,0.9607309699058532,0.5729455351829529,0.2786344289779663,-0.0209338162094354,0.9465194940567015,0.5303148627281189,0.1254046857357025,0.0518546178936958,0.9602655172348022,0.5737410187721252,0.129432663321495,0.0606458336114883,0.9233956933021544,0.5332021713256836,0.1052170991897583,0.0532745346426963,0.5391532182693481,0.5715087056159973,0.1074725165963172,0.0621737018227577,0.5122842788696289,0.5344052910804749,0.0755219459533691,-0.0603907369077205,0.9330680966377258,0.5756756067276001,0.0813951194286346,-0.0469332858920097,0.9039055109024048,hoyeon_stand_normal_01,15.6213045,15.7420895,16.125064000000002,16.1948825,15.9374315,14.604048,13.0395325,11.929354,11.513878,11.9564275,11.531129,12.041885,12.041595,12.135139,12.7026035,13.012974,13.80216,15.6674695,16.9859545,18.9385945,20.901965500000003,21.4564035,21.432884,20.8545075,20.1411545,20.485008,10.634212,12.3067255,12.973186,13.225562,12.667909,11.7690545,11.85376,12.256947,12.046739,12.147815,11.330952,10.5192025,9.3007355,8.5205485,8.571068,10.080914,11.1201145,12.2200795,12.3491595,12.380342,12.098405499999998,12.7686315,15.2672315,16.7052885,18.087199,17.9805775,14.035669,13.341664,13.0,12.529964,12.206556,11.401754,10.630146,9.219544,8.062258,6.324555,5.09902,5.09902,5.0,7.211103,9.486833,11.401754,14.317821,16.278821,18.248288,20.396078,20.615528,20.615528,19.924859,18.027756,16.155494,13.416408,2.236068,3.0,5.830952,7.81025,10.0,12.529964,14.317821,13.601471,13.341664,13.152946,12.041595,10.0,8.0,6.0,3.0,1.0,1.0,4.123106,6.082763,8.246211,10.440307,12.369317,14.56022,15.524175,15.297059,15.132746,16.278821,14.142136,12.165525,9.848858,8.062258,8.602325,8.944272,10.77033,12.649111,13.928388,16.552945,17.492856,18.601075,19.104973,19.104973,19.209373,18.867962,16.643317,14.764823,10.29563,7.81025,5.385165,6.708204,9.899495,13.453624,15.620499,7.615773,7.211103,7.211103,8.246211,10.049876,12.041595,14.035669,16.03122,17.029386,17.029386,16.03122,16.03122,14.142136,13.152946,12.165525,11.045361,11.0,11.045361,10.049876,11.401754,12.369317,14.56022,15.811388,17.720045,18.681542,18.439089
hoyeon_stand_normal_01,330,110,11.000601092896174,29.998360745314464,10,0.5496678948402405,0.6833888292312622,-0.2457585930824279,0.999987006187439,0.5444367527961731,0.6939986348152161,-0.2348866611719131,0.999960482120514,0.5414102673530579,0.6934123039245605,-0.2348963767290115,0.9999637007713318,0.5389845371246338,0.692596971988678,-0.2349199950695037,0.999967098236084,0.5522775053977966,0.6946722269058228,-0.2342512011528015,0.9999477863311768,0.5545056462287903,0.69493168592453,-0.2342737764120102,0.9999460577964784,0.556797206401825,0.6948673725128174,-0.2342808842658996,0.9999445676803588,0.5337163805961609,0.6830693483352661,-0.1530454605817794,0.9999458193778992,0.5590180158615112,0.6868921518325806,-0.1501638144254684,0.9998794198036194,0.5440104007720947,0.6697341203689575,-0.2140370309352874,0.9999839067459106,0.5548527240753174,0.6713598370552063,-0.2132905274629593,0.9999725222587584,0.5121314525604248,0.6061825752258301,-0.0850412920117378,0.9999699592590332,0.5787783265113831,0.603641152381897,-0.0774403735995292,0.9999021887779236,0.5046994090080261,0.5061091184616089,-0.0297076907008886,0.9854207634925842,0.5845328569412231,0.5043723583221436,-0.0278599821031093,0.949043869972229,0.4997843503952026,0.4246854484081268,-0.0874247699975967,0.9645485877990724,0.5909779071807861,0.4177578389644623,-0.0872153267264366,0.8867172002792358,0.4963222742080688,0.3967407941818237,-0.1054548472166061,0.9267979264259338,0.5949794054031372,0.3894237577915191,-0.1065394058823585,0.8135539293289185,0.5017926692962646,0.3964435160160064,-0.1336445063352584,0.9330204725265504,0.5917761921882629,0.3883884847164154,-0.1354941576719284,0.8253323435783386,0.5046226382255554,0.405031681060791,-0.0994534268975257,0.9198963046073914,0.5890941023826599,0.3970111608505249,-0.1000672504305839,0.8144567012786865,0.5275655388832092,0.4294649064540863,-0.00270212511532,0.9995147585868835,0.5691136717796326,0.4321554601192474,0.0026296363212168,0.999355137348175,0.5258885025978088,0.2715780735015869,-0.0316760316491127,0.9608768820762634,0.5729642510414124,0.2783933579921722,-0.0210973098874092,0.9469382762908936,0.5304751992225647,0.1251055896282196,0.0528998002409935,0.9604710936546326,0.5737428665161133,0.1291920244693756,0.0613033324480056,0.9238298535346984,0.5333515405654907,0.1049648448824882,0.0544371865689754,0.5406159162521362,0.5715047717094421,0.1074267700314521,0.0630038306117057,0.5126610398292542,0.5344528555870056,0.0753558054566383,-0.0595560111105442,0.9334741830825806,0.5756675601005554,0.0811506658792495,-0.0463562570512294,0.904465913772583,hoyeon_stand_normal_01,5.0,4.242641,6.324555,10.049876,12.041595,13.038405,14.035669,13.038405,13.038405,12.0,11.0,10.049876,9.055385,8.246211,7.211103,6.403124,6.324555,8.0,10.440307,13.416408,16.124515,19.723083,21.954498,23.706539,23.259407,22.472205,5.385165,8.544004,10.77033,12.083046,13.892444,14.422205,15.0,13.453624,12.041595,10.630146,8.485281,7.071068,4.242641,2.0,2.828427,4.472136,6.324555,9.219544,11.401754,13.601471,15.811388,17.088007,17.464249,17.0,14.764823,11.661904,14.866069,14.764823,14.422205,13.453624,13.453624,12.806248,10.816654,9.433981,7.615773,6.324555,5.0,4.472136,5.0,6.324555,8.062258,11.0,13.038405,16.03122,17.029386,19.026298,19.026298,20.0,19.026298,17.117243,15.132746,11.18034,4.0,3.605551,5.0,7.615773,9.433981,11.401754,12.727922,12.806248,13.038405,12.083046,10.77033,8.544004,6.324555,4.123106,2.0,2.236068,5.09902,7.071068,10.049876,12.041595,14.035669,15.033296,16.03122,16.03122,16.124515,14.9487845,13.0,15.231546,15.231546,16.155494,15.811388,14.56022,14.317821,12.165525,10.049876,8.062258,6.082763,5.09902,4.242641,4.123106,6.0,9.055385,12.165525,14.142136,17.117243,19.104973,21.023796,22.0,21.023796,20.024984,17.029386,14.035669,11.401754,13.341664,14.56022,14.56022,14.866069,12.649111,11.7047,9.219544,8.062258,6.0,5.385165,5.0,5.830952,5.830952,6.708204,7.615773,8.944272,8.944272,8.944272,10.29563,9.433981,9.848858,8.544004,9.219544,10.0,10.198039
hoyeon_stand_normal_01,333,111,11.100606557377048,29.998360745314464,10,0.5496693849563599,0.6833910346031189,-0.2508318722248077,0.9999871850013732,0.5444371700286865,0.6939983367919922,-0.2400924116373062,0.9999610185623168,0.5414138436317444,0.6934133172035217,-0.2401008456945419,0.99996417760849,0.5389770865440369,0.6926010251045227,-0.240125685930252,0.9999675154685974,0.5522764921188354,0.694671630859375,-0.2392843216657638,0.9999484419822692,0.5545051097869873,0.6949294805526733,-0.2393097132444381,0.9999467730522156,0.5568029284477234,0.6948556303977966,-0.239318773150444,0.9999452829360962,0.5337121486663818,0.6830846667289734,-0.158274844288826,0.9999462962150574,0.559009850025177,0.6868847608566284,-0.1547032743692398,0.9998809099197388,0.5440102815628052,0.6697338819503784,-0.2190824300050735,0.999984085559845,0.5548563599586487,0.6713579893112183,-0.2181406021118164,0.9999728798866272,0.5121294260025024,0.6060873866081238,-0.0891714990139007,0.9999699592590332,0.5787657499313354,0.6036396026611328,-0.0818549245595932,0.9999029636383056,0.504697859287262,0.5060329437255859,-0.0345680713653564,0.985437512397766,0.5845609307289124,0.504372775554657,-0.0330858267843723,0.9497603178024292,0.499792069196701,0.4245966076850891,-0.0931757390499115,0.9646276831626892,0.5910456776618958,0.417758971452713,-0.0918203145265579,0.8879197239875793,0.4963529706001282,0.396675705909729,-0.1114653646945953,0.926865816116333,0.595075786113739,0.389450341463089,-0.1112321317195892,0.8149948120117188,0.5018011927604675,0.396395206451416,-0.1398208886384964,0.9330939054489136,0.5917870998382568,0.3884042203426361,-0.1397795677185058,0.8266951441764832,0.5046228766441345,0.4049907326698303,-0.1053283214569091,0.919988214969635,0.5891004800796509,0.397024393081665,-0.104460135102272,0.8157890439033508,0.5275804400444031,0.4295558035373688,-0.0026534323114901,0.9995197653770448,0.5691100358963013,0.4322375357151031,0.0025792203377932,0.9993624687194824,0.525888204574585,0.271731436252594,-0.0317881852388381,0.9604895114898682,0.5729666352272034,0.2786408364772796,-0.0211384873837232,0.9467491507530212,0.5305980443954468,0.1251341700553894,0.0527530945837497,0.96023428440094,0.5737441778182983,0.129208043217659,0.0612574741244316,0.9236125946044922,0.5334924459457397,0.1050550565123558,0.0543295517563819,0.5404285192489624,0.571506142616272,0.1074840202927589,0.0629706606268882,0.5110515356063843,0.5344696640968323,0.0753636211156845,-0.0596411265432834,0.9333328008651732,0.5756685733795166,0.081104077398777,-0.046365700662136,0.9042205810546876,hoyeon_stand_normal_01,2.828427,4.123106,7.211103,11.401754,12.206556,13.601471,14.422205,14.422205,13.601471,12.806248,11.401754,9.899495,9.219544,8.062258,7.28011,7.0,7.615773,8.602325,12.041595,14.422205,17.492856,20.59126,23.706539,24.186773,23.853721,22.203603,6.082763,9.055385,11.045361,13.038405,15.0,15.033296,15.132746,14.317821,12.369317,11.401754,8.544004,6.324555,4.123106,2.0,2.236068,4.123106,5.385165,8.944272,10.77033,12.649111,14.56022,15.524175,16.278821,15.132746,13.038405,10.049876,13.453624,14.21267,13.892444,13.416408,13.0,11.401754,11.18034,9.055385,8.0,6.082763,5.385165,5.0,6.082763,7.0,9.219544,11.7047,13.928388,16.155494,18.384776,19.313208,20.248457,20.248457,19.924859,17.464249,15.297059,12.165525,3.162278,2.828427,5.09902,8.062258,10.440307,12.529964,13.038405,14.21267,13.453624,12.041595,11.401754,8.602325,7.211103,4.472136,2.236068,1.0,2.236068,4.472136,6.708204,8.544004,10.77033,13.0,13.928388,15.231546,15.231546,14.764823,14.764823,16.124515,17.0,17.0,17.0,16.552945,15.231546,13.601471,11.401754,10.440307,8.246211,5.385165,5.0,5.385165,6.0,9.219544,12.369317,14.56022,17.720045,19.646883,21.377558,22.203603,22.090722,20.099751,18.027756,15.0,12.0,13.0,14.0,15.033296,15.033296,13.038405,12.041595,10.0,8.062258,7.28011,5.830952,5.656854,6.708204,7.28011,7.28011,9.219544,9.486833,10.440307,10.440307,10.440307,10.440307,10.440307,10.198039,11.0,11.045361,11.401754
hoyeon_stand_normal_01,336,112,11.200612021857925,29.998360745314464,10,0.5496838688850403,0.6833760738372803,-0.2554359138011932,0.999987244606018,0.5444494485855103,0.6939917802810669,-0.244774043560028,0.999961256980896,0.5414332151412964,0.6934124231338501,-0.244781956076622,0.9999643564224244,0.5389743447303772,0.6926015019416809,-0.2448069304227829,0.999967634677887,0.5522850751876831,0.6946612000465393,-0.2439749836921692,0.999948799610138,0.5545150637626648,0.694915235042572,-0.2440034449100494,0.999947190284729,0.5568250417709351,0.6948213577270508,-0.2440155446529388,0.9999457597732544,0.5337142944335938,0.6830893158912659,-0.162845566868782,0.9999462962150574,0.5590037107467651,0.686859667301178,-0.1593062579631805,0.9998819828033448,0.5440266728401184,0.6696988344192505,-0.2236008644104004,0.999984085559845,0.5548676252365112,0.6713218688964844,-0.2226672917604446,0.9999730587005616,0.5121272206306458,0.6060624122619629,-0.0926840752363205,0.999969720840454,0.5787602066993713,0.603638231754303,-0.0863349810242652,0.9999039769172668,0.5046833753585815,0.5060315728187561,-0.0375106893479824,0.9854575991630554,0.5845851302146912,0.5043564438819885,-0.0379156582057476,0.9508235454559326,0.4997977614402771,0.424591451883316,-0.0963327065110206,0.964760959148407,0.5911111831665039,0.417741060256958,-0.0964336469769477,0.890008807182312,0.4963808953762054,0.3966529965400696,-0.1145363599061966,0.9270233511924744,0.5951822996139526,0.389442503452301,-0.1158045455813407,0.8176257610321045,0.5018018484115601,0.3963485658168793,-0.1430255621671676,0.9332540035247804,0.5918232798576355,0.3883903324604034,-0.1442898213863372,0.8291729092597961,0.5046217441558838,0.4049689769744873,-0.1085512340068817,0.9202064275741576,0.5891120433807373,0.397020161151886,-0.1089973896741867,0.8182554244995117,0.5275833010673523,0.429594874382019,-0.0026135521475225,0.9995209574699402,0.5691080689430237,0.4322631955146789,0.0025381855666637,0.9993666410446168,0.5258614420890808,0.2718059420585632,-0.0321153029799461,0.96000999212265,0.5729963183403015,0.2790160775184631,-0.0212091486901044,0.946441650390625,0.5306116938591003,0.1251974105834961,0.0525241084396839,0.9596843719482422,0.5737873315811157,0.1293902993202209,0.0612251684069633,0.9230138659477234,0.5335202813148499,0.1051242649555206,0.0541535951197147,0.5398086309432983,0.5716103911399841,0.1077528521418571,0.0629531219601631,0.5092423558235168,0.5344516038894653,0.075328804552555,-0.0596582740545272,0.9326890110969543,0.5757264494895935,0.0811102092266082,-0.0463663712143898,0.903436005115509,hoyeon_stand_normal_01,25.0,25.079872,22.36068,19.723083,15.811388,11.661904,8.544004,6.082763,6.403124,8.062258,10.29563,12.083046,13.928388,15.811388,18.027756,19.313208,21.18962,22.472205,22.847319,22.36068,21.023796,17.888544,14.866069,12.041595,11.401754,13.038405,13.601471,12.165525,12.041595,9.055385,7.071068,4.472136,3.605551,5.0,7.071068,10.049876,11.045361,12.0,13.0,13.038405,13.152946,12.369317,10.440307,9.848858,7.615773,5.09902,3.162278,5.0,9.055385,14.035669,18.027756,22.090722,15.0,14.21267,14.142136,13.601471,13.416408,12.649111,14.142136,14.0,15.033296,16.03122,16.03122,17.117243,17.029386,17.029386,16.03122,15.0,13.038405,10.049876,7.28011,5.0,5.0,9.848858,13.892444,17.888544,20.124612,22.847319,17.088007,17.464249,18.027756,17.029386,14.317821,10.77033,7.211103,4.472136,2.828427,5.0,8.544004,10.29563,12.206556,13.453624,14.866069,15.620499,15.620499,15.811388,14.422205,13.601471,12.041595,10.630146,8.944272,9.0,10.198039,11.18034,13.0,14.866069,15.811388,16.763055,15.811388,15.231546,14.317821,12.529964,10.816654,10.0,7.211103,5.830952,4.123106,3.162278,5.656854,7.211103,10.29563,13.416408,16.552945,18.35756,20.248457,20.808652,20.808652,19.209373,17.029386,13.453624,12.727922,14.142136,15.620499,15.620499,15.620499,15.0,12.806248,12.041595,9.899495,7.81025,6.324555,6.082763,6.082763,7.28011,7.615773,8.944272,9.848858,9.848858,10.77033,10.77033,10.77033,10.77033,10.29563,10.0,9.899495,10.816654
hoyeon_stand_normal_01,339,113,11.300617486338798,29.998360745314464,10,0.5496836304664612,0.6833668947219849,-0.254402220249176,0.999987244606018,0.5444471836090088,0.6939873099327087,-0.2436798512935638,0.9999611973762512,0.5414301753044128,0.6934096813201904,-0.2436884492635727,0.9999642968177797,0.5389670133590698,0.692598819732666,-0.2437137514352798,0.9999675154685974,0.5522795915603638,0.6946593523025513,-0.2429200708866119,0.999948799610138,0.5545063614845276,0.6949145793914795,-0.2429468482732772,0.9999472498893738,0.5568147897720337,0.6948202252388,-0.242957130074501,0.999945878982544,0.5337041020393372,0.6830785274505615,-0.1616916209459304,0.999945878982544,0.5589763522148132,0.686859130859375,-0.1583506762981414,0.999882161617279,0.5440273284912109,0.6696718335151672,-0.2225449383258819,0.9999839663505554,0.5548667311668396,0.6713101863861084,-0.2216541618108749,0.9999730587005616,0.5121265053749084,0.6060169339179993,-0.0920284166932106,0.9999694228172302,0.5787559747695923,0.6036348938941956,-0.0854731947183609,0.9999046921730042,0.5046836733818054,0.5060000419616699,-0.0368450134992599,0.9854423999786376,0.5845852494239807,0.5042968988418579,-0.0368670485913753,0.9514822959899902,0.4998112320899963,0.424581378698349,-0.0955300256609916,0.9648593664169312,0.5911664962768555,0.4177190363407135,-0.0953384935855865,0.8915792107582092,0.496401697397232,0.3966226875782013,-0.1138125658035278,0.927168309688568,0.5953065156936646,0.3894166052341461,-0.1146763786673545,0.8197283744812012,0.5018084645271301,0.3963097333908081,-0.1422433108091354,0.9333977103233336,0.5918983817100525,0.3883702158927917,-0.1432527750730514,0.8311687707901001,0.5046236515045166,0.4049403369426727,-0.1077158525586128,0.9203951358795166,0.5891571044921875,0.3970128297805786,-0.1079551205039024,0.8202332854270935,0.5275911688804626,0.4295918941497803,-0.0025327273178845,0.9995211362838744,0.5691067576408386,0.4322488307952881,0.0024560987949371,0.9993699193000792,0.5258675217628479,0.2718236148357391,-0.0319441445171833,0.9598526358604432,0.5730335712432861,0.2789876461029053,-0.0212522540241479,0.9464895725250244,0.5306210517883301,0.1251859366893768,0.0521943718194961,0.9595163464546204,0.5738182663917542,0.1291972547769546,0.0606550686061382,0.9228662252426147,0.5335283279418945,0.1051240712404251,0.0537435188889503,0.5399235486984253,0.5716828107833862,0.1075122877955436,0.0623282454907894,0.5078611969947815,0.5344302654266357,0.0752932950854301,-0.0597808025777339,0.9325757622718812,0.5757513046264648,0.080935813486576,-0.0467757023870945,0.9031819701194764,hoyeon_stand_normal_01,5.0,5.385165,9.219544,13.453624,16.970563,18.384776,19.104973,19.104973,17.691806,15.556349,14.866069,12.806248,11.661904,10.77033,9.055385,8.246211,9.219544,11.401754,15.652476,18.973666,22.803509,26.925824,30.083218,31.622777,31.953091,30.083218,7.615773,11.18034,15.231546,17.088007,18.973666,19.416488,19.235384,18.11077,17.0,14.0,11.0,8.0,5.09902,3.605551,4.0,6.324555,8.602325,12.206556,15.264338,18.35756,20.59126,21.931712,22.472205,21.18962,18.681542,14.56022,15.70407,16.115773,15.5107815,14.8331555,14.016648,14.093121,14.7262815,15.4601585,17.0065295,17.5004385,18.463867,18.8754195,18.8754195,18.63157,18.2200175,16.132169,14.77246,12.095934,8.3322915,4.813903,4.496615,8.669175,13.484519,18.0299225,21.8631595,24.021154000000003,18.0299225,18.7883705,18.821834000000003,17.757102500000002,15.5,12.166643,8.503264999999999,4.736068,4.0388435000000005,6.3954835,9.5276925,12.0827625,14.0095075,15.2366575,15.9330345,16.824175,16.629651,16.4285635,15.35952,14.6589105,12.843758,10.975335,10.024938,10.1445825,11.401754,13.129936,17.804494,15.811388,13.601471,11.18034,9.219544,9.055385,9.486833,11.18034,12.529964,14.764823,16.552945,18.027756,19.646883,21.377558,21.095023,21.0,20.099751,18.11077,16.278821,12.165525,9.0,5.385165,6.324555,9.055385,13.152946,15.297059,7.81025,6.324555,6.0,7.615773,10.0,12.041595,14.142136,15.556349,17.029386,18.439089,17.204651,15.811388,15.811388,15.264338,13.038405,11.661904,10.816654,10.630146,10.630146,12.206556,13.892444,14.764823,16.124515,18.788294,19.723083,19.416488
hoyeon_stand_normal_01,342,114,11.400622950819672,29.998360745314464,10,0.5496792197227478,0.6833373308181763,-0.2537660598754883,0.9999874234199524,0.5444303154945374,0.6939733028411865,-0.2430418282747268,0.9999616742134094,0.5414084792137146,0.6933937072753906,-0.2430501580238342,0.999964714050293,0.5389435887336731,0.6925774216651917,-0.2430748045444488,0.9999679327011108,0.5522624850273132,0.6946568489074707,-0.2423296570777893,0.9999493956565856,0.554487407207489,0.6949144601821899,-0.2423556447029113,0.9999478459358216,0.5567950010299683,0.694822371006012,-0.2423654049634933,0.9999465346336364,0.5336837768554688,0.6830366253852844,-0.1610410213470459,0.9999465346336364,0.5589523911476135,0.6868653893470764,-0.157888114452362,0.9998835921287536,0.544026255607605,0.6696293950080872,-0.2218983471393585,0.9999841451644896,0.5548645257949829,0.6712864637374878,-0.2210653275251388,0.9999733567237854,0.5121289491653442,0.6059383153915405,-0.0916544049978256,0.9999695420265198,0.5787447690963745,0.6036567091941833,-0.0849191397428512,0.9999061226844788,0.5046905875205994,0.5059500336647034,-0.0351044982671737,0.9853885173797609,0.5845875144004822,0.504364013671875,-0.0368008203804492,0.951765239238739,0.4998273849487304,0.4245755076408386,-0.0927276834845542,0.964779794216156,0.5912336111068726,0.4177965819835663,-0.0951496660709381,0.8925336599349976,0.4964600503444671,0.3966146111488342,-0.1103681772947311,0.92707097530365,0.5953900218009949,0.3894705176353454,-0.1145946830511093,0.8211008906364441,0.5018190741539001,0.3962979018688202,-0.1391680389642715,0.933313012123108,0.5919809937477112,0.3884198665618896,-0.1429594457149505,0.8324814438819885,0.50462806224823,0.404927134513855,-0.1050073727965354,0.920277774333954,0.5892203450202942,0.3970792889595032,-0.1076864227652549,0.8214812278747559,0.5275991559028625,0.4296408295631408,-0.0025301880668848,0.9995243549346924,0.5691068172454834,0.4322568774223327,0.0024533136747777,0.999375581741333,0.525870144367218,0.2719061374664306,-0.0319380983710289,0.95991313457489,0.5730363130569458,0.2790209054946899,-0.0212307553738355,0.9467754364013672,0.5306255221366882,0.1250987201929092,0.0516741946339607,0.9597727060317992,0.5737848877906799,0.1286774724721908,0.0606158189475536,0.9232717156410216,0.5335332751274109,0.105046309530735,0.0530829019844532,0.5407600402832031,0.5715686678886414,0.1071621403098106,0.0622704699635505,0.5086851119995117,0.5344312191009521,0.0751725658774375,-0.060937974601984,0.9330700039863586,0.5757319927215576,0.0807356312870979,-0.046852458268404,0.9037731885910034,hoyeon_stand_normal_01,3.162278,4.0,7.615773,10.29563,12.083046,14.317821,13.928388,13.928388,13.928388,12.083046,11.18034,10.29563,9.219544,7.81025,6.708204,7.071068,7.28011,9.433981,12.041595,14.866069,17.804494,20.808652,22.803509,24.207437,24.083189,21.931712,7.071068,9.055385,11.18034,13.341664,14.56022,14.866069,15.231546,14.317821,12.529964,10.816654,8.602325,7.211103,4.472136,3.0,2.236068,4.0,6.082763,8.062258,11.045361,13.038405,15.0,16.03122,16.03122,15.132746,13.341664,10.198039,15.620499,14.866069,15.0,14.764823,14.317821,13.0,11.401754,9.219544,8.062258,6.0,4.472136,3.605551,5.0,7.071068,9.486833,11.18034,14.764823,17.0,18.788294,20.124612,20.615528,20.248457,19.313208,17.720045,14.56022,11.18034,4.0,3.605551,6.082763,8.062258,10.77033,12.529964,13.601471,14.21267,14.142136,12.041595,11.401754,8.602325,6.708204,4.472136,2.236068,1.0,3.162278,5.385165,8.544004,10.440307,12.649111,14.56022,15.811388,17.088007,16.552945,17.0,16.401219,15.0,12.806248,11.401754,8.944272,9.055385,10.0,12.165525,14.142136,15.132746,17.117243,18.0,19.026298,20.396078,20.615528,20.248457,20.615528,18.788294,15.652476,12.083046,9.219544,7.28011,7.211103,10.77033,14.317821,17.262677,6.708204,5.656854,4.123106,6.082763,8.544004,10.29563,13.892444,16.124515,16.552945,16.552945,17.464249,16.155494,14.56022,13.341664,11.401754,11.401754,9.848858,10.29563,9.433981,10.630146,12.041595,14.142136,16.278821,16.970563,19.104973,18.439089
hoyeon_stand_normal_01,345,115,11.500628415300548,29.998360745314464,10,0.5496729016304016,0.6833403706550598,-0.2516356408596039,0.999987542629242,0.5444036722183228,0.693973183631897,-0.2408005595207214,0.9999620914459229,0.5413774251937866,0.6933920383453369,-0.2408066242933273,0.9999651312828064,0.5389130711555481,0.692571222782135,-0.2408277541399002,0.9999682903289796,0.5522366166114807,0.6946715116500854,-0.2401367276906967,0.9999499320983888,0.554458498954773,0.6949403882026672,-0.2401621639728546,0.9999484419822692,0.5567610263824463,0.6948707103729248,-0.2401712238788604,0.9999471306800842,0.5336639881134033,0.6830085515975952,-0.1586262434720993,0.9999470710754396,0.5589174032211304,0.6869089007377625,-0.15570068359375,0.9998847842216492,0.5440253019332886,0.6696285009384155,-0.2197504788637161,0.999984323978424,0.5548633337020874,0.6712941527366638,-0.2189891785383224,0.9999736547470092,0.5121296048164368,0.6058637499809265,-0.0895391330122947,0.9999696612358092,0.5787395238876343,0.6037225127220154,-0.0831724926829338,0.9999074935913086,0.5047234892845154,0.5058593153953552,-0.0329557470977306,0.9854052662849426,0.5845895409584045,0.5044688582420349,-0.0341972708702087,0.9521871209144592,0.4998477697372436,0.424569696187973,-0.0913356319069862,0.9649091958999634,0.5912572741508484,0.417884349822998,-0.0930988118052482,0.8938987851142883,0.4964950978755951,0.3966100811958313,-0.1090795695781707,0.9273416996002196,0.5954111814498901,0.3895583152770996,-0.1125355511903762,0.8230481743812561,0.5018360018730164,0.3962942957878113,-0.1378700137138366,0.9335641860961914,0.5920112133026123,0.3885160088539123,-0.141194999217987,0.8343492746353149,0.5046390295028687,0.4049236178398132,-0.1036523580551147,0.9205431938171388,0.5892418622970581,0.3972082734107971,-0.1057625561952591,0.8233054876327515,0.5276110768318176,0.4296323955059051,-0.0025251256301999,0.999527096748352,0.5691077709197998,0.4322151839733124,0.0024480742868036,0.999380886554718,0.5258709192276001,0.2719553709030151,-0.0319707654416561,0.9599759578704834,0.573076069355011,0.2790208458900451,-0.0212965440005064,0.9469550848007202,0.5306254625320435,0.1250750720500946,0.0517628453671932,0.9598478078842164,0.5737615823745728,0.1287042647600174,0.0607741139829158,0.923424243927002,0.5335306525230408,0.1050384417176246,0.0532036758959293,0.5407955050468445,0.5714484453201294,0.1071693524718284,0.0624742023646831,0.5088485479354858,0.534423828125,0.0751252323389053,-0.0609045885503292,0.9333043098449708,0.5757119655609131,0.0806841850280761,-0.0467173904180526,0.9040780067443848,hoyeon_stand_normal_01,25.298221,24.166092,22.825424,19.416488,15.0,11.401754,7.211103,4.0,3.605551,5.385165,8.246211,10.198039,12.165525,14.142136,16.124515,18.11077,20.223748,21.377558,21.377558,20.396078,19.416488,16.278821,13.038405,10.198039,10.0,12.206556,14.0,14.035669,12.165525,10.198039,8.062258,5.09902,5.0,6.324555,8.246211,10.198039,12.165525,13.341664,13.601471,13.601471,13.928388,13.416408,12.529964,10.816654,9.433981,6.708204,3.162278,3.162278,7.0,13.0,18.027756,21.213203,13.601471,12.529964,13.0,12.649111,12.165525,11.045361,10.0,8.062258,6.324555,5.0,4.242641,4.123106,5.09902,7.615773,9.433981,12.806248,14.21267,17.029386,19.209373,20.0,20.808652,20.808652,18.867962,17.0,15.652476,12.083046,3.162278,4.472136,6.082763,9.055385,11.18034,13.601471,14.317821,14.764823,14.422205,12.806248,11.401754,9.899495,7.071068,5.656854,2.828427,1.0,2.236068,4.472136,6.324555,8.944272,11.18034,12.083046,13.416408,14.764823,14.422205,14.21267,12.991794,14.446222,15.583021,15.583021,15.9656485,14.937085,14.3972285,13.0513675,11.240951,8.7328775,7.54518,5.5210095,4.3573885,4.561553,6.3954835,8.424268000000001,11.401754,13.9070705,17.2837745,19.340771,21.4095655,21.9248815,21.5838505,20.407504,18.1763135,15.392611,11.44252,13.3772085,14.317821,14.4390205,14.351178,13.3772085,11.7836395,9.7087915,8.154234500000001,6.354102,5.064495,4.3573885,5.04951,5.6925825,6.6622775,7.671184,8.7996945,8.7996945,9.924429,9.924429,9.924429,9.924429,8.7328775,9.1374645,8.972135999999999,10.0584895
hoyeon_stand_normal_01,348,116,11.60063387978142,29.998360745314464,10,0.5496453642845154,0.6833494901657104,-0.2463541477918625,0.9999876022338868,0.5443570017814636,0.6939746141433716,-0.2355019897222519,0.9999622106552124,0.5413289666175842,0.6933914422988892,-0.2355075478553772,0.999965250492096,0.538871705532074,0.6925674676895142,-0.2355265021324157,0.9999683499336244,0.5521888732910156,0.6946890354156494,-0.2348454743623733,0.999950110912323,0.5544055700302124,0.694965660572052,-0.23486989736557,0.9999486804008484,0.5566930174827576,0.6949195861816406,-0.234878808259964,0.9999473690986632,0.5336332321166992,0.6829860806465149,-0.1536973565816879,0.999947190284729,0.5588516592979431,0.6869406700134277,-0.1507894247770309,0.999885320663452,0.5440070629119873,0.6696281433105469,-0.2146348059177398,0.9999843835830688,0.5548369288444519,0.671305775642395,-0.2138804495334625,0.9999738335609436,0.5121226906776428,0.6058315634727478,-0.0854283645749092,0.9999697804450988,0.5787246823310852,0.6037616729736328,-0.0793949738144874,0.9999086260795592,0.5047515034675598,0.5058016777038574,-0.029845779761672,0.9854208827018738,0.5845820903778076,0.5045573711395264,-0.0309933219105005,0.952581524848938,0.4998519122600555,0.4245667457580566,-0.0888108015060424,0.9652155637741088,0.5912811756134033,0.4179771542549133,-0.0905886441469192,0.8956252932548523,0.4965093433856964,0.3966072797775268,-0.1067516431212425,0.928000509738922,0.595452606678009,0.3896405398845672,-0.1101912036538124,0.8256524801254272,0.5018391013145447,0.396291583776474,-0.1353799253702163,0.934165894985199,0.5920513272285461,0.3885915279388428,-0.1388766765594482,0.8368292450904846,0.5046411156654358,0.4049201905727386,-0.1011231616139411,0.9212183356285096,0.5892690420150757,0.3973238468170166,-0.1033031120896339,0.8257518410682678,0.5276113748550415,0.4295968413352966,-0.0025075192097574,0.9995295405387878,0.5691071152687073,0.4321638643741607,0.0024305323604494,0.9993856549263,0.5258715748786926,0.2716430425643921,-0.0319778770208358,0.9604185223579408,0.5731067061424255,0.2788434624671936,-0.0216444078832864,0.9475895762443542,0.5305913090705872,0.1250905841588974,0.0527208670973777,0.9601690173149108,0.5737519860267639,0.1287178695201873,0.0608802773058414,0.9241434335708618,0.5334862470626831,0.1050974652171135,0.0543553680181503,0.5420046448707581,0.571381151676178,0.1072444841265678,0.0626498982310295,0.5100417733192444,0.5344136953353882,0.0751066505908966,-0.0594714097678661,0.9338583946228028,0.5757051706314087,0.0806762725114822,-0.0464247688651084,0.904918611049652,hoyeon_stand_normal_01,24.698178,25.0,21.931712,19.104973,14.866069,11.313708,7.211103,5.0,5.830952,7.81025,9.433981,11.661904,13.416408,15.652476,17.888544,19.235384,21.023796,22.36068,21.470911,21.470911,19.235384,17.888544,13.928388,11.045361,10.440307,12.206556,13.601471,13.0,11.18034,8.944272,6.708204,4.123106,3.605551,5.385165,7.28011,10.440307,10.77033,12.083046,12.529964,13.038405,12.206556,12.806248,10.630146,9.899495,7.071068,5.0,2.0,4.123106,9.055385,14.317821,18.681542,21.540659,14.317821,14.56022,13.928388,13.038405,12.806248,12.806248,12.529964,13.928388,14.56022,15.524175,16.492423,16.492423,16.763055,16.763055,15.811388,14.866069,12.649111,10.440307,7.28011,4.123106,5.09902,8.246211,13.341664,17.464249,20.223748,22.090722,16.03122,17.262677,17.088007,15.652476,13.601471,10.630146,6.708204,4.0,3.0,5.830952,8.485281,11.401754,12.529964,14.317821,14.866069,15.811388,15.524175,15.524175,14.317821,13.341664,11.7047,10.29563,8.485281,8.944272,10.198039,12.041595,13.601471,14.21267,15.620499,15.620499,15.620499,14.422205,13.892444,12.529964,10.29563,8.944272,6.708204,5.0,4.472136,4.123106,6.324555,8.944272,11.661904,13.892444,17.0,19.235384,21.023796,21.931712,21.540659,20.248457,18.027756,14.866069,11.045361,13.038405,14.142136,14.317821,14.317821,13.341664,11.18034,10.049876,8.062258,6.0,4.472136,4.242641,4.472136,6.082763,7.071068,7.071068,8.062258,9.219544,9.219544,9.486833,9.219544,9.219544,9.055385,9.0,9.219544,9.848858
hoyeon_stand_normal_01,351,117,11.700639344262294,29.998360745314464,10,0.5496353507041931,0.6832586526870728,-0.2466619312763214,0.9999876618385316,0.544329822063446,0.6939380168914795,-0.2357456535100937,0.9999622702598572,0.5412991046905518,0.6933555603027344,-0.2357522845268249,0.9999653100967408,0.5388421416282654,0.6925276517868042,-0.2357722371816635,0.999968409538269,0.5521571040153503,0.6946539878845215,-0.2351218163967132,0.9999500513076782,0.5543699860572815,0.6949368715286255,-0.2351462095975875,0.9999486804008484,0.5566511154174805,0.6948959231376648,-0.2351546585559845,0.9999473690986632,0.533578634262085,0.6829281449317932,-0.1538334935903549,0.9999473690986632,0.5587883591651917,0.6869269609451294,-0.1510816067457199,0.9998854398727416,0.5439966320991516,0.6695249080657959,-0.2149337977170944,0.9999844431877136,0.5548105239868164,0.671208918094635,-0.2141919583082199,0.9999739527702332,0.512104332447052,0.6057543158531189,-0.0854915678501129,0.9999698996543884,0.5786772966384888,0.603813111782074,-0.0794130861759185,0.9999099373817444,0.504790723323822,0.5056930780410767,-0.0281066913157701,0.9854211807250975,0.584560215473175,0.5047451257705688,-0.0300447102636098,0.9528864622116088,0.4998574554920196,0.4245115518569946,-0.0855536386370658,0.965386927127838,0.5912829041481018,0.418203592300415,-0.089503526687622,0.8968114256858826,0.496529221534729,0.3966004550457001,-0.1030401438474655,0.9283797144889832,0.5954511165618896,0.3898635506629944,-0.1088872179389,0.8274139761924744,0.5018418431282043,0.3962879180908203,-0.131842091679573,0.9345152378082277,0.5920564532279968,0.3887829482555389,-0.1378944963216781,0.8385043144226074,0.5046424269676208,0.404908537864685,-0.0978547483682632,0.9215806722640992,0.5892766118049622,0.3975358605384826,-0.1023248881101608,0.8273864984512329,0.5276244282722473,0.4295965433120727,-0.002500198315829,0.9995301365852356,0.5691205263137817,0.4322072267532348,0.0024229532573372,0.999387502670288,0.525877058506012,0.2716301083564758,-0.0319756306707859,0.9606322050094604,0.5731242299079895,0.2787429690361023,-0.0216820333153009,0.9479805827140808,0.5305806398391724,0.1250320225954055,0.0526850223541259,0.9604074954986572,0.573752224445343,0.1286859065294265,0.0608826018869876,0.9244327545166016,0.5334789752960205,0.1048952490091323,0.0543007217347621,0.5422278046607971,0.57136470079422,0.1072079464793205,0.062653549015522,0.5106180906295776,0.5343931317329407,0.0750848278403282,-0.0596036650240421,0.9342255592346193,0.5756803154945374,0.0806542932987213,-0.0464928895235061,0.9053471684455872,hoyeon_stand_normal_01,3.605551,5.09902,9.848858,13.416408,15.652476,17.888544,18.788294,17.888544,17.464249,15.652476,14.764823,13.038405,11.401754,10.0,8.944272,9.055385,9.219544,11.661904,14.866069,19.104973,22.803509,26.400758,29.206164,30.479501,30.413813,29.0,8.0,12.0,14.0,17.029386,18.11077,19.235384,18.439089,17.720045,15.811388,13.0,10.77033,8.544004,5.09902,3.0,3.162278,5.0,8.246211,11.401754,14.317821,16.278821,19.235384,20.024984,21.0,19.026298,17.029386,13.038405,14.317821,14.764823,13.601471,13.453624,12.727922,11.401754,10.0,8.062258,6.708204,5.09902,4.123106,4.242641,4.472136,7.0,9.0,11.045361,14.142136,16.124515,18.11077,19.026298,20.024984,19.0,18.027756,16.03122,13.152946,10.198039,3.162278,4.472136,7.0,9.219544,11.18034,13.038405,14.21267,14.142136,13.453624,12.806248,10.816654,8.602325,6.403124,5.0,2.236068,1.414214,3.162278,6.0,8.0,10.0,12.0,14.0,15.033296,16.03122,16.124515,15.297059,12.529964,13.892444,15.264338,15.264338,16.124515,15.652476,13.928388,12.649111,10.440307,9.219544,7.28011,5.385165,5.0,4.472136,6.0,8.246211,10.440307,13.928388,16.763055,18.681542,20.615528,21.377558,21.213203,20.223748,18.11077,15.132746,11.045361,13.152946,14.142136,14.317821,14.317821,13.341664,12.369317,10.198039,8.062258,6.0,5.385165,5.0,5.0,5.830952,6.324555,7.28011,8.246211,8.544004,9.848858,9.848858,9.848858,9.848858,9.219544,9.055385,9.0,10.440307
hoyeon_stand_normal_01,354,118,11.800644808743169,29.998360745314464,10,0.5496079921722412,0.6831945180892944,-0.2468722909688949,0.9999878406524658,0.5442861318588257,0.6939038634300232,-0.2360108792781829,0.9999628067016602,0.5412502884864807,0.6933147311210632,-0.2360175102949142,0.9999658465385436,0.5387962460517883,0.6924782991409302,-0.2360378354787826,0.9999688863754272,0.5521138906478882,0.6946306824684143,-0.2353800386190414,0.9999505877494812,0.5543305277824402,0.694918155670166,-0.2354043573141098,0.999949276447296,0.5566127300262451,0.6948809623718262,-0.2354128211736679,0.9999479055404664,0.5335161089897156,0.6828619837760925,-0.154065802693367,0.999948263168335,0.5587508678436279,0.6869163513183594,-0.1512599289417266,0.9998868703842164,0.543969988822937,0.6694400310516357,-0.2150761932134628,0.9999847412109376,0.5547792911529541,0.6711314916610718,-0.2143314331769943,0.9999743700027466,0.5120981335639954,0.6056564450263977,-0.0848998054862022,0.9999704360961914,0.5786441564559937,0.6038332581520081,-0.0790295228362083,0.9999116659164428,0.5048398375511169,0.5056086778640747,-0.0261239223182201,0.985533595085144,0.5845563411712646,0.5048646926879883,-0.0284217428416013,0.9532195925712584,0.4998871684074402,0.4244439601898193,-0.0836641639471054,0.9658251404762268,0.5912894606590271,0.4184145033359527,-0.0881209000945091,0.8981336951255798,0.4965766370296478,0.396574318408966,-0.1012165695428848,0.929235816001892,0.5954520106315613,0.3901472687721252,-0.1074776947498321,0.8294060230255127,0.5018637776374817,0.3962460160255432,-0.1301645338535308,0.935312807559967,0.5920639634132385,0.3890608847141266,-0.1368734389543533,0.8404171466827393,0.5046562552452087,0.4048632979393005,-0.0960131958127021,0.9224335551261902,0.5892841219902039,0.3978041410446167,-0.1011048033833503,0.8292763829231262,0.5276709794998169,0.4295880496501922,-0.002477659843862,0.9995349645614624,0.569132924079895,0.4322074055671692,0.0024002145510166,0.9993939995765686,0.5259146094322205,0.2715984582901001,-0.0317119359970092,0.9612039923667908,0.5731120705604553,0.2787313759326935,-0.0216843076050281,0.9487617611885072,0.5305818319320679,0.1250297427177429,0.0529903024435043,0.96113783121109,0.5736558437347412,0.1286697834730148,0.0612890161573886,0.9254985451698304,0.5334778428077698,0.1047643572092056,0.0545352734625339,0.5449795722961426,0.5712295770645142,0.1072058528661727,0.0630820617079734,0.5134413838386536,0.5344165563583374,0.0750643908977508,-0.0596509054303169,0.9353317022323608,0.5755902528762817,0.0805693343281745,-0.0463751144707202,0.906786561012268,hoyeon_stand_normal_01,14.5,14.5933865,15.5816765,14.488586,13.952237,12.1663755,11.167703,9.4471705,9.4471705,10.0192025,10.330952,10.6704955,11.3198895,11.6894785,12.1313385,12.2864215,13.313436,14.848674,15.9326765,17.2183435,17.691897,17.6799495,17.2774335,17.011291999999997,16.688841,17.241042,10.115773,10.9685685,11.134406,10.7998965,10.043179,9.4346785,8.944272,9.541523,9.5082705,10.3335865,9.7228175,9.2690555,8.5989735,7.707107,8.4142135,8.7552705,8.9982385,10.062306,10.018099,9.4445055,8.687474,9.7781745,12.0501765,13.4308905,15.2631465,15.688779,17.204651,17.029386,16.970563,15.620499,15.652476,15.811388,16.278821,17.029386,18.0,19.0,20.0,20.024984,20.024984,20.0,19.026298,18.027756,15.033296,12.0,9.055385,5.830952,6.082763,10.440307,15.231546,19.313208,23.4094,26.925824,18.973666,20.396078,20.024984,18.027756,15.524175,12.529964,8.485281,4.123106,3.605551,7.0,9.486833,12.529964,14.422205,15.620499,16.278821,17.029386,17.029386,16.401219,15.620499,14.21267,12.041595,10.816654,10.198039,11.045361,12.649111,14.764823,15.556349,14.142136,11.313708,9.219544,7.615773,7.0,8.062258,10.440307,11.401754,13.341664,14.317821,16.124515,18.0,18.027756,18.439089,18.681542,18.027756,16.155494,14.317821,10.77033,8.246211,6.082763,6.403124,10.440307,12.165525,15.297059,7.81025,5.830952,5.09902,6.324555,8.062258,10.0,12.041595,14.21267,15.0,15.811388,14.422205,13.892444,13.416408,12.083046,11.18034,9.848858,8.944272,8.602325,9.219544,9.899495,11.401754,13.601471,14.21267,16.401219,17.029386,16.970563
hoyeon_stand_normal_01,357,119,11.900650273224043,29.998360745314464,10,0.549527108669281,0.6831598877906799,-0.247938871383667,0.9999879598617554,0.5441892743110657,0.6938808560371399,-0.2371101230382919,0.9999631643295288,0.5411465764045715,0.6932828426361084,-0.2371163070201873,0.9999662041664124,0.5387200117111206,0.6924418210983276,-0.2371372133493423,0.999969244003296,0.5520259737968445,0.6946181654930115,-0.2365631163120269,0.99995094537735,0.5542506575584412,0.6949090957641602,-0.2365876883268356,0.9999496340751648,0.5565299391746521,0.6948756575584412,-0.2365972995758056,0.999948263168335,0.5334439873695374,0.682820737361908,-0.1546777784824371,0.9999488592147828,0.5586930513381958,0.686903715133667,-0.1522148996591568,0.9998879432678224,0.5438897609710693,0.6693959832191467,-0.215900719165802,0.9999849200248718,0.5547053217887878,0.6710900664329529,-0.2152606099843979,0.9999746680259703,0.5120928883552551,0.6055881977081299,-0.0850257575511932,0.9999708533287048,0.5786001086235046,0.6038365364074707,-0.0795991197228431,0.9999127984046936,0.5048693418502808,0.5055926442146301,-0.0266259368509054,0.985546350479126,0.5845350623130798,0.5048713684082031,-0.0286219399422407,0.953471541404724,0.4999027252197265,0.4244195520877838,-0.0842465013265609,0.9660070538520812,0.5912876725196838,0.4184769093990326,-0.088378794491291,0.898918092250824,0.4966008365154266,0.3965705335140228,-0.1018224954605102,0.9296131134033204,0.5954428315162659,0.3902450203895569,-0.1077189743518829,0.8305120468139648,0.5018705129623413,0.3962212800979614,-0.1305368840694427,0.9356839060783386,0.592064619064331,0.3891575038433075,-0.1373511850833892,0.8415127396583557,0.5046610832214355,0.4048273265361786,-0.0965074077248573,0.9228353500366212,0.5892817378044128,0.3978980183601379,-0.1014557257294654,0.830384373664856,0.5276905298233032,0.4296079874038696,-0.0023964466527104,0.9995383024215698,0.5691297054290771,0.4322557747364044,0.0023186183534562,0.9993982911109924,0.5259960889816284,0.2714977860450744,-0.0318728722631931,0.9611434936523438,0.5729466676712036,0.2786741256713867,-0.0220014788210392,0.948604941368103,0.5307745337486267,0.124992199242115,0.0533938966691494,0.961178719997406,0.57347172498703,0.1286318600177765,0.0615995302796363,0.9252889752388,0.5336557626724243,0.1046738550066948,0.0550078377127647,0.5446256399154663,0.5711005926132202,0.1072092428803443,0.0634825751185417,0.512660562992096,0.534550130367279,0.0750597938895225,-0.0595507249236106,0.9354082942008972,0.5755032300949097,0.0805084034800529,-0.046294204890728,0.9068646430969238,hoyeon_stand_normal_01,4.123106,5.0,8.062258,10.29563,12.529964,13.892444,13.892444,13.892444,13.892444,12.529964,11.18034,9.848858,9.486833,8.062258,7.0,6.324555,7.071068,8.062258,9.486833,13.152946,16.03122,19.026298,21.023796,22.090722,22.203603,20.396078,5.0,7.071068,9.219544,11.401754,13.038405,13.416408,13.0,11.7047,10.440307,9.219544,7.071068,5.09902,3.162278,1.414214,2.236068,4.472136,5.830952,8.062258,10.816654,12.806248,14.21267,15.556349,14.866069,14.21267,12.806248,10.0,13.453624,13.453624,13.038405,12.083046,11.7047,11.401754,9.219544,8.062258,6.082763,5.385165,4.242641,4.123106,6.0,7.615773,9.848858,12.529964,14.764823,17.0,19.235384,20.124612,21.023796,20.615528,19.313208,16.763055,14.56022,11.18034,2.236068,4.123106,7.0,9.219544,11.7047,13.416408,14.422205,15.0,14.142136,13.453624,12.041595,10.0,7.211103,5.0,2.828427,1.0,2.0,4.123106,6.324555,9.219544,11.401754,13.601471,14.56022,14.866069,15.231546,14.764823,17.0,14.0,12.041595,10.198039,8.062258,8.485281,9.433981,11.18034,13.416408,14.764823,16.643317,18.027756,19.209373,19.79899,20.615528,20.808652,18.867962,18.35756,15.652476,12.529964,8.602325,5.385165,6.324555,9.219544,12.727922,15.556349,6.082763,5.0,5.0,6.708204,8.246211,11.401754,13.152946,15.297059,16.492423,16.492423,16.763055,16.155494,13.928388,13.0,12.083046,10.77033,10.440307,9.219544,10.0,11.045361,12.165525,14.142136,16.124515,17.117243,18.027756,18.027756
hoyeon_stand_normal_01,360,120,12.000655737704918,29.998360745314464,10,0.5494639277458191,0.6831588745117188,-0.2456822544336319,0.9999880194664,0.5441158413887024,0.693877637386322,-0.2348139435052871,0.9999632835388184,0.5410721302032471,0.6932753920555115,-0.2348201870918274,0.9999663829803468,0.5386569499969482,0.6924331784248352,-0.2348398715257644,0.9999693632125854,0.5519588589668274,0.6946185231208801,-0.234325498342514,0.9999510645866394,0.5541845560073853,0.6949108839035034,-0.2343481034040451,0.9999497532844543,0.5564505457878113,0.6948806643486023,-0.2343568503856659,0.9999483823776244,0.5333715677261353,0.6828080415725708,-0.1522847712039947,0.9999491572380066,0.5586336255073547,0.6869034171104431,-0.1500050574541092,0.9998884201049804,0.5438286662101746,0.6693935394287109,-0.2135971039533615,0.9999850988388062,0.5546445846557617,0.6710885763168335,-0.2130245119333267,0.9999749064445496,0.5120912790298462,0.6055817008018494,-0.0825193747878074,0.999971091747284,0.5785670876502991,0.6038681268692017,-0.0777281671762466,0.9999135732650756,0.5048812031745911,0.5055891275405884,-0.024085221812129,0.9855018854141236,0.5845018625259399,0.5049167275428772,-0.0270074252039194,0.953455924987793,0.4999037683010101,0.4244225025177002,-0.0823055505752563,0.9660171270370485,0.5912491083145142,0.4186009764671325,-0.0867481306195259,0.8992019891738892,0.4966144859790802,0.3965856432914734,-0.100020132958889,0.9297501444816588,0.5953847169876099,0.390372633934021,-0.1061654835939407,0.8310174942016602,0.5018718242645264,0.3962202668190002,-0.1288169175386428,0.9358214735984802,0.5920349359512329,0.3892935812473297,-0.1356765627861023,0.8420227766036987,0.504660964012146,0.4048223197460174,-0.0946570262312889,0.922946572303772,0.5892573595046997,0.3980462849140167,-0.0997965559363365,0.8308598399162292,0.5276987552642822,0.4295937418937683,-0.0023430930450558,0.9995409846305848,0.5691261887550354,0.4322565197944641,0.0022659555543214,0.9994022846221924,0.5260322093963623,0.2714392840862274,-0.0318248942494392,0.9617297649383544,0.57294762134552,0.2786682546138763,-0.0222530961036682,0.949335277080536,0.5307860374450684,0.1251044422388076,0.0542443208396434,0.9618438482284546,0.5734645128250122,0.1288948953151703,0.0618077293038368,0.9263990521430968,0.5336579084396362,0.1048547476530075,0.0558956153690815,0.5465624332427979,0.5710976719856262,0.1076937019824981,0.063728779554367,0.5151915550231934,0.534654974937439,0.0751316845417022,-0.0590330250561237,0.9363585710525512,0.5754978060722351,0.0805182605981826,-0.0461835041642189,0.9082807898521424,hoyeon_stand_normal_01,24.041631,23.430749,21.400935,18.867962,14.764823,10.816654,7.071068,5.385165,5.09902,7.211103,9.219544,11.313708,13.453624,15.620499,17.691806,18.439089,21.260292,21.213203,22.627417,21.931712,20.518285,16.970563,14.21267,11.18034,11.045361,12.369317,13.0,12.529964,12.206556,9.219544,7.211103,4.472136,3.162278,5.0,7.211103,8.944272,10.29563,12.206556,12.206556,12.806248,12.041595,12.041595,11.401754,9.433981,7.211103,5.0,2.236068,3.605551,8.544004,13.0,17.888544,21.633308,16.278821,15.620499,15.264338,14.317821,13.601471,14.142136,15.0,15.033296,16.124515,17.262677,17.262677,17.262677,17.262677,17.117243,16.124515,15.132746,13.038405,11.045361,7.28011,5.0,5.0,8.944272,13.038405,16.643317,19.723083,21.023796,15.620499,16.643317,16.155494,14.56022,13.038405,10.049876,6.708204,4.123106,4.242641,6.324555,10.049876,12.165525,13.341664,13.928388,15.652476,15.652476,15.264338,15.264338,14.422205,13.038405,12.083046,10.440307,10.049876,10.440307,11.661904,14.21267,13.453624,14.866069,15.556349,16.278821,16.278821,15.620499,14.422205,13.038405,10.816654,8.944272,7.211103,5.0,4.472136,4.0,6.324555,8.062258,11.661904,14.422205,17.492856,19.723083,21.470911,22.36068,21.931712,20.615528,18.384776,14.866069,11.18034,13.152946,14.035669,15.033296,14.0,13.038405,12.0,10.049876,8.062258,6.324555,5.0,5.0,5.09902,6.082763,7.071068,8.0,8.0,9.0,10.049876,10.049876,10.049876,10.049876,9.055385,9.219544,9.486833,10.816654
hoyeon_stand_normal_01,363,121,12.100661202185792,29.998360745314464,10,0.5494486093521118,0.6831575632095337,-0.2473760992288589,0.9999880790710448,0.5440891981124878,0.6938742399215698,-0.2365679889917373,0.9999634623527528,0.5410431623458862,0.6932695508003235,-0.236571803689003,0.999966561794281,0.5386255979537964,0.6924254894256592,-0.2365915775299072,0.999969482421875,0.55193030834198,0.694617509841919,-0.236133798956871,0.9999513030052184,0.5541523098945618,0.6949103474617004,-0.2361575961112976,0.9999500513076782,0.5564140677452087,0.6948805451393127,-0.2361669987440109,0.9999486207962036,0.5333213806152344,0.6827821135520935,-0.1536900252103805,0.9999493956565856,0.5585794448852539,0.6869062185287476,-0.1517708301544189,0.9998891949653624,0.5438147783279419,0.6693888306617737,-0.2151121646165847,0.9999852180480956,0.5546242594718933,0.6710874438285828,-0.2146350890398025,0.999975085258484,0.5120898485183716,0.6055718660354614,-0.0827589109539985,0.9999713897705078,0.578551173210144,0.6038755178451538,-0.0787268429994583,0.9999149441719056,0.5048941969871521,0.5055860877037048,-0.0247657373547554,0.985493302345276,0.5844950079917908,0.5049397349357605,-0.0273693744093179,0.953735649585724,0.4999082386493683,0.4244575798511505,-0.0829768106341362,0.966037392616272,0.5912438631057739,0.4187591671943664,-0.0868999809026718,0.9000787138938904,0.4966498017311096,0.39665088057518,-0.1007308289408683,0.9298086166381836,0.595361590385437,0.3905395865440368,-0.1062302887439727,0.8322172164916992,0.501892626285553,0.3962627351284027,-0.1294814050197601,0.935896098613739,0.5920339226722717,0.3894546926021576,-0.135883629322052,0.8431702256202698,0.5046666860580444,0.4048386514186859,-0.0953061878681182,0.923029124736786,0.5892547369003296,0.3982098996639251,-0.0999769866466522,0.8319789171218872,0.5277003645896912,0.4296771585941314,-0.0022940658964216,0.9995445609092712,0.5691172480583191,0.4323146939277649,0.0022162152454257,0.9994076490402222,0.5260648131370544,0.2714865803718567,-0.0321175754070282,0.961591899394989,0.5729001760482788,0.2786653041839599,-0.0223848279565572,0.9489948749542236,0.5314451456069946,0.1250898391008377,0.0541765615344047,0.9618586897850036,0.5733861327171326,0.1288036555051803,0.0621402524411678,0.9262056350708008,0.5339925289154053,0.104713425040245,0.0558141618967056,0.5464721918106079,0.5710646510124207,0.1076985597610473,0.0641118213534355,0.5149324536323547,0.5347808003425598,0.0750842466950416,-0.0590696334838867,0.936471462249756,0.5754215121269226,0.0803796872496604,-0.0459142960608005,0.9084550738334656,hoyeon_stand_normal_01,24.839485,24.413111,21.954498,19.235384,15.231546,11.18034,7.81025,5.385165,5.09902,7.211103,9.219544,11.401754,12.806248,15.811388,17.204651,19.416488,20.808652,22.203603,22.203603,22.203603,20.615528,18.027756,15.264338,11.7047,10.049876,11.661904,14.21267,13.892444,12.529964,9.848858,7.615773,5.0,3.162278,4.472136,7.071068,9.219544,10.630146,12.206556,13.038405,13.038405,13.416408,12.083046,11.7047,9.486833,8.246211,5.09902,1.414214,3.605551,7.615773,12.529964,18.027756,22.022716,15.6616375,14.9846765,14.58146,13.831047,13.7969955,12.771945,11.403124,9.439456,7.6344135,6.189565,5.061553,4.813903,5.8941445,7.930992,10.1239575,12.54,15.51561,17.528571,19.525641,21.0952365,21.649313,21.708403,20.397023,18.0728955,15.185804,12.35235,3.118034,3.8643285,6.535534,9.0154185,11.661904,13.9070705,15.211209,14.9330345,14.738504,13.959646,11.872475,10.3679685,7.671184,5.464986,2.9208095,2.0,4.118034,7.04951,9.535534,12.024938,14.0364075,15.5330805,17.016648,17.5,17.055385,15.132746,13.038405,14.422205,15.811388,16.643317,16.124515,16.124515,14.317821,13.0,10.77033,9.486833,7.615773,5.830952,4.242641,4.123106,6.324555,8.544004,12.083046,15.231546,17.464249,20.248457,21.18962,22.803509,22.561028,20.396078,18.439089,15.297059,12.0,13.038405,14.142136,15.132746,14.317821,13.152946,11.18034,10.049876,8.0,6.082763,5.385165,5.0,5.830952,6.324555,7.28011,7.28011,8.246211,8.246211,9.486833,9.486833,9.486833,9.486833,9.055385,9.0,9.219544,10.77033
hoyeon_stand_normal_01,366,122,12.200666666666669,29.998360745314464,10,0.5494372844696045,0.683136522769928,-0.2529144883155823,0.9999882578849792,0.5440706610679626,0.6938591003417969,-0.2422632724046707,0.9999639391899108,0.5410251021385193,0.6932502388954163,-0.2422669827938079,0.9999669194221495,0.5386068820953369,0.6924025416374207,-0.2422884404659271,0.9999698400497437,0.5519025921821594,0.6946077346801758,-0.2417953312397003,0.999951958656311,0.5541178584098816,0.6949030756950378,-0.2418214976787567,0.9999507069587708,0.55637127161026,0.6948756575584412,-0.2418315857648849,0.9999493360519408,0.5332922339439392,0.6827480792999268,-0.1596943438053131,0.999949872493744,0.5585058331489563,0.686905562877655,-0.1577194035053253,0.9998908042907716,0.54380863904953,0.6693500876426697,-0.2207358032464981,0.9999853372573853,0.5545989274978638,0.6710711121559143,-0.2202536761760711,0.9999753832817078,0.5120705366134644,0.6055392026901245,-0.0879918187856674,0.9999714493751526,0.5785385966300964,0.6038740277290344,-0.0836628153920173,0.9999162554740906,0.5048960447311401,0.5055415034294128,-0.0281706508249044,0.9855311512947084,0.5844936966896057,0.5049458742141724,-0.032219510525465,0.9541371464729308,0.4999093413352966,0.424455463886261,-0.0850847214460372,0.9660575985908508,0.5912894010543823,0.4188221096992492,-0.0907061919569969,0.901033103466034,0.4966900050640106,0.3966517448425293,-0.102541871368885,0.929792821407318,0.5953830480575562,0.3905733823776245,-0.1096584126353263,0.8334862589836121,0.5019168257713318,0.3962663114070892,-0.1313555389642715,0.9358867406845092,0.592062771320343,0.3894786536693573,-0.1393277496099472,0.8443569540977478,0.5046708583831787,0.4048367738723755,-0.0973731651902198,0.9230275750160216,0.5892810821533203,0.3982481658458709,-0.1037104800343513,0.833130955696106,0.5277187824249268,0.4298274517059326,-0.0022758161649107,0.9995466470718384,0.5691178441047668,0.4323736429214477,0.0021968178916722,0.9994120001792908,0.5261415839195251,0.2715751528739929,-0.0314980782568454,0.961483895778656,0.5728183388710022,0.2786612808704376,-0.0218546856194734,0.9489218592643738,0.5314391851425171,0.1249351948499679,0.0539322420954704,0.9619566202163696,0.5733445882797241,0.1287122368812561,0.062189795076847,0.9261987209320068,0.534049391746521,0.1044750809669494,0.0554141737520694,0.5474446415901184,0.5710247755050659,0.1076592430472374,0.0641281753778457,0.5151852369308472,0.53481525182724,0.0750805288553237,-0.059291023761034,0.9366856813430786,0.5753898024559021,0.0804007276892662,-0.0457731261849403,0.908677577972412,hoyeon_stand_normal_01,24.596748,24.698178,22.803509,19.849433,15.556349,12.041595,8.602325,6.082763,6.324555,6.403124,8.602325,10.816654,12.529964,14.764823,17.0,17.888544,20.59126,21.954498,21.095023,21.633308,19.416488,18.027756,14.764823,11.401754,10.049876,11.18034,14.142136,13.0,11.045361,9.055385,7.0,4.123106,5.0,6.082763,8.062258,10.049876,12.041595,13.152946,13.341664,13.601471,13.0,13.0,11.18034,10.29563,8.062258,5.830952,3.0,4.472136,8.062258,13.152946,17.262677,20.880613,14.317821,13.928388,13.892444,13.038405,12.806248,12.041595,10.630146,8.602325,8.062258,6.324555,5.0,5.385165,6.403124,8.062258,9.848858,12.649111,14.866069,16.763055,18.973666,20.248457,20.615528,20.615528,19.235384,17.492856,15.264338,12.206556,2.0,3.0,5.09902,7.615773,10.816654,12.041595,13.453624,13.601471,13.038405,12.529964,10.77033,9.486833,7.28011,5.09902,2.236068,1.0,2.0,4.0,6.082763,9.055385,11.045361,13.038405,14.142136,15.132746,15.033296,15.0,18.027756,16.124515,13.038405,11.313708,8.602325,8.246211,9.0,11.18034,13.341664,15.297059,17.117243,19.0,20.099751,21.213203,21.587033,22.135944,21.023796,18.788294,16.124515,12.529964,8.544004,5.09902,6.324555,10.049876,14.035669,17.0,8.544004,6.403124,5.830952,7.0,10.198039,12.649111,14.866069,17.088007,18.027756,18.439089,18.439089,18.248288,16.124515,15.033296,13.038405,12.165525,11.18034,11.7047,10.77033,11.661904,13.601471,15.0,17.804494,19.209373,20.808652,20.808652
hoyeon_stand_normal_01,369,123,12.30067213114754,29.998360745314464,10,0.5494346022605896,0.6831288933753967,-0.2595847249031067,0.9999883770942688,0.5440634489059448,0.6938551068305969,-0.2489187717437744,0.9999643564224244,0.5410180687904358,0.6932461857795715,-0.2489238828420639,0.9999672770500184,0.5385945439338684,0.6923965811729431,-0.248948335647583,0.9999701976776124,0.5518887639045715,0.6946048736572266,-0.2484515011310577,0.999952495098114,0.5541001558303833,0.6949008107185364,-0.2484784871339798,0.9999512434005736,0.5563512444496155,0.6948740482330322,-0.248490497469902,0.999949872493744,0.5332748293876648,0.6827321648597717,-0.1659371554851532,0.9999504685401917,0.558441698551178,0.686905562877655,-0.1638889610767364,0.9998921155929564,0.5438063740730286,0.6693304181098938,-0.2272253930568695,0.9999855160713196,0.5545884370803833,0.6710643172264099,-0.2267359942197799,0.9999756217002868,0.5120457410812378,0.6054642796516418,-0.0933412387967109,0.9999716877937316,0.5785265564918518,0.6038579940795898,-0.0886156931519508,0.9999170303344728,0.5048968195915222,0.5055223107337952,-0.0322417467832565,0.9856126308441162,0.5844920873641968,0.5049486756324768,-0.0369448661804199,0.9543877840042114,0.4999077022075653,0.4244536161422729,-0.0890058651566505,0.9661412239074708,0.591291606426239,0.4188264608383178,-0.0954363495111465,0.9013903737068176,0.4966970980167389,0.3966518640518188,-0.1063266769051551,0.929890275001526,0.595377504825592,0.3905771970748901,-0.1143811121582984,0.8338330984115601,0.501923143863678,0.3962681591510772,-0.1355386078357696,0.935977578163147,0.5920640826225281,0.3894787430763244,-0.1442174166440963,0.8446711897850037,0.5046715140342712,0.4048345685005188,-0.1013865694403648,0.923128604888916,0.5892844796180725,0.3982459902763366,-0.108497530221939,0.8333950042724609,0.5277226567268372,0.4300353229045868,-0.0022738738916814,0.9995476603507996,0.5691154599189758,0.4326193332672119,0.0021946220658719,0.9994134902954102,0.5261358022689819,0.2716549336910248,-0.031698290258646,0.9612864255905152,0.5728168487548828,0.2786623835563659,-0.0216824971139431,0.9486214518547058,0.5314237475395203,0.1246314868330955,0.0534664765000343,0.961844563484192,0.5732001066207886,0.1282840967178344,0.0622027851641178,0.9259055852890016,0.5340850353240967,0.1041586622595787,0.0548850707709789,0.5458945631980896,0.5708701610565186,0.10732052475214,0.0641260594129562,0.5149468183517456,0.5348157286643982,0.0748548358678817,-0.0603941306471824,0.936553418636322,0.575201153755188,0.0791331082582473,-0.0458559431135654,0.908618152141571,hoyeon_stand_normal_01,24.166092,23.086793,21.587033,18.248288,15.132746,11.18034,7.615773,5.656854,6.082763,8.062258,9.219544,11.7047,13.928388,15.231546,17.464249,19.313208,20.615528,22.472205,22.135944,21.84033,20.880613,18.027756,15.231546,12.206556,11.401754,12.649111,13.601471,13.453624,12.041595,10.0,7.81025,5.0,4.0,5.0,7.071068,9.219544,10.630146,11.401754,12.206556,13.038405,12.529964,12.083046,10.440307,10.440307,8.246211,5.385165,2.828427,3.605551,8.485281,12.727922,17.691806,20.808652,14.21267,13.892444,13.0,12.649111,12.369317,11.045361,10.0,8.0,7.071068,5.385165,4.242641,3.162278,4.123106,6.708204,8.602325,11.401754,13.453624,15.620499,18.439089,19.209373,20.0,20.0,19.416488,17.492856,14.764823,11.18034,3.162278,3.605551,6.708204,9.219544,11.045361,13.038405,14.142136,14.56022,13.928388,13.0,11.18034,9.433981,7.211103,4.472136,3.162278,1.414214,2.236068,4.472136,6.708204,9.433981,11.661904,13.892444,15.264338,15.264338,15.811388,15.0,14.422205,16.124515,17.492856,16.643317,17.204651,16.401219,15.620499,13.453624,12.727922,10.630146,8.485281,6.403124,4.472136,4.0,5.830952,7.81025,11.313708,14.142136,16.970563,19.104973,21.213203,21.931712,22.022716,20.0,18.027756,14.422205,12.083046,13.0,14.317821,15.231546,14.866069,13.601471,11.7047,9.848858,8.062258,7.071068,5.830952,6.324555,7.0,7.071068,8.062258,9.219544,9.219544,10.198039,11.18034,11.18034,11.18034,10.198039,10.440307,10.77033,10.816654,11.313708
hoyeon_stand_normal_01,372,124,12.400677595628416,29.998360745314464,10,0.5494410395622253,0.6831308603286743,-0.2559980750083923,0.9999883770942688,0.5440592169761658,0.6938547492027283,-0.2453026920557022,0.9999642968177797,0.5410144329071045,0.693246066570282,-0.245309516787529,0.9999672174453736,0.5385884046554565,0.6923950910568237,-0.2453343421220779,0.9999701380729676,0.5518834590911865,0.6946070790290833,-0.2446395605802536,0.9999523758888244,0.5540953874588013,0.694903552532196,-0.244664192199707,0.9999510645866394,0.5563477277755737,0.6948764324188232,-0.2446753829717636,0.9999497532844543,0.5332677960395813,0.6827270984649658,-0.1632181704044342,0.9999504089355468,0.5583851933479309,0.6869107484817505,-0.1603105962276458,0.9998916983604432,0.5438109040260315,0.669326663017273,-0.2240864336490631,0.9999855160713196,0.5545854568481445,0.671068012714386,-0.2233398705720901,0.9999756217002868,0.5120267271995544,0.6054372787475586,-0.0924766883254051,0.999971568584442,0.5785104632377625,0.603851854801178,-0.0867218822240829,0.9999166131019592,0.5048978328704834,0.5054982900619507,-0.0319480523467063,0.9856547117233276,0.584467351436615,0.5049415826797485,-0.0361909866333007,0.954148292541504,0.4998992085456848,0.4244224727153778,-0.0888887345790863,0.9662266373634338,0.5912681221961975,0.418830007314682,-0.0944378152489662,0.9010168313980104,0.4967009425163269,0.3966476917266845,-0.1063058003783226,0.9300376176834106,0.5953188538551331,0.3905802965164184,-0.1134405806660652,0.8334043622016907,0.5019240975379944,0.3962670564651489,-0.1354152858257293,0.93610280752182,0.5920245051383972,0.3894817531108856,-0.1427981853485107,0.8442443609237671,0.5046679973602295,0.4048241972923279,-0.1012533381581306,0.9232844114303588,0.5892630219459534,0.398246705532074,-0.1073310673236846,0.8329102396965027,0.5277248620986938,0.4300156235694885,-0.0022466257214546,0.9995455741882324,0.569114089012146,0.4326152503490448,0.0021674991585314,0.9994111061096193,0.5261220335960388,0.2716261148452759,-0.0317228250205516,0.9611380696296692,0.572776734828949,0.2784540951251983,-0.0217556618154048,0.9485020637512208,0.5314199924468994,0.124435931444168,0.0536661706864833,0.9616190195083618,0.5730907917022705,0.1278896629810333,0.0621581599116325,0.925659716129303,0.5341543555259705,0.1039187088608741,0.0551873296499252,0.5453376173973083,0.5708162188529968,0.1070233881473541,0.0640791207551956,0.5138197541236877,0.5348543524742126,0.0747596994042396,-0.0594881363213062,0.9362903833389282,0.5748854279518127,0.0780197903513908,-0.0458576008677482,0.9083104729652404,hoyeon_stand_normal_01,25.059928,25.238859,22.803509,19.849433,16.278821,12.041595,8.602325,5.09902,4.472136,6.403124,7.615773,9.486833,12.369317,13.601471,16.492423,17.464249,19.416488,20.615528,20.615528,20.615528,18.681542,16.492423,14.142136,10.049876,8.602325,10.29563,13.892444,13.038405,11.401754,9.219544,6.403124,4.472136,3.162278,5.385165,7.615773,9.848858,12.083046,12.529964,13.892444,13.038405,13.601471,12.806248,12.041595,10.630146,8.485281,5.656854,3.162278,3.605551,8.246211,13.152946,17.464249,21.18962,14.035669,13.341664,13.601471,13.0,12.529964,11.661904,10.630146,8.485281,7.81025,6.708204,5.09902,5.09902,6.403124,7.81025,10.0,12.529964,14.764823,17.0,19.235384,19.723083,21.095023,20.248457,20.0,17.029386,14.866069,12.041595,2.0,3.0,5.385165,8.062258,10.630146,12.041595,13.601471,13.892444,13.416408,12.649111,11.401754,9.219544,7.071068,5.09902,3.0,1.0,2.236068,4.123106,7.28011,9.219544,11.401754,13.341664,14.56022,15.524175,15.297059,15.132746,16.664583,15.3766225,12.4467235,10.0584895,8.503264999999999,8.432817499999999,9.497074,11.404812,13.343569,14.9286395,16.537032500000002,18.2452735,19.17878,20.2557555,20.6134955,20.3398015,19.728915,18.094635,15.326238,11.7424,8.177126999999999,5.2420925,6.269578,9.63471,13.038405,15.632169,7.6366805,5.9907045,5.04951,6.889636,9.353188500000002,12.062320499999998,14.176745,15.841848,16.794382,17.7510095,17.102625,16.520938,15.185804,14.0808455,12.509214,11.44252,10.4841845,10.172753,10.408327,11.543478,12.9114705,15.0582845,16.3909755,18.412509,19.1190395,18.772031
hoyeon_stand_normal_01,375,125,12.500683060109289,29.998360745314464,10,0.5494250655174255,0.6831159591674805,-0.2536639869213104,0.9999884366989136,0.5440471172332764,0.693837583065033,-0.2429290413856506,0.9999645352363586,0.5410038828849792,0.6932244896888733,-0.2429366558790207,0.9999674558639526,0.5385780930519104,0.6923703551292419,-0.2429621368646621,0.999970316886902,0.5518661737442017,0.6945891380310059,-0.242300271987915,0.9999526143074036,0.5540747046470642,0.6948843002319336,-0.2423232048749923,0.9999513030052184,0.556330144405365,0.6948512196540833,-0.2423315942287445,0.9999499320983888,0.5332617163658142,0.6827048659324646,-0.1608572453260421,0.9999508857727052,0.558364987373352,0.6868845820426941,-0.1581505686044693,0.999892234802246,0.5438029170036316,0.669312059879303,-0.2217512130737304,0.9999856352806092,0.5545608997344971,0.6710451245307922,-0.2210564762353897,0.9999758005142212,0.5120077729225159,0.6054209470748901,-0.0910869687795639,0.9999718070030212,0.5784699320793152,0.6038517951965332,-0.0848972424864769,0.9999167323112488,0.5048947930335999,0.5054923295974731,-0.0319152362644672,0.9857266545295716,0.5844004154205322,0.5049417018890381,-0.0353586710989475,0.9540344476699828,0.4998873472213745,0.4244206249713897,-0.0888643786311149,0.9664543271064758,0.5912264585494995,0.418840229511261,-0.0941680148243904,0.9010252952575684,0.4966992437839508,0.3966467082500458,-0.1064906120300293,0.930458128452301,0.5952761769294739,0.3905993103981018,-0.1133134514093399,0.8334872126579285,0.5019192695617676,0.3962667286396026,-0.1354386955499649,0.9364870190620422,0.591975212097168,0.3894935846328735,-0.1425066441297531,0.8443167805671692,0.5046588778495789,0.4048218727111816,-0.1012042015790939,0.9237409234046936,0.5892198085784912,0.3982487022876739,-0.1070158332586288,0.8329899907112122,0.5277255177497864,0.4300508499145508,-0.0022561161313205,0.9995467066764832,0.569101870059967,0.4326534271240234,0.0021773497574031,0.9994107484817504,0.5261043310165405,0.2715278565883636,-0.0321606956422328,0.960700273513794,0.5726860165596008,0.2784332036972046,-0.0217787381261587,0.9477313756942748,0.5314172506332397,0.1243392825126648,0.0534914620220661,0.9611089825630188,0.5728741884231567,0.1278854012489318,0.0621291510760784,0.9246898293495178,0.5341718792915344,0.1037516817450523,0.0550584122538566,0.5434576272964478,0.5706156492233276,0.1070823520421981,0.0640509873628616,0.5118275284767151,0.534869909286499,0.0746773183345794,-0.0594933964312076,0.9356541633605956,0.5746774077415466,0.0780544728040695,-0.0458103865385055,0.9073724746704102,hoyeon_stand_normal_01,4.123106,5.0,7.211103,9.848858,12.083046,13.928388,14.317821,14.317821,14.317821,12.083046,11.7047,10.440307,9.219544,8.062258,7.071068,6.708204,6.403124,8.544004,10.049876,14.035669,17.117243,19.235384,22.203603,23.086793,24.020824,22.0,6.403124,8.602325,10.630146,12.727922,14.21267,15.0,15.264338,13.416408,12.083046,9.848858,7.615773,5.385165,3.605551,2.236068,2.828427,5.0,7.211103,9.433981,12.206556,14.422205,16.401219,17.029386,17.691806,16.278821,14.866069,11.401754,17.720045,17.464249,17.117243,16.0,16.124515,16.492423,16.552945,17.888544,18.35756,18.867962,18.867962,20.248457,20.248457,19.723083,19.235384,17.0,15.652476,12.529964,9.433981,6.708204,7.071068,10.0,14.866069,19.104973,22.671568,24.413111,17.720045,18.788294,18.867962,17.691806,15.0,12.083046,8.062258,4.472136,4.0,7.071068,9.433981,12.083046,14.56022,15.132746,16.03122,17.0,17.029386,16.03122,15.033296,14.035669,13.0,11.401754,11.18034,11.313708,13.038405,15.652476,13.416408,15.264338,16.124515,17.0,16.124515,15.652476,15.231546,13.601471,11.401754,10.198039,8.246211,5.385165,3.605551,3.0,5.385165,7.615773,11.661904,14.764823,17.888544,19.697716,21.540659,22.472205,22.135944,20.880613,18.681542,15.524175,13.341664,15.524175,16.492423,16.763055,16.763055,14.866069,13.928388,11.401754,9.219544,8.0,6.082763,5.830952,5.656854,7.211103,8.062258,8.944272,8.944272,10.29563,10.29563,10.29563,10.29563,9.848858,9.848858,9.055385,10.049876,10.198039
hoyeon_stand_normal_01,378,126,12.600688524590163,29.998360745314464,10,0.5494226217269897,0.6831087470054626,-0.2541280090808868,0.999988317489624,0.5440442562103271,0.6938304901123047,-0.2434163391590118,0.9999642968177797,0.5410003662109375,0.6932175755500793,-0.2434236407279968,0.9999672770500184,0.5385739803314209,0.6923632621765137,-0.2434493750333786,0.9999701380729676,0.5518566370010376,0.6945775151252747,-0.2428023666143417,0.9999522566795348,0.5540596842765808,0.6948696970939636,-0.2428267747163772,0.9999508857727052,0.5563132762908936,0.6948300004005432,-0.2428373545408249,0.9999495148658752,0.5332584381103516,0.6826986074447632,-0.161232516169548,0.999950647354126,0.5583200454711914,0.6868664026260376,-0.1585833430290222,0.9998912811279296,0.5438006520271301,0.669306218624115,-0.2221525758504867,0.9999855160713196,0.5545416474342346,0.671034574508667,-0.2214779406785965,0.999975562095642,0.5119783878326416,0.6053634285926819,-0.0912063494324684,0.9999718070030212,0.5784292221069336,0.603849470615387,-0.0851897820830345,0.999916136264801,0.5048995614051819,0.5054881572723389,-0.0328462906181812,0.985754370689392,0.5843642354011536,0.5049709677696228,-0.0358160138130188,0.9539217352867126,0.499887079000473,0.4244209229946136,-0.090526707470417,0.9665905833244324,0.5912140607833862,0.4188750982284546,-0.0945009961724281,0.9007487297058104,0.496704488992691,0.3966461718082428,-0.1083819344639778,0.9307062029838562,0.595268964767456,0.3906162083148956,-0.1136359423398971,0.8330250978469849,0.5019203424453735,0.396268367767334,-0.1372144967317581,0.9367210865020752,0.591961145401001,0.3895072340965271,-0.1428275853395462,0.8438743948936462,0.5046582818031311,0.4048196971416473,-0.1028364598751068,0.9240045547485352,0.5892003774642944,0.3982526659965515,-0.1073458939790725,0.8325414657592773,0.5277258157730103,0.4301316142082214,-0.0022586707491427,0.9995441436767578,0.5690726041793823,0.4327782988548279,0.0021797704976052,0.9994062185287476,0.526116669178009,0.2715303003787994,-0.0327327884733676,0.9599509835243224,0.5726205110549927,0.2784881889820099,-0.0218220073729753,0.9465016722679138,0.5314133763313293,0.1243416219949722,0.0533066727221012,0.960261046886444,0.5726756453514099,0.1278832852840423,0.0620958097279071,0.923000991344452,0.534184455871582,0.1037633270025253,0.0549206770956516,0.5394535064697266,0.5705124735832214,0.1071329265832901,0.0640263557434082,0.5082099437713623,0.5348964333534241,0.0746713355183601,-0.0595705024898052,0.9343924522399902,0.5744814276695251,0.0780837759375572,-0.0458207987248897,0.9056366086006165,hoyeon_stand_normal_01,24.413111,23.706539,21.023796,18.384776,14.866069,10.77033,7.211103,5.0,4.123106,6.708204,8.602325,10.630146,12.727922,14.142136,16.970563,18.384776,20.518285,21.260292,21.260292,21.260292,19.849433,17.029386,14.142136,11.18034,11.045361,12.369317,15.0,13.453624,12.727922,10.630146,8.485281,5.0,4.0,5.830952,7.81025,9.899495,12.041595,13.453624,13.601471,13.601471,13.892444,13.416408,12.083046,10.440307,8.246211,5.385165,2.828427,2.828427,7.211103,12.206556,17.029386,20.518285,17.204651,17.029386,16.970563,15.620499,15.264338,14.866069,15.297059,16.03122,17.029386,18.0,18.0,19.026298,19.0,19.0,18.027756,16.03122,14.035669,11.045361,8.062258,5.0,6.0,9.848858,14.317821,18.788294,22.472205,25.0,18.027756,18.788294,18.973666,17.262677,15.0,11.18034,6.708204,3.162278,3.605551,7.0,10.198039,13.0,14.764823,16.643317,17.204651,18.439089,18.384776,18.384776,16.970563,15.556349,14.21267,11.661904,11.401754,11.045361,12.649111,14.764823,13.601471,14.866069,15.811388,15.811388,16.763055,15.524175,15.297059,13.152946,12.041595,10.049876,8.0,6.082763,5.09902,4.242641,5.09902,7.0,10.049876,13.341664,15.297059,18.248288,20.099751,21.095023,20.024984,19.0,17.029386,14.035669,12.165525,13.341664,14.317821,14.56022,14.866069,13.601471,12.369317,10.198039,9.055385,7.0,6.324555,5.830952,6.403124,7.211103,8.062258,8.944272,9.433981,10.29563,10.816654,10.816654,10.816654,11.18034,10.77033,10.440307,10.198039,11.045361
hoyeon_stand_normal_01,381,127,12.700693989071038,29.998360745314464,10,0.5494217276573181,0.6830959320068359,-0.2482690662145614,0.9999880194664,0.5440402626991272,0.6938218474388123,-0.2376078963279724,0.9999634623527528,0.5409971475601196,0.6932087540626526,-0.2376145273447036,0.999966561794281,0.538567841053009,0.6923532485961914,-0.2376375198364257,0.999969482421875,0.5518532991409302,0.6945668458938599,-0.2368783801794052,0.9999511241912842,0.5540534853935242,0.6948574781417847,-0.2369017004966735,0.9999497532844543,0.5563059449195862,0.6948109269142151,-0.2369118481874466,0.9999483227729796,0.5332552194595337,0.682689905166626,-0.1563532948493957,0.9999495148658752,0.5582740306854248,0.6868504881858826,-0.1531493812799453,0.99988853931427,0.5438057780265808,0.6692957282066345,-0.2166788280010223,0.9999852180480956,0.554539144039154,0.6710245609283447,-0.2158436477184295,0.9999750256538392,0.5119732618331909,0.6053555011749268,-0.0883490070700645,0.9999716281890868,0.5783782601356506,0.6038498282432556,-0.0807774290442466,0.9999149441719056,0.5049042701721191,0.5054812431335449,-0.0323549658060073,0.9857022166252136,0.5843157172203064,0.5049797892570496,-0.0320745073258876,0.9533857703208924,0.4998889863491058,0.4244193434715271,-0.0902186557650566,0.9664852619171144,0.5911500453948975,0.4188899993896484,-0.0903420448303222,0.8998990654945374,0.4967104196548462,0.396644115447998,-0.1082121878862381,0.9305734634399414,0.5952408909797668,0.3906203806400299,-0.1093818247318267,0.831911027431488,0.5019286274909973,0.3962680399417877,-0.1366314589977264,0.936584174633026,0.5919151306152344,0.3895098268985748,-0.1380576342344284,0.842790961265564,0.504662275314331,0.4048176109790802,-0.102377749979496,0.9238272309303284,0.5891392827033997,0.3982547521591186,-0.1029900014400482,0.8314441442489624,0.5277224779129028,0.4300869405269623,-0.0023255918640643,0.9995403289794922,0.5690431594848633,0.432724267244339,0.0022468112874776,0.999400556087494,0.5261308550834656,0.2714487314224243,-0.0327270962297916,0.9597205519676208,0.5726131796836853,0.2785244584083557,-0.0218164417892694,0.9459621906280518,0.5313911437988281,0.1243577450513839,0.0531896539032459,0.9599846601486206,0.5726726055145264,0.1278814673423767,0.0621010772883892,0.9222737550735474,0.5341785550117493,0.1037769392132759,0.0547944046556949,0.5370413064956665,0.5705190300941467,0.1071852371096611,0.0640319883823394,0.5064557790756226,0.5349092483520508,0.0747046172618866,-0.0595784708857536,0.9337944984436036,0.5745437741279602,0.0782710909843444,-0.0455629788339138,0.9047963619232178,hoyeon_stand_normal_01,3.162278,3.3839145000000004,6.535534,9.63471,12.165525,13.647541,14.142136,13.7353835,13.647541,12.6592355,11.6109675,10.2434165,9.29694,8.154234500000001,7.343420500000001,7.259227,7.1410855,8.246211,11.09017,13.8819345,16.582137000000003,19.887146,22.4697265,23.821239,23.811725000000003,22.4164425,5.743903,8.7147765,10.5399175,12.2857795,13.9379145,15.0,14.3174375,13.435016,12.405484,10.700238,8.5731645,6.3638395,4.1828735,2.236068,1.825141,3.605551,5.2420925,8.3951075,10.4841845,12.2261815,14.6625215,15.537863000000002,15.983441,15.326238,13.673034,10.462888,16.03122,16.278821,15.524175,15.231546,13.892444,14.866069,14.866069,15.811388,16.643317,17.492856,17.492856,18.35756,18.027756,18.027756,16.643317,15.811388,13.601471,10.816654,7.615773,5.09902,6.403124,11.401754,15.297059,19.646883,21.84033,24.698178,18.248288,19.0,20.223748,18.681542,15.231546,12.206556,7.071068,3.162278,3.0,5.830952,9.219544,12.806248,14.764823,15.652476,17.088007,17.720045,17.720045,17.464249,16.492423,15.524175,13.601471,12.529964,10.630146,10.29563,12.369317,14.035669,14.317821,15.811388,17.088007,18.027756,18.027756,16.552945,16.124515,13.892444,12.206556,10.816654,8.602325,7.211103,5.09902,4.123106,5.656854,8.602325,11.661904,13.892444,17.492856,20.248457,21.633308,22.203603,22.022716,20.615528,19.104973,15.556349,12.206556,14.422205,15.811388,15.811388,15.264338,13.892444,12.529964,10.816654,8.485281,7.211103,6.324555,6.0,7.071068,7.28011,8.544004,9.848858,9.848858,10.77033,11.7047,11.7047,11.7047,10.77033,10.29563,10.816654,11.313708,10.816654
hoyeon_stand_normal_01,384,128,12.800699453551912,29.998360745314464,10,0.5494199395179749,0.6830914616584778,-0.2507050335407257,0.999987781047821,0.5440377593040466,0.693818211555481,-0.2401104569435119,0.9999627470970154,0.5409949421882629,0.6932042837142944,-0.2401182353496551,0.9999658465385436,0.5385643243789673,0.6923487782478333,-0.2401448190212249,0.9999688863754272,0.5518468618392944,0.6945632100105286,-0.2393272668123245,0.9999501705169678,0.5540428161621094,0.6948531270027161,-0.239352747797966,0.999948799610138,0.5562928915023804,0.6948029398918152,-0.2393653243780136,0.9999473690986632,0.5332474112510681,0.6826859712600708,-0.1590989083051681,0.999948501586914,0.5582348704338074,0.6868428587913513,-0.1556584686040878,0.999886691570282,0.543806254863739,0.6692888736724854,-0.219209223985672,0.9999849200248718,0.5545341968536377,0.6710168719291687,-0.2183053642511367,0.9999745488166808,0.5119634866714478,0.6053309440612793,-0.0907070562243461,0.9999712109565736,0.5783473253250122,0.6038402915000916,-0.0829034298658371,0.9999139308929444,0.504915714263916,0.5054690837860107,-0.0348963066935539,0.9856066703796388,0.5843026638031006,0.504969596862793,-0.0344495512545108,0.953291654586792,0.4999215304851532,0.424382597208023,-0.0925428494811058,0.966084599494934,0.5911033153533936,0.4188874959945678,-0.0921688750386238,0.8992137908935547,0.4967533946037292,0.3966083526611328,-0.1105109974741935,0.9298582077026368,0.5952093005180359,0.3906152546405792,-0.111135333776474,0.8307467103004456,0.5019729733467102,0.396249383687973,-0.1388416141271591,0.935908019542694,0.5918524265289307,0.3894973397254944,-0.1396610140800476,0.8416505455970764,0.5046943426132202,0.4047966301441192,-0.1046685427427291,0.9230910539627076,0.5890681743621826,0.398221492767334,-0.1047546789050102,0.8303605914115906,0.5277233123779297,0.4302097260951996,-0.0024694567546248,0.999534010887146,0.569016695022583,0.432854026556015,0.0023899774532765,0.9993927478790284,0.5261561870574951,0.2716313600540161,-0.033691544085741,0.9588934183120728,0.5726136565208435,0.2789753973484039,-0.0217810776084661,0.9445977210998536,0.5313612818717957,0.1244601756334304,0.0509594604372978,0.9589011073112488,0.5726724863052368,0.1281053274869918,0.0615124702453613,0.9202061295509338,0.5341446399688721,0.103879876434803,0.0524654351174831,0.5311521887779236,0.5705201029777527,0.1076321527361869,0.0633554011583328,0.5024248361587524,0.5349241495132446,0.0747744664549827,-0.0615350492298603,0.9319636225700378,0.5746482610702515,0.0787010043859481,-0.0459660738706588,0.9024405479431152,hoyeon_stand_normal_01,5.0,7.28011,11.661904,15.264338,17.492856,19.723083,20.59126,19.723083,18.867962,17.492856,15.811388,14.21267,12.727922,10.816654,9.486833,9.055385,10.440307,12.206556,14.866069,18.601075,22.472205,27.294688,30.016662,31.38471,31.064449,29.206164,8.062258,10.049876,14.035669,16.0,19.026298,19.104973,18.439089,17.720045,15.811388,13.928388,10.77033,7.615773,4.123106,2.236068,3.0,6.324555,8.944272,12.083046,14.866069,18.027756,19.924859,21.587033,21.377558,20.099751,18.027756,13.038405,15.231546,15.652476,15.264338,14.21267,14.21267,13.892444,14.317821,14.56022,15.524175,16.278821,16.492423,16.492423,16.492423,16.492423,15.811388,14.866069,12.649111,10.440307,7.071068,4.472136,5.09902,8.062258,13.152946,16.124515,20.024984,22.0,17.0,18.027756,16.492423,16.03122,13.038405,10.440307,5.830952,3.162278,3.162278,6.082763,9.848858,11.661904,13.601471,14.866069,15.556349,16.278821,16.401219,15.811388,15.811388,14.21267,12.727922,11.401754,10.77033,11.18034,12.041595,13.341664,16.643317,14.764823,12.206556,9.899495,8.062258,8.246211,10.0,11.045361,14.142136,15.033296,17.0,18.027756,20.223748,20.880613,21.18962,20.615528,20.59126,18.867962,15.811388,12.529964,9.486833,7.071068,7.071068,11.18034,13.928388,16.763055,6.708204,5.656854,5.385165,6.082763,8.544004,11.18034,13.416408,15.231546,16.155494,15.811388,16.763055,15.524175,13.341664,12.165525,11.18034,10.440307,9.486833,9.848858,10.29563,11.401754,12.806248,14.21267,17.029386,17.804494,19.416488,19.416488
hoyeon_stand_normal_01,387,129,12.900704918032789,29.998360745314464,10,0.5493949055671692,0.6830913424491882,-0.2539822459220886,0.999987781047821,0.5440137982368469,0.6938155889511108,-0.2432037442922592,0.9999628067016602,0.5409720540046692,0.6932013630867004,-0.2432116568088531,0.9999659061431884,0.5385456681251526,0.6923457384109497,-0.2432388365268707,0.9999690055847168,0.5518238544464111,0.6945633292198181,-0.2427099496126175,0.9999501705169678,0.5540225505828857,0.6948529481887817,-0.2427348643541336,0.999948799610138,0.5562760233879089,0.6948017477989197,-0.2427461147308349,0.9999473094940186,0.5332368612289429,0.6826807260513306,-0.1612659096717834,0.9999486207962036,0.5582292675971985,0.6868411302566528,-0.1591006219387054,0.999886691570282,0.5437889695167542,0.6692847013473511,-0.2221309691667556,0.9999849200248718,0.5545129776000977,0.6710143685340881,-0.2216107249259948,0.9999744296073914,0.5119604468345642,0.6053191423416138,-0.0920618548989296,0.9999712109565736,0.578339695930481,0.6038392186164856,-0.0854100361466407,0.9999130964279176,0.5049235224723816,0.5054740905761719,-0.0350465588271617,0.9855810403823853,0.5843093991279602,0.5050370097160339,-0.0364756919443607,0.9530934691429138,0.4999685287475586,0.4243804812431335,-0.0922747403383255,0.9659680724143982,0.5911027789115906,0.418974906206131,-0.0936894789338111,0.8981086015701294,0.4968850314617157,0.3966080844402313,-0.1101560071110725,0.9296185970306396,0.5951976776123047,0.3906875848770141,-0.1124984472990036,0.8289974927902222,0.5020261406898499,0.396251767873764,-0.1385850757360458,0.935691237449646,0.5918386578559875,0.3895604610443115,-0.1413191258907318,0.8399752974510193,0.5047149062156677,0.4047942161560058,-0.1044317111372947,0.9228322505950928,0.5890562534332275,0.3982722759246826,-0.1063864901661872,0.8287236094474792,0.5277222394943237,0.4303379654884338,-0.0024771182797849,0.999533712863922,0.5690019130706787,0.4330136477947235,0.0023975193034857,0.9993917346000672,0.526150643825531,0.2719105184078216,-0.0330882035195827,0.958696186542511,0.5726022720336914,0.2793254256248474,-0.0210797153413295,0.9441893696784972,0.5313207507133484,0.1246362328529357,0.0504851751029491,0.9589142203330994,0.5726713538169861,0.1283056288957595,0.0614699907600879,0.9199592471122742,0.5341437458992004,0.1039300560951232,0.0517616868019104,0.53080815076828,0.5705187916755676,0.1076331734657287,0.0632424280047416,0.5022050142288208,0.5349516272544861,0.0749249458312988,-0.0625251233577728,0.9319244623184204,0.5746843218803406,0.0789103731513023,-0.0460268035531044,0.9022449254989624,hoyeon_stand_normal_01,26.248809,26.400758,24.186773,20.808652,16.401219,12.206556,8.944272,6.0,5.830952,7.81025,9.433981,11.18034,13.416408,15.231546,17.464249,18.788294,21.023796,22.36068,21.470911,21.470911,19.235384,17.0,14.317821,11.18034,11.401754,13.038405,13.892444,13.0,11.7047,9.486833,7.615773,5.656854,6.324555,7.0,9.055385,11.18034,12.041595,14.035669,14.0,14.035669,14.035669,14.142136,12.165525,11.401754,9.219544,7.071068,4.472136,5.385165,9.0,14.0,19.026298,23.194827,14.317821,14.866069,14.56022,14.142136,14.0,14.142136,14.56022,15.231546,16.552945,17.0,17.888544,17.888544,17.464249,17.464249,16.155494,14.866069,13.0,10.77033,7.211103,4.472136,5.09902,9.219544,12.727922,16.970563,19.849433,21.400935,15.620499,16.278821,17.204651,15.652476,13.601471,11.045361,7.071068,5.0,3.162278,5.830952,8.246211,10.049876,12.041595,13.152946,14.317821,14.56022,14.866069,14.866069,13.928388,12.649111,11.401754,10.049876,9.055385,8.944272,10.630146,12.206556,14.21267,14.866069,15.620499,16.278821,16.401219,15.811388,14.422205,12.529964,11.18034,9.848858,8.062258,5.830952,5.0,5.09902,6.324555,8.944272,12.083046,14.317821,17.464249,19.697716,21.540659,22.135944,21.84033,20.615528,18.439089,15.297059,11.18034,13.152946,14.142136,14.142136,14.035669,13.038405,12.041595,10.049876,8.246211,6.324555,5.656854,5.0,5.385165,6.082763,7.071068,8.0,8.0,9.0,9.055385,9.055385,9.219544,10.049876,9.0,9.219544,10.440307,11.18034
hoyeon_stand_normal_01,390,130,13.00071038251366,29.998360745314464,10,0.5493379831314087,0.6831082105636597,-0.2528493702411651,0.9999879002571106,0.5439742207527161,0.6938188076019287,-0.2418721467256546,0.9999631643295288,0.5409319400787354,0.6931992173194885,-0.2418804317712783,0.9999662637710572,0.538517415523529,0.6923425793647766,-0.2419068962335586,0.9999693632125854,0.5517997145652771,0.694575846195221,-0.2415766566991806,0.9999505877494812,0.554006040096283,0.6948652863502502,-0.2415995746850967,0.9999492168426514,0.556268572807312,0.6948140263557434,-0.2416071891784668,0.9999476075172424,0.5332313179969788,0.6826757788658142,-0.1594862341880798,0.9999491572380066,0.5582239031791687,0.6868475675582886,-0.1583262532949447,0.999887466430664,0.5437408089637756,0.6692889928817749,-0.2208938598632812,0.9999850392341614,0.5544847249984741,0.6710237860679626,-0.2206440865993499,0.9999745488166808,0.511961817741394,0.6053053736686707,-0.0909905359148979,0.9999714493751526,0.5783342719078064,0.6038450002670288,-0.0849288031458854,0.9999122619628906,0.504925012588501,0.5054792165756226,-0.0346586033701896,0.9855740666389464,0.5843281149864197,0.5050743818283081,-0.0363798588514328,0.9526552557945251,0.499980479478836,0.4243625104427337,-0.0917762294411659,0.9660425186157228,0.5911060571670532,0.4190157055854797,-0.0933098271489143,0.8968660235404968,0.4969168305397033,0.3965984284877777,-0.1097462251782417,0.9297528266906738,0.5951963067054749,0.3907102346420288,-0.1120974570512771,0.8272456526756287,0.5020318627357483,0.3962125480175018,-0.1380368918180465,0.9358223080635072,0.5918382406234741,0.3895854949951172,-0.1409837156534195,0.8383291959762573,0.5047157406806946,0.4047512412071228,-0.1039030402898788,0.9229751825332642,0.5890569090843201,0.3982883989810943,-0.1060506552457809,0.8271963000297546,0.5277198553085327,0.4303421080112457,-0.0024734756443649,0.9995368719100952,0.5689688920974731,0.4330140650272369,0.0023939930833876,0.9993929862976074,0.5261666178703308,0.2720851898193359,-0.03159811347723,0.9586615562438964,0.5725129842758179,0.2794414758682251,-0.0205919258296489,0.9437901377677916,0.5313026309013367,0.125007763504982,0.0506773516535759,0.9591512680053712,0.5726245045661926,0.1284944862127304,0.0617807395756244,0.9199916124343872,0.5341454148292542,0.1040939465165138,0.0518409721553325,0.5322484374046326,0.570494532585144,0.1077174320816993,0.0634994432330131,0.5025478601455688,0.5350416302680969,0.0751018449664115,-0.0622863844037056,0.9323034882545472,0.574680507183075,0.0791313797235488,-0.0453750863671302,0.9024654030799866,hoyeon_stand_normal_01,4.242641,5.09902,8.944272,10.29563,12.529964,14.317821,14.317821,14.317821,14.317821,12.529964,11.661904,10.29563,9.219544,8.485281,7.211103,7.071068,7.071068,8.544004,10.816654,13.453624,16.278821,19.79899,21.213203,21.931712,22.671568,20.808652,5.385165,7.28011,9.486833,10.440307,12.369317,12.165525,12.041595,12.0,11.0,9.0,7.0,5.0,3.0,2.236068,2.0,3.605551,5.830952,8.062258,10.29563,12.083046,14.317821,14.866069,15.524175,14.317821,13.341664,10.198039,14.866069,15.0,13.892444,13.416408,13.601471,13.152946,14.0,15.033296,16.124515,16.278821,17.262677,17.262677,17.262677,17.117243,16.03122,15.033296,13.038405,10.049876,7.071068,4.242641,5.09902,8.944272,13.038405,16.124515,20.124612,21.540659,15.811388,17.691806,17.029386,16.643317,14.317821,10.440307,7.0,2.236068,2.236068,6.082763,9.0,11.045361,13.341664,14.56022,16.155494,16.155494,16.552945,16.124515,16.124515,14.764823,13.0,12.369317,11.045361,10.198039,12.083046,12.206556,13.928388,15.231546,16.155494,16.155494,17.088007,15.811388,15.524175,13.152946,12.165525,10.049876,8.062258,6.082763,4.472136,4.242641,5.09902,8.062258,10.198039,13.341664,16.492423,18.248288,20.223748,21.095023,21.023796,19.0,17.029386,14.035669,12.0,14.035669,15.033296,15.132746,15.132746,14.142136,13.038405,11.0,9.055385,7.28011,6.708204,6.403124,6.403124,7.211103,8.062258,9.848858,9.848858,9.848858,11.18034,11.18034,11.18034,10.77033,10.440307,10.198039,10.0,11.18034
hoyeon_stand_normal_01,393,131,13.100715846994536,29.998360745314464,10,0.5492321252822876,0.6831161379814148,-0.2463805228471756,0.9999880790710448,0.5439263582229614,0.6938198804855347,-0.2351649105548858,0.9999638199806212,0.5408861041069031,0.6931970119476318,-0.2351743429899215,0.9999668598175048,0.5384891629219055,0.6923399567604065,-0.2351997047662735,0.9999698996543884,0.5517575740814209,0.6945858597755432,-0.2350259125232696,0.999951422214508,0.5539766550064087,0.6948777437210083,-0.2350466549396515,0.9999500513076782,0.5562514662742615,0.6948367357254028,-0.2350482046604156,0.9999484419822692,0.5332257747650146,0.6826786398887634,-0.1527275145053863,0.9999499917030334,0.5582329630851746,0.6868833899497986,-0.1523309648036956,0.999889612197876,0.5436740517616272,0.6692867875099182,-0.2145047783851623,0.9999852776527404,0.5544242262840271,0.6710256934165955,-0.2144585400819778,0.9999749660491944,0.5119741559028625,0.6052937507629395,-0.0853787288069725,0.9999718070030212,0.5783458948135376,0.6038402318954468,-0.0808978304266929,0.9999123215675354,0.5049341320991516,0.5055347681045532,-0.0312516652047634,0.9855680465698242,0.5843806862831116,0.5050687789916992,-0.0338115319609642,0.9529988765716552,0.4999864995479584,0.4243600368499756,-0.0899516344070434,0.9662818312644958,0.5911197662353516,0.4189982712268829,-0.090875819325447,0.8970465660095215,0.4969189465045929,0.3965969979763031,-0.1084278523921966,0.9301823377609252,0.5952165722846985,0.3906855583190918,-0.1099680885672569,0.8273575901985168,0.5020313858985901,0.396208107471466,-0.1364548057317733,0.936222493648529,0.5918562412261963,0.3895649015903473,-0.1385634839534759,0.8384475708007812,0.5047159790992737,0.4047484099864959,-0.1021171063184738,0.9234526753425598,0.5890696048736572,0.3982390463352203,-0.1035537496209144,0.827477216720581,0.5277186036109924,0.4303446114063263,-0.0023684271145612,0.9995418190956116,0.5689134001731873,0.4330157041549682,0.0022915734443813,0.9993975758552552,0.526167631149292,0.2721239626407623,-0.0314770005643367,0.9587510824203492,0.5725048780441284,0.2794557511806488,-0.0208967011421918,0.9436901211738586,0.5312982201576233,0.1254647076129913,0.050732348114252,0.95919668674469,0.5727415084838867,0.1287509351968765,0.0610479190945625,0.919934332370758,0.5341731309890747,0.1046767085790634,0.0519212298095226,0.5334612131118774,0.570665180683136,0.1079799681901931,0.0627021491527557,0.5014464259147644,0.5350275039672852,0.0753640905022621,-0.0618445724248886,0.9324141144752502,0.5747339725494385,0.0794988647103309,-0.0458068251609802,0.9023116827011108,hoyeon_stand_normal_01,26.172505,25.0,23.086793,19.235384,15.297059,11.18034,8.062258,5.830952,6.708204,8.246211,11.18034,13.152946,14.142136,16.124515,18.11077,19.235384,20.223748,21.213203,21.377558,21.377558,20.396078,17.262677,15.033296,12.165525,12.529964,14.142136,13.0,12.529964,11.661904,9.433981,8.062258,6.082763,5.09902,7.211103,8.485281,9.899495,10.630146,12.806248,12.806248,13.038405,12.529964,12.083046,10.77033,10.440307,8.544004,5.830952,4.472136,6.082763,10.29563,14.764823,18.788294,23.4094,14.6755585,14.516648,14.071068,13.7419,13.125291,12.816544,12.5302265,11.512265,11.4021715,11.014693,10.576246,10.095832,11.402247,11.9564275,12.6727455,13.484519,13.7993125,13.7898545,12.919003,12.3602965,12.543832,14.417023,15.893258,16.378597,16.646047,16.8037455,8.9308615,10.2462115,10.993223,11.625052,12.104001,11.46895,10.5130125,8.9330345,8.28011,9.586308,10.383925,10.172753,10.531129,10.0055755,9.2204635,9.2574445,9.1802915,9.818385500000002,10.432124,11.0489635,12.166643,11.7424,12.7490805,12.930846,13.314021,13.8036105,14.0,15.033296,16.03122,17.029386,17.0,16.03122,15.033296,13.152946,11.18034,9.219544,8.062258,6.0,4.123106,4.242641,5.385165,9.219544,11.18034,14.317821,17.262677,19.416488,20.615528,21.84033,21.18962,20.248457,17.464249,15.231546,11.18034,12.529964,12.529964,13.892444,13.038405,13.038405,11.661904,8.944272,7.615773,6.082763,5.09902,5.385165,6.403124,7.071068,7.071068,7.81025,8.485281,9.219544,9.899495,9.219544,9.899495,9.219544,8.602325,8.944272,10.440307,11.18034
hoyeon_stand_normal_01,396,132,13.200721311475409,29.998360745314464,10,0.5491960048675537,0.6831484436988831,-0.2445947676897049,0.9999881386756896,0.543921172618866,0.6938272714614868,-0.2333855628967285,0.9999639987945556,0.5408825278282166,0.6931987404823303,-0.2333951443433761,0.9999670386314392,0.5384834408760071,0.6923386454582214,-0.2334214001893997,0.9999701380729676,0.5517403483390808,0.694621741771698,-0.2332913875579834,0.999951720237732,0.5539637207984924,0.6949267983436584,-0.2333114296197891,0.999950349330902,0.5562444925308228,0.6949160695075989,-0.2333114743232727,0.9999487400054932,0.5332877039909363,0.6826874613761902,-0.1510556787252426,0.9999502897262572,0.5582495927810669,0.6869959235191345,-0.1508242189884185,0.9998904466629028,0.5436717867851257,0.6692938208580017,-0.2127313613891601,0.9999853372573853,0.554420530796051,0.6710612177848816,-0.21274134516716,0.999975085258484,0.51216059923172,0.6055479645729065,-0.0846255049109458,0.9999722242355348,0.57841557264328,0.603829562664032,-0.0789650455117225,0.9999117851257324,0.5049667954444885,0.5059255957603455,-0.0312519818544387,0.9855781197547911,0.5844324231147766,0.5049294233322144,-0.0323020927608013,0.952917754650116,0.4999955892562866,0.4243980050086975,-0.0900902226567268,0.9664486050605774,0.5911106467247009,0.4188517034053802,-0.088684357702732,0.8962978720664978,0.4969190657138824,0.3966444432735443,-0.1086712628602981,0.9304805994033812,0.5951767563819885,0.3904623091220855,-0.1078058704733848,0.8261349201202393,0.502025842666626,0.396223247051239,-0.1366603672504425,0.9365060925483704,0.5918047428131104,0.3893616497516632,-0.1361935883760452,0.8373066782951355,0.5047165751457214,0.4047552049160003,-0.1022618487477302,0.9237850904464722,0.5890458822250366,0.3979921638965606,-0.1013091653585434,0.8264575004577637,0.5277132391929626,0.4306946396827698,-0.0024429487530142,0.999546229839325,0.5688530206680298,0.433148443698883,0.0023679735604673,0.9994015693664552,0.5262723565101624,0.2723859846591949,-0.0312876030802726,0.958959937095642,0.5724491477012634,0.2798986434936523,-0.0206882394850254,0.9435462355613708,0.5312802791595459,0.1262440234422683,0.0500084906816482,0.9594131708145142,0.5730124711990356,0.1292685121297836,0.0605193153023719,0.9201648235321044,0.5341469645500183,0.1055255681276321,0.0510794594883918,0.5337145328521729,0.5709384679794312,0.1083573698997497,0.0620148368179798,0.501352846622467,0.5351136326789856,0.0756692141294479,-0.0623275898396968,0.9327565431594848,0.574995219707489,0.080044150352478,-0.0460553392767906,0.902507185935974,hoyeon_stand_normal_01,5.0,6.082763,9.219544,11.401754,13.601471,14.56022,14.56022,14.317821,13.341664,12.369317,11.401754,9.486833,8.944272,7.81025,7.071068,6.708204,7.071068,9.055385,10.77033,13.416408,16.124515,19.235384,21.470911,22.36068,22.847319,21.18962,6.403124,7.81025,10.0,11.401754,13.038405,13.416408,13.0,12.083046,10.77033,9.486833,7.615773,6.324555,5.0,3.605551,4.0,5.385165,6.708204,9.433981,11.18034,13.416408,14.317821,16.155494,15.811388,15.524175,13.341664,11.18034,13.928388,14.56022,13.341664,13.038405,13.038405,13.341664,13.928388,14.317821,16.124515,16.124515,17.0,17.492856,17.888544,17.0,16.552945,15.231546,13.0,10.77033,8.062258,5.0,5.09902,7.81025,12.727922,16.278821,19.104973,22.022716,16.124515,16.763055,17.464249,16.643317,14.21267,10.630146,7.211103,3.0,2.0,5.0,8.062258,10.440307,12.165525,14.142136,15.033296,16.0,16.03122,16.124515,15.132746,15.033296,14.035669,12.041595,11.401754,10.29563,11.313708,12.206556,17.204651,14.422205,13.038405,9.899495,8.602325,8.246211,9.0,11.045361,12.165525,14.035669,16.0,17.029386,18.248288,19.646883,20.248457,19.697716,19.723083,18.027756,15.811388,11.661904,8.944272,6.0,5.656854,8.944272,12.649111,14.866069,8.602325,6.708204,7.071068,8.246211,9.848858,11.661904,13.601471,15.811388,16.124515,16.124515,16.552945,15.231546,13.928388,13.0,11.7047,10.77033,10.77033,10.29563,10.816654,11.401754,12.727922,14.866069,16.278821,17.691806,19.209373,19.209373
hoyeon_stand_normal_01,399,133,13.300726775956283,29.998360745314464,10,0.5491951704025269,0.683245062828064,-0.2437250465154647,0.9999881386756896,0.5439494252204895,0.6938630938529968,-0.2324822545051574,0.9999638199806212,0.5409402251243591,0.6932297945022583,-0.2324917316436767,0.9999669194221495,0.5385035276412964,0.6923565864562988,-0.232517585158348,0.999970018863678,0.5517396926879883,0.6946866512298584,-0.2323326170444488,0.9999516010284424,0.553961992263794,0.6950024366378784,-0.2323530465364456,0.9999502301216124,0.5562490820884705,0.6950047016143799,-0.2323544025421142,0.9999485611915588,0.5334426164627075,0.6827412843704224,-0.1503282636404037,0.9999500513076782,0.5583081841468811,0.6870998740196228,-0.1498370617628097,0.9998899102211,0.543690025806427,0.6693815588951111,-0.2119693458080291,0.9999852180480956,0.5544288754463196,0.6711909174919128,-0.2119059860706329,0.9999749064445496,0.5124553442001343,0.6057785749435425,-0.0847966447472572,0.9999724626541138,0.5785477757453918,0.6038411259651184,-0.0778636634349823,0.999910831451416,0.5050051808357239,0.5060517191886902,-0.0320666469633579,0.9855868220329284,0.5845276713371277,0.504926860332489,-0.0315866880118846,0.9526495337486268,0.4999963045120239,0.4244627058506012,-0.0910039842128753,0.96657532453537,0.5910970568656921,0.4188440442085266,-0.0877621471881866,0.8953600525856018,0.4969102442264557,0.3966827392578125,-0.1096439883112907,0.930719554424286,0.5951022505760193,0.3903229832649231,-0.1067862063646316,0.8246514201164246,0.5020156502723694,0.3962462246417999,-0.1375919729471206,0.9367376565933228,0.5917526483535767,0.3892702460289001,-0.1351877599954605,0.8359148502349854,0.5047128796577454,0.4047832787036896,-0.1031681224703788,0.9240497350692748,0.589025616645813,0.3979118466377258,-0.1003992408514022,0.8251897692680359,0.5276363492012024,0.4307696521282196,-0.002853040350601,0.9995476603507996,0.5687640309333801,0.4331480264663696,0.0027829841710627,0.9994033575057985,0.5262827277183533,0.2725555896759033,-0.0306962113827466,0.9590224027633668,0.5724305510520935,0.2803548872470855,-0.0194673538208007,0.9431930780410768,0.5312022566795349,0.1270484924316406,0.0497360303997993,0.9595137238502502,0.5731435418128967,0.1296159476041793,0.0606432817876338,0.9202878475189208,0.5340560078620911,0.1067441254854202,0.050728216767311,0.534132182598114,0.5710242390632629,0.108692429959774,0.0620718523859977,0.5021665096282959,0.5351155400276184,0.077363520860672,-0.0624595433473587,0.932989776134491,0.5753268003463745,0.0806494876742363,-0.0454651787877082,0.9026397466659546,hoyeon_stand_normal_01,5.09902,6.403124,8.944272,11.18034,13.416408,14.317821,14.317821,13.892444,13.416408,12.529964,11.18034,9.848858,8.246211,8.062258,7.071068,7.615773,7.81025,8.602325,11.18034,13.928388,15.524175,18.681542,20.880613,22.135944,22.472205,21.023796,5.0,7.0,9.055385,11.18034,11.18034,12.369317,11.7047,11.7047,9.848858,8.944272,6.708204,5.385165,4.123106,3.162278,3.605551,4.472136,6.082763,9.055385,11.18034,12.369317,14.56022,15.231546,15.231546,14.764823,12.529964,10.29563,14.422205,14.764823,14.317821,13.601471,14.142136,14.0,14.035669,15.297059,15.524175,16.763055,16.763055,17.720045,17.720045,17.720045,17.720045,16.278821,15.297059,12.369317,9.219544,6.708204,4.472136,6.324555,10.816654,14.422205,18.027756,20.59126,15.231546,15.811388,16.278821,14.866069,13.038405,10.77033,7.0,3.605551,3.162278,5.0,8.544004,10.198039,12.041595,13.0,14.142136,16.124515,15.297059,15.524175,14.56022,14.56022,13.341664,12.041595,11.045361,10.77033,10.816654,12.727922,14.8662225,15.1485295,13.994908,12.7346785,12.440573,11.734197,12.030764,12.255474,12.2090625,11.4641635,11.882024,11.3001005,11.289383,11.5058555,12.7591425,14.5504045,15.365098,16.084946000000002,16.1174505,15.3834385,14.5504045,13.39305,13.5666035,15.023317,15.47324,15.0856325,10.383925,10.606602,11.3742595,11.597502,12.591311,13.647541,13.241673,13.23843,12.754444,11.912723499999998,11.3870485,10.931086,10.1925825,10.0413815,9.535534,10.031129,9.5538095,10.1178625,10.1178625,10.3800425,11.4918865,12.115773,12.6054395,13.62365,14.4345655,14.340771
hoyeon_stand_normal_01,402,134,13.400732240437158,29.998360745314464,10,0.5492388606071472,0.6835819482803345,-0.2417313456535339,0.9999879598617554,0.5440384745597839,0.6940769553184509,-0.2304603606462478,0.9999631643295288,0.5410541892051697,0.6934780478477478,-0.2304701060056686,0.9999664425849916,0.5385521650314331,0.6925975680351257,-0.2304954975843429,0.9999696016311646,0.5518192648887634,0.6948556303977966,-0.2302232831716537,0.999950647354126,0.5540574193000793,0.6951392889022827,-0.2302428930997848,0.999949276447296,0.556380569934845,0.6951119899749756,-0.2302468568086624,0.999947428703308,0.5336064696311951,0.6830645203590393,-0.1486364156007766,0.999949276447296,0.558462381362915,0.6872121691703796,-0.1477762162685394,0.9998871088027954,0.543714702129364,0.6696904897689819,-0.2101394683122635,0.9999849200248718,0.5544805526733398,0.6714934706687927,-0.2099738866090774,0.9999743103981018,0.5127150416374207,0.6059840321540833,-0.0841797292232513,0.999972641468048,0.5786199569702148,0.6039978861808777,-0.0763587281107902,0.9999085664749146,0.5050307512283325,0.5061585903167725,-0.0320932641625404,0.9856261014938354,0.5845626592636108,0.5049400925636292,-0.0304822102189064,0.9518041014671326,0.4999862015247345,0.4245509803295135,-0.0910141766071319,0.966941237449646,0.5910950899124146,0.4188616573810577,-0.0866407975554466,0.8938428163528442,0.496858537197113,0.3967033326625824,-0.109634131193161,0.9314470291137696,0.5950786471366882,0.3903237879276275,-0.105622611939907,0.8226532936096191,0.5019871592521667,0.3962642848491668,-0.137604758143425,0.9374262690544128,0.5917331576347351,0.3892706930637359,-0.1340782046318054,0.8340378403663635,0.5046945810317993,0.404811829328537,-0.1031762063503265,0.9248288869857788,0.5890167951583862,0.3979131281375885,-0.0993078798055648,0.8234103322029114,0.527530312538147,0.4308496713638305,-0.003005584469065,0.999547839164734,0.5686815977096558,0.4331778585910797,0.0029378498438745,0.9994011521339417,0.5262811183929443,0.2726220488548279,-0.0305548962205648,0.9588740468025208,0.5723597407341003,0.2809256613254547,-0.0192965622991323,0.942467451095581,0.5309551358222961,0.1278285086154937,0.0498022548854351,0.9593490362167358,0.5731415152549744,0.1298609524965286,0.0607839897274971,0.9198099970817566,0.5338346362113953,0.1079924255609512,0.050825797021389,0.5332235097885132,0.571023166179657,0.1090953797101974,0.0622063837945461,0.5013529062271118,0.5350633859634399,0.077951043844223,-0.062424711883068,0.9327722191810608,0.5753515362739563,0.0809266045689582,-0.0450383946299552,0.9020844101905824,hoyeon_stand_normal_01,5.0,5.09902,7.615773,10.29563,12.529964,13.416408,13.416408,13.0,12.083046,9.848858,8.944272,8.062258,7.071068,6.403124,6.324555,6.0,7.28011,8.944272,10.816654,14.21267,16.278821,19.104973,21.260292,21.400935,21.633308,20.248457,7.071068,8.485281,11.313708,12.041595,13.453624,13.601471,13.601471,12.529964,11.661904,10.29563,8.944272,6.708204,5.0,3.605551,4.0,5.385165,5.830952,8.602325,10.816654,12.206556,13.892444,15.652476,15.231546,14.866069,12.649111,9.486833,14.21267,15.0,13.892444,13.416408,12.649111,13.152946,14.035669,14.035669,15.132746,16.124515,16.124515,16.124515,17.029386,16.03122,16.03122,15.0,14.0,11.0,8.062258,5.385165,4.472136,7.071068,11.7047,14.866069,17.720045,20.615528,14.866069,16.124515,17.204651,15.556349,13.601471,10.29563,7.28011,3.0,2.236068,5.385165,7.28011,10.049876,12.041595,14.142136,14.317821,15.524175,15.811388,16.155494,15.231546,15.231546,13.601471,12.369317,11.0,10.198039,11.18034,12.206556,15.811388,13.601471,11.401754,9.219544,7.615773,8.062258,10.049876,11.18034,13.152946,15.132746,16.03122,17.0,18.11077,19.416488,19.924859,19.697716,18.788294,16.643317,14.422205,11.18034,7.28011,5.385165,7.211103,11.401754,14.317821,16.278821,7.211103,6.403124,6.324555,7.071068,8.544004,11.18034,13.416408,14.764823,15.652476,16.552945,15.231546,14.866069,13.601471,12.369317,11.401754,10.440307,8.544004,8.944272,9.433981,10.630146,12.041595,14.142136,16.278821,17.691806,18.439089,18.601075
hoyeon_stand_normal_01,405,135,13.500737704918032,29.998360745314464,10,0.5493401288986206,0.6838011145591736,-0.2425418347120285,0.9999878406524658,0.5442158579826355,0.6942058801651001,-0.2313699722290039,0.9999627470970154,0.541259229183197,0.6936417818069458,-0.2313785552978515,0.9999661445617676,0.5386697053909302,0.6927571892738342,-0.2314034402370453,0.9999693632125854,0.5519732236862183,0.6949505805969238,-0.2310808598995208,0.9999499320983888,0.5542449355125427,0.6952045559883118,-0.231100782752037,0.999948501586914,0.5566087365150452,0.6951442956924438,-0.2311055660247802,0.9999464154243468,0.5338173508644104,0.6832387447357178,-0.1495181620121002,0.9999489188194276,0.5586855411529541,0.6872319579124451,-0.1484135538339615,0.9998846650123596,0.5437965393066406,0.6698994040489197,-0.2108980566263198,0.9999847412109376,0.554602861404419,0.67168128490448,-0.2106639593839645,0.9999738335609436,0.5130571722984314,0.6061094999313354,-0.0844014734029769,0.9999729990959167,0.5786722302436829,0.6042543649673462,-0.0766493156552314,0.9999073147773744,0.5050334334373474,0.5062990784645081,-0.0320187136530876,0.9857816100120544,0.5846332907676697,0.5053663849830627,-0.0303471628576517,0.9511788487434388,0.4999718964099884,0.4246971011161804,-0.0902227163314819,0.967540204524994,0.5911070704460144,0.4191572964191437,-0.0866779834032058,0.8928312659263611,0.4968141615390777,0.3968110680580139,-0.1086181253194809,0.932582437992096,0.5950769782066345,0.3906732201576233,-0.1055539548397064,0.8212847113609314,0.5019727349281311,0.3963335156440735,-0.136740356683731,0.9384819269180298,0.5917319059371948,0.3896020054817199,-0.1342257410287857,0.8327379822731018,0.5046870708465576,0.4048886597156524,-0.10237817466259,0.9259971380233764,0.5890160202980042,0.3982553780078888,-0.0994043499231338,0.8221675753593445,0.5274267196655273,0.4311769902706146,-0.0032497926149517,0.99954754114151,0.5685918927192688,0.4333799183368683,0.0031836109701544,0.999398946762085,0.5262747406959534,0.2728129625320434,-0.0305614043027162,0.958474338054657,0.5722728371620178,0.2818208634853363,-0.019076520577073,0.9413251876831056,0.5308140516281128,0.128410592675209,0.0495987385511398,0.9587843418121338,0.5729781985282898,0.1308177262544632,0.0609670877456665,0.9185526967048644,0.533738911151886,0.108469009399414,0.0506075881421566,0.5294129252433777,0.570817232131958,0.1102916523814201,0.06238903850317,0.4996313452720642,0.5350589156150818,0.0782559067010879,-0.0628709271550178,0.9319069981575012,0.5753535032272339,0.0815138965845108,-0.0448199324309825,0.9008521437644958,hoyeon_stand_normal_01,4.472136,6.324555,9.055385,12.0,14.035669,16.03122,16.03122,15.132746,14.035669,13.038405,11.045361,10.0,9.055385,8.544004,8.602325,7.81025,8.944272,11.401754,13.038405,16.0,20.024984,23.021729,25.0,26.019224,26.07681,24.33105,7.28011,9.486833,11.7047,13.341664,14.317821,15.132746,15.033296,15.0,13.0,12.041595,10.049876,8.0,6.082763,4.472136,3.605551,5.09902,7.0,9.055385,11.045361,14.035669,16.03122,17.0,17.029386,16.278821,14.317821,11.18034,15.0,14.764823,14.317821,14.866069,13.601471,12.369317,11.18034,9.055385,8.0,6.082763,4.472136,3.605551,4.123106,6.082763,7.615773,10.29563,13.038405,15.264338,17.492856,19.235384,19.235384,18.788294,18.384776,16.763055,14.56022,11.18034,3.605551,3.162278,5.656854,7.615773,9.219544,11.045361,13.038405,13.152946,12.369317,11.401754,10.77033,8.544004,6.708204,4.472136,2.236068,1.414214,2.236068,4.472136,6.403124,8.602325,11.401754,12.806248,15.0,15.620499,16.278821,15.556349,15.264338,13.601471,11.401754,8.485281,7.615773,8.0,10.049876,11.401754,13.152946,14.142136,16.03122,18.0,18.11077,19.416488,19.924859,19.697716,19.235384,16.643317,13.601471,10.29563,7.615773,5.385165,7.211103,10.440307,14.317821,16.492423,7.81025,6.403124,6.082763,7.0,8.544004,11.18034,12.529964,14.764823,15.231546,15.652476,15.231546,13.928388,13.928388,12.649111,11.401754,10.440307,9.848858,9.433981,10.816654,11.401754,12.806248,14.142136,15.620499,17.691806,17.804494,18.027756
hoyeon_stand_normal_01,408,136,13.600743169398909,29.998360745314464,10,0.5493953227996826,0.6838858127593994,-0.2371032834053039,0.9999877214431764,0.544328510761261,0.6942504048347473,-0.2259255945682525,0.9999624490737916,0.5413921475410461,0.6936927437782288,-0.2259328961372375,0.9999659061431884,0.538756787776947,0.6928021907806396,-0.2259567230939865,0.9999691843986512,0.5520743131637573,0.6949950456619263,-0.2255497574806213,0.9999493956565856,0.5543708205223083,0.6952377557754517,-0.2255690246820449,0.9999479055404664,0.556765615940094,0.6951600909233093,-0.2255723774433136,0.9999457597732544,0.5339695811271667,0.6832968592643738,-0.1443940997123718,0.9999485611915588,0.5588844418525696,0.6872459650039673,-0.1429951786994934,0.9998829364776612,0.5438581109046936,0.6699840426445007,-0.2056021243333816,0.9999845623970032,0.5546934008598328,0.6717515587806702,-0.2052825391292572,0.9999735355377196,0.5134394764900208,0.6062288880348206,-0.0808142870664596,0.9999734163284302,0.5787129998207092,0.6044090390205383,-0.0724053904414177,0.999906599521637,0.5050373673439026,0.5063871741294861,-0.0305158235132694,0.985933244228363,0.5846865177154541,0.5055974721908569,-0.0276217814534902,0.95102459192276,0.4999467730522156,0.4248033165931701,-0.0894031003117561,0.9682997465133668,0.591189444065094,0.4194464385509491,-0.0847837254405021,0.8932903409004211,0.496683269739151,0.3968860507011413,-0.1081319078803062,0.9340137839317322,0.5951443910598755,0.3910704851150512,-0.1038813814520835,0.822014331817627,0.5019504427909851,0.3963658511638641,-0.1360659748315811,0.939803659915924,0.5917730331420898,0.3899543881416321,-0.1324494779109954,0.833447277545929,0.5046820044517517,0.4049303531646728,-0.1015213429927825,0.9274884462356568,0.5890378952026367,0.3986716866493225,-0.0974861085414886,0.8229036927223206,0.5274147391319275,0.4312018156051636,-0.0033496082760393,0.9995506405830384,0.5685670375823975,0.4333960711956024,0.0032850301358848,0.9994009733200072,0.5262758135795593,0.2730372250080108,-0.0305800326168537,0.9579099416732788,0.5722514986991882,0.2819415330886841,-0.0191196110099554,0.94003427028656,0.5307093858718872,0.1283809840679168,0.049339797347784,0.9580427408218384,0.5728424787521362,0.1310622990131378,0.0609653145074844,0.9170230627059937,0.5336207151412964,0.108452595770359,0.0503738559782505,0.526729941368103,0.5707263350486755,0.1104273572564125,0.0624055154621601,0.4967855513095855,0.534907877445221,0.0783689469099044,-0.0628906115889549,0.9308961629867554,0.57537841796875,0.0818657875061035,-0.0447550266981124,0.8991566300392151,hoyeon_stand_normal_01,15.520632,15.3773575,16.118744999999997,15.448644,14.512595,13.222339,11.4400555,10.0395295,10.252484,10.5192025,10.85589,10.9452265,11.3198895,11.6894785,12.5586215,12.69544,13.5836155,14.659647500000002,16.34285,17.1589105,18.0440035,18.6389215,18.3071705,17.2760095,17.9565475,18.036838,10.474416,11.4032155,11.283678,11.291047,11.067972,10.531129,9.800516,10.134407,10.332756,10.85235,9.6470745,9.415476,8.769757,8.446221999999999,8.3604355,9.493318,10.043179,10.4002705,10.8020975,10.1055515,10.165283,10.741714,13.012004999999998,14.976762,15.9931235,16.419685,18.027756,18.0,17.117243,16.492423,15.811388,14.866069,13.0,11.18034,9.433981,7.071068,5.830952,5.0,5.385165,7.071068,10.0,12.529964,15.652476,19.235384,21.470911,23.323808,24.698178,23.853721,23.021729,21.400935,18.439089,14.142136,3.605551,4.0,6.324555,9.433981,12.727922,13.601471,16.124515,16.552945,15.811388,14.56022,13.341664,11.18034,8.246211,6.082763,3.162278,1.414214,2.828427,5.385165,7.615773,10.77033,13.928388,16.155494,18.027756,19.313208,19.924859,19.646883,15.0,13.038405,11.18034,9.486833,8.602325,9.219544,10.29563,11.661904,13.038405,15.0,17.029386,17.691806,18.439089,18.601075,19.235384,18.788294,18.027756,15.524175,13.601471,9.486833,7.211103,5.385165,7.28011,11.18034,14.764823,17.0,8.544004,7.211103,6.403124,7.615773,9.055385,11.0,13.038405,15.033296,15.033296,16.0,15.033296,15.033296,14.035669,13.152946,12.041595,11.18034,11.045361,11.0,11.045361,12.165525,12.165525,14.317821,15.132746,17.117243,17.117243,18.027756
hoyeon_stand_normal_01,411,137,13.70074863387978,29.998360745314464,10,0.5494310855865479,0.6839348673820496,-0.226887434720993,0.9999876618385316,0.5444034934043884,0.6942765116691589,-0.2155624479055404,0.9999620914459229,0.5414813756942749,0.693718433380127,-0.2155692130327224,0.9999656081199646,0.5388194918632507,0.6928204298019409,-0.2155885845422744,0.9999688267707824,0.5521537661552429,0.6950267553329468,-0.2152673751115799,0.9999488592147828,0.5544697642326355,0.6952634453773499,-0.2152851521968841,0.999947428703308,0.5568951368331909,0.6951732635498047,-0.215286910533905,0.9999452233314514,0.5340934991836548,0.6833122968673706,-0.1338424831628799,0.999948024749756,0.5590870380401611,0.687251091003418,-0.1327654719352722,0.9998814463615416,0.5439110398292542,0.6700170040130615,-0.1953411847352981,0.9999843835830688,0.5547743439674377,0.6717787384986877,-0.1950996071100235,0.9999732971191406,0.5137115120887756,0.6064208149909973,-0.0709123909473419,0.9999738931655884,0.5787885785102844,0.6044783592224121,-0.0637153163552284,0.999906837940216,0.5050397515296936,0.5065600872039795,-0.0211795028299093,0.9859753847122192,0.5846934914588928,0.5057045221328735,-0.0199083294719457,0.9507138133049012,0.4999354481697082,0.4252860248088836,-0.0813092812895774,0.9689016938209534,0.5913006663322449,0.4197912812232971,-0.0793512314558029,0.8943915963172913,0.4966197311878204,0.3972597122192383,-0.1003480181097984,0.9352605938911438,0.5952596068382263,0.3915563225746155,-0.0989306420087814,0.8239330053329468,0.50194251537323,0.3967134058475494,-0.1279697865247726,0.9409576058387756,0.591851532459259,0.3904111683368683,-0.1276325285434723,0.8352963328361511,0.504681408405304,0.4052662551403045,-0.0934332609176635,0.9287748336791992,0.5890971422195435,0.3992205560207367,-0.0921688079833984,0.8247413635253906,0.5273890495300293,0.4310608208179474,-0.0034316438250243,0.999556303024292,0.5685639977455139,0.4331420958042145,0.0033701071515679,0.999406099319458,0.5262899398803711,0.2729960978031158,-0.0304918549954891,0.9582393765449524,0.5722334384918213,0.2816912531852722,-0.0191325210034847,0.9400142431259156,0.5306664705276489,0.1283198893070221,0.0500623770058155,0.9584362506866456,0.572756826877594,0.1310479640960693,0.0619182474911212,0.9176136255264282,0.5336172580718994,0.108432225883007,0.0511965826153755,0.5290306806564331,0.5706337094306946,0.1104249581694603,0.0635716542601585,0.4991186857223511,0.5348390936851501,0.0781612545251846,-0.0614730864763259,0.931613028049469,0.5753342509269714,0.0820342451333999,-0.0428346469998359,0.9000751376152039,hoyeon_stand_normal_01,22.472205,21.84033,20.396078,17.117243,13.038405,10.198039,7.615773,5.656854,6.708204,8.062258,10.049876,12.0,13.0,15.0,17.029386,18.027756,20.024984,21.095023,21.377558,21.377558,20.615528,17.464249,15.132746,12.0,11.7047,13.892444,12.369317,12.041595,11.045361,9.0,7.071068,6.324555,5.0,6.403124,8.062258,8.544004,9.848858,10.29563,11.18034,10.816654,11.401754,10.630146,9.899495,9.219544,7.81025,5.656854,4.123106,5.385165,8.485281,12.727922,16.278821,20.0,15.231546,13.892444,13.601471,13.453624,12.041595,11.401754,10.0,8.062258,7.615773,6.082763,4.0,3.605551,4.472136,6.082763,8.062258,11.0,13.0,16.0,18.0,19.026298,19.026298,19.104973,18.11077,16.278821,14.317821,11.401754,3.0,2.828427,6.324555,8.0,11.045361,12.369317,13.0,13.416408,13.038405,12.206556,10.630146,9.219544,7.071068,5.656854,3.605551,2.0,2.236068,4.0,7.071068,9.219544,11.18034,13.341664,14.317821,16.278821,16.492423,15.811388,15.132746,16.278821,16.278821,17.117243,16.124515,15.033296,14.0,12.0,11.045361,9.0,7.0,6.082763,5.385165,5.656854,7.615773,9.486833,12.369317,14.56022,16.763055,18.973666,20.248457,20.615528,20.124612,18.35756,16.124515,13.038405,11.045361,12.041595,13.038405,14.035669,14.0,12.0,12.0,10.0,9.055385,7.28011,6.708204,6.403124,6.403124,6.708204,6.708204,7.615773,8.944272,9.848858,8.944272,9.848858,9.848858,10.77033,10.440307,11.18034,12.041595,13.0
hoyeon_stand_normal_01,414,138,13.800754098360656,29.998360745314464,10,0.549488365650177,0.6839759349822998,-0.2251419723033905,0.9999876022338868,0.5445111989974976,0.6942996978759766,-0.2139121443033218,0.999961793422699,0.5416093468666077,0.6937482953071594,-0.2139195054769516,0.9999653100967408,0.5389160513877869,0.6928486824035645,-0.2139381766319275,0.9999685287475586,0.5522414445877075,0.6950452923774719,-0.2134907096624374,0.9999485611915588,0.5545699596405029,0.6952755451202393,-0.2135092616081237,0.999947190284729,0.5570087432861328,0.6951761245727539,-0.2135117948055267,0.9999450445175172,0.5342243909835815,0.6833497285842896,-0.1325299441814422,0.9999474883079528,0.5592314004898071,0.6872519850730896,-0.130709558725357,0.9998807311058044,0.5439795851707458,0.6700705885887146,-0.193707525730133,0.9999842643737792,0.5548493266105652,0.6718201637268066,-0.1932601481676101,0.9999731779098512,0.5137914419174194,0.6065759658813477,-0.0690481215715408,0.9999740719795228,0.5788571238517761,0.6044982075691223,-0.0617984719574451,0.999907612800598,0.5050370693206787,0.5067725777626038,-0.0183705780655145,0.9859546422958374,0.5847331285476685,0.5057410597801208,-0.0173939764499664,0.9506547451019288,0.4999302327632904,0.4254929721355438,-0.0775393173098564,0.9691316485404968,0.5915089845657349,0.4200658500194549,-0.0775072947144508,0.895725429058075,0.496524304151535,0.3974692523479461,-0.0962777286767959,0.9358142614364624,0.5954532027244568,0.3918770253658294,-0.0972209349274635,0.8261626958847046,0.5019253492355347,0.3969344198703766,-0.1239354461431503,0.9414592385292052,0.5920144319534302,0.3907026648521423,-0.1260910779237747,0.8374316692352295,0.5046797394752502,0.4054824411869049,-0.0896589085459709,0.9293108582496644,0.589234471321106,0.3996052742004394,-0.0904221683740615,0.8268699049949646,0.5273903012275696,0.4306128323078155,-0.0035608897451311,0.9995599389076232,0.568584680557251,0.4326338171958923,0.0035019933711737,0.9994112253189088,0.5262904167175293,0.2729615569114685,-0.0297494884580373,0.9589868187904358,0.5723630785942078,0.2813299894332886,-0.0189123339951038,0.9409214854240416,0.530636727809906,0.1278097480535507,0.0500504821538925,0.9592534899711608,0.5727461576461792,0.1305138021707534,0.0620168820023536,0.919029414653778,0.5335960984230042,0.1078293323516845,0.0511315576732158,0.5325508117675781,0.5705949068069458,0.1100148409605026,0.0636416375637054,0.5034286379814148,0.5348404049873352,0.0778101980686187,-0.0615955032408237,0.932900369167328,0.5753334164619446,0.082085371017456,-0.0426958799362182,0.9017989039421082,hoyeon_stand_normal_01,6.324555,7.071068,8.944272,10.816654,13.038405,13.601471,13.892444,13.038405,13.038405,11.661904,10.0,9.219544,8.485281,8.602325,7.615773,7.071068,7.071068,8.544004,10.816654,13.453624,15.556349,19.104973,21.213203,22.671568,22.203603,21.095023,6.708204,8.944272,11.18034,12.529964,13.038405,13.601471,13.453624,12.727922,11.313708,9.899495,8.485281,6.403124,4.472136,4.123106,4.123106,5.830952,7.071068,9.219544,11.313708,12.727922,14.142136,15.620499,15.620499,15.0,13.601471,10.816654,14.142136,13.0,13.038405,12.369317,11.7047,11.7047,10.29563,8.602325,7.81025,6.403124,5.385165,4.0,5.385165,7.071068,8.602325,11.18034,13.416408,16.552945,18.788294,20.124612,21.023796,21.470911,20.59126,19.416488,17.204651,14.21267,2.236068,3.162278,5.0,7.211103,9.848858,11.401754,13.152946,14.035669,13.0,13.038405,12.165525,10.198039,8.246211,6.324555,4.123106,2.236068,1.0,2.236068,5.385165,7.615773,8.944272,11.18034,12.529964,14.317821,14.317821,14.866069,13.152946,15.297059,15.132746,16.124515,15.132746,15.033296,14.0,12.0,10.049876,8.062258,7.0,5.09902,4.472136,4.472136,6.324555,9.055385,12.041595,14.035669,17.029386,19.104973,20.223748,21.377558,20.615528,18.681542,16.763055,13.601471,11.401754,12.649111,13.601471,13.928388,13.928388,13.0,11.7047,9.848858,8.544004,7.071068,6.082763,5.385165,5.0,5.656854,6.403124,7.211103,7.211103,8.602325,9.219544,9.219544,9.219544,9.433981,8.944272,9.848858,10.198039,11.045361
hoyeon_stand_normal_01,417,139,13.90075956284153,29.998360745314464,10,0.5495883226394653,0.6839749813079834,-0.2243573665618896,0.9999877214431764,0.5446397662162781,0.6942995190620422,-0.2132321447134018,0.9999619126319884,0.5417732000350952,0.6937477588653564,-0.2132382541894912,0.9999654293060304,0.5390501618385315,0.6928459405899048,-0.2132551521062851,0.9999685883522034,0.5523300170898438,0.6950472593307495,-0.2127322554588318,0.9999489784240724,0.5546616315841675,0.6952750086784363,-0.2127503305673599,0.999947726726532,0.557104766368866,0.6951659321784973,-0.212751880288124,0.9999456405639648,0.5343796014785767,0.6833474636077881,-0.1321596205234527,0.9999473690986632,0.5593187212944031,0.6872313022613525,-0.1299644559621811,0.9998818039894104,0.544144332408905,0.6700721383094788,-0.1930169612169265,0.999984323978424,0.5549792647361755,0.6718218922615051,-0.1924606412649154,0.9999734163284302,0.5139181017875671,0.606673002243042,-0.067773088812828,0.999974250793457,0.5789426565170288,0.6045135259628296,-0.0613195858895778,0.9999096393585204,0.5050383806228638,0.5069122314453125,-0.0154715003445744,0.985980212688446,0.584762692451477,0.505733072757721,-0.0164021477103233,0.951114535331726,0.4999165534973144,0.4255475699901581,-0.073378138244152,0.9693821668624878,0.5916335582733154,0.4201408624649048,-0.0767667442560195,0.8980370163917542,0.496437132358551,0.3975206017494201,-0.0917555466294288,0.936355710029602,0.5955416560173035,0.3919595777988434,-0.0964866578578949,0.829745352268219,0.5018853545188904,0.3969875872135162,-0.1194628253579139,0.9419517517089844,0.5921280980110168,0.3908182382583618,-0.1253741979598999,0.8408194184303284,0.5046671628952026,0.405560702085495,-0.0854909941554069,0.9298667311668396,0.5893519520759583,0.3998156189918518,-0.0896612182259559,0.8302342891693115,0.5274071097373962,0.4303324818611145,-0.0035822014324367,0.9995659589767456,0.568638801574707,0.4323213100433349,0.0035239437129348,0.9994211792945862,0.5262907147407532,0.2730022966861725,-0.0295235980302095,0.9598715901374816,0.5724207162857056,0.2813222110271454,-0.0189322773367166,0.9422706961631776,0.5306333899497986,0.1274147629737854,0.0497630350291729,0.9601597785949708,0.5727811455726624,0.1304298639297485,0.0618691518902778,0.9209104180336,0.5336011648178101,0.1074321269989013,0.0507223233580589,0.5373791456222534,0.5705987811088562,0.1098912134766578,0.0634457543492317,0.5089441537857056,0.5348598957061768,0.0776546522974968,-0.0617858581244945,0.9343491792678832,0.5753649473190308,0.0821650102734565,-0.0427900180220603,0.9039921164512634,hoyeon_stand_normal_01,5.09902,5.830952,7.81025,10.29563,11.661904,13.038405,13.601471,12.806248,12.206556,11.401754,10.0,8.062258,7.615773,7.071068,7.0,6.324555,8.062258,9.219544,10.816654,13.892444,16.552945,19.697716,22.825424,23.323808,23.600847,22.022716,8.062258,9.055385,12.165525,13.152946,14.317821,13.601471,13.928388,13.0,12.083046,10.77033,8.944272,7.615773,6.082763,4.0,4.472136,4.242641,5.830952,8.544004,9.848858,12.083046,14.317821,14.764823,15.264338,15.0,13.601471,10.0,13.8857225,13.7469575,13.601471,13.072165,12.345353,12.371709,12.1656495,11.472136,11.78865,11.551144,11.0569915,11.2072755,11.328427,11.854102,12.609772,13.0393285,14.035669,14.01561,13.5415705,13.366594,13.9016135,15.075204,16.1326715,17.633302,17.7593605,17.800735500000002,9.176301,9.4392315,10.3216585,12.050227,12.176451,11.693448,10.575414,8.952634,7.071068,7.435010999999999,8.8631545,9.244682999999998,9.531129,8.936273499999999,8.3792485,8.398144,9.0141735,9.9825445,10.7989655,12.25793,12.6846585,12.428823,12.6653925,12.176222,12.6865165,10.816654,14.764823,13.038405,11.401754,10.0,8.944272,10.198039,11.045361,13.0,14.0,16.03122,18.248288,18.439089,19.924859,19.697716,20.59126,19.416488,18.439089,16.278821,14.21267,10.0,7.615773,6.082763,8.485281,11.661904,15.264338,18.35756,7.81025,6.403124,6.082763,7.071068,9.486833,11.18034,13.892444,14.764823,16.552945,16.155494,16.552945,15.811388,13.601471,12.369317,11.401754,11.401754,10.440307,10.77033,10.29563,11.661904,13.038405,14.422205,15.811388,17.204651,18.867962,17.492856
hoyeon_stand_normal_01,420,140,14.000765027322403,29.998360745314464,10,0.5497975945472717,0.6839526891708374,-0.2275615036487579,0.9999879002571106,0.5448427796363831,0.6942942142486572,-0.2164897471666336,0.9999622702598572,0.5420053601264954,0.6937440633773804,-0.2164944261312484,0.9999657273292542,0.5392404198646545,0.6928415298461914,-0.2165122181177139,0.9999688863754272,0.5524832606315613,0.6950413584709167,-0.2160525321960449,0.9999496340751648,0.5548197031021118,0.6952588558197021,-0.2160718590021133,0.9999484419822692,0.5572506189346313,0.6951287388801575,-0.2160737216472625,0.9999464750289916,0.534544825553894,0.6833460330963135,-0.135192722082138,0.9999475479125975,0.5593942403793335,0.6871914267539978,-0.1333410739898681,0.999883234500885,0.5444111227989197,0.6700655817985535,-0.19609996676445,0.9999844431877136,0.5551695227622986,0.6718137264251709,-0.1956507563591003,0.999973714351654,0.5140453577041626,0.6066802144050598,-0.0698929578065872,0.9999745488166808,0.5790354013442993,0.6045466065406799,-0.0638656094670295,0.9999118447303772,0.5050817728042603,0.5069565773010254,-0.0164027642458677,0.9860662817955016,0.5848323106765747,0.5057340860366821,-0.0181876346468925,0.951622188091278,0.4999276995658874,0.4255488514900207,-0.0732653513550758,0.9697449207305908,0.5917805433273315,0.4202274680137634,-0.0772942155599594,0.9000608921051025,0.4964061677455902,0.3975174725055694,-0.091358944773674,0.9370012879371644,0.5956870913505554,0.3920071423053741,-0.0968262031674385,0.8327890038490295,0.5018764138221741,0.3969872295856476,-0.1192363649606704,0.9425560235977172,0.592228353023529,0.3908863961696625,-0.1256568431854248,0.8436893820762634,0.504666268825531,0.4055669009685516,-0.0853856652975082,0.9305543303489684,0.5894365310668945,0.3999912142753601,-0.0901099741458892,0.8330032229423523,0.5274961590766907,0.4303305745124817,-0.0033285641111433,0.999574899673462,0.5687397122383118,0.4323029220104217,0.0032670961227267,0.9994344711303712,0.526351809501648,0.2732383608818054,-0.0284283757209777,0.9606162905693054,0.5724576711654663,0.2812586426734924,-0.018942704424262,0.9435887336730956,0.5306566953659058,0.1268081963062286,0.0497328974306583,0.9611603617668152,0.5729554891586304,0.1301905512809753,0.061606153845787,0.9228381514549256,0.5336868166923523,0.1065782681107521,0.0506343506276607,0.5434122681617737,0.5707342624664307,0.1093919873237609,0.063121348619461,0.5136386752128601,0.5348697304725647,0.0775721594691276,-0.0619473494589328,0.9360033869743348,0.5753031373023987,0.0821646600961685,-0.0430126786231994,0.9062859416007996,hoyeon_stand_normal_01,24.515301,24.351591,22.36068,18.867962,15.264338,10.816654,7.615773,6.0,5.830952,7.81025,9.219544,11.401754,12.806248,14.21267,15.620499,17.691806,19.104973,20.518285,19.849433,20.0,18.601075,16.401219,13.453624,10.816654,10.440307,13.038405,14.035669,13.152946,12.165525,11.18034,10.049876,9.0,9.219544,8.544004,10.29563,10.816654,11.661904,12.529964,12.529964,12.083046,12.083046,12.649111,11.401754,11.401754,9.219544,7.615773,5.656854,6.324555,9.0,13.038405,18.11077,21.0,16.763055,18.384776,17.888544,18.027756,17.804494,17.691806,17.804494,18.867962,19.723083,20.59126,20.59126,21.470911,21.095023,21.095023,20.808652,19.416488,17.204651,15.0,11.661904,8.246211,7.615773,10.630146,14.764823,18.788294,22.36068,25.553865,18.384776,20.0,20.124612,18.973666,16.278821,13.0,8.246211,4.472136,2.236068,5.09902,9.055385,11.7047,14.317821,15.264338,17.204651,18.439089,18.384776,19.104973,18.439089,17.804494,16.278821,14.866069,13.038405,12.649111,13.038405,14.035669,16.278821,14.142136,12.041595,11.045361,9.486833,10.29563,11.401754,12.806248,14.21267,15.811388,17.492856,17.888544,18.384776,19.646883,19.235384,20.099751,18.0,17.029386,14.035669,11.0,8.246211,7.071068,8.246211,11.045361,15.0,17.0,8.246211,6.708204,6.403124,7.615773,10.198039,12.041595,14.035669,16.124515,17.117243,16.278821,17.464249,16.492423,14.56022,13.601471,12.649111,11.7047,11.7047,11.401754,11.18034,12.041595,13.038405,15.033296,16.03122,17.029386,18.11077,18.248288
hoyeon_stand_normal_01,423,141,14.100770491803278,29.998360745314464,10,0.5498963594436646,0.683922529220581,-0.228023275732994,0.9999881386756896,0.5449475049972534,0.6942861080169678,-0.2168157696723938,0.9999629855155944,0.5421201586723328,0.6937386393547058,-0.2168257087469101,0.999966323375702,0.5393365621566772,0.6928367614746094,-0.2168456614017486,0.9999694228172302,0.552574872970581,0.6950303316116333,-0.2162533104419708,0.9999505877494812,0.5549145340919495,0.6952365040779114,-0.2162732183933258,0.9999493956565856,0.5573486089706421,0.6950795650482178,-0.2162823677062988,0.9999474883079528,0.534665048122406,0.683347761631012,-0.135940209031105,0.9999484419822692,0.5594907402992249,0.687147855758667,-0.133516252040863,0.9998854398727416,0.5445210337638855,0.6700540781021118,-0.1968351006507873,0.9999846816062928,0.555269181728363,0.6717914938926697,-0.1962504386901855,0.9999741911888124,0.5142692923545837,0.6066827774047852,-0.071372389793396,0.9999750256538392,0.5790879726409912,0.6045493483543396,-0.0648557692766189,0.9999136924743652,0.5052706003189087,0.5069447159767151,-0.017899191007018,0.9861140847206116,0.5848902463912964,0.5057362914085388,-0.0192833319306373,0.9519127011299132,0.5000000596046448,0.4255494773387909,-0.0751842185854911,0.9700725078582764,0.5918480753898621,0.4202364087104797,-0.0781746283173561,0.901406705379486,0.4964057505130768,0.3975292146205902,-0.0934236869215965,0.9376193881034852,0.5957770943641663,0.3919924199581146,-0.0976402685046196,0.8348074555397034,0.5018780827522278,0.3969973027706146,-0.1214295625686645,0.9431415796279908,0.5923123955726624,0.3908780217170715,-0.1264466643333435,0.8456106185913086,0.5046759843826294,0.4055838882923126,-0.087360069155693,0.9312079548835754,0.5895020365715027,0.3999989628791809,-0.0909840613603591,0.8348696231842041,0.527541995048523,0.4303827583789825,-0.0032431478612124,0.9995839595794678,0.568766176700592,0.432328850030899,0.0031816330738365,0.999446451663971,0.52635258436203,0.2734880149364471,-0.0284359417855739,0.9611550569534302,0.572519838809967,0.281216025352478,-0.0189991760998964,0.9444881081581116,0.5306549668312073,0.1265103220939636,0.0497386269271373,0.9619343876838684,0.5730790495872498,0.1301864236593246,0.0615842230618,0.9242879152297974,0.533690869808197,0.1062550023198127,0.0506428964436054,0.5476923584938049,0.5707919597625732,0.1093891188502311,0.0630948320031166,0.5173168778419495,0.5348796248435974,0.0774888321757316,-0.0620669648051261,0.9372199773788452,0.5753036737442017,0.0822476595640182,-0.0431123338639736,0.907963216304779,hoyeon_stand_normal_01,5.385165,6.708204,9.486833,12.369317,14.56022,14.866069,15.231546,15.231546,14.317821,13.0,10.77033,9.486833,8.246211,8.0,7.28011,7.211103,8.485281,10.29563,11.7047,14.56022,17.262677,20.396078,22.561028,22.803509,23.4094,21.931712,7.071068,9.055385,11.045361,12.041595,13.152946,13.341664,13.601471,11.7047,10.77033,9.486833,7.615773,6.324555,4.0,3.162278,4.242641,4.472136,6.082763,8.062258,10.049876,12.165525,14.317821,15.524175,15.811388,14.317821,13.0,9.848858,15.0,15.620499,16.278821,15.620499,15.811388,15.652476,16.155494,16.763055,17.464249,18.439089,18.681542,18.681542,18.973666,18.973666,18.027756,16.155494,14.866069,12.649111,9.219544,7.071068,6.403124,9.486833,13.341664,17.464249,19.646883,21.84033,16.124515,17.204651,16.970563,16.643317,14.317821,11.401754,7.071068,4.123106,2.0,4.472136,8.062258,11.045361,13.341664,14.56022,15.231546,16.552945,17.0,16.643317,16.643317,15.811388,14.422205,13.416408,11.7047,11.045361,12.165525,13.0,16.124515,14.142136,12.165525,10.77033,9.433981,9.219544,10.0,11.661904,13.038405,14.422205,15.811388,17.029386,17.691806,19.209373,19.723083,19.235384,18.384776,17.088007,14.56022,10.77033,8.062258,5.830952,7.071068,9.848858,12.529964,15.652476,9.433981,8.485281,7.211103,8.246211,10.0,12.165525,14.317821,16.278821,17.262677,17.117243,17.117243,16.03122,15.0,14.035669,13.038405,12.041595,11.0,11.0,11.045361,12.165525,13.341664,14.56022,15.524175,17.720045,18.439089,18.439089
hoyeon_stand_normal_01,426,142,14.200775956284152,29.998360745314464,10,0.549994170665741,0.6839127540588379,-0.2295374274253845,0.999988317489624,0.5450653433799744,0.6942862868309021,-0.218380868434906,0.9999634623527528,0.5422459244728088,0.6937403082847595,-0.21838940680027,0.99996680021286,0.5394391417503357,0.6928398609161377,-0.2184095084667205,0.9999698400497437,0.5526866912841797,0.6950286626815796,-0.2178613096475601,0.999951183795929,0.5550423264503479,0.6952272653579712,-0.2178814262151718,0.9999500513076782,0.5574848055839539,0.6950479745864868,-0.2178890854120254,0.9999480843544006,0.5347965359687805,0.6833666563034058,-0.1372156292200088,0.9999491572380066,0.559646487236023,0.6871100068092346,-0.1350444704294204,0.999886989593506,0.5446168184280396,0.670052170753479,-0.1981987357139587,0.999984860420227,0.555371880531311,0.6717813014984131,-0.1976873874664306,0.999974489212036,0.5144752860069275,0.6067070364952087,-0.0720908790826797,0.999975562095642,0.5791601538658142,0.6045183539390564,-0.0656981468200683,0.9999150037765504,0.5053958892822266,0.5069470405578613,-0.0186792071908712,0.98615562915802,0.5849530696868896,0.5057365298271179,-0.0196377169340848,0.952014684677124,0.5000758767127991,0.4255537688732147,-0.0763127952814102,0.9704852104187012,0.5919325351715088,0.4202472269535064,-0.0784142240881919,0.9024818539619446,0.4964057505130768,0.3975439071655273,-0.0944660380482673,0.938444197177887,0.595848023891449,0.3919918239116668,-0.0978821441531181,0.8364973664283752,0.5018967986106873,0.3970308005809784,-0.1224361881613731,0.9439114332199096,0.5923656225204468,0.3908774256706238,-0.1267923563718795,0.847221851348877,0.5047077536582947,0.405615895986557,-0.0884702578186988,0.9320762753486632,0.589546263217926,0.4000175893306732,-0.0912649258971214,0.8364623188972473,0.5275683999061584,0.4306289553642273,-0.0032261961605399,0.9995933175086976,0.5687718987464905,0.4325010180473327,0.0031652490142732,0.9994577169418336,0.5263721942901611,0.2739610373973846,-0.0285978373140096,0.961563229560852,0.5725336670875549,0.2812083065509796,-0.019020490348339,0.9450058937072754,0.530735433101654,0.1265021711587906,0.0494624823331832,0.9625289440155028,0.5731490254402161,0.1301863640546798,0.0615571178495883,0.9252917766571044,0.5337955355644226,0.1062556654214859,0.0503437742590904,0.5508990287780762,0.5708511471748352,0.1093864440917968,0.0630623996257782,0.5196905136108398,0.5349428653717041,0.077473483979702,-0.0625412762165069,0.9381921887397766,0.5753031373023987,0.0823644325137138,-0.0431290715932846,0.9092077612876892,hoyeon_stand_normal_01,7.071068,7.81025,9.433981,12.529964,14.764823,16.124515,16.643317,15.811388,15.0,13.601471,12.206556,10.816654,8.944272,7.28011,7.0,6.324555,7.211103,9.219544,11.661904,14.317821,17.464249,20.615528,23.259407,24.186773,24.413111,22.022716,10.049876,11.18034,13.152946,14.035669,15.033296,15.0,15.033296,14.035669,12.041595,11.045361,9.0,8.0,6.324555,5.830952,5.656854,6.708204,8.544004,10.198039,12.165525,14.317821,16.492423,17.720045,18.027756,17.464249,15.231546,12.083046,15.811388,16.278821,15.556349,14.21267,13.601471,11.661904,10.29563,8.544004,7.28011,6.0,4.123106,4.242641,4.472136,7.0,9.055385,11.18034,14.317821,16.278821,17.464249,18.248288,19.235384,19.104973,18.027756,16.0,13.0,10.049876,2.236068,2.828427,4.123106,7.0,9.219544,11.401754,13.0,12.529964,13.038405,11.401754,10.630146,9.219544,7.071068,5.0,2.828427,1.0,2.0,4.123106,6.324555,8.544004,10.77033,13.0,14.866069,16.155494,16.552945,16.552945,13.81857,14.846483,15.9679515,16.420386999999998,15.921304,15.7620875,14.6755585,12.601965,11.1128505,9.5990195,8.062258,6.0413815,4.785578,4.3027755,6.1550615,8.272002,11.2235575,13.7993125,16.7477345,18.354649,20.094810000000003,20.7828215,20.064384500000003,19.18645,16.148529500000002,13.1308805,12.8245555,14.464194,15.921304,16.093357,15.631383,14.6755585,13.0192025,10.885165,8.7996945,7.175589,6.3954835,6.117038,6.0299890000000005,6.8071135,7.413437999999999,8.5731645,9.924429,10.793492,10.793492,11.7424,11.291047,11.291047,10.6284805,11.18034,11.3750305,11.605443
hoyeon_stand_normal_01,429,143,14.300781420765029,29.998360745314464,10,0.5500795841217041,0.683899462223053,-0.229818969964981,0.9999884963035583,0.545181393623352,0.6942861676216125,-0.2186076194047927,0.9999640583992004,0.5423603057861328,0.6937423348426819,-0.2186152637004852,0.9999672770500184,0.5395311713218689,0.6928444504737854,-0.2186360508203506,0.999970316886902,0.5528225302696228,0.6950228810310364,-0.218241736292839,0.9999518394470216,0.5552149415016174,0.6952071785926819,-0.2182606756687164,0.9999507069587708,0.557672381401062,0.6949934959411621,-0.2182629555463791,0.9999486804008484,0.5349375009536743,0.6833887100219727,-0.1370443850755691,0.9999499917030334,0.5598763227462769,0.6870378255844116,-0.1356038600206375,0.99988853931427,0.5446863770484924,0.6700471639633179,-0.198316290974617,0.9999850988388062,0.5554793477058411,0.6717604398727417,-0.1979830116033554,0.9999748468399048,0.5147047638893127,0.6067283749580383,-0.0717890039086341,0.9999760389328004,0.5792717337608337,0.6044442653656006,-0.0657802745699882,0.9999150633811952,0.5054516196250916,0.5068970918655396,-0.0190943293273448,0.9863373041152954,0.5849929451942444,0.5057244896888733,-0.0198409333825111,0.9520728588104248,0.5001469850540161,0.4255382120609283,-0.0767710730433464,0.9711902141571044,0.5919501781463623,0.4202637374401092,-0.0787514597177505,0.9034951329231262,0.4964052140712738,0.3975445926189422,-0.0947076305747032,0.9397701621055604,0.5958625674247742,0.3919918239116668,-0.0982176214456558,0.8381483554840088,0.5019225478172302,0.3970324993133545,-0.1226280257105827,0.9451262950897216,0.5923708081245422,0.3908771574497223,-0.1271265596151352,0.8487884402275085,0.5047491192817688,0.405616283416748,-0.0889032930135726,0.9334856271743774,0.5895487070083618,0.400038868188858,-0.0915965139865875,0.8380256295204163,0.5276142358779907,0.4306187927722931,-0.0031532065477222,0.9996002316474916,0.5687969326972961,0.4324970841407776,0.0030935599934309,0.999464511871338,0.5263418555259705,0.2739287912845611,-0.0288325231522321,0.961967706680298,0.5726291537284851,0.2810505032539367,-0.0194731149822473,0.9455832242965698,0.5307644009590149,0.1257399767637252,0.0493952743709087,0.9629200100898744,0.5732938647270203,0.1300163567066192,0.0607304982841014,0.926189124584198,0.5338576436042786,0.1057307720184326,0.0502837114036083,0.5536630749702454,0.5709963440895081,0.1090836077928543,0.062178011983633,0.5217198729515076,0.5349398255348206,0.0774643123149871,-0.0625346973538398,0.9387354254722596,0.5753582715988159,0.08240757137537,-0.043897308409214,0.9101382493972778,hoyeon_stand_normal_01,6.082763,8.062258,10.630146,12.727922,14.866069,16.278821,17.029386,15.620499,15.0,13.601471,12.206556,10.630146,9.219544,8.602325,7.615773,7.071068,8.246211,8.944272,11.401754,14.142136,17.029386,19.849433,21.931712,24.083189,22.803509,21.633308,7.615773,9.848858,10.77033,12.083046,13.416408,12.529964,13.038405,11.661904,10.816654,9.433981,7.211103,6.708204,5.09902,4.123106,5.0,5.656854,7.211103,9.433981,11.661904,13.892444,15.264338,16.401219,17.029386,15.556349,14.142136,11.313708,15.264338,16.124515,14.317821,13.601471,12.369317,11.18034,9.055385,8.0,6.082763,4.472136,3.605551,4.0,5.385165,6.708204,9.433981,12.206556,15.0,16.643317,18.027756,19.723083,19.723083,19.235384,18.788294,16.155494,13.928388,10.440307,2.236068,3.605551,6.403124,8.944272,11.7047,12.369317,14.142136,14.035669,14.0,13.038405,12.165525,10.049876,8.246211,6.082763,4.0,2.236068,2.0,3.605551,5.830952,7.81025,10.630146,12.727922,14.866069,15.556349,16.278821,15.620499,14.317821,15.231546,16.155494,16.155494,15.231546,15.652476,13.892444,12.206556,10.816654,8.602325,7.211103,5.830952,5.09902,5.09902,6.403124,8.485281,11.313708,14.21267,17.029386,19.104973,20.518285,21.260292,20.615528,18.601075,16.643317,14.422205,12.727922,13.453624,14.866069,15.620499,15.0,13.601471,12.806248,10.630146,8.485281,6.403124,5.385165,5.0,6.082763,6.708204,7.615773,8.062258,8.944272,9.848858,9.848858,10.77033,10.77033,11.18034,10.29563,10.0,10.630146,11.401754
hoyeon_stand_normal_01,432,144,14.400786885245902,29.998360745314464,10,0.5501397848129272,0.6838541030883789,-0.2252285927534103,0.999988615512848,0.54530268907547,0.6942741870880127,-0.2137296795845031,0.9999644160270692,0.5424961447715759,0.6937373876571655,-0.2137382924556732,0.999967634677887,0.5396499037742615,0.6928420662879944,-0.2137588858604431,0.9999706149101256,0.5529504418373108,0.69499671459198,-0.2136037647724151,0.9999522566795348,0.5553749799728394,0.6951549649238586,-0.2136202305555343,0.9999510645866394,0.5578398108482361,0.6948958039283752,-0.2136179655790329,0.999949038028717,0.5351325273513794,0.6833937168121338,-0.1317893415689468,0.9999504685401917,0.5601070523262024,0.6869150996208191,-0.1314581334590912,0.9998894333839417,0.5447438359260559,0.6700310707092285,-0.1936642974615097,0.9999852776527404,0.5555638074874878,0.6717010140419006,-0.1936294436454773,0.9999751448631288,0.514893114566803,0.6067389845848083,-0.0677246749401092,0.9999765157699584,0.5794568657875061,0.6043981909751892,-0.0627834275364875,0.9999145865440368,0.5054693818092346,0.5067482590675354,-0.0170445125550031,0.9865217804908752,0.5850978493690491,0.5057316422462463,-0.0185215845704078,0.9520715475082396,0.5002236366271973,0.425496369600296,-0.076353058218956,0.971954882144928,0.5919879078865051,0.4202835857868194,-0.0783251598477363,0.9043119549751282,0.4964047968387604,0.3975225687026977,-0.0950204953551292,0.9412438273429872,0.5958824753761292,0.3919932246208191,-0.0981208309531211,0.8396144509315491,0.5019733309745789,0.397024005651474,-0.1228697597980499,0.9464707374572754,0.5923715829849243,0.3908774852752685,-0.1269247680902481,0.8501735329627991,0.5048253536224365,0.4056114256381988,-0.0885073766112327,0.935024619102478,0.5895496606826782,0.4000506401062011,-0.0911603271961212,0.839385986328125,0.5276365280151367,0.4303838014602661,-0.0030894584488123,0.9996057748794556,0.5688409209251404,0.4323051273822784,0.0030320656951516,0.999468207359314,0.5263470411300659,0.2737257182598114,-0.028869105502963,0.9625741243362428,0.5726932287216187,0.2804650068283081,-0.0200815387070179,0.9463415741920472,0.5307694673538208,0.1254242062568664,0.0494424141943454,0.963420867919922,0.5734226107597351,0.1299669444561004,0.0599946752190589,0.9272000193595886,0.5338537096977234,0.1054522469639778,0.0503470450639724,0.5567123889923096,0.5711109042167664,0.1089236885309219,0.0614340230822563,0.5237429738044739,0.5349177718162537,0.0774576216936111,-0.0621495991945266,0.9394517540931702,0.5753791332244873,0.0824319720268249,-0.0444619804620742,0.9111877679824828,hoyeon_stand_normal_01,24.738634,24.186773,22.022716,19.026298,15.033296,11.045361,7.071068,5.830952,5.830952,7.615773,9.219544,11.18034,13.341664,14.317821,16.278821,17.464249,17.720045,18.973666,18.973666,18.384776,17.464249,15.231546,12.649111,10.049876,9.486833,12.206556,11.401754,11.401754,10.198039,9.219544,8.544004,8.062258,7.81025,9.219544,10.0,10.816654,11.661904,11.661904,12.206556,11.401754,12.041595,11.313708,9.899495,9.219544,8.485281,6.403124,5.09902,6.324555,10.0,14.422205,18.027756,21.470911,15.297059,15.033296,14.0,13.038405,12.041595,11.18034,9.486833,7.615773,5.830952,4.242641,3.162278,4.123106,5.0,7.81025,10.0,12.206556,14.422205,17.204651,18.601075,19.209373,19.849433,19.849433,18.384776,16.278821,14.21267,10.0,1.414214,3.162278,5.830952,8.485281,10.630146,12.806248,13.892444,14.764823,14.317821,13.601471,12.369317,10.198039,8.246211,6.324555,4.123106,2.828427,2.0,2.828427,5.830952,8.062258,9.848858,12.083046,14.317821,15.231546,16.155494,15.811388,13.341664,14.56022,15.524175,15.524175,16.492423,15.297059,14.142136,13.038405,11.045361,10.0,8.0,6.082763,4.472136,4.242641,5.09902,8.0,10.0,13.038405,16.03122,18.027756,19.0,20.024984,20.099751,18.11077,16.278821,13.152946,14.035669,15.132746,16.278821,16.492423,16.492423,15.297059,13.341664,11.18034,9.055385,7.0,6.324555,6.403124,6.403124,7.211103,8.062258,8.944272,9.848858,11.18034,11.661904,11.661904,11.661904,11.661904,10.77033,11.7047,11.18034,11.045361
hoyeon_stand_normal_01,435,145,14.500792349726776,29.998360745314464,10,0.5502186417579651,0.6837924122810364,-0.2251098453998565,0.9999887347221376,0.5454347133636475,0.6942425966262817,-0.2136679738759994,0.9999648928642272,0.5426480174064636,0.693713903427124,-0.2136750072240829,0.9999680519104004,0.5397878885269165,0.6928179860115051,-0.213694155216217,0.9999709725379944,0.5530664920806885,0.694958508014679,-0.2135238796472549,0.9999528527259828,0.5555053949356079,0.6950979828834534,-0.2135404646396637,0.9999516606330872,0.5579633712768555,0.6948127746582031,-0.2135380357503891,0.9999496936798096,0.5353555083274841,0.6833931803703308,-0.131599485874176,0.9999510049819946,0.560253918170929,0.6868374347686768,-0.1311660408973693,0.9998910427093506,0.5448242425918579,0.6700080633163452,-0.1934513747692108,0.9999854564666748,0.5556538105010986,0.6716583967208862,-0.1933822929859161,0.999975562095642,0.5150015950202942,0.6067830324172974,-0.0669450908899307,0.9999769926071168,0.5795832276344299,0.604341447353363,-0.0620443113148212,0.9999154806137084,0.505473792552948,0.5066197514533997,-0.0157837010920047,0.9866381883621216,0.585126519203186,0.5057089924812317,-0.0175037737935781,0.9524090886116028,0.5002955198287964,0.4254628419876098,-0.0758838504552841,0.9725142121315002,0.5919959545135498,0.4202803373336792,-0.0776689127087593,0.9057968258857728,0.4964046776294708,0.3974900841712951,-0.094930775463581,0.9423395991325378,0.5958996415138245,0.391975849866867,-0.0975777730345726,0.8419025540351868,0.5019957423210144,0.3970047235488891,-0.1227837428450584,0.9474722743034364,0.5923773050308228,0.3908513486385345,-0.1263766288757324,0.8523114323616028,0.5048684477806091,0.4056080877780914,-0.0880818665027618,0.9361661672592164,0.5895513296127319,0.4000498056411743,-0.0904904454946518,0.841481626033783,0.5276384949684143,0.4302854239940643,-0.0030475719831883,0.9996135830879213,0.5688604712486267,0.4321880638599396,0.002991312649101,0.9994770884513856,0.5263341069221497,0.2735632956027984,-0.0293575506657362,0.9632940292358398,0.5727341175079346,0.2803834080696106,-0.0205752197653055,0.947295308113098,0.5307665467262268,0.1253252625465393,0.0495070964097976,0.9641059637069702,0.5736402869224548,0.1299231052398681,0.0600199028849601,0.9286096096038818,0.5338595509529114,0.1053099036216735,0.0504491068422794,0.5610052943229675,0.5713069438934326,0.1086766123771667,0.0614613443613052,0.527457058429718,0.534912645816803,0.0773519799113273,-0.0619860626757144,0.9404813051223756,0.575417697429657,0.0823931694030761,-0.0444634929299354,0.912790298461914,hoyeon_stand_normal_01,5.385165,6.324555,8.602325,10.630146,12.806248,14.21267,13.601471,13.601471,13.038405,10.816654,10.816654,8.602325,7.81025,6.403124,5.385165,6.0,6.324555,8.062258,10.630146,13.453624,16.278821,19.104973,21.213203,22.671568,22.203603,21.095023,8.544004,10.77033,12.083046,13.416408,13.416408,13.892444,13.038405,13.038405,10.816654,10.0,8.602325,6.708204,6.324555,5.0,5.09902,5.830952,7.071068,8.602325,10.630146,12.806248,14.21267,14.866069,15.556349,15.620499,14.21267,10.630146,16.278821,16.03122,15.0,14.035669,13.152946,11.18034,10.198039,8.544004,6.708204,4.242641,4.123106,4.123106,5.0,7.81025,10.0,12.806248,15.0,17.804494,19.209373,20.518285,21.213203,21.213203,19.849433,17.804494,15.0,11.661904,1.414214,3.0,5.830952,8.602325,11.313708,13.453624,15.0,15.264338,14.764823,13.928388,12.649111,10.77033,8.544004,6.324555,4.472136,2.828427,2.0,2.828427,5.830952,8.062258,9.848858,12.083046,13.928388,14.866069,16.763055,16.492423,16.278821,14.866069,12.806248,10.0,8.246211,8.0,9.219544,10.77033,13.0,13.928388,15.811388,17.464249,18.11077,19.0,19.104973,19.416488,18.681542,16.763055,13.928388,10.440307,7.071068,5.385165,6.324555,11.045361,14.0,17.0,8.062258,7.071068,5.385165,6.082763,8.944272,11.401754,14.21267,15.0,17.204651,17.492856,17.492856,16.552945,15.231546,13.928388,12.649111,10.77033,9.848858,9.433981,9.219544,10.630146,12.206556,14.422205,15.811388,18.027756,18.601075,18.439089
hoyeon_stand_normal_01,438,146,14.60079781420765,29.998360745314464,10,0.5503121018409729,0.6835743188858032,-0.2256844192743301,0.9999889135360718,0.5455122590065002,0.6941341757774353,-0.214289516210556,0.9999654293060304,0.542714536190033,0.6936051249504089,-0.2142959386110305,0.9999685287475586,0.5398384928703308,0.6926862597465515,-0.2143161743879318,0.9999713897705078,0.5531952977180481,0.6948477625846863,-0.2141560167074203,0.9999535083770752,0.555679202079773,0.6949552893638611,-0.214174136519432,0.9999523162841796,0.5581365823745728,0.6946362257003784,-0.2141742557287216,0.999950349330902,0.5354528427124023,0.6833180785179138,-0.1319025754928589,0.999951720237732,0.5604276061058044,0.6866835951805115,-0.1315506100654602,0.9998925924301147,0.5448907017707825,0.6698155999183655,-0.1938874125480651,0.999985694885254,0.5557876825332642,0.6714574694633484,-0.1938428878784179,0.9999759793281556,0.5151203274726868,0.6067970991134644,-0.0675887167453765,0.9999774694442748,0.5796975493431091,0.6042917966842651,-0.0626298710703849,0.999915599822998,0.5054913759231567,0.5063656568527222,-0.017037970945239,0.9868573546409608,0.5851548910140991,0.5057006478309631,-0.0178528130054473,0.9525722861289978,0.5004310011863708,0.4252960085868835,-0.0771031379699707,0.9732112288475036,0.5919994711875916,0.4202471971511841,-0.0777099877595901,0.9069057703018188,0.4964306950569153,0.3973211944103241,-0.096523493528366,0.9436761736869812,0.5959041714668274,0.391922265291214,-0.0976429730653762,0.8436728119850159,0.5021133422851562,0.3969021141529083,-0.1242656037211418,0.9486806392669678,0.5923787951469421,0.3908006548881531,-0.1264004856348037,0.8539511561393738,0.5049915909767151,0.4055579602718353,-0.089210994541645,0.9375613927841188,0.5895522236824036,0.400026261806488,-0.0905522182583808,0.8431693315505981,0.527641236782074,0.4301756620407104,-0.0030760639347136,0.9996185302734376,0.5688867568969727,0.4321303069591522,0.0030199617613106,0.9994813203811646,0.5263088941574097,0.2734732925891876,-0.029372563585639,0.9640251398086548,0.5728151798248291,0.2802713215351105,-0.0204029791057109,0.9481964707374572,0.5307422280311584,0.125229462981224,0.0495202131569385,0.964749813079834,0.5738169550895691,0.1299246847629547,0.0600452236831188,0.9298997521400452,0.533831775188446,0.1051183119416236,0.0504541173577308,0.5647642016410828,0.5714361071586609,0.1086606457829475,0.0614707693457603,0.5313420295715332,0.5349450707435608,0.0773456767201423,-0.0618058331310749,0.9413307309150696,0.5755429863929749,0.082426942884922,-0.0443085059523582,0.9141690135002136,hoyeon_stand_normal_01,16.3691,16.3549085,16.3378505,15.455579,14.8089855,13.0327595,10.739333,9.909766,9.0829045,8.920698999999999,9.6678455,10.324486,10.406287,10.6345965,11.2970035,11.4095325,12.3821525,13.5161305,15.259689,15.72097,16.8656345,16.468619999999998,16.1846585,15.964469,15.29563,16.1734135,11.734197,12.218883,12.557764,12.883163499999998,12.1158085,12.135139,12.111977,11.7216745,11.7396165,11.5262205,10.8191135,10.6766195,9.986544,9.7084205,9.7084205,9.493318,9.930107,10.462122,10.5352265,10.143903,10.641869,11.1055515,13.314021,15.0145805,16.5697455,16.658679499999998,15.132746,16.03122,16.03122,15.297059,15.811388,16.552945,16.643317,17.804494,19.209373,19.849433,20.518285,21.260292,20.615528,21.400935,19.416488,18.867962,15.811388,13.038405,9.899495,6.708204,7.615773,11.401754,15.620499,20.518285,24.758837,27.658633,19.416488,21.023796,20.024984,19.416488,17.088007,13.892444,10.0,5.0,1.0,3.605551,7.071068,10.0,12.529964,14.317821,16.155494,16.763055,17.464249,17.262677,17.262677,16.278821,15.297059,14.56022,12.529964,11.401754,12.206556,13.928388,13.038405,15.0,16.03122,17.029386,16.0,16.03122,15.033296,14.142136,12.165525,10.198039,9.219544,7.071068,5.0,4.472136,5.830952,7.28011,10.198039,13.038405,16.124515,18.248288,19.235384,20.396078,20.615528,18.973666,17.088007,13.928388,13.416408,15.264338,16.643317,16.643317,16.401219,15.0,13.601471,10.816654,8.944272,7.28011,6.0,5.385165,6.708204,7.071068,8.485281,9.899495,9.899495,11.313708,11.313708,12.041595,12.041595,12.041595,11.313708,11.401754,10.29563,11.401754
hoyeon_stand_normal_01,441,147,14.700803278688523,29.998360745314464,10,0.550456166267395,0.6834710240364075,-0.229043647646904,0.9999889731407166,0.5456445217132568,0.6940894722938538,-0.2179580181837082,0.9999656677246094,0.5428467392921448,0.6935684084892273,-0.2179656028747558,0.9999687671661376,0.539940595626831,0.6926427483558655,-0.2179857939481735,0.999971568584442,0.5533632040023804,0.6947900652885437,-0.2174957692623138,0.9999537467956544,0.5558768510818481,0.6948683261871338,-0.2175123542547226,0.9999525547027588,0.5583124160766602,0.6945300102233887,-0.2175110727548599,0.9999505281448364,0.5355709195137024,0.6832929253578186,-0.1363558918237686,0.99995219707489,0.5605822801589966,0.6866135597229004,-0.1343895047903061,0.9998931288719176,0.5449926853179932,0.6697044372558594,-0.1974158883094787,0.9999858736991882,0.5559309720993042,0.6713524460792542,-0.1969229280948639,0.9999762177467346,0.5152275562286377,0.6068317890167236,-0.0719260722398758,0.9999778270721436,0.5798041820526123,0.6042418479919434,-0.0628440305590629,0.9999155402183532,0.5055126547813416,0.5061408281326294,-0.0206183400005102,0.9870129823684692,0.5851808190345764,0.5056890845298767,-0.0181670691817998,0.952128291130066,0.5005013346672058,0.4251376390457153,-0.0805767253041267,0.973603129386902,0.5920009016990662,0.4202348887920379,-0.0777516290545463,0.9071989059448242,0.4964324533939361,0.397201806306839,-0.1000264659523963,0.944462776184082,0.5959033370018005,0.3918843567371368,-0.097694344818592,0.8443840742111206,0.502129852771759,0.396809846162796,-0.1278839409351349,0.9493846893310548,0.5923797488212585,0.3907550871372223,-0.126452088356018,0.8545994758605957,0.5050172209739685,0.4055018424987793,-0.0926568433642387,0.938378930091858,0.5895530581474304,0.4000077843666076,-0.0905777290463447,0.8438228368759155,0.5276424884796143,0.4301559627056122,-0.003442988730967,0.9996211528778076,0.568911612033844,0.4320428669452667,0.0033863841090351,0.9994818568229676,0.5262543559074402,0.2732440531253814,-0.0294784232974052,0.9646520614624025,0.572816014289856,0.2801635563373565,-0.0194189790636301,0.9488590955734252,0.5306795835494995,0.1245651394128799,0.0496710501611232,0.96539968252182,0.5738095641136169,0.1298699826002121,0.0617595426738262,0.9310557246208192,0.5337429046630859,0.1042002886533737,0.0506032556295394,0.5677448511123657,0.5713780522346497,0.1083485707640647,0.0632574781775474,0.535770833492279,0.5349483489990234,0.0771207436919212,-0.0617156364023685,0.9421704411506652,0.5755454897880554,0.0824401974678039,-0.0424690432846546,0.915488064289093,hoyeon_stand_normal_01,26.476405,26.07681,24.020824,20.223748,16.278821,12.165525,9.0,6.324555,7.071068,8.062258,9.848858,11.7047,13.928388,14.866069,17.088007,18.384776,19.313208,19.697716,20.124612,20.124612,18.35756,17.0,14.317821,11.18034,11.045361,13.0,14.317821,13.0,13.0,12.083046,10.816654,10.816654,11.313708,11.401754,11.401754,12.206556,13.038405,13.601471,13.601471,12.806248,13.453624,13.453624,12.727922,11.313708,9.899495,8.602325,7.28011,8.062258,10.77033,14.764823,19.235384,21.931712,12.806248,13.453624,12.041595,12.529964,13.0,13.341664,14.035669,15.033296,16.0,16.03122,17.029386,18.027756,18.0,17.0,17.029386,15.033296,14.142136,10.049876,7.0,4.472136,5.0,9.486833,13.928388,18.027756,20.880613,23.537205,16.970563,17.804494,17.492856,16.552945,14.56022,11.18034,8.0,3.162278,1.414214,4.0,7.071068,9.486833,12.083046,13.416408,13.892444,15.811388,15.0,16.401219,15.620499,14.21267,13.601471,11.661904,10.77033,10.049876,10.198039,10.77033,12.0,14.0,15.033296,15.033296,15.033296,15.0,14.035669,13.152946,11.18034,9.219544,8.062258,6.0,5.09902,5.0,5.830952,7.615773,11.401754,13.341664,16.492423,18.681542,19.924859,21.18962,21.540659,19.313208,17.464249,14.317821,13.416408,14.317821,16.124515,16.643317,16.643317,15.811388,13.601471,11.401754,8.602325,6.708204,5.09902,4.123106,5.0,5.656854,7.071068,7.81025,9.219544,9.899495,10.630146,10.630146,11.401754,10.630146,10.630146,10.0,10.29563,10.440307
hoyeon_stand_normal_01,444,148,14.800808743169398,29.998360745314464,10,0.5506657361984253,0.683433473110199,-0.2284409403800964,0.9999889135360718,0.5458279252052307,0.6940719485282898,-0.2173874229192733,0.9999654293060304,0.5430346727371216,0.6935594081878662,-0.2173962146043777,0.9999685287475586,0.5400959849357605,0.6926367282867432,-0.2174167037010193,0.999971330165863,0.5535522103309631,0.6947599053382874,-0.216811865568161,0.9999533295631408,0.5560787916183472,0.6948176026344299,-0.2168274372816085,0.9999520778656006,0.5584770441055298,0.6944728493690491,-0.2168263345956802,0.9999499917030334,0.535719096660614,0.6832905411720276,-0.1362173557281494,0.9999520778656006,0.5606857538223267,0.6865698099136353,-0.1337814927101135,0.999891996383667,0.5451686382293701,0.6696722507476807,-0.1970174461603164,0.9999858736991882,0.5560964941978455,0.6713322997093201,-0.1963779330253601,0.9999761581420898,0.5153082609176636,0.6068542003631592,-0.0719514861702919,0.9999778866767884,0.5798422694206238,0.6042125821113586,-0.0625158324837684,0.9999142289161682,0.5055267810821533,0.5060133337974548,-0.0204882435500621,0.9871379733085632,0.5851908922195435,0.5056936740875244,-0.0172916762530803,0.9514299631118774,0.5005804300308228,0.4249738752841949,-0.0792599245905876,0.9739320874214172,0.5920047760009766,0.4202417433261871,-0.0776231437921524,0.9068175554275512,0.4964385032653808,0.3970483243465423,-0.0984079614281654,0.9451499581336976,0.5959030389785767,0.3918841183185577,-0.0974428430199623,0.8442555069923401,0.5021466016769409,0.3966479301452636,-0.126138836145401,0.949984073638916,0.5923790335655212,0.3907545208930969,-0.1262338608503341,0.8544262051582336,0.5050436854362488,0.4053975343704223,-0.0912211090326309,0.9390769600868224,0.5895529985427856,0.4000090360641479,-0.0904645919799804,0.843651533126831,0.527641773223877,0.4298961162567138,-0.0037084086798131,0.9996191263198853,0.5689523816108704,0.4318256974220276,0.0036555561237037,0.9994763731956482,0.5260745286941528,0.2731256484985351,-0.0298838261514902,0.965185523033142,0.5728272199630737,0.2798999547958374,-0.0193748734891414,0.94953590631485,0.5306204557418823,0.1243290901184082,0.0497500225901603,0.965692937374115,0.5738092064857483,0.1298657357692718,0.0617807246744632,0.9318430423736572,0.533656120300293,0.104009136557579,0.0507136210799217,0.5690144300460815,0.5713320970535278,0.1082548648118972,0.0632877573370933,0.5389337539672852,0.5349470973014832,0.0768911316990852,-0.0612893775105476,0.9423845410346984,0.5756343603134155,0.0825029164552688,-0.0424094088375568,0.916147530078888,hoyeon_stand_normal_01,5.385165,5.09902,8.062258,10.0,12.206556,13.038405,13.892444,12.529964,12.529964,11.18034,8.944272,8.062258,6.403124,6.403124,5.385165,6.0,6.324555,8.944272,10.816654,12.806248,15.620499,18.439089,20.615528,20.808652,21.095023,19.235384,7.615773,9.848858,11.18034,12.529964,13.892444,13.601471,13.601471,12.806248,11.401754,10.0,8.602325,7.211103,5.385165,5.09902,5.09902,5.830952,6.403124,8.485281,10.630146,12.727922,14.142136,14.866069,15.0,14.422205,13.038405,10.0,15.2643025,15.2881055,15.247942,14.4887465,14.01729,13.730305,12.8597875,12.382782,12.1483345,11.5830895,11.552605,11.340771,11.722901,12.858166,13.664524,14.5844745,14.790432,14.785951,14.318576,13.1036875,12.79563,14.4187355,15.791006500000002,17.0416575,17.5184935,16.9409625,8.4330345,9.7817485,10.181679,11.4236595,11.5929855,10.54849,9.4053425,7.8173375,7.221312,8.330952,9.178944,9.6922895,9.395625,8.944272,8.625316,8.0,8.928283500000001,9.4945875,10.474416,11.336584,11.993294,12.407425,12.237988,13.0393285,14.0364075,14.8163455,18.027756,16.492423,14.56022,12.083046,9.433981,8.485281,8.602325,9.848858,11.7047,13.928388,15.231546,16.124515,18.027756,19.209373,19.79899,19.849433,18.601075,18.027756,15.264338,12.206556,9.219544,6.708204,6.082763,8.602325,12.041595,14.142136,8.944272,7.211103,5.830952,6.082763,9.219544,11.401754,13.601471,15.811388,17.464249,17.464249,17.262677,17.117243,16.0,14.0,13.038405,12.041595,11.045361,10.0,10.049876,10.440307,11.7047,13.416408,15.652476,17.0,18.788294,19.313208
hoyeon_stand_normal_01,447,149,14.900814207650273,29.998360745314464,10,0.5507722496986389,0.6832337379455566,-0.2286396771669387,0.9999887943267822,0.545908510684967,0.6939934492111206,-0.2175636142492294,0.9999651908874512,0.5431148409843445,0.69349604845047,-0.217571884393692,0.9999682903289796,0.540164053440094,0.6925771236419678,-0.2175920158624649,0.9999711513519288,0.553648054599762,0.6946518421173096,-0.2170313447713852,0.9999529719352722,0.5561892986297607,0.6946824193000793,-0.2170472294092178,0.9999515414237976,0.5585724115371704,0.6943278908729553,-0.2170461267232895,0.9999494552612304,0.5358034372329712,0.6832603812217712,-0.136439636349678,0.9999518990516664,0.5607478022575378,0.686488687992096,-0.1340613812208175,0.999890923500061,0.5452402830123901,0.6695171594619751,-0.1971912682056427,0.9999858140945436,0.5561594367027283,0.6711716055870056,-0.1966031491756439,0.9999759793281556,0.5153608322143555,0.6068623065948486,-0.0726987868547439,0.9999779462814332,0.5798461437225342,0.6042007803916931,-0.0629029124975204,0.9999130964279176,0.5055493116378784,0.5058664679527283,-0.0226076822727918,0.9871379733085632,0.5851951241493225,0.5056933164596558,-0.0173254143446683,0.950632870197296,0.5007925629615784,0.4248136579990387,-0.0811185985803604,0.9739586710929872,0.5919948220252991,0.420242577791214,-0.0777721926569938,0.9056156277656556,0.4965820908546448,0.3969000875949859,-0.100405104458332,0.9452470541000366,0.5958724617958069,0.3918833434581756,-0.0975393056869506,0.8428012132644653,0.5022363662719727,0.3965357840061188,-0.1278389543294906,0.9500428438186646,0.592334508895874,0.3907518088817596,-0.1262734681367874,0.8529943823814392,0.5051135420799255,0.4053307473659515,-0.092983566224575,0.9391517043113708,0.5895158052444458,0.4000073969364166,-0.0906033366918563,0.8422291278839111,0.5276744365692139,0.4299058020114898,-0.0038241643924266,0.9996206164360046,0.5689926743507385,0.4318384528160095,0.0037708466406911,0.9994750618934632,0.5260744690895081,0.2731828987598419,-0.0299530494958162,0.965063750743866,0.5727981925010681,0.2798725366592407,-0.0186011847108602,0.9493695497512816,0.5307013988494873,0.1240522190928459,0.0480239652097225,0.965712308883667,0.5737167596817017,0.129819318652153,0.0616834573447704,0.9317926168441772,0.5336689352989197,0.1039185523986816,0.0487747676670551,0.5693582892417908,0.5711665749549866,0.1081894263625145,0.063130609691143,0.5395544767379761,0.5354734659194946,0.0766707584261894,-0.0626870840787887,0.9423718452453612,0.5756465792655945,0.0824763476848602,-0.0424427315592765,0.9161173105239868,hoyeon_stand_normal_01,24.738634,24.351591,21.023796,18.867962,14.422205,10.816654,7.28011,6.082763,5.830952,8.485281,10.630146,12.041595,14.21267,15.620499,16.278821,17.691806,18.384776,19.104973,19.104973,18.439089,17.804494,15.620499,12.727922,10.29563,11.18034,13.038405,12.165525,11.18034,10.198039,9.219544,8.062258,8.062258,8.246211,8.944272,9.433981,10.816654,10.816654,11.661904,11.661904,11.18034,12.083046,10.77033,10.440307,9.486833,8.544004,6.708204,5.0,7.071068,10.049876,14.142136,18.11077,22.0,13.453624,13.453624,13.601471,12.529964,12.083046,10.77033,10.440307,8.246211,7.071068,6.0,4.123106,4.242641,5.09902,7.0,9.055385,11.18034,14.317821,16.278821,18.439089,20.223748,21.095023,21.023796,20.0,18.027756,16.124515,13.152946,1.0,3.162278,5.09902,8.062258,11.0,12.041595,13.341664,13.601471,13.601471,12.083046,11.18034,8.944272,8.062258,5.830952,4.123106,2.0,2.236068,3.0,5.09902,7.28011,9.486833,10.77033,13.0,13.0,13.892444,13.892444,12.529964,14.317821,15.231546,15.652476,15.652476,14.764823,13.892444,13.038405,11.401754,9.219544,7.81025,5.830952,4.472136,4.0,5.0,7.071068,10.630146,12.806248,15.0,17.804494,19.104973,19.79899,19.79899,18.439089,16.401219,12.806248,14.142136,15.556349,16.278821,16.278821,17.029386,15.620499,14.21267,12.041595,9.899495,7.81025,6.708204,6.082763,6.0,7.071068,7.28011,8.544004,9.486833,10.77033,10.77033,11.7047,11.401754,11.7047,10.77033,10.29563,10.0,11.313708
hoyeon_stand_normal_01,450,150,15.000819672131149,29.998360745314464,10,0.5507792234420776,0.6829385161399841,-0.2334656715393066,0.9999887347221376,0.5459098219871521,0.6938905119895935,-0.2226858139038086,0.9999650716781616,0.5431153774261475,0.6933890581130981,-0.2226954251527786,0.99996817111969,0.5401667356491089,0.692457377910614,-0.2227219939231872,0.999971091747284,0.553656816482544,0.6945410966873169,-0.2220442444086074,0.9999527335166932,0.5562021136283875,0.6945684552192688,-0.2220605909824371,0.999951183795929,0.558594286441803,0.6942057013511658,-0.2220573276281356,0.9999490976333618,0.5358299016952515,0.6831960678100586,-0.1421601623296737,0.9999520182609558,0.5607718825340271,0.6864514946937561,-0.1393643170595169,0.999890387058258,0.5452455282211304,0.669276237487793,-0.2021506130695343,0.9999857544898988,0.5561637878417969,0.6708935499191284,-0.2014332413673401,0.9999758005142212,0.5153821110725403,0.6068860292434692,-0.0785483121871948,0.999978005886078,0.5798501372337341,0.604180097579956,-0.0665705129504203,0.999911904335022,0.5055800676345825,0.5058395862579346,-0.0294592324644327,0.9871791005134584,0.5852183699607849,0.5057001113891602,-0.0214397329837083,0.9502243399620056,0.5009859204292297,0.4247615337371826,-0.0882544666528701,0.974077582359314,0.5919954776763916,0.4202287495136261,-0.0804928913712501,0.904792845249176,0.4966618716716766,0.396855354309082,-0.1076836884021759,0.9454587697982788,0.5958696007728577,0.3918915688991546,-0.1000398695468902,0.841609001159668,0.5022717714309692,0.3965255320072174,-0.1353037357330322,0.9502121806144714,0.5923131108283997,0.390750527381897,-0.1285371482372284,0.851843535900116,0.5051515102386475,0.4053279161453247,-0.1002318635582923,0.9393513798713684,0.5894930362701416,0.4000039100646972,-0.0932376384735107,0.8411627411842346,0.5276886820793152,0.4303979277610779,-0.0042522032745182,0.9996212720870972,0.56899493932724,0.4322673976421356,0.0041965800337493,0.9994741678237916,0.5260432362556458,0.2734751105308532,-0.0301043801009655,0.9649420976638794,0.5727984309196472,0.2802239954471588,-0.0169720891863107,0.9491149187088012,0.5306218862533569,0.1241166889667511,0.0449087992310524,0.9656435251235962,0.5736550092697144,0.1300044357776641,0.0612212978303432,0.9316158294677734,0.5334267020225525,0.1039627343416214,0.0453071855008602,0.5678234696388245,0.5710403323173523,0.1082070246338844,0.062417522072792,0.5398795008659363,0.5354849696159363,0.0766637176275253,-0.0666163265705108,0.9421517848968506,0.5757669806480408,0.0829934775829315,-0.0427865646779537,0.9157894849777222,hoyeon_stand_normal_01,5.0,6.403124,8.602325,11.661904,13.038405,14.422205,15.0,14.21267,13.601471,11.401754,11.401754,9.433981,8.062258,7.28011,7.0,7.28011,8.062258,9.219544,12.041595,14.422205,16.643317,19.723083,21.633308,23.021729,23.430749,21.931712,7.28011,9.219544,10.198039,12.369317,12.649111,12.649111,13.0,12.083046,11.18034,8.944272,7.615773,6.324555,5.09902,4.0,3.605551,5.0,6.708204,8.544004,10.440307,11.7047,13.416408,14.764823,15.264338,14.422205,12.806248,10.0,13.341664,13.038405,13.038405,13.152946,12.369317,11.401754,10.77033,9.848858,8.062258,6.403124,5.0,5.09902,5.09902,6.708204,8.602325,11.313708,14.142136,16.278821,19.104973,20.615528,21.400935,21.400935,21.095023,18.35756,16.552945,13.0,1.0,3.605551,6.403124,8.485281,11.401754,12.529964,13.416408,13.928388,13.601471,12.369317,11.18034,9.055385,7.071068,5.09902,3.162278,1.414214,2.236068,3.605551,6.403124,8.062258,9.433981,11.661904,13.038405,13.892444,14.764823,14.317821,17.0,16.0,13.0,11.18034,8.544004,9.219544,9.219544,10.816654,13.038405,14.422205,16.401219,17.029386,19.104973,19.209373,20.248457,19.235384,19.697716,17.088007,14.866069,12.083046,8.602325,6.708204,8.0,10.77033,13.416408,15.652476,8.0,6.082763,5.0,6.324555,8.062258,11.0,13.0,15.0,17.0,16.124515,16.278821,15.297059,14.56022,13.601471,11.7047,10.440307,10.440307,10.198039,10.049876,10.049876,12.041595,14.142136,15.297059,17.117243,19.104973,19.026298
hoyeon_stand_normal_01,453,151,15.100825136612022,29.998360745314464,10,0.5507644414901733,0.6829053163528442,-0.2332651913166046,0.999988615512848,0.5458852052688599,0.6938832998275757,-0.2224349230527877,0.9999648332595824,0.5430800318717957,0.6933737397193909,-0.2224439978599548,0.9999679327011108,0.5401540398597717,0.6924334764480591,-0.2224695384502411,0.9999709129333496,0.5536459684371948,0.6945375204086304,-0.2218401134014129,0.9999523758888244,0.5561864972114563,0.6945666074752808,-0.2218566238880157,0.999950647354126,0.5585912466049194,0.6942036151885986,-0.2218536734580993,0.9999485611915588,0.5358287692070007,0.6831786036491394,-0.1417681276798248,0.9999518990516664,0.5607732534408569,0.6864555478096008,-0.1391763091087341,0.9998894929885864,0.5452373027801514,0.6692189574241638,-0.2019168734550476,0.9999856352806092,0.5561621785163879,0.6708222031593323,-0.2012502551078796,0.9999756217002868,0.5153819918632507,0.6069025993347168,-0.078359454870224,0.999978005886078,0.5798498392105103,0.6041730642318726,-0.0664476081728935,0.9999102354049684,0.5056112408638,0.5056495666503906,-0.0302077606320381,0.9871668219566344,0.5852216482162476,0.5056825876235962,-0.0214400961995124,0.949960470199585,0.501116931438446,0.4243541359901428,-0.0902313217520713,0.9742547273635864,0.5919978618621826,0.4202202260494232,-0.0808924362063407,0.9044542908668518,0.4967158734798431,0.3964687585830688,-0.110069990158081,0.9458592534065248,0.5958718657493591,0.3918909728527069,-0.1005401313304901,0.8412267565727234,0.5022995471954346,0.3962214887142181,-0.1376162320375442,0.9505444765090942,0.5923098921775818,0.3907487094402313,-0.1288988143205642,0.8514699935913086,0.5051880478858948,0.4051189124584198,-0.1022241935133934,0.939716100692749,0.5894840359687805,0.3999986350536346,-0.0936013683676719,0.8409114480018616,0.5276901721954346,0.4304041862487793,-0.0046885549090802,0.9996189475059508,0.5689960718154907,0.4322682023048401,0.0046354252845048,0.9994691610336304,0.5259759426116943,0.2734739780426025,-0.030279267579317,0.9648361802101136,0.572835385799408,0.2802252173423767,-0.0165654346346855,0.9487714171409608,0.5305721759796143,0.124101310968399,0.0448001213371753,0.9653412699699402,0.5736518502235413,0.1300859600305557,0.0610757693648338,0.9311657547950744,0.5332387089729309,0.1039738729596138,0.0452790111303329,0.5657144784927368,0.5710122585296631,0.1082265675067901,0.0622213557362556,0.539755642414093,0.5354834198951721,0.0766268447041511,-0.0664181336760521,0.9415389895439148,0.5761181116104126,0.083366259932518,-0.0428010933101177,0.9150416254997252,hoyeon_stand_normal_01,24.515301,23.086793,21.023796,17.117243,13.341664,9.219544,6.0,4.472136,5.830952,7.28011,9.219544,11.18034,12.369317,14.317821,15.524175,16.492423,16.763055,18.027756,18.384776,17.464249,16.155494,14.866069,12.369317,11.0,11.401754,12.529964,12.649111,12.369317,11.401754,10.440307,8.544004,8.062258,7.81025,9.219544,9.433981,10.816654,12.206556,12.206556,12.806248,12.041595,12.041595,11.313708,10.630146,10.0,7.81025,6.403124,5.09902,6.324555,9.433981,14.422205,17.492856,21.023796,13.416408,13.038405,12.806248,12.806248,12.206556,11.661904,10.29563,8.944272,7.615773,6.082763,5.0,4.472136,4.472136,6.324555,9.055385,11.0,14.035669,16.0,19.0,20.0,21.023796,21.095023,20.223748,19.416488,16.492423,13.601471,1.414214,4.123106,6.0,9.055385,11.401754,13.0,14.317821,14.422205,13.601471,12.806248,12.041595,9.899495,7.071068,5.656854,3.605551,2.0,2.236068,4.123106,6.0,8.062258,11.045361,12.041595,14.142136,14.142136,15.297059,14.56022,13.416408,15.652476,16.124515,17.0,16.552945,16.552945,14.866069,13.601471,12.369317,10.198039,8.246211,7.28011,5.385165,4.242641,5.09902,7.0,10.049876,13.152946,16.278821,18.248288,20.223748,20.099751,20.024984,19.0,17.029386,14.035669,13.601471,14.56022,16.492423,16.492423,16.278821,15.297059,14.317821,12.369317,9.486833,7.615773,7.211103,6.403124,6.708204,7.28011,8.246211,9.219544,9.219544,10.198039,10.440307,11.401754,11.401754,11.401754,11.18034,11.045361,11.0,11.401754
hoyeon_stand_normal_01,456,152,15.200830601092896,29.998360745314464,10,0.5507436990737915,0.682872474193573,-0.2331081181764602,0.999988615512848,0.5458490252494812,0.6938798427581787,-0.2223250567913055,0.9999650120735168,0.5430284738540649,0.6933592557907104,-0.2223362028598785,0.9999680519104004,0.5401315689086914,0.6924040913581848,-0.2223632037639618,0.999971091747284,0.5536321401596069,0.6945356726646423,-0.2216238677501678,0.9999525547027588,0.5561715364456177,0.6945701241493225,-0.2216393053531646,0.9999507069587708,0.558588981628418,0.6942079663276672,-0.2216348499059677,0.9999486207962036,0.5358082056045532,0.6831325888633728,-0.1416177153587341,0.99995219707489,0.5607735514640808,0.6864616870880127,-0.1388179361820221,0.9998896718025208,0.545228898525238,0.6691462397575378,-0.2018344104290008,0.999985694885254,0.5561615228652954,0.6707301139831543,-0.2010443061590194,0.9999757409095764,0.5153824090957642,0.6069298982620239,-0.0780869424343109,0.9999781847000122,0.5798504948616028,0.6041701436042786,-0.0659406557679176,0.999909281730652,0.5056354403495789,0.5054304003715515,-0.0307858176529407,0.9872254133224488,0.5852264165878296,0.5055754780769348,-0.0214057564735412,0.9496862888336182,0.501253068447113,0.4239468574523926,-0.0916211232542991,0.9745357632637024,0.5919983386993408,0.4201470911502838,-0.0811978280544281,0.9040019512176514,0.496786892414093,0.3961424827575683,-0.1119011789560318,0.9464282393455504,0.5958731174468994,0.3918623328208923,-0.101019263267517,0.8407394886016846,0.5023134350776672,0.3959042727947235,-0.1392774879932403,0.9510364532470704,0.5923094153404236,0.3906887769699096,-0.1293177604675293,0.850988507270813,0.5052095651626587,0.4048524498939514,-0.1035816445946693,0.940255641937256,0.5894821882247925,0.3999235928058624,-0.0939053744077682,0.8405264019966125,0.5277287364006042,0.4304162561893463,-0.0049803392030298,0.99961918592453,0.5690062642097473,0.4322760999202728,0.0049279499799013,0.999466061592102,0.525977373123169,0.2734569311141968,-0.0302971433848142,0.9649185538291932,0.5728980302810669,0.280222475528717,-0.0160916112363338,0.9486660361289978,0.5305406451225281,0.1241093501448631,0.0449873469769954,0.9653216600418092,0.5736732482910156,0.1303451210260391,0.0611082762479782,0.931019127368927,0.5330747961997986,0.1040104925632476,0.045520793646574,0.5649475455284119,0.5710281729698181,0.1083655878901481,0.0622492060065269,0.5399459004402161,0.5354870557785034,0.0766100883483886,-0.0661336034536361,0.9413768649101256,0.576458752155304,0.0838747322559356,-0.0426872596144676,0.9147053360939026,hoyeon_stand_normal_01,27.018512,26.07681,23.259407,19.313208,15.811388,10.77033,7.81025,5.830952,7.0,9.219544,11.401754,13.601471,14.56022,16.492423,17.464249,19.416488,20.396078,21.213203,21.095023,21.095023,19.026298,17.029386,14.317821,12.083046,12.727922,14.422205,13.453624,12.806248,11.401754,10.0,9.219544,8.602325,8.944272,9.219544,10.198039,11.045361,12.041595,12.165525,12.165525,12.369317,12.369317,11.7047,10.77033,9.848858,8.544004,7.071068,6.082763,7.071068,10.29563,14.764823,20.248457,23.600847,18.027756,18.11077,17.262677,16.492423,15.231546,15.264338,15.620499,16.278821,17.029386,18.601075,19.209373,20.0,20.615528,20.518285,19.79899,19.104973,17.029386,15.0,10.630146,7.211103,6.082763,8.485281,13.601471,19.209373,22.671568,26.172505,19.79899,20.808652,20.124612,18.973666,15.297059,12.041595,7.071068,2.236068,2.0,6.708204,10.29563,12.806248,14.866069,16.278821,17.804494,18.027756,18.027756,18.35756,17.888544,16.124515,15.811388,13.453624,12.806248,13.0,14.317821,16.03122,13.2038595,14.78011,16.2872215,16.582137000000003,16.056461,15.081564,14.637441,13.3817955,11.7216745,9.3011625,7.6055515,6.363961,4.785578,4.1213205,5.6080585,8.3322915,10.700877,13.6255375,16.530303,18.6046865,19.917475,21.0594095,20.3455055,18.673077,16.871535,14.317821,13.208204,14.8824115,15.342886,16.338729999999998,16.1400045,15.182146,13.076473,11.3750305,9.424429,7.6366805,6.555664,6.117038,6.2429435,6.6055515,7.566663,8.503264999999999,9.4521215,10.172753,10.615108,10.85589,11.3536325,10.615108,10.4841845,10.440307,10.514599,10.908327
hoyeon_stand_normal_01,459,153,15.30083606557377,29.998360745314464,10,0.5507533550262451,0.6828581094741821,-0.2329761683940887,0.999988615512848,0.5458480715751648,0.6938774585723877,-0.22215636074543,0.9999650716781616,0.5430235266685486,0.6933563947677612,-0.2221672087907791,0.9999681115150452,0.540127158164978,0.6924003958702087,-0.2221935838460922,0.9999711513519288,0.5536359548568726,0.6945337653160095,-0.2214948236942291,0.9999526143074036,0.5561729669570923,0.6945685744285583,-0.2215106040239334,0.9999507069587708,0.5585947036743164,0.6942054033279419,-0.2215064316987991,0.9999486207962036,0.5357668399810791,0.6831265091896057,-0.1414259374141693,0.9999523162841796,0.5607641339302063,0.6864587664604187,-0.138771578669548,0.999889612197876,0.5452294945716858,0.6691021919250488,-0.2016799747943878,0.999985694885254,0.5561648607254028,0.6706739664077759,-0.200951337814331,0.9999757409095764,0.515338659286499,0.6069343090057373,-0.0780156403779983,0.9999783039093018,0.5798473954200745,0.6041655540466309,-0.0653011351823806,0.9999091625213624,0.5056544542312622,0.5052793025970459,-0.0300186537206172,0.9871609210968018,0.5852193832397461,0.5054823756217957,-0.0201522465795278,0.9490141868591307,0.5012685656547546,0.4238140285015106,-0.0904847756028175,0.974452018737793,0.5919979810714722,0.4201388657093048,-0.0805793851613998,0.9034478664398192,0.4967986047267914,0.3959735631942749,-0.1104478612542152,0.9463887214660645,0.5958746671676636,0.3918589949607849,-0.1002470105886459,0.840229332447052,0.5023153424263,0.3957439363002777,-0.1379402428865432,0.9509768486022948,0.592309296131134,0.3906832337379455,-0.1286919116973877,0.8504809737205505,0.5052128434181213,0.4047593772411346,-0.1024731174111366,0.9401612281799316,0.5894815921783447,0.3999189734458923,-0.0933355093002319,0.8400462865829468,0.5277354717254639,0.4304167032241821,-0.0053390832617878,0.9996212720870972,0.5690163969993591,0.4322645664215088,0.0052856495603919,0.9994667172431946,0.5259764790534973,0.273456871509552,-0.0303003899753093,0.9651853442192078,0.5729092955589294,0.2802634239196777,-0.0152022372931241,0.9489495754241944,0.5305216312408447,0.123963177204132,0.0446884483098983,0.9657968878746032,0.5736810564994812,0.1304129213094711,0.0618718527257442,0.93169367313385,0.5330330729484558,0.1038741990923881,0.0451367273926734,0.5669786930084229,0.5710276365280151,0.1084568127989769,0.0630166158080101,0.5431976914405823,0.5355460047721863,0.0763363763689994,-0.066650167107582,0.9420509338378906,0.5765875577926636,0.0839470475912094,-0.0415330380201339,0.9155442714691162,hoyeon_stand_normal_01,24.166092,23.853721,22.022716,18.384776,14.21267,10.630146,7.211103,5.09902,5.09902,7.211103,9.219544,10.630146,12.041595,14.21267,15.620499,16.401219,18.027756,18.027756,18.35756,17.888544,17.0,14.764823,12.206556,10.630146,10.77033,12.165525,12.649111,12.083046,12.083046,10.77033,9.486833,9.055385,9.0,9.219544,10.440307,10.77033,11.401754,12.649111,12.369317,12.369317,12.165525,12.041595,11.045361,10.0,9.0,7.071068,5.830952,6.708204,9.219544,14.035669,18.11077,21.587033,15.033296,14.317821,14.56022,13.928388,13.416408,12.529964,11.661904,10.0,9.219544,7.81025,6.708204,5.09902,5.09902,6.403124,8.485281,10.816654,13.038405,15.811388,18.027756,19.416488,20.808652,20.615528,19.849433,18.384776,16.278821,13.038405,2.236068,3.0,6.324555,8.944272,10.816654,13.453624,13.453624,13.601471,13.038405,12.083046,10.77033,8.544004,6.324555,4.472136,2.236068,1.0,3.162278,5.09902,7.28011,9.486833,11.401754,13.601471,14.56022,16.492423,16.278821,16.124515,16.155494,14.866069,13.0,10.29563,9.219544,8.602325,9.848858,10.440307,12.369317,13.601471,15.811388,17.464249,18.35756,19.416488,19.209373,19.104973,18.439089,17.029386,14.21267,12.041595,8.602325,7.28011,7.615773,10.816654,13.453624,16.278821,8.062258,6.403124,5.830952,6.0,8.246211,10.77033,13.0,14.317821,16.155494,15.524175,16.492423,15.297059,14.035669,13.038405,11.045361,11.045361,10.198039,9.219544,9.486833,9.848858,11.661904,13.416408,14.764823,17.0,17.464249,18.384776
hoyeon_stand_normal_01,462,154,15.400841530054644,29.998360745314464,10,0.5507834553718567,0.6828400492668152,-0.234477013349533,0.999988615512848,0.5458537340164185,0.6938745975494385,-0.2238192111253738,0.9999650120735168,0.5430275201797485,0.6933536529541016,-0.2238299548625946,0.9999680519104004,0.5401294827461243,0.6923973560333252,-0.2238554805517196,0.999971091747284,0.5536397695541382,0.6945305466651917,-0.2229596674442291,0.9999526143074036,0.5561724305152893,0.6945651173591614,-0.2229761183261871,0.999950647354126,0.5585947632789612,0.6941989660263062,-0.2229735404253006,0.9999485611915588,0.5357502698898315,0.6831222176551819,-0.1435562521219253,0.9999522566795348,0.5607146620750427,0.6864563822746277,-0.1399378925561905,0.9998894333839417,0.5452455878257751,0.6690779328346252,-0.2032931596040725,0.9999856352806092,0.5561670064926147,0.6706399321556091,-0.202313095331192,0.9999756217002868,0.5152547955513,0.6069378852844238,-0.0804060921072959,0.999978244304657,0.5798460245132446,0.604162335395813,-0.0661104992032051,0.9999093413352966,0.5056585669517517,0.5052123665809631,-0.0320387035608291,0.987128973007202,0.5852161645889282,0.5054346919059753,-0.0204753521829843,0.9486516714096068,0.501259446144104,0.4237163662910461,-0.0920087546110153,0.9743148684501648,0.5920160412788391,0.42008838057518,-0.0806716829538345,0.9030055403709412,0.4967910945415497,0.3958794474601745,-0.1116923615336418,0.9461654424667358,0.5958966016769409,0.3918015658855438,-0.1002575606107711,0.8396948575973511,0.5022957921028137,0.395675390958786,-0.1392546594142913,0.950751543045044,0.5923417806625366,0.3906226456165313,-0.1287217736244201,0.8499473333358765,0.50520259141922,0.4047175049781799,-0.1039885208010673,0.9398970603942872,0.5895097255706787,0.3998442590236664,-0.0934322774410247,0.8395481705665588,0.527737021446228,0.4304590225219726,-0.00555588491261,0.9996209144592284,0.5690242648124695,0.4322722554206848,0.0055005005560815,0.9994664192199708,0.5259732604026794,0.2734690010547638,-0.0302986837923526,0.965218186378479,0.5729394555091858,0.2802812159061432,-0.014389231801033,0.9490437507629396,0.5305125117301941,0.1238789036870002,0.0436736941337585,0.965965747833252,0.5736830830574036,0.130446657538414,0.0619204752147197,0.9318692088127136,0.5330225825309753,0.1035986244678497,0.043973434716463,0.5679084062576294,0.5710189342498779,0.1084181368350982,0.0630393177270889,0.544680655002594,0.5355455279350281,0.0762679725885391,-0.0678617507219314,0.9423058032989502,0.5766653418540955,0.0839464515447616,-0.0415179394185543,0.9157103896141052,hoyeon_stand_normal_01,16.3063265,16.3654245,15.901273,15.920621,14.525165,12.665071,10.7720805,9.5,9.701562,9.8913325,10.755381,11.218224,11.167703,11.0622575,11.8713625,13.0631035,14.153063,15.088656,16.6919715,17.475394,18.222937,18.154812,17.2557155,16.770509999999998,16.870684,17.1485105,10.757941,11.128216,11.7836395,11.280604,11.0640355,10.634212,10.3362695,11.0276925,10.9513695,11.0071915,9.890649,10.2333455,9.0192025,8.580755499999999,8.6213205,9.0,8.684958,9.1480435,9.2512825,9.365937,9.4014305,10.474416,13.115773,15.3980215,17.446222,17.7374935,16.124515,15.811388,15.0,13.453624,13.453624,13.038405,13.0,13.601471,14.317821,15.297059,16.278821,17.262677,17.464249,17.720045,16.763055,16.155494,13.928388,12.083046,8.544004,6.0,5.0,8.544004,12.165525,16.278821,19.416488,22.135944,17.464249,18.027756,17.029386,15.620499,13.038405,9.848858,6.324555,2.0,2.0,5.0,9.055385,11.18034,12.649111,13.928388,14.764823,15.264338,15.811388,15.0,15.0,13.601471,12.206556,11.18034,10.198039,10.049876,11.401754,13.416408,13.601471,15.264338,16.124515,16.643317,16.643317,15.811388,15.0,13.453624,12.041595,9.899495,7.81025,6.403124,5.385165,5.0,6.708204,8.602325,12.041595,14.866069,17.691806,19.849433,21.400935,22.203603,21.633308,20.248457,18.35756,15.264338,12.206556,13.601471,15.264338,15.264338,14.764823,14.764823,12.529964,11.18034,8.602325,7.071068,5.0,5.09902,5.0,6.324555,7.28011,7.615773,8.544004,9.486833,10.440307,10.440307,10.198039,10.198039,10.440307,9.848858,10.29563,11.313708
hoyeon_stand_normal_01,465,155,15.500846994535518,29.998360745314464,10,0.5508023500442505,0.6828382015228271,-0.2355360835790634,0.9999885559082032,0.5458554625511169,0.6938854455947876,-0.2249342501163482,0.9999647736549376,0.543028712272644,0.6933702230453491,-0.2249438613653183,0.9999678134918212,0.5401304960250854,0.6924206018447876,-0.2249675840139389,0.9999709129333496,0.5536394715309143,0.6945332288742065,-0.2239077985286712,0.999952495098114,0.5561572313308716,0.6945697069168091,-0.2239255458116531,0.9999504685401917,0.558578610420227,0.6942005753517151,-0.2239239066839218,0.9999484419822692,0.5357317328453064,0.683127760887146,-0.1451011747121811,0.999951958656311,0.5606216192245483,0.6864559650421143,-0.140632152557373,0.9998885989189148,0.5452565550804138,0.6690728068351746,-0.20453841984272,0.9999855160713196,0.5561676621437073,0.670634388923645,-0.2033190131187439,0.9999754428863524,0.5151253938674927,0.6069438457489014,-0.0824128910899162,0.999978005886078,0.57984459400177,0.6041520833969116,-0.0666485130786895,0.999909520149231,0.5056297779083252,0.5051999688148499,-0.0334885045886039,0.9872078895568848,0.5852041244506836,0.5053181052207947,-0.0204753950238227,0.94841730594635,0.501213014125824,0.4236312210559845,-0.0923129171133041,0.974214255809784,0.5920161604881287,0.4200411438941955,-0.0805337131023407,0.9031361937522888,0.4967333078384399,0.3958149552345276,-0.1116855964064598,0.9459456205368042,0.5958975553512573,0.3917563557624817,-0.0999042093753814,0.8399320244789124,0.5022594332695007,0.3956447839736938,-0.1392860412597656,0.9505271315574646,0.5923435688018799,0.3905979692935943,-0.1284545063972473,0.8501427173614502,0.5051825642585754,0.404704213142395,-0.10425665974617,0.9396728873252868,0.5895141959190369,0.3998117446899414,-0.0932972133159637,0.8397337198257446,0.52773517370224,0.4304254353046417,-0.0059253224171698,0.9996172189712524,0.5690367817878723,0.4321962893009186,0.0058682379312813,0.999463677406311,0.5259697437286377,0.2734546065330505,-0.0299546644091606,0.9652323722839355,0.573020875453949,0.2802794575691223,-0.0133471619337797,0.9492621421813964,0.5305103063583374,0.1238111406564712,0.0439092442393302,0.9660057425498962,0.5737026929855347,0.1307068914175033,0.0629114955663681,0.9320135116577148,0.5330139994621277,0.1034715473651886,0.044255681335926,0.5681957006454468,0.571007490158081,0.1084367409348487,0.0640246793627739,0.5465396046638489,0.5355422496795654,0.0762682631611824,-0.0675968304276466,0.9423030614852904,0.5769075155258179,0.0841629058122634,-0.0403852500021457,0.9157751202583312,hoyeon_stand_normal_01,4.123106,4.472136,8.062258,11.0,12.041595,14.035669,14.142136,13.152946,13.152946,11.18034,10.198039,8.062258,7.0,6.324555,5.830952,5.830952,6.324555,9.0,11.18034,14.317821,16.492423,19.646883,21.587033,22.36068,22.203603,20.099751,8.062258,10.198039,12.165525,13.341664,13.601471,13.601471,13.0,13.0,11.18034,9.848858,7.615773,6.324555,4.123106,3.162278,4.242641,5.385165,6.324555,8.246211,10.198039,12.165525,14.317821,15.524175,15.811388,14.317821,13.0,9.848858,17.262677,17.464249,16.763055,15.231546,13.892444,14.21267,14.866069,15.811388,16.124515,17.0,17.888544,19.235384,18.35756,18.867962,19.416488,17.804494,15.620499,13.453624,10.0,6.324555,4.472136,7.211103,11.7047,16.763055,21.18962,23.259407,18.027756,18.788294,18.027756,16.278821,13.038405,9.055385,5.385165,1.0,3.162278,7.615773,10.29563,12.806248,14.866069,15.556349,17.029386,17.204651,18.027756,17.492856,16.643317,15.264338,14.21267,12.727922,12.529964,12.369317,14.035669,15.0,13.341664,14.317821,15.297059,15.524175,15.524175,15.524175,13.928388,13.0,11.18034,9.848858,7.615773,6.324555,5.0,4.472136,5.656854,8.062258,11.18034,14.317821,16.552945,19.235384,20.59126,21.095023,21.633308,19.416488,17.804494,15.0,12.806248,14.21267,15.556349,16.278821,16.278821,14.866069,13.453624,12.041595,9.219544,7.81025,5.385165,5.09902,5.09902,5.385165,6.708204,7.211103,8.062258,9.433981,10.29563,10.29563,10.29563,10.29563,9.433981,9.219544,10.630146,10.29563
hoyeon_stand_normal_01,468,156,15.600852459016393,29.998360745314464,10,0.5507864356040955,0.6828913688659668,-0.2339523136615753,0.9999883770942688,0.5457884669303894,0.6939284205436707,-0.2230739742517471,0.9999642372131348,0.5429389476776123,0.6934071779251099,-0.2230847179889679,0.9999672770500184,0.5400788187980652,0.6924625039100647,-0.2231082618236541,0.9999704360961914,0.5535690188407898,0.6945894360542297,-0.2221473157405853,0.9999518990516664,0.5560142397880554,0.6946607232093811,-0.2221668660640716,0.999949872493744,0.5584294199943542,0.6943171620368958,-0.2221667021512985,0.9999479651451112,0.5356473922729492,0.6831417679786682,-0.1430327445268631,0.999951183795929,0.5604942440986633,0.6865252256393433,-0.1389187127351761,0.999887228012085,0.5452478528022766,0.6691092252731323,-0.2030070573091507,0.9999853372573853,0.5561490654945374,0.6706900596618652,-0.2018778026103973,0.9999751448631288,0.5150399208068848,0.6069527268409729,-0.0814700648188591,0.9999777674674988,0.5798501372337341,0.6041366457939148,-0.066124103963375,0.999909281730652,0.5056191086769104,0.5051990151405334,-0.0328425206243991,0.987247109413147,0.5851998925209045,0.505170464515686,-0.0202938932925462,0.9484012722969056,0.5011115670204163,0.4236291646957397,-0.09157445281744,0.974151611328125,0.592016875743866,0.419936329126358,-0.0804459154605865,0.9034593105316162,0.4965902268886566,0.3958137333393097,-0.1110065355896949,0.9458403587341307,0.5958986282348633,0.3917020261287689,-0.0998751372098922,0.8404524326324463,0.5021975040435791,0.3956433534622192,-0.1385937631130218,0.9504128098487854,0.5923441648483276,0.3905588388442993,-0.1284463703632354,0.8506270051002502,0.5051478743553162,0.404701828956604,-0.1035392209887504,0.9395677447319032,0.5895172357559204,0.3997451066970825,-0.0932291001081466,0.840223491191864,0.5277366042137146,0.430316299200058,-0.0059173237532377,0.9996127486228944,0.569076657295227,0.431950569152832,0.0058607901446521,0.9994577169418336,0.5259770154953003,0.2732361257076263,-0.0299605745822191,0.9652366638183594,0.5731788873672485,0.2799438238143921,-0.0135748283937573,0.949163556098938,0.5305373072624207,0.1238089501857757,0.0449486337602138,0.9657930135726928,0.5737419128417969,0.130863755941391,0.0633725821971893,0.9314891695976256,0.5330178737640381,0.1034920737147331,0.0454888381063938,0.5661167502403259,0.5710138082504272,0.1084381788969039,0.0646058246493339,0.5455985069274902,0.5355418920516968,0.0763236954808235,-0.0665679201483726,0.9418677091598512,0.5770825147628784,0.0844370275735855,-0.0402427092194557,0.9150766730308532,hoyeon_stand_normal_01,26.07681,25.495098,23.086793,19.313208,15.652476,12.083046,7.28011,5.0,4.242641,6.324555,8.246211,11.18034,12.165525,14.317821,15.297059,17.464249,17.464249,18.681542,18.681542,17.720045,15.811388,13.601471,11.045361,8.246211,9.219544,12.206556,12.806248,12.041595,10.630146,8.602325,7.211103,7.071068,8.062258,8.246211,10.440307,11.7047,11.7047,12.649111,13.601471,13.341664,12.369317,12.165525,11.18034,10.049876,8.062258,6.324555,4.242641,6.0,10.198039,14.56022,18.439089,22.203603,15.264338,15.652476,15.231546,13.601471,13.152946,12.0,12.165525,13.601471,13.928388,15.652476,15.652476,16.552945,17.464249,17.464249,17.088007,15.811388,14.56022,12.369317,9.219544,5.830952,4.123106,6.708204,10.630146,15.620499,18.601075,21.095023,17.117243,17.720045,17.464249,15.264338,12.806248,9.219544,5.830952,2.0,2.828427,6.708204,9.486833,11.18034,13.038405,15.0,16.03122,16.124515,16.278821,16.278821,15.297059,14.317821,13.152946,12.0,11.18034,10.29563,12.041595,12.806248,13.152946,15.132746,16.124515,16.124515,16.124515,15.297059,14.56022,13.601471,11.7047,9.848858,8.544004,7.28011,6.082763,5.09902,5.0,7.81025,10.29563,13.416408,15.652476,17.888544,19.235384,20.248457,20.248457,19.416488,17.029386,14.21267,12.649111,13.928388,15.231546,15.652476,15.652476,14.317821,13.416408,11.18034,9.486833,7.28011,7.0,6.324555,5.830952,7.81025,7.81025,8.485281,9.899495,9.899495,10.630146,11.401754,11.401754,11.401754,11.313708,10.630146,10.816654,10.77033
hoyeon_stand_normal_01,471,157,15.700857923497267,29.998360745314464,10,0.5506047606468201,0.682910680770874,-0.2324377745389938,0.9999882578849792,0.5455583333969116,0.6939333081245422,-0.2212424576282501,0.9999638199806212,0.5426557660102844,0.69340580701828,-0.2212545275688171,0.9999668598175048,0.5399343967437744,0.6924598217010498,-0.2212760001420974,0.999970018863678,0.5533542037010193,0.6946169137954712,-0.220503956079483,0.9999514818191528,0.5557337999343872,0.6947290897369385,-0.2205236107110977,0.9999494552612304,0.5581471920013428,0.6944448947906494,-0.2205242961645126,0.9999476671218872,0.5354617834091187,0.6831315755844116,-0.1404580026865005,0.999950349330902,0.5603832006454468,0.6866276860237122,-0.1372570544481277,0.9998863339424132,0.5450851321220398,0.6691064834594727,-0.2013321667909622,0.9999851584434508,0.556037962436676,0.6707000732421875,-0.2004450410604477,0.9999749660491944,0.5149374008178711,0.606956422328949,-0.0793971195816993,0.9999775290489196,0.5798538327217102,0.604098916053772,-0.0651513785123825,0.9999094009399414,0.5056206583976746,0.5051977038383484,-0.0321383737027645,0.9872136116027832,0.5851839780807495,0.5050448179244995,-0.019762584939599,0.9487304091453552,0.501053512096405,0.4236845374107361,-0.0911198332905769,0.9740474820137024,0.5920194387435913,0.4198464751243591,-0.0803745314478874,0.9044365286827089,0.4965599775314331,0.3958474397659302,-0.1106217578053474,0.9456950426101683,0.5959020256996155,0.3915882110595703,-0.0998621433973312,0.8418833017349243,0.502191960811615,0.3956948816776275,-0.1381822377443313,0.9502587914466858,0.59235018491745,0.3905043005943298,-0.1284456998109817,0.8519782423973083,0.505142867565155,0.4047421514987945,-0.1030960604548454,0.939398467540741,0.589529275894165,0.3996698558330536,-0.0931730642914772,0.8416018486022949,0.527735710144043,0.4299153387546539,-0.0059106289409101,0.999609351158142,0.5690922141075134,0.431620717048645,0.0058550057001411,0.9994543194770812,0.5259536504745483,0.2731448411941528,-0.0298491306602954,0.9653946161270142,0.5732381343841553,0.2798677980899811,-0.0137654701247811,0.9493099451065063,0.5305153727531433,0.1238573566079139,0.0461348928511142,0.9657684564590454,0.5737444162368774,0.1309095472097396,0.0641189813613891,0.93145352602005,0.5330018997192383,0.1035491451621055,0.04678750410676,0.566353976726532,0.5709935426712036,0.1085369735956192,0.0654704645276069,0.5464597344398499,0.5354633927345276,0.0769538059830665,-0.0651353895664215,0.9418025016784668,0.5771849155426025,0.0844389051198959,-0.0396294146776199,0.9149798154830932,hoyeon_stand_normal_01,5.656854,6.0,9.486833,12.529964,14.764823,17.0,17.0,16.552945,16.155494,14.317821,13.0,11.18034,9.433981,7.81025,7.211103,6.082763,6.324555,8.602325,11.313708,15.0,17.204651,20.808652,23.600847,24.839485,24.758837,23.345235,8.062258,10.29563,12.529964,14.317821,15.231546,15.811388,15.524175,13.341664,12.369317,10.198039,8.246211,6.324555,5.0,4.472136,5.0,6.324555,8.062258,10.29563,13.892444,15.652476,17.888544,19.697716,19.313208,18.973666,16.763055,13.601471,15.8384595,16.015340000000002,15.852763,14.719812,14.0431565,13.495864,13.211403,12.6535295,12.3721795,11.7195445,11.769797,12.0008145,12.369317,13.4403065,13.9935585,14.4125415,14.748579,15.2104055,13.475541,12.617692,12.533168,14.5774245,17.013149,18.5,19.5582425,18.7431165,11.3771765,13.052722,14.151953,14.365709,14.0622575,13.071068,10.6944445,8.398144,8.464193999999999,9.681578,10.975335,11.18034,11.259796,11.2072755,10.692388,10.9667,10.8006835,11.7195445,12.437781,12.4200215,13.1339115,12.7276795,12.8422585,13.515797,14.6336075,15.144499,12.806248,14.866069,15.556349,16.278821,16.278821,15.620499,15.0,13.038405,11.661904,10.29563,8.944272,7.211103,5.0,4.472136,5.0,7.615773,10.29563,13.038405,15.264338,18.35756,19.235384,20.124612,20.615528,19.313208,16.763055,13.601471,13.416408,15.231546,16.155494,17.088007,16.763055,15.811388,14.866069,11.7047,9.848858,8.062258,7.071068,5.830952,6.324555,7.071068,8.0,9.0,10.0,11.0,11.0,12.041595,12.041595,12.041595,11.0,11.045361,10.198039,11.18034
hoyeon_stand_normal_01,474,158,15.800863387978142,29.998360745314464,10,0.5503479838371277,0.6829254031181335,-0.2332770824432373,0.9999880194664,0.5452907085418701,0.693933367729187,-0.2219631373882293,0.9999630451202391,0.5423458814620972,0.6933940649032593,-0.2219750881195068,0.9999662041664124,0.5397774577140808,0.6924446821212769,-0.2219958901405334,0.9999693632125854,0.553099513053894,0.6946293115615845,-0.2214526236057281,0.9999505877494812,0.5554379820823669,0.6947655081748962,-0.2214725166559219,0.9999486207962036,0.5578393340110779,0.6945337653160095,-0.2214751243591308,0.9999468326568604,0.5352481603622437,0.6831027269363403,-0.1406547725200653,0.9999493360519408,0.5602625608444214,0.6866864562034607,-0.1383156031370163,0.9998846650123596,0.5448344945907593,0.6691023707389832,-0.2019109427928924,0.999984860420227,0.5558509826660156,0.6707054972648621,-0.2013113498687744,0.9999745488166808,0.5147088766098022,0.6069018840789795,-0.0792521089315414,0.9999770522117616,0.5798538327217102,0.6040241718292236,-0.0661733075976371,0.9999090433120728,0.5056205987930298,0.5051963329315186,-0.0294155608862638,0.9870684146881104,0.5851680040359497,0.5049588680267334,-0.0200436413288116,0.9488219022750854,0.5009158849716187,0.4237267076969147,-0.0888223722577095,0.9735326170921326,0.5920200347900391,0.4197823703289032,-0.0805899798870086,0.9044367671012878,0.4965271353721618,0.3958742916584015,-0.1079133972525596,0.9448036551475524,0.5959029793739319,0.3915728628635406,-0.1000733599066734,0.8418515920639038,0.5021727681159973,0.3957318663597107,-0.1356929242610931,0.9494304656982422,0.5923553705215454,0.3904995322227478,-0.1287853270769119,0.8519730567932129,0.5051167607307434,0.404759019613266,-0.1008987501263618,0.9384649395942688,0.5895389914512634,0.3996328711509704,-0.0934178754687309,0.8415640592575073,0.5277339816093445,0.4297415018081665,-0.0057504158467054,0.9996033906936646,0.5691059231758118,0.4314854741096496,0.005695919971913,0.9994478225708008,0.5259425640106201,0.2731602787971496,-0.0298936553299427,0.965350866317749,0.5732778906822205,0.2797820568084717,-0.0144605096429586,0.94921875,0.5305138826370239,0.1239790320396423,0.0465445704758167,0.9655984044075012,0.5737448930740356,0.1308827847242355,0.0640682801604271,0.9311017394065856,0.5330022573471069,0.1036966741085052,0.0472498908638954,0.5649101734161377,0.5709927082061768,0.1085192933678627,0.0654065907001495,0.5460730195045471,0.5354622602462769,0.0771722942590713,-0.0650262758135795,0.9415323734283448,0.5771770477294922,0.0841858685016632,-0.0400802679359912,0.9146263599395752,hoyeon_stand_normal_01,5.0,5.09902,8.944272,12.529964,14.764823,16.552945,16.552945,16.155494,15.231546,14.317821,13.0,11.18034,9.433981,8.485281,6.708204,7.0,7.28011,10.0,12.727922,16.401219,19.416488,23.021729,25.238859,26.400758,27.018512,24.758837,9.0,12.0,13.0,15.033296,16.03122,17.117243,16.278821,15.297059,13.341664,11.401754,9.219544,7.071068,5.0,3.605551,3.605551,5.0,7.071068,9.486833,12.369317,15.297059,17.262677,18.248288,18.11077,18.027756,16.0,12.041595,14.866069,14.317821,14.142136,14.0,13.038405,12.041595,11.18034,10.198039,8.544004,7.211103,5.656854,5.385165,5.0,6.324555,8.944272,10.816654,13.601471,15.811388,18.027756,19.723083,20.59126,20.124612,19.697716,17.088007,14.56022,12.369317,1.414214,3.162278,5.656854,8.062258,10.77033,12.649111,13.341664,13.152946,13.0,12.041595,11.045361,8.062258,7.071068,4.123106,2.0,1.0,2.828427,4.242641,7.071068,9.219544,11.401754,12.806248,14.21267,15.0,15.811388,15.264338,13.038405,14.764823,15.652476,16.124515,16.124515,15.264338,14.422205,12.806248,12.041595,9.219544,7.81025,6.403124,5.385165,5.0,6.324555,8.602325,10.630146,14.142136,16.970563,19.104973,19.849433,21.400935,20.808652,19.416488,17.492856,15.264338,12.206556,13.892444,13.892444,14.764823,14.764823,14.317821,12.529964,10.29563,8.602325,6.403124,5.0,5.09902,5.0,6.082763,7.28011,8.544004,8.544004,9.486833,10.440307,10.198039,10.198039,10.440307,10.440307,9.848858,10.29563,10.630146
hoyeon_stand_normal_01,477,159,15.900868852459016,29.998360745314464,10,0.5500237941741943,0.6829270124435425,-0.2458404004573822,0.9999879598617554,0.5449827313423157,0.6939266324043274,-0.2345917522907257,0.9999628663063048,0.542023241519928,0.6933582425117493,-0.234600082039833,0.999966025352478,0.5396085977554321,0.6924010515213013,-0.2346238493919372,0.9999691843986512,0.5527682900428772,0.6946313977241516,-0.2346425056457519,0.999950349330902,0.5550937056541443,0.6947760581970215,-0.2346656024456024,0.999948501586914,0.5574666857719421,0.694584846496582,-0.2346707880496978,0.9999467134475708,0.535021960735321,0.6830412745475769,-0.1518422663211822,0.9999490976333618,0.5601121187210083,0.6867133975028992,-0.1522008776664734,0.999884843826294,0.544560968875885,0.6690995097160339,-0.2137632220983505,0.9999846816062928,0.5555459260940552,0.6707093715667725,-0.2139520943164825,0.9999743103981018,0.5143590569496155,0.6067302227020264,-0.084617979824543,0.9999765753746032,0.5798296332359314,0.6039490103721619,-0.0782915204763412,0.9999087452888488,0.5056164860725403,0.505216658115387,-0.0299943070858716,0.986885905265808,0.5851250290870667,0.5049523115158081,-0.0292649678885936,0.9493209719657898,0.5007303357124329,0.4237992465496063,-0.0889051854610443,0.9728693962097168,0.5919471979141235,0.4197547733783722,-0.0871800109744072,0.9040353894233704,0.496471107006073,0.3959116041660309,-0.1078823432326316,0.9435068368911744,0.5958325266838074,0.3915696442127228,-0.1062564551830291,0.8409002423286438,0.5020762085914612,0.3957556486129761,-0.1357296109199524,0.948257565498352,0.592339277267456,0.3904991745948791,-0.1352443993091583,0.8511232137680054,0.5050264000892639,0.4047632813453674,-0.1010649502277374,0.9371700286865234,0.5895255208015442,0.3996180891990661,-0.1000207290053367,0.8407288193702698,0.5277363657951355,0.4300082623958587,-0.0048779072239995,0.9995993971824646,0.5691077709197998,0.4320184886455536,0.004817524459213,0.999445915222168,0.5259100794792175,0.2738988995552063,-0.0301291570067405,0.9649973511695862,0.5732781887054443,0.281123012304306,-0.016196658834815,0.9490075707435608,0.5305226445198059,0.1254197508096695,0.0464035868644714,0.9651641845703124,0.5737940669059753,0.131028726696968,0.0611761100590229,0.9305626153945924,0.5330826044082642,0.1048158258199691,0.0470983013510704,0.5621223449707031,0.5712519288063049,0.1087723821401596,0.0623023621737957,0.5437470078468323,0.5354602336883545,0.0775461867451667,-0.0657200291752815,0.940943956375122,0.577014684677124,0.0839368924498558,-0.0449071563780307,0.9139830470085144,hoyeon_stand_normal_01,6.082763,5.830952,8.602325,12.529964,14.764823,16.124515,16.643317,15.811388,15.811388,13.601471,12.206556,10.816654,8.944272,7.28011,6.0,5.830952,6.403124,8.544004,11.18034,15.033296,18.027756,21.023796,23.021729,24.083189,24.33105,22.561028,8.944272,10.816654,13.038405,14.422205,15.620499,15.620499,15.556349,14.142136,12.727922,10.630146,8.485281,6.403124,5.385165,4.0,5.0,6.403124,8.602325,11.661904,13.892444,15.264338,17.204651,18.601075,19.209373,18.439089,16.278821,12.727922,14.21267,14.422205,13.416408,13.0,12.649111,11.401754,10.198039,9.055385,7.0,6.082763,4.472136,3.605551,4.123106,6.082763,8.544004,10.77033,13.416408,15.231546,17.464249,18.973666,19.924859,19.646883,18.439089,16.124515,14.035669,11.0,2.0,4.242641,7.211103,9.848858,12.369317,13.152946,14.035669,15.0,14.035669,13.152946,11.18034,9.219544,7.28011,5.09902,3.0,2.828427,3.0,5.385165,7.615773,8.944272,11.18034,12.529964,14.764823,15.264338,15.811388,15.0,16.278821,14.866069,12.727922,10.630146,8.944272,8.062258,9.0,10.198039,11.401754,13.152946,15.132746,17.029386,18.0,19.104973,19.416488,19.924859,19.313208,17.464249,14.764823,12.083046,8.246211,6.082763,7.071068,10.77033,13.341664,15.524175,8.602325,6.403124,5.385165,5.09902,8.062258,10.630146,12.727922,14.866069,15.620499,17.204651,15.811388,15.652476,14.764823,13.928388,13.0,10.77033,9.848858,8.944272,9.433981,9.899495,10.630146,12.806248,15.0,16.401219,17.691806,18.384776
hoyeon_stand_normal_01,480,160,16.00087431693989,29.998360745314464,10,0.5498119592666626,0.6829270720481873,-0.244198739528656,0.999987781047821,0.5447816252708435,0.6939178705215454,-0.2329737097024917,0.9999624490737916,0.5418146848678589,0.6933228969573975,-0.2329815924167633,0.9999656677246094,0.539484441280365,0.6923580169677734,-0.2330051362514495,0.9999688863754272,0.5525339841842651,0.6946316361427307,-0.2329889386892318,0.999949872493744,0.5548499822616577,0.6947786808013916,-0.2330111563205719,0.9999480843544006,0.5572048425674438,0.6946037411689758,-0.2330155074596405,0.9999462366104126,0.5348358750343323,0.6829814314842224,-0.1503387838602066,0.9999485611915588,0.5599820017814636,0.6867157220840454,-0.1505422443151474,0.9998843669891356,0.5443791747093201,0.6690945625305176,-0.2121574580669403,0.9999845027923584,0.555334210395813,0.6707104444503784,-0.2122983187437057,0.999974012374878,0.5140286684036255,0.6064708232879639,-0.0835426226258277,0.9999762177467346,0.5797792673110962,0.603905975818634,-0.0773268863558769,0.999908447265625,0.5056107640266418,0.5052199363708496,-0.0290381498634815,0.9867383241653442,0.5851185917854309,0.5049529671669006,-0.0288644209504127,0.9496688842773438,0.5006076097488403,0.423849880695343,-0.0879769772291183,0.9723946452140808,0.5919111371040344,0.4197036623954773,-0.0866948813199997,0.9032094478607178,0.4964624941349029,0.3959124684333801,-0.1065992191433906,0.942541003227234,0.5957986116409302,0.3915263414382934,-0.1058008596301078,0.839349627494812,0.502040445804596,0.3957626223564148,-0.1347101330757141,0.9473862051963806,0.5923274159431458,0.3904631435871124,-0.1347503662109375,0.8496888875961304,0.504989743232727,0.4047660529613495,-0.1002130061388015,0.9361628890037536,0.5895137190818787,0.3995151817798614,-0.099514752626419,0.8392917513847351,0.5277345776557922,0.4300402104854584,-0.0038963418919593,0.9995951652526855,0.5691099762916565,0.432129830121994,0.0038343442138284,0.9994434118270874,0.5258349180221558,0.2739193141460418,-0.0301402080804109,0.9647895097732544,0.5732800960540771,0.2811389863491058,-0.0180519185960292,0.9488095045089722,0.5305226445198059,0.1254095882177353,0.046438343822956,0.9648467898368835,0.5739969611167908,0.1310120970010757,0.0596495904028415,0.9298753142356871,0.5331059694290161,0.1047994121909141,0.0471401959657669,0.560391366481781,0.5716882348060608,0.108661837875843,0.0607517883181571,0.5403463840484619,0.5354548692703247,0.0774231106042862,-0.0658201202750206,0.9404665231704712,0.5769320726394653,0.0837085396051406,-0.0473829470574855,0.9130938649177552,hoyeon_stand_normal_01,25.0,25.059928,22.847319,18.973666,15.524175,11.401754,8.062258,5.656854,5.09902,7.071068,9.486833,11.7047,12.649111,14.866069,15.811388,16.763055,18.681542,19.646883,19.646883,18.439089,17.464249,15.524175,12.649111,10.0,9.433981,12.369317,11.401754,11.18034,10.198039,8.246211,7.615773,6.403124,7.211103,8.544004,9.848858,10.77033,11.7047,12.083046,12.529964,12.529964,11.661904,11.661904,10.816654,10.0,8.062258,6.324555,5.0,6.403124,10.0,14.422205,17.804494,21.931712,14.317821,14.035669,15.033296,13.152946,13.341664,12.649111,11.7047,9.848858,8.062258,6.403124,5.656854,5.385165,5.09902,6.708204,7.81025,10.630146,12.806248,15.620499,17.029386,19.849433,20.518285,20.518285,19.849433,17.804494,15.811388,12.529964,2.236068,3.162278,5.656854,8.602325,10.29563,13.0,13.601471,13.341664,13.152946,12.041595,11.0,9.0,7.0,5.0,2.0,1.0,2.828427,5.0,7.211103,9.433981,11.661904,13.038405,13.892444,14.764823,15.652476,15.231546,13.5620345,14.351178,16.159702000000003,16.159702000000003,16.385621999999998,15.949660000000002,14.177403,13.0956755,11.8517495,9.924429,8.5588215,6.45101,4.813903,4.561553,5.7117875,8.062258,10.908327,14.2111025,17.246428,19.117692,21.247353500000003,21.5133675,21.5724575,20.419638,18.610977,15.5542235,13.0469565,14.576526,15.6616375,16.62211,15.679246,15.1036045,13.483466,11.404812,9.222125,7.3078865,5.751072000000001,5.415476,5.5210095,5.9568575,7.1055515,8.031129,9.424429,10.147815,10.6704955,10.9310075,10.9310075,10.9310075,10.172753,10.2450915,10.319173,10.885165
hoyeon_stand_normal_01,483,161,16.100879781420765,29.998360745314464,10,0.5496349334716797,0.6829231381416321,-0.2441795170307159,0.9999876618385316,0.5446397662162781,0.6938987970352173,-0.2330328524112701,0.999962031841278,0.5416697263717651,0.6932793855667114,-0.233040377497673,0.9999653100967408,0.5393981337547302,0.6923143267631531,-0.2330627739429474,0.9999685287475586,0.5523663759231567,0.6946192383766174,-0.2329959124326706,0.9999493956565856,0.5546729564666748,0.6947705149650574,-0.2330177575349807,0.9999476075172424,0.5570191144943237,0.6946022510528564,-0.2330233305692672,0.9999457597732544,0.534695565700531,0.6829132437705994,-0.1503754258155822,0.9999480843544006,0.5598955750465393,0.6866918206214905,-0.1503407806158065,0.999883770942688,0.5442150831222534,0.6690798997879028,-0.2120918929576873,0.999984323978424,0.5551482439041138,0.6706926226615906,-0.21217080950737,0.9999737739562988,0.5137431025505066,0.6061574816703796,-0.0830632522702217,0.9999758005142212,0.5796844363212585,0.6038993000984192,-0.0769993141293525,0.9999085068702698,0.505603551864624,0.5052096247673035,-0.0276691429316997,0.9866095781326294,0.5850830078125,0.5050105452537537,-0.0282875187695026,0.95002281665802,0.5004810690879822,0.4238495230674743,-0.0858497247099876,0.9719343781471252,0.5918462872505188,0.4196989834308624,-0.0864176228642463,0.9027252793312072,0.4964543879032135,0.3958945870399475,-0.1039259731769561,0.941670060157776,0.5957499146461487,0.391523152589798,-0.1055091693997383,0.8384065628051758,0.5019952058792114,0.3957569599151611,-0.1323712766170501,0.9465889930725098,0.5922824740409851,0.3904589414596557,-0.13446906208992,0.8488003611564636,0.5049304366111755,0.4047504663467407,-0.0981150418519973,0.9352247714996338,0.589477002620697,0.3994951844215393,-0.0992261618375778,0.8383213877677917,0.527701735496521,0.4300317466259002,-0.0035849262494593,0.9995888471603394,0.5691084265708923,0.4321403801441192,0.0035228023771196,0.9994389414787292,0.5256991982460022,0.2739118933677673,-0.0301428642123937,0.9646239876747132,0.5732802152633667,0.2811234593391418,-0.0187525395303964,0.9488558173179626,0.5304652452468872,0.1253580152988433,0.0467388778924942,0.9645274877548218,0.5740518569946289,0.1310086101293563,0.0592943429946899,0.9294276237487792,0.5330947041511536,0.10478325933218,0.0474639125168323,0.5583186745643616,0.5717957019805908,0.1085583344101905,0.0604304857552051,0.5384773015975952,0.5354339480400085,0.0770681276917457,-0.0658141002058982,0.939916729927063,0.5769263505935669,0.0836317986249923,-0.0478437654674053,0.9124649167060852,hoyeon_stand_normal_01,28.160256,27.313001,25.059928,20.248457,16.401219,11.401754,7.211103,4.0,4.242641,6.708204,9.486833,11.7047,13.601471,15.811388,17.088007,18.027756,19.313208,20.615528,20.615528,19.697716,18.384776,16.155494,12.369317,10.049876,11.18034,14.142136,15.0,14.422205,12.206556,10.816654,8.485281,8.062258,8.246211,9.0,11.045361,12.165525,13.152946,14.142136,15.033296,15.0,14.0,14.035669,13.152946,11.18034,9.055385,7.0,4.472136,6.082763,10.049876,15.132746,20.024984,24.020824,14.142136,14.0,13.038405,13.341664,12.369317,11.7047,10.77033,8.944272,8.062258,7.071068,5.830952,5.09902,6.082763,7.615773,10.0,12.041595,14.866069,16.278821,18.439089,20.615528,21.400935,20.808652,20.248457,17.888544,15.231546,12.649111,1.0,3.162278,5.830952,9.219544,11.313708,12.806248,14.422205,14.317821,13.928388,13.601471,11.401754,10.198039,7.071068,5.09902,3.162278,1.414214,2.236068,4.472136,6.708204,8.944272,11.18034,12.529964,14.764823,14.764823,15.231546,14.866069,12.529964,14.317821,14.317821,15.652476,15.652476,14.764823,14.422205,12.806248,11.401754,9.899495,7.81025,6.403124,4.472136,4.0,4.472136,7.071068,10.0,12.206556,15.811388,17.804494,19.849433,20.518285,20.518285,19.104973,16.278821,13.453624,13.453624,14.866069,15.620499,16.401219,15.811388,15.811388,13.601471,12.206556,10.0,7.81025,6.708204,6.082763,6.0,7.071068,7.28011,8.544004,9.486833,10.440307,10.440307,11.401754,11.401754,11.401754,10.77033,10.29563,10.0,10.630146
hoyeon_stand_normal_01,486,162,16.200885245901638,29.998360745314464,10,0.5496019124984741,0.6828961968421936,-0.2475702911615371,0.9999876618385316,0.5445966720581055,0.693865180015564,-0.236653983592987,0.9999619722366332,0.5416188836097717,0.6932275891304016,-0.2366610169410705,0.999965250492096,0.5393534898757935,0.6922567486763,-0.2366828322410583,0.9999684691429138,0.5523208379745483,0.6945799589157104,-0.2364134639501571,0.9999493956565856,0.5546109080314636,0.6947315335273743,-0.2364367991685867,0.9999476075172424,0.5569621324539185,0.6945602297782898,-0.2364444136619568,0.9999457597732544,0.5345854163169861,0.6828429698944092,-0.1542508155107498,0.9999478459358216,0.5597776770591736,0.6866212487220764,-0.1533308923244476,0.9998840093612672,0.5441620349884033,0.6690244078636169,-0.2155342400074005,0.9999842643737792,0.5550874471664429,0.6706533432006836,-0.2153564542531967,0.999973714351654,0.5133905410766602,0.6058881878852844,-0.0858182162046432,0.9999754428863524,0.5795695781707764,0.6038937568664551,-0.0798410400748252,0.9999089241027832,0.5055863261222839,0.5051798224449158,-0.0298605095595121,0.986528217792511,0.585078239440918,0.5050247311592102,-0.0309266373515129,0.950678050518036,0.5004074573516846,0.423841655254364,-0.0883195400238037,0.9715154767036438,0.5918222665786743,0.4196377396583557,-0.0886308178305625,0.9027289748191832,0.4964519739151001,0.395869106054306,-0.1062576472759246,0.9407898783683776,0.5957242846488953,0.3914814591407776,-0.1075889021158218,0.8379504680633545,0.50196373462677,0.3957414925098419,-0.1347698420286178,0.9457870721817015,0.5922440886497498,0.3904062807559967,-0.1363917738199234,0.8483657836914062,0.5048838257789612,0.4047254920005798,-0.1005468890070915,0.9343098402023317,0.5894520878791809,0.3993905186653137,-0.1013080328702926,0.8378575444221497,0.5277013182640076,0.4299964606761932,-0.0033529947977513,0.9995843768119812,0.5691089034080505,0.4321489930152893,0.0032868396956473,0.9994360208511353,0.5256770253181458,0.2738755643367767,-0.0301218051463365,0.9642254710197448,0.5732439160346985,0.2811098396778106,-0.0188864301890134,0.9486184120178224,0.5304732918739319,0.1253490895032882,0.04749745875597,0.964179754257202,0.5740582346916199,0.1310421377420425,0.0593998469412326,0.9288001656532288,0.5331698656082153,0.1047775298357009,0.0483280159533023,0.5572443008422852,0.5717927813529968,0.1085588335990905,0.060504850000143,0.5361181497573853,0.5354341268539429,0.0769895613193512,-0.0651616230607032,0.9394361972808838,0.5768251419067383,0.083555169403553,-0.0473251901566982,0.9117674827575684,hoyeon_stand_normal_01,27.856777,26.925824,25.317978,21.095023,17.0,12.0,8.062258,5.0,5.385165,7.071068,9.219544,11.401754,13.601471,15.524175,16.492423,18.439089,19.646883,20.396078,20.223748,20.223748,18.248288,15.297059,12.649111,10.0,10.29563,13.152946,14.317821,13.601471,12.369317,10.198039,9.055385,8.062258,8.062258,10.0,11.313708,12.041595,13.453624,14.142136,14.142136,14.21267,14.21267,13.601471,13.038405,11.661904,9.433981,6.403124,5.385165,6.324555,10.0,14.866069,19.849433,23.021729,17.888544,18.35756,17.492856,16.401219,15.556349,15.620499,15.264338,16.552945,17.088007,18.027756,18.973666,18.973666,19.313208,19.697716,18.788294,17.888544,15.652476,13.416408,10.77033,8.0,7.211103,10.0,14.317821,18.384776,22.36068,24.698178,18.027756,19.104973,19.209373,17.492856,15.231546,11.18034,7.0,2.236068,2.236068,6.0,9.219544,12.369317,14.317821,15.652476,16.643317,16.401219,17.029386,16.278821,15.556349,14.866069,12.806248,11.661904,11.401754,12.0,13.341664,15.811388,12.369317,14.317821,14.317821,15.297059,15.524175,14.56022,13.928388,13.0,11.18034,10.29563,8.062258,6.708204,4.123106,4.123106,5.0,7.211103,9.848858,13.0,15.231546,17.464249,19.235384,19.723083,20.248457,18.027756,16.401219,13.601471,13.038405,14.422205,15.811388,16.401219,15.620499,14.866069,13.453624,12.041595,10.0,8.062258,7.28011,6.0,6.324555,6.708204,8.062258,8.602325,9.433981,10.29563,10.29563,10.29563,11.18034,10.29563,10.816654,10.630146,10.630146,10.29563
hoyeon_stand_normal_01,489,163,16.300890710382514,29.998360745314464,10,0.5495944619178772,0.6828846335411072,-0.2469401210546493,0.9999876022338868,0.5445688366889954,0.693841278553009,-0.2360269874334335,0.9999617338180542,0.5415882468223572,0.6931853890419006,-0.2360347658395767,0.9999650120735168,0.5393183827400208,0.6921985745429993,-0.2360565066337585,0.9999682307243348,0.5522878170013428,0.6945594549179077,-0.2356681227684021,0.9999490976333618,0.5545607209205627,0.6947140693664551,-0.2356912344694137,0.9999473094940186,0.5569103360176086,0.6945447325706482,-0.2356987744569778,0.9999455213546752,0.5344882607460022,0.6827554702758789,-0.1538538187742233,0.9999473094940186,0.5596145391464233,0.6865931153297424,-0.1524073779582977,0.9998832941055298,0.5441442131996155,0.6689675450325012,-0.2150274366140365,0.9999841451644896,0.5550586581230164,0.6706398725509644,-0.214696004986763,0.9999735951423644,0.5131381750106812,0.6057218909263611,-0.0859232023358345,0.99997478723526,0.5794687271118164,0.6038966774940491,-0.0794853344559669,0.9999085068702698,0.5055853724479675,0.5050554275512695,-0.030834961682558,0.9864204525947572,0.5850666165351868,0.5050253868103027,-0.0311242509633302,0.9511035680770874,0.5003944039344788,0.4236495196819305,-0.0894405990839004,0.9709879755973816,0.5917403697967529,0.4195906519889831,-0.0890175923705101,0.9022893905639648,0.4964586794376373,0.395746648311615,-0.1074456423521041,0.9396958947181702,0.5956238508224487,0.3914407789707184,-0.1080775037407875,0.8369866013526917,0.5019570589065552,0.3956484496593475,-0.1357768923044204,0.9447816610336304,0.5921565294265747,0.3903545439243316,-0.1366404443979263,0.8474560379981995,0.5048676133155823,0.404587060213089,-0.1015796139836311,0.9331827163696288,0.5893918871879578,0.3992698490619659,-0.101602591574192,0.8368987441062927,0.5277051329612732,0.4298145771026611,-0.0031487145461142,0.999576985836029,0.5691102743148804,0.4321515560150146,0.0030800108797848,0.9994288682937622,0.5256761312484741,0.2737666666507721,-0.0301029421389102,0.9637215733528136,0.5732041597366333,0.2807862758636474,-0.0194343905895948,0.9482938051223756,0.5304943323135376,0.1255187094211578,0.049854177981615,0.9636356830596924,0.5740788578987122,0.1310626864433288,0.0595001839101314,0.927959442138672,0.533216118812561,0.1050543785095214,0.0510623194277286,0.5556262135505676,0.5718518495559692,0.1086310818791389,0.0607849545776844,0.5326856374740601,0.5354293584823608,0.0776617527008056,-0.0621413625776767,0.9387156963348388,0.5766392350196838,0.083457738161087,-0.0470193438231945,0.9107021689414978,hoyeon_stand_normal_01,16.8618015,16.96977,17.139736,17.0013125,15.8824355,14.3494895,12.1705395,10.6394105,10.5640055,10.6766195,11.2305775,11.1405425,10.980206,11.2213245,11.9336865,12.1065495,13.59784,14.8057225,16.560612,17.767235499999998,18.7834665,19.2279925,19.464194,18.8362075,18.2585585,18.4965105,11.68084,12.104001,12.8597875,13.1394105,12.4637465,11.868795,12.0,12.0276925,12.2200795,12.205456,11.170832,10.6944445,9.7636505,9.6876935,9.710417,10.5,10.031129,11.1128505,11.1985245,11.6749445,11.624144,12.593868,15.5351725,17.066373,19.026591,19.0291985,19.416488,19.209373,19.209373,17.691806,17.029386,16.124515,16.155494,16.763055,18.439089,19.416488,19.416488,20.396078,20.396078,20.615528,20.615528,18.973666,17.088007,14.866069,11.401754,9.0,7.211103,10.29563,14.56022,18.681542,23.086793,26.0,19.697716,20.248457,20.615528,18.439089,15.264338,11.7047,7.071068,2.236068,3.605551,7.071068,11.0,13.152946,15.524175,16.763055,17.464249,17.888544,17.492856,18.027756,17.204651,15.264338,13.416408,12.649111,12.041595,13.341664,15.231546,17.0,17.204651,15.0,12.806248,11.313708,9.433981,8.544004,10.049876,11.0,13.038405,15.0,16.03122,17.117243,18.439089,19.924859,20.615528,20.124612,18.867962,18.027756,15.0,12.206556,8.944272,7.0,7.211103,10.630146,13.038405,16.124515,7.81025,5.830952,5.09902,6.324555,8.602325,10.816654,13.453624,15.0,16.401219,15.811388,16.643317,15.652476,14.317821,13.0,11.7047,10.77033,10.77033,10.29563,10.0,10.630146,12.727922,13.453624,16.278821,16.970563,19.104973,19.104973
hoyeon_stand_normal_01,492,164,16.400896174863387,29.998360745314464,10,0.5495956540107727,0.6828807592391968,-0.246703639626503,0.9999873638153076,0.5445603132247925,0.6938235759735107,-0.235774889588356,0.999960958957672,0.541581928730011,0.6931655406951904,-0.2357831597328186,0.9999642968177797,0.5393001437187195,0.6921740174293518,-0.2358051836490631,0.999967634677887,0.5522693991661072,0.6945326924324036,-0.2353048473596573,0.9999481439590454,0.5545271635055542,0.6946873068809509,-0.2353285998106002,0.999946355819702,0.5568718314170837,0.6945124864578247,-0.2353376001119613,0.9999445676803588,0.5344364047050476,0.6827006340026855,-0.1539274156093597,0.999946117401123,0.5594571828842163,0.6865330934524536,-0.1519661694765091,0.9998809099197388,0.5441446304321289,0.6689453125,-0.2149600386619568,0.999983847141266,0.5550491213798523,0.6706337332725525,-0.2144837230443954,0.9999731183052064,0.5129591226577759,0.6055344343185425,-0.0868948772549629,0.9999738931655884,0.5793777704238892,0.6039037108421326,-0.0794209390878677,0.9999067783355712,0.5055786371231079,0.5049288272857666,-0.0333562865853309,0.9863662719726562,0.58506178855896,0.5050219893455505,-0.0314862728118896,0.9513705372810364,0.5003892779350281,0.4235081076622009,-0.0920501202344894,0.9706015586853028,0.5915823578834534,0.419398546218872,-0.0892014950513839,0.9015526175498962,0.4964655935764313,0.3956575095653534,-0.1102155819535255,0.9388580322265624,0.5954047441482544,0.3912460803985595,-0.1082983836531639,0.8356079459190369,0.5019562840461731,0.3955805599689483,-0.1383082270622253,0.94400292634964,0.5919428467750549,0.3901424705982208,-0.1366025358438491,0.8461343050003052,0.5048659443855286,0.4044890999794006,-0.1040694192051887,0.9323037266731262,0.5892317295074463,0.3989173769950866,-0.1016792953014373,0.8355205655097961,0.5277016758918762,0.4296475052833557,-0.0031399321742355,0.9995651245117188,0.5691036581993103,0.4321454465389251,0.0030707628466188,0.9994163513183594,0.5256783366203308,0.273762047290802,-0.0302889551967382,0.9631064534187316,0.5731866359710693,0.2806405425071716,-0.0198165848851203,0.9478151202201844,0.5304904580116272,0.1265451461076736,0.0510515458881855,0.9627802968025208,0.5741299986839294,0.1311348974704742,0.0595511347055435,0.9267961382865906,0.5332168936729431,0.1056778356432914,0.0525058582425117,0.5521588325500488,0.5719975829124451,0.1087061539292335,0.0608774349093437,0.5284713506698608,0.535412609577179,0.0782232284545898,-0.0604681968688964,0.9374701976776124,0.5765076875686646,0.0834200754761695,-0.0467772632837295,0.9090611934661864,hoyeon_stand_normal_01,4.0,4.242641,7.615773,10.440307,12.369317,13.928388,13.928388,13.0,13.0,10.77033,10.440307,8.246211,7.071068,6.0,5.385165,5.656854,6.708204,8.246211,11.045361,14.0,17.029386,19.026298,21.023796,22.0,22.022716,21.095023,7.615773,9.848858,12.083046,13.416408,14.764823,14.422205,14.422205,12.806248,11.401754,10.0,7.81025,6.403124,4.472136,4.0,3.605551,5.0,6.708204,8.544004,10.77033,12.083046,14.317821,16.124515,16.124515,15.0,13.601471,10.0,18.027756,18.867962,17.492856,16.552945,15.811388,15.297059,15.033296,15.0,16.03122,16.124515,17.117243,18.11077,18.027756,18.027756,18.0,17.029386,15.033296,13.038405,10.0,7.28011,6.403124,8.246211,12.041595,16.0,19.026298,21.213203,16.492423,17.029386,17.029386,15.524175,13.0,9.433981,5.0,1.0,3.605551,6.403124,10.29563,13.0,14.56022,15.297059,16.03122,17.0,17.029386,16.03122,15.132746,15.033296,13.0,12.165525,11.7047,12.206556,14.142136,15.620499,12.165525,14.035669,15.033296,15.132746,15.132746,14.317821,13.341664,12.649111,10.77033,8.544004,7.28011,6.082763,4.0,4.472136,5.830952,7.615773,10.77033,13.928388,16.155494,18.384776,20.124612,20.59126,21.095023,18.867962,17.204651,14.422205,12.529964,13.601471,15.0,15.811388,15.0,14.21267,12.806248,11.401754,8.602325,6.708204,5.09902,5.0,5.385165,5.830952,6.403124,7.81025,8.602325,9.219544,10.0,10.0,10.0,10.0,9.219544,9.899495,10.0,9.848858
hoyeon_stand_normal_01,495,165,16.500901639344264,29.998360745314464,10,0.5495883226394653,0.6828734278678894,-0.2481844574213028,0.9999871850013732,0.5445264577865601,0.693812370300293,-0.2371949404478073,0.9999604225158693,0.5415497422218323,0.6931519508361816,-0.2372036278247833,0.9999637603759766,0.5392611026763916,0.69215989112854,-0.2372274100780487,0.9999671578407288,0.5522319674491882,0.6945081949234009,-0.2367313504219055,0.9999473690986632,0.5544777512550354,0.6946598887443542,-0.2367564141750335,0.9999456405639648,0.5568153262138367,0.694477379322052,-0.2367662638425827,0.9999437928199768,0.5343596339225769,0.6826677918434143,-0.1553225070238113,0.9999450445175172,0.5593200325965881,0.6864699721336365,-0.153481587767601,0.9998793005943298,0.5441204905509949,0.6689183115959167,-0.216470181941986,0.9999836087226868,0.5550048351287842,0.670615553855896,-0.2160265892744064,0.9999727606773376,0.5128106474876404,0.6053805947303772,-0.0883436501026153,0.9999732971191406,0.5792799592018127,0.6039034128189087,-0.0812661349773407,0.999905526638031,0.5055773258209229,0.5047900080680847,-0.0352439135313034,0.9863358736038208,0.5850517749786377,0.5049425959587097,-0.0339791849255561,0.9518758058547974,0.5003852248191833,0.4233928620815277,-0.0939850583672523,0.9703079462051392,0.5912970304489136,0.4192717671394348,-0.091187909245491,0.9013255834579468,0.4964734315872192,0.3955907821655273,-0.1125077754259109,0.938164472579956,0.5950626730918884,0.3911015391349792,-0.110287994146347,0.8348674178123474,0.5019629597663879,0.3955482244491577,-0.1402912139892578,0.9433643221855164,0.5915939807891846,0.3900069296360016,-0.1383989751338958,0.8453975319862366,0.5048650503158569,0.4044356942176819,-0.1059165149927139,0.9316200613975524,0.5889160633087158,0.3987037241458893,-0.1035539954900741,0.8348019123077393,0.5276920199394226,0.429632693529129,-0.0031154446769505,0.9995580315589904,0.5690746307373047,0.4321770668029785,0.0030456369277089,0.9994065165519714,0.5256772637367249,0.2737572789192199,-0.0312776826322078,0.9618549346923828,0.5730607509613037,0.2806317210197449,-0.0201149471104145,0.9461039900779724,0.5305138230323792,0.1265660673379898,0.0508714467287063,0.9613314270973206,0.5740264058113098,0.131296768784523,0.0598772726953029,0.9242058992385864,0.5332511067390442,0.1057914197444915,0.0522970035672187,0.5473970770835876,0.5718827843666077,0.1092461049556732,0.0614431500434875,0.5222738981246948,0.5353895425796509,0.0784220993518829,-0.0603994876146316,0.935313642024994,0.5763405561447144,0.0834175273776054,-0.0464809462428092,0.9061101675033568,hoyeon_stand_normal_01,24.839485,24.758837,22.803509,18.867962,14.764823,11.661904,7.81025,5.0,5.0,5.830952,8.602325,10.630146,12.041595,13.453624,15.556349,16.278821,17.691806,18.439089,18.439089,17.804494,17.029386,14.866069,12.041595,8.944272,9.0,10.440307,12.041595,11.0,10.0,8.0,7.071068,5.830952,6.403124,6.708204,8.544004,10.440307,11.7047,11.7047,12.083046,12.083046,12.529964,11.661904,10.816654,9.433981,8.062258,5.830952,4.0,5.656854,8.944272,13.0,17.464249,21.095023,14.866069,14.764823,14.422205,14.21267,13.453624,12.727922,11.401754,10.0,8.062258,7.615773,6.082763,5.09902,5.830952,7.071068,8.062258,10.77033,13.0,15.231546,17.464249,18.788294,19.235384,19.723083,18.027756,16.401219,14.21267,11.313708,2.0,3.605551,6.082763,8.0,10.049876,12.369317,13.0,13.416408,13.038405,12.206556,9.219544,8.485281,5.656854,5.0,2.236068,2.236068,3.162278,6.0,8.0,9.055385,12.041595,14.035669,15.033296,15.033296,16.124515,15.297059,13.601471,14.56022,15.524175,16.492423,16.763055,15.811388,14.866069,13.416408,12.083046,10.29563,8.944272,6.324555,5.09902,5.385165,5.656854,8.602325,10.816654,13.892444,17.492856,18.867962,20.808652,21.400935,21.400935,19.849433,17.691806,14.866069,12.041595,13.453624,14.866069,15.620499,15.0,13.601471,12.806248,10.630146,8.485281,6.403124,5.385165,5.0,5.385165,6.708204,7.211103,8.062258,9.433981,10.29563,10.29563,10.29563,10.29563,10.29563,10.816654,10.0,9.899495,10.816654
hoyeon_stand_normal_01,498,166,16.600907103825136,29.998360745314464,10,0.5495713949203491,0.6828757524490356,-0.2516021430492401,0.999987006187439,0.544479489326477,0.6938096880912781,-0.2405695766210556,0.9999599456787108,0.5415025949478149,0.6931468844413757,-0.2405790984630584,0.9999633431434632,0.5392065644264221,0.6921545267105103,-0.240604817867279,0.9999667406082152,0.5521884560585022,0.6945062279701233,-0.2401002943515777,0.9999467730522156,0.554429292678833,0.6946569085121155,-0.2401267141103744,0.9999449849128724,0.5567613244056702,0.6944728493690491,-0.2401382178068161,0.9999431371688844,0.5342645049095154,0.6826626062393188,-0.1585284918546676,0.9999442100524902,0.5592100024223328,0.6864509582519531,-0.1566699594259262,0.9998780488967896,0.544072687625885,0.6689140796661377,-0.2198529690504074,0.9999834895133972,0.5549525618553162,0.670613169670105,-0.2194055765867233,0.9999725222587584,0.5126355290412903,0.6052381992340088,-0.0913496315479278,0.9999727010726928,0.5792089700698853,0.6039015054702759,-0.0842254012823104,0.9999040365219116,0.505567193031311,0.5046533942222595,-0.0384311601519584,0.986319661140442,0.5850470066070557,0.5048903822898865,-0.0367549508810043,0.9523079991340636,0.5003872513771057,0.4231865406036377,-0.097334548830986,0.9699723124504088,0.5911543965339661,0.4190625250339508,-0.0934842005372047,0.9005959630012512,0.496504008769989,0.3954978883266449,-0.1160899773240089,0.937391996383667,0.5948207378387451,0.3908006846904754,-0.1125427186489105,0.8333803415298462,0.502001941204071,0.3954951763153076,-0.1437777727842331,0.9426434636116028,0.5913583636283875,0.3897349238395691,-0.1406720429658889,0.8439432978630066,0.504882276058197,0.4043471813201904,-0.1092057302594184,0.9308061599731444,0.5887224078178406,0.3983474671840668,-0.1058351173996925,0.8333631753921509,0.5276812314987183,0.4296121001243591,-0.0030624466016888,0.9995497465133668,0.569047212600708,0.4322088062763214,0.0029912472236901,0.9993953704833984,0.5257021188735962,0.2735610008239746,-0.031726848334074,0.9607618451118468,0.5729756951332092,0.2804910242557525,-0.0202419646084308,0.944610059261322,0.5305708050727844,0.1261275708675384,0.0509715639054775,0.9600878357887268,0.5739829540252686,0.1312934458255767,0.0603021197021007,0.921873152256012,0.5333139300346375,0.1054655089974403,0.0524317137897014,0.5429511070251465,0.5718307495117188,0.1092469170689582,0.0620183683931827,0.5164772272109985,0.5354067087173462,0.0780278220772743,-0.0603096336126327,0.9333598017692566,0.576205313205719,0.0833724290132522,-0.0464343950152397,0.9033958911895752,hoyeon_stand_normal_01,5.0,6.403124,9.848858,12.649111,16.155494,16.552945,17.464249,16.552945,15.652476,13.416408,12.529964,10.77033,9.219544,8.0,7.28011,7.211103,8.602325,10.77033,13.341664,16.124515,19.026298,22.022716,24.020824,26.07681,25.317978,24.515301,8.602325,10.816654,12.206556,15.0,15.620499,16.278821,16.278821,14.866069,12.806248,10.630146,8.602325,7.071068,4.242641,3.0,3.605551,5.0,7.615773,9.848858,12.083046,14.764823,16.124515,18.027756,17.804494,17.029386,14.866069,11.313708,13.601471,12.529964,12.083046,12.369317,12.165525,11.045361,10.0,9.055385,7.28011,6.324555,5.0,5.0,6.082763,7.071068,9.219544,11.7047,13.928388,16.155494,18.027756,18.973666,19.924859,19.646883,19.416488,17.117243,15.033296,12.0,1.0,3.605551,6.708204,8.944272,11.401754,13.152946,15.033296,15.0,14.035669,13.152946,11.401754,9.219544,7.28011,5.09902,3.0,2.236068,3.0,4.472136,6.708204,8.602325,10.816654,13.038405,13.601471,14.422205,15.0,14.866069,18.11077,15.297059,14.317821,11.401754,9.433981,9.219544,10.29563,11.18034,13.416408,14.764823,17.0,17.492856,19.416488,21.260292,21.213203,20.615528,20.0,18.867962,16.124515,13.038405,9.219544,6.708204,7.071068,9.433981,12.806248,16.278821,8.062258,6.708204,5.656854,6.324555,9.0,12.041595,14.035669,16.124515,17.029386,17.0,17.029386,17.117243,16.124515,14.142136,13.152946,11.18034,11.045361,10.0,11.18034,11.401754,12.369317,14.866069,15.811388,18.027756,19.646883,19.416488
hoyeon_stand_normal_01,501,167,16.70091256830601,29.998360745314464,10,0.5495263338088989,0.6829023957252502,-0.2532154321670532,0.9999868869781494,0.5444101691246033,0.6938117742538452,-0.2419905066490173,0.9999597668647766,0.5414373874664307,0.693145215511322,-0.241999551653862,0.9999631643295288,0.5391390323638916,0.6921523809432983,-0.2420263141393661,0.9999666213989258,0.5521109700202942,0.6945062875747681,-0.2416781634092331,0.9999464750289916,0.5543472170829773,0.6946571469306946,-0.2417048811912536,0.9999446272850036,0.5566617250442505,0.6944758892059326,-0.2417163997888565,0.9999428391456604,0.534179151058197,0.6826580762863159,-0.1593529731035232,0.9999438524246216,0.5590813159942627,0.6864487528800964,-0.1581851691007614,0.999877393245697,0.544007420539856,0.6689197421073914,-0.221281036734581,0.9999834895133972,0.5548478364944458,0.6706271171569824,-0.2210406959056854,0.9999724626541138,0.5125554800033569,0.6050354242324829,-0.0919947400689125,0.9999724626541138,0.5791682600975037,0.603889524936676,-0.0856585726141929,0.9999025464057922,0.5055460333824158,0.5045105814933777,-0.0390484295785427,0.9863522052764891,0.5850273966789246,0.5048462748527527,-0.0386009365320205,0.9526365399360656,0.5003849864006042,0.4230573773384094,-0.098616637289524,0.9698897004127502,0.5909857153892517,0.4189387261867523,-0.0956232026219368,0.8996760249137878,0.4965075850486755,0.3954374194145202,-0.1176368966698646,0.9370765686035156,0.594614565372467,0.3906353414058685,-0.1149154752492904,0.8316906094551086,0.5020309090614319,0.3954355120658874,-0.1454639881849289,0.942354142665863,0.5911614298820496,0.3895791172981262,-0.1432638764381408,0.8423184752464294,0.5048949718475342,0.4042507410049438,-0.1105637773871421,0.930448591709137,0.5885230898857117,0.3981247842311859,-0.1080767586827278,0.8317443132400513,0.5276151299476624,0.4296124279499054,-0.0029174056835472,0.999544620513916,0.5689929723739624,0.4322515726089477,0.0028442863840609,0.9993873834609984,0.5257394909858704,0.2732983529567718,-0.0318451300263404,0.95978444814682,0.5728428363800049,0.2802623808383941,-0.0204556975513696,0.9429901838302612,0.530574381351471,0.1255536377429962,0.0513243190944194,0.95895916223526,0.5737533569335938,0.1307640224695205,0.0606256909668445,0.919510006904602,0.5333151817321777,0.1050849333405494,0.0528160445392131,0.5383320450782776,0.5716508030891418,0.1091403290629386,0.0624115578830242,0.5101605653762817,0.5353181958198547,0.0774154439568519,-0.060380183160305,0.9316401481628418,0.5759591460227966,0.0827001184225082,-0.0463046841323375,0.9007424712181092,hoyeon_stand_normal_01,4.123106,4.472136,7.071068,10.049876,12.165525,13.152946,13.152946,13.152946,12.369317,11.401754,10.198039,9.055385,7.0,6.082763,5.830952,5.0,7.28011,8.062258,11.045361,14.142136,16.278821,19.416488,21.377558,22.090722,22.022716,21.0,8.246211,10.198039,12.369317,13.341664,14.56022,13.928388,13.928388,13.416408,11.18034,10.29563,8.062258,6.708204,5.09902,4.123106,3.605551,4.472136,6.324555,8.246211,10.198039,12.369317,14.317821,14.866069,16.155494,14.317821,13.416408,10.29563,14.719812,14.9088135,14.405694,14.0532435,13.0469565,12.323416,11.576473,11.545527,10.535534,10.6789255,10.016648,10.5,11.0413815,11.5,12.625382000000002,12.771945,13.540667,13.904208,12.8600225,12.985719,13.113515,14.143003,15.5524865,16.031340999999998,16.555385,16.2188365,8.6394105,10.3027755,11.7601835,12.2342235,12.35235,11.3878225,9.571068,8.223755,8.118034,9.8733045,10.3335865,10.310649000000002,10.112007,9.5673445,9.016648,9.1802915,8.566372999999999,9.8845975,10.5130125,11.460073,11.4910895,11.603278,12.3909055,13.09017,13.8361585,14.142136,17.0,14.0,12.0,10.049876,7.615773,7.81025,7.81025,8.944272,11.18034,12.529964,14.422205,15.811388,17.029386,17.691806,18.601075,18.867962,17.888544,16.552945,14.317821,10.77033,8.062258,5.830952,6.324555,8.602325,12.041595,14.866069,8.062258,7.0,5.385165,5.830952,7.28011,10.049876,13.038405,15.033296,15.132746,16.278821,16.492423,15.524175,13.601471,13.0,11.7047,10.77033,9.848858,9.486833,9.055385,10.0,11.045361,13.152946,14.142136,16.278821,17.117243,18.027756
hoyeon_stand_normal_01,504,168,16.800918032786885,29.998360745314464,10,0.5494511723518372,0.682992696762085,-0.2430437356233596,0.9999868273735046,0.5442861318588257,0.6938359141349792,-0.231443241238594,0.9999597668647766,0.5413253307342529,0.6931629776954651,-0.2314524948596954,0.9999631643295288,0.5390406847000122,0.6921730041503906,-0.2314768433570861,0.9999666810035706,0.5519751310348511,0.6945313215255737,-0.2312776446342468,0.9999464750289916,0.554218053817749,0.6946836113929749,-0.2313010245561599,0.9999446272850036,0.5564939379692078,0.694526731967926,-0.231309100985527,0.99994295835495,0.5340685248374939,0.6826545000076294,-0.1484163552522659,0.9999436736106871,0.5589048862457275,0.6864693760871887,-0.1478929072618484,0.9998775124549866,0.5439339280128479,0.6689881682395935,-0.2111098617315292,0.999983549118042,0.5547243356704712,0.6707191467285156,-0.2110438644886016,0.999972641468048,0.5124729871749878,0.6049288511276245,-0.0825314149260521,0.999972403049469,0.5791141986846924,0.6038848161697388,-0.0782834514975547,0.9999020099639891,0.5055001974105835,0.5043910145759583,-0.0324014201760292,0.986325204372406,0.5849736332893372,0.5048379302024841,-0.033703938126564,0.952977180480957,0.5003833174705505,0.4230294227600097,-0.0950841009616851,0.9699146151542664,0.5909061431884766,0.4189330637454986,-0.0923767536878585,0.8992037773132324,0.4965094327926636,0.3954334855079651,-0.1150833368301391,0.9370638728141784,0.5945862531661987,0.3906213641166687,-0.1125250086188316,0.8308933973312378,0.502048671245575,0.3954320847988128,-0.142534539103508,0.9423396587371826,0.5911040902137756,0.3895553648471832,-0.14046511054039,0.8415444493293762,0.5049026012420654,0.4042389094829559,-0.1070603281259536,0.9303609132766724,0.5884407758712769,0.3980962932109833,-0.1047622710466384,0.8308573961257935,0.5275902152061462,0.4295331239700317,-0.0025256287772208,0.9995445609092712,0.5689706802368164,0.4322415888309479,0.0024543344043195,0.9993869662284852,0.5257527232170105,0.2729511260986328,-0.0320397801697254,0.9596550464630128,0.5728591084480286,0.2792952358722687,-0.022355942055583,0.9429329633712769,0.5306269526481628,0.1250048875808715,0.0514275915920734,0.9587368369102478,0.5738714933395386,0.1288305222988128,0.059833325445652,0.9190125465393066,0.533406674861908,0.1045728623867034,0.052946675568819,0.5371642112731934,0.5719403028488159,0.1082486435770988,0.0616030134260654,0.5061101913452148,0.5352515578269958,0.0766336768865585,-0.0604675039649009,0.931356966495514,0.5758211612701416,0.0801859050989151,-0.0478597432374954,0.9000086784362793,hoyeon_stand_normal_01,24.698178,24.738634,22.203603,19.026298,15.0,11.0,7.28011,5.0,5.385165,7.071068,10.0,12.041595,13.038405,15.033296,16.03122,17.029386,19.0,19.0,19.0,19.026298,18.027756,16.0,13.038405,10.440307,10.0,12.206556,12.0,12.0,10.049876,9.0,7.071068,6.324555,6.403124,7.81025,9.433981,10.816654,12.206556,12.206556,12.806248,13.453624,12.727922,12.041595,10.630146,9.219544,7.81025,6.403124,5.09902,6.708204,10.0,14.866069,19.209373,21.633308,17.029386,16.401219,15.811388,15.264338,14.317821,13.601471,14.142136,14.035669,15.0,16.03122,17.029386,17.029386,17.0,17.0,17.029386,16.03122,14.142136,12.041595,10.0,7.28011,7.071068,9.486833,12.165525,16.124515,19.235384,21.587033,16.0,16.278821,15.811388,14.764823,12.206556,9.219544,5.830952,2.0,2.828427,5.830952,8.544004,11.18034,13.038405,14.0,14.035669,14.142136,14.317821,14.56022,13.341664,12.369317,11.18034,11.0,10.440307,10.29563,12.806248,14.142136,12.041595,13.152946,14.142136,15.132746,15.132746,15.033296,14.0,12.0,11.045361,9.055385,8.062258,6.082763,4.123106,3.605551,5.385165,7.071068,10.049876,13.038405,16.03122,18.11077,19.235384,19.416488,19.646883,18.439089,16.763055,13.601471,13.152946,14.317821,15.524175,15.524175,15.811388,14.866069,13.928388,11.7047,9.486833,8.062258,6.082763,5.385165,6.403124,7.071068,7.211103,8.602325,8.602325,10.0,10.0,10.630146,10.630146,10.630146,10.0,9.848858,9.486833,10.049876
hoyeon_stand_normal_01,507,169,16.900923497267758,29.998360745314464,10,0.5493688583374023,0.6830166578292847,-0.2430151402950287,0.9999868869781494,0.5441904664039612,0.6938376426696777,-0.2314513325691223,0.9999600648880004,0.5412379503250122,0.693162202835083,-0.2314607352018356,0.999963402748108,0.538967490196228,0.6921732425689697,-0.2314850986003875,0.9999669790267944,0.5518699884414673,0.6945323944091797,-0.2312554866075515,0.9999468922615052,0.5541201829910278,0.6946849822998047,-0.2312784940004348,0.9999450445175172,0.5563840866088867,0.6945324540138245,-0.2312856316566467,0.9999434351921082,0.5339969396591187,0.6826494932174683,-0.148502916097641,0.9999440908432008,0.5588141083717346,0.6864681839942932,-0.1477998942136764,0.9998785853385924,0.5438528060913086,0.6689975261688232,-0.2110927551984787,0.9999837279319764,0.5546265244483948,0.6707314848899841,-0.2109858691692352,0.999972939491272,0.5123943090438843,0.6048526763916016,-0.0827172175049781,0.9999722838401794,0.5790789127349854,0.6038656234741211,-0.0776244103908538,0.9999014735221864,0.5054584741592407,0.5043184161186218,-0.0324104391038417,0.986242949962616,0.5849568247795105,0.5048336386680603,-0.032881923019886,0.9530048370361328,0.5003825426101685,0.4229930937290191,-0.094997689127922,0.9694668650627136,0.5908040404319763,0.4189264178276062,-0.0919771343469619,0.8979500532150269,0.4965235590934753,0.3954189419746399,-0.114817090332508,0.9361861944198608,0.5944969654083252,0.3905961215496063,-0.1124699637293815,0.8289478421211243,0.5020774006843567,0.3954188227653503,-0.1423755586147308,0.9415218234062196,0.5910138487815857,0.3895280361175537,-0.140249028801918,0.8397002220153809,0.5049166679382324,0.404208093881607,-0.1070059761404991,0.929379105567932,0.5883386731147766,0.3980776071548462,-0.104366734623909,0.8289494514465332,0.5275751352310181,0.4295060634613037,-0.0025349992793053,0.999544322490692,0.5689576268196106,0.4322451949119568,0.0024638485629111,0.9993867874145508,0.525894820690155,0.2727970778942108,-0.0320939682424068,0.9597963690757751,0.572877049446106,0.2791865766048431,-0.0221626702696084,0.9433051943778992,0.5306236147880554,0.1249936446547508,0.0513470135629177,0.959031343460083,0.5739404559135437,0.1287695169448852,0.0598941482603549,0.9195411205291748,0.5333735942840576,0.1045585423707962,0.0528255105018615,0.537094235420227,0.5721081495285034,0.1082138791680336,0.0616416372358799,0.5057316422462463,0.5352591276168823,0.0763241201639175,-0.0606204457581043,0.9317612648010254,0.5758307576179504,0.0802579820156097,-0.0477178320288658,0.900512158870697,hoyeon_stand_normal_01,5.0,6.082763,8.062258,11.401754,14.422205,15.264338,15.264338,15.264338,13.892444,12.529964,11.661904,9.433981,7.81025,6.403124,6.324555,6.0,7.615773,9.219544,12.041595,15.0,18.601075,20.808652,23.600847,24.839485,24.083189,22.627417,9.219544,11.401754,14.21267,15.0,16.643317,16.124515,15.652476,15.231546,13.0,11.7047,8.944272,7.211103,5.656854,4.472136,5.0,6.324555,8.062258,10.816654,13.038405,15.264338,17.492856,18.35756,18.788294,17.088007,15.811388,11.7047,16.401219,16.401219,15.811388,14.764823,14.317821,13.601471,13.152946,14.035669,14.0,15.033296,15.0,16.0,16.0,16.03122,16.03122,15.132746,13.152946,11.18034,9.055385,6.324555,6.403124,8.246211,12.041595,15.033296,18.248288,20.615528,16.763055,18.11077,17.0,16.124515,13.601471,9.848858,5.830952,1.414214,2.236068,6.708204,9.486833,11.401754,13.152946,15.033296,15.0,16.03122,16.124515,16.124515,15.297059,14.142136,13.038405,12.041595,11.401754,11.18034,12.806248,14.142136,13.129936,15.3102495,15.715943500000002,16.106303500000003,16.340020000000003,15.949660000000002,14.866069,13.453624,12.1240755,10.408327,8.6221155,6.737096,5.701562,4.7541355,5.6925825,7.728657,10.700238,13.435016,16.415883,18.6136915,19.4535445,20.71209,20.248457,19.6706735,17.6064505,14.226332,12.54,14.738504,15.5622575,16.405694,15.908641500000002,15.0373405,13.678113,11.44985,9.757587,7.81025,6.555664,6.203659,6.5413815,7.035534,8.154234500000001,9.1374645,10.198039,10.6217,11.1128505,11.6109675,12.10356,11.6109675,11.18034,11.0725035,10.975335,10.816654
hoyeon_stand_normal_01,510,170,17.000928961748635,29.998360745314464,10,0.5493243336677551,0.6830087304115295,-0.2437206208705902,0.9999869465827942,0.5441427230834961,0.6938271522521973,-0.232143685221672,0.9999603629112244,0.5411909222602844,0.6931483149528503,-0.2321525365114212,0.999963641166687,0.5389220118522644,0.6921588778495789,-0.2321780025959015,0.9999672174453736,0.5518180727958679,0.6945179104804993,-0.231964886188507,0.9999472498893738,0.554071843624115,0.6946700215339661,-0.2319883406162262,0.9999454021453856,0.5563425421714783,0.694518506526947,-0.2319943457841873,0.9999438524246216,0.5339633822441101,0.6826301217079163,-0.1488979607820511,0.999944508075714,0.55877685546875,0.6864527463912964,-0.148320734500885,0.9998796582221984,0.5438141226768494,0.6689779758453369,-0.2117087543010711,0.9999839067459106,0.5545810461044312,0.6707137227058411,-0.2116182744503021,0.9999731779098512,0.5123525261878967,0.6047543287277222,-0.0829463824629783,0.9999722838401794,0.5790607929229736,0.6038544178009033,-0.07784304022789,0.9999011754989624,0.5054307579994202,0.5042926073074341,-0.0328838005661964,0.9862267374992372,0.5849542617797852,0.5048275589942932,-0.0327659733593463,0.953330099582672,0.5003818869590759,0.4229886829853058,-0.0955669730901718,0.969251036643982,0.5907443761825562,0.4189225435256958,-0.091683991253376,0.8971757888793945,0.4965358376502991,0.3954154551029205,-0.1153363958001136,0.9356701374053956,0.5944169163703918,0.3905924558639526,-0.1119209006428718,0.8275353312492371,0.5020903944969177,0.3954154551029205,-0.1429947912693023,0.9410438537597656,0.5909301042556763,0.3895232081413269,-0.1398369818925857,0.8383549451828003,0.504922091960907,0.4042010307312011,-0.1076109558343887,0.9287953972816468,0.5882495045661926,0.3980693817138672,-0.1041028648614883,0.8275513052940369,0.5275623798370361,0.4294972121715545,-0.0025193949695676,0.999543845653534,0.5689235925674438,0.4322607219219208,0.0024483255110681,0.999386191368103,0.5260024070739746,0.2725403606891632,-0.0324409343302249,0.9594966173171996,0.5729351043701172,0.2789983749389648,-0.0222191754728555,0.943062663078308,0.5306616425514221,0.1245818957686424,0.0513342656195163,0.9587373733520508,0.5739650130271912,0.1286046653985977,0.0597952455282211,0.9190047979354858,0.5333834290504456,0.104219764471054,0.0527685098350048,0.5350660681724548,0.5721912980079651,0.1081347540020942,0.0615063942968845,0.5027331709861755,0.5352581143379211,0.0760972574353218,-0.0610117316246032,0.9313334822654724,0.5758373737335205,0.0798633620142936,-0.0481098815798759,0.8997386693954468,hoyeon_stand_normal_01,6.082763,6.403124,9.486833,12.369317,14.56022,15.811388,16.155494,16.155494,15.231546,13.0,11.7047,10.440307,9.219544,8.0,7.28011,7.211103,8.602325,10.77033,13.341664,16.124515,19.104973,22.090722,25.179357,26.305893,26.476405,24.738634,10.049876,12.041595,14.035669,16.124515,17.262677,16.492423,16.763055,14.866069,13.928388,11.7047,9.848858,8.246211,6.0,4.123106,5.0,5.830952,8.246211,10.198039,12.369317,14.56022,16.763055,18.027756,18.384776,17.888544,15.652476,11.18034,16.278821,16.124515,16.03122,14.0,14.035669,13.341664,13.928388,13.892444,13.892444,15.264338,16.643317,16.643317,16.124515,17.0,16.552945,14.866069,13.928388,11.7047,8.944272,6.403124,6.082763,8.544004,12.083046,15.652476,19.313208,20.880613,16.970563,18.027756,17.888544,15.811388,13.341664,10.049876,6.0,2.0,2.236068,6.403124,9.219544,11.313708,12.806248,14.422205,15.264338,15.652476,16.155494,14.866069,14.866069,13.928388,12.083046,11.661904,11.313708,11.661904,13.0,14.56022,17.720045,15.524175,13.341664,11.18034,9.0,8.544004,9.433981,10.630146,12.041595,14.21267,15.0,17.492856,18.35756,19.313208,19.924859,19.416488,20.223748,18.11077,16.03122,12.041595,9.219544,6.403124,7.28011,10.049876,13.341664,15.297059,8.544004,6.082763,5.09902,5.656854,8.062258,10.440307,12.649111,14.56022,15.811388,16.552945,16.552945,15.264338,14.422205,13.601471,11.401754,10.816654,10.29563,9.848858,9.848858,10.440307,12.165525,14.142136,16.124515,17.117243,18.439089,18.439089
hoyeon_stand_normal_01,513,171,17.100934426229507,29.998360745314464,10,0.5492214560508728,0.6830028891563416,-0.243877425789833,0.999987006187439,0.5440393090248108,0.6938198208808899,-0.2322761714458465,0.999960482120514,0.5410891175270081,0.6931378245353699,-0.2322849631309509,0.9999637603759766,0.5388424396514893,0.6921495795249939,-0.2323110550642013,0.9999673366546632,0.5517287850379944,0.6945115327835083,-0.2321427464485168,0.9999473690986632,0.5540021061897278,0.6946642398834229,-0.2321667671203613,0.99994558095932,0.5562834143638611,0.6945158243179321,-0.2321721911430359,0.9999440908432008,0.5339138507843018,0.6826187968254089,-0.1490264385938644,0.9999445676803588,0.5587594509124756,0.6864505410194397,-0.1485337316989898,0.9998802542686462,0.5437248945236206,0.6689632534980774,-0.2118137925863266,0.9999839663505554,0.5544971227645874,0.6706963181495667,-0.2117790579795837,0.9999732971191406,0.5122851729393005,0.6047276258468628,-0.0830581858754158,0.9999723434448242,0.5790299773216248,0.6038515567779541,-0.0782326385378837,0.9999009370803832,0.5053796172142029,0.5042883157730103,-0.0334175489842891,0.9862141013145448,0.5849527716636658,0.5048245191574097,-0.0335022695362567,0.9538936614990234,0.50037682056427,0.4229868352413177,-0.0963657349348068,0.9691752791404724,0.5907106399536133,0.4189189672470093,-0.0921300128102302,0.8971635699272156,0.4965490996837616,0.3954152464866638,-0.1161961778998375,0.9353970289230348,0.5943862199783325,0.3905893266201019,-0.1122237518429756,0.8271378874778748,0.5020963549613953,0.3954198956489563,-0.1437413841485977,0.9408025741577148,0.5908986330032349,0.3895213305950165,-0.140117734670639,0.8379874229431152,0.5049234628677368,0.4041963219642639,-0.1083988770842552,0.9285221099853516,0.5882126092910767,0.3980674743652344,-0.1045236960053443,0.8271930813789368,0.5275577902793884,0.4294939637184143,-0.0024653954897075,0.999545395374298,0.5689037442207336,0.4323395192623138,0.0023943674750626,0.9993865489959716,0.5260873436927795,0.2725446820259094,-0.0329960659146308,0.9588071703910828,0.5729221105575562,0.2790715396404266,-0.0224058721214532,0.9420518279075624,0.5306955575942993,0.1245431825518608,0.0510791428387165,0.9580420851707458,0.5739667415618896,0.128731220960617,0.0598010644316673,0.9176069498062134,0.5334241390228271,0.1041324064135551,0.05260506644845,0.5330358147621155,0.5722086429595947,0.1082043349742889,0.0615150593221187,0.4984175264835357,0.5352281332015991,0.0760497897863388,-0.061106614768505,0.9304766058921814,0.5758342146873474,0.0800263658165931,-0.0479826442897319,0.8981532454490662,hoyeon_stand_normal_01,5.385165,6.324555,9.055385,12.0,15.033296,16.03122,16.124515,15.132746,14.142136,13.152946,11.18034,10.0,8.062258,7.28011,7.211103,7.211103,8.544004,10.049876,13.0,16.124515,19.235384,22.203603,24.186773,25.079872,25.019992,24.0,9.055385,11.18034,13.152946,15.033296,16.03122,17.0,16.03122,15.132746,13.152946,11.18034,9.055385,7.0,5.09902,4.472136,4.472136,6.082763,8.0,10.0,12.0,15.0,16.03122,18.11077,17.262677,16.492423,14.56022,11.401754,15.811388,15.811388,15.524175,14.142136,13.038405,13.038405,12.369317,13.928388,14.317821,14.317821,15.652476,16.552945,16.552945,16.155494,16.155494,14.56022,13.601471,11.401754,8.544004,6.403124,5.09902,8.246211,12.083046,15.231546,18.384776,20.880613,16.552945,17.720045,17.117243,16.0,13.152946,9.486833,5.385165,2.236068,2.828427,6.403124,8.602325,11.661904,13.416408,14.866069,15.524175,16.278821,16.124515,16.124515,15.033296,14.142136,12.165525,11.7047,10.816654,11.313708,13.038405,14.317821,13.0,14.56022,15.524175,15.811388,15.811388,15.231546,14.317821,12.529964,11.661904,9.433981,8.062258,5.830952,5.09902,4.123106,5.0,7.81025,10.29563,13.892444,16.124515,18.027756,20.248457,20.615528,20.615528,19.209373,16.278821,14.142136,14.422205,15.811388,16.401219,17.029386,17.029386,16.278821,14.142136,12.041595,10.0,8.062258,7.28011,6.0,6.324555,6.708204,8.062258,9.433981,9.433981,10.816654,11.18034,11.18034,11.18034,11.18034,11.661904,10.630146,11.313708,10.816654
hoyeon_stand_normal_01,516,172,17.200939890710384,29.998360745314464,10,0.5489959716796875,0.6830018162727356,-0.2460212856531143,0.9999870657920836,0.5438404679298401,0.6938092708587646,-0.2343399375677108,0.9999607801437378,0.5409033298492432,0.6931168437004089,-0.2343486994504928,0.9999639987945556,0.5387086272239685,0.6921263933181763,-0.2343755364418029,0.9999675750732422,0.5515763759613037,0.6945096254348755,-0.2344861924648285,0.9999477863311768,0.5538904070854187,0.6946631669998169,-0.2345116883516311,0.9999460577964784,0.5561862587928772,0.6945174336433411,-0.2345176190137863,0.9999446272850036,0.5338497161865234,0.6826010942459106,-0.1502826660871505,0.9999449849128724,0.5587578415870667,0.6864489912986755,-0.1511126905679702,0.9998819231987,0.5435351133346558,0.668956995010376,-0.2136332690715789,0.9999841451644896,0.554352879524231,0.6706901788711548,-0.2139421254396438,0.9999736547470092,0.5122737288475037,0.6047244668006897,-0.0830886140465736,0.9999724626541138,0.5790157318115234,0.603825032711029,-0.0802438184618949,0.9999010562896729,0.5053175091743469,0.50429368019104,-0.0333104394376277,0.986199140548706,0.5849513411521912,0.504753053188324,-0.0354147925972938,0.9546868801116944,0.5003606081008911,0.4229884147644043,-0.0961721390485763,0.9692168831825256,0.5906967520713806,0.4188825190067291,-0.0944577008485794,0.8978224992752075,0.4965501427650451,0.3954129815101623,-0.1159258931875228,0.935390293598175,0.594380795955658,0.3905322849750519,-0.1146713346242904,0.8277595043182373,0.5020965933799744,0.3954197466373443,-0.1435810476541519,0.9408097863197328,0.5908788442611694,0.3894630670547485,-0.1428137421607971,0.8386109471321106,0.5049207210540771,0.4041923582553863,-0.1082416698336601,0.9285294413566588,0.5881834030151367,0.3980307281017303,-0.1069375202059745,0.8278566002845764,0.5275390148162842,0.4295094907283783,-0.0022647860459983,0.9995447993278505,0.5688849091529846,0.4324236214160919,0.0021948067005723,0.999384880065918,0.5260832905769348,0.2724970281124115,-0.033087071031332,0.9585753083229064,0.5729395151138306,0.279065877199173,-0.0228139404207468,0.9414650797843932,0.5306913256645203,0.1245883256196975,0.0510489791631698,0.957573413848877,0.5739929676055908,0.1286750733852386,0.059388417750597,0.9165073037147522,0.5334110856056213,0.1041314974427223,0.0525643043220043,0.5304235219955444,0.572263777256012,0.1081020459532737,0.0610572881996631,0.4942551851272583,0.535198450088501,0.0757745131850242,-0.061126135289669,0.9298527240753174,0.5757991671562195,0.0795478895306587,-0.0489603281021118,0.896872878074646,hoyeon_stand_normal_01,26.0,25.179357,23.537205,19.924859,15.231546,10.77033,7.28011,5.09902,5.0,7.28011,9.219544,11.18034,13.341664,14.317821,16.492423,17.464249,18.681542,19.646883,19.924859,18.973666,17.088007,15.524175,12.165525,10.049876,10.29563,12.727922,14.866069,13.928388,13.0,10.77033,9.486833,8.062258,8.246211,9.486833,10.29563,12.529964,12.529964,13.892444,14.317821,14.317821,13.928388,12.649111,12.369317,11.18034,9.219544,6.324555,5.0,6.0,9.486833,13.928388,18.973666,22.561028,17.720045,17.117243,17.029386,17.029386,16.124515,15.297059,14.317821,12.369317,9.848858,8.602325,7.071068,6.708204,7.071068,8.246211,11.18034,13.416408,16.643317,19.723083,21.470911,23.259407,24.166092,24.698178,23.4094,20.880613,18.439089,14.035669,1.0,3.162278,6.708204,9.219544,12.727922,15.0,16.124515,16.552945,15.811388,14.56022,12.369317,11.18034,8.062258,5.09902,3.605551,2.0,2.828427,6.403124,8.602325,10.816654,13.601471,15.811388,18.027756,18.867962,19.235384,19.235384,14.425376,14.983006,14.8328055,14.3567955,13.750491833333337,13.105168166666669,12.850395166666669,11.913421333333332,12.014530999999998,11.205143,10.649474833333333,9.750715,9.507385333333335,9.097482333333332,9.983001666666668,11.457516,13.383401166666664,15.085582333333337,15.655823666666668,16.198433,16.516632333333334,15.829849,16.0495855,16.158341166666666,15.267131666666668,14.3820795,12.121678333333334,12.453677166666663,12.754082833333335,13.244333166666667,13.9698225,14.311991333333337,13.811041500000002,13.069919833333334,12.2066525,11.095889666666665,10.424483666666664,9.446990833333334,9.141714,9.0988895,9.5854975,9.927808,9.924223833333333,10.638056833333334,10.702842,11.0939035,11.529573,11.972536333333334,12.776989333333333,12.919443666666666,13.663371,13.516689666666666
hoyeon_stand_normal_01,522,174,17.40095081967213,29.998360745314464,10,0.5486535429954529,0.682957649230957,-0.2460407465696334,0.999987244606018,0.5435889363288879,0.6937204599380493,-0.2343322485685348,0.9999613165855408,0.540669858455658,0.6929680705070496,-0.2343410849571228,0.9999645352363586,0.5385460257530212,0.6919400691986084,-0.234367698431015,0.9999679923057556,0.5513486862182617,0.6944937109947205,-0.2345076650381088,0.999948501586914,0.5537099838256836,0.6946547627449036,-0.2345328480005264,0.99994695186615,0.5560280084609985,0.6945202946662903,-0.2345384061336517,0.9999455213546752,0.5337927937507629,0.6824653148651123,-0.1503824889659881,0.999945878982544,0.5587666630744934,0.686447262763977,-0.1514462381601333,0.9998843669891356,0.5432952046394348,0.6688883900642395,-0.213665172457695,0.999984323978424,0.5541459918022156,0.6706390976905823,-0.2140282541513443,0.9999740719795228,0.5122618675231934,0.604716956615448,-0.08335842192173,0.9999727606773376,0.5790218114852905,0.6036947965621948,-0.080298326909542,0.9999010562896729,0.5052912831306458,0.5042873024940491,-0.0330515578389167,0.9862539768218994,0.5849387645721436,0.5045685768127441,-0.0349481292068958,0.9557895064353944,0.5003451108932495,0.4230154752731323,-0.0956511572003364,0.9694052934646606,0.5906941294670105,0.4188336431980133,-0.093730054795742,0.8990271687507629,0.4965501427650451,0.3954412639141083,-0.1152808740735054,0.9356228709220886,0.5943870544433594,0.3904868960380554,-0.113719068467617,0.8291199207305908,0.5021005868911743,0.395478218793869,-0.1430079042911529,0.9410346746444702,0.5908868908882141,0.3894317746162414,-0.1419031023979187,0.8399491310119629,0.5049188733100891,0.404229998588562,-0.1077675893902778,0.9288219213485718,0.588188111782074,0.398009330034256,-0.1062209829688072,0.8293077945709229,0.5274794697761536,0.4295769929885864,-0.0022816101554781,0.9995447993278505,0.5688511729240417,0.4324351549148559,0.0022123914677649,0.9993837475776672,0.5260538458824158,0.2730904221534729,-0.0328553207218647,0.9580568075180054,0.5729196071624756,0.2792508602142334,-0.0225148797035217,0.9402750730514526,0.5306314826011658,0.1250159591436386,0.0493306554853916,0.9566627740859984,0.573984682559967,0.1290012598037719,0.059047695249319,0.9146228432655334,0.5333722829818726,0.1045568361878395,0.050538744777441,0.5268034338951111,0.5722365975379944,0.1082853227853775,0.0605430267751216,0.4894122183322906,0.535129964351654,0.075751282274723,-0.0628717765212059,0.9287158250808716,0.5758459568023682,0.0800538957118988,-0.0488443858921527,0.894745409488678,hoyeon_stand_normal_01,26.217312000000003,26.12883666666667,23.79042433333333,20.35966133333333,16.038695,12.427540666666667,8.154769666666667,5.579872333333333,5.617697666666667,7.603416666666667,9.772359333333334,11.541229666666666,13.316078,15.057076333333333,16.509401666666665,17.734257,18.862881666666667,19.477898,19.684719,19.087323,17.62054533333333,15.894313000000002,13.253172,10.748766666666668,10.525000666666664,12.786500666666669,13.898557333333336,12.876232333333332,12.438428,10.777893666666666,9.280742333333333,8.685487,8.760600666666667,9.944113,10.926711,12.257023666666669,12.903660333333336,13.668319666666669,13.703022666666667,13.852023333333332,13.337053,13.181218666666666,12.260603666666668,10.899128,9.586975333333331,7.471145333333333,5.998826,6.606510666666668,10.314952,14.282479,18.919633333333334,22.698778000000004,17.358955,17.0761355,16.510645,15.7764725,15.095581500000002,14.4329195,13.635026,13.241673,12.4073495,12.0933865,11.7023125,11.415476,11.6476005,12.7632535,13.5440035,14.482167,15.342367499999998,15.8023505,15.4719405,15.0789305,15.1726895,16.038557,17.716193,18.3580855,18.4403685,17.8460965,9.6033155,10.8383935,12.035534,13.053509,13.076473,12.7620875,11.180792,9.632727,9.118034,10.2092305,10.820365,10.905243,10.0519265,9.8007355,8.527360999999999,8.9635505,9.2204635,10.7871365,11.6811845,12.330952,13.2526255,13.7299855,14.328951,15.539196,16.5,16.8847965,15.850752,15.405792,14.141436,12.902203,11.689595666666667,10.978790333333334,11.382969333333332,11.296878666666666,12.367157999999998,12.976305000000002,13.236691666666667,13.670478,13.915750666666668,14.071858666666666,14.966003333333331,15.104782,16.47117233333333,16.27872066666667,15.187132333333333,14.36911,12.784807666666667,11.04417,11.483643,13.107309333333331,14.255442333333333,14.622023,9.821151666666667,9.095966333333331,9.106946666666667,9.459280333333334,10.910258999999998,12.345161666666668,13.479947,14.098244666666668,14.413305,14.129521333333331,13.568857333333332,12.893981666666669,11.958873,11.489575,11.108737,10.421635,10.414466666666668,10.459459666666667,10.225344,11.007467,11.878806,12.764732666666667,13.892074666666666,15.208741333333334,16.013034,16.216725333333333
hoyeon_stand_normal_01,525,175,17.500956284153006,29.998360745314464,10,0.5486360788345337,0.6828981637954712,-0.2461221367120742,0.9999874830245972,0.543580949306488,0.6936440467834473,-0.2344130426645279,0.9999619722366332,0.5406613945960999,0.6928409337997437,-0.2344214171171188,0.9999651312828064,0.5385387539863586,0.69175785779953,-0.2344476133584976,0.9999685287475586,0.5513325333595276,0.6944813132286072,-0.2346466183662414,0.9999493956565856,0.5536916851997375,0.6946505308151245,-0.2346712946891784,0.9999479055404664,0.5560146570205688,0.6945229768753052,-0.2346759587526321,0.9999464154243468,0.5337931513786316,0.6823223829269409,-0.1504101306200027,0.9999467730522156,0.558772087097168,0.6864550709724426,-0.1519142985343933,0.9998865127563475,0.5432941913604736,0.6687763333320618,-0.2137504369020462,0.9999845623970032,0.554143488407135,0.6705886125564575,-0.214204803109169,0.999974489212036,0.5123799443244934,0.6047197580337524,-0.0834309086203575,0.9999731779098512,0.5790771842002869,0.6035991907119751,-0.0804262086749076,0.999902069568634,0.5052881240844727,0.5043034553527832,-0.0327227190136909,0.986364722251892,0.5849131345748901,0.5045215487480164,-0.034818161278963,0.9562190771102904,0.5003340840339661,0.4230271577835083,-0.0951785370707511,0.9697981476783752,0.5906930565834045,0.4188294410705566,-0.0935449749231338,0.8998269438743591,0.4965337514877319,0.3954553008079529,-0.1147182956337928,0.9363036751747132,0.5943869352340698,0.3904784619808197,-0.1135183423757553,0.8301966786384583,0.5020977258682251,0.3955094516277313,-0.1426644921302795,0.9416757225990297,0.5908884406089783,0.3894228041172027,-0.1416579037904739,0.840997040271759,0.5049169659614563,0.4042495787143707,-0.1073804423213005,0.9295374751091005,0.5881895422935486,0.3980058431625366,-0.106023259460926,0.8303684592247009,0.5274767279624939,0.4296300411224365,-0.0022767756599932,0.9995487332344056,0.5688384175300598,0.4324371814727783,0.0022077388130128,0.9993900656700134,0.5260176062583923,0.2731350064277649,-0.0316023491322994,0.958335816860199,0.5728713274002075,0.2792228162288666,-0.0218944381922483,0.9405459761619568,0.5306307077407837,0.1249531656503677,0.0487309247255325,0.9570172429084778,0.5739148259162903,0.1286682188510894,0.0586289763450622,0.9150781631469728,0.5333886742591858,0.1045211926102638,0.0496636666357517,0.5281848907470703,0.5721019506454468,0.1078022345900535,0.0599241480231285,0.489573210477829,0.5351144075393677,0.0757300853729248,-0.0639761388301849,0.9293939471244812,0.575795590877533,0.0800737217068672,-0.0490926541388034,0.8953670859336853,hoyeon_stand_normal_01,24.738634,24.698178,22.36068,19.723083,15.0,12.206556,8.062258,5.09902,5.385165,7.071068,8.602325,10.816654,12.206556,13.601471,15.811388,16.401219,17.804494,18.439089,19.104973,17.691806,16.278821,14.142136,12.206556,9.848858,10.0,11.401754,12.649111,11.7047,11.7047,10.77033,9.219544,8.0,9.055385,9.486833,9.848858,11.18034,12.083046,12.083046,13.0,12.649111,12.649111,12.369317,11.18034,10.198039,9.219544,7.28011,6.403124,6.324555,9.0,13.038405,18.027756,21.023796,14.2299785,14.2652455,13.654426,13.2274065,12.5207975,11.8731475,11.323431500000002,10.874754,10.739333,10.1589105,9.7084205,9.9475585,10.2983255,10.6735505,11.663298,12.6290155,12.979597,12.881446,12.5897505,12.5545305,12.2057315,13.7426405,14.714755,15.5622575,16.378455,15.600372,8.5622575,10.184303,11.4780345,12.3491595,12.444647,11.4105075,10.3604725,8.684407,8.0178345,8.5,9.0582145,9.626712,9.236411,9.3245555,8.769757,8.7489975,9.2111025,9.3502455,10.608622,11.4436315,11.421122,12.093369,12.481431,13.132169,13.7149315,14.3007355,16.278821,15.297059,13.341664,10.440307,8.944272,7.81025,8.062258,9.848858,10.77033,13.0,14.317821,16.124515,17.204651,17.804494,19.104973,19.209373,18.601075,16.643317,13.892444,11.661904,8.602325,5.385165,6.324555,9.433981,12.041595,14.866069,8.246211,6.324555,5.656854,6.324555,9.0,10.049876,13.152946,15.132746,16.124515,17.117243,16.0,16.03122,15.033296,14.142136,12.165525,11.18034,9.219544,9.055385,9.055385,10.198039,11.401754,13.0,15.231546,16.155494,18.027756,18.681542
hoyeon_stand_normal_01,528,176,17.60096174863388,29.998360745314464,10,0.5486365556716919,0.6828879117965698,-0.2459039390087127,0.9999876022338868,0.5435800552368164,0.6936378479003906,-0.2341375052928924,0.9999624490737916,0.5406600832939148,0.6928249001502991,-0.2341459244489669,0.9999655485153198,0.5385358333587646,0.6917281746864319,-0.2341723442077636,0.999968945980072,0.5513309836387634,0.6944841146469116,-0.2344692796468734,0.9999499917030334,0.5536895990371704,0.694664716720581,-0.2344931215047836,0.999948501586914,0.5560128688812256,0.6945675015449524,-0.2344970256090164,0.9999470114707948,0.5337978601455688,0.6822929978370667,-0.1499633342027664,0.9999474883079528,0.5587732195854187,0.6865226626396179,-0.1518550962209701,0.999888002872467,0.5433027148246765,0.6687453389167786,-0.2134586721658706,0.9999848008155824,0.5541513562202454,0.6705848574638367,-0.2140475064516067,0.9999748468399048,0.5125805139541626,0.604736864566803,-0.0828463584184646,0.9999735951423644,0.5791453719139099,0.6035007238388062,-0.0801059231162071,0.999902367591858,0.505286455154419,0.5043125152587891,-0.0308398213237524,0.9864418506622314,0.5848827958106995,0.5044318437576294,-0.0339464172720909,0.956334948539734,0.5003326535224915,0.4230592548847198,-0.0933564901351928,0.9701820611953736,0.5906938314437866,0.4188189506530761,-0.0925326645374298,0.900023877620697,0.4965325891971588,0.395483911037445,-0.112920694053173,0.9369969964027404,0.5943893790245056,0.3904419243335724,-0.1124145239591598,0.8305455446243286,0.5020979046821594,0.3955462276935577,-0.1411160677671432,0.9423307180404664,0.5908921957015991,0.3893866539001465,-0.1409267485141754,0.8413608074188232,0.5049174427986145,0.4042690396308899,-0.1056700721383094,0.930259108543396,0.5881949067115784,0.3979665040969848,-0.1051559299230575,0.8306999206542969,0.5274763107299805,0.4296562373638153,-0.0022073052823543,0.9995524883270264,0.5688255429267883,0.4324411451816559,0.0021394311916083,0.9993940591812134,0.5260029435157776,0.2730903029441833,-0.031564611941576,0.9585481286048888,0.5728645920753479,0.279213547706604,-0.0218815319240093,0.94062477350235,0.5306379795074463,0.1247365623712539,0.0484087690711021,0.9572204351425172,0.573896586894989,0.1282258033752441,0.0581257604062557,0.9151259660720824,0.5334380865097046,0.1040982231497764,0.0492919124662876,0.5287162661552429,0.57204270362854,0.1071344688534736,0.0593487508594989,0.4883986711502075,0.535102128982544,0.0755454525351524,-0.064718373119831,0.9297656416893004,0.5757035613059998,0.0791139081120491,-0.0498357415199279,0.8954827189445496,hoyeon_stand_normal_01,6.403124,7.0,9.486833,13.416408,16.155494,17.464249,18.027756,17.088007,15.811388,14.56022,13.601471,11.7047,9.848858,8.602325,7.211103,6.324555,8.062258,9.486833,12.529964,15.811388,17.804494,22.022716,24.207437,24.413111,24.698178,22.825424,9.219544,12.041595,13.601471,15.0,16.643317,16.124515,15.652476,14.317821,13.0,10.77033,8.944272,7.211103,5.656854,4.472136,5.0,6.324555,8.944272,11.661904,13.892444,16.124515,18.35756,19.697716,19.313208,18.973666,16.763055,13.341664,14.11498925,14.20369075,13.498045,12.93825875,12.30192175,11.52674375,10.80953075,9.7385395,9.2747915,8.281017250000001,7.090278250000001,7.47377925,7.841745249999999,8.538337250000001,10.0742895,11.62958075,13.5961335,14.2509725,15.14077825,15.82975175,15.65535225,16.47600675,16.657915000000003,16.10278725,15.1354495,13.390356,4.78112875,6.5921515,8.78039875,10.78435175,12.0746735,12.41345775,12.56264775,11.553306,11.11525225,10.613961,10.54990475,9.813356,8.5233305,7.490704749999999,6.187654,5.87449875,6.019764749999999,6.911190749999999,8.658413,10.46523225,11.411438,12.7175165,13.399626,14.328172,14.505995250000002,14.71674075,13.416408,14.317821,15.231546,15.231546,15.652476,15.652476,14.422205,13.038405,12.206556,10.0,8.602325,6.708204,5.385165,5.09902,5.830952,8.602325,11.313708,14.142136,16.970563,19.104973,20.518285,22.022716,21.400935,20.0,18.027756,15.264338,12.727922,13.453624,14.21267,15.620499,15.0,14.422205,12.806248,10.816654,8.602325,6.403124,5.385165,5.09902,5.09902,6.324555,7.615773,8.062258,8.944272,9.848858,9.848858,10.77033,10.440307,10.77033,9.848858,10.29563,10.0,10.630146
hoyeon_stand_normal_01,534,178,17.800972677595627,29.998360745314464,10,0.5488578081130981,0.6828572154045105,-0.2518567144870758,0.9999879002571106,0.5437164902687073,0.6936320662498474,-0.2403452694416046,0.9999633431434632,0.5407724976539612,0.6928161382675171,-0.2403557151556015,0.9999664425849916,0.5385609269142151,0.6917117834091187,-0.2403833121061325,0.9999698400497437,0.5514668822288513,0.694497287273407,-0.240415334701538,0.9999510645866394,0.5538064241409302,0.6946999430656433,-0.2404366433620453,0.9999495148658752,0.5561708807945251,0.6946160793304443,-0.2404413521289825,0.999948024749756,0.533823549747467,0.6822613477706909,-0.1563709527254104,0.9999491572380066,0.5587999820709229,0.6866125464439392,-0.1568631678819656,0.9998902678489684,0.5435229539871216,0.6686646342277527,-0.2193934023380279,0.9999852180480956,0.5544029474258423,0.6705669164657593,-0.2196240127086639,0.999975323677063,0.5127971768379211,0.6047589182853699,-0.0879834964871406,0.9999738931655884,0.5792515277862549,0.603322446346283,-0.0825966075062751,0.9999017119407654,0.5052961707115173,0.5043118000030518,-0.033614806830883,0.9864404201507568,0.5848477482795715,0.5042390823364258,-0.034598346799612,0.9551864862442015,0.5003378987312317,0.4230778813362121,-0.0954387113451957,0.969848334789276,0.5906754732131958,0.4187387228012085,-0.0932440534234047,0.8971475958824158,0.4965251684188843,0.3954892158508301,-0.1144760102033615,0.9363656640052797,0.594353437423706,0.3903564214706421,-0.112815074622631,0.8268095254898071,0.5020917654037476,0.3955572247505188,-0.1433096826076507,0.9417654871940612,0.5909109115600586,0.3893203139305115,-0.1418602019548416,0.8378833532333374,0.504922091960907,0.4042823016643524,-0.1078608408570289,0.9295558333396912,0.5882316827774048,0.3978779315948486,-0.1061171293258667,0.8271673917770386,0.527513325214386,0.4297563731670379,-0.0024028271436691,0.9995535612106324,0.5688292384147644,0.4325130879878998,0.0023344079963862,0.9993940591812134,0.5260012745857239,0.2731205523014068,-0.0313573703169822,0.9590559005737304,0.5728400349617004,0.2792193591594696,-0.0200395714491605,0.9411816000938416,0.5306601524353027,0.1245592609047889,0.0480127707123756,0.958116054534912,0.5738493800163269,0.1279357522726059,0.0588219165802001,0.9162759780883788,0.5334843397140503,0.1040559485554695,0.0487856902182102,0.5298452973365784,0.5718896985054016,0.1068250834941864,0.0599527284502983,0.4908680021762848,0.535194993019104,0.075403481721878,-0.0662072971463203,0.9311084747314452,0.5755005478858948,0.078929454088211,-0.0494459196925163,0.8970985412597656,hoyeon_stand_normal_01,8.9961865,9.5806975,11.101591666666668,13.674509333333331,14.932021333333337,15.369451,15.057934333333334,14.172694,13.291696333333334,12.803819666666666,12.251946333333333,11.019016666666667,10.0156855,9.223772166666668,8.731457333333333,8.471819166666666,9.8512735,11.340814666666668,13.483432666666666,15.975573,17.530596499999998,20.24309733333333,21.618307,21.53807966666667,21.6934395,20.8540425,9.612598666666669,11.4411745,12.785744666666666,13.6551415,14.2347695,14.001190833333332,13.730331,12.864163833333333,11.969082833333337,10.540827666666663,9.183497,7.926482666666667,6.495443666666667,5.749015833333333,5.8737735,6.8551745,8.3580475,10.297679333333337,11.790032833333331,13.2894175,14.516739333333334,15.891663166666667,16.6751775,16.829428333333333,16.0579185,14.107504833333332,14.0,14.142136,13.341664,12.649111,12.083046,11.18034,10.29563,8.602325,7.81025,6.403124,4.472136,5.0,5.385165,6.403124,8.485281,10.630146,14.21267,15.620499,17.691806,19.104973,19.104973,19.209373,18.601075,16.643317,13.892444,11.18034,1.0,3.0,6.082763,9.219544,11.7047,13.416408,14.764823,14.422205,14.21267,12.727922,12.041595,10.0,7.81025,5.656854,3.605551,3.0,2.828427,4.472136,6.708204,9.486833,11.401754,13.341664,14.317821,15.524175,15.297059,15.132746,16.552945,14.764823,12.529964,10.29563,8.485281,8.062258,8.246211,10.049876,11.0,13.038405,14.142136,15.524175,16.763055,17.464249,19.235384,18.027756,18.601075,16.278821,14.142136,10.630146,8.062258,6.0,6.403124,9.433981,12.529964,14.764823,8.544004,6.708204,5.0,5.09902,7.28011,9.848858,13.0,14.317821,16.155494,17.088007,16.492423,15.297059,14.142136,13.038405,12.041595,11.0,9.055385,9.219544,8.544004,10.29563,10.816654,12.206556,14.422205,15.811388,16.643317,17.492856
hoyeon_stand_normal_01,537,179,17.900978142076504,29.998360745314464,10,0.5490623116493225,0.6828320622444153,-0.2512285113334656,0.9999880194664,0.543878972530365,0.6936320662498474,-0.239748865365982,0.9999637603759766,0.5409377813339233,0.6928182244300842,-0.2397588193416595,0.9999668598175048,0.53862065076828,0.6917102336883545,-0.2397857457399368,0.9999702572822572,0.5516065359115601,0.6944994330406189,-0.2397858798503875,0.9999515414237976,0.5539273619651794,0.6947042346000671,-0.2398075610399246,0.9999499320983888,0.5563109517097473,0.6946176290512085,-0.239812284708023,0.9999484419822692,0.5338566303253174,0.6822531819343567,-0.1560676544904709,0.9999499320983888,0.558813750743866,0.6866247653961182,-0.1563791781663894,0.99989116191864,0.5437061190605164,0.6686398386955261,-0.2188410460948944,0.9999854564666748,0.5545467138290405,0.6705493927001953,-0.2190599292516708,0.999975562095642,0.5128089189529419,0.6047824621200562,-0.0878375321626663,0.9999741315841676,0.5792506337165833,0.6032994985580444,-0.0822924450039863,0.9999020099639891,0.5052955150604248,0.504314124584198,-0.033266045153141,0.9865028262138368,0.5847908854484558,0.5042768716812134,-0.0327862352132797,0.9545405507087708,0.5003291964530945,0.4230880737304687,-0.0940172225236892,0.9699310660362244,0.5906744599342346,0.4187838435173034,-0.091579295694828,0.8963453769683838,0.4964763522148132,0.3954852819442749,-0.1128093004226684,0.936572253704071,0.5943681001663208,0.390377014875412,-0.1109113022685051,0.8259727358818054,0.5020619034767151,0.3955579698085785,-0.141704112291336,0.9419589042663574,0.5909597873687744,0.3893455564975738,-0.1402627378702163,0.8370833992958069,0.5049133896827698,0.4042843580245971,-0.106398195028305,0.929753601551056,0.5882720947265625,0.3979275524616241,-0.1045508757233619,0.8262935876846313,0.5275159478187561,0.4298270046710968,-0.0024780549574643,0.9995551109313964,0.5688275694847107,0.4325139820575714,0.0024090788792818,0.9993947744369508,0.5260172486305237,0.2729365825653076,-0.0313225127756595,0.9594863057136536,0.5728381872177124,0.2785593271255493,-0.0198173839598894,0.9418851733207704,0.530703067779541,0.1244576796889305,0.0484647676348686,0.9587981700897216,0.573835015296936,0.127759963274002,0.0597021207213401,0.9173577427864076,0.5335327982902527,0.1039768084883689,0.0492661222815513,0.5322349667549133,0.5718257427215576,0.106616273522377,0.0609290562570095,0.4936458170413971,0.535260021686554,0.0753939300775528,-0.0659215524792671,0.9320634007453918,0.5754334926605225,0.0789557769894599,-0.048316340893507,0.8984756469726562,hoyeon_stand_normal_01,11.589249,12.161395,12.716350333333333,13.932610666666667,13.708548666666667,13.274653,12.088112666666667,11.257381,10.772004666666666,11.047419333333332,10.902421666666667,10.333333333333334,10.182513,9.845219333333333,10.251811666666669,10.619083333333334,11.640289,13.194796333333334,14.436901333333331,16.139758,17.256698999999998,18.46347866666667,19.029177,18.663048333333336,18.688701,18.882661,10.005653333333331,10.840754,11.970018333333334,12.310282999999998,11.826222,11.877866666666668,11.808186,11.410506666666665,10.938165666666668,10.311325333333333,9.422722,8.641862333333334,7.334033333333333,7.025895666666667,6.747547,7.385794,7.771823,8.933454666666668,9.687621666666669,10.45432,10.675918666666666,12.085610333333332,14.037147,14.685190666666664,15.352782,14.873345666666664,14.964677333333334,14.860727666666667,14.38594,13.800428333333334,13.135737,12.483105666666669,11.455534666666669,9.733291,8.186448,6.938589333333333,5.801041333333333,5.080822,5.552284666666666,7.019794,8.677426666666667,10.922441333333332,13.982299666666668,15.970528666666668,17.902610666666664,19.345679,19.71566066666667,20.1622,19.124063,16.862921333333333,14.757514333333331,11.590357,1.1380713333333334,2.9969016666666666,6.021675999999999,8.180580666666666,11.070746666666665,12.761122,14.081978,14.124560666666667,13.601470999999998,12.786697333333334,10.716236333333333,9.320529,7.28051,4.892668333333333,2.9472063333333334,1.8240453333333333,3.276142333333333,5.360921,7.556138999999999,9.697944,11.874907666666664,13.726862,14.591009333333332,15.443311,15.809489666666666,15.594830333333334,17.698309,16.311967666666668,13.397117,11.549142333333334,9.216883,8.791274999999999,9.517673333333333,10.740653333333332,12.602082666666666,13.843286333333332,15.435423666666669,17.193554000000002,17.919043333333335,19.60769966666667,19.91505433333333,20.238624,19.816168,17.849456,15.825648333333334,12.172523666666663,9.036029333333332,6.3704426666666665,6.894411333333333,9.738814666666666,12.738160333333331,15.372127666666666,8.813029333333333,7.250192666666667,5.909226333333334,6.3881456666666665,8.902125666666667,11.614081333333331,13.858383666666668,15.648044666666664,17.507414,17.666438,17.666438,16.514228666666668,15.497079333333332,14.154034666666666,12.786697333333334,11.972991333333333,10.740653333333334,10.650223333333336,9.800297,10.671564333333334,11.869624666666668,14.070886666666668,15.996887999999998,17.989283333333333,18.741868,19.456964666666668
hoyeon_stand_normal_01,540,180,18.000983606557377,29.998360745314464,10,0.5492740869522095,0.682803213596344,-0.2500399649143219,0.9999880194664,0.544047474861145,0.6936331391334534,-0.2389647513628006,0.999963879585266,0.5411139726638794,0.6928226947784424,-0.2389747053384781,0.9999669790267944,0.5386932492256165,0.6917104125022888,-0.2390010505914688,0.9999703764915466,0.5517591238021851,0.6945006847381592,-0.2385853230953216,0.9999516606330872,0.5540594458580017,0.6947051286697388,-0.2386069148778915,0.9999500513076782,0.5564557909965515,0.6946166157722473,-0.2386129051446914,0.9999485611915588,0.5338866710662842,0.6822465658187866,-0.1559594124555587,0.999950110912323,0.5588228702545166,0.6866253018379211,-0.1547378003597259,0.9998914003372192,0.5438805818557739,0.6686204075813293,-0.217959314584732,0.9999855160713196,0.554682731628418,0.6705262064933777,-0.2176205664873123,0.9999756217002868,0.5128088593482971,0.6048258543014526,-0.0877589285373687,0.9999741315841676,0.5792396664619446,0.6032772064208984,-0.0809373185038566,0.9999023079872132,0.50529545545578,0.5043349862098694,-0.0332333855330944,0.9864723086357116,0.5847539901733398,0.5042983293533325,-0.031713344156742,0.9541330337524414,0.5003165602684021,0.423097550868988,-0.0938359275460243,0.9697871208190918,0.590668797492981,0.4188112914562225,-0.0904853567481041,0.8956479430198669,0.4964405000209808,0.3954850137233734,-0.1126376017928123,0.9363384246826172,0.5943729281425476,0.3903768360614776,-0.10977753251791,0.8251380920410156,0.5020182728767395,0.3955589532852173,-0.1414163559675216,0.9417443871498108,0.5909782648086548,0.38934987783432,-0.1387948244810104,0.8362610340118408,0.5048952698707581,0.4042860567569732,-0.1061788350343704,0.9295089840888976,0.5882847309112549,0.3979376256465912,-0.1033209562301635,0.8253889083862305,0.5275189876556396,0.429840087890625,-0.0024878138210624,0.9995569586753844,0.5688296556472778,0.4325331449508667,0.0024187273811548,0.9993970990180968,0.5260324478149414,0.2726977467536926,-0.0317090116441249,0.9596970081329346,0.5728501677513123,0.2784099876880646,-0.019969068467617,0.9425687193870544,0.5307754278182983,0.1243483498692512,0.0484966896474361,0.9591721892356871,0.5738889575004578,0.1277628242969513,0.0597040466964244,0.9182792901992798,0.5336317420005798,0.1039497330784797,0.0493581071496009,0.5343791842460632,0.571893572807312,0.1066284030675888,0.0609561577439308,0.4954297840595245,0.5352588295936584,0.0753281712532043,-0.0654786452651023,0.9326065182685852,0.5754892230033875,0.0795343294739723,-0.0481140464544296,0.8994367122650146,hoyeon_stand_normal_01,4.472136,4.472136,7.81025,10.630146,12.727922,14.142136,14.866069,14.866069,14.21267,12.806248,12.041595,9.899495,8.602325,7.615773,7.071068,6.082763,8.062258,9.219544,11.401754,14.422205,17.492856,20.59126,22.472205,23.853721,23.600847,22.022716,8.062258,10.0,12.206556,13.038405,13.892444,14.764823,14.317821,13.0,12.083046,9.848858,8.544004,6.708204,5.0,3.605551,3.0,4.472136,6.403124,7.81025,10.630146,12.041595,14.21267,15.811388,15.811388,15.652476,13.416408,11.18034,14.317821,14.035669,14.0,13.152946,12.165525,11.401754,10.440307,8.544004,7.615773,6.403124,5.0,4.123106,5.385165,6.403124,9.219544,10.630146,13.453624,16.278821,18.384776,19.79899,19.849433,20.615528,19.416488,18.027756,14.764823,12.083046,1.414214,3.162278,6.708204,9.433981,12.041595,13.453624,15.0,15.264338,14.764823,13.0,11.7047,10.440307,8.544004,5.385165,3.605551,2.236068,3.162278,4.242641,6.403124,8.602325,10.816654,12.529964,13.892444,15.652476,15.231546,15.231546,16.03122,14.035669,13.0,10.049876,8.246211,8.062258,9.219544,10.816654,12.206556,13.601471,15.0,16.278821,17.691806,19.209373,18.867962,19.235384,18.384776,17.088007,14.866069,11.7047,8.062258,5.830952,7.071068,9.848858,12.529964,15.264338,7.28011,6.0,4.472136,5.830952,7.28011,10.198039,12.041595,14.142136,15.297059,16.492423,15.524175,14.866069,14.317821,13.0,11.18034,9.848858,9.486833,9.219544,9.219544,10.0,12.041595,13.152946,15.132746,17.029386,18.027756,18.0
hoyeon_stand_normal_01,543,181,18.10098907103825,29.998360745314464,10,0.54939866065979,0.6827934384346008,-0.256565511226654,0.9999881386756896,0.5441665649414062,0.6936416625976562,-0.2456216216087341,0.9999642968177797,0.541236162185669,0.6928387880325317,-0.2456314116716385,0.9999673366546632,0.5387446880340576,0.6917229294776917,-0.2456591129302978,0.9999707341194152,0.5518703460693359,0.6945053339004517,-0.2451322227716446,0.9999520778656006,0.5541666150093079,0.6947076320648193,-0.2451565414667129,0.9999504685401917,0.5565788149833679,0.6946157813072205,-0.245166078209877,0.9999489784240724,0.5339109301567078,0.6822496056556702,-0.1623955368995666,0.9999507665634156,0.5588453412055969,0.6866235733032227,-0.1604156643152237,0.999892234802246,0.5439698100090027,0.668615996837616,-0.2242590487003326,0.999985694885254,0.5547584891319275,0.6705175638198853,-0.223760649561882,0.9999758005142212,0.5127977728843689,0.6048264503479004,-0.0925283953547477,0.9999741911888124,0.5792375802993774,0.6032716631889343,-0.0850777477025985,0.9999027848243712,0.505296528339386,0.5043477416038513,-0.0361629202961921,0.9865188598632812,0.5847313404083252,0.5043166279792786,-0.0345437787473201,0.9539982676506042,0.5003096461296082,0.4231025576591491,-0.0958885699510574,0.9697464108467102,0.5906769037246704,0.418845534324646,-0.0936297923326492,0.8954900503158569,0.4964370727539062,0.3954852521419525,-0.1144566610455513,0.9362326264381408,0.594413161277771,0.3903790712356567,-0.1127852723002433,0.8249077796936035,0.5020028948783875,0.3955618441104889,-0.1434423178434372,0.941670060157776,0.5910822749137878,0.3893526792526245,-0.1422170549631118,0.8360663652420044,0.5048829317092896,0.4042895138263702,-0.1082591861486435,0.9294185042381288,0.5883816480636597,0.3979454934597015,-0.1065818443894386,0.8251384496688843,0.5275229811668396,0.4299974739551544,-0.0025282779242843,0.9995569586753844,0.5688286423683167,0.4326092600822449,0.0024584722705185,0.9993963241577148,0.526042103767395,0.2727039456367492,-0.0320840552449226,0.959381639957428,0.5728646516799927,0.2783855199813843,-0.0199817828834056,0.942421019077301,0.5308404564857483,0.1243480369448661,0.0491341464221477,0.959053635597229,0.573888897895813,0.1277661621570587,0.0605928562581539,0.9181896448135376,0.5337129831314087,0.1039924621582031,0.0502175539731979,0.5342872738838196,0.5718877911567688,0.1066380441188812,0.0620527192950248,0.4957506358623504,0.5352729558944702,0.0753390043973922,-0.0648038908839225,0.9324572086334229,0.5754982233047485,0.0798707604408264,-0.0474194921553134,0.8994518518447876,hoyeon_stand_normal_01,16.908555,16.1565005,16.561093,16.517530999999998,16.113349499999998,14.308818,12.7937945,11.103639,10.75484,10.851347,10.9819725,11.661904,11.6632125,11.9673825,12.10053,12.4753625,13.286506,14.309451,16.0155405,17.2111025,18.0469655,18.4962395,17.9319145,17.147014,17.323104,17.511358,11.3078865,11.651241,12.062320499999998,12.279267,12.150025,12.177696,11.311239,11.69577,11.7748285,10.7998965,11.280604,10.7989655,9.6589105,8.8738435,9.0178345,9.710417,10.531129,10.2169905,11.5192025,11.167703,11.661904,12.748249,14.192388,16.530526000000002,18.3815275,18.84233,14.21267,14.142136,13.601471,13.038405,12.529964,12.083046,10.77033,9.219544,7.071068,6.0,5.09902,3.605551,4.123106,6.0,8.062258,10.440307,12.649111,15.524175,17.464249,19.416488,19.235384,20.223748,19.026298,17.0,15.033296,11.045361,2.0,3.605551,6.324555,9.219544,11.045361,13.038405,14.142136,14.317821,13.601471,13.0,11.18034,9.848858,7.615773,5.385165,4.0,2.236068,3.162278,5.0,7.071068,9.486833,11.401754,12.649111,14.866069,15.231546,15.231546,15.652476,17.204651,16.643317,14.422205,11.18034,9.486833,9.0,10.198039,10.440307,11.7047,13.928388,15.811388,17.464249,18.248288,19.104973,20.024984,20.099751,19.235384,18.439089,15.524175,12.369317,9.055385,6.324555,6.403124,9.219544,12.041595,15.0,8.062258,7.28011,6.0,6.708204,9.899495,11.401754,13.601471,15.811388,17.029386,18.439089,17.691806,16.970563,15.620499,15.0,13.601471,12.206556,10.630146,10.630146,10.630146,10.816654,12.529964,14.317821,15.652476,17.464249,19.235384,18.35756
hoyeon_stand_normal_01,546,182,18.20099453551913,29.998360745314464,10,0.5494623184204102,0.6827565431594849,-0.2575187087059021,0.9999881982803344,0.5442472696304321,0.6936414837837219,-0.2465395182371139,0.9999644160270692,0.5413171052932739,0.692840039730072,-0.246549978852272,0.999967396259308,0.5387811660766602,0.6917224526405334,-0.2465781420469284,0.99997079372406,0.551952600479126,0.6945042610168457,-0.2461404800415039,0.9999521374702454,0.5542504191398621,0.6947041153907776,-0.2461654990911483,0.9999504685401917,0.5566849112510681,0.6945983171463013,-0.246175542473793,0.9999489188194276,0.5339389443397522,0.6822491884231567,-0.1635689735412597,0.9999508261680604,0.558890700340271,0.6866148114204407,-0.1619276404380798,0.9998921751976012,0.5440071821212769,0.6685948967933655,-0.2253154814243316,0.999985694885254,0.5547983050346375,0.6704789996147156,-0.2249273508787155,0.9999758005142212,0.512796938419342,0.6048382520675659,-0.0940816178917884,0.9999741315841676,0.5792394280433655,0.6032649278640747,-0.0873582810163497,0.9999022483825684,0.5052976012229919,0.5043689012527466,-0.0386825874447822,0.9865660071372986,0.5847287774085999,0.5043129324913025,-0.03823197260499,0.954052746295929,0.5002880096435547,0.4231074750423431,-0.0984067469835281,0.9698557257652284,0.5906761884689331,0.4187993109226227,-0.0966370329260826,0.8953130841255188,0.4964139759540558,0.3954849541187286,-0.117047518491745,0.9363840222358704,0.5944218039512634,0.3902544677257538,-0.1158142238855362,0.8245201706886292,0.5019664764404297,0.3955636322498321,-0.1458731442689895,0.9418259263038636,0.5911015868186951,0.3892317712306976,-0.1450127959251403,0.8357140421867371,0.5048593282699585,0.404289960861206,-0.1107351556420326,0.9296115636825562,0.5883997678756714,0.3978484869003296,-0.109488844871521,0.8248522281646729,0.5275197625160217,0.4301068782806396,-0.0025305442977696,0.9995534420013428,0.5688092708587646,0.4326610565185547,0.0024605761282145,0.999391496181488,0.5260316729545593,0.2727183997631073,-0.0321332029998302,0.95907723903656,0.57281893491745,0.2783870995044708,-0.0199917014688253,0.9420471787452698,0.5308419466018677,0.124768391251564,0.049452181905508,0.9587026834487916,0.5738186240196228,0.1279785484075546,0.0605726204812526,0.9177091121673584,0.5337204337120056,0.1047015115618705,0.0506324768066406,0.5333364605903625,0.5718291401863098,0.107002392411232,0.0620316974818706,0.4947001338005066,0.5352442264556885,0.0755849853157997,-0.0638562887907028,0.9319567680358888,0.5754820704460144,0.0803470313549041,-0.0474124290049076,0.8989098072052002,hoyeon_stand_normal_01,4.472136,5.09902,8.062258,11.18034,14.142136,15.132746,16.03122,15.033296,15.033296,13.038405,12.041595,11.045361,9.219544,8.544004,7.211103,6.403124,7.28011,9.0,11.18034,14.56022,17.088007,20.615528,22.472205,24.041631,23.769729,22.36068,7.071068,9.0,11.0,12.041595,13.038405,13.152946,13.341664,12.369317,11.401754,9.486833,8.246211,6.082763,4.0,3.162278,3.605551,4.123106,6.0,8.062258,10.198039,13.038405,15.033296,16.03122,16.03122,16.124515,14.142136,11.18034,15.652476,16.124515,15.264338,15.0,14.142136,14.21267,14.422205,14.764823,15.231546,16.155494,17.088007,17.088007,17.464249,17.888544,17.0,16.124515,14.422205,12.206556,9.433981,7.28011,6.324555,7.81025,11.661904,14.764823,17.492856,19.416488,14.866069,16.124515,15.620499,14.866069,13.038405,9.848858,6.082763,2.0,1.414214,5.09902,8.0,10.049876,12.369317,12.649111,14.317821,14.764823,15.264338,14.422205,15.0,13.601471,13.038405,12.083046,11.401754,11.0,12.165525,13.601471,12.727922,14.142136,14.866069,16.278821,15.556349,15.556349,14.21267,12.806248,11.401754,10.0,8.602325,6.403124,5.0,5.09902,6.324555,8.062258,11.661904,14.422205,16.643317,18.867962,20.59126,21.470911,21.931712,20.615528,18.384776,14.866069,12.369317,13.601471,14.317821,16.278821,15.132746,14.142136,13.152946,11.18034,8.246211,6.324555,5.0,5.0,5.09902,6.0,7.0,8.0,9.0,10.0,10.0,10.0,10.049876,10.049876,10.049876,10.198039,9.486833,10.29563
hoyeon_stand_normal_01,549,183,18.301,29.998360745314464,10,0.5495126247406006,0.6827132105827332,-0.2585619390010834,0.9999881386756896,0.544323742389679,0.6936397552490234,-0.2474793642759323,0.9999642968177797,0.5414010286331177,0.6928391456604004,-0.2474912106990814,0.9999672770500184,0.5388266444206238,0.6917210221290588,-0.2475223094224929,0.9999707341194152,0.5520226955413818,0.694500207901001,-0.2471199184656143,0.9999518990516664,0.5543220639228821,0.6946983337402344,-0.2471449971199035,0.999950110912323,0.5567711591720581,0.6945832967758179,-0.247154951095581,0.999948501586914,0.5339975357055664,0.6822514533996582,-0.1643488258123397,0.9999507069587708,0.5589316487312317,0.6866148114204407,-0.1628745943307876,0.9998913407325744,0.5440442562103271,0.6685700416564941,-0.2263355851173401,0.9999856352806092,0.5548362731933594,0.6704373955726624,-0.2259931564331054,0.9999756217002868,0.5128197073936462,0.6049092411994934,-0.0956638231873512,0.9999741911888124,0.5792513489723206,0.6032357811927795,-0.0885793790221214,0.9999009370803832,0.5052953362464905,0.5044038891792297,-0.0428658202290535,0.986661970615387,0.5847252607345581,0.5042925477027893,-0.0411445088684558,0.953920602798462,0.500278651714325,0.4231091439723968,-0.1043262779712677,0.9700700640678406,0.5906609296798706,0.4186187982559204,-0.0994701907038688,0.894343912601471,0.4964036047458648,0.3954817950725555,-0.1237607151269912,0.9366886615753174,0.5943817496299744,0.3898510336875915,-0.1189574152231216,0.82293701171875,0.5019591450691223,0.3955626189708709,-0.1523483097553253,0.9421199560165404,0.5910773873329163,0.3888239860534668,-0.1479682773351669,0.8342076539993286,0.5048554539680481,0.4042867422103882,-0.1166386976838111,0.929950475692749,0.5883907079696655,0.3974775373935699,-0.1122814193367958,0.8234173059463501,0.5275177359580994,0.4301661252975464,-0.0025461087934672,0.9995517134666444,0.5688058137893677,0.4327023923397064,0.0024762558750808,0.9993870854377748,0.5260555148124695,0.2727082073688507,-0.0324429422616958,0.9585817456245422,0.5728049874305725,0.2783998548984527,-0.0199808422476053,0.941161334514618,0.5309516787528992,0.1247771382331848,0.0497348085045814,0.9581152200698853,0.5737531781196594,0.1282766312360763,0.0609851963818073,0.9167824983596802,0.5338360667228699,0.104800634086132,0.0510372668504715,0.5318490862846375,0.5717734694480896,0.1073847636580467,0.0625099167227745,0.4929293394088745,0.5352447628974915,0.0756880193948745,-0.0631689876317977,0.931157410144806,0.5754791498184204,0.0807712599635124,-0.046913631260395,0.8978887796401978,hoyeon_stand_normal_01,5.09902,4.242641,7.615773,10.440307,12.649111,14.866069,15.231546,14.317821,14.317821,13.0,11.18034,9.486833,8.246211,7.0,6.324555,6.403124,7.211103,9.486833,12.165525,15.033296,18.027756,21.023796,24.020824,25.079872,24.33105,22.561028,8.944272,10.77033,13.0,14.317821,15.652476,15.264338,15.264338,15.0,12.806248,11.401754,9.219544,7.211103,5.385165,4.123106,4.123106,5.0,6.708204,8.944272,11.18034,13.416408,15.652476,17.0,17.492856,16.401219,15.0,11.401754,14.422205,14.764823,13.928388,13.601471,13.341664,12.165525,11.045361,10.0,9.055385,7.28011,5.830952,5.0,5.385165,7.0,9.219544,11.401754,13.601471,15.811388,18.027756,19.924859,20.615528,20.396078,20.223748,18.11077,15.0,12.041595,2.236068,2.236068,5.0,7.615773,10.198039,12.041595,13.0,13.038405,13.152946,12.369317,10.440307,8.544004,7.615773,5.385165,3.162278,1.414214,2.236068,4.472136,6.403124,8.602325,10.0,12.806248,13.601471,15.0,15.620499,14.866069,12.165525,14.142136,15.132746,16.278821,16.278821,15.297059,14.56022,12.649111,10.77033,8.944272,7.615773,6.324555,5.0,4.472136,5.656854,8.062258,11.18034,14.317821,17.464249,19.697716,21.023796,21.954498,21.095023,20.248457,18.027756,15.0,12.806248,14.21267,16.278821,16.278821,16.970563,14.866069,13.453624,11.313708,9.219544,7.211103,6.324555,5.0,6.082763,6.708204,7.211103,8.602325,8.602325,9.433981,10.29563,10.29563,10.29563,10.29563,10.0,9.899495,10.0,11.18034
hoyeon_stand_normal_01,552,184,18.401005464480875,29.998360745314464,10,0.5495370626449585,0.6827089786529541,-0.2573077976703644,0.9999881982803344,0.544376790523529,0.6936478614807129,-0.2461795955896377,0.999964475631714,0.541454017162323,0.6928567290306091,-0.2461907267570495,0.9999674558639526,0.5388550162315369,0.6917428374290466,-0.2462203949689865,0.9999709129333496,0.5520901083946228,0.6945027709007263,-0.2458672076463699,0.9999520778656006,0.554396390914917,0.6946988701820374,-0.2458917796611786,0.9999502301216124,0.5568607449531555,0.6945784687995911,-0.2459007799625396,0.9999485611915588,0.5340337157249451,0.6822904348373413,-0.1630879938602447,0.9999511241912842,0.5589938759803772,0.6866129040718079,-0.1618105471134185,0.9998916387557985,0.5440502166748047,0.6685681939125061,-0.2251027524471283,0.9999857544898988,0.5548564195632935,0.6704332232475281,-0.2248249799013137,0.9999757409095764,0.5128254294395447,0.6049800515174866,-0.0945769473910331,0.999974489212036,0.5792616009712219,0.6032271385192871,-0.0877278670668602,0.9999002814292908,0.5052854418754578,0.5044246315956116,-0.0415490455925464,0.9867591261863708,0.584721565246582,0.5042322874069214,-0.0402498878538608,0.9537611603736876,0.5002743005752563,0.423073410987854,-0.1031567677855491,0.9703390002250672,0.5906477570533752,0.4183342158794403,-0.0985955148935318,0.8933476805686951,0.496391087770462,0.3954483270645141,-0.1226658821105957,0.9371459484100342,0.5943254232406616,0.389321506023407,-0.1181229278445243,0.8214545845985413,0.5019459128379822,0.3955264687538147,-0.1511556059122085,0.9425503015518188,0.5910137891769409,0.3883093297481537,-0.1470999270677566,0.8327938318252563,0.5048502087593079,0.404251366853714,-0.1154475361108779,0.930413544178009,0.5883578658103943,0.3969963490962982,-0.1113978177309036,0.8220382928848267,0.527499258518219,0.4301702976226806,-0.0025296609383076,0.9995520114898682,0.5688033699989319,0.4327059686183929,0.0024601879995316,0.9993862509727478,0.5260562300682068,0.2725847363471985,-0.0324296429753303,0.958611786365509,0.5727962851524353,0.2781684100627899,-0.0199878700077533,0.9409551024436952,0.5310102105140686,0.1247129663825035,0.0500568896532058,0.9581287503242492,0.573731005191803,0.1280893981456756,0.0609864965081214,0.9167106747627258,0.5338599681854248,0.1047655865550041,0.0513811185956001,0.5325745940208435,0.5717655420303345,0.1072756797075271,0.0625020638108253,0.4923572242259979,0.5352423787117004,0.0756904780864715,-0.0628522261977195,0.93125182390213,0.5754209160804749,0.0803445875644683,-0.0469235144555568,0.8978029489517212,hoyeon_stand_normal_01,26.41969,27.202941,24.083189,21.260292,16.401219,12.041595,8.485281,6.324555,5.385165,7.81025,9.899495,12.041595,14.866069,16.278821,18.384776,19.104973,21.213203,21.260292,22.022716,21.400935,20.0,17.029386,14.142136,11.18034,11.045361,13.152946,13.892444,13.0,12.083046,9.848858,8.944272,7.81025,7.211103,7.615773,9.055385,10.049876,11.045361,12.041595,13.152946,13.152946,12.369317,12.369317,11.7047,10.77033,8.544004,6.324555,4.123106,5.0,9.219544,14.142136,19.416488,23.086793,15.231546,14.866069,14.317821,14.142136,13.038405,12.0,11.045361,10.049876,8.246211,6.324555,5.830952,5.0,5.09902,6.082763,8.544004,10.29563,12.529964,15.652476,17.0,18.788294,19.697716,19.313208,18.027756,16.492423,14.317821,11.045361,2.236068,3.162278,5.830952,8.485281,10.0,12.529964,13.0,13.601471,13.341664,12.165525,10.049876,9.055385,7.071068,5.09902,2.236068,2.0,3.605551,5.656854,7.071068,9.899495,12.041595,13.453624,14.866069,15.620499,16.401219,15.811388,13.038405,13.892444,14.764823,15.652476,16.124515,14.422205,13.601471,12.806248,11.313708,9.899495,8.485281,6.403124,4.472136,4.0,4.472136,7.81025,9.899495,12.806248,15.556349,17.691806,19.104973,19.849433,19.209373,18.601075,16.643317,13.038405,12.727922,14.866069,15.620499,16.401219,16.401219,15.0,13.601471,12.041595,9.899495,7.81025,6.708204,6.082763,6.0,7.071068,7.28011,8.544004,9.486833,10.440307,10.440307,11.401754,11.18034,10.440307,10.440307,9.848858,9.433981,11.313708
hoyeon_stand_normal_01,555,185,18.501010928961747,29.998360745314464,10,0.5495537519454956,0.6827318668365479,-0.2568000257015228,0.9999880790710448,0.5444228649139404,0.6936766505241394,-0.2456039041280746,0.9999642372131348,0.5414970517158508,0.6929039359092712,-0.2456156611442566,0.9999672770500184,0.5388796925544739,0.6918030381202698,-0.2456460148096084,0.99997079372406,0.5521497130393982,0.6945152282714844,-0.2453156411647796,0.9999515414237976,0.5544659495353699,0.6947057843208313,-0.2453395575284958,0.9999496340751648,0.5569429993629456,0.6945783495903015,-0.2453481405973434,0.9999477863311768,0.5340707898139954,0.6823794841766357,-0.1624763458967209,0.9999510645866394,0.5590630769729614,0.6866146326065063,-0.1612856537103653,0.9998900294303894,0.5440517663955688,0.668583333492279,-0.2246042937040329,0.9999857544898988,0.5548713803291321,0.6704285144805908,-0.2243489921092987,0.9999755024909972,0.5128302574157715,0.6051112413406372,-0.094489611685276,0.9999746084213256,0.5792638659477234,0.6031962037086487,-0.0873235836625099,0.9998978972434998,0.5052329301834106,0.5044565200805664,-0.0419209562242031,0.9868479371070862,0.5846496820449829,0.5041641592979431,-0.0397161655128002,0.9530261158943176,0.5002497434616089,0.4229025542736053,-0.1031332314014434,0.9704186916351318,0.5905424952507019,0.4181239306926727,-0.09802957624197,0.8910486102104187,0.4963596761226654,0.3953197002410888,-0.1226086914539337,0.9372531175613404,0.5941416025161743,0.3889987766742706,-0.1175657361745834,0.8183049559593201,0.5019205212593079,0.3954154551029205,-0.1510010212659835,0.9426509141921996,0.5908448100090027,0.3879471719264984,-0.1465075314044952,0.8297720551490784,0.5048233866691589,0.4041320383548736,-0.1153540611267089,0.9305166602134703,0.5882290601730347,0.3966264128684997,-0.1108179837465286,0.8190529346466064,0.5274335741996765,0.4302275478839874,-0.0025723746512085,0.9995501041412354,0.5687768459320068,0.4327139854431152,0.0025035676080733,0.9993800520896912,0.5260499715805054,0.2725774943828583,-0.0334051735699176,0.9582871198654176,0.5726751089096069,0.2780993282794952,-0.0200249459594488,0.9402282238006592,0.5310117602348328,0.1248927190899849,0.0502477549016475,0.9577085971832277,0.5736623406410217,0.1281036436557769,0.0614652223885059,0.9160866141319276,0.5338403582572937,0.1048803552985191,0.0516754277050495,0.530878484249115,0.5716918110847473,0.1072759181261062,0.063063345849514,0.4914675056934356,0.5352391600608826,0.0757617428898811,-0.0624973885715007,0.9305242300033568,0.5753982067108154,0.0802285969257354,-0.0464161075651645,0.8970737457275391,hoyeon_stand_normal_01,25.179357,25.0,23.086793,20.396078,16.492423,11.401754,8.062258,5.09902,5.0,6.082763,9.0,11.0,13.0,15.0,17.0,18.027756,20.024984,20.099751,20.223748,20.396078,18.439089,16.124515,12.0,10.440307,10.630146,13.601471,13.928388,13.416408,12.529964,11.18034,9.848858,8.246211,8.0,9.219544,9.848858,11.18034,11.661904,12.529964,13.416408,13.416408,13.0,12.649111,12.649111,11.401754,9.219544,7.28011,5.0,5.09902,7.615773,12.529964,17.888544,21.540659,14.672708,15.081564,14.1598465,13.959646,13.2274065,13.0192025,12.9040135,11.670832,11.3137085,11.1719245,11.224535,11.103639,11.301688,11.744962,12.3718595,12.1158085,13.125291,13.030403,12.933376,12.260926,12.7531435,14.6429115,15.737145000000002,16.848537,16.97294,15.9551805,9.0622575,10.048987,11.2321245,11.7552745,12.491499999999998,11.356596,10.124754,8.687474,7.071068,8.0823505,8.535534,9.3011625,8.936273499999999,9.076473,7.788866,8.1401415,8.545333,9.7084205,10.243738,11.8072235,12.1242855,12.2912215,12.566373,13.161276999999998,13.652427499999998,14.5192025,13.152946,15.033296,16.03122,16.03122,16.03122,16.124515,14.317821,13.341664,12.369317,10.440307,8.246211,6.082763,5.0,4.472136,6.403124,8.062258,11.7047,13.928388,17.088007,19.313208,20.615528,21.023796,21.470911,20.59126,17.492856,15.264338,12.206556,13.601471,15.0,15.0,14.866069,14.21267,12.806248,10.630146,8.602325,6.708204,5.0,5.09902,5.830952,6.403124,7.071068,8.485281,9.219544,9.899495,10.630146,10.630146,10.630146,10.0,9.899495,10.0,10.29563,10.77033
hoyeon_stand_normal_01,558,186,18.601016393442624,29.998360745314464,10,0.549599826335907,0.6827401518821716,-0.2564975321292877,0.9999880194664,0.5444821715354919,0.6937010288238525,-0.2452944219112396,0.99996417760849,0.5415524840354919,0.6929428577423096,-0.245307520031929,0.9999672770500184,0.5389091372489929,0.6918482184410095,-0.2453387081623077,0.99997079372406,0.5522263050079346,0.6945250630378723,-0.2449304163455963,0.9999513626098632,0.5545527338981628,0.694709837436676,-0.2449514120817184,0.9999493956565856,0.5570410490036011,0.6945760250091553,-0.2449586391448974,0.999947428703308,0.5340906977653503,0.6824371218681335,-0.1624221801757812,0.9999513626098632,0.5591200590133667,0.6866128444671631,-0.160753458738327,0.9998891949653624,0.5440683364868164,0.6685851812362671,-0.2244139015674591,0.9999858140945436,0.5549061298370361,0.6704239249229431,-0.2240186035633087,0.9999753832817078,0.5128300189971924,0.6051919460296631,-0.0940418317914009,0.9999747276306152,0.5792654156684875,0.603151261806488,-0.0863089486956596,0.9998961687088012,0.5051849484443665,0.5044593214988708,-0.0417682863771915,0.9868765473365784,0.5846244692802429,0.504056990146637,-0.0376643165946006,0.9518804550170898,0.5002477765083313,0.4227516055107116,-0.1008893027901649,0.9702317118644714,0.590462863445282,0.4179504811763763,-0.0956704840064048,0.8882163763046265,0.4963579177856445,0.3952172994613647,-0.1197386980056762,0.9369434118270874,0.5940110683441162,0.388757973909378,-0.1149356588721275,0.8146921992301941,0.501923143863678,0.3953257203102112,-0.1480771154165268,0.9423515796661376,0.5907134413719177,0.3877140879631042,-0.1440203189849853,0.8263044953346252,0.5048227310180664,0.4040488004684448,-0.1129343211650848,0.9301350116729736,0.58811354637146,0.3964026272296905,-0.1085502654314041,0.8156030774116516,0.5273106694221497,0.4301728904247284,-0.0027931050863116,0.9995471835136414,0.5687429308891296,0.4326581954956054,0.0027253180742263,0.9993738532066344,0.5260014533996582,0.27251997590065,-0.0333441980183124,0.9585760235786438,0.5725791454315186,0.2780928015708923,-0.0194962657988071,0.940321445465088,0.5309193134307861,0.1248685345053672,0.0502444766461849,0.9580530524253844,0.5733748078346252,0.1279592514038086,0.0616927035152912,0.9165617823600768,0.5337134599685669,0.1047554463148117,0.0516559667885303,0.5310365557670593,0.5714219808578491,0.1072365865111351,0.0632151588797569,0.4933157563209533,0.5352384448051453,0.0755575373768806,-0.0626235678791999,0.9309424161911012,0.5751856565475464,0.0795322433114051,-0.0461046956479549,0.8976701498031616,hoyeon_stand_normal_01,4.123106,3.605551,6.708204,9.848858,12.083046,13.416408,13.416408,13.892444,13.038405,11.661904,10.29563,8.944272,7.28011,6.082763,6.082763,5.830952,6.403124,8.544004,11.18034,14.142136,17.029386,20.024984,22.090722,23.194827,23.345235,21.587033,7.81025,10.0,12.206556,12.806248,14.21267,14.142136,14.142136,13.453624,12.041595,10.630146,7.81025,7.071068,5.0,4.123106,4.123106,5.0,6.403124,8.602325,10.816654,12.206556,15.0,15.620499,16.278821,15.556349,13.453624,10.630146,14.866069,14.317821,13.892444,13.601471,12.806248,12.727922,10.630146,9.219544,8.062258,6.324555,5.09902,4.123106,5.0,6.708204,8.544004,10.440307,13.601471,15.524175,17.720045,18.973666,19.313208,18.788294,17.888544,16.124515,14.422205,10.0,2.0,3.605551,6.324555,9.055385,12.041595,13.341664,14.56022,14.317821,14.317821,13.038405,11.401754,10.0,7.211103,5.830952,3.162278,2.236068,3.162278,5.0,8.0,10.0,12.041595,14.035669,15.033296,16.03122,17.117243,16.278821,17.720045,14.866069,13.341664,11.18034,9.055385,8.544004,8.602325,10.630146,12.727922,14.21267,15.620499,16.643317,18.35756,18.788294,19.313208,20.615528,19.235384,18.11077,16.03122,12.041595,8.246211,5.656854,7.071068,9.219544,12.649111,14.866069,9.219544,7.0,6.324555,7.071068,8.944272,10.77033,13.601471,14.866069,15.811388,16.155494,16.552945,16.124515,14.764823,13.038405,12.206556,10.816654,10.816654,9.848858,10.77033,10.440307,12.165525,14.142136,16.124515,17.117243,19.235384,19.416488
hoyeon_stand_normal_01,561,187,18.701021857923497,29.998360745314464,10,0.5496549606323242,0.6827287077903748,-0.2531605362892151,0.9999881982803344,0.5445349216461182,0.6937018036842346,-0.2420040816068649,0.9999646544456482,0.5416026711463928,0.6929463744163513,-0.2420161068439483,0.9999677538871764,0.5389382243156433,0.6918526291847229,-0.2420458942651748,0.9999712109565736,0.5522887706756592,0.6945237517356873,-0.2416170984506607,0.9999520182609558,0.5546178817749023,0.6947057247161865,-0.2416364997625351,0.9999500513076782,0.5571131110191345,0.6945562362670898,-0.2416389882564544,0.999948024749756,0.5341140031814575,0.6824499368667603,-0.1596724689006805,0.9999522566795348,0.5591558814048767,0.6866044998168945,-0.1579208672046661,0.9998905062675476,0.5441077947616577,0.6685720086097717,-0.2212910056114196,0.9999860525131226,0.5549448132514954,0.6703994870185852,-0.220871552824974,0.9999757409095764,0.5128447413444519,0.6053165197372437,-0.0929479897022247,0.9999751448631288,0.5792666673660278,0.6031302809715271,-0.0839371904730796,0.9998962879180908,0.5050680041313171,0.5044804215431213,-0.0413711704313755,0.9870314598083496,0.5846220254898071,0.5040339827537537,-0.0358015336096286,0.951523780822754,0.5002361536026001,0.4226136207580566,-0.1001157760620117,0.97053462266922,0.5904613137245178,0.4178720414638519,-0.0936779230833053,0.8874610662460327,0.496355801820755,0.3950705826282501,-0.1190763935446739,0.9374887943267822,0.5940120816230774,0.3885601460933685,-0.1129935011267662,0.8137132525444031,0.5019224882125854,0.3951692283153534,-0.1472259014844894,0.9428448677062988,0.5907106399536133,0.3874900639057159,-0.1419448256492614,0.8253515958786011,0.5048211216926575,0.4039337635040283,-0.1120748445391655,0.930697739124298,0.5881075263023376,0.3962318003177643,-0.1065235137939453,0.8147353529930115,0.5272557139396667,0.4300650358200073,-0.0029429120477288,0.999549925327301,0.568688154220581,0.4325798749923706,0.0028755343519151,0.999375581741333,0.5259993672370911,0.2722751796245575,-0.0328666307032108,0.9587349891662598,0.5724694728851318,0.2780807018280029,-0.0190565697848796,0.9402387142181396,0.5309131145477295,0.1247252747416496,0.0499925129115581,0.9582968950271606,0.5730947256088257,0.1278757154941558,0.0616779252886772,0.916797399520874,0.5336840152740479,0.104357860982418,0.0512579120695591,0.5319672226905823,0.5711193680763245,0.1072315499186515,0.0631885677576065,0.4943737685680389,0.535237729549408,0.0751731097698211,-0.0627215281128883,0.931310772895813,0.575050950050354,0.0793871581554412,-0.0457888059318065,0.898033082485199,hoyeon_stand_normal_01,23.430749,21.633308,20.59126,17.464249,13.928388,10.440307,6.708204,4.242641,4.0,5.830952,8.062258,10.0,12.206556,13.601471,15.264338,16.643317,17.492856,19.235384,18.788294,18.384776,16.552945,14.317821,11.661904,9.219544,9.486833,12.0,13.152946,12.041595,11.0,10.0,9.055385,7.28011,7.211103,7.071068,8.062258,9.433981,10.29563,10.29563,11.661904,11.661904,11.401754,11.401754,10.630146,9.899495,8.485281,6.403124,4.123106,3.605551,7.211103,11.18034,15.264338,19.416488,16.492423,17.262677,17.117243,16.0,15.033296,15.297059,14.866069,15.231546,16.552945,17.0,17.0,17.888544,17.888544,18.384776,17.464249,16.155494,14.866069,11.7047,9.848858,6.403124,6.082763,9.219544,13.0,16.155494,19.313208,21.84033,17.492856,17.464249,17.464249,16.03122,13.038405,10.198039,5.385165,1.414214,2.236068,6.403124,9.219544,12.041595,13.601471,14.764823,15.652476,16.155494,16.763055,16.492423,15.524175,14.56022,13.928388,12.529964,11.401754,12.806248,13.416408,14.866069,16.278821,14.866069,12.041595,10.0,8.544004,8.0,9.219544,10.440307,12.649111,13.601471,15.297059,17.262677,18.027756,19.0,20.223748,19.416488,19.646883,17.088007,14.866069,11.7047,8.062258,6.324555,6.708204,10.198039,13.152946,16.124515,8.485281,6.403124,5.09902,6.324555,8.602325,9.899495,12.727922,14.142136,15.556349,16.278821,15.0,15.264338,14.422205,12.529964,12.083046,10.29563,9.433981,9.433981,9.219544,10.630146,11.401754,13.601471,15.264338,16.643317,18.601075,18.439089
hoyeon_stand_normal_01,564,188,18.801027322404373,29.998360745314464,10,0.5496774315834045,0.6827166676521301,-0.2535556256771087,0.9999883770942688,0.5445622205734253,0.6937006115913391,-0.2423542439937591,0.999965250492096,0.5416275262832642,0.69294673204422,-0.242365688085556,0.9999682903289796,0.5389548540115356,0.6918529868125916,-0.2423954606056213,0.9999717473983764,0.5523195266723633,0.6945203542709351,-0.2420131862163543,0.9999528527259828,0.5546479821205139,0.6947014331817627,-0.2420337796211242,0.9999508857727052,0.5571491122245789,0.6945427060127258,-0.2420360594987869,0.9999488592147828,0.5341385006904602,0.6824572682380676,-0.1598382741212844,0.9999531507492064,0.5591843128204346,0.6866002678871155,-0.1583364456892013,0.9998922944068908,0.5441296696662903,0.6685634851455688,-0.2216340005397796,0.9999862909317015,0.5549650192260742,0.6703879237174988,-0.2212870866060257,0.9999760985374452,0.512861967086792,0.6054085493087769,-0.0930974259972572,0.9999754428863524,0.5792681574821472,0.6031109094619751,-0.0845731794834137,0.999896764755249,0.5049726366996765,0.5045145153999329,-0.0414929650723934,0.9871909022331238,0.5846115350723267,0.5040076971054077,-0.0370378755033016,0.9517924785614014,0.500217616558075,0.4225392937660217,-0.1013949289917945,0.9708613753318788,0.590459942817688,0.4178425073623657,-0.0948689505457878,0.8877232074737549,0.4963424801826477,0.3949707448482513,-0.1207003816962242,0.9380015730857848,0.5940108895301819,0.3885040879249573,-0.114350713789463,0.8139098286628723,0.501920759677887,0.3950457572937011,-0.1488765180110931,0.9433185458183287,0.590701699256897,0.3874144256114959,-0.1432503759860992,0.8255335688591003,0.5048152804374695,0.4038414061069488,-0.1134468391537666,0.9312511086463928,0.5880955457687378,0.3961791694164276,-0.1076933071017265,0.8149846196174622,0.5271709561347961,0.4300624132156372,-0.0029599724803119,0.999552607536316,0.5686356425285339,0.4325782656669616,0.0028925302904099,0.999379336833954,0.5259519219398499,0.2722777128219604,-0.0326507799327373,0.9586231112480164,0.5724401473999023,0.2781050503253937,-0.018931396305561,0.9399576783180236,0.5309117436408997,0.1247289180755615,0.0499348826706409,0.9582085609436036,0.5730665922164917,0.1278702765703201,0.0616643279790878,0.9167323112487792,0.5336676836013794,0.1043918654322624,0.0511691719293594,0.5328357219696045,0.571075439453125,0.1072311848402023,0.0631674230098724,0.4946679472923279,0.5351587533950806,0.07517109811306,-0.06273053586483,0.9312818646430968,0.5750479102134705,0.0797232761979103,-0.0457367859780788,0.8979777693748474,hoyeon_stand_normal_01,6.324555,6.324555,8.062258,12.369317,14.56022,16.492423,17.464249,17.262677,16.278821,15.132746,13.152946,11.401754,10.440307,8.062258,7.071068,6.708204,8.0,9.486833,12.529964,16.643317,19.416488,23.600847,26.627054,27.784888,27.294688,26.400758,10.198039,11.18034,14.317821,16.124515,17.117243,17.029386,17.0,16.0,14.0,13.0,10.0,8.062258,6.324555,5.0,4.472136,6.082763,8.062258,11.18034,13.341664,16.278821,18.248288,20.099751,21.023796,19.0,17.029386,14.035669,15.297059,15.811388,15.231546,14.764823,13.892444,13.038405,12.041595,9.899495,9.219544,7.211103,6.324555,6.0,6.324555,7.071068,9.219544,11.661904,13.892444,16.124515,18.027756,19.416488,20.0,20.615528,19.104973,16.970563,14.866069,12.206556,2.0,3.162278,6.0,8.062258,10.440307,12.083046,13.892444,14.21267,13.453624,12.041595,11.401754,8.602325,6.403124,5.0,2.828427,1.414214,3.162278,5.0,8.062258,10.049876,12.041595,14.035669,15.033296,16.03122,17.029386,16.0,14.404421,14.6500035,13.78163,12.490802,11.597502,11.102197,11.595261,11.7748285,11.216117,11.218224,11.466293,11.236586,11.340771,11.7390125,12.927968,13.8078865,15.7507525,15.432074,16.030057,15.569595500000002,14.6242285,14.1244315,14.3197845,14.617692,15.7642625,15.3980215,10.32196,9.963013,9.9330345,10.3485105,11.3381595,12.071068,12.883163499999998,12.5261755,12.2068565,11.806161,10.502832,9.9330345,9.620578,9.4193945,9.2223595,8.920624499999999,9.25091,8.9109345,9.433981,9.8648055,10.7585135,11.964194,12.0428065,13.153775500000002,14.1111375,13.868701
hoyeon_stand_normal_01,567,189,18.90103278688525,29.998360745314464,10,0.5496842861175537,0.68271803855896,-0.2514638006687164,0.9999883770942688,0.5445777177810669,0.6937078237533569,-0.2402235716581344,0.999965250492096,0.541644811630249,0.6929569840431213,-0.2402344197034835,0.9999682903289796,0.5389678478240967,0.6918631792068481,-0.2402632385492324,0.9999717473983764,0.55233234167099,0.6945264339447021,-0.2399743348360061,0.999952793121338,0.5546560883522034,0.694709062576294,-0.2399957180023193,0.9999508857727052,0.5571581125259399,0.6945457458496094,-0.2399982810020446,0.9999487400054932,0.5341566801071167,0.6824687123298645,-0.1578823626041412,0.9999532103538512,0.5591982007026672,0.6866029500961304,-0.1568173319101333,0.999891996383667,0.5441405177116394,0.6685650944709778,-0.2196249216794967,0.9999862909317015,0.5549756288528442,0.6703843474388123,-0.2194056957960128,0.9999759793281556,0.5128850936889648,0.6054713129997253,-0.0917769148945808,0.9999756217002868,0.5792701244354248,0.6031021475791931,-0.083801582455635,0.9998962879180908,0.5049001574516296,0.504531741142273,-0.0400934815406799,0.9873213171958924,0.5845823884010315,0.5039525628089905,-0.0365459956228733,0.9515206813812256,0.5001850724220276,0.4225178956985473,-0.0991270020604133,0.9711449146270752,0.590448260307312,0.417804092168808,-0.0938210561871528,0.8871662020683289,0.4963029623031616,0.3949189782142639,-0.1182560995221138,0.9384844303131104,0.5940043330192566,0.3884826302528381,-0.1131378859281539,0.8131319284439087,0.5019121766090393,0.3949947953224182,-0.1461813747882843,0.9437694549560548,0.5906946659088135,0.3873826265335083,-0.1420309394598007,0.824783444404602,0.5048048496246338,0.4038123488426208,-0.1110852137207984,0.9317855834960938,0.5880860090255737,0.3961482942104339,-0.1066206023097038,0.814303457736969,0.5271010994911194,0.4299917221069336,-0.0029715897981077,0.9995529651641846,0.5686047673225403,0.4325625896453857,0.0029043010435998,0.9993782043457032,0.5259338021278381,0.272223949432373,-0.0325055420398712,0.9584072828292848,0.5724021196365356,0.2781323790550232,-0.0189261697232723,0.9393296837806702,0.5308922529220581,0.1246852427721023,0.0496493838727474,0.9579299688339232,0.5730656981468201,0.1280416697263717,0.0616461187601089,0.916040062904358,0.5336291193962097,0.1043376252055168,0.0507989414036273,0.5320613980293274,0.5710709095001221,0.1074190288782119,0.0631363317370414,0.4936490058898926,0.5350764989852905,0.0751796886324882,-0.0628117248415947,0.9307855367660522,0.5750772356987,0.0805662497878074,-0.0456890352070331,0.8972176909446716,hoyeon_stand_normal_01,3.605551,3.605551,6.708204,9.848858,12.083046,13.416408,13.892444,13.038405,13.038405,11.661904,10.29563,8.944272,7.615773,6.082763,5.09902,5.0,5.830952,8.544004,11.18034,14.035669,17.0,19.0,22.022716,23.086793,22.203603,21.377558,7.071068,9.899495,11.313708,13.453624,14.21267,13.601471,14.422205,13.038405,11.661904,10.29563,8.062258,7.211103,4.242641,3.605551,4.0,4.472136,6.403124,7.81025,10.630146,12.806248,14.21267,15.556349,16.278821,15.0,13.601471,10.0,15.033296,15.132746,14.56022,13.928388,13.416408,12.529964,11.661904,10.0,8.485281,7.81025,5.830952,6.082763,6.082763,6.708204,9.219544,11.313708,13.453624,16.278821,17.691806,19.104973,19.849433,19.849433,18.601075,16.643317,14.764823,11.18034,2.0,3.162278,5.0,8.246211,9.848858,11.661904,12.806248,13.453624,13.453624,11.401754,10.816654,8.602325,6.708204,4.472136,2.828427,1.0,3.162278,5.09902,7.071068,9.219544,11.18034,13.341664,15.132746,15.297059,16.124515,16.124515,16.124515,14.142136,12.041595,10.0,8.246211,8.062258,9.219544,10.630146,12.206556,14.21267,14.866069,17.029386,17.804494,18.867962,20.124612,19.313208,18.681542,17.464249,14.317821,11.401754,8.944272,6.403124,7.0,10.440307,13.0,16.155494,7.071068,6.082763,4.472136,5.830952,7.28011,10.049876,12.041595,14.035669,15.132746,15.297059,15.297059,14.56022,13.928388,12.083046,11.18034,10.77033,9.486833,9.219544,9.055385,10.0,11.0,13.038405,15.0,17.0,18.0,17.029386
hoyeon_stand_normal_01,570,190,19.00103825136612,29.998360745314464,10,0.5497068166732788,0.682784914970398,-0.2503629922866821,0.9999883770942688,0.5446096658706665,0.6937429904937744,-0.2391628921031952,0.9999651312828064,0.54169100522995,0.693004846572876,-0.239172488451004,0.9999682307243348,0.5389999151229858,0.6919167041778564,-0.2391998171806335,0.9999716877937316,0.5523442029953003,0.6945561170578003,-0.2388937622308731,0.9999527335166932,0.5546610355377197,0.6947404146194458,-0.2389160841703415,0.9999508857727052,0.5571604371070862,0.6945708394050598,-0.2389198094606399,0.9999486804008484,0.5341969728469849,0.6825050711631775,-0.1570599973201751,0.9999531507492064,0.559202253818512,0.6866159439086914,-0.155928298830986,0.9998916983604432,0.5441911220550537,0.6686229705810547,-0.2186232358217239,0.9999862313270568,0.554989755153656,0.670454740524292,-0.2183839380741119,0.999975860118866,0.5129074454307556,0.6055407524108887,-0.0910863131284713,0.9999756217002868,0.5792711973190308,0.6030977368354797,-0.0833269581198692,0.9998966455459596,0.5048688054084778,0.5046260356903076,-0.0388501398265361,0.9873965978622437,0.5845712423324585,0.5039666295051575,-0.0360277406871318,0.9515440464019777,0.5001087188720703,0.4225301146507263,-0.0971684381365776,0.9712831377983092,0.5904465913772583,0.4178138971328735,-0.0930252596735954,0.8875005841255188,0.4962555170059204,0.3949167728424072,-0.1158857345581054,0.938706874847412,0.5940064787864685,0.388485848903656,-0.1122005134820938,0.8135831952095032,0.5018799901008606,0.3949936926364898,-0.1438791900873184,0.943980038166046,0.5907080769538879,0.3873829841613769,-0.1410541832447052,0.8252127766609192,0.5047602653503418,0.4038126468658447,-0.1091516688466072,0.9320607781410216,0.5881003141403198,0.3961519300937652,-0.1057975441217422,0.8147575855255127,0.5270634889602661,0.4299466609954834,-0.0029886933043599,0.9995523691177368,0.568590521812439,0.4325624704360962,0.002921158215031,0.9993785619735718,0.5259142518043518,0.2721650302410126,-0.0323997996747493,0.9583235383033752,0.5723976492881775,0.2783600389957428,-0.0189368147403001,0.9391599893569946,0.5308908820152283,0.1247105598449707,0.0493164472281932,0.957752287387848,0.5730515718460083,0.1282326430082321,0.0614226572215557,0.9157108068466188,0.5336247086524963,0.1043865829706192,0.0504066720604896,0.531475305557251,0.5710446238517761,0.1075846254825592,0.0628688037395477,0.4930908977985382,0.5350115895271301,0.0752072483301162,-0.0630050376057624,0.9305498003959656,0.5750775933265686,0.0810597911477088,-0.0457056052982807,0.8968704342842102,hoyeon_stand_normal_01,4.54951,5.701562,8.544004,11.291047,13.950942,15.064604500000002,15.185804,15.185804,14.895883,13.2887495,12.1769055,10.440307,9.219544,8.0,7.28011,6.5210275,6.8071135,8.866522,11.1077005,14.5,17.5622575,20.5638445,22.511898,24.009996,23.551294,21.722493,6.767829,9.1231055,11.323431500000002,12.6530855,13.606335,13.9330345,13.571068,12.557764,11.168612499999998,10.0320635,7.848192,6.2281165000000005,4.297621,3.162278,3.3839145000000004,5.1925825,6.3954835,8.7996945,10.975335,13.076473,14.317821,15.824345,16.227352500000002,15.521467,14.2652455,11.086042,15.0,15.264338,14.764823,14.317821,13.601471,12.649111,11.401754,9.219544,8.0,6.082763,5.385165,5.0,4.472136,6.082763,8.0,10.198039,13.152946,15.297059,17.262677,18.11077,19.104973,19.026298,18.0,16.03122,14.142136,11.18034,2.236068,3.162278,5.656854,8.062258,9.848858,12.369317,13.152946,13.038405,13.0,12.041595,10.049876,8.062258,6.082763,4.0,3.162278,2.236068,3.162278,5.385165,7.211103,9.433981,11.401754,13.038405,14.422205,15.0,15.620499,16.278821,13.416408,14.317821,15.652476,15.652476,16.552945,15.231546,13.928388,12.649111,11.401754,9.219544,7.28011,5.385165,4.242641,4.472136,6.0,8.246211,11.401754,14.56022,16.763055,18.681542,20.615528,21.377558,21.213203,20.099751,18.027756,15.033296,11.18034,13.152946,14.317821,15.297059,13.601471,13.601471,12.369317,10.198039,8.062258,7.0,5.09902,4.472136,5.0,5.830952,6.708204,7.615773,8.544004,8.544004,9.848858,9.848858,9.848858,9.848858,8.544004,9.219544,9.0,10.198039
hoyeon_stand_normal_01,573,191,19.101043715846995,29.998360745314464,10,0.5497440099716187,0.6829593181610107,-0.2471620142459869,0.9999883770942688,0.5446582436561584,0.6938157677650452,-0.2360581308603286,0.9999651312828064,0.5417681932449341,0.6931049823760986,-0.2360673993825912,0.9999682307243348,0.5390569567680359,0.6920345425605774,-0.2360941916704177,0.9999716877937316,0.552353024482727,0.6946216225624084,-0.2355893552303314,0.9999528527259828,0.5546628832817078,0.6948128342628479,-0.2356101721525192,0.9999510049819946,0.5571615099906921,0.6946438550949097,-0.2356117218732834,0.999948799610138,0.5342646241188049,0.6825968623161316,-0.1547475606203079,0.999953269958496,0.5591962933540344,0.6866585612297058,-0.152663305401802,0.9998916387557985,0.5442814230918884,0.668806791305542,-0.2157571166753769,0.999986171722412,0.5550088882446289,0.6706653237342834,-0.2152480632066726,0.9999757409095764,0.5130112767219543,0.6056285500526428,-0.0897185355424881,0.9999754428863524,0.5792692303657532,0.6031006574630737,-0.0801679044961929,0.999897301197052,0.5048391819000244,0.5047370195388794,-0.0371457114815712,0.987352967262268,0.5845687389373779,0.5040120482444763,-0.0318800546228885,0.9512330889701844,0.5000486969947815,0.4225297570228576,-0.0941635519266128,0.970873236656189,0.5904574990272522,0.4178868234157562,-0.0882901847362518,0.8870433568954468,0.4962319731712341,0.3949103057384491,-0.1123685836791992,0.937941312789917,0.5940377712249756,0.388519674539566,-0.107070006430149,0.812964141368866,0.5018520951271057,0.3949902951717376,-0.1403909027576446,0.9432660341262816,0.590755045413971,0.3874207735061645,-0.1357727348804474,0.8246158957481384,0.5047280192375183,0.4038107395172119,-0.1061569675803184,0.9312820434570312,0.588144063949585,0.3962231278419494,-0.1010302454233169,0.8141542673110962,0.5270620584487915,0.4299788177013397,-0.0033771663438528,0.9995529651641846,0.5685868859291077,0.4326169490814209,0.0033092452213168,0.9993826746940612,0.5258673429489136,0.2724001705646515,-0.0324106961488723,0.9582724571228028,0.5724299550056458,0.2788909673690796,-0.0183871481567621,0.9394330978393556,0.5308787822723389,0.1247280985116958,0.045359082520008,0.957797646522522,0.5730953812599182,0.1289423257112503,0.0603967458009719,0.9159833192825316,0.5336083173751831,0.1044029220938682,0.0459748394787311,0.5303610563278198,0.5710427165031433,0.1077219918370246,0.0615677721798419,0.4943694472312927,0.5350077152252197,0.075421504676342,-0.0673326700925827,0.9305586814880372,0.5752113461494446,0.0817975401878357,-0.0461130775511264,0.8971394896507263,hoyeon_stand_normal_01,4.242641,4.0,7.28011,9.848858,12.083046,13.0,13.0,12.649111,12.649111,10.77033,9.486833,8.944272,6.708204,5.656854,5.0,5.0,6.324555,8.062258,10.630146,12.727922,15.620499,19.104973,20.518285,21.931712,21.260292,20.0,7.615773,9.486833,11.7047,12.649111,13.341664,13.152946,13.152946,12.041595,11.045361,10.049876,8.062258,6.082763,4.472136,4.242641,4.123106,5.0,7.28011,8.544004,10.440307,12.649111,14.56022,15.297059,15.297059,15.132746,13.038405,10.049876,17.117243,17.262677,16.492423,15.811388,15.231546,14.422205,14.866069,14.866069,16.401219,16.401219,17.804494,17.804494,18.439089,18.439089,17.691806,16.278821,15.556349,12.727922,9.219544,7.28011,6.324555,9.899495,14.21267,17.804494,21.260292,23.345235,18.384776,20.0,19.235384,18.027756,15.297059,11.0,7.071068,2.236068,2.0,5.385165,8.944272,12.206556,14.21267,15.556349,16.278821,17.204651,16.643317,17.492856,16.124515,15.264338,13.601471,12.041595,11.401754,11.7047,13.152946,14.0,12.727922,14.142136,14.866069,16.278821,15.556349,14.866069,14.21267,12.206556,10.816654,9.433981,8.062258,5.0,4.242641,4.0,5.385165,8.062258,10.816654,13.601471,17.204651,19.416488,21.095023,21.470911,21.023796,19.697716,17.464249,14.317821,13.0,13.928388,15.811388,15.811388,15.811388,14.56022,13.601471,11.401754,9.486833,7.615773,6.403124,5.0,5.385165,6.082763,7.0,8.0,8.0,9.0,9.055385,10.0,10.0,10.0,9.0,9.219544,9.848858,10.29563
hoyeon_stand_normal_01,576,192,19.201049180327868,29.998360745314464,10,0.5498026609420776,0.6832394599914551,-0.2408793717622757,0.999988317489624,0.5447372794151306,0.6939672231674194,-0.2297589927911758,0.9999648332595824,0.5418914556503296,0.6933298110961914,-0.2297698408365249,0.9999679923057556,0.5391571521759033,0.6923353672027588,-0.2297973483800888,0.9999715089797974,0.5523697733879089,0.6947157382965088,-0.2290944159030914,0.999952495098114,0.5546680688858032,0.694895327091217,-0.2291142046451568,0.999950647354126,0.5571628212928772,0.694713294506073,-0.2291148155927658,0.999948501586914,0.5343780517578125,0.6828793287277222,-0.1492856591939926,0.999953031539917,0.5591807961463928,0.6866887211799622,-0.1462707221508026,0.999890387058258,0.5444110035896301,0.6691609621047974,-0.2098746001720428,0.9999859929084778,0.5550316572189331,0.6709545254707336,-0.2091019749641418,0.9999753832817078,0.5131334662437439,0.605701744556427,-0.0861513763666153,0.999975085258484,0.5792650580406189,0.6031007766723633,-0.0751926451921463,0.9998968243598938,0.5048051476478577,0.5048121809959412,-0.0354617200791835,0.9873231649398804,0.5845659375190735,0.5040300488471985,-0.0277325194329023,0.9507302045822144,0.4999634325504303,0.4225269556045532,-0.0925414487719535,0.9706220030784608,0.5905268788337708,0.4179809987545013,-0.0843377262353897,0.886515736579895,0.4961994886398315,0.3948936462402344,-0.1108457669615745,0.9374971985816956,0.5941392183303833,0.3887082934379577,-0.1032928749918937,0.8124461770057678,0.5018265247344971,0.3949597179889679,-0.1387147009372711,0.942834198474884,0.5908480286598206,0.3875422179698944,-0.1316320896148681,0.8241196274757385,0.5047000646591187,0.4037985205650329,-0.1045093014836311,0.9308489561080932,0.5882187485694885,0.3963716626167297,-0.0970006063580513,0.8136428594589233,0.5270814299583435,0.4299812018871307,-0.0036103725433349,0.9995511174201964,0.5685846209526062,0.432646632194519,0.003543467959389,0.9993828535079956,0.5258381962776184,0.2724913656711578,-0.0327201858162879,0.9580740332603456,0.5724982023239136,0.2790039181709289,-0.0183935407549142,0.9395909309387208,0.5308566689491272,0.1247342973947525,0.0443508774042129,0.9573929309844972,0.573170006275177,0.1292034834623336,0.0586636587977409,0.9157695174217224,0.5335853099822998,0.1044109240174293,0.04507302865386,0.5274943709373474,0.5710487961769104,0.1077669486403465,0.0597327537834644,0.4937103986740112,0.5350063443183899,0.0754723325371742,-0.0677521750330925,0.9299049973487854,0.5752763748168945,0.0821065306663513,-0.0471297055482864,0.8966365456581116,hoyeon_stand_normal_01,25.632011,25.495098,23.323808,20.0,16.278821,12.041595,8.062258,5.09902,5.385165,7.071068,9.219544,11.401754,13.601471,15.0,16.401219,18.439089,19.849433,20.518285,20.518285,19.849433,18.439089,16.278821,12.806248,9.848858,10.0,12.369317,13.038405,12.806248,11.401754,10.0,8.062258,8.246211,8.062258,9.055385,10.198039,11.401754,12.369317,12.369317,13.152946,13.152946,13.038405,12.041595,12.0,10.0,9.0,7.071068,5.0,5.830952,9.055385,14.0,18.0,22.090722,14.764823,15.264338,14.21267,14.142136,13.453624,12.806248,11.401754,9.433981,8.944272,7.28011,6.082763,5.09902,5.830952,7.211103,8.944272,10.440307,13.601471,15.524175,17.720045,18.973666,18.973666,19.313208,18.788294,17.0,14.422205,11.401754,2.236068,2.828427,5.385165,8.062258,10.0,12.041595,13.341664,13.601471,13.0,11.18034,10.29563,8.602325,6.403124,4.472136,2.236068,1.414214,3.0,5.09902,7.071068,9.219544,11.401754,13.341664,14.317821,15.524175,16.492423,15.811388,16.643317,14.422205,12.206556,9.899495,8.602325,8.246211,9.0,10.049876,11.045361,13.038405,15.0,17.029386,17.117243,18.439089,18.973666,18.788294,19.235384,17.492856,14.422205,11.661904,7.615773,6.082763,7.071068,9.848858,12.649111,15.811388,8.062258,5.656854,5.385165,6.082763,7.615773,10.29563,12.206556,13.601471,14.422205,16.124515,14.317821,13.928388,13.928388,12.649111,11.401754,10.440307,9.486833,8.944272,9.433981,10.0,10.630146,12.727922,14.142136,16.970563,17.691806,17.804494
hoyeon_stand_normal_01,579,193,19.301054644808744,29.998360745314464,10,0.5498268008232117,0.683482825756073,-0.2385354936122894,0.999988317489624,0.5447696447372437,0.6941053867340088,-0.227398470044136,0.9999648332595824,0.541935920715332,0.6935162544250488,-0.2274081110954284,0.9999679923057556,0.5391914248466492,0.6925714612007141,-0.2274329662322998,0.9999715089797974,0.5523775815963745,0.6948187351226807,-0.2267529070377349,0.9999525547027588,0.5546733140945435,0.6949958205223083,-0.2267725765705108,0.9999507665634156,0.5571638941764832,0.6948075294494629,-0.2267735004425048,0.9999486804008484,0.5344237089157104,0.6831027269363403,-0.1466713696718216,0.9999530911445618,0.5591821670532227,0.6867339611053467,-0.1437239795923233,0.9998902678489684,0.544464647769928,0.6694592833518982,-0.2074219584465026,0.9999859929084778,0.5550457835197449,0.6712144017219543,-0.2066689580678939,0.999975323677063,0.5132466554641724,0.605758547782898,-0.0835102871060371,0.9999749660491944,0.5792662501335144,0.60313880443573,-0.0723688453435897,0.9998977184295654,0.5047933459281921,0.5048804879188538,-0.0326581671833992,0.9873164892196656,0.5845680832862854,0.5042153000831604,-0.0247145686298608,0.950530469417572,0.4999004900455475,0.4225616753101349,-0.0903908386826515,0.9705622792243958,0.5906689167022705,0.4182707667350769,-0.0823675841093063,0.8870563507080078,0.4961721301078796,0.3948974907398224,-0.1088161468505859,0.9374614357948304,0.5944068431854248,0.3891318738460541,-0.1014364063739776,0.8134253025054932,0.501814603805542,0.3949726223945617,-0.1368002444505691,0.9427903294563292,0.5910834670066833,0.3879580795764923,-0.1299705356359481,0.8250659704208374,0.5046846866607666,0.4038309454917907,-0.1024308875203132,0.9308040142059326,0.5883910655975342,0.3968347907066345,-0.0951158180832862,0.8145303130149841,0.527090311050415,0.4299788773059845,-0.0038056930061429,0.9995511770248412,0.56858229637146,0.432646244764328,0.0037398778367787,0.9993866682052612,0.5258365869522095,0.2725769281387329,-0.032676737755537,0.9583919048309326,0.5725888609886169,0.2791276574134826,-0.0183428544551134,0.9403115510940552,0.5308565497398376,0.1247614845633506,0.0444082245230674,0.9576261639595032,0.5732428431510925,0.1293860524892807,0.0585351921617984,0.916427493095398,0.5335835218429565,0.1044402793049812,0.0451324023306369,0.5273826122283936,0.5710561871528625,0.1078081876039505,0.0595980733633041,0.4953493475914001,0.5350077748298645,0.0755707547068595,-0.0678180903196334,0.9302169680595398,0.5754519701004028,0.082377903163433,-0.0471684336662292,0.897283136844635,hoyeon_stand_normal_01,5.09902,6.403124,8.944272,11.401754,13.928388,14.866069,15.231546,14.317821,14.317821,12.083046,11.18034,9.848858,8.246211,7.071068,6.082763,5.830952,6.403124,8.544004,10.198039,13.038405,16.0,18.0,20.0,21.023796,21.095023,19.235384,6.324555,8.544004,9.848858,11.18034,12.529964,13.038405,12.206556,11.401754,10.0,7.81025,6.403124,4.472136,4.123106,3.162278,4.242641,4.472136,6.324555,8.544004,11.7047,12.649111,13.928388,15.231546,15.652476,14.422205,13.038405,9.433981,17.0026375,17.379389500000002,16.2249805,15.460915,14.6394105,14.4490065,13.2460145,12.700877,12.2336385,11.3742595,11.103639,10.6117675,11.34312,12.545822,13.2201535,14.18748,15.157245,15.7290415,15.420165,15.183093,15.0912715,16.349089,17.506422,18.3018285,18.192658,17.7111025,9.5,10.7946895,12.983128,13.1384535,13.537037,13.1394105,11.842305,9.8501585,9.618034,10.3247515,11.0727375,11.291047,10.820365,9.915476,9.578201,9.6433965,10.3754785,10.803469,12.2620875,12.6589105,13.5943075,14.01561,14.645554999999998,14.9376515,15.811522,16.5502535,17.492856,16.643317,13.892444,11.18034,9.219544,9.0,9.486833,11.18034,12.529964,14.317821,16.155494,17.088007,18.681542,20.223748,21.023796,21.0,20.099751,18.248288,16.278821,13.152946,10.0,6.324555,6.708204,9.055385,12.041595,15.033296,8.544004,7.071068,6.082763,7.211103,9.219544,10.816654,13.892444,15.264338,16.643317,17.204651,17.029386,16.278821,15.556349,13.453624,12.806248,11.313708,10.630146,10.630146,10.816654,11.18034,13.0,15.231546,16.155494,18.384776,19.697716,19.235384
hoyeon_stand_normal_01,582,194,19.401060109289617,29.998360745314464,10,0.5498790740966797,0.6836773157119751,-0.235398456454277,0.9999882578849792,0.5448150634765625,0.6942418813705444,-0.2242811024188995,0.9999645948410034,0.5419924855232239,0.6936917901039124,-0.2242916971445083,0.9999677538871764,0.5392321348190308,0.6927830576896667,-0.2243141531944275,0.999971330165863,0.5523998141288757,0.6949402093887329,-0.2234956920146942,0.9999523162841796,0.554686963558197,0.6951199173927307,-0.2235134094953537,0.9999504685401917,0.5571689009666443,0.694933295249939,-0.2235140651464462,0.9999483823776244,0.5344533920288086,0.6832816004753113,-0.1438310444355011,0.999952793121338,0.55918288230896,0.6868032217025757,-0.1401828080415725,0.9998888969421388,0.5445446372032166,0.669700562953949,-0.2044101059436798,0.9999858736991882,0.5550797581672668,0.671441912651062,-0.203457772731781,0.999975085258484,0.5133320689201355,0.6058172583580017,-0.0812220275402069,0.99997478723526,0.5792705416679382,0.6031647324562073,-0.0687306374311447,0.9998982548713684,0.5047776699066162,0.5049588084220886,-0.0302502810955047,0.9873293042182922,0.5845726728439331,0.5042633414268494,-0.0204840935766696,0.9499703645706176,0.4998656511306762,0.4226222038269043,-0.087745077908039,0.9704847931861876,0.5907666087150574,0.4185042381286621,-0.0788905918598175,0.8874115347862244,0.4961334466934204,0.3949057757854461,-0.1060808822512626,0.9374110698699952,0.5945647954940796,0.389533519744873,-0.0978641137480735,0.8143169283866882,0.5017922520637512,0.3949881196022033,-0.1339836716651916,0.942718744277954,0.5912700891494751,0.388322114944458,-0.1266981214284896,0.8259251117706299,0.5046740770339966,0.4038746356964111,-0.0997365936636924,0.9307185411453248,0.5885376334190369,0.3972140252590179,-0.0917830616235733,0.8153150677680969,0.5271203517913818,0.4299235939979553,-0.004194853361696,0.999550461769104,0.5686164498329163,0.4325319528579712,0.0041315541602671,0.9993888139724731,0.5258195400238037,0.2727666795253753,-0.0322602652013301,0.9589752554893494,0.5726475119590759,0.2790877819061279,-0.0175814293324947,0.9414258599281312,0.5308420062065125,0.1248547881841659,0.0444324873387813,0.9581973552703856,0.5733163356781006,0.1294993907213211,0.0585929974913597,0.9176651835441588,0.5335658192634583,0.1044934839010238,0.0450945347547531,0.5288591384887695,0.5710760354995728,0.1078361496329307,0.0596226975321769,0.4991414248943329,0.5350044965744019,0.0765771940350532,-0.06790491938591,0.9310230016708374,0.5756940245628357,0.0826746150851249,-0.0467178374528884,0.8986664414405823,hoyeon_stand_normal_01,6.082763,7.071068,9.848858,12.649111,15.231546,16.552945,17.464249,16.552945,15.652476,14.764823,13.416408,11.18034,9.486833,8.062258,7.0,6.708204,7.071068,8.944272,11.7047,15.297059,18.248288,21.213203,23.345235,24.738634,24.041631,22.472205,8.246211,10.198039,12.649111,13.601471,13.928388,14.317821,13.416408,12.529964,11.661904,10.29563,8.062258,6.324555,5.09902,4.123106,4.242641,5.830952,7.28011,10.440307,12.369317,14.56022,16.155494,18.384776,17.888544,17.0,15.264338,11.661904,15.524175,15.132746,15.0,15.033296,14.142136,13.152946,12.369317,10.440307,8.944272,7.211103,5.656854,5.385165,6.082763,7.28011,9.848858,11.661904,14.422205,16.643317,18.35756,20.59126,21.023796,21.023796,20.248457,17.720045,15.524175,12.165525,2.0,2.0,5.385165,7.81025,9.899495,11.401754,13.038405,13.416408,13.0,12.369317,10.198039,9.219544,6.082763,5.09902,2.236068,1.0,2.828427,5.0,7.211103,9.433981,11.661904,13.892444,14.764823,16.124515,16.552945,16.155494,17.464249,15.231546,13.0,11.401754,9.0,9.219544,9.848858,10.816654,13.038405,15.264338,17.0,18.384776,18.973666,20.615528,21.213203,21.095023,20.0,19.026298,16.03122,13.0,10.049876,7.211103,7.615773,10.049876,14.0,16.03122,7.28011,6.082763,5.385165,6.403124,8.944272,11.18034,13.928388,15.231546,16.552945,17.0,16.643317,15.811388,14.21267,14.21267,11.401754,11.401754,10.0,10.29563,9.848858,11.7047,12.369317,14.317821,16.492423,17.720045,18.973666,19.313208
hoyeon_stand_normal_01,585,195,19.501065573770493,29.998360745314464,10,0.5499486327171326,0.6837179064750671,-0.2325704097747802,0.9999880790710448,0.5448777675628662,0.6942774057388306,-0.2215086966753006,0.999963879585266,0.5420612096786499,0.6937434673309326,-0.2215191423892974,0.999967098236084,0.5392784476280212,0.6928477883338928,-0.2215390652418136,0.9999707341194152,0.5524545311927795,0.6949617862701416,-0.2206180840730667,0.9999514818191528,0.5547391772270203,0.6951369047164917,-0.2206357568502426,0.9999496340751648,0.55721116065979,0.6949434280395508,-0.2206375300884246,0.9999474883079528,0.5344892740249634,0.6833261847496033,-0.1411729454994201,0.9999518394470216,0.5591967105865479,0.6868125200271606,-0.1370230019092559,0.9998859763145448,0.5446096062660217,0.669755756855011,-0.2016046196222305,0.9999855756759644,0.5551396012306213,0.6714873909950256,-0.2005088329315185,0.9999746084213256,0.5133959054946899,0.6059013605117798,-0.0784002095460891,0.9999744296073914,0.5792874097824097,0.6032018661499023,-0.06631750613451,0.9998984336853028,0.50477534532547,0.5049924254417419,-0.0274879951030015,0.9873363971710204,0.5845813155174255,0.5042935609817505,-0.0184477232396602,0.9496718049049376,0.4998621940612793,0.4227058291435241,-0.0852434188127517,0.970429539680481,0.5908582210540771,0.4188167452812195,-0.0778494253754615,0.8883175253868103,0.4961305558681488,0.394952654838562,-0.1035389006137847,0.9373722076416016,0.5946568250656128,0.390006810426712,-0.0970514491200447,0.8159613609313965,0.5017874240875244,0.3950006663799286,-0.1313574612140655,0.9426655173301696,0.5914103388786316,0.3887870609760284,-0.1258337050676345,0.82752525806427,0.5046706795692444,0.4038939774036407,-0.097214750945568,0.9306817650794984,0.5886799097061157,0.3977071940898895,-0.0907305926084518,0.8168660402297974,0.5271856188774109,0.4296729564666748,-0.0043339477851986,0.9995460510253906,0.5686957240104675,0.4321441650390625,0.0042725568637251,0.9993862509727478,0.5258200168609619,0.2730245888233185,-0.0318538956344127,0.9592955112457277,0.5726521611213684,0.2792079746723175,-0.0176183655858039,0.9421987533569336,0.5307139754295349,0.1259735673666,0.045633390545845,0.9582977294921876,0.5733633637428284,0.1295876502990722,0.0589687786996364,0.9183387756347656,0.5334815979003906,0.1051150560379028,0.0464523993432521,0.5286765098571777,0.5711231231689453,0.1079038232564926,0.0601085945963859,0.5013217926025391,0.5349893569946289,0.0774343907833099,-0.0661429464817047,0.931166172027588,0.5757675170898438,0.0827050283551216,-0.0461511947214603,0.8993023633956909,hoyeon_stand_normal_01,27.294688,26.019224,24.083189,20.223748,16.278821,12.165525,8.0,5.385165,6.403124,8.246211,10.198039,13.152946,15.132746,17.262677,18.439089,19.416488,20.615528,21.84033,22.135944,21.18962,19.313208,16.763055,13.341664,11.0,11.18034,14.21267,13.038405,12.165525,11.18034,10.198039,8.0,8.062258,7.615773,8.602325,10.0,11.313708,12.041595,12.806248,12.806248,12.806248,13.038405,12.206556,11.661904,10.29563,8.062258,6.403124,5.385165,6.082763,10.29563,14.764823,19.697716,23.4094,14.317821,13.601471,13.0,12.529964,11.661904,10.816654,10.0,8.485281,7.071068,5.830952,4.123106,4.123106,5.0,6.403124,8.944272,10.77033,13.928388,16.155494,17.464249,19.697716,20.124612,20.248457,19.416488,17.804494,14.866069,12.041595,1.414214,4.123106,6.082763,9.486833,11.7047,13.416408,14.422205,14.21267,14.142136,13.453624,11.401754,9.219544,7.81025,5.656854,3.605551,2.0,2.828427,4.472136,6.324555,8.246211,10.198039,12.165525,13.152946,14.035669,15.033296,15.0,14.56022,15.231546,16.552945,17.088007,17.088007,17.088007,15.524175,14.317821,13.152946,11.18034,9.055385,6.324555,5.830952,5.0,6.324555,9.0,12.041595,15.132746,18.248288,20.223748,22.203603,22.090722,22.022716,21.0,19.026298,16.03122,13.152946,14.142136,15.297059,15.297059,15.297059,14.56022,13.341664,11.18034,9.055385,7.071068,6.324555,5.0,5.830952,6.708204,7.615773,8.544004,9.848858,10.77033,10.77033,11.18034,11.18034,10.77033,10.77033,10.198039,10.049876,11.045361
hoyeon_stand_normal_01,588,196,19.60107103825137,29.998360745314464,10,0.5500208735466003,0.6836251616477966,-0.2331462651491165,0.9999880194664,0.5449373126029968,0.6942612528800964,-0.2221367806196212,0.9999635219573976,0.5421263575553894,0.6937337517738342,-0.2221465557813644,0.9999667406082152,0.5393295884132385,0.6928406357765198,-0.2221667021512985,0.9999703764915466,0.552506148815155,0.6949349641799927,-0.2213617116212844,0.9999510049819946,0.5547990202903748,0.6951040625572205,-0.2213799357414245,0.9999491572380066,0.5572613477706909,0.694893479347229,-0.2213823497295379,0.9999470114707948,0.5345563292503357,0.68332839012146,-0.1411142647266388,0.9999513030052184,0.5592196583747864,0.6868067383766174,-0.1375586688518524,0.9998844861984252,0.5447022914886475,0.6697012782096863,-0.2018148750066757,0.9999854564666748,0.5551980137825012,0.6714079976081848,-0.2008849531412124,0.9999744296073914,0.5135106444358826,0.6060099601745605,-0.0769673585891723,0.9999744296073914,0.5792935490608215,0.6033195853233337,-0.0661812648177146,0.99989914894104,0.5047733783721924,0.5050172805786133,-0.0257240999490022,0.9873327612876892,0.5845949649810791,0.5043849945068359,-0.0180337633937597,0.9497880339622498,0.4999037384986877,0.4227194488048553,-0.0851618200540542,0.9705638885498048,0.5910104513168335,0.41910320520401,-0.0781262218952179,0.8900095224380493,0.4961560368537903,0.3949746191501617,-0.10379209369421,0.9376993775367736,0.5947942733764648,0.3903281688690185,-0.0975732430815696,0.8187188506126404,0.5018091797828674,0.3950153291225433,-0.1316705495119094,0.9429510235786438,0.5915880799293518,0.3891482055187225,-0.126327782869339,0.8301806449890137,0.5046967267990112,0.4039089977741241,-0.0971735194325447,0.931008756160736,0.5888506174087524,0.3980899453163147,-0.0909665524959564,0.8194015026092529,0.5272493958473206,0.4296616911888122,-0.0043016774579882,0.9995454549789428,0.5687373876571655,0.4320861399173736,0.0042406902648508,0.9993866682052612,0.5258181691169739,0.2732290625572204,-0.0319480411708354,0.9594455361366272,0.572652280330658,0.2791834771633148,-0.0190979000180959,0.9426767230033876,0.5307053923606873,0.1259825080633163,0.0471639223396778,0.9582624435424804,0.5735190510749817,0.129581332206726,0.0590083450078964,0.9187047481536864,0.5334805250167847,0.1053936779499054,0.0483439192175865,0.5285997986793518,0.5713310837745667,0.1078986376523971,0.0601532906293869,0.5019186735153198,0.53498774766922,0.0771751403808593,-0.0643436089158058,0.9312328100204468,0.5757494568824768,0.0824047401547432,-0.0462230592966079,0.8996673822402954,hoyeon_stand_normal_01,27.018512,27.45906,24.596748,20.615528,15.811388,11.7047,7.211103,5.385165,6.082763,8.544004,11.18034,13.892444,15.652476,17.888544,18.788294,19.697716,21.540659,21.540659,21.18962,21.18962,18.973666,17.088007,13.892444,11.313708,11.7047,14.142136,13.341664,12.041595,11.045361,10.049876,8.246211,8.062258,7.81025,8.062258,9.848858,10.77033,12.083046,12.083046,13.416408,12.529964,13.038405,12.206556,11.401754,10.0,7.81025,5.830952,4.0,5.656854,10.29563,14.764823,20.248457,24.207437,18.027756,18.384776,17.464249,16.124515,15.811388,15.556349,16.401219,16.643317,17.492856,18.35756,18.867962,19.723083,20.248457,20.0,20.0,18.439089,17.029386,14.866069,11.401754,7.615773,7.071068,9.219544,12.806248,17.804494,20.615528,24.041631,16.552945,18.027756,17.691806,16.401219,13.892444,10.77033,6.082763,2.236068,2.236068,6.0,9.055385,12.369317,13.601471,15.652476,16.124515,16.643317,16.401219,17.029386,15.620499,15.620499,14.422205,13.416408,12.649111,13.152946,14.035669,15.297059,17.3355365,15.628623,13.319938,11.291047,9.3267625,8.377261,9.081908,10.742834,12.205456,14.176745,15.472067,16.978336,18.192658,19.102391,19.617692,19.9673865,19.529403,18.439089,16.010859,12.806248,9.3267625,7.4772075,6.9701640000000005,9.924845,12.4239215,15.3102495,8.377261,7.106687,5.751072000000001,6.5769155,8.5588215,10.85235,13.2038595,15.012029,16.2872215,16.2635075,16.693596,15.678030499999998,14.480842,13.3245555,12.200877,11.385165,10.4471095,9.497074,9.81601,10.385165,12.062320499999998,13.8857225,15.6044125,17.458965,18.296394,19.1493955
hoyeon_stand_normal_01,591,197,19.70107650273224,29.998360745314464,10,0.550036609172821,0.6834722757339478,-0.2335777729749679,0.9999879598617554,0.5449647903442383,0.6942161917686462,-0.2225874364376068,0.999963402748108,0.5421494245529175,0.6936894059181213,-0.2225976139307022,0.9999666213989258,0.5393485426902771,0.6927884221076965,-0.2226182669401168,0.9999701976776124,0.5525580644607544,0.6948814392089844,-0.221867486834526,0.9999508261680604,0.5548809170722961,0.6950370669364929,-0.2218853533267974,0.9999489784240724,0.5573500990867615,0.6947975158691406,-0.2218866348266601,0.9999467730522156,0.534587562084198,0.6833009123802185,-0.1412882059812545,0.999951183795929,0.5593283772468567,0.6867619156837463,-0.1379671692848205,0.9998838901519777,0.5447068810462952,0.6695550084114075,-0.2020838856697082,0.99998539686203,0.555223822593689,0.6712108254432678,-0.2012180238962173,0.9999743700027466,0.5136237144470215,0.6060414910316467,-0.07644023001194,0.999974489212036,0.5793096423149109,0.6033462882041931,-0.0659572035074234,0.9998998641967772,0.5047896504402161,0.5050238370895386,-0.0246044099330902,0.9873234033584596,0.5845986008644104,0.504379391670227,-0.0174917783588171,0.9498053193092346,0.49996417760849,0.4227283000946045,-0.0844621285796165,0.970699906349182,0.5910718441009521,0.4192606508731842,-0.0782382488250732,0.8916373252868652,0.4962051212787628,0.3949997723102569,-0.1032677143812179,0.9380486011505128,0.5948743224143982,0.3905381560325622,-0.0977533608675003,0.8213923573493958,0.5018331408500671,0.3950361609458923,-0.1311489045619964,0.9432551264762878,0.5916435718536377,0.3894221186637878,-0.1266343742609024,0.8327533602714539,0.5047220587730408,0.4039310216903686,-0.0964916497468948,0.9313552975654602,0.588901162147522,0.3983781933784485,-0.0911191999912262,0.8219213485717773,0.5273212194442749,0.4295957386493683,-0.0043155108578503,0.9995457530021667,0.5687903165817261,0.4319201707839966,0.0042551667429506,0.9993873238563538,0.5258063673973083,0.2732302248477936,-0.0320849046111106,0.9597100615501404,0.5726636648178101,0.2791846394538879,-0.0192508362233638,0.9431215524673462,0.5306662917137146,0.1255231350660324,0.047158770263195,0.958365797996521,0.5736358165740967,0.1295837610960006,0.0590408816933631,0.91912180185318,0.5334585309028625,0.1051899045705795,0.0483328141272068,0.5291061401367188,0.5714513659477234,0.1078748255968093,0.0601963736116886,0.5037032961845398,0.5349569320678711,0.0770675987005233,-0.064356654882431,0.9313399195671082,0.575792670249939,0.0824204534292221,-0.0462393015623092,0.9000834822654724,hoyeon_stand_normal_01,26.870058,25.612497,23.853721,20.59126,16.552945,12.083046,8.602325,5.830952,6.0,8.246211,9.848858,12.083046,14.317821,15.652476,17.464249,18.384776,20.248457,21.18962,20.880613,19.646883,17.720045,15.524175,13.0,10.0,10.29563,12.369317,13.601471,12.529964,11.661904,10.29563,9.219544,9.219544,8.944272,9.486833,10.440307,11.18034,12.165525,13.341664,13.341664,13.601471,12.649111,12.649111,11.7047,10.77033,9.848858,7.28011,6.082763,6.403124,10.29563,14.764823,19.235384,22.472205,15.524175,15.524175,15.297059,14.035669,14.035669,13.341664,13.928388,14.764823,16.124515,16.124515,17.0,17.888544,17.464249,18.384776,17.088007,15.811388,14.56022,12.369317,9.486833,6.403124,6.082763,8.544004,12.529964,16.552945,20.615528,22.135944,17.492856,18.788294,17.720045,17.117243,15.0,11.045361,7.28011,3.162278,1.414214,5.0,8.485281,11.401754,13.038405,14.764823,15.231546,15.811388,15.811388,16.492423,15.524175,14.56022,13.601471,13.0,12.206556,12.727922,13.038405,14.317821,17.029386,14.866069,12.041595,9.899495,8.062258,7.28011,8.0,10.198039,11.18034,13.152946,15.033296,16.0,17.029386,18.248288,18.681542,18.384776,18.788294,17.0,13.892444,11.18034,8.544004,6.082763,7.071068,9.848858,12.649111,14.866069,7.81025,6.403124,5.385165,6.082763,8.062258,10.0,12.041595,14.21267,15.0,15.811388,15.264338,14.764823,13.416408,13.0,11.7047,9.848858,8.944272,8.944272,9.219544,9.899495,11.401754,12.806248,15.0,17.029386,17.691806,17.691806
hoyeon_stand_normal_01,594,198,19.801081967213115,29.998360745314464,10,0.5500145554542542,0.6834169030189514,-0.2326310127973556,0.9999880790710448,0.5449663400650024,0.6941835284233093,-0.2214083075523376,0.999963641166687,0.542144238948822,0.6936341524124146,-0.2214188277721405,0.9999668598175048,0.539351761341095,0.6927067637443542,-0.2214391082525253,0.9999703764915466,0.5525612235069275,0.6948612928390503,-0.2209424823522567,0.9999511241912842,0.554897665977478,0.6950151920318604,-0.2209589928388595,0.999949276447296,0.5573858022689819,0.694762647151947,-0.2209586650133133,0.9999470710754396,0.534591555595398,0.6832224726676941,-0.139191135764122,0.9999515414237976,0.5595046877861023,0.686731219291687,-0.1370600014925003,0.9998846650123596,0.544675886631012,0.6694591641426086,-0.2008260935544967,0.9999854564666748,0.5552271604537964,0.671084463596344,-0.2002832591533661,0.9999745488166808,0.513811469078064,0.606060802936554,-0.073667861521244,0.9999747276306152,0.579345703125,0.6033498048782349,-0.0647642686963081,0.999900758266449,0.5048478245735168,0.5050300359725952,-0.0211227405816316,0.98725688457489,0.5846127271652222,0.5043182373046875,-0.0164155978709459,0.949750542640686,0.5001010298728943,0.4227616488933563,-0.0822558924555778,0.9708295464515686,0.5911162495613098,0.4192932546138763,-0.0780875161290168,0.8930290937423706,0.4962972402572632,0.3950635194778442,-0.1013741567730903,0.9384444952011108,0.5949372053146362,0.3906154632568359,-0.0977895483374595,0.8237344026565552,0.5018812417984009,0.3951072096824646,-0.129460334777832,0.9436136484146118,0.5916833281517029,0.3894964456558227,-0.1268821507692337,0.8350188732147217,0.5047820806503296,0.4040130972862243,-0.0944535583257675,0.9317275285720824,0.5889344811439514,0.3984880745410919,-0.0910739228129386,0.8241488337516785,0.5274055600166321,0.4294995367527008,-0.0043041417375206,0.999549925327301,0.568876326084137,0.4317080974578857,0.0042448937892913,0.9993931651115416,0.5257897973060608,0.2730309963226318,-0.0320758149027824,0.9605016112327576,0.5727002620697021,0.2791983485221863,-0.0194292906671762,0.9441461563110352,0.5306622982025146,0.1249438673257827,0.0474418848752975,0.9591588377952576,0.5738219022750854,0.1294801384210586,0.0591570250689983,0.9206734895706176,0.5334701538085938,0.1047269254922866,0.0485574081540107,0.532634437084198,0.5716167688369751,0.1076828688383102,0.060347206890583,0.5083997249603271,0.5349618792533875,0.0768200680613517,-0.0643530189990997,0.9324658513069152,0.575805127620697,0.0824000313878059,-0.0462341830134391,0.9018924236297609,hoyeon_stand_normal_01,5.09902,5.830952,8.485281,11.401754,14.21267,14.866069,16.278821,15.556349,14.866069,13.453624,11.313708,9.899495,8.602325,7.615773,7.071068,7.071068,8.062258,10.0,12.041595,15.620499,18.601075,20.808652,22.803509,24.083189,24.041631,21.931712,7.211103,9.433981,11.661904,13.038405,13.601471,14.21267,13.453624,12.041595,11.313708,9.899495,8.485281,6.403124,4.472136,4.123106,4.123106,5.0,6.403124,8.602325,10.816654,12.206556,13.601471,15.620499,16.278821,14.866069,14.21267,10.630146,18.0,18.027756,17.117243,16.492423,15.811388,15.652476,15.811388,15.620499,17.691806,18.384776,19.104973,19.79899,19.849433,19.849433,20.0,18.601075,16.643317,14.422205,10.816654,7.81025,6.0,8.062258,12.041595,16.970563,21.260292,23.600847,18.384776,19.209373,18.867962,17.464249,14.317821,11.045361,6.082763,2.236068,3.0,6.324555,10.29563,13.038405,14.21267,16.278821,17.029386,17.804494,17.204651,17.492856,17.492856,16.643317,15.0,14.142136,13.601471,13.416408,14.56022,16.124515,18.027756,16.643317,14.422205,11.401754,10.0,9.848858,10.198039,11.045361,13.038405,14.035669,17.117243,18.248288,19.646883,20.248457,21.023796,20.59126,20.248457,18.601075,16.401219,13.601471,10.29563,7.071068,6.708204,10.0,13.038405,14.764823,7.81025,6.403124,6.324555,7.071068,9.848858,11.661904,14.422205,15.264338,17.492856,17.888544,17.464249,17.088007,15.811388,14.56022,13.601471,11.401754,10.440307,9.848858,11.18034,11.401754,13.453624,14.866069,16.278821,18.439089,19.209373,20.0
hoyeon_stand_normal_01,597,199,19.901087431693988,29.998360745314464,10,0.549962043762207,0.6833814382553101,-0.2331231981515884,0.9999881386756896,0.5449603199958801,0.6941559314727783,-0.221803218126297,0.999963879585266,0.5421296954154968,0.6935858726501465,-0.2218135744333267,0.999967098236084,0.5393513441085815,0.6926367878913879,-0.2218348830938339,0.999970555305481,0.55256587266922,0.6948471665382385,-0.2214886099100113,0.9999513030052184,0.5549041628837585,0.6950022578239441,-0.2215051651000976,0.9999494552612304,0.5574084520339966,0.6947454214096069,-0.2215041667222976,0.9999471306800842,0.5345990657806396,0.6831582188606262,-0.1391654014587402,0.9999520182609558,0.5596749186515808,0.6867208480834961,-0.1378122717142105,0.9998852014541626,0.5446216464042664,0.6694037318229675,-0.2011766731739044,0.9999855160713196,0.5552318096160889,0.6710144877433777,-0.2008470147848129,0.9999746680259703,0.5139926671981812,0.6060905456542969,-0.07341930270195,0.9999752044677734,0.5793806910514832,0.6033515930175781,-0.065515249967575,0.9999013543128968,0.5049175024032593,0.50501948595047,-0.0211758650839328,0.9872484803199768,0.5846415758132935,0.5043060779571533,-0.0173338651657104,0.949794590473175,0.5002602934837341,0.4228130877017975,-0.083076424896717,0.971129298210144,0.5911475419998169,0.4193145036697387,-0.0785738974809646,0.8940763473510742,0.4963982403278351,0.3951621651649475,-0.1023044511675834,0.939099371433258,0.594965398311615,0.390665054321289,-0.0982963815331459,0.8254326581954956,0.5019884705543518,0.3952181339263916,-0.1304113566875457,0.9442228674888612,0.5916919112205505,0.3895462453365326,-0.1273950636386871,0.8366819024085999,0.504884660243988,0.4041120707988739,-0.0953081771731376,0.9324115514755248,0.5889408588409424,0.3985722064971924,-0.0915673971176147,0.8258206844329834,0.527492105960846,0.429521769285202,-0.0041721411980688,0.999556005001068,0.5689390897750854,0.4317063093185425,0.0041157845407724,0.9993997812271118,0.5257875323295593,0.2732419073581695,-0.0323610343039035,0.9607240557670592,0.5727051496505737,0.2793802320957184,-0.020017821341753,0.9442765116691588,0.5306639671325684,0.1249202862381935,0.0473928414285182,0.959367334842682,0.5738586783409119,0.1293574422597885,0.0591065734624862,0.9210370182991028,0.5335229635238647,0.1047321408987045,0.0484952107071876,0.5335615873336792,0.5716972947120667,0.1075591072440147,0.0603235438466072,0.5097193121910095,0.5349740386009216,0.076698288321495,-0.0646451488137245,0.9328154921531676,0.5757997632026672,0.08212810754776,-0.0466024428606033,0.9024578928947448,hoyeon_stand_normal_01,15.1220315,14.912712,15.6947585,15.1250045,14.9851485,13.5990195,12.1065495,10.5349,10.627257,10.969875,10.972136,10.975335,11.632633,11.520898,11.6832985,11.706281,12.549412,14.411262,15.444049,16.670272,17.4581805,17.93005,17.6317645,17.4497475,17.5917205,18.732972,10.485821,11.3978355,11.6259585,11.899755,11.334208,11.4135405,11.2875365,10.613329,10.7585135,10.737984999999998,10.062306,9.4365035,8.659379,8.7958605,8.603278,8.8631545,9.346202,10.3580745,10.761843,10.833731,10.807981,11.67878,13.6953095,15.7115905,16.6800725,16.9547015,14.142136,13.601471,13.928388,13.416408,13.038405,12.206556,11.401754,9.899495,7.81025,6.708204,5.385165,5.09902,5.0,7.071068,9.433981,11.18034,13.928388,16.552945,18.788294,20.124612,21.470911,21.095023,20.248457,18.601075,16.278821,12.727922,1.0,2.0,5.09902,8.062258,10.0,12.041595,13.453624,13.601471,13.038405,12.529964,11.18034,9.848858,7.615773,5.385165,3.162278,1.414214,1.414214,3.162278,5.09902,7.28011,10.198039,12.165525,13.152946,14.142136,15.132746,15.033296,13.038405,14.21267,15.0,15.811388,15.811388,15.264338,13.892444,12.529964,12.083046,9.486833,8.544004,5.385165,4.242641,4.123106,5.09902,7.615773,11.18034,13.892444,17.0,20.124612,21.023796,21.540659,21.540659,20.248457,18.681542,15.524175,14.035669,16.03122,17.0,17.0,17.0,16.03122,14.035669,12.0,10.0,8.062258,6.708204,5.656854,5.830952,6.324555,7.28011,8.246211,9.219544,9.486833,10.440307,10.440307,10.440307,10.440307,10.198039,10.0,10.049876,10.440307
hoyeon_stand_normal_01,600,200,20.001092896174864,29.998360745314464,10,0.5499489903450012,0.683363676071167,-0.2289609313011169,0.9999881386756896,0.5449622273445129,0.6941473484039307,-0.2174712866544723,0.9999639987945556,0.5421282649040222,0.693571150302887,-0.2174842208623886,0.9999672174453736,0.5393537878990173,0.6926152110099792,-0.2175062149763107,0.9999706149101256,0.552573561668396,0.6948411464691162,-0.217125654220581,0.9999513030052184,0.5549293756484985,0.6949957609176636,-0.2171399593353271,0.9999494552612304,0.5574515461921692,0.6947339177131653,-0.2171379625797271,0.9999470710754396,0.5346044898033142,0.6831381320953369,-0.1348418444395065,0.9999523758888244,0.5597909688949585,0.6867179870605469,-0.1332302689552307,0.9998853802680968,0.5446062088012695,0.6693680882453918,-0.1970545649528503,0.9999855756759644,0.5552343130111694,0.6709678173065186,-0.1966655701398849,0.99997478723526,0.5141071677207947,0.6061244606971741,-0.0705502182245254,0.999975562095642,0.5793994069099426,0.6033673286437988,-0.0613172277808189,0.9999016523361206,0.5050065517425537,0.5050097107887268,-0.0196459647268056,0.9872193932533264,0.5846619009971619,0.5043284893035889,-0.0143152642995119,0.9495461583137512,0.5003514885902405,0.4229182004928589,-0.0823232233524322,0.9713834524154664,0.5912068486213684,0.4193711876869201,-0.0771067589521408,0.894990861415863,0.496423989534378,0.3953257203102112,-0.1019524037837982,0.9397644996643066,0.5950701236724854,0.3907637000083923,-0.0971539765596389,0.8271243572235107,0.5020186305046082,0.3953416645526886,-0.1300145238637924,0.9448183178901672,0.5917476415634155,0.3896479308605194,-0.1264092475175857,0.8383040428161621,0.5049232840538025,0.4042031764984131,-0.0945939794182777,0.9330588579177856,0.588974118232727,0.3987171649932861,-0.0902230218052864,0.8274613618850708,0.5275710225105286,0.4294982850551605,-0.0043533775024116,0.9995591640472412,0.5690122246742249,0.4315443038940429,0.0043025929480791,0.9994012713432312,0.5257853269577026,0.273199200630188,-0.0327903218567371,0.9612982869148254,0.5728450417518616,0.279305636882782,-0.019963651895523,0.9447126388549804,0.5306127667427063,0.1249073892831802,0.0471592955291271,0.959807813167572,0.5738605260848999,0.129269927740097,0.0593460611999034,0.9216521382331848,0.5334417819976807,0.1047445312142372,0.0482171848416328,0.5345393419265747,0.5716980695724487,0.1075406372547149,0.060590025037527,0.5124253034591675,0.5349921584129333,0.0765661671757698,-0.0652063190937042,0.933391273021698,0.5758222341537476,0.0820911973714828,-0.046426098793745,0.9032297134399414,hoyeon_stand_normal_01,26.476405,27.073973,24.020824,21.213203,16.278821,12.369317,8.0,5.385165,5.0,7.28011,10.049876,12.041595,14.035669,15.132746,18.11077,18.248288,20.396078,20.396078,20.615528,19.924859,17.720045,15.524175,12.165525,10.198039,10.816654,13.453624,14.0,13.038405,12.041595,11.045361,10.0,9.219544,8.944272,9.433981,10.630146,12.041595,12.727922,13.453624,13.453624,13.601471,13.601471,13.601471,12.206556,11.661904,9.433981,7.81025,5.830952,6.0,9.848858,13.892444,19.235384,22.847319,17.720045,18.027756,17.464249,17.0,16.401219,16.278821,17.804494,18.027756,18.35756,20.124612,20.59126,21.470911,21.954498,21.633308,21.400935,19.209373,17.804494,15.0,11.401754,8.544004,7.28011,9.899495,13.892444,18.35756,22.472205,25.0,17.804494,19.104973,18.867962,17.888544,14.56022,11.045361,7.0,2.236068,2.236068,6.0,9.219544,12.649111,14.317821,16.124515,17.204651,17.691806,17.691806,17.691806,17.691806,16.278821,14.866069,13.601471,13.0,13.341664,15.0,16.124515,18.601075,17.204651,14.422205,11.661904,9.486833,9.055385,10.198039,10.440307,12.649111,14.866069,15.811388,17.464249,19.235384,20.024984,21.023796,20.099751,20.396078,18.681542,16.763055,13.341664,10.049876,6.082763,6.403124,9.219544,12.165525,15.033296,8.944272,7.071068,6.082763,7.211103,9.219544,12.206556,14.422205,15.811388,17.204651,18.439089,17.691806,16.970563,15.620499,14.21267,12.806248,12.806248,10.630146,10.630146,10.0,11.661904,13.416408,14.317821,16.552945,18.788294,20.124612,19.723083
hoyeon_stand_normal_01,603,201,20.101098360655737,29.998360745314464,10,0.5499503016471863,0.6833617687225342,-0.2282985597848892,0.9999881982803344,0.5449722409248352,0.6941462159156799,-0.2168573290109634,0.99996417760849,0.5421358942985535,0.6935674548149109,-0.2168697267770767,0.999967396259308,0.5393620133399963,0.6926072239875793,-0.2168922126293182,0.99997079372406,0.5525980591773987,0.694840669631958,-0.2165033221244812,0.9999513626098632,0.5549677610397339,0.6949936151504517,-0.2165171951055526,0.9999494552612304,0.5574952960014343,0.6947267055511475,-0.2165150791406631,0.9999470710754396,0.5346196293830872,0.6831206679344177,-0.1343696415424347,0.999952793121338,0.559858500957489,0.6867067813873291,-0.1327367722988128,0.9998854994773864,0.5446068644523621,0.6693607568740845,-0.1964358836412429,0.999985694885254,0.5552501082420349,0.6709546446800232,-0.196044772863388,0.9999749064445496,0.5142192244529724,0.6061354279518127,-0.070180244743824,0.9999759197235109,0.5794177651405334,0.6034079790115356,-0.0607692413032054,0.999902069568634,0.5050711631774902,0.5049868822097778,-0.0188432373106479,0.9871821403503418,0.58469557762146,0.5043895840644836,-0.0134787326678633,0.948940932750702,0.5004187822341919,0.4229312837123871,-0.0808643028140068,0.9715304970741272,0.5912959575653076,0.4194218516349792,-0.0759317949414253,0.8948560357093811,0.4964493811130523,0.395353615283966,-0.100516065955162,0.9402007460594176,0.5951748490333557,0.3908669948577881,-0.0959126874804496,0.8273816704750061,0.502037525177002,0.3953604996204376,-0.128590852022171,0.945215940475464,0.5917960405349731,0.389737606048584,-0.1253817081451416,0.8385714888572693,0.5049515962600708,0.4042219519615173,-0.0931284800171852,0.9334566593170166,0.5890141725540161,0.3988128304481506,-0.0891438275575637,0.8277239203453064,0.5276365876197815,0.4294918179512024,-0.0043791783973574,0.9995643496513368,0.5690658688545227,0.431486964225769,0.0043296730145812,0.999406099319458,0.5258558392524719,0.2731823027133941,-0.0327956415712833,0.9617916345596312,0.5728781819343567,0.2792550325393677,-0.0198795683681964,0.9452072381973268,0.5306204557418823,0.1248610466718673,0.0469164885580539,0.9604265689849854,0.5738709568977356,0.1292614042758941,0.0594347305595874,0.9225482940673828,0.5334484577178955,0.104698970913887,0.0478800386190414,0.5368364453315735,0.5716985464096069,0.10755155980587,0.0606701448559761,0.5154191255569458,0.5351747870445251,0.0763896107673645,-0.0657470598816871,0.9343256950378418,0.575853705406189,0.0820548087358474,-0.046308197081089,0.9044265747070312,hoyeon_stand_normal_01,27.073973,27.018512,24.33105,20.615528,16.763055,11.401754,8.062258,5.385165,5.830952,8.544004,10.440307,13.341664,15.297059,16.492423,18.681542,19.646883,20.880613,21.18962,21.18962,19.313208,18.384776,15.811388,13.341664,11.045361,11.18034,13.453624,12.649111,11.7047,10.77033,9.486833,8.246211,8.0,7.28011,8.944272,9.433981,10.816654,12.206556,12.206556,13.038405,13.038405,12.529964,12.083046,11.7047,10.77033,8.544004,6.708204,4.472136,7.071068,9.848858,14.317821,20.248457,24.041631,14.866069,15.556349,14.21267,14.422205,13.892444,13.0,11.7047,9.486833,8.246211,7.071068,5.09902,4.472136,5.0,6.082763,8.0,10.049876,13.152946,15.297059,17.262677,18.248288,20.099751,20.024984,19.0,17.029386,15.132746,12.165525,2.236068,2.828427,5.385165,7.071068,10.0,12.041595,13.341664,12.649111,13.0,12.083046,10.29563,8.062258,5.830952,4.472136,2.236068,1.414214,3.0,5.09902,7.28011,8.544004,10.77033,13.0,14.317821,15.231546,15.652476,16.124515,16.278821,15.524175,13.152946,11.045361,9.055385,7.615773,8.602325,9.899495,11.313708,13.453624,14.866069,15.811388,17.492856,18.788294,19.313208,19.646883,18.248288,17.117243,15.033296,12.041595,8.246211,6.403124,6.082763,9.219544,12.369317,15.524175,9.0,7.071068,5.830952,7.211103,8.544004,11.18034,13.152946,15.132746,16.278821,16.278821,16.763055,15.811388,13.928388,13.416408,12.083046,11.18034,10.29563,9.486833,9.219544,10.049876,12.0,14.0,15.0,17.0,18.027756,19.104973
hoyeon_stand_normal_01,606,202,20.201103825136613,29.998360745314464,10,0.5499542951583862,0.6833507418632507,-0.229555070400238,0.9999882578849792,0.5449811816215515,0.694142758846283,-0.218154102563858,0.9999644160270692,0.5421413779258728,0.6935603618621826,-0.2181662172079086,0.999967634677887,0.5393669605255127,0.692594587802887,-0.2181890606880188,0.9999709725379944,0.5526250004768372,0.6948392391204834,-0.2177786380052566,0.9999515414237976,0.5550077557563782,0.6949905753135681,-0.2177939713001251,0.99994957447052,0.5575432181358337,0.6947179436683655,-0.2177929878234863,0.9999471306800842,0.534625768661499,0.6830974817276001,-0.1358186155557632,0.9999532103538512,0.5599162578582764,0.6866950988769531,-0.1340791285037994,0.9998857378959656,0.5446078777313232,0.6693379282951355,-0.1977525651454925,0.9999857544898988,0.555273711681366,0.6709296703338623,-0.1973318308591842,0.9999750256538392,0.5143013596534729,0.6061457991600037,-0.0714385733008384,0.9999762177467346,0.5794276595115662,0.6034727096557617,-0.062103483825922,0.999902606010437,0.5051430463790894,0.5049633979797363,-0.0200122576206922,0.9871929883956908,0.5847266316413879,0.5044541358947754,-0.0146160628646612,0.948683500289917,0.5005053281784058,0.4229344725608825,-0.0815979093313217,0.971741259098053,0.5913385152816772,0.4194718599319458,-0.0765369608998298,0.8950784802436829,0.4964839816093445,0.3953829407691955,-0.1011109873652458,0.940692901611328,0.5952181220054626,0.3909545540809631,-0.0964245125651359,0.8279327154159546,0.5020614266395569,0.3953849375247955,-0.1291947066783905,0.9456619024276732,0.5918114185333252,0.3898056447505951,-0.125809907913208,0.8391016125679016,0.5049855709075928,0.4042380750179291,-0.0938364714384079,0.9339369535446168,0.5890241861343384,0.398895800113678,-0.0896923765540123,0.8282790780067444,0.5276988744735718,0.4294903576374054,-0.0044112685136497,0.9995673894882202,0.5691148042678833,0.4314686357975006,0.0043622087687253,0.9994093775749208,0.5258273482322693,0.2731881439685821,-0.0328055061399936,0.9621503353118896,0.5729440450668335,0.2792287170886993,-0.0197593905031681,0.945629894733429,0.5305864810943604,0.1248582899570465,0.0468276478350162,0.9607768058776855,0.5738897919654846,0.129261240363121,0.0595442131161689,0.9232162833213806,0.5334338545799255,0.1046844124794006,0.0477609820663929,0.5381077527999878,0.5717203617095947,0.1076254323124885,0.0607800409197807,0.5180323719978333,0.5351582169532776,0.0762155652046203,-0.0658507496118545,0.9348146319389344,0.5759228467941284,0.0820564180612564,-0.0461797192692756,0.905234694480896,hoyeon_stand_normal_01,24.839485,24.698178,22.36068,19.313208,15.811388,11.7047,8.062258,5.0,6.082763,7.28011,9.486833,11.7047,13.0,14.866069,17.088007,17.720045,19.646883,19.646883,19.416488,18.248288,17.262677,14.317821,11.7047,10.0,9.433981,12.649111,12.083046,11.7047,10.77033,8.944272,8.062258,7.81025,7.81025,8.944272,9.486833,10.440307,10.440307,11.7047,11.7047,12.083046,12.083046,11.18034,10.29563,10.29563,8.062258,6.324555,5.0,6.403124,9.433981,13.892444,18.027756,21.400935,17.088007,16.763055,16.278821,16.03122,15.033296,15.297059,16.155494,17.0,17.492856,18.867962,19.723083,20.59126,21.470911,21.470911,21.023796,19.313208,17.088007,14.866069,11.18034,7.071068,6.082763,8.944272,13.601471,18.601075,23.021729,25.553865,20.024984,21.095023,20.396078,20.248457,17.0,13.601471,8.485281,4.472136,1.414214,4.242641,8.062258,11.18034,13.601471,15.524175,16.124515,18.11077,18.027756,18.0,17.0,16.0,15.033296,14.142136,12.649111,12.206556,13.453624,14.422205,12.083046,13.416408,14.764823,14.764823,15.231546,13.928388,13.601471,12.369317,10.198039,9.055385,7.071068,5.09902,3.605551,3.605551,5.0,7.28011,9.486833,12.649111,15.811388,17.720045,19.646883,19.416488,20.396078,18.248288,16.124515,13.038405,13.152946,14.142136,15.132746,16.278821,15.297059,14.317821,13.341664,11.18034,9.055385,7.0,6.082763,5.830952,5.656854,5.830952,6.708204,7.615773,8.944272,8.944272,9.848858,10.29563,10.29563,9.848858,9.848858,9.219544,9.055385,10.049876
hoyeon_stand_normal_01,609,203,20.30110928961749,29.998360745314464,10,0.5499545335769653,0.6833280324935913,-0.2303496748208999,0.999988317489624,0.5449848175048828,0.6941350698471069,-0.218983843922615,0.9999645948410034,0.5421438813209534,0.6935492157936096,-0.2189957797527313,0.999967873096466,0.5393706560134888,0.6925797462463379,-0.2190185487270355,0.9999711513519288,0.5526345372200012,0.6948326826095581,-0.218584343791008,0.9999517798423768,0.5550247430801392,0.6949818134307861,-0.2186001092195511,0.9999498128890992,0.5575669407844543,0.6947028040885925,-0.2185995429754257,0.9999473690986632,0.5346370935440063,0.683082640171051,-0.1367034763097763,0.99995356798172,0.5599578619003296,0.686677873134613,-0.1348382085561752,0.999886393547058,0.5446054339408875,0.6693163514137268,-0.1985649168491363,0.9999858736991882,0.5552775859832764,0.6708935499191284,-0.1981144994497299,0.9999751448631288,0.5143245458602905,0.6061545610427856,-0.0721183195710182,0.9999765157699584,0.5794360637664795,0.6034834980964661,-0.062800109386444,0.9999033212661744,0.5052047371864319,0.5049521923065186,-0.0203234907239675,0.987155258655548,0.5847356915473938,0.5044680833816528,-0.0151458345353603,0.948602557182312,0.5006211400032043,0.4229437112808227,-0.0816638991236686,0.97175794839859,0.5913459062576294,0.4194781184196472,-0.0769165232777595,0.8952040076255798,0.4965907335281372,0.3954087197780609,-0.1013120785355568,0.9408005475997924,0.5952195525169373,0.3909737467765808,-0.0967513546347618,0.8281867504119873,0.5021381974220276,0.3954070806503296,-0.1293301284313202,0.945753574371338,0.5918128490447998,0.389815479516983,-0.1260520815849304,0.8393383026123047,0.5050604939460754,0.4042571485042572,-0.0939034596085548,0.9340280294418336,0.5890257358551025,0.3989087045192718,-0.090032584965229,0.8285350203514099,0.5277281403541565,0.4295399487018585,-0.0044123181141912,0.999572217464447,0.5691303610801697,0.4314817786216736,0.0043631368316709,0.9994149804115297,0.5258373022079468,0.2732576429843902,-0.0329248122870922,0.96229088306427,0.5730043649673462,0.2792634069919586,-0.0197536591440439,0.9457384347915648,0.5305971503257751,0.1247444450855255,0.0463054031133651,0.960995078086853,0.5738915205001831,0.1291771829128265,0.059519238770008,0.9235888719558716,0.5334721207618713,0.1046120077371597,0.0471963733434677,0.5386315584182739,0.5717232823371887,0.1075970008969307,0.0607572048902511,0.5192923545837402,0.5352342128753662,0.0761253908276557,-0.0663217082619667,0.935180127620697,0.5759238004684448,0.0819840133190155,-0.0461811050772666,0.905767560005188,hoyeon_stand_normal_01,4.123106,5.830952,8.485281,11.401754,13.453624,14.866069,15.556349,15.556349,14.142136,12.727922,11.313708,9.899495,8.602325,8.062258,6.082763,6.082763,7.211103,8.485281,11.401754,13.892444,17.0,19.235384,20.59126,21.954498,21.633308,20.0,7.071068,8.485281,9.899495,11.313708,12.041595,12.041595,12.206556,10.816654,10.29563,8.602325,7.211103,5.0,3.605551,3.0,3.605551,4.242641,6.403124,8.602325,10.630146,12.806248,14.142136,15.556349,14.866069,14.21267,12.806248,10.0,14.606335,15.243284,14.142136,14.21267,13.4654245,13.672398,13.959646,14.80744,15.6286305,16.620879,17.1176425,17.6140065,17.6827655,17.262677,16.871535,15.524175,15.0421975,12.1769055,9.7087915,6.535534,6.0299890000000005,7.4479415,11.5827625,15.5622575,18.722122,21.032039,16.3239585,16.338729999999998,16.9470375,15.588424,13.5275475,10.332756,6.3954835,2.5811390000000003,1.825141,4.785578,7.566663,10.5,11.6109675,12.8554905,14.0808455,15.041941,14.9851485,14.9851485,14.0906155,13.8671145,12.541523,11.8855355,11.045361,11.045361,11.7047,13.416408,16.763055,16.763055,13.601471,11.18034,10.0,8.246211,8.944272,10.816654,12.206556,13.601471,15.811388,17.0,18.788294,19.313208,20.880613,19.416488,20.099751,18.027756,16.0,13.0,9.055385,6.708204,6.324555,9.055385,12.165525,14.317821,8.062258,7.071068,6.708204,6.403124,8.944272,11.7047,13.601471,15.524175,16.763055,17.464249,16.552945,16.124515,15.264338,14.422205,13.038405,11.661904,10.29563,9.848858,10.77033,11.401754,12.165525,15.132746,16.124515,18.248288,19.416488,19.416488
hoyeon_stand_normal_01,612,204,20.40111475409836,29.998360745314464,10,0.5499454140663147,0.6833274364471436,-0.2268837988376617,0.9999881982803344,0.5449874997138977,0.6941370964050293,-0.2152652889490127,0.9999642968177797,0.5421456098556519,0.6935502290725708,-0.2152777016162872,0.9999676942825316,0.5393732786178589,0.6925801038742065,-0.2153012752532959,0.9999709725379944,0.5526393055915833,0.6948350667953491,-0.2150854170322418,0.9999512434005736,0.5550280809402466,0.6949829459190369,-0.2151005566120147,0.9999492168426514,0.5575722455978394,0.6947014331817627,-0.2150996476411819,0.9999467730522156,0.5346418619155884,0.6830816268920898,-0.1324527263641357,0.9999533295631408,0.5599944591522217,0.6866658926010132,-0.131646990776062,0.999885320663452,0.5445905923843384,0.669313907623291,-0.1949514001607895,0.9999857544898988,0.5552818179130554,0.6708892583847046,-0.1947973370552063,0.9999749064445496,0.5143339037895203,0.6061612367630005,-0.0681861340999603,0.9999766945838928,0.5794519186019897,0.6034926772117615,-0.0610000975430011,0.9999030232429504,0.5052492022514343,0.5049493908882141,-0.0166612304747104,0.987091064453125,0.5847607254981995,0.5045052170753479,-0.0142327835783362,0.9484453797340392,0.5007162690162659,0.4229755699634552,-0.0778994187712669,0.9718621373176576,0.5913565754890442,0.4195080399513244,-0.0755992159247398,0.8952305316925049,0.4966691732406616,0.3954392075538635,-0.0975102931261062,0.9410992860794068,0.5952211618423462,0.39101642370224,-0.0955565646290779,0.8284415602684021,0.5022063851356506,0.3954253792762756,-0.1254031211137771,0.9460251331329346,0.5918142199516296,0.3898468017578125,-0.124837152659893,0.8395836353302002,0.5051299929618835,0.4042766094207763,-0.0901097804307937,0.934298813343048,0.5890288949012756,0.3989392220973968,-0.088715873658657,0.8287503123283386,0.5277704000473022,0.429475724697113,-0.0042364886030554,0.9995749592781068,0.5691937804222107,0.4314321875572204,0.0041907341219484,0.9994164109230042,0.5258577466011047,0.2732062935829162,-0.0330204293131828,0.96236252784729,0.5730603933334351,0.279179573059082,-0.0203812960535287,0.9456171989440918,0.5306189060211182,0.1244998052716255,0.0463326498866081,0.9610114693641664,0.5738928914070129,0.1289483457803726,0.0594541430473327,0.9233847856521606,0.5335339903831482,0.1043803170323371,0.0472454391419887,0.5389610528945923,0.571721613407135,0.1073991879820823,0.0607264414429664,0.5187983512878418,0.5352863073348999,0.0758372098207473,-0.0663106217980384,0.9351973533630372,0.5758678317070007,0.081680029630661,-0.0464100502431392,0.9056081771850586,hoyeon_stand_normal_01,26.925824,26.400758,24.083189,21.260292,17.029386,12.206556,8.485281,5.385165,5.385165,7.81025,9.219544,12.041595,14.21267,15.620499,17.691806,19.104973,20.518285,20.518285,20.615528,19.849433,17.029386,14.866069,11.401754,9.486833,10.049876,13.0,13.416408,12.083046,10.77033,9.848858,8.602325,7.81025,7.615773,8.246211,10.049876,11.045361,12.041595,13.038405,13.152946,13.152946,13.341664,13.341664,11.7047,10.440307,8.544004,7.071068,5.09902,5.830952,10.198039,14.317821,19.416488,23.086793,15.033296,16.03122,14.142136,14.317821,13.601471,13.0,11.18034,9.433981,8.602325,6.403124,5.0,4.123106,4.472136,5.656854,8.062258,10.77033,13.0,15.231546,17.464249,19.697716,20.124612,20.124612,19.723083,18.027756,15.0,12.041595,2.236068,3.0,5.385165,8.062258,10.630146,12.041595,13.038405,13.416408,13.0,12.649111,11.401754,9.219544,7.28011,5.385165,3.605551,2.236068,2.828427,4.472136,6.708204,8.944272,10.77033,13.0,14.866069,15.811388,16.763055,16.492423,13.0,15.0,16.0,16.0,16.0,16.03122,15.132746,14.142136,12.369317,10.440307,8.246211,7.071068,6.0,5.385165,5.0,7.615773,10.440307,13.341664,15.524175,18.681542,19.924859,21.18962,20.615528,18.788294,17.0,13.892444,13.601471,14.56022,15.811388,16.155494,15.231546,14.317821,13.0,11.7047,9.219544,7.071068,6.082763,6.324555,7.211103,7.071068,8.485281,9.219544,9.219544,10.630146,11.313708,11.313708,11.313708,11.313708,10.630146,10.816654,10.29563,11.401754
hoyeon_stand_normal_01,615,205,20.501120218579235,29.998360745314464,10,0.549942672252655,0.683293879032135,-0.2278772890567779,0.9999882578849792,0.5449895858764648,0.6941328644752502,-0.2163434475660324,0.9999645352363586,0.542145848274231,0.6935442686080933,-0.2163559049367904,0.999967873096466,0.5393758416175842,0.6925725340843201,-0.2163801342248916,0.999971091747284,0.5526431798934937,0.6948287487030029,-0.2160930335521698,0.9999515414237976,0.5550312399864197,0.6949750185012817,-0.2161083370447158,0.9999495148658752,0.557578980922699,0.6946888566017151,-0.2161075621843338,0.9999471306800842,0.5346476435661316,0.6830755472183228,-0.1338135302066803,0.99995356798172,0.5600041747093201,0.6866575479507446,-0.1326891928911209,0.9998860359191896,0.5445829033851624,0.6692785024642944,-0.1960344314575195,0.9999858736991882,0.555285632610321,0.6708493232727051,-0.1957958340644836,0.9999751448631288,0.5143349170684814,0.6061671376228333,-0.0694315731525421,0.999976933002472,0.579464316368103,0.603492259979248,-0.0616898275911808,0.9999041557312012,0.5052829384803772,0.5049505233764648,-0.0177408326417207,0.987138569355011,0.5847670435905457,0.5045104622840881,-0.0147116230800747,0.948707640171051,0.500769317150116,0.4230416417121887,-0.0789516940712928,0.9720368981361388,0.5913694500923157,0.4195749461650848,-0.0759414657950401,0.8962475061416626,0.4967139661312103,0.395529180765152,-0.0984673351049423,0.941445767879486,0.5952408909797668,0.3910968601703644,-0.0958302319049835,0.8299540877342224,0.5022613406181335,0.3954998850822449,-0.1264198869466781,0.9463517665863036,0.5918528437614441,0.3899683058261871,-0.1250300109386444,0.841038167476654,0.5051763653755188,0.4043302237987518,-0.0911596044898033,0.9346391558647156,0.5890699625015259,0.3990662693977356,-0.0890290439128875,0.8301361203193665,0.5277761816978455,0.4292999804019928,-0.0041673020459711,0.9995787739753724,0.5692037343978882,0.4313169419765472,0.0041211480274796,0.9994219541549684,0.5258839726448059,0.2731735408306122,-0.0324945151805877,0.9629232883453368,0.5730968713760376,0.2790934443473816,-0.0203565079718828,0.946492075920105,0.5306200385093689,0.1245029717683792,0.0476189292967319,0.9617413282394408,0.5739332437515259,0.1290364265441894,0.0600785575807094,0.9247244000434875,0.533538281917572,0.1044000014662742,0.0485821589827537,0.5433065891265869,0.5717295408248901,0.1074773296713829,0.0614426173269748,0.5224568843841553,0.5352817177772522,0.0758284851908683,-0.0652252286672592,0.9363503456115724,0.5758734941482544,0.0818120390176773,-0.0458817109465599,0.9072322249412536,hoyeon_stand_normal_01,27.294688,26.925824,24.698178,21.470911,17.0,12.529964,8.544004,6.0,5.0,7.615773,9.848858,11.7047,13.928388,16.763055,18.027756,19.313208,20.615528,21.931712,21.470911,20.59126,18.35756,15.652476,12.649111,10.0,10.77033,13.453624,13.601471,12.806248,12.041595,10.630146,9.433981,8.246211,8.0,9.055385,10.440307,11.401754,12.369317,13.601471,13.341664,13.341664,13.152946,13.152946,12.165525,11.045361,9.055385,7.28011,5.0,6.082763,10.049876,14.142136,19.235384,23.086793,14.21267,14.422205,13.416408,13.0,12.649111,11.401754,10.198039,9.055385,7.0,5.09902,4.472136,3.605551,4.0,6.082763,8.544004,10.77033,13.416408,16.155494,17.088007,18.973666,19.924859,19.646883,18.439089,17.262677,15.132746,12.041595,2.236068,3.605551,6.403124,9.433981,11.7047,13.341664,14.035669,14.0,14.035669,13.152946,11.18034,9.219544,7.28011,5.09902,4.0,2.236068,2.0,4.472136,6.708204,8.602325,10.816654,12.206556,13.601471,15.0,15.620499,14.866069,12.041595,14.0,16.0,15.0,16.03122,15.033296,14.142136,13.152946,11.18034,9.219544,7.28011,6.082763,4.123106,4.242641,5.385165,8.246211,11.401754,14.317821,16.278821,19.416488,20.615528,20.880613,21.18962,20.615528,17.464249,15.231546,12.206556,13.601471,15.0,15.620499,15.620499,14.21267,12.806248,10.630146,8.602325,6.708204,5.09902,5.0,5.385165,5.830952,6.403124,7.071068,7.81025,8.602325,10.0,10.0,10.0,10.0,9.219544,9.219544,9.433981,9.486833
hoyeon_stand_normal_01,618,206,20.601125683060108,29.998360745314464,10,0.5499515533447266,0.6832125186920166,-0.2331037521362304,0.9999883770942688,0.5450019240379333,0.6941138505935669,-0.2220591455698013,0.9999647736549376,0.5421572923660278,0.6935256123542786,-0.2220660597085952,0.9999681115150452,0.5393862128257751,0.6925521492958069,-0.2220880687236786,0.9999712705612184,0.5526575446128845,0.6948028206825256,-0.2216134220361709,0.999951958656311,0.5550469160079956,0.6949429512023926,-0.2216315567493438,0.9999499320983888,0.5575945377349854,0.6946456432342529,-0.2216308861970901,0.9999476075172424,0.5346574187278748,0.6830658912658691,-0.1399564445018768,0.9999538660049438,0.5600070953369141,0.6866289377212524,-0.1379355639219284,0.9998871684074402,0.5445876717567444,0.6692090630531311,-0.2012456208467483,0.999985933303833,0.5552933216094971,0.6707740426063538,-0.2007549703121185,0.999975323677063,0.5143302083015442,0.6061719059944153,-0.0734723955392837,0.9999770522117616,0.5794680118560791,0.6034942865371704,-0.0653403103351593,0.9999058246612548,0.5052920579910278,0.5050000548362732,-0.0190119091421365,0.9871634244918824,0.5847800970077515,0.5045433640480042,-0.0167922917753458,0.9490727186203004,0.500769853591919,0.4231860339641571,-0.0794399231672287,0.9720037579536438,0.5913699865341187,0.4196936786174774,-0.0771853476762771,0.8972532153129578,0.496721476316452,0.3956628441810608,-0.0990439802408218,0.9413535594940186,0.5952293276786804,0.391264408826828,-0.0968333035707473,0.8312642574310303,0.5022711157798767,0.3956416845321655,-0.1269923895597458,0.9462766647338868,0.5918523073196411,0.3901620507240295,-0.1260605603456497,0.8422836661338806,0.505182683467865,0.4044472575187683,-0.0916259139776229,0.9345665574073792,0.5890719294548035,0.3992274105548858,-0.0902313068509101,0.8313422799110413,0.5277818441390991,0.4293202459812164,-0.00416577514261,0.9995823502540588,0.5692077875137329,0.4313462078571319,0.0041192155331373,0.9994282722473145,0.5258795619010925,0.2732425332069397,-0.032393429428339,0.9631714820861816,0.5731387734413147,0.2791210412979126,-0.0201642140746116,0.9470790028572084,0.5306153297424316,0.1244744732975959,0.0474193170666694,0.9622088074684144,0.573939859867096,0.1290709674358368,0.0600948818027973,0.9256550073623656,0.5335369110107422,0.1043952107429504,0.0483150966465473,0.5455985069274902,0.5717256665229797,0.1074993684887886,0.0614538639783859,0.5252155661582947,0.5352867841720581,0.0757644698023796,-0.0656646117568016,0.9371079206466676,0.5758739709854126,0.0818323567509651,-0.0458713769912719,0.9083769917488098,hoyeon_stand_normal_01,2.828427,4.123106,8.062258,10.816654,13.038405,13.892444,14.764823,14.764823,13.416408,12.529964,11.18034,9.433981,7.81025,6.403124,6.324555,6.0,7.615773,10.0,12.727922,15.620499,17.804494,21.400935,22.803509,24.083189,23.345235,21.931712,7.0,10.049876,11.045361,13.038405,14.0,14.0,14.035669,13.038405,11.045361,10.049876,8.062258,6.0,4.123106,3.605551,3.162278,4.0,6.324555,8.544004,10.440307,12.649111,13.601471,15.524175,15.297059,15.033296,13.038405,10.0,16.124515,17.029386,16.0,15.132746,15.297059,15.231546,15.264338,15.620499,15.620499,16.970563,17.691806,18.384776,19.104973,19.104973,18.439089,16.401219,15.0,12.806248,9.899495,6.708204,6.324555,9.219544,13.601471,18.027756,21.400935,24.083189,19.235384,20.024984,20.099751,18.681542,15.231546,12.206556,7.81025,3.162278,2.0,5.656854,9.219544,11.661904,14.317821,16.155494,16.763055,17.464249,18.248288,17.117243,17.117243,16.124515,14.317821,12.649111,11.18034,11.313708,12.529964,13.601471,14.4653815,14.4534795,13.4745575,12.882827,11.8413785,11.531129,11.6832385,11.9275295,11.693448,11.418358,11.870144,11.6476005,11.1351985,11.8849945,12.661384,13.8203785,15.09017,15.460915,15.6286305,15.6384895,15.0395905,13.6858055,14.4026965,15.4624295,15.877857,15.342367499999998,10.3556845,10.3214915,10.3115975,11.4477735,12.547374,12.3067255,12.712355,12.409081,12.125828,12.129545,10.833731,10.0,9.7989175,9.4053425,9.5563315,9.346202,9.031129,9.244682999999998,9.497074,10.410103,10.877288,11.8256735,12.7620875,12.90922,14.2340315,13.8799395
hoyeon_stand_normal_01,621,207,20.701131147540984,29.998360745314464,10,0.5499526262283325,0.683160126209259,-0.237096831202507,0.9999884963035583,0.5450047254562378,0.6941012144088745,-0.2261563837528228,0.9999650120735168,0.5421590805053711,0.6935121417045593,-0.2261622846126556,0.9999683499336244,0.5393885970115662,0.6925363540649414,-0.2261837273836136,0.9999714493751526,0.5526615381240845,0.6947869658470154,-0.2257081717252731,0.9999523162841796,0.5550499558448792,0.6949251890182495,-0.2257275581359863,0.999950349330902,0.5575982332229614,0.6946210861206055,-0.2257268875837326,0.9999480843544006,0.5346614122390747,0.6830604076385498,-0.143864020705223,0.9999542236328124,0.5600095391273499,0.686606228351593,-0.1418704092502594,0.9998881816864014,0.5445865988731384,0.6691524982452393,-0.2051046043634414,0.9999859929084778,0.5552966594696045,0.6707147359848022,-0.2046166062355041,0.9999754428863524,0.514324963092804,0.606181263923645,-0.0769238024950027,0.999977171421051,0.5794709324836731,0.6034944653511047,-0.0681546106934547,0.9999073147773744,0.5053041577339172,0.5050728917121887,-0.0219504833221435,0.9870996475219728,0.5847848057746887,0.5045462846755981,-0.0185519270598888,0.949331521987915,0.500771701335907,0.4232959747314453,-0.0818030163645744,0.9717448949813844,0.591366708278656,0.4197682738304138,-0.0782921686768531,0.8979247212409973,0.4967375099658966,0.3957495987415313,-0.1009433567523956,0.94086754322052,0.5952070951461792,0.3913712501525879,-0.0977090373635292,0.8321136236190796,0.5022891163825989,0.3957147896289825,-0.1290770024061203,0.9458393454551696,0.5918521285057068,0.3902688324451446,-0.1270008981227874,0.8431077003479004,0.5051901936531067,0.4045104682445526,-0.0940193608403205,0.9340731501579284,0.589073121547699,0.3993238806724548,-0.0913224965333938,0.8321349620819092,0.5277886390686035,0.4294387102127075,-0.0041688145138323,0.999585747718811,0.5692101716995239,0.4314529001712799,0.0041216509416699,0.999433934688568,0.5258997678756714,0.2737000286579132,-0.0323924608528614,0.9631240367889404,0.5731331706047058,0.2795515656471252,-0.0197295825928449,0.9471344351768494,0.5306380391120911,0.124598354101181,0.0471986271440982,0.9624406099319458,0.5739386677742004,0.1293632537126541,0.0605047680437564,0.9260027408599854,0.5335811376571655,0.1045913100242614,0.048065610229969,0.547317624092102,0.5716903805732727,0.1078015565872192,0.0618756413459777,0.5267133116722107,0.5352976322174072,0.0757772848010063,-0.0659956857562065,0.937602996826172,0.5758742094039917,0.0818574428558349,-0.0454624406993389,0.9089603424072266,hoyeon_stand_normal_01,4.472136,5.0,8.602325,12.206556,14.422205,16.401219,16.401219,16.401219,15.620499,14.21267,12.806248,10.816654,9.433981,8.544004,7.0,6.324555,7.071068,10.29563,13.0,16.763055,19.646883,22.803509,25.0,26.248809,25.632011,24.166092,7.615773,9.848858,12.083046,14.317821,13.928388,14.866069,14.56022,13.601471,12.369317,10.198039,8.246211,7.28011,4.472136,2.828427,3.0,4.472136,6.403124,9.219544,10.630146,13.453624,15.620499,17.204651,16.643317,16.124515,14.764823,11.18034,14.21267,14.422205,14.764823,13.0,13.601471,13.152946,13.0,14.035669,14.142136,15.297059,16.278821,16.278821,16.124515,16.124515,16.03122,15.033296,13.038405,11.0,8.062258,5.830952,5.385165,7.071068,11.7047,14.866069,18.973666,20.615528,16.492423,17.464249,17.492856,15.620499,13.453624,10.816654,6.324555,3.0,1.414214,5.385165,8.246211,11.045361,13.0,14.035669,15.132746,15.524175,15.811388,15.811388,15.231546,14.866069,13.601471,12.165525,11.0,10.440307,10.29563,12.041595,17.204651,15.0,12.806248,10.630146,8.944272,8.062258,9.0,11.18034,13.152946,14.142136,16.03122,18.0,19.104973,20.396078,20.880613,20.615528,20.124612,18.35756,16.124515,12.529964,8.544004,6.082763,7.81025,10.77033,13.601471,16.492423,8.602325,7.071068,6.324555,6.082763,8.944272,10.816654,12.806248,15.0,15.811388,16.643317,16.124515,15.652476,15.231546,13.928388,12.649111,10.77033,9.848858,9.433981,10.0,10.630146,12.727922,14.866069,16.278821,17.691806,19.104973,18.439089
hoyeon_stand_normal_01,624,208,20.801136612021857,29.998360745314464,10,0.5499781370162964,0.6831440329551697,-0.2388041913509369,0.9999885559082032,0.5450278520584106,0.6940999031066895,-0.2279027253389358,0.9999651908874512,0.5421825051307678,0.6935104727745056,-0.227908656001091,0.9999685287475586,0.5394039154052734,0.6925343871116638,-0.2279296815395355,0.9999716281890868,0.552686870098114,0.6947811841964722,-0.2273460030555725,0.9999526739120485,0.5550774931907654,0.6949173808097839,-0.227365493774414,0.9999507665634156,0.5576246976852417,0.6946085691452026,-0.2273655384778976,0.999948501586914,0.5346668362617493,0.6830618381500244,-0.1458264291286468,0.9999545216560364,0.5600116848945618,0.6866032481193542,-0.1433047354221344,0.9998889565467834,0.5445981621742249,0.6691372394561768,-0.2068993151187896,0.9999860525131226,0.5553106665611267,0.670702338218689,-0.2062623649835586,0.999975562095642,0.5143204927444458,0.6061973571777344,-0.0788292363286018,0.9999771118164062,0.5794761180877686,0.6034960150718689,-0.0695001631975174,0.9999080896377563,0.5053079128265381,0.5051100850105286,-0.0235223174095153,0.9871341586112976,0.584796130657196,0.5045345425605774,-0.0198030564934015,0.9493722915649414,0.5007717609405518,0.4233101308345794,-0.0823678597807884,0.9716817736625672,0.591367781162262,0.4197724163532257,-0.079786442220211,0.8983093500137329,0.4967390298843384,0.3957653641700744,-0.1011490076780319,0.9407159090042114,0.5952005386352539,0.3913866579532623,-0.0991618633270263,0.8326317667961121,0.5022912621498108,0.3957194685935974,-0.1293868422508239,0.945711076259613,0.591849684715271,0.3902778625488281,-0.1283455938100814,0.8436077833175659,0.5051922798156738,0.4045156836509704,-0.0945676267147064,0.9339500069618224,0.589074432849884,0.3993346989154815,-0.0927504524588584,0.8325693011283875,0.5277918577194214,0.429446667432785,-0.0041893050074577,0.9995856881141664,0.5692132711410522,0.4314537644386291,0.0041406853124499,0.9994350671768188,0.5258776545524597,0.2736939191818237,-0.03233502805233,0.9633139371871948,0.5731533765792847,0.2795489728450775,-0.0195867102593183,0.9475913047790528,0.5306296944618225,0.1245019808411598,0.0476750098168849,0.962736964225769,0.5739572048187256,0.1294063776731491,0.0608467124402523,0.9267588257789612,0.5335690379142761,0.104528434574604,0.04861606284976,0.5487989187240601,0.5716903209686279,0.1078073605895042,0.0622577518224716,0.5289952158927917,0.5352920889854431,0.0757718086242675,-0.0653641372919082,0.9380480051040648,0.5759546160697937,0.0820242539048194,-0.0451417490839958,0.909777820110321,hoyeon_stand_normal_01,4.6708305,5.0,7.413437999999999,10.514599,13.208204,14.541322,15.2086495,14.541322,13.910416,12.764982,11.872475,9.848858,8.303131,6.3638395,5.0,4.736068,5.6080585,8.0282305,10.908327,13.946222,16.5769505,19.8740335,21.5588695,21.816654,22.1131595,20.036590500000003,6.2429435,8.640901,10.315073,12.0207975,12.883163499999998,13.2460145,12.4858865,11.291047,10.5073465,8.424268000000001,6.9465065,5.328427,3.817207,3.4142135,4.236068,5.377937,7.245606499999999,9.460407,11.683302,13.319938,15.6677815,16.340020000000003,16.654103499999998,15.6560585,14.0889025,10.340011,14.0,14.142136,13.341664,12.649111,12.083046,11.661904,10.0,9.219544,7.81025,5.830952,5.09902,5.09902,5.830952,7.071068,9.433981,11.661904,14.317821,16.552945,18.788294,20.124612,20.59126,20.59126,20.248457,18.027756,16.401219,12.806248,2.236068,3.0,5.830952,8.602325,11.313708,13.038405,14.764823,14.866069,13.601471,13.341664,12.165525,10.049876,8.062258,6.0,3.0,1.0,1.414214,3.162278,5.385165,8.246211,10.440307,12.369317,13.601471,14.56022,15.524175,15.297059,13.0,14.764823,15.652476,17.0,16.552945,16.155494,15.811388,13.601471,12.165525,10.198039,8.246211,6.082763,4.472136,3.605551,5.0,7.071068,10.440307,12.649111,15.811388,18.681542,19.646883,20.396078,21.213203,19.104973,17.029386,14.035669,13.038405,14.0,16.0,16.03122,16.03122,14.035669,13.038405,11.0,9.055385,8.246211,6.708204,6.403124,6.403124,6.708204,7.615773,8.544004,9.486833,10.440307,10.77033,10.77033,10.77033,10.77033,10.440307,10.198039,10.0,11.18034
hoyeon_stand_normal_01,627,209,20.901142076502733,29.998360745314464,10,0.5500624775886536,0.6831403374671936,-0.2397938370704651,0.999988615512848,0.5450912117958069,0.6940988898277283,-0.2290261685848236,0.9999653697013856,0.5422607660293579,0.6935128569602966,-0.229031890630722,0.999968647956848,0.5394573211669922,0.6925399899482727,-0.2290531694889068,0.9999716877937316,0.5527181625366211,0.6947758197784424,-0.2282045632600784,0.9999529719352722,0.5550960898399353,0.6949090361595154,-0.2282246053218841,0.9999511241912842,0.55763179063797,0.6945977807044983,-0.2282243818044662,0.9999488592147828,0.5346814393997192,0.6830705404281616,-0.1476487815380096,0.999954640865326,0.5599762201309204,0.6866006851196289,-0.1439197212457656,0.999889314174652,0.5446739792823792,0.6691317558288574,-0.2081632316112518,0.9999860525131226,0.5553346872329712,0.6706957817077637,-0.2071809619665146,0.9999756217002868,0.5143044590950012,0.6062130331993103,-0.0817253440618515,0.9999771118164062,0.5794726610183716,0.6034837365150452,-0.0699293166399002,0.9999092221260072,0.5053099989891052,0.5051260590553284,-0.0282524302601814,0.9872127771377563,0.5847963690757751,0.5044975280761719,-0.0201532784849405,0.9496009349822998,0.500773549079895,0.4233218133449554,-0.0868285670876503,0.971663534641266,0.5913836359977722,0.4197662770748138,-0.0799472332000732,0.899286150932312,0.4967444837093353,0.3957965970039367,-0.1054902151226997,0.9405884742736816,0.5952259302139282,0.3913805186748504,-0.0992287844419479,0.8338838219642639,0.5023057460784912,0.395754873752594,-0.1335120201110839,0.9455950260162354,0.5918771028518677,0.3902667760848999,-0.1283770054578781,0.8447826504707336,0.505199134349823,0.4045414328575134,-0.0988894179463386,0.9338679909706116,0.5890916585922241,0.3993362486362457,-0.0928771719336509,0.8337408900260925,0.5278118848800659,0.4294975697994232,-0.0045267143286764,0.9995871186256408,0.5692159533500671,0.4314596951007843,0.0044722589664161,0.9994381666183472,0.5258812308311462,0.2736296057701111,-0.032445628196001,0.9629979133605956,0.5731565356254578,0.2795128524303436,-0.0187970884144306,0.9473114609718324,0.5306785106658936,0.1239758133888244,0.0474739708006382,0.9625508785247804,0.5739558339118958,0.1294552385807037,0.0620392374694347,0.9265856742858888,0.5335883498191833,0.1043036729097366,0.0484443306922912,0.5485906004905701,0.5716832280158997,0.1078394800424575,0.0635775178670883,0.5294376611709595,0.5353068709373474,0.0757932737469673,-0.0653713047504425,0.9378203749656676,0.5760332942008972,0.0823395475745201,-0.0433144345879554,0.9096250534057616,hoyeon_stand_normal_01,26.400758,26.07681,23.706539,20.615528,16.763055,12.649111,7.615773,5.0,4.0,6.708204,8.602325,11.401754,13.601471,15.811388,18.027756,18.867962,21.095023,21.470911,21.023796,19.697716,17.888544,14.764823,11.401754,9.433981,10.049876,13.152946,14.0,13.038405,12.041595,10.049876,8.062258,7.28011,8.602325,8.485281,10.0,11.661904,12.206556,13.038405,13.601471,13.601471,13.453624,13.453624,12.727922,10.630146,8.485281,6.403124,4.123106,5.0,8.602325,14.422205,18.601075,22.022716,14.866069,13.453624,13.601471,12.529964,12.083046,10.77033,9.486833,8.062258,7.0,5.09902,4.472136,3.605551,5.09902,6.082763,8.544004,10.77033,13.416408,15.652476,17.464249,19.313208,19.313208,19.313208,18.681542,16.492423,14.317821,11.18034,3.0,4.242641,6.708204,9.219544,11.045361,13.038405,14.142136,14.56022,13.928388,13.0,11.18034,9.433981,7.211103,5.830952,3.162278,1.0,2.0,4.123106,6.708204,8.944272,11.18034,12.529964,14.764823,15.652476,16.124515,15.811388,13.0,13.928388,14.866069,14.866069,15.231546,14.317821,13.416408,12.529964,10.816654,9.219544,7.81025,5.830952,4.123106,4.123106,5.656854,7.211103,10.816654,13.892444,16.643317,18.867962,20.808652,21.400935,20.615528,19.849433,17.691806,14.866069,11.401754,14.21267,15.0,15.811388,15.811388,14.422205,13.038405,10.816654,9.219544,7.071068,5.830952,5.09902,5.0,6.082763,6.324555,7.615773,7.615773,8.544004,9.486833,9.486833,9.486833,9.486833,8.944272,9.433981,9.219544,10.0
hoyeon_stand_normal_01,630,210,21.00114754098361,29.998360745314464,10,0.5500961542129517,0.683135986328125,-0.2373927682638168,0.9999885559082032,0.5451174974441528,0.6940979957580566,-0.2267862856388092,0.999965250492096,0.5422947406768799,0.6935147047042847,-0.2267914861440658,0.9999685287475586,0.5394833087921143,0.6925445795059204,-0.2268138825893402,0.999971568584442,0.5527252554893494,0.694768488407135,-0.2257634848356247,0.9999529123306274,0.5551009774208069,0.6948994398117065,-0.2257843762636184,0.9999510645866394,0.5576373934745789,0.6945859789848328,-0.2257840931415558,0.9999488592147828,0.5346895456314087,0.6830776929855347,-0.1464756429195404,0.9999544024467468,0.5599371194839478,0.6865974068641663,-0.1418371051549911,0.9998889565467834,0.5447061061859131,0.6691265106201172,-0.2061225026845932,0.999985933303833,0.5553377270698547,0.670691192150116,-0.2049119472503662,0.9999755024909972,0.514293909072876,0.6062220931053162,-0.0816363245248794,0.9999771118164062,0.5794724225997925,0.6034777760505676,-0.0684479251503944,0.9999101161956788,0.5053108334541321,0.5051652193069458,-0.0276826713234186,0.9871899485588074,0.5847981572151184,0.5045117139816284,-0.0193330589681863,0.949526846408844,0.5007743239402771,0.4233440458774566,-0.0867556557059288,0.9715785384178162,0.5914217233657837,0.4197949469089508,-0.078698918223381,0.8998202681541443,0.4967457950115204,0.3958625197410583,-0.1054450049996376,0.940439760684967,0.5952754616737366,0.3914002776145935,-0.0979098305106163,0.8346777558326721,0.5023084282875061,0.3958145081996918,-0.1333532780408859,0.9454572200775146,0.5919315218925476,0.3902835845947265,-0.1269190907478332,0.8455161452293396,0.5052006244659424,0.4045988023281097,-0.0988482162356376,0.933728277683258,0.5891268849372864,0.3993797600269317,-0.0915861949324607,0.8344686627388,0.5278363227844238,0.4296529591083526,-0.0046262661926448,0.9995903372764589,0.5692176818847656,0.4314873218536377,0.0045706913806498,0.9994425773620604,0.5258943438529968,0.2735962867736816,-0.0327113680541515,0.962745726108551,0.5731591582298279,0.2795014977455139,-0.0186511501669883,0.9470197558403016,0.5306940674781799,0.1234725937247276,0.0455794148147106,0.9624617099761964,0.5739570260047913,0.129445195198059,0.0619426295161247,0.9263458847999572,0.533593475818634,0.1037741154432296,0.04641929641366,0.5482569932937622,0.571679413318634,0.1077620908617973,0.0634616166353225,0.5291987061500549,0.5353084206581116,0.0757904127240181,-0.066801443696022,0.9377059936523438,0.5760689973831177,0.0824269950389862,-0.0434259250760078,0.909369707107544,hoyeon_stand_normal_01,5.0,6.082763,11.661904,15.811388,18.867962,21.095023,21.954498,21.470911,20.59126,19.235384,17.0,15.264338,12.806248,10.630146,8.062258,8.062258,8.544004,10.630146,15.0,19.723083,24.186773,27.294688,30.88689,31.906112,32.449961,29.206164,9.055385,11.045361,14.035669,16.124515,18.248288,18.439089,17.464249,16.763055,14.866069,12.649111,10.440307,7.28011,5.0,3.605551,4.123106,6.082763,8.544004,11.7047,14.866069,17.720045,20.615528,21.587033,22.36068,21.095023,19.026298,14.035669,15.033296,14.142136,13.601471,13.0,12.083046,11.661904,10.816654,8.602325,7.071068,5.0,4.123106,4.123106,4.242641,5.830952,8.246211,11.18034,13.152946,15.297059,17.464249,19.416488,19.646883,18.681542,18.973666,17.088007,13.928388,11.18034,3.605551,4.123106,6.324555,8.062258,10.630146,12.806248,13.892444,13.416408,13.0,12.649111,11.401754,9.219544,7.071068,5.09902,2.236068,1.0,2.236068,4.123106,6.324555,9.486833,11.401754,13.341664,14.56022,15.524175,16.278821,16.124515,16.278821,14.142136,13.152946,9.0,8.246211,8.062258,9.219544,10.630146,12.806248,14.21267,16.278821,17.029386,18.601075,19.723083,19.235384,19.313208,18.681542,17.464249,15.297059,11.401754,8.062258,5.830952,7.0,10.440307,13.416408,16.552945,7.071068,6.0,4.472136,6.403124,7.615773,10.198039,12.165525,14.142136,15.297059,15.524175,15.811388,14.866069,14.317821,12.529964,11.18034,9.848858,9.486833,9.219544,9.219544,10.049876,11.0,13.0,15.033296,17.0,18.027756,18.027756
hoyeon_stand_normal_01,633,211,21.10115300546448,29.998360745314464,10,0.5501000881195068,0.6831327676773071,-0.2364328801631927,0.9999885559082032,0.5451208353042603,0.6940969824790955,-0.225847065448761,0.9999651908874512,0.54229736328125,0.6935144066810608,-0.2258519679307937,0.9999684691429138,0.5394866466522217,0.6925455927848816,-0.2258749604225158,0.9999715089797974,0.5527304410934448,0.6947614550590515,-0.22482331097126,0.9999528527259828,0.5551062822341919,0.6948911547660828,-0.2248439192771911,0.9999510645866394,0.5576417446136475,0.6945747137069702,-0.2248433381319046,0.9999488592147828,0.5346950888633728,0.6830822229385376,-0.145948976278305,0.999954342842102,0.5599192380905151,0.6865853667259216,-0.1411268711090088,0.999888837337494,0.5447083115577698,0.6691223382949829,-0.2052536606788635,0.999985933303833,0.5553415417671204,0.670686662197113,-0.2040389627218246,0.9999754428863524,0.5142751932144165,0.6062264442443848,-0.0813548639416694,0.999977171421051,0.5794740915298462,0.6034712791442871,-0.068084493279457,0.9999110698699952,0.5053122639656067,0.5051581263542175,-0.0270832870155572,0.9872391819953918,0.5848017334938049,0.5045069456100464,-0.019085245206952,0.949356734752655,0.5007777810096741,0.4233425259590149,-0.0847612917423248,0.9715644717216492,0.5914542078971863,0.4197993278503418,-0.0782781168818473,0.900000810623169,0.4967519342899322,0.3958695530891418,-0.1033418849110603,0.9404020309448242,0.5953252911567688,0.3913979828357696,-0.0974561423063278,0.8349903225898743,0.5023142099380493,0.3958217799663543,-0.1311000287532806,0.9454252123832704,0.5919731855392456,0.3902769684791565,-0.12654809653759,0.8457880020141602,0.5052061676979065,0.4046061635017395,-0.0967596992850303,0.9337100982666016,0.5891492366790771,0.3993832767009735,-0.0911978706717491,0.8347294926643372,0.5278674960136414,0.429688960313797,-0.0046603907831013,0.999592423439026,0.569247305393219,0.4314838051795959,0.0046041877940297,0.9994447827339172,0.5259094834327698,0.2735569775104522,-0.0327116660773754,0.9625850319862366,0.5731508135795593,0.2791493237018585,-0.0184277202934026,0.9466833472251892,0.530696451663971,0.1224831342697143,0.045098677277565,0.9624218344688416,0.5739263892173767,0.1290813684463501,0.061904389411211,0.9259490966796876,0.5335928797721863,0.1028307825326919,0.0458587035536766,0.5472725629806519,0.5716107487678528,0.1074383556842804,0.0634225606918335,0.5285801887512207,0.5353063941001892,0.0756664648652076,-0.0673670694231987,0.937609076499939,0.576070249080658,0.0823776647448539,-0.043502751737833,0.9090512990951538,hoyeon_stand_normal_01,25.179357,25.0,23.086793,19.235384,15.297059,11.18034,7.0,4.472136,5.385165,7.071068,10.0,12.041595,14.035669,16.03122,17.029386,19.026298,19.0,20.0,20.024984,19.026298,17.029386,14.0,11.18034,8.944272,9.433981,11.7047,10.630146,11.401754,10.0,7.81025,6.403124,5.385165,6.0,7.28011,8.544004,9.848858,10.77033,11.7047,11.7047,11.7047,11.401754,11.18034,10.198039,9.055385,7.071068,5.385165,3.605551,5.09902,8.944272,14.317821,18.384776,22.135944,17.029386,18.248288,18.439089,16.763055,16.552945,16.643317,17.029386,17.691806,17.804494,19.416488,19.416488,19.416488,20.808652,20.808652,20.0,18.439089,16.401219,14.21267,10.816654,7.071068,5.830952,9.433981,13.601471,17.720045,22.135944,25.632011,19.235384,21.0,20.223748,18.973666,15.652476,12.806248,8.602325,4.0,4.0,7.615773,10.630146,13.453624,15.811388,17.492856,18.788294,19.313208,18.973666,18.681542,18.681542,17.720045,15.811388,14.317821,12.806248,11.401754,12.649111,14.142136,16.970563,14.142136,12.041595,10.816654,8.544004,8.062258,9.055385,11.18034,13.341664,14.317821,16.278821,17.029386,19.0,19.104973,20.396078,19.646883,19.313208,18.384776,15.231546,11.7047,9.219544,6.324555,7.81025,10.77033,13.601471,16.492423,7.071068,5.830952,5.09902,6.708204,8.602325,10.630146,12.727922,14.866069,16.278821,15.620499,16.401219,15.811388,13.892444,12.529964,11.661904,11.661904,9.433981,10.0,9.899495,10.630146,12.206556,13.601471,15.811388,16.401219,18.439089,18.439089
hoyeon_stand_normal_01,636,212,21.201158469945355,29.998360745314464,10,0.5500832796096802,0.6831327676773071,-0.2360503524541854,0.9999884963035583,0.5451135039329529,0.694098711013794,-0.2253839075565338,0.999964952468872,0.5422866940498352,0.6935172080993652,-0.2253894954919815,0.9999682903289796,0.5394859910011292,0.6925506591796875,-0.2254133820533752,0.999971330165863,0.5527218580245972,0.6947596073150635,-0.2244122922420501,0.9999526143074036,0.5550920367240906,0.6948880553245544,-0.2244331985712051,0.9999507665634156,0.5576265454292297,0.6945703625679016,-0.2244332581758499,0.9999486804008484,0.5346988439559937,0.683087944984436,-0.1455425769090652,0.9999540448188782,0.5599038004875183,0.6865724325180054,-0.1408528834581375,0.9998881816864014,0.5446925759315491,0.6691235303878784,-0.2049127668142318,0.9999858140945436,0.5553262829780579,0.6706885099411011,-0.203746348619461,0.9999752640724182,0.5142662525177002,0.6062300801277161,-0.0811050087213516,0.9999770522117616,0.579479455947876,0.6034426093101501,-0.0680472031235694,0.999911367893219,0.5053131580352783,0.5051630139350891,-0.0268277842551469,0.9872869253158568,0.5848157405853271,0.5045070052146912,-0.019081151112914,0.9493991136550904,0.5007779598236084,0.4233469069004059,-0.0850542560219764,0.9716235399246216,0.5915412902832031,0.4198027849197387,-0.0782837867736816,0.9003936052322388,0.496752917766571,0.3958736062049866,-0.1037985011935234,0.940470278263092,0.5954467058181763,0.3913922607898712,-0.0974828973412513,0.8355358242988586,0.5023165941238403,0.3958275914192199,-0.1315759122371673,0.9454893469810486,0.5920398235321045,0.390264630317688,-0.1265784800052642,0.8462958931922913,0.5052082538604736,0.4046103060245514,-0.0970787778496742,0.9337946772575378,0.5891882181167603,0.3993864357471466,-0.0912076234817504,0.8352072834968567,0.5279399156570435,0.4296907782554626,-0.0046584880910813,0.9995917081832886,0.5692814588546753,0.4314766228199005,0.004602160770446,0.9994450807571412,0.5259392261505127,0.273461639881134,-0.0326976999640464,0.9623996019363404,0.5732104182243347,0.279026597738266,-0.0184100344777107,0.946466028690338,0.5306981205940247,0.1216115280985832,0.0445855818688869,0.9622706770896912,0.5739270448684692,0.1284273713827133,0.0612973682582378,0.9254772663116456,0.533578634262085,0.102139689028263,0.0452795512974262,0.546528160572052,0.5716112852096558,0.1069719046354293,0.0626809895038604,0.5272663235664368,0.535292387008667,0.0756560415029525,-0.0680083930492401,0.9373576045036316,0.5760778188705444,0.0823675245046615,-0.0442675873637199,0.9084716439247132,hoyeon_stand_normal_01,5.0,5.0,8.544004,11.18034,13.416408,14.764823,15.231546,14.317821,13.928388,13.0,12.083046,9.848858,8.944272,7.81025,5.830952,5.09902,6.082763,8.062258,10.630146,14.142136,16.278821,19.104973,21.213203,21.931712,22.022716,20.0,6.708204,8.944272,10.29563,12.083046,12.083046,13.0,12.649111,11.401754,10.440307,8.246211,7.28011,5.385165,4.242641,3.605551,4.0,5.385165,6.708204,9.433981,11.661904,13.416408,15.652476,16.155494,16.155494,15.811388,13.601471,10.440307,13.779272,14.464194,13.7469575,13.284677,12.843758,12.27735,11.7698515,11.4918865,11.646902,11.361772,11.1919485,10.7764725,11.2816345,12.0440035,13.643023,13.1339115,14.23377,14.233877500000002,13.2947195,12.7908565,12.9403065,14.741469,15.7290415,17.263554499999998,17.1710595,16.8374515,9.7493725,10.4280915,11.6368545,11.936823,12.5937485,11.4910895,10.1548375,8.658910500000001,7.826238,9.0192025,9.972879,9.829925500000002,9.6182965,9.8462615,9.3027755,8.722717000000001,8.7693645,9.942186,10.5640055,11.1900395,11.724288,12.264982,12.536392,12.556598,13.220767,13.606571,12.649111,14.56022,14.56022,15.524175,15.524175,14.866069,13.928388,13.0,11.18034,9.433981,8.062258,5.385165,5.09902,4.472136,5.656854,7.211103,11.18034,13.416408,17.0,18.35756,20.248457,20.808652,21.400935,20.615528,17.029386,14.866069,12.806248,13.453624,14.866069,15.556349,15.556349,14.142136,12.727922,11.313708,9.219544,7.211103,6.324555,5.0,5.09902,5.385165,6.708204,7.211103,8.062258,8.944272,8.944272,10.29563,10.29563,10.29563,9.433981,9.219544,10.0,9.433981
hoyeon_stand_normal_01,639,213,21.301163934426228,29.998360745314464,10,0.5500842332839966,0.6831567883491516,-0.2364366352558136,0.9999884963035583,0.5451164841651917,0.6941104531288147,-0.2257762551307678,0.9999648928642272,0.5422919988632202,0.6935341954231262,-0.225782573223114,0.9999682307243348,0.5394923090934753,0.6925712823867798,-0.2258064597845077,0.9999712705612184,0.5527249574661255,0.6947599053382874,-0.2248103469610214,0.9999525547027588,0.5550946593284607,0.6948863863945007,-0.2248309105634689,0.9999507069587708,0.5576277375221252,0.6945662498474121,-0.2248315513134002,0.9999486207962036,0.5347063541412354,0.6831201910972595,-0.1455878615379333,0.9999540448188782,0.5598888397216797,0.6865696310997009,-0.1411007940769195,0.9998878836631776,0.5446928143501282,0.6691442131996155,-0.2052303701639175,0.9999857544898988,0.5553275346755981,0.6707186102867126,-0.2040671408176422,0.9999752044677734,0.514265775680542,0.6062717437744141,-0.080804593861103,0.9999770522117616,0.5794804692268372,0.6034404635429382,-0.0680684000253677,0.9999120235443116,0.5053125023841858,0.5051780343055725,-0.0270975530147552,0.9873144626617432,0.5848150849342346,0.5045968890190125,-0.0190601479262113,0.9493083953857422,0.500781238079071,0.4233894050121307,-0.0855381935834884,0.971559464931488,0.5916098952293396,0.4198149740695953,-0.07826978713274,0.9006127119064331,0.4967937469482422,0.3959225714206695,-0.1042146459221839,0.9403326511383056,0.5955810546875,0.3913826942443847,-0.0974438861012458,0.835819661617279,0.5023295283317566,0.3958885371685028,-0.1321052312850952,0.945365309715271,0.5921071171760559,0.3902392983436584,-0.1265797317028045,0.8465757369995117,0.505210816860199,0.4046676456928253,-0.0975905433297157,0.933657169342041,0.5892260074615479,0.399385929107666,-0.0912077277898788,0.8355206847190857,0.5279718041419983,0.429776519536972,-0.0047433492727577,0.9995920062065125,0.5693089962005615,0.4314804673194885,0.0046853213571012,0.9994465708732604,0.5259397029876709,0.2733950316905975,-0.0327858738601207,0.9624198079109192,0.573226809501648,0.2790072858333587,-0.0182701405137777,0.9464561939239502,0.5306723713874817,0.1211081594228744,0.0441218502819538,0.9623730182647704,0.5739272832870483,0.1279846131801605,0.0612656474113464,0.9254860281944276,0.5335192084312439,0.1015260741114616,0.0447734855115413,0.5459046363830566,0.5716077089309692,0.1066170260310173,0.0626273527741432,0.5275474190711975,0.5352609753608704,0.0756281092762947,-0.0688667148351669,0.9374030232429504,0.5761476755142212,0.0823833122849464,-0.0443637296557426,0.9084756374359132,hoyeon_stand_normal_01,4.123106,5.385165,8.246211,11.18034,13.341664,14.317821,14.317821,14.56022,13.601471,12.649111,11.401754,10.198039,8.062258,7.0,6.324555,6.403124,6.708204,9.219544,11.045361,14.0,17.029386,20.024984,21.023796,22.0,22.090722,20.223748,6.708204,8.062258,9.848858,11.18034,12.529964,12.206556,12.206556,11.401754,10.0,9.219544,7.81025,5.0,3.605551,3.0,2.828427,4.472136,5.385165,8.246211,9.486833,11.401754,12.649111,13.928388,14.317821,13.892444,11.661904,8.944272,15.231546,14.764823,13.601471,13.453624,12.727922,11.401754,10.0,8.062258,6.708204,5.09902,4.0,3.605551,4.472136,6.082763,8.0,10.049876,13.038405,15.033296,17.029386,19.026298,20.0,20.0,19.026298,17.117243,14.142136,11.18034,3.162278,3.605551,6.082763,9.055385,11.401754,12.083046,13.038405,13.601471,12.806248,12.727922,10.630146,9.219544,7.071068,5.656854,2.828427,2.0,2.236068,4.0,6.0,9.055385,11.045361,13.038405,14.142136,15.132746,16.278821,15.524175,17.464249,15.231546,13.0,10.29563,9.219544,8.062258,8.246211,10.049876,11.045361,14.035669,15.132746,16.492423,17.720045,19.697716,19.723083,20.0,19.209373,17.691806,15.556349,12.041595,8.602325,6.082763,7.211103,10.0,12.529964,15.652476,8.544004,6.403124,5.0,6.082763,8.062258,10.77033,13.0,14.317821,15.811388,15.811388,16.492423,15.297059,14.317821,13.152946,12.041595,10.049876,10.049876,9.219544,9.486833,10.29563,11.661904,14.422205,15.811388,17.204651,18.867962,19.235384
hoyeon_stand_normal_01,642,214,21.401169398907104,29.998360745314464,10,0.550112783908844,0.6831550598144531,-0.2362490445375442,0.9999885559082032,0.5451469421386719,0.6941093802452087,-0.2256381064653396,0.9999651312828064,0.5423294901847839,0.6935346126556396,-0.2256444990634918,0.999968409538269,0.5395188927650452,0.6925728917121887,-0.2256685197353363,0.9999714493751526,0.5527523159980774,0.6947516798973083,-0.2246401160955429,0.999952793121338,0.5551210045814514,0.6948725581169128,-0.2246600538492202,0.99995094537735,0.5576491951942444,0.6945408582687378,-0.2246605604887008,0.9999489188194276,0.5347281694412231,0.6831327676773071,-0.145552709698677,0.9999544024467468,0.559887170791626,0.6865561008453369,-0.1408021599054336,0.99988853931427,0.5447066426277161,0.6691421866416931,-0.2050223052501678,0.9999858736991882,0.5553430914878845,0.6707188487052917,-0.2038126438856125,0.9999753832817078,0.5142868161201477,0.6063022017478943,-0.0802896097302436,0.9999772310256958,0.5794840455055237,0.6034494638442993,-0.0674872323870658,0.9999129176139832,0.5053187012672424,0.5051938891410828,-0.0261320564895868,0.9873513579368592,0.5848163962364197,0.5046610236167908,-0.0181025676429271,0.9491583704948424,0.5007908940315247,0.4234812557697296,-0.0846929028630256,0.9716086387634276,0.5917367339134216,0.4198338687419891,-0.0776083767414093,0.9005847573280334,0.4968109428882599,0.3960227966308594,-0.1034351587295532,0.940440595149994,0.595736563205719,0.3913837969303131,-0.0968463569879531,0.8357903957366943,0.5023345351219177,0.3960083425045013,-0.1315072178840637,0.9454697966575624,0.5922092199325562,0.3902390897274017,-0.1261011213064193,0.846537709236145,0.5052136778831482,0.4047638475894928,-0.0968217775225639,0.9337521195411682,0.5893128514289856,0.399387925863266,-0.0906112194061279,0.835486650466919,0.5280442237854004,0.4298667907714844,-0.0047428593970835,0.9995948672294616,0.5693414807319641,0.4315164983272552,0.0046847891062498,0.9994506239891052,0.5259472727775574,0.273225337266922,-0.032736636698246,0.9628239274024964,0.5732725262641907,0.2790046334266662,-0.018269008025527,0.947048544883728,0.5306462645530701,0.1211343109607696,0.0441805236041545,0.9629040956497192,0.5739772915840149,0.127917543053627,0.0612317211925983,0.926320254802704,0.5334986448287964,0.1012929528951644,0.044806383550167,0.547115683555603,0.5716279745101929,0.1064191833138465,0.0625781714916229,0.5294004082679749,0.5352743864059448,0.0756054446101188,-0.0687837824225425,0.9380937814712524,0.5761401057243347,0.082361951470375,-0.044556438922882,0.9094250798225404,hoyeon_stand_normal_01,27.018512,26.019224,23.194827,20.615528,15.524175,11.7047,7.071068,4.472136,5.385165,8.062258,11.0,13.0,15.0,17.029386,19.026298,20.024984,22.090722,22.203603,22.36068,20.396078,18.439089,16.124515,13.0,10.77033,11.313708,14.422205,13.453624,12.727922,11.313708,9.899495,8.602325,7.615773,7.071068,8.062258,9.219544,10.440307,11.7047,11.7047,12.649111,12.649111,12.369317,13.152946,11.18034,10.049876,8.062258,6.082763,3.605551,5.09902,9.848858,14.317821,18.384776,22.803509,15.132746,15.0,15.033296,15.297059,14.56022,14.317821,15.264338,15.620499,16.278821,17.691806,18.384776,18.384776,19.104973,18.439089,18.439089,17.029386,15.620499,12.806248,9.219544,6.324555,6.324555,9.899495,14.21267,18.601075,22.203603,24.839485,19.026298,20.223748,19.924859,17.888544,15.811388,12.727922,8.602325,4.123106,2.236068,4.472136,7.81025,10.29563,12.083046,13.601471,15.297059,16.278821,16.124515,16.03122,16.0,15.033296,13.038405,11.401754,10.77033,10.0,10.816654,11.7047,15.5745875,14.5842075,14.076473,13.51561,12.0443405,11.597502,11.7686825,11.134406,11.7216745,11.4702285,11.7050365,11.301688,11.8005375,11.495534,12.348858,13.932115,14.566858,15.5441,15.5542235,15.1985365,14.4000205,13.263868,13.1036875,14.227464,15.0709835,14.561995,10.8245555,10.9685685,10.82117,11.279309,12.2008525,13.205943,13.2274065,13.607896,12.805674,12.262516000000002,11.7462115,10.9470755,10.3485105,10.165756,9.577057,9.8328105,9.994937,9.693164,10.4140925,10.340011,11.315073,12.3329075,12.4663955,13.514693,14.660964,14.7333025
hoyeon_stand_normal_01,645,215,21.501174863387977,29.998360745314464,10,0.5501958131790161,0.6831843852996826,-0.231433480978012,0.9999885559082032,0.5452167987823486,0.694118857383728,-0.2206623256206512,0.9999651908874512,0.5424150824546814,0.6935470700263977,-0.2206702977418899,0.9999684691429138,0.5395811796188354,0.6925836801528931,-0.2206942588090896,0.9999715089797974,0.5528037548065186,0.6947656869888306,-0.2197369486093521,0.9999529123306274,0.5551639199256897,0.6948869228363037,-0.2197546809911728,0.9999510645866394,0.5576764941215515,0.6945540308952332,-0.219754546880722,0.9999490976333618,0.5347702503204346,0.683140218257904,-0.1402878910303115,0.9999544024467468,0.5598850250244141,0.6865711808204651,-0.1359997242689132,0.9998887777328492,0.5447880029678345,0.6691715121269226,-0.2001917064189911,0.9999858736991882,0.5554112792015076,0.6707723736763,-0.1990794986486435,0.9999754428863524,0.5143395066261292,0.6063477396965027,-0.0753965675830841,0.9999772906303406,0.5795053839683533,0.6035591959953308,-0.0637463182210922,0.9999135732650756,0.5053334832191467,0.505221426486969,-0.0220082011073827,0.9873409867286682,0.584826648235321,0.5047398209571838,-0.0153417875990271,0.9490029215812684,0.5007901787757874,0.4235837459564209,-0.0802060440182685,0.9716498851776124,0.5919139385223389,0.419904351234436,-0.0755018293857574,0.9008588194847108,0.4968090057373047,0.3961125910282135,-0.0989763438701629,0.9405617117881776,0.5959594249725342,0.3914328515529632,-0.0949058607220649,0.836300790309906,0.5023308992385864,0.3961129784584045,-0.1270478814840316,0.94558846950531,0.5924411416053772,0.3902657926082611,-0.1242548748850822,0.847018301486969,0.5052125453948975,0.404853492975235,-0.092379905283451,0.9338721632957458,0.5895349383354187,0.3994166851043701,-0.0885849967598915,0.8359931707382202,0.5281276106834412,0.4299488365650177,-0.0047493227757513,0.9995980262756348,0.5693756937980652,0.4315673112869262,0.0046914271079003,0.99945467710495,0.5259724259376526,0.2732017934322357,-0.0327361598610878,0.9631617665290833,0.5732944011688232,0.2790114283561706,-0.0183589830994606,0.947527289390564,0.5305994749069214,0.1214665323495864,0.0442245788872242,0.9633017778396606,0.5740784406661987,0.1281208395957946,0.0607815906405448,0.9269895553588868,0.5334894061088562,0.1013085693120956,0.0448658093810081,0.547715961933136,0.5717262625694275,0.106461688876152,0.0620972365140914,0.5306825637817383,0.5352742075920105,0.0756004229187965,-0.0687511935830116,0.9385932087898254,0.5761353373527527,0.0823621079325676,-0.0449609644711017,0.9101487994194032,hoyeon_stand_normal_01,24.207437,24.041631,22.022716,19.416488,15.264338,11.661904,7.81025,5.385165,5.09902,7.211103,9.219544,10.630146,12.806248,14.21267,17.029386,17.804494,19.416488,20.248457,19.723083,18.35756,17.0,13.892444,11.401754,9.433981,10.049876,12.041595,11.18034,10.77033,9.486833,8.544004,8.062258,7.071068,7.211103,7.615773,9.219544,10.198039,11.18034,12.165525,11.401754,12.369317,11.7047,11.7047,10.77033,9.848858,8.544004,6.324555,5.09902,5.656854,8.544004,12.649111,17.088007,21.470911,15.556349,15.620499,14.422205,13.892444,13.416408,12.649111,11.401754,9.219544,8.062258,6.0,5.09902,4.242641,4.472136,6.0,8.246211,10.440307,13.0,14.866069,17.088007,18.973666,19.924859,19.646883,18.439089,17.262677,15.132746,11.045361,3.162278,3.605551,5.830952,8.246211,10.049876,12.165525,13.341664,13.601471,13.0,11.661904,10.29563,8.602325,6.403124,4.472136,2.236068,1.0,2.236068,4.472136,6.708204,8.944272,11.18034,12.529964,14.764823,15.264338,16.643317,15.811388,13.601471,14.56022,16.492423,15.524175,16.492423,15.811388,13.928388,13.416408,11.18034,9.433981,8.944272,6.324555,5.09902,5.09902,6.403124,8.602325,10.816654,13.892444,16.643317,19.416488,20.615528,22.022716,21.260292,19.79899,18.384776,14.866069,11.401754,12.806248,14.21267,14.866069,14.142136,14.142136,11.313708,9.899495,7.81025,5.830952,5.09902,5.09902,5.385165,5.830952,7.211103,7.81025,8.602325,9.433981,9.433981,10.29563,10.29563,10.29563,10.0,9.899495,10.0,11.18034
hoyeon_stand_normal_01,648,216,21.601180327868853,29.998360745314464,10,0.5504311919212341,0.6832075119018555,-0.224835604429245,0.9999885559082032,0.5454023480415344,0.6941429972648621,-0.2138426005840301,0.9999651312828064,0.5426300168037415,0.693579912185669,-0.2138527482748031,0.9999683499336244,0.5397484302520752,0.6926220059394836,-0.2138746231794357,0.9999714493751526,0.5529583096504211,0.6947923898696899,-0.2128984630107879,0.999952793121338,0.5553141236305237,0.6949032545089722,-0.212913379073143,0.9999508857727052,0.5577882528305054,0.6945629119873047,-0.2129134237766266,0.999949038028717,0.5348523259162903,0.6831685304641724,-0.1334879696369171,0.9999540448188782,0.559886634349823,0.686573326587677,-0.1291755586862564,0.9998881816864014,0.5450208187103271,0.6691934466362,-0.1937669664621353,0.9999858736991882,0.5555761456489563,0.6708118915557861,-0.1926177889108657,0.9999754428863524,0.5143815875053406,0.606367290019989,-0.0699602290987968,0.999977171421051,0.579548180103302,0.6036503911018372,-0.058862280100584,0.999913454055786,0.5053876042366028,0.5051968097686768,-0.0186929982155561,0.9872990250587464,0.5848487615585327,0.5047845840454102,-0.0121724111959338,0.9484986662864684,0.5007949471473694,0.4236440360546112,-0.0777584835886955,0.9717153906822203,0.5920212268829346,0.4199398458003998,-0.0734105557203292,0.9005847573280334,0.4968103170394897,0.3961908221244812,-0.0967910811305046,0.9407790303230286,0.5960354208946228,0.3914712369441986,-0.0930985361337661,0.8361737132072449,0.5023316144943237,0.3961855471134186,-0.1247202605009079,0.9457844495773317,0.5925158858299255,0.3902944028377533,-0.1223054677248001,0.8468751311302185,0.5052136778831482,0.4049070179462433,-0.0899233147501945,0.9340636134147644,0.5896129608154297,0.399452805519104,-0.0864893570542335,0.8358883261680603,0.528136670589447,0.4297201335430145,-0.0047482047230005,0.9995980858802797,0.5694053769111633,0.4312869310379028,0.00469053350389,0.9994550943374634,0.5259848237037659,0.2725836038589477,-0.0321605876088142,0.9637274742126464,0.5732966661453247,0.278457373380661,-0.0184677559882402,0.9483349919319152,0.5305553078651428,0.1214837357401847,0.0456922203302383,0.9638556241989136,0.5741283297538757,0.1280465722084045,0.0607694387435913,0.928109347820282,0.533456563949585,0.1011416390538215,0.0464347042143344,0.5498332977294922,0.5717990398406982,0.1064599603414535,0.0620904490351676,0.5333486199378967,0.5352681279182434,0.075556457042694,-0.0668053478002548,0.939324915409088,0.5761397480964661,0.0823568478226661,-0.0449627190828323,0.9113246202468872,hoyeon_stand_normal_01,26.925824,26.925824,24.596748,21.095023,15.811388,12.206556,7.615773,5.09902,5.656854,8.062258,10.77033,13.601471,15.231546,17.088007,18.384776,20.615528,21.931712,22.825424,21.954498,20.59126,18.35756,16.552945,12.649111,11.0,11.18034,14.21267,13.038405,12.083046,11.18034,9.848858,7.211103,6.403124,6.324555,7.071068,9.0,11.045361,11.045361,12.041595,13.038405,13.0,13.038405,12.041595,11.18034,10.198039,8.062258,6.0,3.605551,6.082763,10.049876,15.132746,20.024984,24.020824,14.764823,14.317821,14.56022,13.341664,13.152946,12.0,11.0,9.055385,8.246211,6.708204,6.403124,5.830952,6.082763,7.071068,9.486833,11.18034,13.892444,16.124515,18.35756,19.235384,20.124612,20.124612,19.697716,18.027756,15.811388,12.369317,2.236068,2.236068,5.0,7.615773,9.486833,12.165525,13.0,13.038405,13.152946,12.369317,10.77033,9.486833,6.708204,5.385165,3.162278,1.0,1.414214,3.605551,5.656854,8.485281,10.630146,12.727922,14.142136,15.556349,16.278821,15.620499,14.317821,15.231546,16.155494,17.088007,16.552945,16.552945,15.264338,13.892444,12.206556,10.816654,8.602325,7.211103,5.385165,5.0,5.830952,7.81025,10.630146,14.21267,16.401219,18.439089,20.518285,21.213203,21.213203,19.849433,17.804494,14.21267,12.806248,14.21267,15.556349,15.556349,15.556349,14.142136,12.727922,10.630146,9.219544,8.062258,6.082763,6.0,6.324555,7.615773,8.062258,8.944272,9.848858,10.29563,11.18034,11.18034,11.18034,11.18034,11.18034,11.401754,11.313708,11.401754
hoyeon_stand_normal_01,651,217,21.70118579234973,29.998360745314464,10,0.5505794882774353,0.6832384467124939,-0.2263792157173156,0.999988615512848,0.5455160737037659,0.6941751837730408,-0.2153338938951492,0.9999653100967408,0.5427548885345459,0.6936280727386475,-0.2153428047895431,0.9999684691429138,0.5398441553115845,0.6926828622817993,-0.2153656482696533,0.999971568584442,0.5530601143836975,0.6948143839836121,-0.2145959585905075,0.9999529719352722,0.5554109215736389,0.6949160099029541,-0.2146120965480804,0.9999510645866394,0.5578600764274597,0.6945687532424927,-0.2146118134260177,0.9999492168426514,0.5348958969116211,0.6832391023635864,-0.1343202590942382,0.999954104423523,0.5598838329315186,0.6865803599357605,-0.1309742778539657,0.9998881816864014,0.5451412796974182,0.6692361831665039,-0.1950415968894958,0.999985933303833,0.5556734204292297,0.6708694696426392,-0.1941671967506408,0.999975562095642,0.5143833756446838,0.6064112782478333,-0.0702999681234359,0.999977171421051,0.5795499086380005,0.6037482619285583,-0.0599780343472957,0.9999133348464966,0.5053868889808655,0.5051856637001038,-0.0199776776134967,0.987379789352417,0.5848706364631653,0.5048151612281799,-0.0128282774239778,0.94818776845932,0.5007957220077515,0.4236482381820678,-0.0790873542428016,0.9719032049179076,0.5921130776405334,0.4199453294277191,-0.0737884938716888,0.9004276394844055,0.4968113303184509,0.3961986303329468,-0.0980572700500488,0.9411094784736632,0.5961202383041382,0.3914750218391418,-0.0934449583292007,0.8360069394111633,0.5023307204246521,0.3962023854255676,-0.1258714199066162,0.946093499660492,0.5925806164741516,0.3902954161167145,-0.1226647719740867,0.8467103242874146,0.5052123665809631,0.4049182534217834,-0.0911483839154243,0.9344161748886108,0.5896732211112976,0.3994560539722442,-0.0868671610951423,0.8357277512550354,0.5281487703323364,0.4296913146972656,-0.0047513367608189,0.9995976090431212,0.5694143772125244,0.4312597215175628,0.0046934308484196,0.999453604221344,0.5260209441184998,0.2724203467369079,-0.0321617349982261,0.9638686776161194,0.5732898116111755,0.2784256339073181,-0.0185553915798664,0.94864684343338,0.530551552772522,0.1217948943376541,0.0467130281031131,0.9640833139419556,0.5741403102874756,0.1281639337539672,0.0609244592487812,0.9285911917686462,0.5334538817405701,0.1012187749147415,0.0476516596972942,0.5510630011558533,0.5718129277229309,0.1064887270331382,0.0623204186558723,0.5343654155731201,0.5352679491043091,0.0755153447389602,-0.0654045641422271,0.9396308660507202,0.5761421918869019,0.08232993632555,-0.0446508675813674,0.9118394255638124,hoyeon_stand_normal_01,14.7835305,14.720542,15.5419935,15.920225,14.3272395,12.905092,10.8824115,9.3949785,9.513704,10.072652,10.6891895,11.4723705,12.06325,12.2676585,12.7389175,13.2394205,14.820395,16.314404,17.122599,18.325686,18.3983895,18.817764,18.114444,17.449921500000002,16.863189499999997,17.3712995,10.757941,10.8916535,11.1795345,10.970545,10.4243275,10.3719365,10.535534,10.035534,9.772002,9.949367,9.385165,9.541523,8.103076,7.6551255,7.6551255,8.184658500000001,8.6315515,9.3710215,9.2512825,9.017138,8.214949,9.8845975,11.949692,13.8718035,15.953183499999998,16.205278,16.0,15.033296,15.297059,13.601471,13.928388,12.083046,11.18034,9.433981,7.81025,5.656854,4.472136,4.0,4.472136,6.403124,8.062258,11.18034,13.0,16.552945,17.888544,19.235384,20.59126,19.723083,18.867962,17.204651,15.0,12.041595,3.162278,3.162278,6.082763,8.544004,10.816654,12.727922,14.21267,14.422205,13.892444,12.529964,11.7047,9.486833,7.615773,5.385165,3.605551,1.0,2.236068,4.472136,6.324555,9.486833,11.7047,13.601471,14.56022,15.524175,16.278821,16.124515,18.601075,17.804494,14.866069,11.313708,10.29563,9.486833,10.049876,12.041595,13.038405,15.033296,17.0,19.026298,20.099751,21.587033,22.135944,21.540659,21.470911,19.723083,17.492856,13.892444,9.848858,7.0,7.211103,10.29563,13.928388,15.811388,8.485281,6.708204,6.082763,7.28011,10.29563,12.206556,15.0,17.204651,18.027756,18.867962,18.35756,17.464249,16.552945,14.866069,13.928388,12.649111,10.77033,11.18034,11.401754,12.041595,14.142136,15.620499,17.691806,19.104973,20.518285,20.518285
hoyeon_stand_normal_01,654,218,21.8011912568306,29.998360745314464,10,0.5506706833839417,0.683268666267395,-0.2275040745735168,0.9999887347221376,0.545585572719574,0.6942139267921448,-0.2165039032697677,0.9999655485153198,0.5428252816200256,0.6936886310577393,-0.2165128588676452,0.9999687075614928,0.5398960709571838,0.6927646994590759,-0.2165353298187255,0.9999717473983764,0.553124189376831,0.6948366761207581,-0.2157111167907714,0.9999533295631408,0.5554729700088501,0.6949303150177002,-0.2157274633646011,0.999951422214508,0.5579088926315308,0.6945773363113403,-0.215727150440216,0.99994957447052,0.5349206924438477,0.6833325624465942,-0.1354749053716659,0.9999542832374572,0.5598804950714111,0.6865845322608948,-0.1318925321102142,0.9998885989189148,0.5452050566673279,0.6692739129066467,-0.1961559653282165,0.9999860525131226,0.555722177028656,0.6709167957305908,-0.1952309012413025,0.9999758005142212,0.5143789052963257,0.6064360737800598,-0.0706508234143257,0.9999772310256958,0.5795513987541199,0.6037704944610596,-0.0605896338820457,0.999913454055786,0.505388081073761,0.5051846504211426,-0.0212983805686235,0.9874287247657776,0.5848925113677979,0.5048092603683472,-0.0132395606487989,0.9481563568115234,0.5008020997047424,0.4236530065536499,-0.0809937641024589,0.9720032215118408,0.592185378074646,0.4199499487876892,-0.0740820541977882,0.9007647633552552,0.4968323111534118,0.3962193727493286,-0.1000638306140899,0.9413062930107116,0.5961982011795044,0.3914948105812073,-0.0936939194798469,0.8364838361740112,0.5023354291915894,0.3962402641773224,-0.1276440620422363,0.9462696313858032,0.5926553010940552,0.3903078734874725,-0.1228662654757499,0.8471440672874451,0.50521320104599,0.404939204454422,-0.0929582938551902,0.9346342086791992,0.5897498726844788,0.3994584679603576,-0.0871436223387718,0.8361934423446655,0.5281550288200378,0.4295037686824798,-0.0048286984674632,0.9995989799499512,0.5694176554679871,0.4311826825141907,0.0047702114097774,0.9994540214538574,0.526044487953186,0.27228844165802,-0.0320894829928875,0.9641176462173462,0.5732210278511047,0.2786795496940613,-0.0183650609105825,0.9490372538566588,0.5305508971214294,0.1225795596837997,0.0475371889770031,0.9644706845283508,0.5740419626235962,0.1284661591053009,0.0621529594063758,0.9293271899223328,0.5334645509719849,0.1016711369156837,0.0485803857445716,0.5539001822471619,0.5716733932495117,0.1068423837423324,0.0637302696704864,0.5366984009742737,0.5352898836135864,0.0755103528499603,-0.0640932321548461,0.9402899146080016,0.5761180520057678,0.0822610184550285,-0.042599681764841,0.9127641916275024,hoyeon_stand_normal_01,4.123106,5.830952,8.246211,11.18034,13.341664,15.524175,15.524175,14.56022,13.601471,12.649111,11.7047,9.486833,8.062258,7.0,6.324555,5.0,6.708204,8.062258,11.0,13.152946,16.278821,19.235384,21.213203,22.090722,21.023796,20.0,5.830952,8.062258,9.433981,10.816654,11.401754,11.401754,12.041595,10.630146,9.219544,8.485281,5.656854,5.0,3.162278,2.236068,3.605551,5.385165,6.324555,8.246211,11.401754,12.649111,13.928388,15.231546,15.652476,13.892444,13.038405,9.433981,14.035669,15.0,15.033296,14.142136,14.56022,13.928388,14.764823,14.422205,16.401219,16.401219,17.804494,17.804494,17.804494,17.204651,17.204651,16.643317,15.264338,12.206556,10.0,7.211103,7.071068,8.062258,12.206556,15.620499,18.601075,20.808652,15.811388,16.278821,17.0,15.297059,13.601471,10.29563,7.071068,3.162278,2.236068,5.385165,7.211103,9.899495,11.401754,13.038405,13.416408,14.317821,14.866069,14.56022,14.56022,13.601471,12.649111,11.18034,10.0,10.0,11.18034,12.369317,17.804494,15.620499,13.453624,10.630146,10.29563,9.219544,10.049876,11.045361,12.041595,14.035669,16.0,18.027756,19.235384,19.646883,20.248457,20.615528,19.723083,18.027756,15.811388,12.529964,9.848858,7.0,7.211103,10.0,12.529964,15.231546,7.81025,6.708204,6.0,7.615773,9.433981,12.041595,13.453624,15.556349,15.620499,17.029386,16.643317,16.124515,14.764823,13.416408,12.529964,11.18034,10.29563,10.816654,10.630146,11.313708,13.453624,15.0,16.278821,18.439089,19.104973,19.104973
hoyeon_stand_normal_01,657,219,21.901196721311475,29.998360745314464,10,0.5506860613822937,0.6833139061927795,-0.22908715903759,0.999988853931427,0.5455954074859619,0.694253146648407,-0.2180281579494476,0.9999658465385436,0.542832612991333,0.6937429904937744,-0.2180382907390594,0.999968945980072,0.5399008989334106,0.6928309202194214,-0.2180579751729965,0.9999719262123108,0.553132951259613,0.6948629021644592,-0.2170663326978683,0.9999536871910096,0.5554801225662231,0.6949533820152283,-0.2170824855566024,0.9999518394470216,0.5579149127006531,0.6945958733558655,-0.2170829176902771,0.9999499917030334,0.5349245071411133,0.6834124326705933,-0.1367842853069305,0.9999545812606812,0.5598723888397217,0.686601996421814,-0.1323523670434951,0.9998894333839417,0.5452142953872681,0.6693243384361267,-0.1977201402187347,0.999986171722412,0.5557315945625305,0.6709793210029602,-0.1965386420488357,0.9999760389328004,0.5143631100654602,0.6064414381980896,-0.0719297230243682,0.9999772310256958,0.5795509219169617,0.6037903428077698,-0.0608540214598178,0.9999138116836548,0.5053880214691162,0.5051907300949097,-0.0219355877488851,0.9874587059020996,0.5849148035049438,0.5048119425773621,-0.0133817829191684,0.9485344886779784,0.5008030533790588,0.4237013757228851,-0.0820201858878135,0.972007155418396,0.592190146446228,0.4199531972408294,-0.0744190216064453,0.9014919996261596,0.4968459904193878,0.3962868154048919,-0.1009539291262626,0.9413056373596193,0.59620201587677,0.391508549451828,-0.0940488800406456,0.8373472094535828,0.5023373365402222,0.3963029682636261,-0.1287616640329361,0.9462631940841676,0.5926620960235596,0.3903123140335083,-0.1231452748179435,0.8479741811752319,0.5052137970924377,0.4049877822399139,-0.0940644294023513,0.9346224665641784,0.5897576212882996,0.3994607925415039,-0.0874524861574173,0.8370780944824219,0.5281592607498169,0.4293411672115326,-0.004863993730396,0.9995971322059632,0.5694203972816467,0.4311103820800781,0.0048051602207124,0.9994525909423828,0.5260452628135681,0.2722837924957275,-0.0320628173649311,0.9643695950508118,0.5732219219207764,0.2787425816059112,-0.0183621980249881,0.9494648575782776,0.5304693579673767,0.1229852437973022,0.0480565577745437,0.9647188186645508,0.5740203261375427,0.1287372708320617,0.0623592920601367,0.9298642873764038,0.5333766341209412,0.1020970866084098,0.0491276606917381,0.5548036098480225,0.5716280341148376,0.1072709485888481,0.0639484003186225,0.5384622812271118,0.5352703928947449,0.0755062326788902,-0.064021997153759,0.9406406879425048,0.5761188268661499,0.0821692198514938,-0.0426936261355876,0.9133906960487366,hoyeon_stand_normal_01,26.400758,26.870058,23.430749,20.808652,16.643317,12.206556,7.81025,5.385165,5.385165,7.81025,10.630146,12.806248,15.620499,17.029386,19.209373,20.518285,23.345235,22.627417,23.345235,22.022716,19.849433,16.278821,13.453624,9.848858,10.049876,13.0,13.038405,12.165525,11.18034,9.055385,8.0,6.082763,6.708204,7.071068,8.062258,9.848858,11.18034,11.18034,12.529964,12.529964,11.661904,12.206556,11.401754,10.630146,7.81025,5.830952,3.0,5.0,9.486833,14.56022,19.313208,22.36068,14.142136,14.0,14.035669,13.152946,13.341664,11.7047,11.18034,9.433981,7.81025,7.071068,5.830952,5.09902,5.09902,6.403124,8.485281,10.0,13.038405,15.264338,16.643317,18.867962,19.416488,20.0,19.209373,17.691806,14.866069,12.041595,3.162278,3.0,4.472136,7.071068,9.433981,11.18034,12.649111,12.369317,12.165525,12.041595,11.0,9.0,7.071068,5.09902,3.0,1.0,1.0,4.123106,5.385165,8.544004,10.77033,12.083046,13.0,15.231546,16.155494,15.811388,17.691806,14.866069,12.806248,10.816654,8.544004,9.055385,10.049876,11.401754,13.601471,15.524175,17.464249,18.11077,19.026298,20.099751,21.213203,21.587033,19.924859,19.313208,16.155494,12.649111,9.219544,6.324555,7.81025,10.77033,14.317821,17.464249,7.81025,6.708204,5.0,6.708204,9.219544,12.041595,13.453624,15.556349,16.970563,17.029386,17.029386,16.401219,14.422205,13.038405,11.661904,11.661904,10.816654,9.899495,10.630146,11.401754,13.038405,14.422205,16.124515,18.027756,18.601075,19.209373
hoyeon_stand_normal_01,660,220,22.001202185792348,29.998360745314464,10,0.5506842136383057,0.6833536624908447,-0.2251822799444198,0.9999889135360718,0.5455955266952515,0.6942755579948425,-0.2138869315385818,0.9999660849571228,0.5428298711776733,0.6937733292579651,-0.2138998061418533,0.9999691247940063,0.5399024486541748,0.6928682327270508,-0.2139186263084411,0.9999720454216005,0.5531322956085205,0.6948804259300232,-0.2130225598812103,0.9999540448188782,0.5554763674736023,0.694974958896637,-0.213037222623825,0.99995219707489,0.557911217212677,0.694620668888092,-0.2130362838506698,0.9999504685401917,0.5349291563034058,0.6834774613380432,-0.132623866200447,0.9999545812606812,0.5598567724227905,0.6866341233253479,-0.1286370903253555,0.9998900890350342,0.5452138185501099,0.6693692207336426,-0.1939205676317215,0.9999862313270568,0.5557324886322021,0.6710360050201416,-0.1928500980138778,0.9999762773513794,0.5143530964851379,0.6064633131027222,-0.0695616379380226,0.999977171421051,0.5795521140098572,0.603792667388916,-0.0585189536213874,0.99991375207901,0.5053843259811401,0.5052027106285095,-0.0207047406584024,0.9874180555343628,0.584917426109314,0.5047563314437866,-0.0122381430119276,0.9488680362701416,0.5008202195167542,0.4237427115440368,-0.0817118659615516,0.9720202684402466,0.5922065377235413,0.4199288785457611,-0.0738550424575805,0.9022665023803712,0.4968831241130829,0.3963505029678345,-0.100856564939022,0.9413747787475586,0.596216082572937,0.3915107846260071,-0.0936656519770622,0.8384869694709778,0.5023666024208069,0.3963585495948791,-0.1285789459943771,0.9463132619857788,0.5926689505577087,0.3903057873249054,-0.1225758865475654,0.8490443825721741,0.50522780418396,0.4050288200378418,-0.093759685754776,0.9346603155136108,0.5897662043571472,0.39945188164711,-0.0868185833096504,0.8381165862083435,0.5281621217727661,0.4290890395641327,-0.0048574088141322,0.9995981454849244,0.5694290399551392,0.4309591650962829,0.0047989655286073,0.9994536638259888,0.5261147022247314,0.2722575664520263,-0.0316638015210628,0.964783787727356,0.5732241272926331,0.2787336707115173,-0.0183972883969545,0.9501721858978271,0.5304507613182068,0.123262844979763,0.0483658798038959,0.96518075466156,0.5740619897842407,0.1287819743156433,0.0623316057026386,0.930755078792572,0.5333715081214905,0.1023096963763237,0.0494312569499015,0.5580534934997559,0.5716721415519714,0.1073448434472084,0.0639034807682037,0.5401915311813354,0.5352685451507568,0.0754763558506965,-0.0635255947709083,0.9414281249046326,0.5761030316352844,0.0820453912019729,-0.0427821949124336,0.914386510848999,hoyeon_stand_normal_01,4.123106,5.385165,8.246211,11.18034,14.317821,15.524175,15.524175,14.56022,14.56022,12.649111,11.401754,10.440307,8.062258,8.0,6.324555,6.403124,7.615773,9.486833,12.041595,15.0,18.0,21.0,23.0,24.020824,23.194827,21.377558,7.211103,8.602325,9.433981,11.661904,12.206556,12.806248,12.806248,12.041595,10.630146,8.485281,7.071068,5.656854,3.605551,3.0,2.828427,4.472136,6.324555,8.246211,10.440307,12.649111,13.928388,14.317821,14.764823,14.422205,12.206556,9.433981,13.464194,13.3772085,13.247305,13.0192025,12.264982,11.9258045,11.388899,11.2294405,10.37338,10.132169,10.183578,10.561553,10.807981,11.661904,12.9314305,13.562548,14.2821705,14.2426885,13.5628935,12.766964,11.8407545,13.8078865,15.409121,16.3949575,16.601956,16.510335,9.6766555,10.9215755,11.9336865,12.9314305,12.514662,12.2857795,10.995323,9.82962,7.788866,8.812541,9.0582145,9.7419285,9.59017,9.3245555,8.8622885,8.2769445,8.071068,8.8738435,9.8462615,10.4243275,11.3978355,10.9210305,11.517726,11.453743,12.104305,12.481431,18.027756,16.03122,13.0,11.045361,9.486833,8.602325,9.219544,11.401754,13.601471,15.0,16.401219,17.691806,19.104973,20.0,21.095023,21.023796,20.248457,18.973666,16.763055,12.649111,9.433981,7.211103,8.0,10.440307,13.416408,16.552945,8.062258,6.324555,5.656854,7.615773,9.219544,11.045361,14.0,16.03122,17.029386,17.117243,17.262677,16.492423,14.56022,13.601471,12.649111,11.401754,10.440307,10.198039,11.0,11.045361,13.152946,15.132746,17.117243,18.248288,19.026298,20.0
hoyeon_stand_normal_01,663,221,22.101207650273224,29.998360745314464,10,0.5506734251976013,0.6833837628364563,-0.2244419306516647,0.9999889731407166,0.5455860495567322,0.6942952275276184,-0.2131839543581009,0.9999660849571228,0.5428142547607422,0.6937944293022156,-0.2131958901882171,0.9999691247940063,0.539897084236145,0.6928890347480774,-0.2132149189710617,0.9999719858169556,0.5531227588653564,0.6948971748352051,-0.212289497256279,0.999954104423523,0.5554647445678711,0.694995641708374,-0.2123050540685653,0.9999523162841796,0.5579010248184204,0.6946457624435425,-0.2123046815395355,0.999950647354126,0.534933865070343,0.683499813079834,-0.1320532858371734,0.9999544024467468,0.5598415732383728,0.6866552233695984,-0.127938911318779,0.999890148639679,0.5452049374580383,0.6693975329399109,-0.1932111531496048,0.9999862313270568,0.5557282567024231,0.6710761189460754,-0.1921020001173019,0.9999763369560242,0.5143388509750366,0.6064705848693848,-0.0691513940691948,0.9999771118164062,0.5795511603355408,0.603790283203125,-0.0578560233116149,0.9999139308929444,0.5053844451904297,0.5052230358123779,-0.0198470689356327,0.987366497516632,0.5849201083183289,0.5047481656074524,-0.0115201799198985,0.9491551518440248,0.5008209943771362,0.4237878620624542,-0.0806612521409988,0.971985399723053,0.5922104716300964,0.4199176728725433,-0.0732788890600204,0.9031863808631896,0.4968914687633514,0.3963798880577087,-0.0998156070709228,0.9413747191429138,0.5962210893630981,0.3915053009986877,-0.0931182727217674,0.8398083448410034,0.5023722052574158,0.3963950276374817,-0.1274725794792175,0.9463037848472596,0.5926727652549744,0.3902995884418487,-0.1219652891159057,0.8503012657165527,0.5052297115325928,0.4050624668598175,-0.0927116572856903,0.93465256690979,0.5897694826126099,0.3994440138339996,-0.0862190201878547,0.8394174575805664,0.5281659960746765,0.4288232624530792,-0.0048775095492601,0.999597668647766,0.5694338083267212,0.4307076930999756,0.0048198103904724,0.999453604221344,0.5261827111244202,0.2719573974609375,-0.0316905044019222,0.965002715587616,0.5732318162918091,0.2782961726188659,-0.0186277236789464,0.9504424333572388,0.5304914712905884,0.1231705024838447,0.0490191429853439,0.9653586149215698,0.5740268230438232,0.1287744492292404,0.0624495185911655,0.9312515258789062,0.5334146618843079,0.1023103222250938,0.0502247065305709,0.5592964291572571,0.5716029405593872,0.1074056252837181,0.0640820637345314,0.5415463447570801,0.5353622436523438,0.0754706040024757,-0.0624558553099632,0.9417683482170104,0.5760953426361084,0.0820189267396926,-0.0425746813416481,0.914980173110962,hoyeon_stand_normal_01,3.162278,4.123106,7.0,11.045361,13.038405,14.0,14.0,14.0,13.038405,12.0,10.0,9.055385,7.28011,6.708204,5.656854,5.385165,7.0,9.219544,12.083046,14.317821,17.888544,20.124612,21.470911,22.847319,22.472205,21.18962,6.708204,8.944272,11.18034,12.529964,12.529964,13.038405,13.038405,12.206556,11.401754,8.602325,7.211103,5.830952,4.472136,3.0,3.605551,4.472136,6.324555,8.246211,10.198039,12.369317,13.601471,14.866069,14.866069,14.317821,12.529964,8.944272,14.317821,14.56022,14.142136,14.035669,13.0,12.041595,11.18034,10.198039,7.615773,6.708204,5.656854,5.385165,5.0,6.708204,9.433981,11.401754,13.453624,16.278821,18.439089,19.849433,20.615528,20.0,19.416488,17.492856,15.652476,12.083046,2.236068,3.162278,5.0,7.615773,10.440307,11.18034,13.038405,13.038405,13.038405,12.165525,10.440307,8.544004,6.708204,4.472136,2.236068,1.0,1.414214,3.605551,6.403124,8.602325,10.630146,12.806248,14.21267,15.0,15.811388,15.811388,17.117243,16.03122,14.142136,11.401754,9.848858,8.602325,9.219544,10.816654,12.529964,13.892444,16.124515,17.204651,18.439089,20.518285,20.615528,20.808652,19.235384,17.888544,15.231546,12.083046,9.433981,6.403124,7.071068,9.433981,12.806248,15.620499,9.486833,7.211103,6.403124,7.28011,9.0,12.041595,13.152946,16.124515,16.124515,17.029386,17.029386,16.0,15.033296,14.142136,13.152946,12.165525,11.045361,11.0,11.0,11.18034,12.369317,14.56022,15.524175,17.464249,18.439089,19.416488
hoyeon_stand_normal_01,666,222,22.201213114754097,29.998360745314464,10,0.5506223440170288,0.6833959817886353,-0.2252284884452819,0.9999889731407166,0.5455513000488281,0.6943063735961914,-0.2140178978443145,0.9999661445617676,0.5427676439285278,0.6938053965568542,-0.2140291184186935,0.9999691247940063,0.5398735404014587,0.6929001808166504,-0.2140489965677261,0.9999719858169556,0.5530914664268494,0.6949044466018677,-0.2131734639406204,0.9999541640281676,0.5554290413856506,0.6950061917304993,-0.2131895720958709,0.9999524354934692,0.5578698515892029,0.6946620345115662,-0.2131893038749694,0.9999508261680604,0.5349347591400146,0.6835168600082397,-0.1327378898859024,0.999954342842102,0.5598301291465759,0.6866673231124878,-0.1289037019014358,0.9998905658721924,0.5451527833938599,0.6694126725196838,-0.1939103305339813,0.9999862313270568,0.5556891560554504,0.6710891723632812,-0.1928768306970596,0.999976396560669,0.5143160223960876,0.6064707636833191,-0.0691843554377555,0.9999771118164062,0.579549252986908,0.6037855744361877,-0.058465901762247,0.9999144077301024,0.5053938031196594,0.5052250027656555,-0.0192231144756078,0.9872506260871888,0.5849191546440125,0.5047271847724915,-0.0118121411651372,0.9493536949157716,0.500836193561554,0.4238097071647644,-0.0801166445016861,0.9717719554901124,0.5922132730484009,0.4199070930480957,-0.0734482556581497,0.9034790992736816,0.4969406723976135,0.3963939547538757,-0.0993430912494659,0.941021203994751,0.5962225794792175,0.3914986550807953,-0.0932296887040138,0.8401755690574646,0.5024042725563049,0.39640873670578,-0.1270650774240493,0.9459856748580932,0.5926753878593445,0.3902924656867981,-0.1220873966813087,0.8506653904914856,0.5052441954612732,0.4050906598567962,-0.0922301635146141,0.9342652559280396,0.589772641658783,0.399442046880722,-0.0863906443119049,0.8397646546363831,0.5281911492347717,0.4287766814231872,-0.0047184657305479,0.9995995759963988,0.5694495439529419,0.4306854903697967,0.0046614604070782,0.9994569420814514,0.5261933207511902,0.2718616425991058,-0.0316736325621604,0.9651395082473756,0.5732377767562866,0.2781715393066406,-0.0190985724329948,0.9506608843803406,0.5305339097976685,0.1230581179261207,0.0490477159619331,0.9656067490577698,0.5740288496017456,0.128674179315567,0.0623714998364448,0.9316951036453248,0.5334674119949341,0.1022148877382278,0.0502278357744216,0.5606023073196411,0.5716031789779663,0.1073900163173675,0.0640202015638351,0.5420835614204407,0.5354441404342651,0.0753418579697609,-0.0626427680253982,0.9422071576118468,0.5760946273803711,0.0819417387247085,-0.0428993292152881,0.9155322313308716,hoyeon_stand_normal_01,27.513633,26.683328,25.179357,21.023796,17.029386,12.041595,8.062258,5.830952,5.385165,7.071068,10.198039,12.165525,14.317821,16.278821,18.248288,19.235384,21.095023,22.022716,22.022716,21.0,19.0,16.03122,12.165525,10.29563,10.816654,13.601471,13.341664,12.649111,11.401754,10.440307,9.055385,8.062258,8.544004,9.433981,10.630146,11.313708,12.727922,13.453624,13.453624,14.21267,13.601471,13.038405,12.529964,11.18034,9.433981,7.211103,5.385165,6.324555,10.0,15.0,19.416488,23.323808,15.0,13.453624,13.453624,12.806248,12.206556,11.18034,9.848858,8.544004,7.28011,5.0,4.123106,3.605551,4.123106,6.0,8.246211,10.440307,13.601471,15.811388,17.720045,18.681542,19.416488,19.416488,18.248288,17.117243,15.033296,12.0,3.0,4.242641,6.324555,9.055385,11.045361,12.369317,13.601471,13.416408,13.038405,13.038405,10.816654,9.219544,7.211103,5.0,3.162278,2.236068,2.236068,4.123106,6.082763,8.246211,10.440307,12.649111,13.601471,14.866069,15.231546,15.652476,16.643317,14.764823,13.038405,10.630146,9.219544,8.944272,9.219544,11.045361,13.038405,14.035669,15.132746,16.492423,18.027756,18.788294,19.235384,19.416488,19.209373,17.029386,14.866069,12.806248,9.433981,7.071068,7.615773,10.630146,13.453624,16.401219,7.81025,6.403124,5.385165,6.082763,7.615773,10.0,12.206556,13.601471,15.264338,15.264338,15.652476,15.231546,13.928388,12.649111,11.401754,10.77033,9.848858,8.944272,9.433981,10.0,11.401754,13.453624,14.866069,16.401219,17.204651,17.204651
hoyeon_stand_normal_01,669,223,22.301218579234973,29.998360745314464,10,0.550584077835083,0.6834805607795715,-0.2235827893018722,0.999988853931427,0.5455259680747986,0.6943462491035461,-0.2122867554426193,0.9999657869338988,0.5427350401878357,0.6938486099243164,-0.2122974097728729,0.9999687671661376,0.5398566722869873,0.6929479837417603,-0.2123182266950607,0.9999716877937316,0.5530650615692139,0.6949330568313599,-0.2116356939077377,0.9999538064002992,0.5553978085517883,0.6950394511222839,-0.2116526067256927,0.9999520778656006,0.5578356981277466,0.694706380367279,-0.2116536647081375,0.9999505877494812,0.5349369645118713,0.6835805177688599,-0.1308831870555877,0.9999536275863647,0.5598114728927612,0.6866924166679382,-0.1278971582651138,0.9998900294303894,0.5451141595840454,0.6695144176483154,-0.1922130584716797,0.9999860525131226,0.5556594133377075,0.6711925268173218,-0.1914305537939071,0.9999762177467346,0.5143131613731384,0.6064740419387817,-0.0667665973305702,0.9999768137931824,0.5795489549636841,0.6037827134132385,-0.0584775544703006,0.9999146461486816,0.5053960084915161,0.5052562952041626,-0.0158677697181701,0.9870650172233582,0.5849136710166931,0.504723846912384,-0.0120042748749256,0.9494770765304564,0.5008420348167419,0.4238636493682861,-0.075724110007286,0.9714574217796326,0.5922212600708008,0.4199007153511047,-0.0733010470867157,0.9035183191299438,0.4969558119773865,0.3964415490627289,-0.0946761816740036,0.9404938220977784,0.5962302684783936,0.3914634585380554,-0.0931274071335792,0.8402377963066101,0.5024203658103943,0.3964642882347107,-0.1223990097641944,0.9455049633979796,0.5926826596260071,0.3902624547481537,-0.1219831407070159,0.850714385509491,0.5052523016929626,0.4051687121391296,-0.0878733396530151,0.9336997866630554,0.5897836685180664,0.3994312882423401,-0.0862405523657798,0.8397911787033081,0.5281952619552612,0.4287489950656891,-0.0042701964266598,0.9996000528335572,0.5694568157196045,0.4306290447711944,0.0042153052054345,0.9994593262672424,0.5261365175247192,0.2718311250209808,-0.031472835689783,0.9652811884880066,0.5732516646385193,0.277584433555603,-0.020019331946969,0.9509588479995728,0.5305282473564148,0.1229265704751014,0.04899138584733,0.9657286405563354,0.5740377902984619,0.1280423998832702,0.0610517114400863,0.9319584965705872,0.5334849953651428,0.1020607501268386,0.0501604788005352,0.5615116357803345,0.5716073513031006,0.1070481836795806,0.0626183524727821,0.5416309237480164,0.5354028940200806,0.0752465426921844,-0.0627297237515449,0.9424158930778505,0.5760576725006104,0.0816732794046402,-0.0447327643632888,0.9157785773277284,hoyeon_stand_normal_01,4.242641,6.082763,8.062258,11.18034,13.152946,15.132746,15.132746,15.033296,14.035669,13.038405,12.041595,10.049876,8.246211,7.615773,6.403124,5.385165,6.0,8.246211,10.77033,13.892444,16.643317,18.867962,21.095023,21.470911,21.931712,20.248457,6.0,8.0,10.0,11.045361,12.041595,12.165525,12.165525,11.401754,9.219544,8.246211,7.071068,5.0,4.123106,2.828427,4.123106,5.0,7.071068,9.055385,11.18034,13.038405,15.033296,16.0,16.03122,15.033296,13.152946,10.049876,13.601471,13.892444,13.416408,13.601471,13.341664,13.038405,13.038405,14.317821,14.56022,15.811388,15.811388,16.763055,16.763055,16.763055,16.492423,15.524175,14.317821,11.401754,8.544004,6.403124,5.09902,8.544004,12.529964,16.124515,19.235384,21.931712,17.492856,17.804494,17.691806,15.811388,14.317821,11.401754,7.0,4.472136,2.236068,4.472136,8.062258,10.0,12.041595,13.341664,14.56022,14.866069,15.231546,14.317821,13.892444,13.416408,12.083046,10.440307,9.055385,8.246211,9.433981,11.313708,17.0761355,15.086678,13.100597,11.302916,8.955558,9.2426405,9.25091,10.848692,12.8422585,14.208204,15.7715795,17.098081999999998,17.7342375,18.900632,19.9003165,19.945879,19.3030085,17.7633055,15.9973005,12.3909055,9.8913325,7.404918,7.7631605,10.172753,13.4715675,15.6677815,8.154234500000001,6.555664,6.4339785,6.6978115,8.5,10.615108,12.7535945,14.80744,15.7057835,16.620879,16.031340999999998,15.5,14.5178345,13.537037,12.041883,11.6109675,10.5476185,10.5,10.050373,11.181782,12.371709,14.0808455,15.526321499999998,17.125238500000002,18.3498165,18.681214
hoyeon_stand_normal_01,672,224,22.40122404371585,29.998360745314464,10,0.550541877746582,0.6835417151451111,-0.2268717437982559,0.9999886751174928,0.5454917550086975,0.6943745017051697,-0.2156629711389541,0.9999653697013856,0.542692244052887,0.6938769221305847,-0.2156733572483062,0.999968409538269,0.5398349165916443,0.6929797530174255,-0.2156974673271179,0.9999713897705078,0.5530319213867188,0.6949574947357178,-0.2151520997285843,0.999953269958496,0.5553604364395142,0.6950721740722656,-0.2151705622673034,0.9999514818191528,0.5577961206436157,0.6947582960128784,-0.2151727378368377,0.9999499917030334,0.5349372029304504,0.683628499507904,-0.1341114789247512,0.9999532103538512,0.5597962141036987,0.6867368817329407,-0.1318342089653015,0.999888837337494,0.5450785160064697,0.669590413570404,-0.195367157459259,0.9999858736991882,0.5556326508522034,0.6712646484375,-0.1947882622480392,0.9999759197235109,0.5143128037452698,0.6064938902854919,-0.0689714848995208,0.9999765753746032,0.5795415043830872,0.6037832498550415,-0.0613542608916759,0.9999139308929444,0.5053961277008057,0.5053502321243286,-0.0165501851588487,0.98703271150589,0.5848970413208008,0.5047153830528259,-0.0142124202102422,0.9491932988166808,0.500843346118927,0.423873096704483,-0.0762161538004875,0.971420407295227,0.5922560095787048,0.4198937714099884,-0.0746068656444549,0.9029290676116944,0.4969649314880371,0.396441102027893,-0.0953657701611518,0.9404115676879884,0.5962486863136292,0.3914451003074646,-0.0942891910672187,0.8394559621810913,0.5024303197860718,0.3964629769325256,-0.1230042353272438,0.945438265800476,0.5927192568778992,0.3902172446250915,-0.1232263371348381,0.8499841094017029,0.5052557587623596,0.4051792323589325,-0.0883277878165245,0.9336590766906738,0.5898357033729553,0.3994010090827942,-0.0875706821680069,0.8390514850616455,0.5281996726989746,0.428850382566452,-0.0041312780231237,0.999598264694214,0.5694621205329895,0.4307319819927215,0.0040767518803477,0.999457597732544,0.5261232852935791,0.2718853056430816,-0.0315865688025951,0.965152621269226,0.5732895135879517,0.2775843441486358,-0.0203916691243648,0.9509252309799194,0.5305284261703491,0.123231366276741,0.0489768050611019,0.9654663801193236,0.5740786194801331,0.1280572861433029,0.0601461641490459,0.9317463040351868,0.5335140824317932,0.1024547666311264,0.050121996551752,0.5606268644332886,0.5716429352760315,0.1070180833339691,0.0616349056363105,0.5403580069541931,0.5353833436965942,0.0752925500273704,-0.0628335997462272,0.9420207142829896,0.5760291218757629,0.0816696733236312,-0.0458826906979084,0.9153513312339784,hoyeon_stand_normal_01,3.605551,6.082763,9.055385,12.165525,14.142136,16.03122,16.03122,16.0,15.0,13.0,12.0,10.049876,9.219544,7.615773,6.403124,6.708204,7.071068,9.055385,12.369317,14.866069,18.384776,20.615528,22.472205,23.4094,23.769729,21.587033,7.28011,9.219544,10.198039,12.369317,12.369317,12.649111,13.0,12.083046,10.77033,8.944272,7.615773,5.385165,4.123106,2.236068,3.162278,5.0,7.0,9.055385,11.0,13.0,14.035669,16.124515,15.132746,14.317821,13.341664,9.219544,13.928388,13.416408,13.601471,12.727922,12.727922,11.401754,10.0,8.944272,7.615773,6.082763,4.123106,5.0,5.830952,7.28011,9.055385,12.041595,15.0,17.029386,19.026298,20.099751,21.095023,21.213203,20.223748,18.439089,16.492423,12.649111,2.236068,4.123106,7.0,9.219544,11.7047,13.416408,14.422205,15.0,14.142136,13.453624,12.041595,10.0,7.81025,6.403124,3.605551,2.236068,1.414214,4.0,6.0,8.0,11.045361,12.041595,14.035669,15.132746,15.132746,15.297059,17.117243,15.132746,13.152946,11.401754,8.944272,9.219544,10.0,10.816654,13.038405,14.422205,15.811388,17.691806,18.384776,19.209373,20.248457,19.235384,19.697716,17.088007,15.811388,13.0,9.433981,7.211103,8.062258,11.401754,13.928388,16.155494,8.544004,6.403124,5.0,6.082763,8.062258,10.198039,12.369317,14.56022,15.297059,16.278821,16.124515,15.033296,14.0,13.038405,12.041595,11.045361,10.0,10.049876,10.049876,10.198039,12.369317,13.601471,15.811388,16.763055,18.439089,18.248288
hoyeon_stand_normal_01,675,225,22.50122950819672,29.998360745314464,10,0.5504845976829529,0.6836252808570862,-0.2236981987953186,0.9999884963035583,0.5454458594322205,0.6944076418876648,-0.2122530043125152,0.9999647736549376,0.5426433682441711,0.6939058303833008,-0.2122653424739837,0.999967873096466,0.539811909198761,0.6930098533630371,-0.2122893184423446,0.9999709725379944,0.552981436252594,0.6950031518936157,-0.2118507325649261,0.9999525547027588,0.5553072690963745,0.6951329708099365,-0.2118676155805587,0.9999507665634156,0.5577383637428284,0.6948525309562683,-0.2118695676326751,0.9999493360519408,0.5349372625350952,0.683660089969635,-0.1306126117706298,0.9999523758888244,0.559781014919281,0.6868208050727844,-0.1287571042776107,0.9998873472213744,0.5450395345687866,0.6696736812591553,-0.1922574788331985,0.9999856352806092,0.5555991530418396,0.6713594198226929,-0.1917979568243026,0.999975562095642,0.5143134593963623,0.6065047979354858,-0.0668631047010421,0.9999763369560242,0.5795416235923767,0.6037785410881042,-0.0596563443541526,0.999912977218628,0.5054039359092712,0.5054574608802795,-0.0159822981804609,0.9868648648262024,0.5848976373672485,0.504707932472229,-0.013598776422441,0.9490185976028442,0.5008441805839539,0.4239023625850677,-0.076030321419239,0.9711908102035522,0.5922591686248779,0.419880211353302,-0.0739403069019317,0.9023717045783995,0.4969682395458221,0.3964472413063049,-0.0951088517904281,0.9400581121444702,0.5962550640106201,0.3914298713207245,-0.0937133729457855,0.8387337923049927,0.5024328231811523,0.3964688777923584,-0.1228084787726402,0.9451173543930054,0.59272700548172,0.3901898264884949,-0.1226042360067367,0.849312961101532,0.505257248878479,0.4051920771598816,-0.0881814956665039,0.933286190032959,0.5898429751396179,0.3993805646896362,-0.0869128629565239,0.8383786678314209,0.5281993746757507,0.4288419485092163,-0.004022741690278,0.9995967745780944,0.5694648027420044,0.430696427822113,0.0039699734188616,0.9994561672210692,0.5261109471321106,0.2717026472091675,-0.0315760485827922,0.965325891971588,0.5732914209365845,0.2772069871425628,-0.0209185387939214,0.951126217842102,0.5304448008537292,0.1232951134443283,0.048939611762762,0.9655128717422484,0.5740911364555359,0.1280587762594223,0.0595926418900489,0.9318620562553406,0.5334543585777283,0.1024874374270439,0.050073929131031,0.5605120062828064,0.5716526508331299,0.1069815754890441,0.0610818639397621,0.5393593907356262,0.5352553129196167,0.075288750231266,-0.0629148185253143,0.9420580863952636,0.5760056972503662,0.0816429853439331,-0.0464691296219825,0.9153461456298828,hoyeon_stand_normal_01,26.07681,25.495098,23.4094,19.646883,15.297059,11.401754,6.708204,4.472136,6.082763,8.544004,11.18034,13.416408,15.652476,16.552945,19.697716,20.615528,21.540659,22.135944,21.84033,20.880613,19.646883,15.811388,13.416408,11.313708,11.7047,14.142136,12.041595,12.165525,11.18034,9.219544,7.0,6.082763,7.211103,7.071068,8.602325,10.816654,10.816654,12.206556,12.806248,12.041595,12.041595,11.313708,10.630146,9.219544,7.81025,5.656854,3.0,5.656854,10.0,14.422205,19.209373,22.627417,16.763055,17.464249,17.262677,16.03122,16.03122,15.297059,16.155494,16.552945,18.027756,18.601075,19.416488,20.248457,20.248457,20.248457,20.248457,18.35756,17.0,14.764823,10.816654,6.403124,5.0,7.81025,12.806248,17.804494,21.400935,24.083189,18.681542,19.697716,18.867962,17.691806,15.0,11.18034,7.071068,3.605551,4.123106,7.071068,10.29563,12.649111,14.317821,16.124515,17.029386,18.0,18.027756,18.027756,17.117243,16.03122,14.0,13.152946,12.083046,11.401754,12.806248,14.764823,15.811388,13.601471,12.206556,9.899495,8.062258,8.246211,9.0,11.045361,12.041595,13.0,15.0,16.124515,17.262677,18.681542,19.313208,19.235384,18.35756,17.204651,14.422205,10.816654,8.544004,6.082763,7.071068,10.29563,13.0,15.231546,8.602325,6.403124,5.385165,6.082763,7.615773,9.433981,12.206556,13.601471,14.422205,16.124515,15.652476,14.317821,13.928388,12.649111,11.7047,10.440307,9.486833,8.944272,9.433981,10.630146,11.313708,12.727922,14.866069,16.278821,17.029386,17.204651
hoyeon_stand_normal_01,678,226,22.601234972677595,29.998360745314464,10,0.5504560470581055,0.6836603879928589,-0.2187042981386184,0.9999882578849792,0.5454291701316833,0.6944224834442139,-0.2072080820798874,0.9999639987945556,0.5426244735717773,0.6939235329627991,-0.2072212398052215,0.9999672174453736,0.5398028492927551,0.6930319666862488,-0.2072450816631317,0.9999703764915466,0.552962064743042,0.6950158476829529,-0.2067431509494781,0.9999515414237976,0.5552853345870972,0.6951498985290527,-0.2067588716745376,0.9999497532844543,0.5577142834663391,0.6948778033256531,-0.2067604064941406,0.9999484419822692,0.5349380970001221,0.6836807727813721,-0.1257939934730529,0.9999512434005736,0.5597729086875916,0.6868452429771423,-0.1235794201493263,0.9998852610588074,0.5450138449668884,0.6697273254394531,-0.1873833239078521,0.9999853372573853,0.5555741190910339,0.6713974475860596,-0.1868258118629455,0.999975085258484,0.5143152475357056,0.6065187454223633,-0.0631477832794189,0.9999761581420898,0.5795413255691528,0.6037748456001282,-0.0555685982108116,0.9999122023582458,0.505416750907898,0.5055928826332092,-0.0137400878593325,0.986652970314026,0.5848975777626038,0.5047292113304138,-0.0104848248884081,0.948712170124054,0.5008437037467957,0.4239788055419922,-0.0743279904127121,0.9708555936813354,0.5922600030899048,0.4199138581752777,-0.0710408613085746,0.9016826152801514,0.4969678819179535,0.3964988887310028,-0.0935470536351203,0.9395368099212646,0.5962573289871216,0.3914514183998108,-0.0909937098622322,0.8379052877426147,0.5024347305297852,0.3965012431144714,-0.121166743338108,0.944636344909668,0.5927303433418274,0.3902111649513244,-0.119999274611473,0.8485366106033325,0.5052586793899536,0.4052286148071289,-0.086505226790905,0.9327036142349244,0.5898460149765015,0.3994026482105255,-0.0841137245297432,0.837614893913269,0.5281946063041687,0.4288103878498077,-0.0040104892104864,0.9995967149734496,0.5694667100906372,0.4306612312793731,0.0039586904458701,0.9994563460350036,0.5261113047599792,0.2715152204036712,-0.0315085090696811,0.9655510783195496,0.573307454586029,0.2768923342227936,-0.0209476836025714,0.9513752460479736,0.5304086804389954,0.1232884973287582,0.0487549230456352,0.9656673669815063,0.5741363763809204,0.1279361397027969,0.059494137763977,0.932046353816986,0.5334101915359497,0.1024733707308769,0.0498287789523601,0.5604698657989502,0.5716800093650818,0.106928713619709,0.0609737634658813,0.5386670827865601,0.5351134538650513,0.0751908719539642,-0.0633767023682594,0.942249834537506,0.5760141015052795,0.0816358551383018,-0.0465487241744995,0.9154874682426452,hoyeon_stand_normal_01,4.123106,5.385165,9.055385,12.041595,14.142136,16.124515,16.124515,15.297059,15.297059,13.152946,12.165525,10.049876,9.0,7.28011,6.403124,6.403124,8.246211,10.0,14.142136,16.492423,19.646883,22.803509,25.70992,26.305893,26.172505,24.083189,7.615773,10.77033,13.0,14.317821,15.652476,15.264338,15.264338,13.601471,12.206556,10.816654,8.602325,6.708204,5.385165,4.0,3.605551,5.830952,7.615773,9.486833,11.7047,14.56022,16.155494,17.464249,17.464249,16.124515,14.422205,10.816654,17.088007,17.464249,17.0,16.643317,15.620499,15.620499,16.124515,16.552945,17.088007,18.973666,18.973666,19.924859,20.248457,20.248457,19.313208,18.384776,17.464249,14.317821,10.440307,7.0,5.656854,9.219544,14.142136,19.104973,23.194827,26.476405,20.248457,21.540659,21.587033,19.104973,17.029386,13.341664,8.944272,3.605551,2.828427,6.082763,9.848858,13.038405,14.21267,16.278821,17.029386,17.804494,18.027756,18.027756,17.492856,16.643317,15.0,12.727922,10.816654,11.7047,12.0,14.142136,16.03122,14.0,11.045361,10.198039,8.062258,7.81025,8.602325,10.29563,11.661904,13.038405,15.0,16.401219,16.970563,18.439089,18.867962,19.235384,18.384776,17.088007,14.866069,11.7047,8.062258,5.385165,7.28011,10.29563,13.038405,15.811388,9.055385,7.28011,6.403124,6.708204,8.062258,10.0,13.038405,14.035669,15.0,15.0,16.03122,15.132746,14.142136,13.152946,11.401754,11.401754,10.198039,10.049876,10.0,10.049876,11.18034,13.152946,14.317821,16.278821,17.262677,18.027756
hoyeon_stand_normal_01,681,227,22.701240437158468,29.998360745314464,10,0.5504217743873596,0.6836666464805603,-0.2189293503761291,0.9999879598617554,0.5454113483428955,0.6944277882575989,-0.2075043320655822,0.9999629855155944,0.5426029562950134,0.6939293146133423,-0.2075162082910537,0.999966323375702,0.5397904515266418,0.6930375695228577,-0.2075397372245788,0.9999695420265198,0.5529471635818481,0.6950199007987976,-0.2070626318454742,0.999950349330902,0.5552680492401123,0.6951538920402527,-0.2070797085762024,0.9999486207962036,0.5576997995376587,0.6948813796043396,-0.2070824205875396,0.9999473690986632,0.5349359512329102,0.6836887001991272,-0.1260910183191299,0.9999497532844543,0.5597705245018005,0.6868482828140259,-0.1239673420786857,0.9998831152915956,0.5449729561805725,0.669741153717041,-0.1875689476728439,0.9999849200248718,0.5555465817451477,0.671402633190155,-0.1870398968458175,0.999974489212036,0.5143060088157654,0.6065232157707214,-0.0627755969762802,0.9999757409095764,0.5795409083366394,0.6037747859954834,-0.0559800118207931,0.9999120235443116,0.5054272413253784,0.5056909918785095,-0.0124390674754977,0.9863412380218506,0.5848993062973022,0.5047363638877869,-0.0107149826362729,0.9488509893417358,0.500845193862915,0.4241668283939361,-0.0724350214004516,0.970217227935791,0.5922620892524719,0.419914573431015,-0.0710085332393646,0.9014302492141724,0.4969899952411651,0.3966537415981293,-0.0913779437541961,0.9384759664535522,0.5962592363357544,0.3914636969566345,-0.0908866375684738,0.8374720811843872,0.5024383068084717,0.3966150879859924,-0.1189973130822181,0.9436679482460022,0.5927332639694214,0.3902289867401123,-0.119858294725418,0.8481314182281494,0.5052605867385864,0.405344009399414,-0.08462655544281,0.9315956830978394,0.5898491144180298,0.3994140028953552,-0.0840461924672126,0.8372297883033752,0.5281907320022583,0.4288106262683868,-0.0038615888915956,0.9995945692062378,0.5694687962532043,0.4306589066982269,0.0038115365896373,0.999455451965332,0.5261303186416626,0.271757036447525,-0.031797420233488,0.96541428565979,0.5733093619346619,0.2769338488578796,-0.021681573241949,0.9510896801948548,0.5304104685783386,0.1235527470707893,0.0486498586833477,0.9653707146644592,0.5741678476333618,0.1281415373086929,0.0591090209782123,0.9314500689506532,0.5334112048149109,0.1029374897480011,0.0497582927346229,0.5585471987724304,0.5717350840568542,0.1070915460586547,0.060627557337284,0.5360501408576965,0.5351112484931946,0.0752125233411789,-0.0634415224194526,0.9418022036552428,0.5760295391082764,0.0816321894526481,-0.0469787567853927,0.9147980213165284,hoyeon_stand_normal_01,15.5862525,16.0413815,16.072723500000002,15.898916,14.4329195,13.26725,11.101907,9.132621,9.0793875,10.0547365,10.266097,10.9513695,11.4032155,11.6003135,11.9336865,12.4008265,13.198039,15.3034455,15.9917665,16.9960975,17.3770435,17.082510499999998,16.3998615,15.587021,15.478872,16.3680605,9.842117,10.5503315,10.830952,10.647815,10.32196,9.626349,9.7228175,9.59017,9.219544,9.8239825,9.22604,9.170832,8.251971,8.485281500000001,9.132621,9.5192025,9.535534,10.109772,10.09017,9.576473,9.3194235,10.01561,12.472136,14.224852,15.7115905,16.5683345,13.601471,13.453624,13.453624,13.038405,12.529964,11.18034,9.486833,8.246211,7.071068,6.082763,4.472136,4.242641,5.09902,7.0,9.055385,11.401754,14.56022,16.492423,18.681542,20.615528,21.377558,21.377558,20.223748,19.026298,16.03122,13.0,2.0,3.605551,6.082763,9.0,11.18034,13.601471,13.928388,14.764823,13.892444,12.806248,12.041595,9.899495,7.81025,5.656854,3.605551,2.236068,1.0,3.162278,6.082763,8.246211,10.440307,11.7047,13.601471,14.866069,14.866069,14.317821,17.492856,15.811388,13.601471,11.313708,10.0,9.848858,10.198039,12.041595,14.035669,15.033296,17.117243,18.439089,19.646883,20.248457,21.470911,21.095023,20.808652,18.439089,16.278821,12.806248,9.433981,7.071068,8.062258,10.630146,13.601471,16.643317,9.219544,6.708204,7.071068,7.28011,9.433981,12.206556,14.21267,15.620499,17.204651,18.027756,16.124515,16.124515,15.652476,14.317821,13.0,12.083046,11.18034,10.29563,11.401754,12.041595,13.453624,14.866069,16.278821,18.384776,18.439089,19.209373
hoyeon_stand_normal_01,684,228,22.801245901639344,29.998360745314464,10,0.5504122972488403,0.6836730241775513,-0.2199442535638809,0.999987781047821,0.5454081892967224,0.6944327354431152,-0.2085835635662078,0.9999623894691468,0.5425993204116821,0.6939335465431213,-0.2085950970649719,0.9999657273292542,0.5397886037826538,0.6930441856384277,-0.2086182683706283,0.9999690055847168,0.552943229675293,0.6950230598449707,-0.2080817967653274,0.9999497532844543,0.5552616715431213,0.6951573491096497,-0.2080989629030227,0.999948024749756,0.5576936602592468,0.694884717464447,-0.208101287484169,0.9999468922615052,0.5349372029304504,0.6836967468261719,-0.1272263377904892,0.999948799610138,0.5597681403160095,0.6868510246276855,-0.1248416602611541,0.9998821020126344,0.5449631810188293,0.6697639226913452,-0.1886034160852432,0.9999846816062928,0.5555356740951538,0.6714123487472534,-0.1880024969577789,0.9999741315841676,0.5143054127693176,0.6065271496772766,-0.063672550022602,0.999975323677063,0.5795404314994812,0.6037855744361877,-0.0562414415180683,0.9999120831489564,0.5054333209991455,0.5057252049446106,-0.0130182392895221,0.9861606359481812,0.5849000215530396,0.5047502517700195,-0.0112907914444804,0.948991358280182,0.5008460283279419,0.4242172241210937,-0.0732526630163192,0.9698156118392944,0.5922834873199463,0.4199208617210388,-0.0712074488401413,0.9015053510665894,0.4969924986362457,0.3967128396034241,-0.0922235324978828,0.9378002285957336,0.5963014364242554,0.3914649486541748,-0.0910412520170211,0.837533175945282,0.5024402737617493,0.3966370522975921,-0.1198965609073638,0.943044126033783,0.5927493572235107,0.3902341425418854,-0.1199031695723533,0.8481848239898682,0.5052618980407715,0.4053665995597839,-0.0854383707046508,0.9308931231498718,0.5898635387420654,0.3994249105453491,-0.0841742232441902,0.8372809886932373,0.528191864490509,0.4288916885852813,-0.0038627507165074,0.999591588973999,0.569469690322876,0.4306703805923462,0.0038126711733639,0.9994542598724364,0.5261827707290649,0.271796852350235,-0.0317947827279567,0.965351939201355,0.5733101963996887,0.2769387364387512,-0.0216319970786571,0.9510568976402284,0.5303928256034851,0.1237018331885337,0.0475357845425605,0.9652052521705629,0.574186384677887,0.1281434893608093,0.058277852833271,0.9311970472335817,0.5333926677703857,0.1030779927968978,0.0484891161322593,0.5571588277816772,0.5717499852180481,0.1070143431425094,0.0596676208078861,0.534774661064148,0.5351253747940063,0.0752155929803848,-0.0643664896488189,0.9415390491485596,0.5760263800621033,0.0816291198134422,-0.0475439876317977,0.914369821548462,hoyeon_stand_normal_01,24.041631,22.803509,21.095023,17.888544,13.928388,9.848858,5.830952,3.162278,4.472136,7.071068,9.219544,12.041595,13.453624,15.556349,16.970563,17.691806,18.439089,19.209373,19.209373,18.601075,16.401219,13.453624,11.401754,9.486833,10.049876,13.928388,12.041595,12.041595,10.049876,9.055385,7.0,6.324555,6.403124,7.211103,8.944272,10.29563,11.18034,11.661904,12.206556,12.206556,11.401754,10.630146,9.899495,8.485281,7.81025,5.0,3.0,4.472136,8.544004,13.0,17.888544,21.095023,14.142136,14.035669,14.0,13.152946,12.649111,12.529964,13.601471,13.453624,14.866069,15.620499,16.401219,17.804494,17.804494,18.439089,18.439089,16.278821,14.866069,12.727922,10.0,6.708204,5.09902,7.211103,11.7047,15.811388,18.973666,21.540659,17.088007,18.35756,17.804494,16.970563,14.422205,11.18034,7.071068,4.123106,3.0,5.0,8.062258,10.77033,12.369317,13.152946,14.035669,15.0,15.033296,15.033296,14.142136,13.038405,12.0,10.049876,9.486833,9.219544,9.433981,11.7047,16.492423,14.317821,12.369317,10.440307,8.602325,7.81025,8.944272,10.77033,12.083046,13.416408,14.764823,16.124515,17.204651,19.104973,19.849433,20.0,18.867962,17.0,15.652476,12.529964,8.602325,6.708204,7.28011,10.29563,13.601471,16.401219,8.944272,7.211103,6.403124,6.082763,8.062258,10.440307,12.649111,13.601471,15.524175,15.524175,15.297059,15.132746,14.142136,13.038405,12.0,11.0,10.0,10.049876,10.198039,10.440307,11.7047,13.416408,15.231546,16.155494,17.088007,17.720045
hoyeon_stand_normal_01,687,229,22.901251366120217,29.998360745314464,10,0.5503984093666077,0.683678388595581,-0.2205511778593063,0.9999876618385316,0.5454027652740479,0.6944364309310913,-0.2092200666666031,0.9999619722366332,0.5425925850868225,0.6939391493797302,-0.2092314213514328,0.9999653100967408,0.5397855639457703,0.6930506825447083,-0.2092544138431549,0.999968647956848,0.5529382824897766,0.6950221061706543,-0.2086801677942276,0.999949276447296,0.5552549958229065,0.6951577663421631,-0.2086972892284393,0.9999475479125975,0.5576887130737305,0.6948857307434082,-0.2086993604898452,0.9999464750289916,0.534938633441925,0.6837034225463867,-0.1278963834047317,0.9999482035636902,0.5597656965255737,0.6868510246276855,-0.1251350790262222,0.9998814463615416,0.5449507832527161,0.6697709560394287,-0.1892105191946029,0.9999845027923584,0.5555232763290405,0.6714177131652832,-0.1885657608509063,0.9999738335609436,0.5143128633499146,0.6065300107002258,-0.0642914474010467,0.9999752640724182,0.57954341173172,0.6038049459457397,-0.0563066117465496,0.999912440776825,0.505450427532196,0.5058584809303284,-0.0133480988442897,0.9860047698020936,0.5849002599716187,0.5047581791877747,-0.0115441512316465,0.9489773511886596,0.5008426904678345,0.4244128465652466,-0.072971723973751,0.9696208238601683,0.5922983288764954,0.4199236929416656,-0.0713604614138603,0.9013366103172302,0.4969931542873382,0.3968607187271118,-0.091777853667736,0.9375220537185668,0.5963191390037537,0.3914671540260315,-0.0912055075168609,0.8373072743415833,0.502440333366394,0.3967423141002655,-0.1195511892437934,0.9428022503852844,0.592755913734436,0.3902348577976227,-0.1200698167085647,0.8479690551757812,0.5052626729011536,0.405472069978714,-0.0851735919713974,0.9306058883666992,0.5898725390434265,0.3994295299053192,-0.084329217672348,0.8370625376701355,0.5281727910041809,0.429092526435852,-0.0038025372195988,0.9995920658111572,0.569464921951294,0.4307627975940704,0.0037528437096625,0.9994560480117798,0.5261837244033813,0.271831601858139,-0.0317824929952621,0.9653748869895936,0.5733118057250977,0.2770033180713653,-0.0216270461678504,0.9510027170181274,0.5303898453712463,0.1238333955407142,0.0472335405647754,0.9652006030082704,0.574188768863678,0.1281318515539169,0.0579995065927505,0.9311061501502992,0.533392608165741,0.1033016368746757,0.0481382720172405,0.5566157102584839,0.5717645883560181,0.1070135906338691,0.0593571402132511,0.5338613986968994,0.5351296663284302,0.0752194821834564,-0.0647272318601608,0.9415413737297058,0.5760121941566467,0.0815867409110069,-0.0477608777582645,0.9142658114433287,hoyeon_stand_normal_01,24.839485,24.758837,22.203603,19.416488,15.264338,10.816654,7.81025,4.472136,4.123106,6.403124,9.219544,10.630146,12.806248,14.21267,17.029386,17.691806,19.104973,19.79899,19.104973,18.439089,16.278821,14.142136,10.816654,8.246211,8.246211,11.661904,11.045361,10.198039,9.219544,8.062258,6.082763,5.385165,5.656854,7.211103,8.944272,10.29563,11.18034,12.083046,11.661904,11.661904,11.661904,12.206556,10.0,9.219544,7.211103,5.385165,4.123106,5.0,9.848858,13.928388,17.888544,21.095023,14.57891,14.9274215,14.308818,14.3454405,13.4745575,12.951538,12.7434165,12.185363,12.1313385,11.7690545,11.944312,12.110539500000002,12.747549,13.733573,14.8552905,15.404836500000002,15.717532,15.8031925,15.439028,13.661866,13.2873925,15.339973999999998,16.959509,18.087199,19.2234605,19.324022,10.4185715,11.85376,13.156604,13.733916,13.700877,12.7909665,11.4135405,10.0,8.9091105,9.5262385,10.5207975,10.700877,10.7058605,10.817335,9.476471,9.0287655,9.2006095,9.7817485,10.851631,11.2294405,11.739356,11.5698235,11.899755,12.3791295,13.657296,13.959646,12.529964,14.317821,15.231546,14.764823,15.652476,14.764823,13.601471,12.206556,10.630146,9.219544,7.81025,5.830952,4.123106,4.123106,5.830952,8.485281,10.630146,14.21267,17.029386,19.104973,21.213203,21.931712,21.260292,19.209373,17.804494,15.0,12.041595,14.866069,15.0,16.401219,15.811388,15.0,13.038405,10.816654,9.219544,7.071068,5.830952,5.09902,6.0,6.082763,6.324555,7.615773,8.544004,9.486833,9.486833,10.440307,10.440307,10.440307,9.486833,9.433981,10.0,10.630146
hoyeon_stand_normal_01,690,230,23.001256830601093,29.998360745314464,10,0.550378143787384,0.6836832165718079,-0.2202042490243911,0.9999874234199524,0.545383632183075,0.6944401264190674,-0.2088899165391922,0.9999613165855408,0.5425653457641602,0.6939439177513123,-0.2089008837938308,0.9999646544456482,0.5397690534591675,0.6930561065673828,-0.2089238613843917,0.9999681115150452,0.5529269576072693,0.6950240135192871,-0.2084007859230041,0.999948501586914,0.5552412271499634,0.6951598525047302,-0.2084177881479263,0.9999468326568604,0.5576759576797485,0.6948879361152649,-0.20842045545578,0.999945878982544,0.5349320769309998,0.6837095618247986,-0.1276015639305114,0.999947190284729,0.5597637295722961,0.6868528723716736,-0.1251645982265472,0.9998802542686462,0.5449217557907104,0.669777512550354,-0.1888493001461029,0.9999842643737792,0.5555055141448975,0.6714232563972473,-0.1882720440626144,0.9999735355377196,0.5143129229545593,0.6065436005592346,-0.0638293102383613,0.9999750256538392,0.579542875289917,0.6038110852241516,-0.0565259978175163,0.999912679195404,0.5054705142974854,0.5059033632278442,-0.0126520209014415,0.9857645630836488,0.5848978757858276,0.5047577023506165,-0.0116363018751144,0.9490213990211488,0.5008447170257568,0.4244577586650848,-0.0718690603971481,0.9691982269287108,0.5923159718513489,0.4199280142784118,-0.0715134143829345,0.9013457298278807,0.4969952702522278,0.3969266414642334,-0.0906783565878868,0.9368648529052734,0.5963281393051147,0.391482263803482,-0.091338463127613,0.837368369102478,0.5024416446685791,0.3967775404453277,-0.1183611080050468,0.9421972036361694,0.5927585959434509,0.3902623653411865,-0.1202156022191047,0.8480057120323181,0.5052636861801147,0.405500054359436,-0.0840527042746543,0.9299110770225524,0.5898749828338623,0.3994587957859039,-0.0844830423593521,0.8370774984359741,0.5281734466552734,0.4290980994701385,-0.0037624696269631,0.9995926022529602,0.5694665312767029,0.4307714402675628,0.0037134219892323,0.9994576573371888,0.5262035131454468,0.2718067467212677,-0.0317785218358039,0.9655188918113708,0.5733519196510315,0.2770462930202484,-0.0216011088341474,0.9511721134185792,0.5304005146026611,0.1238730996847152,0.0472339503467083,0.9653071761131288,0.5742000937461853,0.1281400322914123,0.0580423474311828,0.931226372718811,0.533401370048523,0.1034775227308273,0.0481406301259994,0.5569185614585876,0.5717992186546326,0.1070167496800422,0.0594001375138759,0.5336171984672546,0.5351600646972656,0.0751880854368209,-0.0647320002317428,0.9417044520378112,0.5759801268577576,0.081345722079277,-0.0477258302271366,0.9144295454025269,hoyeon_stand_normal_01,4.0,5.0,8.544004,11.7047,13.928388,15.231546,15.652476,14.764823,14.764823,13.416408,11.18034,9.848858,8.246211,7.071068,6.082763,6.403124,7.211103,9.486833,12.165525,15.033296,18.027756,21.023796,23.021729,23.086793,23.194827,21.377558,7.81025,9.219544,11.401754,12.206556,13.601471,13.038405,12.529964,12.083046,10.29563,8.944272,6.708204,5.830952,4.242641,3.162278,3.162278,4.242641,6.403124,8.602325,10.816654,12.206556,14.21267,14.866069,15.556349,14.866069,12.806248,9.219544,14.422205,13.416408,12.649111,12.369317,12.165525,11.0,10.049876,9.055385,7.28011,5.830952,4.242641,4.123106,5.09902,6.708204,10.0,12.041595,14.866069,17.029386,19.104973,21.260292,22.022716,21.400935,20.808652,18.867962,17.492856,13.416408,3.0,4.242641,6.324555,9.055385,12.0,14.142136,14.317821,14.866069,15.231546,13.416408,11.661904,10.0,7.81025,5.0,3.605551,1.0,1.0,3.605551,5.830952,8.602325,10.0,12.206556,13.601471,15.0,15.620499,14.142136,16.278821,14.866069,12.806248,10.0,8.544004,8.062258,9.055385,10.198039,12.369317,13.601471,15.297059,17.117243,18.027756,19.026298,19.235384,19.646883,18.973666,17.464249,15.231546,12.083046,8.246211,7.28011,7.81025,10.440307,13.341664,15.297059,7.81025,6.708204,5.09902,6.324555,7.81025,9.899495,12.806248,14.21267,14.866069,16.278821,15.556349,15.620499,14.21267,13.038405,12.206556,10.29563,10.0,9.219544,9.219544,10.0,11.661904,13.038405,14.422205,16.643317,18.027756,17.804494
hoyeon_stand_normal_01,693,231,23.10126229508197,29.998360745314464,10,0.5503013730049133,0.6836716532707214,-0.2204552739858627,0.9999874830245972,0.5453102588653564,0.6944345831871033,-0.2091168463230133,0.9999616146087646,0.542471706867218,0.6939283609390259,-0.2091274112462997,0.9999648928642272,0.5397146940231323,0.6930355429649353,-0.2091502100229263,0.9999682903289796,0.5528802275657654,0.6950247287750244,-0.2088138312101364,0.9999489188194276,0.5551987290382385,0.6951618790626526,-0.2088305652141571,0.9999473094940186,0.5576426386833191,0.6948925852775574,-0.2088320255279541,0.999946355819702,0.5349127054214478,0.6836936473846436,-0.1277817189693451,0.9999473690986632,0.559761643409729,0.6868711113929749,-0.1259768605232238,0.9998816847801208,0.5448629260063171,0.6697624921798706,-0.1889076977968216,0.999984323978424,0.5554789900779724,0.6714222431182861,-0.1885861456394195,0.9999737739562988,0.5143125057220459,0.6065567135810852,-0.0641747266054153,0.9999752640724182,0.5795456171035767,0.603827714920044,-0.0570775680243968,0.9999136924743652,0.5054834485054016,0.5060192346572876,-0.0130505664274096,0.985692262649536,0.5849130153656006,0.5047738552093506,-0.0124278692528605,0.9492842555046082,0.5008339285850525,0.4245507419109344,-0.0720727369189262,0.9692565202713012,0.5923763513565063,0.4199260473251343,-0.0726047083735466,0.9020533561706544,0.4969969391822815,0.3970228135585785,-0.0907182618975639,0.9370286464691162,0.5963889956474304,0.3914786577224731,-0.0925197973847389,0.8383883833885193,0.5024436116218567,0.3968873620033264,-0.1184120252728462,0.9423621296882628,0.5927711129188538,0.3902629017829895,-0.1214066222310066,0.8489819169044495,0.5052645802497864,0.4055796563625335,-0.0842233821749687,0.9300945401191713,0.5898841023445129,0.3994607329368591,-0.0855493023991584,0.8380304574966431,0.5281737446784973,0.4291685223579407,-0.0036812529433518,0.9995970129966736,0.569466233253479,0.4308288991451263,0.0036316611804068,0.9994625449180604,0.5262987017631531,0.2718066871166229,-0.0317158550024032,0.9656108021736144,0.5733538866043091,0.2770801186561584,-0.0215854924172163,0.9512251019477844,0.5304535031318665,0.1236285716295242,0.0471415519714355,0.9655417203903198,0.5742027759552002,0.1281322836875915,0.0580742992460727,0.9314962029457092,0.5334195494651794,0.1033339127898216,0.0480227209627628,0.5584568381309509,0.5718028545379639,0.1070073992013931,0.0594428963959217,0.5340572595596313,0.5351770520210266,0.0750949904322624,-0.0648134425282478,0.9420931339263916,0.5759791731834412,0.0813119634985923,-0.0476747266948223,0.9148305654525756,hoyeon_stand_normal_01,4.0,5.0,8.544004,11.401754,13.601471,14.866069,14.866069,14.866069,13.928388,12.649111,10.77033,9.486833,7.28011,6.0,5.385165,4.242641,6.082763,8.0,11.18034,13.601471,16.763055,20.248457,22.135944,22.803509,22.561028,20.396078,7.81025,9.219544,10.630146,12.727922,13.453624,14.21267,13.601471,12.206556,10.816654,8.602325,6.403124,5.0,4.123106,3.0,4.242641,6.403124,8.062258,10.29563,11.661904,13.892444,15.264338,17.204651,16.401219,15.620499,13.453624,10.630146,14.142136,14.866069,14.21267,13.892444,13.416408,13.601471,14.142136,15.0,16.0,16.03122,17.029386,18.027756,18.027756,18.027756,17.0,16.0,14.0,12.0,9.055385,6.708204,5.385165,8.062258,11.401754,15.811388,18.973666,21.587033,15.811388,17.0,16.763055,16.278821,13.0,10.198039,6.708204,4.472136,3.605551,5.09902,8.0,10.198039,11.7047,13.416408,13.892444,14.21267,14.21267,14.21267,13.453624,12.806248,11.401754,9.848858,9.219544,9.055385,10.77033,11.661904,12.727922,14.21267,15.620499,15.620499,15.620499,14.866069,13.453624,12.041595,11.401754,9.433981,7.211103,5.0,4.472136,4.0,5.385165,8.062258,10.816654,14.21267,17.204651,19.416488,21.095023,21.954498,20.59126,20.124612,17.888544,15.231546,12.529964,14.317821,15.231546,16.552945,16.155494,14.866069,13.0,11.7047,8.944272,8.062258,6.403124,5.830952,5.09902,6.0,7.0,7.0,8.062258,9.055385,10.049876,10.049876,10.049876,10.049876,10.049876,10.440307,9.848858,10.816654
hoyeon_stand_normal_01,696,232,23.20126775956284,29.998360745314464,10,0.5502784848213196,0.6836657524108887,-0.2223977446556091,0.9999876618385316,0.5452800393104553,0.6944301128387451,-0.2111978679895401,0.9999621510505676,0.5424327254295349,0.6939131021499634,-0.2112063020467758,0.9999653697013856,0.5396909117698669,0.6930102109909058,-0.2112281918525695,0.9999687075614928,0.552857518196106,0.6950262784957886,-0.2108225673437118,0.9999496340751648,0.5551708340644836,0.6951653361320496,-0.2108380794525146,0.9999480843544006,0.5576144456863403,0.6949029564857483,-0.2108370959758758,0.9999471306800842,0.5348962545394897,0.6836651563644409,-0.1297662258148193,0.9999481439590454,0.5597565770149231,0.6868937611579895,-0.1278062164783477,0.9998835921287536,0.544853150844574,0.6697518825531006,-0.1907873451709747,0.9999845623970032,0.5554745197296143,0.6714223623275757,-0.1903813630342483,0.9999741315841676,0.5143159627914429,0.6065698862075806,-0.0651676952838897,0.9999755024909972,0.5795468688011169,0.6038290858268738,-0.0576819665729999,0.9999149441719056,0.5054894089698792,0.5061208009719849,-0.0132493786513805,0.9856994152069092,0.584915041923523,0.5047749280929565,-0.0124522354453802,0.9494847655296326,0.5008162260055542,0.4245604574680328,-0.0724854096770286,0.9693188071250916,0.5924257636070251,0.4199414253234863,-0.0726356208324432,0.902983546257019,0.4969903230667114,0.3970289826393127,-0.0911876708269119,0.9371756911277772,0.596429169178009,0.3914836943149566,-0.0925521105527877,0.8397864699363708,0.5024389028549194,0.3968975245952606,-0.1189077720046043,0.9425062537193298,0.5927927494049072,0.3902711868286133,-0.1215378493070602,0.8503379821777344,0.5052623152732849,0.40559121966362,-0.0846429914236068,0.9302769303321838,0.5899114608764648,0.3994744718074798,-0.0856217890977859,0.8394246101379395,0.5281742811203003,0.4293219745159149,-0.0037291490007191,0.9996004700660706,0.5694656372070312,0.4309460818767547,0.0036793826147913,0.999467432498932,0.5262999534606934,0.2718095481395721,-0.0317192897200584,0.9659263491630554,0.5734143853187561,0.2771929502487182,-0.0214092712849378,0.951676070690155,0.5304467678070068,0.1235913559794426,0.0468504950404167,0.9658666253089904,0.5742539763450623,0.128133088350296,0.0581081509590148,0.9321062564849854,0.5333824753761292,0.1033343970775604,0.047668982297182,0.5589987635612488,0.5718806385993958,0.1070118397474289,0.0594750083982944,0.5358749032020569,0.5352348685264587,0.0750739052891731,-0.0655153021216392,0.9425281286239624,0.576058566570282,0.0813087970018386,-0.0476352982223033,0.9155117869377136,hoyeon_stand_normal_01,26.925824,26.305893,24.020824,20.024984,16.124515,11.045361,7.0,3.605551,4.123106,7.28011,9.486833,12.649111,14.56022,16.763055,18.681542,19.646883,21.587033,21.377558,21.213203,20.223748,18.248288,15.297059,11.7047,9.899495,10.77033,14.142136,13.601471,12.806248,12.041595,10.0,8.062258,7.071068,8.062258,8.544004,9.848858,11.18034,12.529964,13.416408,13.416408,13.928388,13.928388,12.649111,11.401754,10.440307,8.246211,5.385165,3.605551,5.385165,9.433981,14.422205,18.867962,23.259407,14.56022,13.152946,13.0,13.038405,12.165525,11.401754,10.77033,8.944272,7.211103,5.656854,4.472136,4.0,5.385165,7.071068,10.0,12.206556,15.264338,16.643317,18.35756,20.248457,21.095023,21.633308,20.808652,18.439089,16.278821,12.727922,2.0,4.242641,6.708204,9.486833,11.18034,13.038405,14.0,15.132746,14.317821,13.341664,11.7047,9.486833,7.615773,5.385165,3.162278,1.0,1.414214,3.605551,5.656854,7.81025,10.0,11.401754,13.601471,13.601471,15.264338,14.764823,14.9473045,14.895883,13.947217,13.1704145,12.004728,11.949692,11.8144845,11.618222,12.1935125,12.1589105,11.7620875,11.585385,11.630215,11.933981,13.1622775,14.452409,15.0524865,15.845903,16.3102495,15.87711,14.848674,14.7418565,14.414488,15.898916,16.2906125,15.901498,10.0519265,9.7207645,9.802441,10.6485295,11.9205315,12.3067255,12.703861,12.9725815,12.3539305,11.577747,10.455204,10.2620875,9.9873375,9.491949,9.4368645,9.3980565,9.3710215,9.2155525,9.196431,10.29563,10.978767,11.6670175,12.1355315,13.065075,13.5990195,13.5
hoyeon_stand_normal_01,699,233,23.301273224043715,29.998360745314464,10,0.5502755045890808,0.6836419701576233,-0.2259596139192581,0.999987781047821,0.5452772974967957,0.6944222450256348,-0.2148995250463485,0.9999624490737916,0.5424302220344543,0.6938983798027039,-0.2149091511964798,0.9999656081199646,0.5396889448165894,0.6929866075515747,-0.214930459856987,0.999968945980072,0.5528536438941956,0.6950265765190125,-0.2143183201551437,0.999950110912323,0.5551597476005554,0.6951671242713928,-0.214334174990654,0.9999485611915588,0.557599663734436,0.6949132680892944,-0.2143315970897674,0.9999476075172424,0.5348950028419495,0.6836338639259338,-0.1335590779781341,0.9999486207962036,0.55973881483078,0.6869402527809143,-0.1307630836963653,0.99988454580307,0.5448576807975769,0.66973477602005,-0.1944109499454498,0.9999846816062928,0.5554760694503784,0.671423614025116,-0.1937234103679657,0.9999743700027466,0.5143301486968994,0.6065884828567505,-0.0683164224028587,0.9999755024909972,0.5795506238937378,0.6038304567337036,-0.0594796724617481,0.999915599822998,0.5054864287376404,0.5062176585197449,-0.0145184826105833,0.9857836365699768,0.5849427580833435,0.5047739744186401,-0.012673957273364,0.9496485590934752,0.5008158087730408,0.424568235874176,-0.0726271793246269,0.9692995548248292,0.5924865007400513,0.4199375510215759,-0.0732577666640281,0.9035175442695618,0.4970234036445617,0.3970413208007812,-0.0914743840694427,0.9370663166046144,0.5964492559432983,0.3914148807525635,-0.0930271819233894,0.8405812978744507,0.5024558305740356,0.3969117403030395,-0.1191980689764022,0.942400336265564,0.5928545594215393,0.3902381360530853,-0.1221803054213523,0.8511008024215698,0.5052709579467773,0.4056066870689392,-0.0848231986165046,0.9301985502243042,0.5900030732154846,0.3994532525539398,-0.0863045379519462,0.8402094841003418,0.5282607674598694,0.4293339848518371,-0.0038534391205757,0.999599277973175,0.5695042014122009,0.4309560358524322,0.0038027733098715,0.9994659423828124,0.5263012051582336,0.2722236514091491,-0.0316905714571476,0.9658232927322388,0.5734412670135498,0.2776046097278595,-0.0208176113665103,0.9516134858131408,0.5304439067840576,0.1237351298332214,0.0467864759266376,0.965681254863739,0.5742588639259338,0.1283287554979324,0.0584044978022575,0.9318459033966064,0.5333834290504456,0.1034942418336868,0.0475935451686382,0.5581093430519104,0.5718835592269897,0.1071944236755371,0.059753444045782,0.535882294178009,0.535240888595581,0.0752063170075416,-0.0655446499586105,0.942251205444336,0.5761053562164307,0.081305019557476,-0.0473336912691593,0.915216863155365,hoyeon_stand_normal_01,4.472136,5.830952,9.899495,13.453624,16.278821,17.691806,17.691806,17.691806,16.278821,15.620499,13.453624,12.041595,10.0,7.615773,7.071068,7.28011,8.602325,11.401754,14.764823,18.384776,21.18962,24.351591,27.513633,28.231188,27.730849,26.41969,9.486833,11.401754,13.601471,15.524175,16.492423,16.278821,16.124515,15.033296,13.038405,11.045361,9.055385,7.071068,4.472136,3.605551,4.0,5.385165,8.062258,10.29563,12.529964,16.124515,17.888544,18.788294,19.313208,18.027756,15.811388,11.7047,13.601471,13.341664,13.152946,13.0,12.165525,12.649111,13.416408,14.422205,15.0,15.620499,16.278821,17.029386,17.029386,17.029386,16.401219,15.811388,13.601471,11.401754,8.485281,5.830952,5.385165,8.485281,12.206556,16.643317,20.248457,22.203603,17.0,18.601075,16.970563,16.401219,13.416408,10.440307,7.0,3.605551,3.162278,5.0,8.544004,10.198039,12.0,13.038405,14.142136,14.317821,15.297059,14.56022,13.601471,12.369317,11.18034,10.0,8.246211,8.602325,9.219544,11.18034,12.806248,14.422205,15.811388,15.811388,15.811388,15.620499,14.142136,12.727922,12.041595,10.0,8.602325,7.071068,5.0,4.123106,5.385165,7.211103,10.0,13.453624,15.620499,17.804494,20.0,20.808652,20.248457,18.867962,17.0,14.317821,13.453624,14.866069,15.620499,16.401219,15.811388,15.811388,13.601471,12.206556,10.0,8.485281,7.211103,6.324555,6.0,7.071068,8.246211,8.246211,9.219544,10.198039,11.18034,11.18034,11.18034,11.18034,10.440307,10.77033,10.29563,11.401754
hoyeon_stand_normal_01,702,234,23.401278688524588,29.998360745314464,10,0.5502698421478271,0.6836079955101013,-0.2282206118106842,0.9999879002571106,0.5452640056610107,0.6944046020507812,-0.2171540707349777,0.9999628663063048,0.5424171686172485,0.6938673853874207,-0.2171641290187835,0.9999659657478333,0.5396831035614014,0.6929436326026917,-0.2171865552663803,0.9999693036079408,0.5528323650360107,0.6950228810310364,-0.2166101634502411,0.9999507069587708,0.5551246404647827,0.6951687932014465,-0.2166265100240707,0.9999491572380066,0.5575539469718933,0.694919764995575,-0.2166241109371185,0.9999482035636902,0.5348907709121704,0.6835933327674866,-0.1354477405548095,0.999949276447296,0.559696614742279,0.6869897246360779,-0.1328608691692352,0.9998859167099,0.5448558926582336,0.6697050929069519,-0.1965319663286209,0.999984860420227,0.5554724335670471,0.671420156955719,-0.1958852559328079,0.9999746680259703,0.5143438577651978,0.60659259557724,-0.0697809234261512,0.9999756217002868,0.5795524716377258,0.6038317084312439,-0.0609888546168804,0.9999161958694458,0.5054622292518616,0.5063707232475281,-0.0160706546157598,0.9858697652816772,0.584954559803009,0.5047748684883118,-0.0135500663891434,0.9498132467269896,0.5008169412612915,0.4245760440826416,-0.0747100934386253,0.9693748354911804,0.5925130844116211,0.4199334383010864,-0.0745991989970207,0.9039629101753236,0.4970849156379699,0.3970502614974975,-0.0936096683144569,0.937135636806488,0.596457302570343,0.3913670182228088,-0.0944104269146919,0.8412221074104309,0.5025027990341187,0.3969200551509857,-0.1214871630072593,0.942461371421814,0.5928733944892883,0.3902133405208587,-0.1237068101763725,0.8517179489135742,0.5052902698516846,0.4056135416030884,-0.086898423731327,0.9302788376808168,0.5900274515151978,0.3994450271129608,-0.0876876562833786,0.8407939076423645,0.5283472537994385,0.429391086101532,-0.0038670855574309,0.9995996952056884,0.5695427060127258,0.430970162153244,0.0038159643299877,0.9994662404060364,0.5263785719871521,0.2722473740577698,-0.031605839729309,0.9659230709075928,0.5734438300132751,0.2776036262512207,-0.0205490421503782,0.9517647624015808,0.5304437875747681,0.123696319758892,0.0467872433364391,0.9658405780792236,0.5742543935775757,0.1277579218149185,0.0585402511060237,0.9320586919784546,0.5333987474441528,0.1033531203866005,0.0475938133895397,0.5588380098342896,0.5718645453453064,0.1067475602030754,0.0598637238144874,0.5366442203521729,0.5352869629859924,0.0751922950148582,-0.0656277239322662,0.9425198435783386,0.5760467052459717,0.0809672772884368,-0.0473149083554744,0.9154908657073976,hoyeon_stand_normal_01,4.242641,5.385165,9.219544,13.453624,16.278821,17.691806,19.104973,18.439089,17.029386,15.620499,14.21267,12.041595,9.219544,8.062258,6.082763,5.385165,7.81025,9.848858,14.317821,18.248288,22.203603,26.172505,29.274562,29.427878,29.832868,26.925824,9.055385,12.041595,14.035669,17.0,18.027756,18.11077,17.117243,16.278821,14.142136,12.165525,10.049876,7.0,5.09902,4.242641,5.09902,7.071068,9.486833,11.7047,14.866069,18.027756,19.924859,20.880613,21.587033,20.396078,18.248288,13.038405,15.132746,16.278821,15.524175,15.231546,13.892444,14.21267,14.866069,15.0,15.811388,16.643317,17.492856,18.867962,18.867962,18.867962,17.204651,16.401219,15.0,12.206556,9.433981,6.082763,5.0,9.848858,13.601471,18.027756,21.18962,24.166092,18.027756,19.235384,19.0,17.117243,14.56022,11.18034,6.403124,3.162278,3.0,6.708204,10.0,11.313708,14.21267,15.264338,16.124515,16.552945,16.155494,17.088007,15.811388,14.866069,13.0,11.661904,9.899495,10.29563,11.401754,13.038405,13.038405,14.764823,15.652476,15.652476,15.264338,15.264338,14.422205,12.806248,11.401754,10.0,7.81025,5.830952,5.385165,5.0,6.708204,8.602325,11.401754,13.453624,16.278821,18.439089,20.615528,21.400935,21.633308,20.248457,17.492856,15.264338,12.041595,12.806248,14.21267,15.0,14.422205,13.601471,12.206556,10.0,8.602325,7.071068,5.385165,5.09902,5.09902,6.324555,6.708204,7.615773,8.544004,9.848858,9.486833,9.486833,9.486833,10.440307,9.848858,9.433981,10.0,10.630146
hoyeon_stand_normal_01,705,235,23.501284153005464,29.998360745314464,10,0.5501611232757568,0.6834776401519775,-0.2298509925603866,0.9999880194664,0.5451579689979553,0.6943237781524658,-0.2186461985111236,0.9999631643295288,0.5422890186309814,0.6937335133552551,-0.2186561375856399,0.9999662041664124,0.5396250486373901,0.6927731037139893,-0.2186778038740158,0.999969482421875,0.5527322292327881,0.694984495639801,-0.218354269862175,0.999951183795929,0.5550117492675781,0.6951473951339722,-0.2183713614940643,0.9999496936798096,0.5574352145195007,0.6949185729026794,-0.21836918592453,0.9999487400054932,0.5348517298698425,0.6834402680397034,-0.1362342834472656,0.9999497532844543,0.5596742630004883,0.6869946718215942,-0.1347194463014602,0.9998872876167296,0.5447954535484314,0.6695697903633118,-0.1978768408298492,0.9999849796295166,0.555419385433197,0.6713144779205322,-0.1975452005863189,0.9999749660491944,0.5143524408340454,0.6065968871116638,-0.0700654760003089,0.9999756813049316,0.5795568227767944,0.6038318872451782,-0.0627225115895271,0.9999167323112488,0.505459189414978,0.5065500736236572,-0.0160688534379005,0.985925316810608,0.5849665999412537,0.504779577255249,-0.0151736652478575,0.9503254890441896,0.5008209943771362,0.4246067106723785,-0.0747339725494384,0.9694260954856871,0.5925161242485046,0.419944554567337,-0.0769175067543983,0.9048287868499756,0.4971518218517303,0.3970927596092224,-0.0936048775911331,0.9371631741523744,0.5964474081993103,0.3913667201995849,-0.0968571752309799,0.8423699140548706,0.5025403499603271,0.396948367357254,-0.1215021088719368,0.942493498325348,0.5928733348846436,0.3902169466018677,-0.126239076256752,0.8528357148170471,0.505308210849762,0.4056451022624969,-0.08692217618227,0.9303165078163148,0.5900304913520813,0.3994579613208771,-0.0900230333209037,0.8418890237808228,0.5283643007278442,0.4293734729290008,-0.0038676720578223,0.9995965957641602,0.5695486664772034,0.4309509396553039,0.0038165498990565,0.999463140964508,0.5263953804969788,0.2723020911216736,-0.0309653207659721,0.9661348462104796,0.5734445452690125,0.2776214778423309,-0.0204511489719152,0.9519675970077516,0.5303565263748169,0.1239975839853286,0.0475068688392639,0.9659889936447144,0.5742282867431641,0.1277623176574707,0.058773037046194,0.9323025345802308,0.5333307385444641,0.1035095378756523,0.0483106896281242,0.5594131350517273,0.5718376040458679,0.1067669317126274,0.0600886270403862,0.5376527905464172,0.535282552242279,0.0752861723303794,-0.0652322396636009,0.9427664875984192,0.5760451555252075,0.0809388905763626,-0.0472962893545627,0.9157560467720032,hoyeon_stand_normal_01,13.7569345,14.0046705,14.6018015,14.013878,13.0,12.0178345,10.059216,8.8738435,8.576473,9.183075,9.9948165,10.09017,10.531129,10.321188,10.577747,11.929354,13.022367,14.490122,15.5243185,16.7738055,16.790215,16.924964,16.658141999999998,16.1531685,16.0115265,16.698039,10.327089,10.846694500000002,10.998497,10.9819725,10.7541085,10.481756,10.0547365,9.9111645,10.4178675,10.408327,9.4365035,8.746428,8.326535,7.764982,7.8442985,8.088418,8.547442499999999,9.343259,9.343259,9.2400315,8.603511000000001,9.4945875,11.9169355,13.7855355,14.8673075,15.264502,13.892444,13.416408,13.928388,12.369317,13.038405,13.038405,13.341664,13.928388,15.231546,15.652476,17.0,17.888544,17.464249,17.464249,16.155494,16.155494,13.928388,11.7047,8.944272,5.656854,5.0,8.062258,12.041595,16.278821,19.849433,22.803509,17.492856,17.804494,17.691806,16.401219,13.416408,10.440307,7.0,3.605551,2.236068,5.385165,8.246211,11.0,12.041595,13.152946,14.317821,14.56022,14.866069,14.866069,14.317821,13.0,11.401754,10.049876,9.055385,9.486833,10.0,12.041595,13.0,14.035669,15.033296,16.03122,15.033296,15.0,14.035669,12.041595,11.18034,10.198039,8.246211,6.082763,5.0,3.605551,5.0,7.28011,10.198039,13.152946,15.132746,18.248288,19.416488,20.615528,20.880613,18.973666,17.088007,13.928388,13.341664,14.56022,15.811388,15.811388,16.155494,15.231546,13.928388,11.7047,9.486833,8.246211,7.0,6.324555,5.830952,6.403124,7.071068,8.602325,9.219544,10.0,10.630146,10.630146,10.630146,10.630146,10.630146,10.29563,9.848858,10.440307
hoyeon_stand_normal_01,708,236,23.601289617486337,29.998360745314464,10,0.5499196648597717,0.6833273768424988,-0.2300958037376403,0.9999880790710448,0.5449898838996887,0.6941795945167542,-0.2188166677951812,0.9999632835388184,0.542107343673706,0.6935136914253235,-0.2188265770673751,0.9999662637710572,0.5395467281341553,0.6925103068351746,-0.2188480943441391,0.999969482421875,0.5525436401367188,0.6949100494384766,-0.2186401486396789,0.999951422214508,0.5548217296600342,0.6950874328613281,-0.218657985329628,0.9999499917030334,0.5572354197502136,0.6949009895324707,-0.2186567187309265,0.9999490976333618,0.5348167419433594,0.6832013726234436,-0.1361534148454666,0.9999499320983888,0.5596533417701721,0.6869968175888062,-0.1351246386766433,0.9998883008956908,0.5446661710739136,0.6694028973579407,-0.1980302035808563,0.9999850392341614,0.5552656650543213,0.6711414456367493,-0.1978445053100586,0.9999751448631288,0.5143554210662842,0.6065948605537415,-0.069952517747879,0.999975562095642,0.5795612335205078,0.6037939786911011,-0.063282161951065,0.9999173879623412,0.5054675340652466,0.5066152215003967,-0.0154739962890744,0.9858537316322328,0.5849749445915222,0.5047807097434998,-0.0156464353203773,0.9508779644966124,0.5008310079574585,0.4246538877487182,-0.0742762014269828,0.9691518545150756,0.592517077922821,0.4199684560298919,-0.0775713175535202,0.9055711030960084,0.4972367286682129,0.3971662819385528,-0.0929786637425422,0.9366450309753418,0.5964348316192627,0.3913914263248443,-0.0975507199764251,0.8433353304862976,0.5025765895843506,0.3969939351081848,-0.1210346445441246,0.9420211911201476,0.5928758978843689,0.3902459144592285,-0.127025306224823,0.8537808060646057,0.5053264498710632,0.4056914150714874,-0.0865252315998077,0.929773449897766,0.5900342464447021,0.399479329586029,-0.0907202064990997,0.8428329825401306,0.5283677577972412,0.4293298423290252,-0.0038648843765258,0.9995930790901184,0.5695568323135376,0.4308807551860809,0.0038139841053634,0.9994606971740724,0.5263960361480713,0.2722957730293274,-0.030521648004651,0.9664142727851868,0.5734694600105286,0.2776705920696258,-0.0204191282391548,0.9523035287857056,0.5303274393081665,0.1240891069173812,0.0482312031090259,0.9661826491355896,0.5742284059524536,0.1277493685483932,0.0590789467096328,0.9326673746109008,0.5333017706871033,0.1035324409604072,0.0490550883114337,0.560132622718811,0.5718365907669067,0.1067595034837722,0.0604026429355144,0.5387874841690063,0.5352828502655029,0.0753071531653404,-0.0647788271307945,0.9430745244026184,0.5760737061500549,0.0809359475970268,-0.0472903028130531,0.9161375761032104,hoyeon_stand_normal_01,3.162278,4.0,7.071068,10.198039,12.165525,14.142136,14.142136,14.035669,13.038405,12.041595,11.045361,9.055385,7.28011,5.830952,5.656854,5.09902,6.082763,8.544004,11.661904,14.422205,17.204651,20.0,22.203603,22.472205,22.472205,20.59126,7.615773,9.486833,12.083046,12.083046,13.892444,13.892444,13.892444,12.206556,10.816654,10.0,7.211103,5.830952,4.123106,3.162278,3.605551,4.472136,6.324555,8.062258,10.198039,12.165525,14.317821,15.524175,15.524175,14.866069,13.0,9.848858,13.453624,13.601471,13.038405,13.0,12.369317,12.041595,13.152946,13.341664,14.866069,15.231546,16.155494,17.464249,17.088007,17.088007,17.088007,15.811388,14.56022,12.649111,8.544004,5.656854,4.0,7.81025,11.313708,16.278821,19.104973,21.931712,17.204651,17.888544,17.720045,16.278821,14.0,11.18034,7.615773,3.605551,2.828427,5.09902,8.062258,10.440307,12.083046,13.416408,14.422205,15.0,15.620499,14.866069,14.866069,12.806248,12.206556,9.848858,9.219544,9.055385,9.848858,11.401754,17.464249,15.231546,13.0,11.401754,10.049876,9.219544,9.486833,11.18034,12.529964,14.764823,16.552945,18.027756,18.681542,20.396078,20.099751,21.023796,20.024984,18.11077,16.124515,13.038405,10.049876,6.708204,8.062258,10.198039,13.038405,16.0,7.615773,6.082763,5.09902,6.403124,8.062258,10.77033,13.0,15.231546,16.552945,17.0,17.492856,15.811388,15.0,14.21267,12.806248,11.401754,10.630146,10.0,10.29563,10.77033,11.7047,13.341664,15.524175,16.763055,18.027756,18.384776
hoyeon_stand_normal_01,711,237,23.701295081967213,29.998360745314464,10,0.5497586131095886,0.6832032799720764,-0.2299385517835617,0.9999880790710448,0.544874906539917,0.694034993648529,-0.2185641974210739,0.9999632239341736,0.5419877171516418,0.6933087706565857,-0.2185746133327484,0.9999662041664124,0.5394952893257141,0.6922846436500549,-0.2185968309640884,0.9999694228172302,0.5524225234985352,0.6948155760765076,-0.218555137515068,0.9999514818191528,0.5547084212303162,0.6950023174285889,-0.2185730934143066,0.9999500513076782,0.557130753993988,0.694846510887146,-0.2185729295015335,0.9999492168426514,0.5347887277603149,0.6830337047576904,-0.1356124877929687,0.999949872493744,0.5596510171890259,0.686966598033905,-0.1347323507070541,0.9998887777328492,0.5445683598518372,0.6692554950714111,-0.1977398991584777,0.9999849796295166,0.5551739931106567,0.6710012555122375,-0.1977511495351791,0.9999751448631288,0.5143720507621765,0.606593132019043,-0.0694546326994896,0.9999755024909972,0.5795627236366272,0.6037553548812866,-0.0631127208471298,0.9999178051948548,0.5054864287376404,0.5066988468170166,-0.0148821426555514,0.9857229590415956,0.5850038528442383,0.5047739744186401,-0.0157065913081169,0.95120370388031,0.5008842945098877,0.424697607755661,-0.0734819248318672,0.968778669834137,0.5925196409225464,0.4199676215648651,-0.0773762017488479,0.9058054089546204,0.4974103271961212,0.3972386419773102,-0.0920188203454017,0.9359771013259888,0.596436619758606,0.3913946747779846,-0.0973231494426727,0.8435932993888855,0.5026757121086121,0.3970438838005066,-0.1199568584561348,0.9414033889770508,0.5928792953491211,0.3902506828308105,-0.1267468929290771,0.8540457487106323,0.5053770542144775,0.4057259261608124,-0.0857017040252685,0.9290862679481506,0.5900363922119141,0.399480402469635,-0.0905077159404754,0.8431180715560913,0.5283928513526917,0.4293403625488281,-0.0038581765256822,0.999591588973999,0.5695596933364868,0.43086838722229,0.0038075731135904,0.9994598031044006,0.5264202356338501,0.2723318040370941,-0.0305065885186195,0.9663025140762328,0.57346111536026,0.2777710556983948,-0.0204220097512006,0.9520546197891236,0.5303298234939575,0.124188132584095,0.0477498918771743,0.9660075902938844,0.5741668939590454,0.1279228776693344,0.0588150508701801,0.9322848916053772,0.5333059430122375,0.1035654172301292,0.0484998486936092,0.5591564178466797,0.571785032749176,0.1068581044673919,0.0601124726235866,0.5379323363304138,0.5352715253829956,0.0754676386713981,-0.0650149434804916,0.9428369998931884,0.5760878920555115,0.0809401720762252,-0.047410350292921,0.9157434701919556,hoyeon_stand_normal_01,3.162278,5.0,7.81025,10.630146,12.041595,13.453624,14.142136,14.142136,13.453624,11.313708,9.899495,9.219544,7.81025,6.708204,5.09902,6.082763,7.211103,9.219544,10.816654,13.892444,17.0,19.235384,20.59126,21.633308,21.633308,20.0,7.211103,8.602325,10.816654,11.661904,12.529964,12.529964,12.083046,11.7047,9.848858,8.544004,6.708204,5.830952,3.605551,3.162278,3.0,4.472136,6.403124,7.81025,9.899495,12.041595,12.806248,13.601471,14.422205,13.892444,12.529964,8.944272,13.601471,14.317821,13.038405,13.0,12.041595,11.18034,10.440307,8.544004,7.615773,6.403124,5.0,5.09902,5.385165,7.211103,9.899495,12.041595,14.866069,17.029386,19.104973,20.518285,21.213203,21.931712,19.849433,18.601075,15.811388,13.038405,2.0,3.605551,6.403124,8.944272,11.7047,13.341664,15.132746,15.0,14.035669,13.152946,11.18034,10.440307,7.28011,5.385165,3.162278,1.0,1.414214,3.605551,6.403124,8.602325,10.630146,12.206556,14.21267,15.0,15.264338,14.764823,13.038405,15.132746,16.124515,17.262677,16.124515,16.03122,15.0,14.035669,12.041595,11.045361,9.055385,7.0,5.09902,4.472136,5.830952,7.28011,10.198039,13.152946,16.124515,18.439089,20.396078,20.615528,20.880613,19.924859,17.088007,13.928388,13.038405,14.142136,16.124515,16.278821,16.492423,15.297059,13.341664,11.18034,10.049876,8.0,7.28011,5.830952,7.071068,7.211103,8.062258,9.433981,9.433981,10.816654,10.816654,12.206556,11.401754,12.206556,11.661904,11.18034,10.440307,11.045361
hoyeon_stand_normal_01,714,238,23.801300546448086,29.998360745314464,10,0.5497369170188904,0.6831629276275635,-0.2254683971405029,0.9999879598617554,0.5448529720306396,0.6939733028411865,-0.2140349000692367,0.9999628663063048,0.5419657230377197,0.6932312846183777,-0.2140457779169082,0.9999658465385436,0.5394859313964844,0.6922089457511902,-0.2140677124261856,0.9999691247940063,0.5523961782455444,0.6947619318962097,-0.2139450758695602,0.999951183795929,0.5546810626983643,0.6949522495269775,-0.2139621675014495,0.9999497532844543,0.5571042895317078,0.6947999596595764,-0.213962584733963,0.999949038028717,0.5347843170166016,0.6829739809036255,-0.1316963285207748,0.999949276447296,0.5596445798873901,0.6869330406188965,-0.1308274418115615,0.99988853931427,0.5445572137832642,0.6691824793815613,-0.1936179846525192,0.999984860420227,0.5551614165306091,0.6709437370300293,-0.1935389041900634,0.9999750256538392,0.5143809914588928,0.6065741181373596,-0.0666135102510452,0.999975323677063,0.5795634388923645,0.6037298440933228,-0.0609021596610546,0.9999180436134338,0.5054953694343567,0.5067087411880493,-0.0128940176218748,0.9855340123176576,0.5850096940994263,0.5047779679298401,-0.0144533822312951,0.9514422416687012,0.5009065270423889,0.4247621297836303,-0.0715286061167717,0.9682544469833374,0.5925204753875732,0.4199702441692352,-0.0758617147803306,0.905946969985962,0.4975108504295349,0.3973297774791717,-0.0900895595550537,0.935084581375122,0.5964362621307373,0.3914101123809814,-0.0957816615700721,0.8437404036521912,0.5027592778205872,0.3971515595912933,-0.1177866980433464,0.9405688643455504,0.5928806662559509,0.3902754187583923,-0.1250426322221756,0.8541756272315979,0.5054242610931396,0.4058179259300232,-0.0836897566914558,0.928129494190216,0.5900370478630066,0.3994927704334259,-0.0889437869191169,0.8432540893554688,0.5284038782119751,0.4293220043182373,-0.0038602063432335,0.9995904564857484,0.5695615410804749,0.4308185875415802,0.0038097579963505,0.9994590282440186,0.5264967679977417,0.2722900509834289,-0.0305248517543077,0.9662749767303468,0.5734625458717346,0.2777749300003052,-0.020431226119399,0.9518730044364928,0.5303547978401184,0.1242062747478485,0.0476119853556156,0.9659249782562256,0.5741657614707947,0.1281025856733322,0.0588191375136375,0.9319694638252258,0.5333224534988403,0.1035808697342872,0.0483632870018482,0.558180034160614,0.5717855095863342,0.1069698110222816,0.0601221248507499,0.5369536280632019,0.5352675318717957,0.0755736157298088,-0.0650984048843383,0.942718505859375,0.5760889649391174,0.0809393227100372,-0.0473955199122428,0.9154869914054872,hoyeon_stand_normal_01,26.907248,26.400758,24.186773,20.124612,16.155494,11.18034,7.211103,5.385165,6.082763,8.944272,10.816654,13.601471,15.264338,17.492856,18.867962,20.59126,21.470911,22.36068,21.931712,20.615528,18.788294,15.652476,13.601471,10.816654,11.401754,15.0,13.152946,12.041595,11.045361,9.055385,7.28011,7.211103,7.211103,8.944272,9.486833,11.401754,11.7047,13.0,13.0,13.416408,12.529964,12.206556,10.816654,10.0,8.062258,5.385165,4.123106,6.403124,10.29563,15.652476,20.59126,24.413111,17.8600225,18.3731715,17.7875095,16.794382,16.582137000000003,16.054647000000003,16.227352500000002,17.014693,18.284611,19.556099,19.556099,20.5669065,20.5669065,21.142044,20.37007,19.2223785,17.402247,14.446222,11.042019,7.972136,6.737096,10.072244,15.081564,19.1701785,23.44122,26.972168,20.603394,21.3883265,21.236290500000003,19.026298,16.308469,12.3660785,7.5106765,3.817207,3.162278,6.8023325,10.59017,13.1646965,15.2457455,16.8363515,17.8005375,18.900632,18.447859,18.4777145,17.6763965,16.2620875,14.596363,12.991794,11.418351,11.683302,13.319938,15.5789055,12.041595,13.453624,14.866069,14.866069,14.866069,14.21267,13.038405,12.529964,11.18034,8.944272,7.615773,5.830952,4.242641,4.123106,5.09902,7.615773,10.29563,12.529964,16.124515,17.888544,19.697716,20.615528,20.248457,18.973666,16.763055,13.601471,12.649111,13.601471,15.524175,15.297059,15.297059,14.142136,13.152946,11.18034,9.219544,7.615773,6.403124,5.0,5.385165,6.082763,7.071068,7.071068,8.062258,9.055385,9.055385,10.049876,10.198039,10.049876,9.055385,9.055385,9.219544,9.848858
hoyeon_stand_normal_01,717,239,23.901306010928963,29.998360745314464,10,0.549679696559906,0.6831212639808655,-0.2220432758331298,0.9999877214431764,0.544804573059082,0.6939038038253784,-0.2105844318866729,0.9999622106552124,0.5419175624847412,0.6931373476982117,-0.2105955928564071,0.9999651908874512,0.5394660234451294,0.6921159029006958,-0.2106183022260666,0.9999684691429138,0.5523415207862854,0.6947094202041626,-0.2106029689311981,0.9999504089355468,0.5546258091926575,0.6949027180671692,-0.2106195837259292,0.9999489784240724,0.5570469498634338,0.6947579979896545,-0.2106210738420486,0.9999483823776244,0.5347712635993958,0.6828899383544922,-0.1282033324241638,0.9999482035636902,0.5596373081207275,0.6868889331817627,-0.1280314773321151,0.9998875260353088,0.5445154905319214,0.6691166758537292,-0.1901849806308746,0.9999845623970032,0.5551241636276245,0.6708788275718689,-0.1902591437101364,0.9999746680259703,0.514386773109436,0.6065278649330139,-0.062749296426773,0.9999750256538392,0.5795641541481018,0.6037222146987915,-0.0593557357788085,0.9999180436134338,0.5054993033409119,0.506732702255249,-0.0085126170888543,0.9851627349853516,0.5850114822387695,0.5048544406890869,-0.0136116640642285,0.9515809416770936,0.5009064078330994,0.4249508678913116,-0.0667413920164108,0.967433214187622,0.5925136208534241,0.419986367225647,-0.0745120793581008,0.905485212802887,0.4975578486919403,0.3974406123161316,-0.0850545167922973,0.9336981177330016,0.5964287519454956,0.3914213478565216,-0.0943601876497268,0.8429833054542542,0.5027629733085632,0.3973098993301391,-0.1127693876624107,0.9392873048782348,0.5928787589073181,0.3902942836284637,-0.1235178783535957,0.8534489870071411,0.5054268836975098,0.4059644341468811,-0.0789545997977256,0.9266668558120728,0.590034544467926,0.399500161409378,-0.0875578448176384,0.842543363571167,0.5284058451652527,0.4292466342449188,-0.0036751856096088,0.9995880126953124,0.5695629715919495,0.4308147430419922,0.0036270949058234,0.999457061290741,0.526502788066864,0.2721627056598663,-0.030541555956006,0.9661292433738708,0.5734837651252747,0.2777718007564544,-0.0210284031927585,0.9515205025672911,0.5304057598114014,0.1242071390151977,0.0474918372929096,0.965600311756134,0.5742090344429016,0.1282753348350525,0.0583198219537735,0.9312331676483154,0.533409059047699,0.103582352399826,0.0482487790286541,0.5560318827629089,0.571847677230835,0.107030838727951,0.0596521459519863,0.5342946648597717,0.535263180732727,0.0756052359938621,-0.0652765929698944,0.9421784281730652,0.5761281251907349,0.0809660628437995,-0.0480848476290702,0.9146875143051147,hoyeon_stand_normal_01,4.123106,3.605551,7.28011,10.198039,12.369317,13.341664,14.56022,13.601471,13.601471,11.7047,10.440307,8.246211,7.071068,6.0,5.385165,5.0,6.324555,8.0,11.045361,14.317821,16.492423,19.416488,21.377558,22.203603,22.090722,21.023796,7.81025,9.433981,12.206556,12.806248,14.21267,14.21267,13.453624,12.727922,11.313708,9.899495,8.485281,6.403124,4.472136,4.123106,4.472136,5.0,7.211103,8.062258,10.29563,12.529964,14.764823,15.264338,15.811388,15.0,13.453624,10.630146,15.033296,15.033296,14.142136,13.341664,12.649111,12.083046,11.18034,9.433981,7.81025,6.403124,5.0,4.123106,4.123106,6.403124,7.81025,9.433981,13.038405,15.264338,16.643317,18.867962,19.416488,18.601075,18.439089,16.970563,14.142136,11.401754,2.236068,4.123106,6.082763,8.944272,10.816654,12.727922,13.453624,13.601471,13.038405,12.083046,10.77033,8.544004,6.324555,4.472136,2.828427,2.0,3.605551,5.385165,7.615773,9.848858,11.7047,13.0,14.866069,15.811388,15.524175,15.524175,18.601075,16.643317,13.601471,11.313708,10.0,9.486833,10.049876,12.0,14.035669,16.0,18.027756,19.104973,20.396078,20.880613,22.472205,22.36068,21.095023,20.248457,16.643317,13.038405,9.486833,7.071068,7.81025,11.661904,15.231546,18.384776,8.602325,6.403124,5.385165,7.071068,9.848858,11.661904,15.264338,16.643317,18.35756,17.888544,17.464249,17.088007,15.524175,14.317821,12.369317,11.401754,10.77033,9.848858,9.433981,11.401754,12.727922,14.142136,16.970563,18.439089,20.615528,20.0
hoyeon_stand_normal_01,720,240,24.001311475409835,29.998360745314464,10,0.5496098399162292,0.6829780340194702,-0.2201596945524215,0.999987542629242,0.5447503924369812,0.6937694549560547,-0.208657905459404,0.9999616146087646,0.5418582558631897,0.6929681897163391,-0.2086696177721023,0.9999645948410034,0.5394392013549805,0.6919338703155518,-0.208692580461502,0.9999679327011108,0.5522968769073486,0.6946045756340027,-0.2087378799915313,0.9999496936798096,0.5545831918716431,0.6948044300079346,-0.2087542414665222,0.999948263168335,0.5570108294487,0.6946673393249512,-0.2087557315826416,0.999947726726532,0.5347564220428467,0.6827494502067566,-0.126301109790802,0.9999472498893738,0.5596336126327515,0.6867994666099548,-0.1265298426151275,0.9998865723609924,0.5444645285606384,0.6689844727516174,-0.1883203089237213,0.999984323978424,0.555090069770813,0.6707252264022827,-0.1884900480508804,0.9999743700027466,0.5144055485725403,0.6065137982368469,-0.061079304665327,0.99997478723526,0.5795753598213196,0.6037213802337646,-0.0583466440439224,0.9999178647994996,0.5055261850357056,0.5067404508590698,-0.0071100401692092,0.9849568009376526,0.5850215554237366,0.5048823356628418,-0.0130899958312511,0.9518344402313232,0.5008960962295532,0.4250652194023132,-0.0654873922467231,0.9671111702919006,0.5925137996673584,0.4199925661087036,-0.0738883092999458,0.9055920243263244,0.4975572824478149,0.3974904417991638,-0.0838919058442115,0.9331834316253662,0.5964291095733643,0.391429990530014,-0.0937539786100387,0.8431214690208435,0.5027613043785095,0.3973398208618164,-0.1115627810359001,0.938804030418396,0.5928800702095032,0.390321135520935,-0.1228168979287147,0.8535667657852173,0.5054242014884949,0.4059767127037048,-0.077678844332695,0.9261131286621094,0.5900356769561768,0.3995093703269958,-0.0868911445140838,0.8426492214202881,0.5284082293510437,0.4291346669197082,-0.0035451496951282,0.9995841979980468,0.5695723295211792,0.4308008849620819,0.0034996254835277,0.9994528889656068,0.5265198349952698,0.2721636593341827,-0.0305384900420904,0.9659876823425292,0.5734854340553284,0.2777768969535827,-0.0213707815855741,0.9511716961860656,0.5304396748542786,0.1244947910308837,0.0474450066685676,0.9651759266853333,0.5742000937461853,0.1283692270517349,0.0576697774231433,0.930332899093628,0.5334463715553284,0.1039275303483009,0.0482085570693016,0.5539520382881165,0.5718405246734619,0.1070856228470802,0.0590028129518032,0.5313648581504822,0.5352656841278076,0.0757054239511489,-0.0652669966220855,0.9415138959884644,0.5761449337005615,0.0809736028313636,-0.0486712232232093,0.9136251211166382,hoyeon_stand_normal_01,5.0,5.0,8.246211,11.045361,13.152946,14.317821,15.297059,14.317821,13.601471,12.649111,11.401754,9.219544,8.062258,7.0,5.385165,5.0,6.324555,8.0,11.18034,14.317821,16.492423,19.646883,21.587033,22.561028,22.36068,21.095023,8.246211,10.198039,12.369317,13.601471,13.928388,13.928388,13.416408,13.416408,11.18034,9.848858,7.615773,6.324555,5.0,4.123106,4.242641,5.830952,7.28011,10.198039,12.369317,14.317821,15.524175,17.088007,17.088007,16.552945,14.317821,11.18034,14.317821,13.038405,13.038405,12.165525,12.369317,10.77033,9.848858,8.602325,7.211103,5.656854,4.472136,4.0,4.472136,5.656854,7.81025,10.29563,12.529964,15.264338,17.0,18.867962,20.248457,20.248457,19.416488,18.439089,16.278821,12.727922,2.828427,4.123106,6.708204,9.219544,12.041595,13.601471,14.764823,15.231546,13.928388,13.341664,12.165525,10.049876,8.062258,6.082763,3.162278,2.236068,2.236068,4.242641,6.403124,8.602325,10.29563,12.529964,13.892444,14.764823,15.652476,15.231546,17.691806,15.556349,13.453624,11.401754,9.848858,9.219544,10.0,11.045361,12.165525,14.142136,15.033296,17.0,18.027756,19.416488,20.615528,20.248457,19.697716,17.888544,16.124515,12.529964,9.486833,7.0,6.403124,10.29563,13.0,15.811388,8.062258,6.324555,6.082763,7.615773,9.219544,12.041595,14.142136,15.556349,16.278821,17.029386,16.401219,15.811388,15.264338,13.892444,12.529964,11.661904,10.816654,10.0,9.899495,11.401754,12.806248,14.422205,15.811388,17.804494,19.209373,18.439089
hoyeon_stand_normal_01,723,241,24.10131693989071,29.998360745314464,10,0.5495766401290894,0.6828255653381348,-0.2239089906215667,0.9999876022338868,0.5447205901145935,0.6936662793159485,-0.212600976228714,0.9999617338180542,0.5418225526809692,0.6928542256355286,-0.2126117050647735,0.999964714050293,0.5394201278686523,0.6918192505836487,-0.2126332819461822,0.9999679923057556,0.5522760152816772,0.6944921016693115,-0.2125978916883468,0.999949872493744,0.5545619130134583,0.6946863532066345,-0.2126142233610153,0.999948501586914,0.5569971203804016,0.6945351362228394,-0.2126134186983108,0.9999479055404664,0.5347472429275513,0.6826529502868652,-0.1305514723062515,0.9999474883079528,0.5596303939819336,0.6866524815559387,-0.1304787695407867,0.9998871088027954,0.5444403886795044,0.6688641905784607,-0.192153975367546,0.999984323978424,0.5550710558891296,0.6705644130706787,-0.1922346651554107,0.9999744296073914,0.5144141316413879,0.6065088510513306,-0.0657869502902031,0.9999748468399048,0.5795779824256897,0.6037057042121887,-0.0607894249260425,0.9999182820320128,0.5055364966392517,0.5067474246025085,-0.0125757697969675,0.9849675297737122,0.5850188136100769,0.504882276058197,-0.0149612221866846,0.9522229433059692,0.5008939504623413,0.4251652061939239,-0.0717067047953605,0.967137098312378,0.5925144553184509,0.4199813902378082,-0.0753463357686996,0.906001627445221,0.497558981180191,0.3975467383861542,-0.0900391265749931,0.9331912994384766,0.5964310169219971,0.3914312422275543,-0.0950288847088813,0.8435476422309875,0.5027620792388916,0.3973746299743652,-0.1178920641541481,0.9388201236724854,0.5928846597671509,0.3903241455554962,-0.1239392608404159,0.8539949655532837,0.505423903465271,0.4059866368770599,-0.0839277654886245,0.926159143447876,0.5900406241416931,0.3995111584663391,-0.0882876217365264,0.8431169390678406,0.5284100770950317,0.4291342794895172,-0.0036105120088905,0.9995821714401244,0.5695626735687256,0.4308017194271087,0.0035642036236822,0.9994515180587769,0.5265265703201294,0.2723502218723297,-0.0303932689130306,0.9658041000366212,0.5734888315200806,0.2779951989650726,-0.0207239594310522,0.9509941339492798,0.5304477214813232,0.1249355748295784,0.0468752346932888,0.9650158286094666,0.5740638375282288,0.128642737865448,0.0576253272593021,0.930013120174408,0.5334528088569641,0.1043566614389419,0.0475579015910625,0.5534955263137817,0.5716567635536194,0.107299268245697,0.0589066557586193,0.5306344628334045,0.5352657437324524,0.0766882449388504,-0.0655646026134491,0.9414710998535156,0.576125979423523,0.0810096189379692,-0.0486277751624584,0.9133572578430176,hoyeon_stand_normal_01,4.472136,5.385165,7.81025,10.630146,12.727922,13.453624,14.21267,14.21267,12.806248,11.401754,10.0,7.81025,7.071068,5.830952,5.09902,5.385165,6.403124,9.219544,11.661904,14.764823,17.0,19.235384,20.59126,21.095023,20.808652,20.0,8.485281,9.899495,12.041595,13.453624,14.21267,14.422205,13.601471,13.038405,11.661904,9.433981,8.062258,6.403124,5.0,4.123106,5.09902,5.385165,7.211103,9.219544,11.401754,12.806248,14.21267,15.811388,15.264338,14.764823,13.416408,10.29563,17.464249,17.464249,16.763055,16.155494,15.652476,14.422205,14.866069,15.620499,15.811388,16.643317,18.027756,18.027756,18.601075,18.601075,17.804494,17.029386,15.620499,13.453624,10.630146,7.615773,6.082763,8.485281,12.206556,16.643317,20.808652,23.430749,18.439089,19.849433,18.867962,17.464249,14.317821,11.045361,7.071068,2.236068,2.236068,6.082763,9.486833,12.083046,14.422205,15.620499,16.970563,17.029386,17.804494,17.204651,16.643317,14.422205,13.601471,12.727922,10.816654,11.401754,13.0,15.132746,14.641384,15.033444500000002,14.5344825,13.716487,11.838375,11.0640355,10.9719945,11.4723705,11.426688,12.0833395,11.870144,11.294908,11.2195445,11.7022705,12.1607845,13.640055,14.960560999999998,15.755253,15.4747675,15.4845265,14.124604,12.8779055,13.286506,13.9093785,14.0985445,14.1412385,11.012896,10.9142215,11.3457835,11.618136,12.337942,13.4330345,13.726812,13.700877,13.2169905,12.3225795,11.600003,11.6313385,10.810807,10.1548375,9.79021,10.485821,9.8913325,9.7419285,10.2169905,10.6704955,11.3324735,12.28011,13.2462115,13.3418965,14.3346825,14.542121
hoyeon_stand_normal_01,726,242,24.201322404371584,29.998360745314464,10,0.5495567917823792,0.6828045845031738,-0.2229581773281097,0.999987542629242,0.5447006821632385,0.693649411201477,-0.2115963548421859,0.9999616146087646,0.5417936444282532,0.6928344368934631,-0.2116078436374664,0.9999645948410034,0.5393995046615601,0.691801130771637,-0.2116303443908691,0.9999679327011108,0.5522655844688416,0.6944746971130371,-0.2115483283996582,0.9999496936798096,0.5545517802238464,0.6946670413017273,-0.2115642130374908,0.9999483227729796,0.5569906830787659,0.6945121884346008,-0.2115632146596908,0.999947726726532,0.5347322225570679,0.6826187372207642,-0.129667580127716,0.9999473690986632,0.5596274733543396,0.6865827441215515,-0.1293987333774566,0.9998868703842164,0.5444132089614868,0.6688477396965027,-0.1912846565246582,0.9999842643737792,0.5550588369369507,0.6705366373062134,-0.1912991851568222,0.9999743103981018,0.5144137144088745,0.6065002679824829,-0.0650888159871101,0.9999748468399048,0.5795789957046509,0.603699803352356,-0.0602389834821224,0.9999181628227234,0.5055384039878845,0.5066849589347839,-0.0120641784742474,0.984929382801056,0.5850061178207397,0.5048809051513672,-0.014546045102179,0.9522928595542908,0.5008798241615295,0.4252122044563293,-0.0710053145885467,0.9671427607536316,0.592519223690033,0.4199637174606323,-0.0748018696904182,0.9058414697647096,0.497558444738388,0.3976239860057831,-0.0893646776676178,0.9332305192947388,0.5964337587356567,0.391424298286438,-0.0945131480693817,0.8433263897895813,0.502763569355011,0.3974687159061432,-0.1172069758176803,0.9388574361801147,0.5928929448127747,0.3903197050094604,-0.1234436705708503,0.853790283203125,0.5054247975349426,0.4060437679290771,-0.0832265615463256,0.9261916875839232,0.590053915977478,0.3995011746883392,-0.0877705737948417,0.8429303169250488,0.5284111499786377,0.4291101694107055,-0.0035967929288744,0.999581515789032,0.5695638060569763,0.430805891752243,0.0035507737193256,0.99945068359375,0.526528537273407,0.272372305393219,-0.030397780239582,0.9656946659088136,0.5735093355178833,0.2780285775661468,-0.0207706857472658,0.9508687257766724,0.5304661989212036,0.1249541789293289,0.0461465902626514,0.9648157954216005,0.5740603804588318,0.1286793798208236,0.0568963922560215,0.9295509457588196,0.5334742665290833,0.1043608114123344,0.04677240177989,0.5519429445266724,0.5716349482536316,0.1073114797472953,0.0580852068960666,0.5288519263267517,0.5352681875228882,0.0766568109393119,-0.0663041025400161,0.9411911964416504,0.5761131048202515,0.0809600129723548,-0.0492441989481449,0.912822723388672,hoyeon_stand_normal_01,5.385165,5.385165,8.0,11.18034,13.152946,15.132746,15.033296,15.033296,14.0,13.0,11.0,9.055385,8.062258,6.324555,5.0,5.385165,6.0,8.544004,11.18034,13.892444,16.643317,20.248457,21.954498,22.825424,23.259407,21.540659,8.0,10.0,12.0,14.0,15.033296,15.132746,14.317821,13.341664,12.165525,10.198039,8.062258,7.0,5.09902,4.472136,5.0,6.324555,8.062258,10.0,12.0,14.0,16.0,17.029386,18.11077,17.262677,15.297059,11.401754,16.278821,16.278821,15.0,15.264338,14.317821,14.56022,14.142136,15.0,16.03122,17.117243,18.11077,19.104973,19.104973,19.104973,19.026298,18.0,17.029386,14.0,12.0,8.246211,5.656854,7.071068,11.045361,15.297059,19.235384,22.090722,17.0,17.804494,18.384776,17.204651,14.764823,11.401754,7.0,3.605551,3.162278,5.830952,9.219544,11.0,13.038405,14.317821,15.524175,16.155494,15.652476,15.652476,14.764823,14.317821,13.0,11.401754,10.0,10.440307,12.529964,13.601471,11.401754,13.341664,14.317821,15.297059,14.56022,14.56022,13.928388,12.083046,11.18034,9.433981,6.708204,5.385165,4.0,3.605551,5.0,7.615773,11.18034,13.0,16.552945,17.888544,19.723083,20.248457,20.248457,18.601075,16.401219,14.21267,12.727922,13.453624,14.866069,15.620499,15.0,13.601471,12.206556,10.630146,8.485281,6.403124,5.385165,5.0,5.09902,5.385165,6.708204,6.708204,8.062258,8.944272,9.848858,9.848858,9.848858,9.848858,8.944272,9.219544,9.219544,9.433981
hoyeon_stand_normal_01,729,243,24.301327868852457,29.998360745314464,10,0.5495521426200867,0.6828010678291321,-0.2281907498836517,0.9999877214431764,0.5446956753730774,0.693644642829895,-0.2168355286121368,0.9999622106552124,0.5417836904525757,0.692828893661499,-0.2168454080820083,0.9999651908874512,0.5393879413604736,0.6917956471443176,-0.2168698906898498,0.9999684691429138,0.5522623062133789,0.6944701671600342,-0.2168617993593216,0.9999504685401917,0.554547905921936,0.6946612000465393,-0.216878592967987,0.9999490976333618,0.5569872260093689,0.6945021152496338,-0.2168763279914856,0.999948501586914,0.5347281694412231,0.6826006770133972,-0.1344371885061264,0.9999483227729796,0.5596269965171814,0.686536967754364,-0.1345615983009338,0.9998888969421388,0.5443967580795288,0.66884446144104,-0.1963241249322891,0.9999845027923584,0.555054783821106,0.6705337762832642,-0.1964506208896637,0.9999746680259703,0.5144155025482178,0.6064713597297668,-0.0681977644562721,0.9999750256538392,0.5795797109603882,0.6036758422851562,-0.0641770958900451,0.9999188780784608,0.5055405497550964,0.5066799521446228,-0.0135199436917901,0.9849624037742616,0.5850238800048828,0.5048816204071045,-0.0171421337872743,0.9526342749595642,0.5008542537689209,0.4252488911151886,-0.072088211774826,0.9672159552574158,0.5925395488739014,0.4199114739894867,-0.0765788704156875,0.905832588672638,0.497555673122406,0.3976611793041229,-0.0903249308466911,0.9333023428916932,0.5964406132698059,0.3913997411727905,-0.0961849838495254,0.8431397080421448,0.5027597546577454,0.3975168168544769,-0.1185205355286598,0.9389381408691406,0.5929029583930969,0.3902734816074371,-0.1252212822437286,0.8536224961280823,0.5054198503494263,0.4060782194137573,-0.0844186469912529,0.926283836364746,0.5900679230690002,0.3994546234607696,-0.0895649269223213,0.8427655696868896,0.5284112691879272,0.4293093681335449,-0.0033834630157798,0.9995837211608888,0.569564163684845,0.4310028851032257,0.0033347830176353,0.9994542598724364,0.526493489742279,0.2725363075733185,-0.030414966866374,0.9655327796936036,0.5735113620758057,0.2780749201774597,-0.0209512002766132,0.9507983922958374,0.5304533243179321,0.1247374340891838,0.0454490222036838,0.9646587371826172,0.5740531086921692,0.1284790486097335,0.0558453984558582,0.9291781783103944,0.5334659814834595,0.1039812266826629,0.0460062362253665,0.550495445728302,0.5716209411621094,0.1070674285292625,0.0569037981331348,0.526808500289917,0.5351775884628296,0.0765352547168731,-0.0675886198878288,0.940970242023468,0.5760504007339478,0.0809005424380302,-0.0508424155414104,0.9123482704162598,hoyeon_stand_normal_01,6.0,6.403124,8.602325,12.529964,14.764823,15.264338,16.124515,15.811388,15.0,12.806248,11.401754,9.433981,8.062258,6.324555,6.0,5.385165,6.403124,8.944272,11.401754,14.56022,17.262677,20.396078,21.587033,22.803509,22.472205,20.615528,8.246211,10.440307,12.649111,13.601471,13.928388,14.317821,13.892444,12.529964,11.661904,10.29563,7.615773,6.324555,5.0,5.09902,5.0,6.403124,8.062258,10.29563,12.083046,14.317821,16.552945,17.0,17.492856,16.643317,15.0,11.401754,13.601471,13.453624,13.453624,12.206556,11.661904,11.18034,10.77033,9.486833,7.28011,6.0,5.09902,4.472136,4.472136,5.09902,7.0,10.049876,12.165525,14.317821,17.262677,18.248288,19.104973,19.104973,19.026298,17.0,15.033296,12.165525,3.0,4.242641,7.211103,9.486833,12.165525,13.038405,14.035669,14.142136,13.601471,12.649111,10.77033,8.544004,6.708204,5.385165,3.0,2.236068,3.0,5.09902,7.28011,9.486833,11.7047,12.649111,14.866069,15.231546,15.231546,14.764823,17.029386,15.033296,13.038405,11.18034,8.544004,9.219544,8.602325,10.29563,12.529964,14.764823,16.124515,17.804494,18.439089,19.104973,20.0,20.248457,20.124612,17.888544,15.231546,12.083046,8.602325,7.211103,8.062258,11.18034,13.038405,15.811388,8.062258,6.324555,5.656854,6.324555,9.055385,11.0,13.038405,15.033296,16.0,16.0,16.0,16.124515,14.142136,12.369317,11.401754,10.198039,10.049876,10.0,10.049876,10.049876,11.401754,13.341664,15.524175,17.464249,18.248288,18.248288
hoyeon_stand_normal_01,732,244,24.401333333333334,29.998360745314464,10,0.5495563745498657,0.6828178763389587,-0.2279246896505355,0.9999877214431764,0.5446947813034058,0.6936470866203308,-0.2165572196245193,0.9999622702598572,0.5417821407318115,0.6928403973579407,-0.2165675461292266,0.9999653100967408,0.539383053779602,0.691815197467804,-0.2165917605161667,0.9999685287475586,0.5522671341896057,0.6944677233695984,-0.2165106385946273,0.9999505877494812,0.5545523166656494,0.6946591734886169,-0.216527447104454,0.9999492168426514,0.5569961667060852,0.694499671459198,-0.2165256589651107,0.9999485611915588,0.5347265005111694,0.6826022863388062,-0.1342639029026031,0.9999484419822692,0.5596278309822083,0.6865217089653015,-0.1340662389993667,0.9998891949653624,0.544392466545105,0.6688628792762756,-0.196121871471405,0.9999845027923584,0.5550538897514343,0.6705448031425476,-0.1961390078067779,0.9999746680259703,0.5144350528717041,0.606458842754364,-0.0686004161834716,0.9999749660491944,0.5795809030532837,0.6036370396614075,-0.0638026744127273,0.9999187588691713,0.5055529475212097,0.5066626667976379,-0.0148648461326956,0.984896719455719,0.5850345492362976,0.5048579573631287,-0.0169068183749914,0.9524649381637572,0.5008540749549866,0.4252662658691406,-0.0738419443368911,0.9669764041900636,0.5925406813621521,0.4198791980743408,-0.0765025168657302,0.9052642583847046,0.4975632131099701,0.3976965248584747,-0.0922615602612495,0.9328790903091432,0.5964369177818298,0.3913724422454834,-0.0961206629872322,0.8422908782958984,0.5027642846107483,0.3975610136985779,-0.1203374564647674,0.9385507106781006,0.5929030776023865,0.390237957239151,-0.1251625716686248,0.8528257012367249,0.505423367023468,0.4061106443405151,-0.0861435681581497,0.9258512258529664,0.5900697708129883,0.3994163274765014,-0.0894938856363296,0.8420206904411316,0.5284028053283691,0.429296612739563,-0.0034282498527318,0.999582827091217,0.5695604085922241,0.4309666454792022,0.0033794534392654,0.9994531869888306,0.5264948010444641,0.2724727094173431,-0.0304164495319128,0.9653809666633606,0.5735064744949341,0.2780663967132568,-0.0207497850060462,0.9505083560943604,0.5304437279701233,0.124557115137577,0.0455062948167324,0.9645727276802064,0.5738869905471802,0.1284148842096328,0.0565725788474082,0.9288814663887024,0.5334346890449524,0.1037952005863189,0.046071358025074,0.5499868988990784,0.5714780688285828,0.1070570945739746,0.0576951391994953,0.5262302160263062,0.5351113677024841,0.0764762014150619,-0.0675496384501457,0.9408354759216307,0.5759719014167786,0.0808793678879737,-0.0499142408370971,0.9120285511016846,hoyeon_stand_normal_01,17.362869,17.6509715,18.026402,17.93005,16.751597,14.3889785,12.337675999999998,11.1313385,10.9678375,11.460073,11.9137145,12.1663755,11.904171,12.651553,13.0395325,14.044381,14.904326,16.8026785,17.6646615,18.944272,19.3628435,19.7589635,19.012645,18.6814385,18.505484000000003,18.821551,11.424429,12.3660785,12.665071,12.6491105,12.4126565,11.7817455,11.947297,11.6894785,11.601411,11.6109675,11.1289745,10.216528,9.986544,8.6977935,9.220342,9.1846585,9.9754555,10.440307,10.447661,10.28011,10.4822795,12.381822,14.6468245,16.5742315,18.1232495,18.3901145,13.892444,12.806248,12.727922,12.806248,12.206556,11.18034,10.77033,9.486833,8.246211,6.0,5.09902,5.0,5.0,6.324555,8.062258,11.045361,14.0,16.0,18.0,20.024984,21.095023,21.095023,20.223748,18.439089,15.524175,12.649111,2.0,3.605551,6.324555,9.055385,11.0,13.038405,14.317821,14.866069,13.928388,13.416408,11.661904,9.433981,7.211103,5.830952,3.162278,2.0,2.236068,4.0,6.082763,8.246211,10.440307,12.369317,13.601471,14.56022,15.524175,14.866069,12.727922,14.866069,15.620499,16.278821,16.278821,15.556349,14.866069,13.601471,12.206556,10.816654,9.433981,6.403124,5.656854,4.472136,6.082763,7.615773,10.29563,13.892444,16.124515,18.35756,20.124612,21.023796,20.615528,20.248457,17.720045,14.56022,12.083046,13.416408,15.231546,15.231546,14.866069,13.601471,12.649111,10.77033,8.062258,7.211103,6.403124,5.385165,6.0,7.0,8.062258,9.055385,9.055385,10.049876,11.045361,11.045361,11.0,11.045361,11.045361,10.198039,10.77033,10.816654
hoyeon_stand_normal_01,735,245,24.501338797814206,29.998360745314464,10,0.5495563745498657,0.6828320026397705,-0.2287983745336532,0.999987781047821,0.5446949601173401,0.6936505436897278,-0.2174601703882217,0.9999624490737916,0.5417820811271667,0.6928526163101196,-0.2174703925848007,0.999965488910675,0.5393787622451782,0.6918363571166992,-0.2174931466579437,0.999968647956848,0.5522714257240295,0.6944659948348999,-0.2173127084970474,0.9999507665634156,0.5545545816421509,0.6946578621864319,-0.2173301875591278,0.9999494552612304,0.5570005774497986,0.6944974064826965,-0.2173301428556442,0.999948799610138,0.534726083278656,0.682609498500824,-0.13519386947155,0.9999486804008484,0.5596275925636292,0.6865035891532898,-0.1345293819904327,0.9998897910118104,0.5443889498710632,0.6688818335533142,-0.1970086097717285,0.9999845623970032,0.5550509691238403,0.6705528497695923,-0.1968953013420105,0.99997478723526,0.5144365429878235,0.606434166431427,-0.0692135840654373,0.99997478723526,0.5795815587043762,0.6036192774772644,-0.0641918331384658,0.9999189972877502,0.5055845379829407,0.5066413283348083,-0.0148954726755619,0.9848146438598632,0.585038423538208,0.5048516392707825,-0.0171075072139501,0.9526878595352172,0.500863790512085,0.4252777993679046,-0.0737450122833252,0.9667176604270936,0.5925341248512268,0.4198703169822693,-0.0769251435995101,0.9052844047546388,0.4976116418838501,0.3977205455303192,-0.0922037437558174,0.9324206709861756,0.5964292287826538,0.391366571187973,-0.0965404063463211,0.8421830534934998,0.5027981400489807,0.3976019918918609,-0.1202338933944702,0.9381394982337952,0.5928996205329895,0.3902370929718017,-0.1255329996347427,0.8527377247810364,0.5054492950439453,0.4061443507671356,-0.0860395282506942,0.9253842234611512,0.5900676846504211,0.3994134664535522,-0.0898941829800605,0.8419461846351624,0.5284028053283691,0.4292879700660705,-0.0034177543129771,0.9995817542076112,0.5695598721504211,0.4309638440608978,0.0033685907255858,0.9994532465934752,0.5265047550201416,0.2725380361080169,-0.0304707791656255,0.965408980846405,0.5735078454017639,0.2781234383583069,-0.0208640042692422,0.9506894946098328,0.530431866645813,0.1247582733631134,0.0460921265184879,0.9646328687667848,0.5738662481307983,0.1284741163253784,0.0565859526395797,0.929106056690216,0.5334160327911377,0.1039541512727737,0.0468185171484947,0.5501948595046997,0.571461021900177,0.1071219965815544,0.0577274151146411,0.5264233350753784,0.5350889563560486,0.0764628946781158,-0.0669424533843994,0.9409725069999696,0.5758889317512512,0.0808695331215858,-0.0498369708657264,0.9122256636619568,hoyeon_stand_normal_01,4.472136,6.082763,8.602325,11.401754,13.601471,15.0,15.264338,15.264338,13.892444,12.529964,11.18034,9.433981,8.602325,6.403124,5.385165,5.0,6.708204,7.81025,10.0,13.038405,16.124515,18.35756,21.095023,21.633308,21.400935,19.849433,7.81025,9.899495,11.401754,12.806248,13.601471,13.892444,13.416408,12.083046,11.18034,8.944272,8.062258,6.403124,5.0,4.123106,5.09902,6.708204,7.81025,10.0,11.401754,14.21267,15.811388,17.492856,17.492856,16.552945,14.317821,11.18034,18.027756,17.0,17.029386,16.124515,15.524175,15.231546,14.764823,15.811388,17.029386,17.691806,19.104973,19.104973,19.849433,20.615528,20.0,18.601075,17.204651,14.422205,11.401754,9.219544,7.071068,9.486833,13.038405,17.804494,21.400935,25.238859,18.35756,20.248457,19.416488,18.027756,15.132746,11.401754,6.708204,2.236068,3.0,5.385165,9.433981,12.041595,14.21267,14.422205,16.124515,16.552945,17.088007,16.763055,15.811388,14.866069,13.0,11.661904,11.313708,11.661904,13.601471,15.297059,13.0,14.035669,15.033296,16.03122,16.0,15.0,14.035669,13.152946,12.165525,10.198039,8.062258,7.071068,5.09902,4.472136,6.403124,8.544004,10.77033,13.601471,16.763055,18.973666,20.248457,20.615528,21.023796,20.124612,17.0,14.764823,11.7047,13.0,13.928388,14.317821,14.317821,13.416408,11.18034,9.848858,8.544004,7.071068,6.082763,5.830952,5.656854,6.403124,7.81025,8.602325,9.219544,10.0,10.630146,9.899495,10.630146,10.630146,10.0,9.433981,9.848858,10.198039
hoyeon_stand_normal_01,738,246,24.601344262295083,29.998360745314464,10,0.5495591759681702,0.6828311681747437,-0.224989652633667,0.999987781047821,0.5447005033493042,0.6936485171318054,-0.2136254757642746,0.9999624490737916,0.5417892336845398,0.6928521990776062,-0.2136363983154297,0.999965488910675,0.539376974105835,0.6918380856513977,-0.213657945394516,0.999968647956848,0.5522763133049011,0.6944593787193298,-0.2133700996637344,0.9999508261680604,0.5545570254325867,0.6946490406990051,-0.2133862674236297,0.9999495148658752,0.5570051074028015,0.6944770812988281,-0.2133857905864715,0.9999489188194276,0.5347320437431335,0.6826076507568359,-0.1319585144519806,0.9999486207962036,0.5596279501914978,0.6864604949951172,-0.1307933330535888,0.9998899698257446,0.5443866848945618,0.6688799858093262,-0.1934854686260223,0.9999845623970032,0.5550491809844971,0.6705498099327087,-0.1932296305894851,0.99997478723526,0.5144383907318115,0.6064145565032959,-0.0672305151820182,0.9999747276306152,0.579580545425415,0.6035913825035095,-0.0617500990629196,0.9999189972877502,0.5056011080741882,0.5066230893135071,-0.0141432797536253,0.9847330451011658,0.5850441455841064,0.5048494935035706,-0.0158897079527378,0.952767252922058,0.5008729100227356,0.4252877831459045,-0.0729888901114463,0.9666389226913452,0.5925155282020569,0.419870913028717,-0.0760593339800834,0.905462682247162,0.4976271092891693,0.3977317810058594,-0.091483473777771,0.9323427081108092,0.5964199900627136,0.3913689851760864,-0.0957811623811721,0.8424745798110962,0.5028170943260193,0.3976121842861175,-0.119351752102375,0.93805730342865,0.592887818813324,0.3902486860752105,-0.124545969069004,0.8529970049858093,0.505465030670166,0.4061547219753265,-0.0852306932210922,0.9252884984016418,0.5900514721870422,0.399418443441391,-0.0889565125107765,0.8422014713287354,0.5284004807472229,0.4292581081390381,-0.0034245504066348,0.9995826482772828,0.5695566534996033,0.4309597015380859,0.0033754447940737,0.9994544982910156,0.5265142321586609,0.2725639343261719,-0.0305342618376016,0.9655686616897584,0.5735099911689758,0.2781344950199127,-0.0209207609295845,0.9509931802749634,0.5304311513900757,0.1248139590024948,0.0460983850061893,0.9647703766822816,0.5738685131072998,0.1284762024879455,0.0565745569765567,0.9294841885566713,0.5334158539772034,0.1039940565824508,0.0468248538672924,0.5506075620651245,0.5714734792709351,0.1071480065584182,0.0577432364225387,0.5269312262535095,0.5350939035415649,0.076421819627285,-0.0667602717876434,0.9411835670471193,0.5758615732192993,0.0808678269386291,-0.0497978366911411,0.9125975966453552,hoyeon_stand_normal_01,5.09902,6.403124,8.944272,12.083046,14.764823,15.264338,15.264338,15.0,14.422205,12.206556,11.401754,9.433981,7.615773,7.071068,6.082763,6.708204,7.81025,10.0,12.083046,14.866069,17.720045,19.924859,22.135944,22.472205,22.847319,21.470911,8.062258,10.29563,11.661904,13.038405,13.892444,15.0,14.21267,13.453624,11.313708,9.899495,7.81025,6.403124,4.472136,4.0,3.605551,5.0,6.708204,8.944272,11.18034,12.529964,13.892444,15.811388,15.620499,14.866069,13.453624,10.630146,15.033296,14.317821,13.601471,13.0,12.529964,11.661904,11.401754,9.219544,8.485281,6.403124,5.830952,5.0,4.123106,5.656854,7.211103,10.29563,12.083046,15.231546,17.464249,18.788294,19.235384,19.723083,18.867962,17.204651,15.620499,12.041595,2.236068,4.123106,7.0,9.219544,11.7047,13.038405,14.21267,14.866069,13.453624,12.806248,10.816654,9.433981,6.403124,5.0,2.236068,2.236068,3.605551,5.385165,7.28011,10.440307,12.369317,14.317821,15.297059,16.278821,16.124515,16.124515,18.248288,15.297059,13.341664,11.401754,9.433981,9.219544,9.433981,12.083046,13.0,15.231546,17.0,18.027756,19.209373,19.849433,20.518285,21.400935,20.248457,18.867962,16.124515,13.038405,9.219544,6.708204,7.28011,10.29563,13.453624,16.278821,8.246211,6.708204,5.830952,7.28011,10.0,12.041595,14.142136,16.124515,17.117243,17.029386,18.027756,17.029386,15.033296,14.142136,12.165525,11.18034,10.049876,10.0,10.198039,11.401754,12.649111,13.928388,15.811388,18.027756,18.681542,19.646883
hoyeon_stand_normal_01,741,247,24.701349726775955,29.998360745314464,10,0.5495678782463074,0.6828002333641052,-0.2230283617973327,0.9999878406524658,0.5447055697441101,0.6936317086219788,-0.2116449028253555,0.999962568283081,0.5417954921722412,0.6928387880325317,-0.2116556763648986,0.9999655485153198,0.5393756031990051,0.6918237805366516,-0.2116767317056656,0.9999687075614928,0.5522779822349548,0.6944354176521301,-0.2112942636013031,0.9999510049819946,0.5545563101768494,0.6946234107017517,-0.2113104909658432,0.9999496936798096,0.5570046305656433,0.6944456696510315,-0.2113099545240402,0.9999491572380066,0.5347369909286499,0.6825723052024841,-0.12994085252285,0.9999486804008484,0.5596237778663635,0.6864300966262817,-0.1283173263072967,0.999890387058258,0.5443949103355408,0.6688437461853027,-0.1915283352136612,0.999984622001648,0.5550504922866821,0.6705151200294495,-0.1911430954933166,0.9999749660491944,0.514438807964325,0.6063753366470337,-0.0656258761882782,0.9999747276306152,0.5795811414718628,0.6035469174385071,-0.0596645139157772,0.9999194145202636,0.5056067705154419,0.506592333316803,-0.0134331500157713,0.984722137451172,0.585045576095581,0.5048536062240601,-0.0144015122205019,0.9530495405197144,0.5008787512779236,0.4252968430519104,-0.0728273317217826,0.9666767716407776,0.5925123691558838,0.4198872148990631,-0.075334757566452,0.9060117602348328,0.4976473748683929,0.3977747559547424,-0.0914462581276893,0.9324225783348083,0.5964177846908569,0.3913896381855011,-0.0952288657426834,0.8432397842407227,0.5028213262557983,0.3976421952247619,-0.1192757561802864,0.938126027584076,0.5928824543952942,0.3902743756771087,-0.1239900141954422,0.853708803653717,0.5054674744606018,0.406166523694992,-0.0850725471973419,0.925362229347229,0.590043842792511,0.3994438350200653,-0.0882539749145507,0.8429307341575623,0.5284008383750916,0.4291974008083343,-0.0034469363745301,0.9995831251144408,0.5695555210113525,0.4308524429798126,0.0033983255270868,0.9994553923606871,0.5265713334083557,0.2724431753158569,-0.0306239407509565,0.9656689763069152,0.5735111832618713,0.2777474224567413,-0.0209656115621328,0.951166033744812,0.5304421782493591,0.1248181536793708,0.0467913262546062,0.964799702167511,0.5738667845726013,0.1284874975681305,0.0571590587496757,0.9296462535858154,0.5334188938140869,0.1040060445666313,0.0476961657404899,0.5510095953941345,0.5714744329452515,0.1071814969182014,0.0584803074598312,0.5271598696708679,0.5351150631904602,0.0764051005244255,-0.0656201168894767,0.941288948059082,0.5758597254753113,0.080863282084465,-0.0490432493388652,0.9127923250198364,hoyeon_stand_normal_01,26.683328,25.632011,23.706539,20.248457,15.811388,11.401754,6.708204,4.123106,5.656854,8.544004,10.77033,12.649111,14.866069,16.552945,17.888544,19.697716,20.124612,20.59126,21.095023,20.248457,18.867962,16.124515,12.649111,11.0,11.7047,14.422205,13.453624,12.727922,12.041595,9.899495,8.602325,7.615773,8.062258,9.0,10.198039,11.18034,12.369317,13.152946,13.152946,13.152946,13.038405,12.0,12.0,10.049876,8.0,6.082763,4.472136,6.082763,10.049876,14.142136,19.104973,24.0,18.11077,18.248288,17.262677,16.492423,16.155494,14.764823,15.620499,15.556349,17.029386,17.029386,18.439089,19.104973,19.104973,19.79899,19.104973,18.439089,17.029386,14.21267,11.313708,8.062258,7.0,8.944272,13.601471,17.029386,21.260292,24.413111,17.691806,19.416488,18.788294,17.720045,14.142136,11.045361,7.28011,2.828427,3.162278,6.082763,9.848858,11.661904,14.21267,15.556349,16.278821,17.204651,16.643317,16.124515,15.652476,14.764823,13.038405,12.041595,10.816654,11.7047,13.152946,15.0,16.278821,15.297059,13.152946,10.0,9.055385,8.944272,9.219544,10.630146,12.041595,14.866069,15.556349,17.029386,18.601075,19.235384,20.615528,19.924859,19.646883,17.262677,15.132746,12.165525,7.615773,6.403124,7.0,10.440307,14.317821,16.552945,8.246211,6.0,5.385165,6.403124,8.544004,11.401754,13.341664,15.524175,16.763055,17.088007,17.088007,15.231546,14.764823,13.038405,11.661904,10.29563,8.944272,9.486833,9.486833,10.049876,11.045361,13.0,16.0,18.0,19.104973,18.11077
hoyeon_stand_normal_01,744,248,24.80135519125683,29.998360745314464,10,0.549480140209198,0.6826587915420532,-0.2303006947040558,0.9999879598617554,0.5446332693099976,0.6935266256332397,-0.2190144062042236,0.9999628663063048,0.5417008996009827,0.692708432674408,-0.2190237939357757,0.9999658465385436,0.539323627948761,0.6916808485984802,-0.2190449386835098,0.9999688863754272,0.552234411239624,0.6943521499633789,-0.218949869275093,0.9999513626098632,0.5545176863670349,0.6945415139198303,-0.2189678996801376,0.9999500513076782,0.5569759607315063,0.6943742632865906,-0.2189660519361496,0.9999494552612304,0.5347087979316711,0.6824462413787842,-0.1362123787403106,0.9999491572380066,0.5596246719360352,0.6863596439361572,-0.1359223276376724,0.999891459941864,0.5443194508552551,0.6686868667602539,-0.1982215493917465,0.9999847412109376,0.5549929141998291,0.6703504323959351,-0.1982168555259704,0.9999751448631288,0.514441967010498,0.6063491702079773,-0.0699019283056259,0.9999749064445496,0.5795817971229553,0.6035124063491821,-0.0645915269851684,0.9999200105667114,0.505625307559967,0.5065968632698059,-0.0161242578178644,0.9848055839538574,0.5850469470024109,0.5048525333404541,-0.0179829876869916,0.9537412524223328,0.5009073615074158,0.4253459274768829,-0.0766488462686538,0.9668825268745422,0.5924932956695557,0.4198889136314392,-0.0790207013487815,0.9070919156074524,0.4976990818977356,0.3978843986988067,-0.0953795909881591,0.932710826396942,0.5963959097862244,0.3913906216621399,-0.0988418981432914,0.8445343375205994,0.5028452277183533,0.3977164328098297,-0.1234581768512725,0.9384062886238098,0.5928592085838318,0.3902775645256042,-0.1276863664388656,0.854954719543457,0.5054820775985718,0.4062286019325256,-0.0889856442809104,0.9257267713546752,0.590018093585968,0.3994522094726562,-0.091909185051918,0.8442320823669434,0.5284109711647034,0.4292081892490387,-0.0034551792778074,0.9995816946029664,0.5695589780807495,0.4308509826660156,0.0034064757637679,0.999453067779541,0.5265721678733826,0.2726861238479614,-0.0309573598206043,0.9653974175453186,0.5735241174697876,0.2779952585697174,-0.0209572315216064,0.9506608247756958,0.5304452776908875,0.1249807551503181,0.0468445159494876,0.9644097089767456,0.5738328099250793,0.1287672519683838,0.0576132051646709,0.9289324283599854,0.5334335565567017,0.104339025914669,0.0477821603417396,0.5498842000961304,0.5714423656463623,0.1075790971517562,0.0589868873357772,0.526110827922821,0.5350810289382935,0.0770905837416648,-0.0655299574136734,0.9408119916915894,0.5758628249168396,0.0809794142842292,-0.0487340837717056,0.9120493531227112,hoyeon_stand_normal_01,26.925824,25.96151,24.33105,20.024984,15.033296,11.0,7.28011,5.0,6.082763,9.055385,11.18034,13.341664,15.297059,17.262677,18.11077,19.104973,20.099751,21.095023,20.024984,20.024984,18.027756,16.124515,13.601471,10.816654,12.206556,14.317821,13.0,12.041595,11.045361,9.055385,8.062258,7.615773,7.211103,8.485281,10.0,10.816654,12.206556,12.806248,12.806248,13.453624,12.727922,12.041595,11.401754,10.0,7.81025,5.656854,4.0,7.211103,10.630146,15.556349,20.518285,23.600847,16.8677065,16.955193,16.120959,15.5471635,14.4248965,14.1809335,13.1954145,12.6491105,13.109772,12.479806,12.617692,12.3102745,12.79563,13.240094,13.7642835,14.208244,15.3005375,14.905694,14.5348125,13.924429,13.531129,14.2301395,15.782197,17.0416575,18.291468,18.2317685,10.617692,12.1213205,12.245069,12.6334545,12.1589105,11.7836395,9.6846585,7.9142135,7.8442985,9.366486,10.024938,10.0897835,10.817335,9.6290135,9.4396925,9.7203595,10.014693,11.0347915,11.7794655,12.176451,12.5016125,13.0657175,12.980987,13.7620875,14.976762,15.861984499999998,19.235384,17.492856,15.264338,12.206556,10.630146,9.848858,10.198039,12.041595,14.035669,16.03122,17.117243,19.235384,20.615528,21.18962,22.36068,21.954498,21.633308,20.615528,17.029386,13.601471,9.433981,7.071068,7.211103,10.816654,13.416408,16.552945,8.062258,7.071068,6.324555,8.0,10.440307,13.0,15.231546,17.464249,18.384776,18.973666,18.681542,17.464249,16.492423,15.297059,13.152946,12.165525,11.401754,10.440307,11.18034,12.206556,13.601471,15.620499,17.804494,19.209373,20.808652,21.095023
hoyeon_stand_normal_01,747,249,24.901360655737705,29.998360745314464,10,0.5493089556694031,0.6826031804084778,-0.2297499030828476,0.9999880790710448,0.5444747805595398,0.6934840679168701,-0.2184047102928161,0.9999631643295288,0.54152911901474,0.6926536560058594,-0.2184141725301742,0.9999660849571228,0.5392340421676636,0.6916316747665405,-0.218435525894165,0.9999690651893616,0.552125096321106,0.6943225264549255,-0.2184086292982101,0.999951720237732,0.5544346570968628,0.6945126056671143,-0.2184266299009323,0.9999504685401917,0.5569000244140625,0.6943598985671997,-0.2184252738952636,0.999949872493744,0.5346513390541077,0.6823883056640625,-0.1357905566692352,0.9999495148658752,0.5596247911453247,0.6863480806350708,-0.1355392783880233,0.9998928904533386,0.5441614389419556,0.668623149394989,-0.1976716369390487,0.999984860420227,0.5548588633537292,0.6702454090118408,-0.1977264136075973,0.9999754428863524,0.5144212245941162,0.6062633991241455,-0.0687777027487754,0.9999751448631288,0.5795772671699524,0.6035084128379822,-0.0647568926215171,0.9999209642410278,0.5056407451629639,0.5065593123435974,-0.0132081666961312,0.9848037362098694,0.5850471258163452,0.5048584938049316,-0.0183870121836662,0.9544106125831604,0.5009199976921082,0.4253509938716888,-0.0741450786590576,0.96709543466568,0.5924855470657349,0.4198925197124481,-0.0795853212475776,0.9082260727882384,0.4977132976055145,0.3978984355926513,-0.0930007025599479,0.933105170726776,0.5963854193687439,0.3913906216621399,-0.0995746850967407,0.8460769057273865,0.5028558969497681,0.3977295458316803,-0.1213343515992164,0.9387847185134888,0.5928574204444885,0.3902795314788818,-0.1286443620920181,0.8564056158065796,0.5054914355278015,0.4062393605709076,-0.08663260191679,0.9261531829833984,0.5900173187255859,0.3994576632976532,-0.0925386324524879,0.8456472754478455,0.5284114480018616,0.4291789829730987,-0.0030969991348683,0.9995836019515992,0.5695627331733704,0.4308317303657532,0.0030495231039822,0.9994549751281738,0.5265458822250366,0.2725477516651153,-0.0309584103524684,0.9655775427818298,0.5735716223716736,0.2779991030693054,-0.0215964931994676,0.9507679343223572,0.5304438471794128,0.1248819977045059,0.0475565902888774,0.9644986391067504,0.5738704800605774,0.1286112964153289,0.0576767548918724,0.9289122819900512,0.5334463119506836,0.1042161509394645,0.0485513024032115,0.5507683753967285,0.571470320224762,0.1074556559324264,0.0590812750160694,0.5256710648536682,0.5350778102874756,0.0766512975096702,-0.0650929063558578,0.9409387111663818,0.575860321521759,0.0808131322264671,-0.0487679168581962,0.9120641350746156,hoyeon_stand_normal_01,27.073973,26.476405,24.041631,21.540659,15.652476,12.083046,8.246211,5.09902,5.656854,8.062258,9.848858,12.083046,13.928388,15.231546,17.464249,17.888544,19.235384,19.723083,19.723083,18.867962,17.492856,14.764823,13.0,10.049876,10.440307,13.038405,14.317821,13.341664,12.369317,10.198039,9.055385,9.055385,9.486833,10.29563,11.661904,12.206556,13.038405,13.892444,13.892444,14.317821,14.317821,13.0,12.649111,11.7047,9.486833,7.211103,6.403124,7.0,11.18034,15.524175,19.646883,23.194827,14.317821,13.038405,13.453624,12.727922,12.806248,10.816654,10.29563,8.944272,7.28011,6.082763,5.0,4.472136,5.0,7.28011,9.219544,11.045361,14.035669,16.03122,19.026298,20.024984,21.095023,21.377558,20.396078,18.681542,15.811388,13.0,2.236068,4.123106,7.0,10.049876,12.369317,14.56022,15.231546,15.652476,14.422205,13.601471,12.041595,9.899495,7.81025,5.656854,3.605551,2.0,2.236068,5.0,7.0,9.055385,11.045361,13.038405,14.142136,15.132746,15.297059,15.524175,17.262677,15.297059,13.341664,11.401754,9.433981,9.899495,10.0,11.18034,13.416408,14.764823,17.0,18.35756,18.601075,20.518285,21.260292,21.400935,20.248457,18.35756,17.0,13.038405,10.0,6.708204,7.28011,10.816654,12.806248,16.278821,8.246211,6.708204,6.403124,7.071068,10.0,12.041595,14.142136,16.124515,17.029386,18.027756,18.0,17.029386,16.03122,14.035669,13.152946,12.165525,11.045361,10.0,10.049876,11.401754,12.649111,14.866069,15.811388,18.027756,18.973666,19.416488
hoyeon_stand_normal_01,750,250,25.001366120218577,29.998360745314464,10,0.5492115616798401,0.6825864315032959,-0.2321929186582565,0.9999882578849792,0.5443830490112305,0.693463921546936,-0.2207646816968917,0.9999638199806212,0.5414258241653442,0.6926261186599731,-0.2207736223936081,0.9999666810035706,0.5391756892204285,0.6916086077690125,-0.2207950949668884,0.9999696016311646,0.5520694255828857,0.6943128108978271,-0.2209526896476745,0.999952495098114,0.5543947815895081,0.6945062875747681,-0.2209702134132385,0.9999512434005736,0.5568678379058838,0.6943556666374207,-0.2209683060646057,0.9999505877494812,0.5346160531044006,0.6823506951332092,-0.1374163776636123,0.9999505281448364,0.5596279501914978,0.6863430738449097,-0.1381163001060485,0.9998949766159058,0.5440532565116882,0.6685920357704163,-0.1998613327741623,0.9999851584434508,0.5547887086868286,0.6701995730400085,-0.2001722306013107,0.999975860118866,0.5144079327583313,0.6061672568321228,-0.0693800672888755,0.9999755024909972,0.5795772075653076,0.6034446358680725,-0.0665172263979911,0.999921977519989,0.5056450963020325,0.5065343379974365,-0.0129658924415707,0.9848620891571044,0.5850490927696228,0.5048620104789734,-0.0186507906764745,0.9547836780548096,0.500938355922699,0.4253575205802917,-0.0733012706041336,0.9671631455421448,0.5924853682518005,0.4199144542217254,-0.0796364396810531,0.9086761474609376,0.4977404773235321,0.3979114890098572,-0.0918564647436142,0.9331921339035034,0.5963817238807678,0.3914031088352203,-0.0995306894183158,0.8466582894325256,0.5028817057609558,0.3977409601211548,-0.120477944612503,0.9388754367828368,0.592863142490387,0.3902940452098846,-0.1288584619760513,0.8569715619087219,0.5055088996887207,0.4062496721744537,-0.0858394354581832,0.9262558221817015,0.5900335311889648,0.399473637342453,-0.0926964282989502,0.846206545829773,0.5284152626991272,0.4292320609092712,-0.0029684833716601,0.9995869994163512,0.5695735812187195,0.4308744966983795,0.0029199889395385,0.9994587302207948,0.5265167951583862,0.2725705504417419,-0.0308859832584857,0.9657557606697084,0.5735732913017273,0.278000146150589,-0.0215941555798053,0.9510427117347716,0.5304404497146606,0.1247848942875862,0.047529000788927,0.9647836089134216,0.5738929510116577,0.1286164969205856,0.0576798729598522,0.9292274117469788,0.5334506630897522,0.1040984019637107,0.0484678037464618,0.5520608425140381,0.5714751482009888,0.1074484586715698,0.0590782202780246,0.5263881087303162,0.5351057052612305,0.0763469189405441,-0.0656511262059211,0.9413605332374572,0.5758174657821655,0.0806241333484649,-0.0489647984504699,0.912545382976532,hoyeon_stand_normal_01,5.09902,6.324555,8.602325,11.313708,14.142136,14.866069,15.620499,14.21267,13.601471,12.806248,11.401754,9.219544,8.485281,6.403124,5.09902,5.09902,5.830952,8.485281,10.816654,13.892444,16.124515,18.35756,20.59126,21.633308,21.400935,19.209373,8.062258,10.0,11.401754,12.806248,13.453624,13.453624,13.453624,12.041595,10.630146,9.219544,7.071068,6.403124,5.385165,4.0,4.472136,6.403124,8.485281,9.899495,12.041595,13.453624,15.556349,16.278821,17.029386,15.811388,13.601471,10.816654,18.248288,17.720045,16.763055,16.155494,14.764823,15.0,14.866069,15.0,16.643317,17.492856,18.35756,18.867962,19.416488,19.416488,19.416488,18.601075,17.029386,14.21267,11.401754,8.544004,7.071068,8.485281,12.206556,16.643317,21.633308,25.0,18.601075,19.235384,19.313208,17.262677,15.0,11.18034,6.708204,3.605551,3.162278,6.324555,9.848858,12.206556,14.21267,15.556349,15.620499,17.204651,16.643317,16.124515,15.264338,13.892444,12.206556,11.313708,10.29563,11.401754,13.038405,15.132746,17.541203,15.7715795,13.6255375,11.216117,9.534201,9.0276925,10.1239575,10.975335,13.076473,14.591945,16.940148999999998,17.7460025,18.637293,20.124366,20.807764,20.490182,19.925456,18.6136915,15.925002,12.5827625,10.2201535,7.385231,7.5106765,10.6284805,13.571068,16.1400045,8.062258,6.324555,5.5908915,6.8071135,8.8524125,11.401754,14.011838,15.405694,16.7153025,17.029386,17.3311845,16.278821,14.866069,13.2038595,12.1240755,11.401754,11.01595,10.2648205,10.315073,10.556142,12.306505,14.541322,16.338729999999998,17.4785525,18.887024,19.17878
hoyeon_stand_normal_01,753,251,25.101371584699454,29.998360745314464,10,0.5491653084754944,0.6825560927391052,-0.2382039278745651,0.9999883770942688,0.5443432927131653,0.6934331059455872,-0.226915493607521,0.99996417760849,0.5413815379142761,0.6925863027572632,-0.2269229292869568,0.999967098236084,0.5391509532928467,0.6915670037269592,-0.2269460409879684,0.9999699592590332,0.5520399808883667,0.6942971348762512,-0.2270296663045883,0.9999529123306274,0.5543678402900696,0.6944972276687622,-0.2270489335060119,0.999951720237732,0.5568410754203796,0.6943520307540894,-0.227048173546791,0.99995094537735,0.5346008539199829,0.6822929382324219,-0.1437617242336273,0.9999513030052184,0.5596282482147217,0.6863391399383545,-0.1443430334329605,0.9998961687088012,0.5440128445625305,0.6685523986816406,-0.2059463858604431,0.9999853372573853,0.5547631978988647,0.6701501607894897,-0.2062111645936966,0.9999760985374452,0.5144081115722656,0.6060899496078491,-0.0754837542772293,0.9999756813049316,0.5795796513557434,0.6033804416656494,-0.0716587156057357,0.9999221563339232,0.5056621432304382,0.5064870715141296,-0.0180883202701807,0.9849867224693298,0.5850467085838318,0.5048583149909973,-0.0226413905620574,0.9550439715385436,0.5009413361549377,0.4253250360488891,-0.0771002396941185,0.9673283696174622,0.5924803614616394,0.4199064075946808,-0.0822554603219032,0.9086334705352784,0.4977588653564453,0.3978781700134277,-0.0952999964356422,0.9333731532096864,0.5963556170463562,0.3913910388946533,-0.1018425375223159,0.8463832139968872,0.5028899908065796,0.3977153897285461,-0.1239493042230606,0.9390509724617004,0.5928634405136108,0.3902798593044281,-0.1311075687408447,0.8567289710044861,0.5055155158042908,0.4062351584434509,-0.0895345956087112,0.9264886379241944,0.5900383591651917,0.3994404375553131,-0.095265544950962,0.8460023999214172,0.5284097790718079,0.4293776452541351,-0.0029583135619759,0.9995874166488647,0.5695618987083435,0.4311484694480896,0.002908676629886,0.999458909034729,0.5265136957168579,0.2725740075111389,-0.0311217587441205,0.965246856212616,0.5735591053962708,0.2781451046466827,-0.0215919204056262,0.95037180185318,0.5304459929466248,0.124714620411396,0.0471944697201252,0.9642411470413208,0.5738788843154907,0.1286805719137191,0.0575413778424263,0.9282528758049012,0.5334557890892029,0.1039415001869201,0.0481057539582252,0.549313485622406,0.5714675188064575,0.1075056046247482,0.0588877722620964,0.5239167213439941,0.5350984334945679,0.0763130113482475,-0.0660854429006576,0.940606653690338,0.5758147835731506,0.080617070198059,-0.0493183843791484,0.9114874005317688,hoyeon_stand_normal_01,5.09902,5.830952,9.899495,12.806248,15.620499,16.278821,16.278821,15.556349,14.866069,13.453624,12.041595,9.899495,7.81025,6.708204,5.09902,5.385165,7.071068,9.433981,12.083046,14.866069,17.720045,20.880613,21.84033,23.086793,23.4094,21.931712,8.602325,11.401754,12.041595,14.142136,14.866069,15.620499,15.0,13.601471,12.206556,10.0,7.81025,6.403124,4.472136,4.0,5.385165,6.403124,9.219544,10.630146,13.453624,15.556349,16.970563,18.439089,18.439089,17.804494,15.0,11.401754,16.278821,15.620499,15.811388,13.892444,13.416408,12.649111,13.152946,13.0,14.035669,14.035669,16.124515,16.124515,16.03122,17.029386,16.0,16.03122,14.035669,12.041595,9.0,6.082763,5.0,7.0,10.198039,14.317821,18.248288,21.095023,16.124515,16.763055,16.552945,15.264338,12.727922,9.219544,5.830952,1.0,2.828427,6.324555,9.219544,12.041595,13.0,14.035669,16.278821,15.524175,15.811388,15.811388,14.866069,13.928388,12.369317,11.045361,11.045361,10.77033,12.206556,13.453624,13.0,15.0,16.03122,16.03122,16.0,15.0,14.035669,13.152946,12.165525,10.198039,8.062258,7.0,5.09902,5.0,6.403124,8.544004,11.7047,14.56022,16.763055,18.973666,21.18962,21.540659,21.023796,20.124612,18.35756,15.264338,12.649111,13.0,14.317821,14.317821,14.317821,13.892444,12.083046,9.848858,8.544004,7.071068,6.082763,5.385165,5.656854,6.403124,7.211103,8.602325,10.0,10.0,10.0,10.630146,10.630146,10.630146,10.0,10.29563,9.848858,11.18034
hoyeon_stand_normal_01,756,252,25.201377049180326,29.998360745314464,10,0.549164354801178,0.6825520992279053,-0.2370836287736892,0.9999883770942688,0.5443416833877563,0.6934242844581604,-0.2257402837276458,0.9999641180038452,0.5413801670074463,0.692574679851532,-0.2257488369941711,0.9999670386314392,0.5391482710838318,0.6915519833564758,-0.2257705777883529,0.9999698996543884,0.5520373582839966,0.6942936778068542,-0.2257599085569381,0.999952793121338,0.5543619990348816,0.6944929957389832,-0.2257790118455886,0.9999516606330872,0.5568308234214783,0.6943493485450745,-0.225780114531517,0.9999508261680604,0.5345991253852844,0.6822716593742371,-0.1427773088216781,0.999951183795929,0.5596216320991516,0.6863363981246948,-0.1428819149732589,0.9998959898948668,0.544011116027832,0.668546736240387,-0.2049564570188522,0.9999853372573853,0.5547608733177185,0.6701461672782898,-0.2050818055868148,0.9999760985374452,0.5144072771072388,0.606052041053772,-0.0749882012605667,0.9999753832817078,0.5795907378196716,0.6033105850219727,-0.0710134953260421,0.9999216794967652,0.5056818127632141,0.5064463019371033,-0.0180026646703481,0.9849931597709656,0.5850447416305542,0.5047613978385925,-0.0224272366613149,0.955233097076416,0.5009452104568481,0.4252629280090332,-0.0767226219177246,0.9672126173973083,0.592494010925293,0.419809877872467,-0.0822515413165092,0.9086764454841614,0.4977674186229706,0.3978122770786285,-0.0948962196707725,0.9331199526786804,0.5963770151138306,0.3912849128246307,-0.1018817946314811,0.8463626503944397,0.5028927326202393,0.397652268409729,-0.12343081086874,0.9388144612312316,0.5929003357887268,0.3901619017124176,-0.1310275495052337,0.8567259907722473,0.5055181384086609,0.4061991572380066,-0.0891088992357254,0.9262188673019408,0.5900833010673523,0.3992962837219238,-0.0952238142490387,0.8459653258323669,0.5284098386764526,0.4293248057365417,-0.002920618513599,0.9995838403701782,0.5695634484291077,0.4311379194259643,0.0028693573549389,0.9994553327560424,0.5265243649482727,0.2725493311882019,-0.0311344899237155,0.9653416872024536,0.5735570788383484,0.2781519293785095,-0.02174380607903,0.9506399035453796,0.5303400158882141,0.1249580383300781,0.0478020049631595,0.9642572999000548,0.5738727450370789,0.1284824907779693,0.0575187057256698,0.9284930229187012,0.5332795977592468,0.1041273400187492,0.0488097071647644,0.5487082600593567,0.5714823007583618,0.1074885353446006,0.0588670745491981,0.5239396095275879,0.5350663661956787,0.0762912631034851,-0.065490536391735,0.9406073093414308,0.5757871270179749,0.0805648416280746,-0.0495279878377914,0.9116404056549072,hoyeon_stand_normal_01,4.242641,6.082763,9.055385,12.165525,14.142136,16.124515,16.124515,16.03122,15.033296,13.038405,12.0,10.049876,8.246211,7.615773,6.403124,5.830952,7.071068,9.055385,11.401754,15.231546,17.464249,20.124612,21.931712,23.4094,23.086793,21.587033,7.071068,9.0,11.045361,13.038405,13.152946,13.341664,13.341664,12.369317,10.440307,9.486833,7.28011,6.082763,4.0,3.605551,3.162278,5.09902,7.0,9.055385,11.045361,13.038405,15.033296,16.0,16.03122,15.132746,13.152946,10.049876,16.278821,15.620499,15.0,13.892444,13.928388,13.341664,14.035669,14.0,15.132746,16.278821,17.262677,17.262677,18.11077,18.11077,18.027756,16.0,15.0,13.0,10.0,6.324555,5.830952,9.0,12.165525,17.262677,20.396078,23.086793,17.720045,18.788294,18.027756,17.029386,14.21267,10.816654,6.324555,3.0,2.236068,5.385165,8.246211,11.045361,13.038405,14.142136,15.524175,15.811388,16.155494,15.231546,15.231546,14.317821,12.649111,11.18034,11.045361,10.77033,11.661904,13.453624,12.529964,15.264338,15.264338,16.643317,16.124515,16.124515,15.231546,13.928388,11.7047,10.440307,8.246211,6.324555,5.0,3.605551,5.0,7.28011,10.440307,13.0,16.155494,18.027756,20.248457,20.880613,20.615528,19.416488,17.262677,14.142136,13.038405,15.033296,16.03122,16.0,16.0,15.0,14.0,12.0,9.055385,7.28011,7.211103,6.403124,6.708204,7.615773,8.246211,9.219544,9.219544,10.440307,11.401754,11.7047,11.7047,11.401754,11.18034,10.049876,10.0,10.440307
hoyeon_stand_normal_01,759,253,25.301382513661203,29.998360745314464,10,0.5491877794265747,0.6825785040855408,-0.236281469464302,0.9999882578849792,0.5443509817123413,0.6934386491775513,-0.2247997969388961,0.9999637603759766,0.541388750076294,0.6925989389419556,-0.224811166524887,0.9999667406082152,0.5391451716423035,0.6915799379348755,-0.2248328179121017,0.9999696016311646,0.5520411729812622,0.6942983269691467,-0.2246572524309158,0.9999523162841796,0.5543624758720398,0.6944971084594727,-0.2246758490800857,0.9999511241912842,0.5568299889564514,0.6943544745445251,-0.2246802300214767,0.999950349330902,0.5345975160598755,0.6822777390480042,-0.1422319561243057,0.9999507665634156,0.5596144795417786,0.6863351464271545,-0.1414877772331237,0.9998948574066162,0.5440132021903992,0.6685603857040405,-0.204414814710617,0.9999852180480956,0.5547651648521423,0.670166552066803,-0.2043042182922363,0.9999759197235109,0.5143940448760986,0.6060353517532349,-0.0744325220584869,0.999975085258484,0.5795910358428955,0.6032372713088989,-0.0700006783008575,0.9999207258224488,0.505691647529602,0.506401777267456,-0.0176361259073019,0.9848855137825012,0.5850321054458618,0.5046675801277161,-0.0216700434684753,0.9549174308776855,0.500946581363678,0.4252112507820129,-0.0764165371656417,0.9668300151824952,0.5924927592277527,0.4197823703289032,-0.0817989781498909,0.908035933971405,0.4977702796459198,0.3977322578430176,-0.094626173377037,0.9325151443481444,0.5963754057884216,0.3912709951400757,-0.1014481782913208,0.8455631732940674,0.5028956532478333,0.3975668847560882,-0.1231017634272575,0.9382439851760864,0.5929053425788879,0.3901405334472656,-0.1305744051933288,0.85597825050354,0.5055205821990967,0.4061306416988373,-0.0887884572148323,0.9255537390708924,0.5900928974151611,0.3992572724819183,-0.0947927087545394,0.845175564289093,0.528407871723175,0.4292171895503998,-0.0030318140052258,0.99958074092865,0.5695635080337524,0.4310656785964966,0.0029799537733197,0.9994508028030396,0.5265628099441528,0.2723117768764496,-0.0313435532152652,0.9653918147087096,0.5735565423965454,0.2779513001441955,-0.0216393377631902,0.950678050518036,0.5303701162338257,0.1247038841247558,0.0477554649114608,0.964364230632782,0.5738008618354797,0.1279709637165069,0.0576094351708889,0.9285949468612672,0.5332801342010498,0.1039137840270996,0.0487629957497119,0.5477510094642639,0.5714667439460754,0.1072191670536995,0.0589526556432247,0.5241250991821289,0.5351364016532898,0.0760513767600059,-0.0656269863247871,0.9407244324684144,0.5757344961166382,0.0803402215242385,-0.0494513101875782,0.9117810130119324,hoyeon_stand_normal_01,13.813187500000002,14.510412,15.2163735,15.404203,14.449265,12.805674,11.103639,10.2983255,10.2092305,11.0489635,11.0207975,11.0990195,11.14094,11.3245345,11.7601835,12.2864215,13.117692,14.4516605,15.298414,16.5518735,16.848537,17.1589105,17.1018015,16.670277,16.976976999999998,17.1385795,9.8494095,10.5743685,11.000165,10.972136,10.966797,10.9179455,10.481756,10.327089,10.1253175,9.8648055,9.0138785,8.746428,7.412091,7.159557,6.966304,8.250387,8.7201535,9.109772,9.140055,9.1925825,9.3194235,10.6117675,12.6115465,14.4702915,15.53286,15.8149635,14.317821,13.928388,14.317821,13.152946,13.0,12.0,11.045361,10.198039,8.246211,6.708204,5.830952,5.0,5.09902,6.324555,8.062258,10.0,12.806248,15.620499,17.029386,19.209373,20.0,20.248457,18.867962,17.0,15.231546,11.7047,3.605551,4.123106,6.403124,8.602325,11.18034,12.369317,14.142136,14.035669,14.0,12.041595,10.198039,9.219544,6.082763,4.123106,2.236068,2.0,3.605551,5.0,7.81025,9.899495,12.041595,13.453624,15.556349,15.556349,16.278821,15.620499,16.763055,14.56022,12.369317,10.049876,8.062258,8.544004,9.219544,11.313708,12.041595,14.142136,16.278821,17.804494,18.867962,19.235384,20.248457,19.924859,19.416488,17.262677,15.132746,11.18034,7.615773,6.403124,7.0,10.440307,14.317821,16.552945,8.062258,6.324555,5.09902,6.403124,8.062258,10.29563,13.0,15.231546,15.652476,16.124515,16.124515,15.264338,15.0,12.806248,11.401754,10.816654,9.433981,8.944272,9.486833,10.198039,12.165525,13.152946,15.132746,17.117243,18.248288,18.439089
hoyeon_stand_normal_01,762,254,25.401387978142075,29.998360745314464,10,0.5492789149284363,0.6826107501983643,-0.2354001551866531,0.9999880790710448,0.544397234916687,0.6934590935707092,-0.2239470928907394,0.9999633431434632,0.5414368510246277,0.6926378011703491,-0.2239603102207183,0.999966323375702,0.5391520261764526,0.6916231513023376,-0.2239814400672912,0.999969244003296,0.552078127861023,0.6943028569221497,-0.2235117405653,0.9999517798423768,0.5543912649154663,0.6945002675056458,-0.2235298454761505,0.9999505877494812,0.5568545460700989,0.6943544149398804,-0.2235364913940429,0.9999498128890992,0.5345970988273621,0.6822950839996338,-0.1420748382806778,0.9999502301216124,0.5596087574958801,0.6863338947296143,-0.1400932520627975,0.9998935461044312,0.5440555810928345,0.6685832142829895,-0.2039688974618911,0.9999850988388062,0.5548055171966553,0.6702058911323547,-0.2034281641244888,0.9999756813049316,0.5143887400627136,0.6060309410095215,-0.0738215595483779,0.9999746680259703,0.5795920491218567,0.6031673550605774,-0.0689359530806541,0.9999197125434875,0.5056941509246826,0.5063747763633728,-0.0176638439297676,0.9847976565361024,0.5850317478179932,0.5045748949050903,-0.0206753239035606,0.9545788168907166,0.5009467601776123,0.4251794815063476,-0.0765072256326675,0.9664502143859864,0.5924858450889587,0.4197643399238586,-0.0811012461781501,0.9074563384056092,0.4977704882621765,0.3976852893829345,-0.0947216004133224,0.9319024085998536,0.5963677763938904,0.3912661671638489,-0.1007461473345756,0.8448317050933838,0.5028958320617676,0.3975141942501068,-0.1230707243084907,0.93765527009964,0.5929054021835327,0.3901312947273254,-0.1296801269054412,0.855277955532074,0.5055211186408997,0.40608811378479,-0.0888258442282676,0.9248837828636168,0.5900938510894775,0.3992254734039306,-0.0940385982394218,0.8444430828094482,0.5284008383750916,0.4291599690914154,-0.0031531217973679,0.9995762705802916,0.5695627331733704,0.4310315251350403,0.0031001640018075,0.9994457364082336,0.5265120267868042,0.2721254229545593,-0.0317935198545455,0.9654987454414368,0.573579728603363,0.2779513001441955,-0.0216355398297309,0.9509271383285522,0.5303499102592468,0.1244857683777809,0.0475635640323162,0.9644078612327576,0.5737997889518738,0.1277176886796951,0.057574562728405,0.9288765788078308,0.5332440733909607,0.1037413030862808,0.048571553081274,0.5464311838150024,0.5714699625968933,0.1071022078394889,0.0589106418192386,0.5249483585357666,0.5351365208625793,0.0757648199796676,-0.0657932236790657,0.940639317035675,0.5757316946983337,0.0801165550947189,-0.0494585968554019,0.9119658470153807,hoyeon_stand_normal_01,27.45906,27.018512,24.758837,21.260292,16.401219,12.206556,8.485281,5.385165,5.385165,7.071068,9.219544,12.206556,13.601471,16.401219,18.601075,19.209373,20.615528,21.260292,21.260292,19.849433,17.691806,15.620499,12.206556,9.219544,9.219544,11.661904,13.341664,12.165525,11.045361,9.219544,7.615773,6.403124,7.211103,8.544004,10.440307,11.401754,12.369317,12.649111,13.601471,12.649111,13.0,13.0,12.083046,11.18034,8.944272,6.324555,4.123106,5.830952,10.440307,14.56022,18.973666,23.4094,14.035669,13.341664,13.928388,13.416408,13.038405,12.206556,10.630146,9.899495,8.602325,6.708204,6.324555,6.0,5.830952,7.81025,10.0,11.661904,14.764823,17.0,19.723083,20.248457,21.095023,20.808652,20.615528,19.104973,16.970563,13.453624,1.0,3.0,6.082763,8.544004,10.816654,12.806248,14.142136,14.21267,13.601471,13.038405,11.18034,9.848858,7.615773,5.385165,3.605551,1.0,2.236068,4.123106,6.082763,9.219544,11.18034,13.152946,14.317821,15.297059,15.132746,15.033296,18.35756,16.124515,13.416408,11.7047,9.055385,9.055385,9.486833,12.083046,13.416408,15.652476,17.464249,18.027756,19.416488,20.099751,21.023796,21.023796,20.223748,18.248288,16.278821,13.152946,10.0,6.708204,8.062258,11.18034,14.0,17.0,8.062258,6.324555,5.385165,6.403124,10.0,11.661904,14.764823,16.124515,17.492856,17.204651,17.804494,16.278821,14.866069,13.453624,12.041595,12.041595,10.630146,10.0,10.29563,10.77033,12.649111,14.866069,16.763055,18.027756,18.788294,19.235384
hoyeon_stand_normal_01,765,255,25.501393442622952,29.998360745314464,10,0.5493728518486023,0.6826280355453491,-0.2346726953983307,0.9999879002571106,0.544440507888794,0.6934771537780762,-0.2232201695442199,0.9999628663063048,0.5414800047874451,0.6926734447479248,-0.2232323139905929,0.9999659061431884,0.539158046245575,0.6916621923446655,-0.2232535928487777,0.9999688863754272,0.5521184802055359,0.6943064332008362,-0.222892016172409,0.999951183795929,0.5544254779815674,0.6945022940635681,-0.222910076379776,0.9999499320983888,0.556885838508606,0.6943535208702087,-0.2229149788618087,0.9999491572380066,0.5345959067344666,0.682309627532959,-0.1411054134368896,0.9999496340751648,0.5596051812171936,0.6863324642181396,-0.1396087259054184,0.9998921155929564,0.5440983176231384,0.6686010956764221,-0.203082874417305,0.9999849796295166,0.5548533797264099,0.6702379584312439,-0.2027083486318588,0.9999753832817078,0.514381468296051,0.6060250997543335,-0.0734492540359497,0.999974250793457,0.5795924067497253,0.6031122207641602,-0.0685057416558265,0.9999184012413024,0.5056975483894348,0.5063721537590027,-0.017728928476572,0.9846793413162231,0.5850247144699097,0.5045434832572937,-0.0204367414116859,0.95427268743515,0.5009478330612183,0.4251768887042999,-0.0764805227518081,0.9659972190856934,0.592481255531311,0.4197601974010467,-0.0808858200907707,0.9065596461296082,0.4977731108665466,0.3976860642433166,-0.0946621969342231,0.9311407804489136,0.5963636636734009,0.391274631023407,-0.1005495861172676,0.8436098694801331,0.5028964281082153,0.3975121676921844,-0.1229577288031578,0.9369415640830994,0.5929073095321655,0.3901385962963104,-0.1295378059148788,0.854119062423706,0.5055220127105713,0.4060851633548736,-0.0887730419635772,0.9240810871124268,0.5900970101356506,0.3992243409156799,-0.093840591609478,0.8432508111000061,0.5284005999565125,0.4291324019432068,-0.0031614233739674,0.9995721578598022,0.5695579051971436,0.4310286045074463,0.0031081205233931,0.9994398355484008,0.5265082716941833,0.2720870971679687,-0.0321176871657371,0.9655161499977112,0.573585569858551,0.2779831290245056,-0.021736342459917,0.9511232376098632,0.5303314924240112,0.1244489178061485,0.0475555285811424,0.9644399285316468,0.573794424533844,0.1277131140232086,0.0574959181249141,0.929103672504425,0.5332115888595581,0.1036794111132621,0.0485536903142929,0.545061469078064,0.5714635252952576,0.1070936918258667,0.0588401816785335,0.5251564383506775,0.5351413488388062,0.0755137056112289,-0.0657951086759567,0.9405603408813475,0.575711190700531,0.0799780264496803,-0.0495340563356876,0.9121105074882508,hoyeon_stand_normal_01,4.242641,5.0,7.615773,10.29563,12.083046,13.416408,13.0,13.0,12.649111,10.77033,9.486833,8.544004,7.211103,5.656854,4.472136,5.0,6.324555,8.602325,11.313708,13.453624,15.620499,18.439089,20.518285,21.213203,21.260292,19.209373,7.28011,9.486833,11.401754,12.369317,13.341664,13.152946,13.038405,12.041595,10.049876,9.055385,7.071068,6.082763,4.472136,3.605551,4.123106,5.0,7.28011,8.246211,10.440307,12.649111,14.56022,15.524175,15.297059,14.142136,13.038405,10.049876,19.104973,19.235384,18.439089,17.720045,17.088007,16.643317,17.804494,17.691806,19.104973,19.849433,20.615528,20.615528,21.260292,21.931712,21.213203,19.849433,17.691806,16.278821,12.727922,8.944272,7.0,9.433981,13.453624,18.439089,22.671568,25.455844,18.35756,19.313208,19.416488,18.027756,15.132746,11.7047,7.211103,3.162278,4.123106,7.28011,10.29563,12.206556,14.866069,15.620499,17.204651,18.027756,17.492856,17.888544,16.552945,15.652476,14.422205,13.453624,12.806248,13.0,14.317821,16.03122,14.035669,15.132746,16.124515,17.117243,17.117243,17.029386,16.0,14.035669,13.152946,11.18034,9.219544,7.071068,6.0,4.472136,5.0,7.28011,10.198039,13.152946,16.124515,19.235384,20.396078,21.587033,21.84033,19.924859,18.027756,15.231546,13.341664,14.317821,15.811388,16.763055,15.811388,14.866069,13.601471,11.401754,9.219544,8.0,7.28011,6.708204,6.403124,7.81025,8.602325,10.0,10.0,11.401754,11.401754,12.041595,12.041595,11.401754,10.816654,11.18034,10.77033,11.18034
hoyeon_stand_normal_01,768,256,25.601398907103825,29.998360745314464,10,0.5494511723518372,0.6826338171958923,-0.2349767833948135,0.999987781047821,0.5444772243499756,0.6934822201728821,-0.2235902249813079,0.9999625086784364,0.541517436504364,0.6926853656768799,-0.2236018031835556,0.9999655485153198,0.539164125919342,0.6916729211807251,-0.2236232459545135,0.9999685883522034,0.5521510243415833,0.6943069100379944,-0.2232643216848373,0.9999507069587708,0.554450273513794,0.6945028305053711,-0.2232832759618759,0.9999494552612304,0.556906521320343,0.6943525671958923,-0.223288431763649,0.9999487400054932,0.5345947742462158,0.6823111176490784,-0.1414865553379058,0.9999490976333618,0.5595967173576355,0.6863310933113098,-0.139984056353569,0.9998911023139954,0.5441486835479736,0.6686111092567444,-0.2033394128084182,0.999984860420227,0.5548998117446899,0.6702636480331421,-0.2029852867126464,0.9999752044677734,0.5143762826919556,0.6060213446617126,-0.0745731517672538,0.9999738335609436,0.5795928239822388,0.6030740737915039,-0.0687600746750831,0.999917447566986,0.5057017207145691,0.5063586831092834,-0.0193989761173725,0.9846397638320924,0.5850257873535156,0.5044862031936646,-0.020724581554532,0.9542466402053832,0.5009605288505554,0.4251697063446045,-0.0783169716596603,0.965761125087738,0.5924786925315857,0.4197204113006592,-0.081317089498043,0.9063398241996764,0.4978179931640625,0.3976733982563019,-0.0965137407183647,0.9307284355163574,0.5963633060455322,0.3912554383277893,-0.1010393276810646,0.8433035612106323,0.5029203295707703,0.3974919617176056,-0.1247509494423866,0.9365495443344116,0.5929095149040222,0.3901025950908661,-0.1298987716436386,0.8538207411766052,0.50553959608078,0.4060731530189514,-0.090554192662239,0.9236400127410888,0.5900984406471252,0.3991583585739136,-0.094210036098957,0.8429084420204163,0.5283844470977783,0.4291146695613861,-0.003194035263732,0.9995669722557068,0.5695444345474243,0.4310243725776672,0.0031398087739944,0.9994333982467652,0.5265188813209534,0.2719419300556183,-0.0323966108262538,0.9654255509376526,0.5735958814620972,0.2779481112957001,-0.0218062344938516,0.9512010216712952,0.5303944945335388,0.124450571835041,0.0479452684521675,0.9643184542655944,0.5738173127174377,0.1277179718017578,0.0575658418238163,0.929133117198944,0.5332279801368713,0.1036780774593353,0.0490595959126949,0.5433810353279114,0.5714940428733826,0.1070936471223831,0.0589456595480442,0.5249035954475403,0.5352963805198669,0.0754104927182197,-0.0651247575879097,0.9402788877487184,0.5757103562355042,0.0799478366971015,-0.0494660921394825,0.9120302200317384,hoyeon_stand_normal_01,24.698178,23.537205,21.213203,18.027756,14.0,10.0,6.082763,3.605551,4.0,6.324555,8.544004,10.77033,13.0,14.866069,17.088007,17.720045,18.681542,19.646883,18.439089,18.439089,16.492423,13.601471,11.18034,9.219544,10.440307,13.038405,13.0,11.661904,10.816654,8.944272,7.615773,7.071068,7.28011,8.062258,8.602325,10.0,11.401754,12.206556,13.038405,12.529964,12.529964,11.18034,10.77033,9.486833,7.615773,5.830952,3.605551,4.472136,8.485281,13.453624,17.804494,21.633308,17.029386,16.401219,16.401219,15.264338,14.317821,14.866069,14.317821,15.033296,15.0,16.03122,17.029386,17.029386,18.027756,18.0,18.0,17.029386,15.033296,13.038405,10.0,7.071068,5.656854,7.28011,11.045361,15.132746,18.11077,21.023796,15.811388,16.552945,16.401219,14.866069,12.206556,9.848858,6.082763,2.828427,3.605551,5.830952,9.486833,11.18034,13.0,14.035669,15.297059,15.524175,15.811388,15.811388,15.231546,13.928388,12.649111,11.18034,10.049876,10.440307,12.206556,13.453624,16.492423,15.524175,13.341664,11.045361,9.055385,8.246211,9.433981,10.630146,12.727922,13.453624,15.620499,17.204651,18.35756,19.697716,19.924859,19.646883,20.223748,18.11077,16.03122,12.041595,9.219544,6.403124,6.324555,9.219544,11.7047,14.866069,8.062258,7.071068,6.708204,7.81025,9.848858,11.7047,13.601471,15.524175,16.763055,17.088007,16.155494,15.652476,14.764823,13.892444,13.038405,11.661904,10.29563,10.77033,10.440307,11.18034,12.165525,14.035669,16.03122,18.11077,19.235384,18.248288
hoyeon_stand_normal_01,771,257,25.701404371584697,29.998360745314464,10,0.5495020151138306,0.6826415657997131,-0.2347182780504226,0.9999876022338868,0.5444956421852112,0.6934874653816223,-0.2233518064022064,0.9999619126319884,0.5415313839912415,0.6926921606063843,-0.223362386226654,0.999964952468872,0.5391643047332764,0.691676914691925,-0.2233842760324478,0.9999680519104004,0.5521777272224426,0.6943110227584839,-0.2230719029903412,0.9999499320983888,0.5544730424880981,0.6945080161094666,-0.2230908721685409,0.9999486804008484,0.5569283366203308,0.6943559050559998,-0.2230943888425827,0.9999479651451112,0.5345842838287354,0.6823099851608276,-0.1410538852214813,0.9999480843544006,0.5595906972885132,0.6863306164741516,-0.13974030315876,0.9998894333839417,0.5441707968711853,0.6686151623725891,-0.2029598653316497,0.9999846816062928,0.5549364686012268,0.6702924966812134,-0.2026651948690414,0.9999749064445496,0.5143417119979858,0.6059800386428833,-0.0742343291640281,0.9999732375144958,0.5795943140983582,0.6030254364013672,-0.0685596391558647,0.9999162554740906,0.5057049989700317,0.506300151348114,-0.0191226284950971,0.9844376444816588,0.5850258469581604,0.5044595003128052,-0.0206303689628839,0.9539952278137208,0.5009649991989136,0.4251612722873688,-0.0780842304229736,0.9651296734809875,0.5924611687660217,0.4196663498878479,-0.0811627358198165,0.9054325819015504,0.4978220164775848,0.3976629376411438,-0.0963655635714531,0.9296957850456238,0.5963431000709534,0.3912423849105835,-0.1008909791707992,0.8421183228492737,0.5029221773147583,0.3974678814411163,-0.1246376857161521,0.93557870388031,0.5929076075553894,0.3900803029537201,-0.1298070698976516,0.8526789546012878,0.5055410265922546,0.4060593247413635,-0.0903425514698028,0.92256098985672,0.5900989174842834,0.3991024792194366,-0.0940704122185707,0.8417733311653137,0.5283787846565247,0.4289938807487488,-0.0031408742070198,0.9995622634887696,0.5695432424545288,0.4309737682342529,0.0030858027748763,0.9994272589683532,0.526523232460022,0.2718925774097442,-0.0323920845985412,0.9654808044433594,0.5735971331596375,0.2779798209667206,-0.0220488347113132,0.951471209526062,0.5303990244865417,0.1245533004403114,0.0486154481768608,0.9643380045890808,0.5738182067871094,0.1279994547367096,0.057585597038269,0.9294077754020692,0.5332276225090027,0.1037980392575264,0.049802403897047,0.543002724647522,0.571514368057251,0.1074647083878517,0.0589879490435123,0.5251540541648865,0.5353145599365234,0.0753972083330154,-0.0639396235346794,0.940199613571167,0.5756980776786804,0.0799595415592193,-0.0493636913597583,0.9122492074966432,hoyeon_stand_normal_01,26.172505,26.248809,23.853721,20.59126,16.552945,12.083046,7.211103,5.0,5.09902,7.211103,9.219544,12.041595,13.453624,15.620499,17.804494,20.0,20.808652,21.095023,21.095023,20.59126,18.35756,15.264338,12.806248,10.29563,11.045361,14.142136,14.317821,13.152946,11.18034,10.198039,8.544004,8.062258,7.81025,9.433981,9.848858,11.7047,12.649111,13.0,13.0,13.416408,13.416408,13.038405,12.206556,10.816654,8.602325,6.708204,5.0,5.656854,9.433981,14.317821,18.788294,22.472205,14.8990595,15.1589105,14.8163455,14.3193615,13.3628725,13.1589105,12.7111025,11.960727,11.90128,11.301688,10.9852815,11.081971,11.395413,12.2337695,12.6537895,12.856401,13.5363125,13.5207975,12.810381500000002,12.36798,12.1265635,13.4214205,15.697982499999998,16.598131000000002,16.964194,17.1026315,10.7549845,11.1336255,12.341576,12.932501,12.3574635,11.531829,10.112007,8.081139,7.5192025,8.936273499999999,9.34166,9.8239825,9.9876035,9.677326,9.077747,8.8815275,9.3642455,10.367532,11.6749445,12.258301500000002,12.4575895,12.768335,12.479395,13.0932475,14.1809335,13.994908,16.03122,15.033296,12.041595,10.049876,7.615773,7.81025,8.602325,10.29563,11.18034,13.416408,15.264338,15.811388,17.029386,17.691806,19.416488,18.867962,19.235384,17.464249,14.866069,12.083046,8.944272,5.830952,6.082763,8.944272,12.206556,14.422205,8.246211,6.324555,6.403124,6.708204,8.246211,10.0,12.0,14.0,15.0,16.0,15.033296,15.132746,14.142136,12.369317,11.18034,10.198039,9.219544,9.055385,9.0,10.049876,11.18034,13.341664,15.524175,16.492423,18.248288,18.11077
hoyeon_stand_normal_01,774,258,25.801409836065574,29.998360745314464,10,0.5495434999465942,0.6826388835906982,-0.2358704954385757,0.9999874830245972,0.544511616230011,0.6934860348701477,-0.2245183736085891,0.9999614357948304,0.541544497013092,0.6926910281181335,-0.2245294153690338,0.999964475631714,0.5391652584075928,0.6916733384132385,-0.2245506793260574,0.999967634677887,0.5521948337554932,0.6943108439445496,-0.2243145555257797,0.999949276447296,0.5544823408126831,0.6945105195045471,-0.2243337631225586,0.999948024749756,0.5569348931312561,0.6943613886833191,-0.224338948726654,0.9999473094940186,0.5345807671546936,0.6823070049285889,-0.1419410705566406,0.9999473690986632,0.5595667958259583,0.6863396167755127,-0.1409405618906021,0.9998879432678224,0.5441967844963074,0.6686114072799683,-0.2039665579795837,0.9999845623970032,0.5549606084823608,0.6703009009361267,-0.2037699669599533,0.9999747276306152,0.5143114924430847,0.6059758067131042,-0.0748647451400756,0.9999728202819824,0.5795975923538208,0.6030174493789673,-0.0695310831069946,0.9999151229858398,0.5057093501091003,0.5062962174415588,-0.0195091683417558,0.9843151569366456,0.5850242376327515,0.5044618248939514,-0.0213198047131299,0.9536808729171752,0.5009666085243225,0.4251755177974701,-0.0786497592926025,0.9647062420845032,0.5923851728439331,0.4196610450744629,-0.0819692090153694,0.9045449495315552,0.4978252351284027,0.3976755440235138,-0.0968301519751548,0.9289724826812744,0.5962539315223694,0.3912411630153656,-0.1017378196120262,0.8409720063209534,0.5029237866401672,0.3974690437316894,-0.1251102089881897,0.9349090456962584,0.5928665995597839,0.3900699615478515,-0.1306529343128204,0.8516088128089905,0.5055423378944397,0.4060625731945038,-0.0909008830785751,0.9218018054962158,0.5900731682777405,0.3990834951400757,-0.0948769971728324,0.8406909704208374,0.5283713340759277,0.4288914501667022,-0.0030990813393145,0.999556839466095,0.5695408582687378,0.430915504693985,0.0030433747451752,0.999420166015625,0.5265552401542664,0.2716669738292694,-0.0320254378020763,0.9656782746315002,0.5735518336296082,0.2778216600418091,-0.0221006628125906,0.9518024921417236,0.5304042100906372,0.1246403604745864,0.0512902960181236,0.9645875692367554,0.5737444162368774,0.1280010640621185,0.0588118955492973,0.9300107359886168,0.5332234501838684,0.1038446724414825,0.0526695102453231,0.5443807244300842,0.5714555978775024,0.1075104996562004,0.0603894144296646,0.5265904664993286,0.5353215932846069,0.0754003673791885,-0.0614069886505603,0.9405801296234132,0.5755010843276978,0.0799336209893226,-0.0484262891113758,0.9129102826118468,hoyeon_stand_normal_01,24.041631,24.515301,22.090722,19.0,15.033296,11.0,7.071068,4.242641,5.09902,7.071068,9.219544,11.401754,13.601471,15.524175,17.720045,18.681542,19.646883,20.396078,20.396078,19.235384,17.262677,14.317821,11.7047,9.219544,9.486833,12.041595,12.041595,10.630146,9.219544,7.81025,6.403124,5.385165,5.09902,6.708204,8.062258,9.433981,10.816654,11.661904,11.661904,11.18034,11.7047,10.77033,9.486833,8.246211,6.324555,4.472136,3.162278,5.385165,9.219544,14.21267,18.027756,21.470911,15.0,15.033296,14.317821,13.601471,13.0,12.529964,10.816654,9.219544,8.485281,7.211103,6.324555,5.0,5.385165,6.403124,8.602325,10.816654,13.892444,15.652476,17.888544,19.235384,19.723083,20.248457,19.416488,17.804494,14.866069,12.041595,3.162278,3.162278,5.385165,7.211103,10.630146,12.206556,13.416408,13.0,13.601471,12.165525,11.045361,9.055385,7.0,5.0,2.0,2.0,4.123106,7.28011,9.486833,11.401754,13.601471,14.56022,15.811388,16.492423,16.278821,13.361415,16.763055,13.601471,12.369317,10.198039,8.062258,7.615773,8.602325,9.899495,11.313708,13.453624,14.866069,16.401219,17.492856,18.788294,19.313208,19.646883,18.248288,18.11077,15.033296,12.041595,8.246211,5.656854,6.0,9.486833,13.0,15.231546,9.219544,7.071068,6.324555,7.071068,8.602325,11.18034,13.0,14.866069,16.155494,16.155494,16.124515,15.264338,13.892444,13.038405,11.401754,10.816654,9.433981,10.29563,9.486833,10.198039,12.041595,14.035669,15.132746,17.117243,18.248288,18.439089
hoyeon_stand_normal_01,777,259,25.901415300546446,29.998360745314464,10,0.5495656132698059,0.6826741099357605,-0.2405365258455276,0.9999871850013732,0.5445224642753601,0.6934945583343506,-0.2292901873588562,0.9999606013298036,0.541554868221283,0.6926981210708618,-0.229300245642662,0.9999637603759766,0.5391659140586853,0.691676676273346,-0.2293236851692199,0.9999669194221495,0.5522040128707886,0.6943320035934448,-0.2291491627693176,0.9999481439590454,0.5544852018356323,0.6945422887802124,-0.2291712015867233,0.99994695186615,0.5569353103637695,0.6944051384925842,-0.2291788458824157,0.999946117401123,0.5345741510391235,0.682307243347168,-0.1467041969299316,0.9999462366104126,0.5595390796661377,0.686367392539978,-0.1460620611906051,0.9998856782913208,0.5442062020301819,0.6686332821846008,-0.2085754126310348,0.9999842643737792,0.5549723505973816,0.6703746318817139,-0.208482027053833,0.9999741911888124,0.5142489075660706,0.6059703230857849,-0.0790662840008735,0.9999722838401794,0.5795973539352417,0.6030115485191345,-0.0743897929787635,0.9999136924743652,0.5057126879692078,0.5063005089759827,-0.0236355084925889,0.9842307567596436,0.5850299000740051,0.5044609904289246,-0.0260356441140174,0.9536391496658324,0.5009706616401672,0.4251923859119415,-0.0827888771891594,0.9642928838729858,0.5922463536262512,0.4196102917194366,-0.0850375816226005,0.9034963846206664,0.4978455901145935,0.3976911902427673,-0.1009002923965454,0.9281493425369264,0.5960943698883057,0.3911468982696533,-0.1045612841844558,0.8392658829689026,0.502926766872406,0.3974757790565491,-0.1290920525789261,0.9341591000556946,0.5927475094795227,0.3899740576744079,-0.1332296729087829,0.8499851822853088,0.5055440664291382,0.406069278717041,-0.0949837937951088,0.9209890365600586,0.5899952054023743,0.3989239931106567,-0.0977779999375343,0.8390686511993408,0.5283332467079163,0.4289172291755676,-0.0030047558248043,0.9995504021644592,0.569517970085144,0.4309954345226288,0.0029469856526702,0.9994121789932252,0.5265632271766663,0.2716716825962066,-0.0325115472078323,0.965055286884308,0.5734301805496216,0.2778908312320709,-0.0224147476255893,0.951007068157196,0.5304173827171326,0.1248636320233345,0.0510728433728218,0.9638898372650146,0.5736597180366516,0.1282763034105301,0.0588361546397209,0.9289141297340392,0.5332234501838684,0.1040145978331565,0.0524510405957698,0.5416468977928162,0.5714219808578491,0.107665404677391,0.0604339204728603,0.5235479474067688,0.5352742671966553,0.0756575539708137,-0.0615395233035087,0.939505696296692,0.5754836797714233,0.0800772756338119,-0.0484283603727817,0.9115866422653198,hoyeon_stand_normal_01,3.162278,5.0,8.944272,12.083046,14.317821,15.652476,17.0,16.124515,16.124515,14.764823,12.529964,10.77033,9.486833,8.062258,7.071068,6.403124,7.211103,9.219544,13.038405,16.03122,20.099751,23.086793,25.079872,26.0,26.019224,23.086793,7.28011,9.219544,11.401754,13.341664,14.317821,14.317821,14.142136,14.142136,12.041595,10.049876,8.062258,6.082763,4.123106,2.828427,3.0,4.472136,6.403124,8.485281,10.630146,13.453624,14.866069,16.401219,16.643317,16.124515,13.892444,10.29563,15.811388,16.643317,17.0,16.155494,15.811388,15.132746,15.033296,15.033296,16.124515,16.278821,17.262677,17.262677,18.248288,18.248288,17.262677,16.124515,15.132746,12.165525,10.198039,7.211103,5.385165,8.062258,11.7047,15.811388,18.384776,20.880613,16.552945,17.204651,16.970563,16.401219,13.416408,10.440307,7.0,3.605551,3.162278,5.830952,9.486833,11.045361,13.0,14.142136,16.278821,16.492423,16.763055,16.155494,16.155494,15.231546,12.649111,12.369317,10.0,10.440307,10.816654,12.727922,17.492856,15.264338,13.601471,10.630146,8.602325,8.544004,10.049876,11.045361,13.038405,15.033296,16.124515,17.262677,18.681542,20.248457,20.124612,20.248457,20.0,18.439089,15.620499,12.806248,9.433981,6.082763,7.211103,10.0,13.416408,15.652476,7.81025,7.211103,6.082763,7.071068,9.848858,11.661904,13.892444,15.264338,16.124515,17.0,16.552945,16.155494,14.866069,13.601471,12.649111,11.401754,10.77033,9.848858,10.816654,11.401754,12.806248,14.866069,15.620499,17.691806,18.601075,18.027756
hoyeon_stand_normal_01,780,260,26.001420765027323,29.998360745314464,10,0.5495765209197998,0.6826961636543274,-0.2426927983760833,0.9999870657920836,0.5445250272750854,0.6934990286827087,-0.2313987165689468,0.9999601244926452,0.541557252407074,0.692703127861023,-0.2314089089632034,0.9999633431434632,0.5391656160354614,0.6916806101799011,-0.2314323484897613,0.9999665021896362,0.5522058606147766,0.6943408846855164,-0.2313111126422882,0.9999476075172424,0.5544853806495667,0.6945557594299316,-0.2313342690467834,0.9999464750289916,0.556932806968689,0.6944252252578735,-0.2313426584005355,0.9999456405639648,0.5345679521560669,0.682310163974762,-0.1486936956644058,0.9999454021453856,0.5595032572746277,0.6863794922828674,-0.1483048796653747,0.9998847246170044,0.544208824634552,0.6686571836471558,-0.2107126712799072,0.999984085559845,0.5549740195274353,0.6704331040382385,-0.2106914520263672,0.9999739527702332,0.5141584873199463,0.6059626340866089,-0.0808750018477439,0.9999716877937316,0.5795961618423462,0.6029536128044128,-0.0765738859772682,0.999912679195404,0.5057156682014465,0.5062975883483887,-0.0252307262271642,0.9841485023498536,0.5850462317466736,0.5043721199035645,-0.0280629135668277,0.9537404775619508,0.5009719133377075,0.4251872599124908,-0.0841278582811355,0.9638918042182922,0.5921987295150757,0.4193349182605743,-0.086665466427803,0.9027924537658693,0.4978559613227844,0.3976815044879913,-0.10218196362257,0.92734956741333,0.5960642099380493,0.3907366991043091,-0.1060950383543968,0.8380479216575623,0.5029296278953552,0.3974606692790985,-0.1303446739912033,0.9334253072738647,0.592724084854126,0.3895533382892608,-0.1347595602273941,0.8488162755966187,0.5055453181266785,0.4060605764389038,-0.0962955579161644,0.920168399810791,0.589986264705658,0.3983865976333618,-0.0993718802928924,0.8378755450248718,0.5283005237579346,0.4288638532161712,-0.002877727150917,0.999544084072113,0.5695087313652039,0.4309942126274109,0.0028175099287182,0.9994059205055236,0.5265690684318542,0.2712996304035187,-0.0325045548379421,0.9648162126541138,0.5733869075775146,0.2777377068996429,-0.0225140210241079,0.9508408308029176,0.5304137468338013,0.1248427107930183,0.0511588342487812,0.9636526107788086,0.5736616253852844,0.1282999813556671,0.0588854998350143,0.9286317229270936,0.5331847071647644,0.1038658693432807,0.0525347255170345,0.541019856929779,0.5714340806007385,0.1076664924621582,0.0604877918958663,0.5222585797309875,0.5352108478546143,0.0756485238671302,-0.0614548847079277,0.9390498995780944,0.5754754543304443,0.0798657611012458,-0.0484316870570182,0.9111296534538268,hoyeon_stand_normal_01,26.172505,25.612497,23.323808,20.124612,15.231546,11.18034,7.211103,5.385165,6.082763,8.062258,10.816654,12.806248,15.0,17.204651,20.0,20.808652,22.472205,23.323808,22.825424,22.36068,20.124612,17.0,14.21267,11.661904,12.369317,14.0,13.038405,12.165525,11.18034,9.055385,7.0,6.082763,5.830952,6.403124,8.062258,9.848858,11.18034,11.18034,12.529964,11.661904,12.206556,11.401754,10.630146,9.899495,7.071068,5.0,3.0,5.0,9.848858,14.317821,19.235384,23.021729,14.317821,15.231546,14.866069,14.317821,14.142136,13.0,13.152946,13.341664,13.601471,14.317821,15.231546,15.231546,15.231546,15.231546,15.231546,13.928388,12.649111,10.77033,8.062258,5.656854,5.0,8.062258,11.401754,15.0,17.804494,20.248457,16.763055,17.0,17.204651,15.556349,13.601471,10.29563,7.071068,3.162278,3.162278,5.830952,8.544004,11.18034,13.038405,14.0,15.132746,15.297059,15.524175,15.524175,15.811388,14.56022,13.341664,11.18034,10.049876,9.486833,9.219544,11.401754,14.878654,14.881317500000002,14.1598465,13.7962645,12.495165,12.176451,11.75175,11.603278,11.4291245,11.472136,11.6211615,11.0586215,11.5110195,11.8234415,12.3491865,13.967431,15.2698685,15.8146135,16.106303500000003,16.508979500000002,14.841219,13.831164,13.649732,14.672078,14.5630765,14.541322,10.625718,10.1548375,10.78011,11.569974,12.479078,12.8597875,12.9114705,13.1339115,12.4726115,11.806161,11.107256,10.547645,10.544689,9.7495855,9.541523,9.59017,9.147815,9.5,9.815073,10.681792,11.726812,12.106335,12.337942,13.455675,14.116817,14.269477
hoyeon_stand_normal_01,783,261,26.1014262295082,29.998360745314464,10,0.5495823621749878,0.6827184557914734,-0.24164579808712,0.9999868273735046,0.5445287823677063,0.6935051083564758,-0.230399027466774,0.999959409236908,0.5415615439414978,0.6927121877670288,-0.2304091155529022,0.9999627470970154,0.5391656160354614,0.6916906237602234,-0.230432242155075,0.9999659061431884,0.5522067546844482,0.6943477392196655,-0.2302820533514022,0.9999467134475708,0.5544846653938293,0.6945649981498718,-0.2303042858839035,0.99994558095932,0.5569270849227905,0.6944386959075928,-0.2303119003772735,0.9999446868896484,0.5345653295516968,0.6823161244392395,-0.1479982286691665,0.9999443888664246,0.5594689846038818,0.6863886713981628,-0.1474699974060058,0.9998828768730164,0.5442098379135132,0.6686888933181763,-0.2097668051719665,0.999983847141266,0.5549730658531189,0.6704832315444946,-0.2097038775682449,0.999973475933075,0.5140376687049866,0.6059383153915405,-0.0805487334728241,0.9999713897705078,0.5795890092849731,0.6029195785522461,-0.0760938227176666,0.9999117255210876,0.5057213306427002,0.5063039064407349,-0.0251758601516485,0.98408842086792,0.5850515961647034,0.5043197274208069,-0.0277374610304832,0.9536905288696288,0.5009618997573853,0.4251964688301086,-0.0840762555599212,0.9636213779449464,0.5920485258102417,0.4192192554473877,-0.0861298665404319,0.9020771384239196,0.4978493154048919,0.3976820111274719,-0.1020883098244667,0.9268062114715576,0.5959356427192688,0.3906576633453369,-0.105537325143814,0.836841881275177,0.5029178261756897,0.3974590599536896,-0.1301601380109787,0.9329282641410828,0.5926325917243958,0.3894785642623901,-0.1342000514268875,0.8476588129997253,0.5055380463600159,0.4060575664043426,-0.0962112322449684,0.9196373224258424,0.5899142026901245,0.3982593119144439,-0.098834790289402,0.8367277979850769,0.5282787680625916,0.4288570284843445,-0.0028065720107406,0.9995400309562684,0.5694947838783264,0.4310061931610107,0.0027446330059319,0.9994007349014282,0.5265966653823853,0.2712683975696563,-0.0324994996190071,0.9642310738563538,0.5732992887496948,0.277715653181076,-0.0225921738892793,0.9499831199645996,0.5304450392723083,0.1248411238193512,0.0510309971868991,0.963110327720642,0.5734426975250244,0.1281904876232147,0.0588739439845085,0.9275248050689696,0.5332082509994507,0.1038682833313942,0.0523707382380962,0.5391685366630554,0.5713413953781128,0.1076914519071579,0.0604722127318382,0.5190920233726501,0.5352073311805725,0.0756828412413597,-0.0616087540984153,0.938258707523346,0.575261652469635,0.0798638984560966,-0.0484236031770706,0.9099166393280028,hoyeon_stand_normal_01,2.828427,2.828427,6.708204,9.848858,12.083046,12.529964,13.416408,13.038405,12.529964,11.18034,10.29563,8.544004,7.28011,6.0,5.09902,5.0,6.324555,8.062258,11.045361,14.142136,17.262677,19.416488,22.36068,23.194827,23.086793,21.023796,6.324555,7.615773,10.440307,11.401754,12.369317,13.341664,13.152946,12.041595,11.045361,9.055385,7.071068,6.082763,3.162278,2.828427,3.0,4.472136,6.403124,7.81025,10.0,12.206556,13.601471,14.422205,15.264338,14.764823,13.0,9.848858,16.03122,18.0,17.029386,17.117243,16.492423,16.155494,17.0,16.643317,17.204651,18.439089,18.439089,18.439089,19.104973,19.849433,18.439089,17.029386,17.029386,14.21267,10.630146,8.944272,7.0,9.433981,13.453624,17.029386,20.518285,22.627417,18.0,18.248288,18.973666,17.888544,16.401219,12.806248,8.944272,5.0,3.605551,5.385165,9.219544,11.401754,13.892444,15.231546,15.811388,16.492423,16.278821,17.117243,16.03122,15.033296,13.152946,12.369317,10.29563,9.219544,11.18034,13.341664,17.464249,14.56022,12.369317,10.049876,8.062258,8.062258,9.219544,10.630146,12.727922,14.142136,16.278821,17.804494,18.867962,20.124612,20.248457,20.880613,19.416488,18.11077,15.033296,12.041595,8.246211,5.0,7.0,9.848858,13.416408,16.552945,9.219544,8.0,6.708204,7.071068,8.944272,11.7047,13.601471,15.811388,17.088007,16.155494,16.552945,15.652476,14.764823,13.892444,11.661904,11.661904,10.29563,9.848858,10.440307,10.198039,12.165525,14.142136,15.132746,17.029386,18.248288,19.235384
hoyeon_stand_normal_01,786,262,26.201431693989072,29.998360745314464,10,0.5495732426643372,0.6827194690704346,-0.2424738109111786,0.9999865889549256,0.5445282459259033,0.6934983134269714,-0.2312846332788467,0.999958634376526,0.5415618419647217,0.6927074790000916,-0.2312951534986496,0.999962031841278,0.5391646027565002,0.6916881799697876,-0.2313195914030075,0.999965250492096,0.5522012114524841,0.6943411827087402,-0.2312323898077011,0.9999458193778992,0.5544727444648743,0.6945599317550659,-0.2312550097703933,0.9999447464942932,0.5569088459014893,0.6944356560707092,-0.2312621474266052,0.999943733215332,0.5345634818077087,0.682316780090332,-0.1490749269723892,0.9999433159828186,0.5594549775123596,0.6863869428634644,-0.1488636881113052,0.9998812675476074,0.5442056655883789,0.6686914563179016,-0.2106455415487289,0.9999834895133972,0.5549489259719849,0.6704858541488647,-0.2106653898954391,0.999972939491272,0.5139626264572144,0.605932891368866,-0.081674538552761,0.9999709129333496,0.5795856714248657,0.6029108166694641,-0.0776958987116813,0.9999105930328368,0.5057240128517151,0.5063272714614868,-0.0265366844832897,0.9840037822723388,0.5850579142570496,0.5042457580566406,-0.0298660434782505,0.9538009166717528,0.500950038433075,0.425219863653183,-0.0849874913692474,0.9631653428077698,0.5919118523597717,0.4189934134483337,-0.0872704535722732,0.901148796081543,0.4978138506412506,0.397673487663269,-0.1029103547334671,0.9258679747581482,0.5957835912704468,0.3904749453067779,-0.106478601694107,0.8351613879203796,0.5028916597366333,0.3974470794200897,-0.1307980269193649,0.9320593476295472,0.5924845933914185,0.3892838358879089,-0.1349463462829589,0.846045970916748,0.5055295825004578,0.4060476422309875,-0.0970460921525955,0.9187145829200744,0.5897967219352722,0.3980099856853485,-0.0998764187097549,0.8351960182189941,0.5282511115074158,0.4288766086101532,-0.0027760772500187,0.9995324015617372,0.5694779753684998,0.4310362040996551,0.0027134427800774,0.9993919134140016,0.5265911817550659,0.2714857161045074,-0.032401543110609,0.9633824825286864,0.5732659101486206,0.2778787612915039,-0.0224623922258615,0.9487003087997437,0.5304656028747559,0.1248350068926811,0.0500168949365615,0.9621877670288086,0.573421835899353,0.1282033920288086,0.0585538558661937,0.9257047176361084,0.5332370400428772,0.1038519293069839,0.0511974841356277,0.536072850227356,0.5713371634483337,0.1077677756547927,0.0600627847015857,0.5149196982383728,0.53522789478302,0.0759854093194007,-0.0621588043868541,0.9368817806243896,0.5752607583999634,0.0800327435135841,-0.0486155599355697,0.9078560471534728,hoyeon_stand_normal_01,26.683328,26.248809,24.166092,21.470911,16.124515,12.083046,7.28011,5.09902,5.0,8.544004,10.198039,13.152946,15.132746,17.117243,19.235384,21.213203,23.345235,23.537205,23.537205,22.561028,20.615528,17.262677,13.038405,10.198039,10.630146,13.416408,13.038405,13.0,11.0,9.055385,7.0,5.385165,5.0,6.324555,8.062258,10.0,11.045361,12.041595,13.152946,12.165525,12.369317,12.369317,10.77033,9.486833,7.615773,5.09902,2.236068,5.0,9.219544,15.132746,19.104973,23.0,16.124515,17.204651,17.204651,17.029386,16.278821,15.811388,17.0,16.155494,16.763055,17.720045,18.681542,18.681542,19.646883,18.439089,18.681542,16.492423,15.524175,13.341664,10.049876,7.28011,6.403124,9.055385,13.0,17.029386,20.024984,22.0,18.027756,19.235384,19.026298,18.11077,15.811388,12.529964,8.485281,5.09902,4.242641,6.0,9.486833,12.083046,13.601471,14.866069,16.278821,17.029386,16.401219,17.204651,16.643317,15.264338,13.601471,12.041595,10.29563,9.219544,11.045361,12.649111,16.67379783333333,14.627217333333334,12.950103,11.150714833333332,9.453977333333334,9.212537666666666,9.9627125,11.065656333333331,12.450233999999998,13.565811333333333,14.697725333333334,15.484519499999998,16.144253,17.3069235,17.728960833333332,18.643282,18.256806166666667,17.698844,15.844783333333334,13.274174833333332,10.627979833333336,8.418918666666666,9.759768166666667,11.873202,14.158556833333334,16.154706666666666,9.746750166666668,8.949487999999999,8.378070000000001,8.893911500000002,10.029798833333334,11.927858833333334,13.625113333333331,14.742780833333336,15.208537833333336,14.607411166666669,14.666310333333335,13.912185833333332,13.209212166666669,12.336499333333332,10.886694333333333,10.737724833333331,9.891505333333331,9.730737,10.227969666666668,10.487086333333334,11.938182,13.515331166666666,14.49588,15.852038333333333,16.979598833333334,17.63544
hoyeon_stand_normal_01,792,264,26.401442622950817,29.998360745314464,10,0.5495368242263794,0.6827505826950073,-0.242704376578331,0.9999862909317015,0.544507622718811,0.6934964656829834,-0.2314609140157699,0.99995756149292,0.5415422916412354,0.6927046179771423,-0.2314719408750534,0.9999610781669616,0.53914874792099,0.6916875839233398,-0.2314957827329635,0.9999642968177797,0.5521726012229919,0.6943438649177551,-0.2313888520002365,0.9999447464942932,0.5544306039810181,0.6945653557777405,-0.2314115464687347,0.9999437928199768,0.5568379759788513,0.6944497227668762,-0.2314191162586212,0.9999427795410156,0.5345304012298584,0.682319700717926,-0.1492559909820556,0.9999417662620544,0.5594139099121094,0.6863976120948792,-0.1488984376192093,0.9998796582221984,0.5441641211509705,0.6687240600585938,-0.2108946293592453,0.9999831318855286,0.5548932552337646,0.6705237627029419,-0.2108844965696334,0.999972403049469,0.5137563943862915,0.6059248447418213,-0.0820810496807098,0.9999698400497437,0.5795703530311584,0.6028969287872314,-0.077558659017086,0.9999090433120728,0.5057234168052673,0.5063340067863464,-0.0268112998455762,0.9838306307792664,0.5850595831871033,0.50398850440979,-0.0296597480773925,0.9539315700531006,0.500896692276001,0.4252264499664306,-0.0853355750441551,0.9621500968933104,0.5917921662330627,0.4184370934963226,-0.0877622887492179,0.8999511003494263,0.4976827800273895,0.3976122140884399,-0.1033943444490432,0.9239710569381714,0.5956616997718811,0.3898820877075195,-0.1070787906646728,0.8330399394035339,0.5028020143508911,0.3973905444145202,-0.1314081102609634,0.9302910566329956,0.5924078822135925,0.3886881470680237,-0.1355951130390167,0.8440021276473999,0.5054733157157898,0.4060021936893463,-0.0974564626812934,0.9168072938919068,0.5897461771965027,0.3972963690757751,-0.100402720272541,0.8332428932189941,0.528063952922821,0.4288622438907623,-0.0028183585964143,0.9995175004005432,0.5694363117218018,0.4310436248779297,0.0027555311098694,0.9993757009506226,0.5265957117080688,0.2714239656925201,-0.0322877801954746,0.9628628492355348,0.5732530951499939,0.2780006825923919,-0.0222744289785623,0.9479982852935792,0.5304527282714844,0.125005766749382,0.0496412739157676,0.9614715576171876,0.573452889919281,0.1283012926578521,0.0584321729838848,0.924595296382904,0.5331802368164062,0.1039240136742591,0.0508094988763332,0.5330245494842529,0.5713610053062439,0.1078511998057365,0.0599041506648063,0.5125360488891602,0.5352309346199036,0.0761571675539016,-0.0623478963971138,0.9356387257575988,0.5752507448196411,0.0801237076520919,-0.0486837811768054,0.906385898590088,hoyeon_stand_normal_01,11.228714000000002,11.662178333333337,13.303878666666668,14.257583000000002,14.550581,14.173217,13.328851333333334,12.568814666666668,11.919960333333334,11.602126333333333,12.114461,11.223969000000002,10.940128666666666,10.993664333333331,10.661236333333331,11.506197666666669,12.617381666666668,14.518234666666666,16.752223,18.988934333333333,20.439523,21.93464133333333,22.459357666666666,22.31949866666667,22.232535,22.025015666666665,9.461933666666669,10.823956333333332,12.008371666666669,12.634818666666666,12.681702333333334,12.842367,11.980639666666669,11.549643,11.254674666666666,10.720634333333331,9.787835666666668,8.806643333333334,7.149732333333333,6.733560999999999,6.432597666666666,7.236950666666666,8.473221666666667,9.576477,10.343970666666666,11.290180666666666,11.828140666666668,13.626871,14.84699,15.764492,16.102757333333333,14.651037,15.901498,15.243284,14.370013,14.1051325,12.903124,12.205456,10.905243,9.109772,8.062258,6.8023325,5.5413815,4.785578,5.9568575,6.841616999999999,9.2155525,11.426688,13.9567245,16.1794625,18.243069,20.2222885,20.836944,20.836944,20.360003,18.156604,15.926415,12.9040135,3.561553,3.9142135,6.531129,9.222125,11.4436315,13.3476,14.5425345,14.7454885,14.804559,13.929516,11.6670175,9.880463,7.46344,5.151544,2.9208095,1.5,3.5,5.736068,8.335579,10.6704955,13.264982,15.326238,16.5,17.67878,17.449590999999998,18.027756,15.883346666666666,14.694214666666667,13.530889,12.251553666666666,10.845696666666669,10.362817333333332,10.705881,11.501166666666665,12.172546,12.989486666666666,13.116629666666668,13.164545,13.420544,14.489235,15.209464666666667,16.405950999999998,17.097124333333333,17.286918,16.656270666666668,14.506754666666666,13.009748666666669,11.837837333333333,12.519536333333331,13.897546,14.900705666666669,15.756468333333332,10.273956333333333,9.898976,10.047936,10.716755,11.115325666666669,12.151017666666666,13.648755666666666,13.674173666666668,13.329068666666666,13.059328333333331,12.779675666666668,12.171895666666666,11.653601333333333,10.780554666666667,10.111484666666666,9.813545666666666,9.487380666666668,9.612616,10.015632333333334,10.776133666666666,11.710839,12.888526333333331,13.859014000000002,14.674690666666663,15.710909666666666,16.035496
hoyeon_stand_normal_01,795,265,26.50144808743169,29.998360745314464,10,0.5495304465293884,0.6827712059020996,-0.2424897253513336,0.9999861121177672,0.5445067286491394,0.6934974789619446,-0.2311943620443344,0.9999569654464722,0.5415418744087219,0.6927061676979065,-0.2312054187059402,0.9999605417251588,0.5391471982002258,0.6916910409927368,-0.2312284111976623,0.9999638199806212,0.552170991897583,0.6943461298942566,-0.2310905456542968,0.9999439716339112,0.5544269680976868,0.6945689916610718,-0.2311131209135055,0.9999430179595948,0.5568314790725708,0.6944552659988403,-0.2311203628778457,0.9999419450759888,0.5345259308815002,0.6823285222053528,-0.1490485072135925,0.999941110610962,0.5594108700752258,0.6863996386528015,-0.1485630422830581,0.9998781085014344,0.5441542267799377,0.6687518358230591,-0.2107613235712051,0.9999829530715942,0.5548861026763916,0.670548677444458,-0.2107160240411758,0.9999720454216005,0.5136812329292297,0.6059316396713257,-0.0817327424883842,0.9999698400497437,0.5795576572418213,0.6028875708580017,-0.0773498490452766,0.9999085664749146,0.5057201981544495,0.5063936710357666,-0.0257947519421577,0.9837995767593384,0.585049569606781,0.5039845705032349,-0.0296168718487024,0.953524649143219,0.5008660554885864,0.4253329038619995,-0.0840500965714454,0.9619161486625672,0.5917234420776367,0.4183586835861206,-0.0875738933682441,0.8986002206802368,0.4976520240306854,0.3976178467273712,-0.1020109429955482,0.9235419631004332,0.5955994129180908,0.3897959887981415,-0.1068121045827865,0.8311189413070679,0.5027862191200256,0.3974024951457977,-0.1299861967563629,0.9299079775810242,0.5923997163772583,0.3886139988899231,-0.1355195343494415,0.8421710729598999,0.5054605007171631,0.4060178995132446,-0.0961524322628974,0.9164034128189088,0.5897318720817566,0.3972270786762237,-0.1002959832549095,0.8314405679702759,0.528028666973114,0.4288517236709595,-0.0027959146536886,0.9995152354240416,0.569433867931366,0.4311250746250152,0.0027336128987371,0.9993709921836852,0.5266121029853821,0.2714112102985382,-0.0325103886425495,0.9626628160476683,0.5732493996620178,0.2782261669635772,-0.0223645530641078,0.9474992752075196,0.5304862856864929,0.1250073760747909,0.0496310852468013,0.9612047672271729,0.5734453201293945,0.1283013522624969,0.058471605181694,0.9239016771316528,0.5332174301147461,0.1039217561483383,0.0507970340549945,0.5320043563842773,0.571357011795044,0.1078525260090828,0.0599561110138893,0.5109289288520813,0.5352585911750793,0.076063759624958,-0.0623621381819248,0.935250759124756,0.5752251744270325,0.0800681114196777,-0.0486672185361385,0.905718207359314,hoyeon_stand_normal_01,4.0,5.0,8.544004,11.401754,13.601471,14.866069,14.866069,13.928388,13.928388,12.083046,11.7047,10.440307,9.219544,8.0,6.324555,6.403124,7.211103,9.486833,12.165525,15.033296,18.027756,20.024984,22.090722,23.194827,23.345235,21.587033,6.403124,8.602325,10.0,11.401754,12.806248,12.727922,12.727922,12.041595,10.630146,8.602325,7.81025,5.656854,3.605551,2.0,2.236068,3.605551,6.324555,7.615773,9.848858,12.083046,13.416408,13.892444,14.422205,13.601471,11.401754,9.219544,14.3972285,13.5275475,13.3772085,12.9670195,12.708204,11.3750305,10.310649000000002,9.1480435,7.8078865,6.45101,5.283598,4.88998,5.464986,6.889636,8.8011625,11.3358705,13.435029,16.409513,18.463595,19.6643605,20.472228,20.3576395,19.6171785,18.013878,15.647779,12.7841845,2.5322475,3.179587,5.8941445,8.640901,10.830952,12.3477445,13.2887495,14.244304,13.779272,12.7841845,11.200877,9.609772,7.535534,5.828427,2.9142135,1.414214,1.825141,3.924096,5.743903,8.3322915,10.462888,12.668106,14.2652455,15.326238,15.9679515,15.264338,14.035669,15.132746,16.124515,17.117243,17.029386,16.0,15.0,14.035669,12.165525,10.198039,8.062258,7.071068,5.09902,3.605551,5.385165,7.071068,11.045361,13.038405,16.03122,19.104973,20.223748,22.36068,21.377558,20.396078,17.720045,14.56022,12.649111,13.928388,15.231546,15.652476,15.652476,13.416408,13.0,10.77033,9.219544,8.062258,6.082763,6.324555,6.403124,7.071068,7.81025,8.485281,9.219544,10.630146,10.630146,10.630146,10.630146,10.630146,10.0,10.29563,10.440307,11.045361
hoyeon_stand_normal_01,798,266,26.601453551912567,29.998360745314464,10,0.5495288372039795,0.6828086376190186,-0.2412005960941314,0.9999858736991882,0.5445070266723633,0.693504273891449,-0.2300028800964355,0.99995619058609,0.5415423512458801,0.6927129626274109,-0.2300146222114563,0.9999598860740662,0.5391464233398438,0.6916992664337158,-0.2300386875867843,0.9999632239341736,0.5521703958511353,0.6943553686141968,-0.2297878265380859,0.99994295835495,0.5544245839118958,0.6945809721946716,-0.2298090010881424,0.9999419450759888,0.5568268299102783,0.6944712996482849,-0.2298160940408706,0.999940812587738,0.5345202684402466,0.6823391318321228,-0.1479950994253158,0.9999403953552246,0.5594086050987244,0.6864052414894104,-0.1469033360481262,0.999875545501709,0.5441485643386841,0.6687964200973511,-0.2094673812389373,0.9999827146530152,0.5548843741416931,0.6706017851829529,-0.2092473357915878,0.9999715089797974,0.5136646628379822,0.6059569716453552,-0.0813129693269729,0.999969720840454,0.5795384645462036,0.6028797626495361,-0.0751881822943687,0.9999076724052428,0.5057211518287659,0.5064835548400879,-0.0254973471164703,0.9837491512298584,0.5850461721420288,0.5040403008460999,-0.0270799696445465,0.9527424573898317,0.5008548498153687,0.4254234731197357,-0.0834343656897544,0.9615352153778076,0.5916760563850403,0.4184169471263885,-0.0856940001249313,0.8969458937644958,0.4976465404033661,0.3976533114910126,-0.1013565957546234,0.9229040741920472,0.595549464225769,0.3898538649082184,-0.1048454567790031,0.828921377658844,0.5027797818183899,0.3974311947822571,-0.129252940416336,0.929318904876709,0.5923927426338196,0.3886773586273193,-0.1338240355253219,0.8400893211364746,0.5054543018341064,0.4060415923595428,-0.0954918637871742,0.915739119052887,0.589717447757721,0.3972943425178528,-0.0985660925507545,0.8293487429618835,0.5280258059501648,0.4288447201251983,-0.0029917892534285,0.9995105862617492,0.5694336295127869,0.4311268329620361,0.0029313389677554,0.9993637204170228,0.5266503095626831,0.2714184522628784,-0.0325694046914577,0.9623720049858092,0.573243260383606,0.2782280147075653,-0.0218839161098003,0.946897566318512,0.5305200815200806,0.1250085681676864,0.0495130158960819,0.96097069978714,0.5733320116996765,0.1282715648412704,0.0591640137135982,0.9232277274131776,0.5332208871841431,0.1039192900061607,0.0506768971681594,0.5305224061012268,0.5712087750434875,0.1078529730439186,0.0606683939695358,0.5102506875991821,0.5353246927261353,0.0760218203067779,-0.0627001598477363,0.9348872900009156,0.5751573443412781,0.080067791044712,-0.0479172356426715,0.9050909876823424,hoyeon_stand_normal_01,4.0,5.830952,8.944272,12.083046,14.317821,15.652476,15.652476,15.264338,13.892444,13.038405,11.661904,9.848858,8.544004,7.071068,7.071068,7.211103,7.81025,9.848858,12.649111,15.297059,18.248288,21.213203,23.345235,24.515301,24.041631,22.135944,7.071068,9.219544,10.630146,12.727922,13.453624,13.453624,13.601471,12.206556,10.816654,9.433981,7.211103,5.656854,3.605551,3.162278,3.162278,4.242641,6.403124,8.602325,10.816654,13.038405,14.422205,15.0,14.866069,14.142136,12.041595,9.219544,16.19861425,16.27692275,15.743989249999998,14.72972125,14.735629500000002,13.96398775,13.476983,13.08871475,13.09633125,12.7779915,12.5665155,12.7041325,12.9916355,14.051419500000002,14.65972375,15.59265175,15.6197615,16.015006,15.252595,13.86330925,13.2774955,14.08394475,16.211713250000003,18.020817,18.6405435,18.89209225,10.75295675,11.2074855,12.46022125,13.3758355,12.695586,11.76404225,10.17990875,8.703291,8.389636,9.74619425,10.6004385,11.168847,10.874102,11.235872,10.20353475,9.651379,10.1049585,10.975926,11.8858295,12.54767325,12.847217,13.042257,13.53574675,13.766397,14.48397575,15.2806985,13.601471,15.0,17.204651,17.204651,17.204651,16.643317,15.652476,14.317821,11.7047,9.486833,8.544004,6.708204,5.0,4.123106,5.09902,7.615773,10.29563,14.422205,16.643317,19.723083,21.470911,21.931712,21.931712,20.615528,18.384776,14.866069,13.152946,15.033296,16.0,17.0,16.0,15.0,13.0,12.041595,9.219544,8.246211,7.211103,6.403124,6.708204,7.28011,8.246211,8.246211,9.219544,10.198039,10.440307,11.401754,10.440307,10.198039,10.049876,10.0,10.198039,10.77033
hoyeon_stand_normal_01,804,268,26.80146448087432,29.998360745314464,10,0.5495759844779968,0.6828395128250122,-0.2317823022603988,0.9999858140945436,0.5446120500564575,0.6935332417488098,-0.2207908481359481,0.9999561309814452,0.5416642427444458,0.6927769184112549,-0.2207997888326645,0.9999598860740662,0.5391978621482849,0.6918021440505981,-0.2208231091499328,0.9999632835388184,0.5522949695587158,0.6943327188491821,-0.2205897718667984,0.9999427795410156,0.5545982718467712,0.6945292353630066,-0.2206088602542877,0.9999416470527648,0.5570610761642456,0.6943349242210388,-0.220612421631813,0.9999405741691588,0.5345829725265503,0.6825069189071655,-0.1388727277517318,0.9999406933784484,0.5595809817314148,0.6862860918045044,-0.1378355324268341,0.9998749494552612,0.5441571474075317,0.6688387989997864,-0.1999276727437973,0.9999827146530152,0.5549314618110657,0.6705746650695801,-0.1997211277484893,0.9999713897705078,0.5138155817985535,0.6060360074043274,-0.0712351500988006,0.999970316886902,0.5795378088951111,0.6031225919723511,-0.0674695298075676,0.9999094009399414,0.5057307481765747,0.5066009163856506,-0.0145190805196762,0.9838491678237916,0.5850764513015747,0.5045366883277893,-0.0196425542235374,0.9523325562477112,0.5008688569068909,0.4255891442298889,-0.0718932151794433,0.9620127081871032,0.5919620990753174,0.4190709888935089,-0.0794669687747955,0.8971009254455566,0.4976639151573181,0.397794246673584,-0.0899316221475601,0.9238287806510924,0.5957818627357483,0.3905128538608551,-0.0990470349788665,0.8295225501060486,0.502808690071106,0.397568792104721,-0.1181654036045074,0.930204689502716,0.5925299525260925,0.3894061148166656,-0.1285415589809417,0.8406870365142822,0.5054769515991211,0.4061781167984009,-0.0841584205627441,0.9166330695152284,0.5898364186286926,0.3983020186424255,-0.0926127284765243,0.829887330532074,0.5281278491020203,0.4291210472583771,-0.0028803294990211,0.999517858028412,0.5695085525512695,0.4311249554157257,0.0028225146234035,0.9993747472763062,0.5266845226287842,0.2716038525104522,-0.0313696712255477,0.9628027081489564,0.5732526779174805,0.2781359851360321,-0.0218163076788187,0.9475194215774536,0.5305282473564148,0.1247205808758735,0.0486401729285717,0.9616565704345704,0.5733970999717712,0.127820685505867,0.0584427826106548,0.9241607785224916,0.533255398273468,0.1036078855395317,0.049472015351057,0.5340104103088379,0.5712450742721558,0.1073774173855781,0.0597885623574256,0.5128071308135986,0.535364031791687,0.0758484974503517,-0.0645052418112754,0.9359398484230042,0.5751795172691345,0.0799993798136711,-0.0486089810729026,0.9062682390213012,hoyeon_stand_normal_01,5.420902166666666,6.879472166666666,9.782408166666666,12.348563666666667,14.485421833333334,15.650676333333331,15.796996666666663,15.168652666666668,13.954285,12.654023666666664,11.162779666666664,9.5172965,8.120925,6.830747333333333,6.478343000000001,6.774975,7.891779333333334,10.032036333333334,12.587767833333332,15.330955,18.168017166666665,20.75073683333333,22.947687,23.740224666666663,23.23294183333333,21.4741435,7.713665333333333,9.864079666666669,11.1836485,13.025093166666665,13.4817885,13.433703166666668,13.4643255,12.233316166666668,10.883891000000002,9.547411333333333,7.786886166666667,6.394267833333333,4.892051833333333,4.564809,4.491818666666667,5.747171666666667,7.505863,9.282282000000002,11.483013333333332,13.3960285,14.823821333333331,15.500465,15.523042166666666,14.730003500000002,12.603590333333331,9.892669333333334,18.0,19.026298,18.11077,16.492423,16.763055,16.552945,16.643317,17.029386,18.384776,19.104973,19.849433,20.518285,20.518285,21.213203,20.518285,19.849433,17.804494,15.620499,12.041595,8.062258,6.082763,7.81025,12.806248,18.027756,21.633308,25.0,18.973666,19.235384,19.026298,18.11077,14.56022,11.18034,7.071068,3.162278,3.0,6.708204,10.0,12.727922,14.21267,16.643317,17.492856,17.888544,18.384776,18.027756,18.027756,16.763055,15.231546,13.416408,12.806248,12.206556,13.0,15.297059,13.416408,14.764823,16.124515,16.124515,16.124515,15.652476,15.231546,13.601471,11.401754,10.198039,8.246211,6.324555,4.472136,3.605551,5.0,7.071068,10.440307,13.601471,15.811388,17.720045,19.646883,20.396078,20.223748,19.104973,17.029386,14.035669,13.152946,14.142136,15.132746,16.124515,15.033296,14.035669,13.152946,11.18034,9.219544,7.615773,7.211103,6.403124,6.708204,6.708204,7.28011,8.246211,9.219544,10.440307,10.440307,10.440307,10.440307,10.440307,10.198039,10.049876,10.049876,10.440307
hoyeon_stand_normal_01,807,269,26.901469945355192,29.998360745314464,10,0.5498319268226624,0.6828213930130005,-0.2322772890329361,0.9999855756759644,0.5448916554450989,0.6935288310050964,-0.221807986497879,0.9999555349349976,0.5419871807098389,0.6927782893180847,-0.2218137085437774,0.999959409236908,0.5393807291984558,0.6918049454689026,-0.2218410372734069,0.9999628663063048,0.5526114702224731,0.6943126916885376,-0.2216123938560485,0.9999418258666992,0.5549966096878052,0.6944791078567505,-0.2216300666332245,0.9999406337738036,0.5574789643287659,0.6942176222801208,-0.2216316163539886,0.9999394416809082,0.5347871780395508,0.6825088858604431,-0.1404027938842773,0.9999403953552246,0.5598703622817993,0.6861702799797058,-0.1393927633762359,0.9998730421066284,0.5444043874740601,0.6688340306282043,-0.2003325372934341,0.999982476234436,0.5552176237106323,0.6705368161201477,-0.2001279443502426,0.9999708533287048,0.5145583152770996,0.6061373949050903,-0.0716488137841224,0.9999704957008362,0.5796349048614502,0.6034470796585083,-0.0678701624274253,0.9999094009399414,0.5058397054672241,0.5070285201072693,-0.0156444553285837,0.9837456345558168,0.5854769349098206,0.505028486251831,-0.0199133418500423,0.9514468908309937,0.5010335445404053,0.425823450088501,-0.0719809606671333,0.9619024395942688,0.5924577713012695,0.4193774759769439,-0.079772762954235,0.8954623341560364,0.4979287087917328,0.3978585600852966,-0.0894730910658836,0.9236878752708436,0.5962637662887573,0.390722393989563,-0.099410094320774,0.8274168372154236,0.5029597878456116,0.3976756930351257,-0.1178497821092605,0.9300966858863832,0.592887818813324,0.3895848989486694,-0.1287852823734283,0.8386896848678589,0.5056112408638,0.406385987997055,-0.0842462107539177,0.9165166020393372,0.590176522731781,0.3986378014087677,-0.0928503945469856,0.8279229402542114,0.5283592343330383,0.4298856556415558,-0.0028580755461007,0.9995185732841492,0.5696529746055603,0.4315226376056671,0.0028003857005387,0.9993754625320436,0.5266811847686768,0.2719594538211822,-0.0314608253538608,0.9628406763076782,0.5733271837234497,0.2782380580902099,-0.0218501109629869,0.9473934173583984,0.5303763747215271,0.1246941462159156,0.0474779866635799,0.9616193175315856,0.573411762714386,0.1277489364147186,0.0574103668332099,0.923973798751831,0.5331146717071533,0.1036191880702972,0.0482335425913333,0.5319188237190247,0.5712453722953796,0.1073772311210632,0.0586431659758091,0.5123141407966614,0.5353643298149109,0.0757127106189727,-0.0659940987825393,0.9357073307037354,0.5751844048500061,0.0799109563231468,-0.0497358590364456,0.9059807062149048,hoyeon_stand_normal_01,6.841804333333333,7.927992333333333,10.620544333333331,12.614081333333331,14.653022666666669,15.648876666666666,15.941517333333332,15.072967333333333,14.016126,12.269642333333332,10.663655333333333,9.185735,7.697845999999999,6.590426666666667,5.885618,6.338847,7.973308666666667,10.215214666666668,12.526424666666664,15.364851,18.08774633333333,20.288270666666666,22.550139,22.96514833333333,22.42425266666667,20.812343,8.356262666666666,10.508615333333331,11.737151,13.322264333333331,13.509953,13.413782333333335,13.32718,12.260076333333332,10.951128000000002,9.660841666666666,8.362669333333335,7.131681666666666,6.178552666666666,5.96734,5.8213593333333336,7.251702333333333,8.608602,9.962239000000002,12.149372666666666,13.753652,15.225437666666664,16.00093,16.180015333333333,15.317871000000002,13.165585666666663,10.565794666666667,14.338811333333332,14.615822333333334,13.949226666666666,12.925678666666668,12.682131,12.028985333333331,11.050982,11.016528666666666,9.999798333333333,9.288404666666668,7.961383666666667,7.804187666666667,8.272221333333334,9.652576,11.422528,12.390814999999998,14.017158666666669,14.593628,15.345564,15.22087,15.252470666666667,16.315067666666668,17.343285666666667,17.368324333333334,17.309522666666666,15.810035,7.551566999999999,8.677426333333333,10.158064,11.073296,11.36399,11.186207333333334,10.787653333333331,9.879958666666669,9.461326666666666,10.080621333333331,9.871485666666668,9.634805333333334,8.686830666666667,8.128388333333334,7.008000333333334,6.377581999999999,6.177709,7.486445666666667,8.765686333333333,9.842974666666668,10.807455333333332,11.557246999999998,12.353736,13.018200666666669,13.659927333333334,14.372722,14.454828,14.734973666666669,14.442467666666666,13.997918999999998,13.492263333333334,13.201805666666669,12.426073666666667,12.030361,11.720036666666669,10.895276,10.680598666666668,9.696002333333334,8.980723666666666,9.200377,10.136716333333334,11.302538666666669,13.307209,14.634184333333332,15.909832666666668,16.264785333333336,16.538509333333334,16.330764,16.617590666666665,16.317946333333335,15.984827666666666,15.061296666666664,11.428411666666667,11.930282666666669,12.058883666666668,12.636024,13.520800333333334,12.959347,12.802574,12.260961666666669,11.270348333333333,10.413496333333333,9.420076666666668,8.924155333333333,8.538598,8.672450333333332,8.561308333333335,8.835016333333334,8.966578666666665,9.578239333333334,10.012066,10.436774333333334,11.101497666666669,11.647693666666669,11.58224,12.085793,12.806771333333332,13.085685
hoyeon_stand_normal_01,810,270,27.001475409836065,29.998360745314464,10,0.5505067706108093,0.6828228235244751,-0.2329818457365036,0.9999851584434508,0.5456225275993347,0.6935446262359619,-0.2222480326890945,0.9999542236328124,0.542768657207489,0.6928346157073975,-0.2222551554441452,0.999958336353302,0.539934515953064,0.6918953061103821,-0.2222811728715896,0.9999619126319884,0.5534259676933289,0.6943125128746033,-0.2221335768699646,0.9999399185180664,0.5559567213058472,0.6944475769996643,-0.2221519649028778,0.999938666820526,0.5582665801048279,0.694153904914856,-0.2221544533967971,0.9999372959136964,0.5353164076805115,0.6826158165931702,-0.1405383497476577,0.999939262866974,0.560398280620575,0.6861174702644348,-0.1398512870073318,0.9998687505722046,0.5450252890586853,0.668846845626831,-0.2010488957166671,0.9999819993972778,0.5558685064315796,0.6705253720283508,-0.2009163051843643,0.9999698996543884,0.5155991315841675,0.6063981652259827,-0.0723882615566253,0.9999704957008362,0.5801355242729187,0.6038854122161865,-0.0683387890458107,0.999908983707428,0.5060452222824097,0.5072420835494995,-0.0159591976553201,0.9836953282356262,0.5864114761352539,0.5054959654808044,-0.0199496503919363,0.950295090675354,0.5020335912704468,0.4263671338558197,-0.0716998353600502,0.9617450833320618,0.5929504632949829,0.4204168319702148,-0.0794692784547805,0.8941932320594788,0.4988972544670105,0.3984040915966034,-0.0891574248671531,0.9234699010849,0.5966917872428894,0.391827255487442,-0.0989792272448539,0.8260416984558105,0.5037345290184021,0.3983055055141449,-0.1174927800893783,0.929892599582672,0.5932779908180237,0.3907244801521301,-0.1284447908401489,0.8373743891716003,0.5062548518180847,0.4070405066013336,-0.0839110389351844,0.9162460565567015,0.5905617475509644,0.3999417126178741,-0.0925863534212112,0.8265623450279236,0.5288562178611755,0.4304653406143188,-0.0028926895465701,0.999516785144806,0.5701230764389038,0.4316630959510803,0.0028356099501252,0.9993736147880554,0.5266835689544678,0.2727069556713104,-0.0307420026510953,0.9627447128295898,0.5733317732810974,0.2786144912242889,-0.0209892652928829,0.9470534324645996,0.5301931500434875,0.1248124986886978,0.047064833343029,0.9616138935089112,0.5734016299247742,0.1279821097850799,0.057436142116785,0.9236763119697572,0.5328882336616516,0.1036755442619323,0.0476449206471443,0.5298413634300232,0.5712138414382935,0.1073135584592819,0.0586633197963237,0.5126697421073914,0.5354219079017639,0.0756976678967475,-0.0670476779341697,0.9355499744415284,0.575191080570221,0.0798242464661598,-0.049711350351572,0.9057644009590148,hoyeon_stand_normal_01,9.848858,10.816654,12.041595,14.142136,14.866069,15.620499,15.0,14.422205,12.529964,10.816654,9.433981,7.81025,6.403124,6.708204,7.071068,8.0,10.198039,11.401754,13.601471,14.866069,17.088007,19.313208,21.18962,21.84033,22.36068,20.099751,9.433981,10.816654,11.401754,12.806248,13.453624,13.453624,12.727922,12.041595,11.313708,11.313708,9.219544,9.219544,8.602325,8.062258,8.544004,8.544004,9.219544,10.198039,11.045361,13.152946,14.142136,14.142136,14.317821,14.317821,13.152946,11.045361,11.661904,11.7047,12.165525,13.0,13.152946,13.601471,14.317821,15.264338,16.401219,17.029386,18.439089,19.79899,20.518285,20.518285,20.518285,18.439089,17.691806,14.866069,11.313708,7.211103,5.09902,6.708204,12.165525,17.117243,22.203603,25.317978,16.401219,17.0,18.027756,16.278821,15.0,12.369317,8.944272,5.830952,5.09902,6.403124,8.544004,11.045361,13.0,14.142136,15.297059,16.763055,17.088007,17.088007,17.088007,16.155494,15.811388,13.601471,13.152946,11.0,10.440307,9.433981,12.165525,13.341664,14.56022,15.524175,15.297059,15.132746,14.142136,13.038405,11.0,9.0,8.0,6.082763,5.385165,5.0,5.385165,8.062258,11.045361,13.038405,16.03122,18.11077,20.223748,20.396078,20.396078,18.439089,16.763055,13.601471,12.369317,14.56022,15.811388,15.811388,16.155494,13.928388,13.0,10.77033,9.486833,7.071068,6.082763,5.385165,5.656854,6.403124,7.211103,8.062258,8.602325,9.433981,10.0,10.630146,10.630146,10.0,9.433981,9.848858,9.486833,10.049876
hoyeon_stand_normal_01,813,271,27.10148087431694,29.998360745314464,10,0.5525630116462708,0.6830165386199951,-0.2333349734544754,0.999984622001648,0.5475966334342957,0.693792462348938,-0.2223438620567321,0.9999526143074036,0.5447177886962891,0.693157434463501,-0.2223501801490783,0.9999569654464722,0.5417798757553101,0.6924465894699097,-0.2223751842975616,0.9999606609344482,0.555393636226654,0.6943938136100769,-0.2225063592195511,0.9999377131462096,0.5577999353408813,0.6944504976272583,-0.2225251197814941,0.99993634223938,0.5595329999923706,0.6941591501235962,-0.2225277572870254,0.9999347925186156,0.5368669629096985,0.6833072900772095,-0.1415705978870391,0.9999377131462096,0.5615078210830688,0.686111330986023,-0.1399223506450653,0.9998630881309508,0.5467624068260193,0.6690337657928467,-0.2011928707361221,0.99998140335083,0.5573581457138062,0.6705874800682068,-0.2014093697071075,0.9999687671661376,0.5167748928070068,0.6069995164871216,-0.0735667124390602,0.9999698996543884,0.5811948776245117,0.6042699217796326,-0.068179652094841,0.99990713596344,0.5069441199302673,0.5078251957893372,-0.0183062870055437,0.9836763143539428,0.5876472592353821,0.5057048201560974,-0.0195116195827722,0.9491668343544006,0.5036406517028809,0.4270091652870178,-0.0743601247668266,0.9615890383720398,0.5937355160713196,0.4210982322692871,-0.0795046165585517,0.8935505747795105,0.5001288056373596,0.3987069129943847,-0.0920783802866935,0.9232341647148132,0.5974828600883484,0.3925594091415405,-0.0990508124232292,0.8254752159118652,0.5046129822731018,0.3985677063465118,-0.1204319447278976,0.9296674728393556,0.5940178036689758,0.3914512693881988,-0.1283667534589767,0.8368410468101501,0.5070813298225403,0.4073463976383209,-0.0865763872861862,0.9160169363021852,0.5912859439849854,0.400872528553009,-0.0925753787159919,0.8259940147399902,0.5296007394790649,0.430651992559433,-0.0032765755895525,0.9995059370994568,0.5712070465087891,0.4316728711128235,0.0032209632918238,0.9993625283241272,0.5266891717910767,0.2729030549526214,-0.0307687241584062,0.9627866744995116,0.5736608505249023,0.2786775529384613,-0.0205843802541494,0.9470789432525636,0.5300794243812561,0.1259828358888626,0.0480016060173511,0.9614896178245544,0.5734273791313171,0.1283277124166488,0.0583887845277786,0.923708438873291,0.5327297449111938,0.1045019999146461,0.0487973317503929,0.5276841521263123,0.5712130069732666,0.1073140129446983,0.059714026749134,0.5138024091720581,0.5353667736053467,0.076739378273487,-0.0661294683814048,0.9350915551185608,0.5752238631248474,0.079821653664112,-0.048931885510683,0.9055314660072328,hoyeon_stand_normal_01,14.21267,15.556349,16.278821,18.439089,17.691806,18.384776,17.029386,15.620499,12.806248,11.313708,9.219544,8.062258,9.219544,10.0,12.041595,13.152946,15.132746,17.262677,18.439089,20.615528,22.803509,25.0,28.160256,29.832868,29.274562,28.071338,9.055385,11.045361,12.041595,13.0,14.035669,14.035669,14.142136,14.142136,13.152946,13.152946,12.165525,11.18034,11.045361,10.0,10.0,10.049876,10.049876,11.18034,12.369317,13.601471,14.56022,15.524175,16.492423,15.524175,15.811388,14.317821,8.944272,10.198039,11.045361,12.041595,12.369317,13.0,14.422205,15.0,16.278821,17.691806,18.439089,20.0,20.615528,20.615528,21.400935,19.209373,19.209373,16.401219,13.038405,8.944272,6.0,5.830952,10.049876,14.035669,19.104973,22.090722,13.0,14.317821,16.03122,16.03122,15.524175,13.416408,12.041595,10.0,8.246211,7.28011,7.071068,8.944272,9.219544,11.0,12.041595,13.341664,13.601471,14.866069,13.928388,14.317821,13.0,12.649111,11.401754,9.055385,8.062258,6.708204,13.152946,14.56022,15.524175,16.492423,16.492423,16.278821,15.132746,13.152946,12.041595,10.049876,9.0,7.071068,6.324555,5.656854,5.830952,8.544004,10.198039,14.142136,16.278821,18.248288,20.396078,20.615528,19.924859,18.973666,17.088007,15.231546,13.038405,15.132746,16.124515,16.278821,16.278821,15.524175,13.341664,11.401754,9.055385,7.0,6.324555,5.830952,6.403124,6.708204,7.615773,9.848858,9.848858,11.18034,11.661904,11.661904,11.661904,11.661904,11.18034,10.77033,10.198039,11.045361
hoyeon_stand_normal_01,816,272,27.20148633879781,29.998360745314464,10,0.5545151233673096,0.6830185055732727,-0.2338937819004058,0.999984323978424,0.5496935248374939,0.6937980055809021,-0.2234057486057281,0.9999517798423768,0.546821653842926,0.6932084560394287,-0.2234162390232086,0.9999562501907348,0.543958842754364,0.6925784349441528,-0.2234445512294769,0.9999600052833556,0.5574521422386169,0.6943233609199524,-0.2228455990552902,0.9999366998672484,0.5594803690910339,0.6942967176437378,-0.2228624671697616,0.9999351501464844,0.5611060261726379,0.6939776539802551,-0.2228617221117019,0.9999336004257202,0.5388777852058411,0.6835505962371826,-0.1441884040832519,0.9999372959136964,0.563287615776062,0.6858853697776794,-0.1401343047618866,0.9998602867126464,0.5486548542976379,0.6690636277198792,-0.2024302035570144,0.999981164932251,0.5590394139289856,0.6705414652824402,-0.2015650421380996,0.9999682903289796,0.5184382796287537,0.6075845956802368,-0.0771559253334999,0.9999698400497437,0.5828995108604431,0.6043369174003601,-0.067833587527275,0.9999064803123474,0.5083733797073364,0.5091397166252136,-0.0230878982692956,0.9839462637901306,0.5893626809120178,0.505723237991333,-0.0180956944823265,0.9485214352607728,0.5051212310791016,0.4290626049041748,-0.0799580961465835,0.96186500787735,0.5955678820610046,0.4213737845420837,-0.079054869711399,0.8941867351531982,0.5013841390609741,0.399994283914566,-0.0981599390506744,0.923675537109375,0.5996541976928711,0.3927091658115387,-0.098779521882534,0.8266014456748962,0.5060133934020996,0.3997613489627838,-0.1264699548482895,0.9300439357757568,0.5962325930595398,0.3915373384952545,-0.1280378699302673,0.8379272818565369,0.5085256695747375,0.408420979976654,-0.0921550020575523,0.916466236114502,0.593567967414856,0.4010219573974609,-0.0921545475721359,0.8271097540855408,0.5308132171630859,0.4312381148338318,-0.004400678910315,0.99949449300766,0.5725217461585999,0.4317744076251983,0.0043464307673275,0.9993515014648438,0.5267330408096313,0.2737184762954712,-0.0307704471051692,0.9632418155670166,0.574309229850769,0.2787118256092071,-0.0186983328312635,0.947515070438385,0.5295907855033875,0.1279820948839187,0.0475580245256423,0.9616167545318604,0.5735337734222412,0.1285686939954757,0.0584153421223163,0.924136996269226,0.5319240093231201,0.1066595986485481,0.0482372120022773,0.5231836438179016,0.5712241530418396,0.1073813140392303,0.0597138442099094,0.5162253379821777,0.5352758765220642,0.0776833668351173,-0.066740408539772,0.9347631335258484,0.5755431056022644,0.0798530057072639,-0.0488789640367031,0.905683934688568,hoyeon_stand_normal_01,15.738747,15.389126,14.955096,14.645554999999998,13.943786499999998,12.805674,12.176145,11.186245,10.0276925,9.5526305,9.271109,8.7481195,8.700877,9.8890895,11.038586,13.089158,14.160208,16.263455999999998,18.1217915,19.418204,21.7127045,22.810272,23.7142825,23.952603,24.133047,23.7544435,10.6651235,11.9485505,12.987745,13.672398,13.706967,13.8168275,13.495864,12.810381500000002,11.933355,11.4182295,10.7871365,11.038586,9.928374,9.938658,10.263438,10.2648205,10.2648205,10.315073,11.291047,12.144801,12.9040135,13.736646,14.0824045,14.328951,15.143687,15.590111,14.866069,15.620499,15.0,13.892444,13.416408,13.0,11.401754,10.198039,9.055385,7.0,5.09902,3.605551,3.162278,4.472136,6.403124,9.219544,12.806248,15.0,18.601075,20.0,21.633308,22.203603,21.633308,19.416488,18.027756,15.0,7.28011,7.071068,6.324555,6.403124,6.324555,8.0,8.544004,8.944272,10.0,8.485281,8.602325,8.062258,6.708204,5.385165,4.123106,3.0,2.236068,2.0,3.162278,5.0,6.403124,9.219544,10.630146,12.806248,14.21267,14.866069,17.0,16.124515,13.892444,10.816654,9.219544,8.062258,8.544004,10.198039,11.045361,13.152946,14.317821,15.524175,17.088007,17.888544,18.027756,17.804494,17.029386,16.278821,13.453624,10.630146,7.81025,6.082763,6.708204,9.219544,12.806248,15.0,9.848858,7.211103,5.0,6.0,8.544004,11.18034,13.416408,15.652476,17.464249,18.384776,17.720045,16.492423,16.278821,15.132746,13.038405,11.045361,10.049876,9.219544,9.486833,10.29563,11.401754,13.453624,14.866069,17.029386,18.601075,18.867962
hoyeon_stand_normal_01,819,273,27.301491803278687,29.998360745314464,10,0.5566779971122742,0.6830824613571167,-0.2360541224479675,0.9999840259552002,0.5521662831306458,0.6938461065292358,-0.2257415801286697,0.99995094537735,0.5492390394210815,0.6933413147926331,-0.2257596552371978,0.9999555945396424,0.5463240742683411,0.69280606508255,-0.2257923632860183,0.9999594688415528,0.5597389936447144,0.694307267665863,-0.2244150936603546,0.9999353289604188,0.5614430904388428,0.6942272782325745,-0.2244287580251693,0.9999336004257202,0.5635417103767395,0.6937796473503113,-0.2244256436824798,0.9999318718910216,0.5409795045852661,0.684052586555481,-0.1474566459655761,0.999937117099762,0.5656274557113647,0.6855587959289551,-0.1404557079076767,0.9998558759689332,0.550453245639801,0.6692675352096558,-0.2053275853395462,0.9999809861183168,0.5608707666397095,0.670540988445282,-0.2033644616603851,0.9999676942825316,0.520243763923645,0.6080606579780579,-0.0835373178124427,0.9999698400497437,0.5850699543952942,0.604231595993042,-0.0680509731173515,0.9999033212661744,0.510927677154541,0.5092157125473022,-0.0320757701992988,0.984194815158844,0.5914269089698792,0.5054584741592407,-0.0185180362313985,0.9476869106292723,0.5075692534446716,0.4288110733032226,-0.0870159864425659,0.9619713425636292,0.5975868701934814,0.421159416437149,-0.0791799202561378,0.8929790258407593,0.5044472217559814,0.3997700214385986,-0.1051425635814666,0.9237696528434752,0.6015862822532654,0.3922751545906067,-0.0988857448101043,0.8250342011451721,0.5085592865943909,0.3996620774269104,-0.1328168213367462,0.9300814867019652,0.5983330607414246,0.3908053338527679,-0.1281466782093048,0.8364585041999817,0.51081383228302,0.4082684516906738,-0.0988248437643051,0.9165626168251038,0.5957634449005127,0.4004033803939819,-0.0922677144408226,0.8258541822433472,0.532164454460144,0.431264579296112,-0.0058481828309595,0.9994803071022034,0.5739361643791199,0.4317516684532165,0.005793890915811,0.9993264079093932,0.5271289944648743,0.2759832143783569,-0.0315567851066589,0.963173508644104,0.5749788284301758,0.2805023193359375,-0.0163161791861057,0.9466702342033386,0.5295462012290955,0.1297826021909713,0.0460842251777648,0.9610718488693236,0.573512077331543,0.1301441788673401,0.0592140741646289,0.9226564168930054,0.5316662788391113,0.1103947833180427,0.0467958934605121,0.5168799161911011,0.5711174607276917,0.1091513112187385,0.0604156367480754,0.5144458413124084,0.5353352427482605,0.0789655521512031,-0.0677008330821991,0.9336210489273072,0.575542688369751,0.0806541293859481,-0.0473145022988319,0.9037739634513856,hoyeon_stand_normal_01,14.142136,14.142136,13.152946,13.038405,12.0,11.0,11.045361,10.198039,10.198039,9.219544,9.219544,7.28011,5.830952,5.656854,7.615773,9.219544,13.038405,17.262677,20.396078,23.086793,24.166092,22.825424,21.954498,18.35756,17.464249,16.492423,16.278821,15.811388,16.124515,15.231546,13.928388,13.601471,11.7047,10.77033,8.944272,8.602325,8.485281,8.485281,9.433981,9.433981,10.816654,12.206556,12.206556,12.806248,13.453624,13.453624,12.806248,12.041595,12.206556,11.18034,11.7047,12.369317,14.56022,14.142136,14.035669,14.0,14.035669,13.152946,12.369317,10.440307,9.848858,8.062258,6.403124,5.0,4.0,4.472136,6.403124,8.944272,13.0,15.811388,18.973666,20.880613,21.84033,23.086793,23.086793,21.18962,18.973666,16.155494,7.211103,6.403124,5.385165,5.09902,5.830952,6.403124,7.28011,8.062258,8.062258,8.246211,8.544004,8.062258,7.211103,6.403124,4.242641,3.605551,3.162278,2.236068,2.236068,4.0,5.09902,7.615773,9.486833,10.77033,13.0,13.928388,17.029386,14.866069,12.806248,11.661904,9.848858,8.246211,9.0,10.049876,12.165525,13.152946,15.132746,16.0,17.029386,17.262677,18.439089,18.027756,17.464249,16.552945,13.416408,10.77033,8.246211,6.082763,7.071068,9.433981,12.083046,14.317821,8.485281,6.403124,5.09902,5.385165,7.81025,10.630146,13.453624,15.620499,16.970563,17.029386,17.029386,16.401219,15.264338,13.892444,12.529964,11.18034,10.29563,10.0,9.219544,9.219544,10.816654,13.038405,14.764823,15.264338,17.204651,18.027756
hoyeon_stand_normal_01,822,274,27.401497267759563,29.998360745314464,10,0.558025598526001,0.6836796998977661,-0.2399185448884964,0.999983549118042,0.553679347038269,0.6941279768943787,-0.2294679582118988,0.9999493956565856,0.5507763028144836,0.6937407851219177,-0.2294876426458358,0.9999542236328124,0.5479040741920471,0.69329434633255,-0.2295213788747787,0.9999582171440125,0.5611585974693298,0.6943820118904114,-0.2280028462409973,0.9999333024024964,0.5627872943878174,0.6942453980445862,-0.2280205339193344,0.9999315142631532,0.5650269389152527,0.6937775611877441,-0.2280216366052627,0.9999297857284546,0.5426042675971985,0.6848275065422058,-0.1514723449945449,0.9999353289604188,0.5675138235092163,0.685356616973877,-0.1441622227430343,0.9998509883880616,0.5517596006393433,0.67011958360672,-0.209653690457344,0.9999805688858032,0.5621821284294128,0.6708657741546631,-0.2076079100370407,0.9999669194221495,0.5216798186302185,0.608368992805481,-0.0887218192219734,0.999969244003296,0.5871573090553284,0.6040312051773071,-0.0723297744989395,0.9999011754989624,0.5131940841674805,0.5092306137084961,-0.0377136021852493,0.9841657876968384,0.5934751033782959,0.5042790174484253,-0.0237914565950632,0.9479097127914428,0.5103973150253296,0.4282733798027038,-0.0916922092437744,0.961217164993286,0.5994827151298523,0.4199004769325256,-0.0819078981876373,0.8926853537559509,0.5082231163978577,0.3988937437534332,-0.109722800552845,0.922352135181427,0.6035197377204895,0.390352189540863,-0.1011290997266769,0.8244141936302185,0.5115084648132324,0.399000346660614,-0.1367808431386947,0.9286719560623168,0.5999456644058228,0.3884450197219848,-0.1297565102577209,0.8358052968978882,0.513477623462677,0.4076882898807525,-0.1032331064343452,0.9151229858398438,0.5974988341331482,0.3982247412204742,-0.0947214141488075,0.8255200982093811,0.5334053039550781,0.4312694370746612,-0.0061334427446126,0.9994677305221558,0.5751463174819946,0.431601732969284,0.0060761752538383,0.999306857585907,0.5277652144432068,0.2761645913124084,-0.0331981070339679,0.9623693823814392,0.5756864547729492,0.2804881632328033,-0.0162469558417797,0.9448582530021667,0.5296100378036499,0.1296086609363556,0.0448047928512096,0.9596050977706908,0.573416531085968,0.1301249861717224,0.0599879063665866,0.9193944334983826,0.5317763686180115,0.1102219000458717,0.0456531755626201,0.5095517635345459,0.5710228085517883,0.109211653470993,0.0612866804003715,0.5089037418365479,0.5353352427482605,0.0789527669548988,-0.0679566040635109,0.9312657117843628,0.5755462646484375,0.0806955695152282,-0.0457363687455654,0.8999807834625244,hoyeon_stand_normal_01,18.973666,17.088007,14.764823,12.206556,11.313708,9.433981,8.544004,8.062258,9.219544,9.848858,11.661904,13.038405,14.422205,15.811388,16.643317,15.811388,15.0,12.727922,12.083046,14.0,18.681542,25.298221,32.015621,36.674242,39.204592,38.0,7.211103,9.219544,11.401754,14.21267,17.029386,18.384776,19.104973,19.849433,19.209373,18.867962,17.492856,16.124515,13.416408,12.083046,9.433981,7.81025,5.830952,7.071068,8.246211,10.77033,14.317821,17.888544,20.615528,22.472205,23.086793,23.086793,13.928388,13.341664,13.152946,13.038405,13.038405,12.041595,11.18034,10.440307,8.544004,8.062258,6.403124,4.472136,4.0,5.0,7.211103,11.18034,13.928388,18.027756,20.248457,23.4094,24.351591,25.632011,24.698178,23.769729,21.540659,17.464249,5.656854,5.830952,6.082763,6.324555,6.403124,6.708204,8.246211,9.0,10.198039,9.486833,8.944272,8.602325,7.81025,7.071068,5.656854,4.242641,3.162278,2.0,1.414214,3.162278,4.472136,6.708204,8.062258,10.29563,11.661904,12.529964,13.038405,14.764823,15.231546,15.231546,15.652476,14.764823,14.764823,13.038405,11.401754,10.0,8.602325,6.708204,5.385165,5.0,6.324555,7.211103,10.630146,12.727922,14.866069,17.691806,18.439089,19.209373,19.416488,18.027756,16.124515,13.416408,12.806248,15.620499,16.278821,16.970563,17.691806,15.620499,13.453624,12.041595,9.899495,8.602325,6.324555,6.0,6.324555,7.615773,8.062258,9.433981,10.29563,11.18034,12.529964,12.083046,13.0,13.416408,12.083046,11.661904,11.401754,11.313708
hoyeon_stand_normal_01,825,275,27.50150273224044,29.998360745314464,10,0.5596401691436768,0.6842513084411621,-0.2411734908819198,0.9999825358390808,0.5554319620132446,0.6944224238395691,-0.2306623458862304,0.9999462366104126,0.5525495409965515,0.6941196322441101,-0.2306817024946212,0.9999514818191528,0.5497338175773621,0.693735659122467,-0.230715200304985,0.999955713748932,0.562623143196106,0.6944804191589355,-0.2293280810117721,0.9999291896820068,0.5642189383506775,0.6942903995513916,-0.2293484508991241,0.9999274015426636,0.5665455460548401,0.6937814354896545,-0.2293547093868255,0.9999256134033204,0.5444104671478271,0.6853818297386169,-0.1524157971143722,0.9999316930770874,0.5691450834274292,0.6852335333824158,-0.1457655280828476,0.999841332435608,0.5534600615501404,0.6709462404251099,-0.2108933925628662,0.9999796152114868,0.5636382699012756,0.6713209748268127,-0.2090534716844558,0.9999651312828064,0.5231836438179016,0.6092184782028198,-0.0896248146891594,0.999968409538269,0.5889889597892761,0.6036508083343506,-0.0747636556625366,0.9998974800109864,0.5146122574806213,0.5101508498191833,-0.0385573878884315,0.9840927720069884,0.5952003598213196,0.5040284395217896,-0.0268379636108875,0.947848379611969,0.5114980936050415,0.4282594323158264,-0.0929857268929481,0.9604639410972596,0.6007328629493713,0.4188881516456604,-0.0835166648030281,0.8915096521377563,0.5092391967773438,0.3988848328590393,-0.1108336448669433,0.92091566324234,0.6050266623497009,0.3892129957675934,-0.1023890078067779,0.8225399851799011,0.5125343799591064,0.3989805877208709,-0.1379584670066833,0.9273138642311096,0.6013278365135193,0.3872900307178497,-0.130837395787239,0.8340141177177429,0.5144962072372437,0.407642513513565,-0.1045897677540779,0.9137325286865234,0.5987945199012756,0.3970559537410736,-0.0962641984224319,0.8239902853965759,0.5341836214065552,0.4312970042228699,-0.0060541140846908,0.999448299407959,0.5759437680244446,0.4313965439796448,0.0059963287785649,0.9992790818214417,0.5288622975349426,0.2761685252189636,-0.0333926007151603,0.961481511592865,0.5761763453483582,0.2804641127586365,-0.0165622290223836,0.9428710341453552,0.5299212336540222,0.1298668831586837,0.0457456484436988,0.9579341411590576,0.5730533003807068,0.1306511461734771,0.0612547472119331,0.9156808853149414,0.5321203470230103,0.1113047003746032,0.0469605065882205,0.5020519495010376,0.5706479549407959,0.1108838394284248,0.0628421828150749,0.5011003017425537,0.5353338122367859,0.0794762372970581,-0.0661553665995597,0.928745448589325,0.5754803419113159,0.0814501866698265,-0.0441666804254055,0.8957745432853699,hoyeon_stand_normal_01,11.18034,12.165525,12.369317,12.369317,11.18034,10.198039,9.055385,8.062258,7.0,5.09902,4.472136,3.605551,4.0,6.324555,9.848858,13.0,16.155494,19.646883,22.36068,24.083189,23.021729,22.0,19.0,15.033296,13.601471,13.038405,13.928388,14.56022,14.142136,13.038405,12.0,10.0,8.062258,7.071068,5.385165,4.242641,5.385165,6.324555,7.071068,8.062258,9.055385,10.198039,10.198039,10.440307,10.440307,10.440307,9.486833,7.28011,6.0,4.123106,5.0,7.28011,12.041883,12.237988,12.456233,12.1589105,12.2298575,12.112009,12.6846585,12.7841845,12.908327,13.2316835,13.4576115,13.251437500000002,13.281429,13.6049495,14.3718235,15.7828665,17.1846585,17.7620875,18.208244,16.814314,15.5249195,15.1925825,16.9211125,18.5054355,20.070867,20.0460735,6.5769155,7.717520499999999,7.936945,7.8442985,8.103278,8.2568655,8.330952,7.905694,7.535534,7.140055,7.071068,6.203659,6.1925825,5.876123,6.2749115,6.118034,6.02218,6.156854,7.6019365,8.2568655,9.183075,9.828684,10.4002705,10.9210305,11.291047,10.440307,13.0,13.601471,14.56022,15.524175,14.56022,14.866069,13.928388,12.083046,11.18034,9.848858,8.544004,7.28011,6.082763,6.082763,6.708204,8.485281,11.313708,13.453624,16.278821,17.691806,19.104973,19.849433,19.209373,18.601075,16.643317,14.422205,13.416408,14.764823,16.124515,16.643317,15.811388,15.811388,14.21267,12.206556,9.433981,7.615773,6.082763,6.082763,5.385165,6.403124,7.81025,8.485281,9.899495,10.630146,11.401754,11.401754,11.401754,12.206556,11.401754,11.313708,11.313708,11.661904
hoyeon_stand_normal_01,828,276,27.601508196721312,29.998360745314464,10,0.5607610940933228,0.6844143867492676,-0.2419459372758865,0.9999821782112122,0.5566064715385437,0.6945167779922485,-0.2312955260276794,0.9999449849128724,0.5537160038948059,0.6942739486694336,-0.2313143610954284,0.9999505877494812,0.5508894324302673,0.6939302086830139,-0.2313461601734161,0.9999547600746156,0.5640259981155396,0.694487452507019,-0.2303361892700195,0.999927282333374,0.565690815448761,0.6942840814590454,-0.2303565889596939,0.9999256730079652,0.5680866241455078,0.6937310695648193,-0.2303643673658371,0.9999236464500428,0.5458198189735413,0.685637891292572,-0.1521219462156295,0.999930739402771,0.5709648728370667,0.6849690675735474,-0.1470335125923156,0.9998379945755004,0.5544430017471313,0.6711557507514954,-0.2112492173910141,0.9999794960021972,0.5648532509803772,0.6713601350784302,-0.2098692804574966,0.9999647736549376,0.5244525074958801,0.6094669103622437,-0.0878439918160438,0.999968647956848,0.5900536775588989,0.6032228469848633,-0.076195128262043,0.9998956918716432,0.5159607529640198,0.510745108127594,-0.0354715324938297,0.9842300415039062,0.5959673523902893,0.5033234357833862,-0.0282203946262598,0.9484832882881165,0.5114886164665222,0.4283270835876465,-0.0910081043839454,0.9608209133148192,0.6015482544898987,0.4175332486629486,-0.0859016850590705,0.8921490907669067,0.508754551410675,0.3990499079227447,-0.1089036539196968,0.9214870929718018,0.6061329245567322,0.3880322575569153,-0.1051703169941902,0.8231604099273682,0.5122272968292236,0.3990980386734009,-0.1364802569150924,0.927866756916046,0.6024850010871887,0.3861598074436188,-0.1339800804853439,0.8346835970878601,0.5143543481826782,0.407698780298233,-0.1028622835874557,0.914478063583374,0.5998605489730835,0.395633190870285,-0.0988463088870048,0.8249645829200745,0.5349121689796448,0.4313007593154907,-0.0058541488833725,0.999433934688568,0.5765058994293213,0.4312446117401123,0.0057960613630712,0.9992536902427672,0.5296307802200317,0.2761124670505523,-0.0334935747087001,0.9615569710731506,0.576637864112854,0.2804475128650665,-0.0177414827048778,0.94197815656662,0.5301424860954285,0.1300264745950698,0.048024732619524,0.9572166800498962,0.5729391574859619,0.130147323012352,0.0611956492066383,0.9134414196014404,0.5322054624557495,0.1118195727467536,0.0495514422655105,0.4957291781902313,0.570560872554779,0.1107938736677169,0.0627264082431793,0.4950704872608185,0.5354560017585754,0.0794288888573646,-0.0645928084850311,0.927630603313446,0.5751760601997375,0.0804209634661674,-0.0449637398123741,0.8933970928192139,hoyeon_stand_normal_01,15.132746,16.03122,16.03122,15.033296,14.0,12.0,10.049876,8.062258,6.082763,4.472136,2.828427,3.0,5.0,7.071068,10.630146,14.21267,17.691806,20.518285,22.803509,23.021729,23.323808,20.59126,17.492856,13.601471,10.816654,11.045361,13.601471,13.152946,13.038405,12.0,10.0,8.0,6.082763,4.472136,3.605551,5.0,7.071068,8.062258,9.055385,10.049876,11.045361,12.0,12.0,12.041595,11.045361,10.049876,8.062258,6.0,4.472136,4.123106,7.0,10.198039,12.041595,12.165525,10.440307,9.848858,8.602325,8.602325,8.544004,10.049876,12.0,14.035669,16.124515,18.11077,19.026298,21.0,22.0,21.095023,21.213203,19.416488,16.492423,12.369317,8.062258,3.605551,7.071068,11.401754,16.763055,20.615528,6.403124,7.81025,9.219544,9.433981,9.486833,9.219544,8.0,6.082763,4.472136,2.236068,2.236068,3.162278,5.0,6.082763,7.28011,8.544004,8.944272,10.29563,10.816654,11.661904,11.661904,12.083046,12.083046,12.649111,12.165525,12.041595,16.401219,15.0,13.453624,11.313708,10.0,10.29563,10.440307,11.401754,12.369317,14.317821,15.524175,17.088007,17.464249,18.35756,18.601075,18.439089,18.384776,17.029386,14.21267,12.041595,9.219544,7.28011,7.28011,10.29563,12.206556,15.0,9.433981,8.062258,7.071068,7.28011,8.602325,11.313708,14.21267,15.620499,16.970563,17.691806,18.439089,17.204651,16.643317,15.264338,14.764823,13.416408,12.083046,11.18034,11.661904,11.401754,12.041595,13.453624,14.142136,15.556349,16.278821,17.029386
hoyeon_stand_normal_01,831,277,27.701513661202185,29.998360745314464,10,0.5626429319381714,0.6844133138656616,-0.2410855144262313,0.9999819397926332,0.558375895023346,0.6945281624794006,-0.2304581999778747,0.999944269657135,0.5554620027542114,0.6943020820617676,-0.230479896068573,0.9999501705169678,0.5525359511375427,0.6939626336097717,-0.2305136024951934,0.9999542832374572,0.565716028213501,0.6944635510444641,-0.2292308360338211,0.99992573261261,0.5673502087593079,0.6942237019538879,-0.2292473763227462,0.9999241828918456,0.5698676705360413,0.6935797333717346,-0.2292523384094238,0.9999218583106996,0.5472183227539062,0.6856542229652405,-0.1517220288515091,0.9999304413795472,0.5723200440406799,0.6846415400505066,-0.145154133439064,0.9998342394828796,0.5561987161636353,0.6711509823799133,-0.2105474919080734,0.9999794363975524,0.5665672421455383,0.6713305711746216,-0.2087554782629013,0.9999643564224244,0.5252959728240967,0.6094887256622314,-0.0869220271706581,0.9999691843986512,0.5909439325332642,0.6027729511260986,-0.0739929378032684,0.9998922944068908,0.5163054466247559,0.5107183456420898,-0.0347674563527107,0.9843310713768004,0.5963577628135681,0.502983570098877,-0.0269677843898534,0.947762668132782,0.5115434527397156,0.4283761382102966,-0.091685764491558,0.9610310792922974,0.6019555330276489,0.4170761704444885,-0.085584633052349,0.8905373215675354,0.5087365508079529,0.3991771042346954,-0.1100288331508636,0.9218374490737916,0.6062253713607788,0.3874469697475433,-0.1050411015748977,0.8209575414657593,0.5124301910400391,0.3991756737232208,-0.1375011950731277,0.9281890392303468,0.6027767062187195,0.3856979608535766,-0.1337044686079025,0.8326324820518494,0.5146182775497437,0.4077541530132293,-0.1035753935575485,0.9149601459503174,0.600231945514679,0.395183116197586,-0.0985775291919708,0.8232272267341614,0.5356562733650208,0.4313651621341705,-0.005865394603461,0.9994328618049622,0.577079713344574,0.4312442243099212,0.0058076502755284,0.9992374777793884,0.5302770137786865,0.2760917842388153,-0.0349976234138011,0.9612892866134644,0.5767971277236938,0.280457854270935,-0.0178015455603599,0.9404975771903992,0.5305190086364746,0.1303421854972839,0.0482895448803901,0.9565038084983826,0.5728259682655334,0.1314116418361663,0.0621834471821785,0.9113366603851318,0.5323938727378845,0.112489067018032,0.0499352738261222,0.4899121820926666,0.5703967809677124,0.11396124958992,0.063925877213478,0.4905098378658294,0.5356037020683289,0.079399824142456,-0.064265102148056,0.9266024231910706,0.5747576951980591,0.0808702483773231,-0.0438253693282604,0.8914759159088135,hoyeon_stand_normal_01,16.124515,17.492856,17.204651,16.401219,14.21267,11.401754,8.602325,6.708204,4.123106,3.162278,3.162278,5.0,8.062258,10.198039,14.317821,17.262677,21.213203,23.086793,25.019992,25.0,24.083189,22.090722,18.027756,13.038405,10.29563,11.661904,14.142136,14.21267,13.601471,12.206556,10.816654,8.062258,6.403124,4.472136,4.0,4.472136,6.403124,8.485281,9.219544,10.630146,11.401754,11.401754,11.661904,11.661904,10.29563,8.944272,6.708204,3.605551,2.0,4.472136,8.544004,11.7047,14.21267,12.727922,11.401754,9.433981,8.246211,8.062258,9.848858,11.401754,14.21267,16.278821,17.691806,20.518285,22.022716,22.803509,24.413111,24.186773,24.596748,21.931712,19.313208,14.866069,9.848858,5.830952,6.708204,12.041595,16.970563,21.260292,6.0,7.071068,9.219544,9.486833,9.848858,8.602325,7.81025,6.403124,4.472136,3.162278,1.0,1.0,2.828427,3.605551,5.830952,6.708204,7.615773,8.544004,9.486833,10.77033,11.7047,12.083046,13.416408,13.892444,14.422205,15.0,13.3007355,14.7111025,15.0,15.0,15.016648,14.622983,13.303285,12.5486195,10.4140925,8.7328775,7.071068,5.328427,4.297621,4.1213205,5.385165,8.0282305,11.3978355,14.293185,16.441588,18.6693445,20.5248515,21.1922005,21.1922005,20.028791,17.2546455,14.561995,12.316982,14.4863785,15.867693,16.2283145,16.146862,15.0856325,13.2639865,11.874627,9.787209,8.4176585,7.0725105,5.7117875,5.6925825,5.9568575,6.841616999999999,7.175589,7.807536,8.6485415,8.986057,9.1670695,9.462794,9.994937,9.8913325,9.880463,10.9210305,11.119817
hoyeon_stand_normal_01,834,278,27.80151912568306,29.998360745314464,10,0.5635892152786255,0.6844128370285034,-0.2406259924173355,0.9999819993972778,0.5593817234039307,0.6945301294326782,-0.2297500520944595,0.9999445676803588,0.5564963221549988,0.694305956363678,-0.2297727614641189,0.9999505877494812,0.5536210536956787,0.6939664483070374,-0.229807361960411,0.999954640865326,0.5668091177940369,0.6944230794906616,-0.2285756319761276,0.9999254941940308,0.5684013962745667,0.6941308975219727,-0.2285890281200409,0.9999238848686218,0.5708317160606384,0.6934117674827576,-0.2285900712013244,0.9999213218688964,0.5483877062797546,0.6856489777565002,-0.1503603905439376,0.999931275844574,0.5734768509864807,0.6842581629753113,-0.1440746784210205,0.999833047389984,0.5571862459182739,0.6711598038673401,-0.2099974453449249,0.9999797344207764,0.5675482153892517,0.6713114380836487,-0.2082235813140869,0.9999645948410034,0.5268140435218811,0.609578549861908,-0.0865823999047279,0.9999699592590332,0.5919328331947327,0.6024136543273926,-0.0731765031814575,0.9998886585235596,0.5171558260917664,0.5111191868782043,-0.0342616848647594,0.984594702720642,0.5972268581390381,0.5028594136238098,-0.0269217323511838,0.9477661848068236,0.5134174227714539,0.4283695220947265,-0.091367557644844,0.961815059185028,0.6025730967521667,0.4167537093162536,-0.0853966921567916,0.8898352980613708,0.510807991027832,0.3991749584674835,-0.1099402457475662,0.9231343865394592,0.60675048828125,0.387193500995636,-0.1047410890460014,0.8198001980781555,0.5144019722938538,0.3991491794586181,-0.1372938454151153,0.9293445944786072,0.6033173203468323,0.3855002820491791,-0.1334498226642608,0.8315477967262268,0.5166111588478088,0.4077396690845489,-0.1031969040632247,0.9162679314613342,0.6007864475250244,0.3949769735336303,-0.0983624905347824,0.8223974704742432,0.537022590637207,0.431362122297287,-0.0058382810093462,0.9994370341300964,0.5781896710395813,0.43119877576828,0.005781540647149,0.9992303252220154,0.531330943107605,0.2763470411300659,-0.0347296744585037,0.9617316722869872,0.5770671367645264,0.2804343402385711,-0.0178579445928335,0.9402357935905457,0.5314996838569641,0.1303034573793411,0.0539229325950145,0.956606924533844,0.5726797580718994,0.1318207085132599,0.0654634237289428,0.9108086824417114,0.5331662893295288,0.1125614494085311,0.0560090281069278,0.48671954870224,0.5701994299888611,0.1152324378490448,0.0675983875989914,0.4874928295612335,0.5357438921928406,0.0798147097229957,-0.0587663911283016,0.9267245531082152,0.5743647217750549,0.0811795592308044,-0.0409728288650512,0.8911951780319214,hoyeon_stand_normal_01,19.646883,20.223748,19.026298,17.0,14.035669,11.045361,8.0,5.09902,4.242641,4.123106,6.082763,7.615773,9.848858,13.0,15.231546,18.027756,19.924859,22.561028,22.36068,22.203603,21.095023,18.11077,15.297059,12.083046,11.313708,13.416408,13.038405,12.806248,12.727922,11.313708,9.219544,7.071068,5.385165,5.0,6.324555,8.062258,9.433981,10.29563,11.18034,12.083046,11.7047,11.401754,11.18034,10.198039,9.055385,7.071068,5.09902,3.605551,5.09902,8.944272,13.0,16.155494,12.529964,13.416408,13.0,13.601471,13.601471,13.341664,13.341664,11.18034,10.049876,9.055385,7.0,5.09902,3.605551,3.0,4.472136,7.81025,12.041595,14.866069,18.439089,21.400935,23.600847,24.413111,24.698178,22.825424,21.023796,17.464249,4.472136,3.162278,2.0,1.0,1.414214,3.162278,4.123106,5.09902,6.0,7.0,7.0,7.0,7.0,6.0,6.0,5.0,5.09902,4.123106,3.605551,3.605551,4.0,5.09902,5.830952,7.211103,9.219544,9.899495,13.0,13.928388,15.231546,15.231546,15.231546,14.317821,13.038405,11.661904,10.816654,8.602325,6.403124,5.830952,4.123106,4.472136,5.656854,8.602325,11.661904,14.422205,17.492856,19.416488,21.400935,22.022716,21.260292,20.518285,18.384776,15.556349,12.041595,13.453624,15.0,15.811388,15.0,13.601471,12.206556,10.816654,9.219544,7.071068,5.830952,5.09902,5.09902,6.082763,6.324555,7.615773,7.615773,8.544004,8.944272,9.848858,9.848858,9.848858,8.944272,9.219544,9.899495,10.0
hoyeon_stand_normal_01,837,279,27.90152459016393,29.998360745314464,10,0.5644558668136597,0.6844321489334106,-0.2444736063480377,0.9999816417694092,0.5603929758071899,0.6945534348487854,-0.2334485799074173,0.9999435544013976,0.5576188564300537,0.6943498849868774,-0.2334675341844558,0.9999497532844543,0.5548407435417175,0.694014310836792,-0.2335003018379211,0.9999538660049438,0.5677400827407837,0.6944127678871155,-0.23271144926548,0.9999240040779114,0.5693379044532776,0.6940817832946777,-0.2327300012111663,0.999922513961792,0.5716305375099182,0.6933280229568481,-0.2327358126640319,0.9999200701713562,0.5497624278068542,0.6856728792190552,-0.153483048081398,0.9999301433563232,0.5744354128837585,0.6841306090354919,-0.1493225246667862,0.9998310208320618,0.5581344366073608,0.6712292432785034,-0.2136449366807937,0.999979555606842,0.5683683156967163,0.6713109612464905,-0.2125313282012939,0.9999642968177797,0.5275243520736694,0.6091638207435608,-0.0887095779180526,0.9999691843986512,0.5936429500579834,0.6020359992980957,-0.0799734592437744,0.9998860955238342,0.5193110108375549,0.5111098289489746,-0.0356007851660251,0.9842199683189392,0.5987253189086914,0.5027996301651001,-0.033026460558176,0.9485160708427428,0.5159620642662048,0.4282071888446808,-0.0909677669405937,0.9602555632591248,0.6037694811820984,0.4165079891681671,-0.088989108800888,0.8893500566482544,0.5131105780601501,0.3991678357124328,-0.1091407909989357,0.9203733205795288,0.6078294515609741,0.3869620859622955,-0.1082188934087753,0.8187090754508972,0.5160969495773315,0.3990445733070373,-0.1365308314561844,0.9267133474349976,0.6044991612434387,0.3853130042552948,-0.1364069432020187,0.8304665684700012,0.5182985067367554,0.4076348841190338,-0.1027437075972557,0.913529098033905,0.602002739906311,0.3946975171566009,-0.1017132624983787,0.8214951157569885,0.5383695960044861,0.4314401149749756,-0.0051896935328841,0.9994298815727234,0.5794443488121033,0.4311989247798919,0.0051229638047516,0.999215841293335,0.53288733959198,0.2767409682273865,-0.034592043608427,0.9614596962928772,0.5777281522750854,0.2804211676120758,-0.0185745358467102,0.9395896196365356,0.5327609777450562,0.1303055137395858,0.0542961470782756,0.9561949372291564,0.5727005004882812,0.1318287253379821,0.065002828836441,0.9094136357307434,0.534372866153717,0.1127003654837608,0.0562888495624065,0.4840415418148041,0.5701985955238342,0.1148906350135803,0.0670750886201858,0.4826017916202545,0.5359829664230347,0.0797753632068634,-0.0581424310803413,0.926219403743744,0.5742550492286682,0.0813272297382354,-0.0415517352521419,0.8898450136184692,hoyeon_stand_normal_01,22.627417,22.022716,20.808652,18.35756,14.764823,10.29563,7.211103,5.830952,5.0,6.708204,9.433981,10.816654,13.038405,14.422205,16.643317,18.867962,20.59126,21.470911,21.931712,20.615528,19.313208,17.464249,13.892444,12.727922,13.416408,15.524175,11.661904,12.083046,10.77033,9.486833,7.615773,5.830952,5.830952,6.324555,8.062258,9.055385,11.045361,11.045361,12.165525,12.369317,11.7047,11.7047,9.848858,8.944272,8.062258,5.385165,5.09902,5.656854,8.944272,13.416408,17.0,20.248457,12.041595,10.816654,10.77033,9.219544,10.0,11.401754,11.18034,13.038405,15.0,17.029386,18.439089,19.849433,20.615528,22.803509,23.021729,22.472205,21.954498,20.124612,17.0,12.529964,8.485281,7.28011,8.944272,12.806248,17.691806,22.022716,8.602325,10.29563,13.0,14.56022,15.132746,15.0,14.142136,12.369317,9.848858,7.211103,4.242641,2.236068,1.0,3.605551,5.656854,8.485281,10.0,12.206556,13.892444,15.652476,16.552945,17.088007,16.155494,16.155494,15.652476,13.892444,16.155494,13.928388,11.7047,10.440307,9.0,9.055385,9.848858,10.29563,12.529964,13.892444,15.652476,16.155494,17.720045,18.248288,19.104973,19.0,19.026298,18.11077,15.132746,12.165525,9.0,5.830952,6.324555,10.049876,14.142136,17.262677,9.433981,7.615773,5.0,5.830952,8.602325,11.18034,14.317821,15.652476,17.492856,17.492856,18.601075,17.804494,16.278821,14.142136,13.453624,12.041595,10.630146,11.313708,10.0,10.29563,10.77033,12.649111,13.601471,15.524175,15.811388,17.088007
hoyeon_stand_normal_01,840,280,28.001530054644807,29.998360745314464,10,0.5650832056999207,0.6844282746315002,-0.2510085999965668,0.9999812841415404,0.5612198710441589,0.6945354342460632,-0.240016907453537,0.9999427795410156,0.5584569573402405,0.6943296790122986,-0.2400368303060531,0.9999489784240724,0.5557041764259338,0.6939917206764221,-0.240076407790184,0.9999532103538512,0.5687160491943359,0.6943694353103638,-0.2396182566881179,0.999922811985016,0.570368230342865,0.6939911842346191,-0.2396444827318191,0.9999212026596068,0.5726340413093567,0.6932051777839661,-0.2396529018878936,0.9999191164970398,0.5510022640228271,0.6856450438499451,-0.159239187836647,0.9999290108680724,0.5758994221687317,0.6839045286178589,-0.1568067520856857,0.999830722808838,0.558857798576355,0.671235978603363,-0.2197951227426529,0.999979555606842,0.5691936612129211,0.671273410320282,-0.2191629409790039,0.9999644160270692,0.5288259983062744,0.6090019941329956,-0.0933885425329208,0.9999688267707824,0.5950941443443298,0.6018988490104675,-0.0892376974225044,0.9998844265937804,0.5209463834762573,0.5107231736183167,-0.0464987978339195,0.983897626399994,0.600367546081543,0.5028412342071533,-0.046762254089117,0.9503324627876282,0.5183929204940796,0.4267575442790985,-0.1079694256186485,0.9593815803527832,0.6052703857421875,0.4164886474609375,-0.1039711013436317,0.8906499147415161,0.515538215637207,0.3984076082706451,-0.1279824674129486,0.918590009212494,0.6092454195022583,0.3867351710796356,-0.1246557086706161,0.819811224937439,0.5180285573005676,0.3978480696678161,-0.1546953022480011,0.9250174164772034,0.6057217717170715,0.3850419819355011,-0.1522934138774871,0.8315966129302979,0.520090639591217,0.4066101014614105,-0.11981912702322,0.9118829965591432,0.6032426953315735,0.3944954872131347,-0.1165533140301704,0.8230352401733398,0.5397722125053406,0.4323239326477051,-0.0037514062132686,0.999420404434204,0.5808528661727905,0.4317114055156708,0.0036809588782489,0.9991979002952576,0.5350484251976013,0.2772259414196014,-0.0354539155960083,0.959507942199707,0.5784836411476135,0.280413269996643,-0.0218346957117319,0.9362488985061646,0.5346355438232422,0.1306794881820678,0.0555594153702259,0.9529765248298644,0.5727062225341797,0.1320127248764038,0.0648586750030517,0.9029432535171508,0.5360075235366821,0.1134713441133499,0.0580806173384189,0.4763073921203613,0.570199728012085,0.1153125986456871,0.0667209103703498,0.4702483713626861,0.5359603762626648,0.0828570500016212,-0.0545927323400974,0.9218814969062804,0.5742092728614807,0.0820637196302414,-0.041693914681673,0.8829580545425415,hoyeon_stand_normal_01,4.561553,5.915476,9.081908,11.553227,13.78011,14.4390205,14.920998,14.920998,13.988314,12.3660785,11.237515,9.8912315,8.062258,7.035534,5.85486,6.5769155,8.062258,11.357731,14.571068,18.2668655,22.0227625,26.05052,28.0862525,29.6551545,28.810614,26.869317,4.736068,6.3638395,8.424268000000001,10.0990195,11.8855355,12.6916295,12.821533,11.9814095,10.85235,9.6863275,7.877553499999999,5.854102,3.8643285,2.5811390000000003,3.216989,5.04951,6.854102,9.056067,11.147815,12.830952,14.5192025,15.7257955,15.6649565,14.7890695,12.771945,10.1324525,13.416408,13.892444,14.422205,14.21267,13.453624,13.453624,12.806248,10.816654,10.29563,8.944272,7.28011,6.082763,4.123106,4.242641,6.324555,8.062258,12.041595,14.035669,17.117243,20.099751,22.090722,23.086793,23.021729,22.0,20.024984,17.117243,9.486833,8.544004,8.062258,5.656854,3.162278,2.236068,3.0,5.385165,6.708204,7.81025,8.485281,8.485281,8.602325,7.211103,6.708204,5.385165,4.472136,3.162278,1.0,1.414214,3.162278,5.385165,7.615773,9.486833,11.7047,13.0,12.165525,14.142136,14.142136,15.132746,15.132746,14.317821,13.341664,12.369317,10.77033,8.544004,7.28011,5.09902,4.123106,4.242641,5.830952,8.544004,11.401754,14.317821,17.464249,19.924859,22.135944,22.472205,22.472205,20.615528,18.788294,15.652476,11.401754,13.453624,14.866069,15.556349,14.866069,13.453624,12.727922,11.313708,8.485281,7.211103,5.385165,5.0,5.09902,5.385165,5.830952,7.211103,7.211103,8.602325,8.602325,8.602325,10.0,10.0,9.219544,9.219544,9.433981,9.848858
hoyeon_stand_normal_01,843,281,28.101535519125683,29.998360745314464,10,0.5653026700019836,0.6840066313743591,-0.2489326149225235,0.9999810457229614,0.5617026090621948,0.6941688060760498,-0.2378607094287872,0.9999420642852784,0.558932363986969,0.6938973069190979,-0.2378794252872467,0.9999480843544006,0.5563330054283142,0.6935144066810608,-0.2379157990217209,0.999952495098114,0.569278359413147,0.6940864324569702,-0.2374889552593231,0.9999220967292786,0.5711463093757629,0.6937092542648315,-0.2375133484601974,0.99992036819458,0.5731897950172424,0.6929653286933899,-0.2375198900699615,0.9999187588691713,0.5522652268409729,0.6852076053619385,-0.1574397832155227,0.9999272227287292,0.5771856904029846,0.6836455464363098,-0.1550120413303375,0.9998311400413512,0.5595090985298157,0.6708143353462219,-0.217680737376213,0.9999794960021972,0.569856584072113,0.6707668304443359,-0.2172065824270248,0.9999648332595824,0.5305449962615967,0.6086278557777405,-0.0917242690920829,0.9999687075614928,0.5972333550453186,0.6016457080841064,-0.0875500217080116,0.999882698059082,0.5219680666923523,0.5107157230377197,-0.0471746884286403,0.9838663935661316,0.6024726033210754,0.502927839756012,-0.0471627116203308,0.9524675607681274,0.5202254056930542,0.4266338646411896,-0.1124944239854812,0.9596466422080994,0.606483519077301,0.4164900183677673,-0.1054104268550872,0.893202006816864,0.5174348950386047,0.3983647525310516,-0.1338922381401062,0.9187719821929932,0.6107197999954224,0.3862911462783813,-0.1268280893564224,0.8225615620613098,0.5202130675315857,0.3977574408054352,-0.1601003557443618,0.9251364469528198,0.6067319512367249,0.3846518099308014,-0.1535509675741195,0.8342468738555908,0.5224220752716064,0.406499296426773,-0.1243097707629203,0.9121270775794984,0.604235053062439,0.3942263126373291,-0.1176182180643081,0.8260405659675598,0.540826678276062,0.4323305487632751,-0.0028314727824181,0.9994075894355774,0.5818668603897095,0.4317763745784759,0.0027661272324621,0.9991773962974548,0.5359141826629639,0.2773971259593963,-0.0349834822118282,0.9584422707557678,0.5795629024505615,0.2802252173423767,-0.0225392300635576,0.933735191822052,0.5349677205085754,0.1329801231622696,0.0580934882164001,0.950614094734192,0.5728747248649597,0.1323785781860351,0.0648084059357643,0.8984184861183167,0.5363117456436157,0.1170711740851402,0.0608348846435546,0.4714347720146179,0.5704959034919739,0.1165681183338165,0.066464677453041,0.461230993270874,0.5359089374542236,0.0833211541175842,-0.0502379424870014,0.9190462231636048,0.5742112398147583,0.0825903192162513,-0.0420325137674808,0.878106415271759,hoyeon_stand_normal_01,7.071068,5.385165,6.403124,8.544004,11.401754,13.601471,13.341664,13.601471,13.601471,12.369317,11.401754,10.198039,8.062258,7.0,5.09902,3.605551,5.0,8.544004,13.416408,17.888544,21.931712,25.079872,27.856777,29.12044,28.861739,26.476405,4.472136,5.0,6.403124,8.485281,9.219544,10.630146,10.630146,10.630146,9.899495,9.219544,7.81025,6.403124,5.0,4.123106,3.162278,4.242641,5.830952,8.062258,9.848858,12.529964,14.317821,16.124515,16.124515,16.643317,15.264338,13.038405,13.453624,13.601471,13.416408,13.0,12.369317,12.0,12.165525,12.649111,14.764823,16.124515,18.027756,20.248457,21.095023,22.472205,22.825424,23.259407,21.931712,21.18962,17.088007,13.0,9.433981,6.324555,8.544004,13.038405,17.804494,23.021729,10.049876,13.0,14.142136,15.811388,15.652476,15.0,13.453624,10.816654,7.615773,6.082763,3.162278,3.0,4.242641,6.403124,8.062258,10.440307,11.401754,13.152946,14.142136,14.035669,14.035669,14.035669,13.152946,12.649111,13.0,13.038405,19.026298,17.029386,14.035669,12.041595,9.219544,8.062258,9.219544,10.816654,12.529964,14.764823,16.643317,17.804494,19.104973,20.518285,21.400935,20.808652,20.59126,19.235384,15.652476,12.529964,9.433981,6.708204,7.071068,10.29563,13.601471,16.401219,7.071068,5.09902,5.0,6.708204,8.544004,11.18034,13.341664,15.524175,15.811388,16.763055,16.155494,15.231546,14.317821,12.529964,11.18034,10.29563,9.486833,9.219544,10.049876,11.0,12.165525,14.317821,17.117243,19.235384,20.099751,21.023796
hoyeon_stand_normal_01,846,282,28.20154098360656,29.998360745314464,10,0.5648781657218933,0.6824301481246948,-0.2494945228099823,0.9999796152114868,0.5617614984512329,0.6931321024894714,-0.2382675111293792,0.9999374747276306,0.5591859221458435,0.6929062008857727,-0.2382806241512298,0.999943733215332,0.5567905902862549,0.692440927028656,-0.2383153140544891,0.999948501586914,0.5691040754318237,0.6930432915687561,-0.2390275299549102,0.9999164342880248,0.5713626146316528,0.6927408576011658,-0.2390571683645248,0.9999150633811952,0.5733159780502319,0.6921383738517761,-0.2390697598457336,0.9999138712882996,0.5538927912712097,0.6844583749771118,-0.1564861834049224,0.999919593334198,0.5777362585067749,0.6829416751861572,-0.1593451052904129,0.999824047088623,0.5594999194145203,0.669440746307373,-0.2175748497247696,0.9999781250953674,0.5696107149124146,0.6693094968795776,-0.2184649407863617,0.9999635219573976,0.5321395993232727,0.6079939007759094,-0.0913277938961982,0.9999683499336244,0.5988581776618958,0.6016482710838318,-0.0926536098122596,0.9998818635940552,0.5246273279190063,0.5110491514205933,-0.0451733209192752,0.9835073351860046,0.6042767763137817,0.5043018460273743,-0.0545868687331676,0.9554086923599244,0.5208485126495361,0.4268848598003387,-0.1064146533608436,0.960295796394348,0.6068695783615112,0.4166675806045532,-0.1121380627155304,0.8981208205223083,0.5175403356552124,0.3987793624401092,-0.1266956180334091,0.9197469353675842,0.6108114719390869,0.3863240480422973,-0.1336332410573959,0.8288269639015198,0.520375669002533,0.3980557918548584,-0.1538756787776947,0.926074206829071,0.6062984466552734,0.3846963346004486,-0.1590352058410644,0.8400734663009644,0.5227132439613342,0.4066525399684906,-0.1184688135981559,0.9131120443344116,0.6038234233856201,0.3944483995437622,-0.1235178038477897,0.8317847847938538,0.5411068201065063,0.4323876500129699,-0.001018205541186,0.9993939399719238,0.5815944671630859,0.4317800998687744,0.0009731599711813,0.9991663694381714,0.5359891653060913,0.2782080173492431,-0.0348500795662403,0.9578620195388794,0.5797780752182007,0.2803405225276947,-0.0262874737381935,0.9324756264686584,0.535167396068573,0.1357180774211883,0.0585013553500175,0.948706030845642,0.5728881359100342,0.1328544318675995,0.0608104802668094,0.8953961133956909,0.537039041519165,0.1202762201428413,0.0612056702375412,0.467945247888565,0.5707148909568787,0.118441917002201,0.0629570260643959,0.4526179730892181,0.5358811616897583,0.0846831053495407,-0.0505302138626575,0.9169495701789856,0.5741998553276062,0.0831390097737312,-0.0467767529189586,0.8749983310699463,hoyeon_stand_normal_01,26.248809,26.07681,24.596748,20.615528,16.763055,12.649111,8.544004,4.242641,4.0,6.403124,9.899495,12.727922,14.866069,17.804494,20.0,21.633308,22.825424,23.259407,22.472205,20.248457,17.088007,13.416408,10.630146,10.198039,14.142136,18.439089,11.18034,12.165525,12.041595,12.041595,11.045361,10.198039,9.219544,8.544004,8.602325,8.485281,8.602325,9.433981,10.29563,11.18034,11.661904,11.661904,12.206556,10.816654,10.0,8.062258,6.082763,6.324555,9.219544,13.601471,18.027756,22.022716,11.0,10.198039,9.433981,9.899495,10.29563,10.77033,13.152946,14.035669,16.0,18.027756,19.026298,21.023796,22.0,22.0,23.021729,22.090722,21.213203,18.248288,15.297059,11.045361,7.28011,6.708204,10.0,15.297059,19.416488,23.194827,8.485281,11.401754,13.038405,14.317821,15.811388,15.297059,14.035669,12.041595,9.219544,6.708204,4.242641,2.236068,2.236068,5.0,6.082763,8.246211,9.486833,12.083046,12.529964,13.892444,14.764823,14.764823,15.652476,14.764823,13.928388,12.649111,19.235384,17.262677,15.297059,14.142136,12.0,11.045361,10.440307,11.7047,13.0,13.416408,15.231546,16.155494,16.492423,17.262677,18.027756,18.0,17.029386,16.124515,14.142136,12.041595,9.055385,7.615773,9.219544,11.18034,13.0,15.811388,9.055385,7.28011,6.403124,6.708204,10.198039,13.038405,15.0,17.029386,19.104973,19.235384,19.646883,18.973666,17.088007,16.552945,14.764823,13.892444,11.661904,11.18034,10.440307,11.18034,12.041595,13.0,15.0,17.0,18.027756,19.026298
hoyeon_stand_normal_01,849,283,28.301546448087432,29.998360745314464,10,0.564339280128479,0.6814329624176025,-0.2426822632551193,0.999979555606842,0.561227023601532,0.6924159526824951,-0.2302354723215103,0.9999372363090516,0.5587141513824463,0.6921262145042419,-0.2302387058734893,0.9999433159828186,0.5563973784446716,0.6916329860687256,-0.2302666753530502,0.9999477863311768,0.5686587691307068,0.6924325823783875,-0.2344023585319519,0.9999172687530518,0.5707687139511108,0.6921587586402893,-0.2344394773244857,0.9999163150787354,0.5728925466537476,0.6915483474731445,-0.2344510704278946,0.9999151825904846,0.5549031496047974,0.6838878393173218,-0.1435441821813583,0.9999175071716307,0.5777902007102966,0.6826836466789246,-0.1572579741477966,0.9998292922973632,0.5590535998344421,0.6685819029808044,-0.2089029848575592,0.9999777674674988,0.5695750117301941,0.6681885123252869,-0.2143638879060745,0.9999640583992004,0.5341513156890869,0.6067505478858948,-0.0733955278992652,0.9999675750732422,0.5994632244110107,0.6019619107246399,-0.0936252325773239,0.9998866319656372,0.5266342163085938,0.5109044313430786,-0.022798977792263,0.9819741249084472,0.6047078371047974,0.504711925983429,-0.0591381937265396,0.9586703777313232,0.5202516317367554,0.4272230565547943,-0.0901350006461143,0.959070324897766,0.6063950657844543,0.4163125157356262,-0.1170549467206001,0.9041745662689208,0.517047643661499,0.3992699086666107,-0.1093770638108253,0.9174085855484008,0.6102748513221741,0.3862771391868591,-0.1389169245958328,0.8372411727905273,0.5196031332015991,0.398411214351654,-0.1378687471151352,0.9240447282791138,0.6061069369316101,0.3847026228904724,-0.1629343181848526,0.847908616065979,0.5218387842178345,0.4069165587425232,-0.1031172573566436,0.9107035994529724,0.6035928130149841,0.394437700510025,-0.1277690827846527,0.8393344879150391,0.5408892035484314,0.4323012232780456,0.0021207714453339,0.9993898868560792,0.581355631351471,0.4303624331951141,-0.002140138298273,0.999182403087616,0.5357340574264526,0.2809241414070129,-0.0330490507185459,0.9585303664207458,0.579664409160614,0.2801074385643005,-0.02985505387187,0.9329810738563538,0.5350223779678345,0.1363308280706405,0.0599690526723861,0.9486581087112428,0.5729537606239319,0.1328097432851791,0.0582044795155525,0.8965997695922852,0.5372825860977173,0.1200329139828682,0.0627326518297195,0.4753811359405517,0.5708456039428711,0.1180957108736038,0.0603889338672161,0.4514688551425934,0.5322985053062439,0.0845318511128425,-0.0476893596351146,0.9179245829582214,0.5739696621894836,0.0819592475891113,-0.0501834005117416,0.8766228556632996,hoyeon_stand_normal_01,10.816654,13.0,13.928388,14.866069,16.155494,16.552945,16.124515,14.422205,12.206556,10.0,8.602325,6.708204,5.09902,5.385165,6.403124,8.485281,10.630146,12.806248,15.0,17.204651,19.209373,20.615528,22.671568,23.345235,22.671568,21.400935,10.0,9.219544,7.81025,6.708204,6.324555,7.071068,7.0,9.055385,9.055385,10.049876,10.049876,11.0,10.0,10.0,9.0,9.0,8.062258,8.246211,8.544004,8.944272,11.18034,11.661904,12.529964,12.529964,13.038405,11.401754,15.405694,15.7172575,16.081066,16.133811,14.937085,14.610985,13.4308905,11.488443,10.755381,8.503264999999999,7.0094485,5.9568575,5.09902,5.283598,7.1934065,9.9360195,13.226812,16.514693,19.0524865,21.641504,22.945151,23.89381,23.4016275,22.13721,19.988957,16.3542195,7.28011,6.082763,4.5,2.5,1.0,2.5811390000000003,4.6925825,6.3954835,7.566663,9.1231055,9.2217495,9.2217495,8.4176585,8.109049,6.767829,5.8941445,4.561553,3.8027755,2.236068,2.288246,4.561553,6.082763,8.303131,10.410103,12.5207975,14.400246,10.816654,11.401754,12.806248,12.806248,12.806248,12.806248,12.206556,10.816654,10.29563,8.062258,7.211103,5.656854,5.0,5.09902,6.082763,8.544004,9.848858,13.416408,15.652476,17.888544,19.697716,20.615528,19.313208,19.313208,16.763055,14.866069,14.866069,17.720045,18.681542,18.439089,18.439089,17.117243,15.132746,13.038405,10.049876,8.062258,5.385165,4.242641,4.123106,5.0,6.082763,7.071068,8.062258,9.055385,10.049876,11.045361,11.0,11.0,11.0,11.045361,10.049876,10.198039
hoyeon_stand_normal_01,852,284,28.401551912568305,29.998360745314464,10,0.5611094236373901,0.680652916431427,-0.2083176523447036,0.999979853630066,0.5608335733413696,0.6920787692070007,-0.1942688971757888,0.9999387264251708,0.558417022228241,0.691862940788269,-0.1942798346281051,0.9999444484710692,0.5560661554336548,0.6914804577827454,-0.1943061500787735,0.9999484419822692,0.5672941207885742,0.6920112371444702,-0.2009685337543487,0.9999198317527772,0.5699177384376526,0.6916322112083435,-0.2009966522455215,0.9999192357063292,0.5723974704742432,0.6910296678543091,-0.2009906619787216,0.9999179244041444,0.5556870102882385,0.6838502287864685,-0.1036648824810981,0.9999164342880248,0.5774878859519958,0.6821197867393494,-0.1342605054378509,0.9998378157615662,0.5579765439033508,0.6676426529884338,-0.1733349859714508,0.99997740983963,0.5666930079460144,0.6668681502342224,-0.1822652220726013,0.9999646544456482,0.5351645946502686,0.6053776144981384,-0.032423511147499,0.9999672174453736,0.5989137291908264,0.6023825407028198,-0.0873522013425827,0.9998909831047058,0.5284454822540283,0.5107572078704834,0.0141473170369863,0.9796666502952576,0.6040322780609131,0.5043500065803528,-0.0568910986185073,0.9619559049606324,0.5204445123672485,0.4275523722171783,-0.0601649805903434,0.958877682685852,0.6062392592430115,0.4157034754753113,-0.1154117211699485,0.911290407180786,0.5169532895088196,0.399419367313385,-0.0801493003964424,0.9169129729270936,0.6087822318077087,0.3862899541854858,-0.1386585682630539,0.8480811715126038,0.5192204117774963,0.398489773273468,-0.108566366136074,0.9238197803497314,0.6034273505210876,0.3847848176956177,-0.1604421585798263,0.8579826354980469,0.5214097499847412,0.4069594740867615,-0.0736184194684028,0.9104275107383728,0.6010140180587769,0.3945342898368835,-0.1251270920038223,0.8490967154502869,0.5407164692878723,0.4317033886909485,0.0092366524040699,0.9994009137153624,0.581249475479126,0.4291305541992187,-0.0092180874198675,0.9992071986198424,0.5354006290435791,0.2815093696117401,-0.0253711529076099,0.9588721990585328,0.5796432495117188,0.2793216109275818,-0.0385311767458915,0.933667242527008,0.5349301099777222,0.1368720233440399,0.0627317652106285,0.9489459991455078,0.5736244916915894,0.132253885269165,0.0473052635788917,0.8992773294448853,0.5389499664306641,0.120428591966629,0.0653421282768249,0.4938690066337585,0.5723198056221008,0.1179876700043678,0.0493959113955497,0.4504165351390838,0.5288813710212708,0.0860363095998764,-0.0394918955862522,0.9195183515548706,0.5734879374504089,0.0813625901937484,-0.0596776232123374,0.8794960975646973,hoyeon_stand_normal_01,13.341664,15.297059,15.132746,15.132746,13.038405,11.045361,9.219544,7.28011,5.830952,4.242641,4.0,4.472136,6.403124,7.81025,10.0,12.529964,15.652476,17.888544,19.723083,19.723083,19.235384,17.888544,15.811388,13.038405,13.341664,15.264338,16.124515,18.0,19.104973,18.681542,18.027756,16.552945,13.892444,11.401754,7.81025,4.242641,1.0,3.0,6.082763,8.062258,10.049876,12.0,13.038405,14.142136,14.317821,13.601471,12.649111,9.486833,7.28011,3.0,3.162278,7.071068,10.440307,10.049876,10.049876,9.848858,10.0,11.313708,12.206556,12.529964,14.317821,15.231546,17.088007,17.088007,18.384776,19.313208,19.313208,18.788294,16.552945,15.652476,12.083046,9.486833,6.082763,6.403124,9.219544,13.038405,16.124515,19.235384,10.816654,13.416408,15.524175,17.117243,17.0,16.124515,14.56022,12.083046,9.433981,6.403124,3.605551,1.414214,3.162278,5.0,7.211103,9.219544,10.630146,12.806248,13.601471,14.422205,14.422205,15.264338,14.422205,13.601471,12.727922,11.401754,16.155494,15.231546,13.928388,11.7047,11.18034,10.0,11.045361,11.401754,12.369317,13.601471,15.297059,16.124515,17.029386,18.0,18.11077,18.248288,17.464249,16.763055,13.601471,11.401754,8.062258,7.28011,7.81025,9.848858,12.649111,15.524175,10.440307,8.062258,7.28011,7.071068,9.848858,11.7047,14.56022,16.763055,19.313208,19.697716,19.235384,18.867962,17.204651,16.278821,14.866069,14.142136,12.041595,10.630146,10.0,10.29563,10.77033,12.649111,13.601471,15.524175,16.763055,16.763055
hoyeon_stand_normal_01,855,285,28.50155737704918,29.998360745314464,10,0.5556802749633789,0.6801047325134277,-0.1853174269199371,0.9999781250953674,0.5573020577430725,0.6914559602737427,-0.1714854091405868,0.9999358654022216,0.5560765862464905,0.6912974715232849,-0.1715009808540344,0.9999406337738036,0.5547723770141602,0.6909967660903931,-0.171538159251213,0.9999443888664246,0.5618680715560913,0.6915380358695984,-0.1829981952905655,0.9999185800552368,0.56461501121521,0.6912897229194641,-0.1830282658338546,0.999918520450592,0.5676711797714233,0.6908408999443054,-0.1830266863107681,0.9999170899391174,0.5556628108024597,0.6837180256843567,-0.082529567182064,0.9999039769172668,0.5767644643783569,0.6821003556251526,-0.134181722998619,0.9998425841331482,0.5545822381973267,0.6672371029853821,-0.1505444198846817,0.999973714351654,0.560531735420227,0.6666068434715271,-0.1657570302486419,0.9999624490737916,0.536880612373352,0.602766215801239,-0.0034347360488027,0.9999585151672364,0.5987955331802368,0.6045437455177307,-0.1017379537224769,0.9998929500579834,0.5308210849761963,0.5107004046440125,0.0491501651704311,0.9657586812973022,0.6028850674629211,0.5048686265945435,-0.0923909470438957,0.964907705783844,0.5222114324569702,0.4279944896697998,-0.0148165021091699,0.9484456181526184,0.6025708913803101,0.415690153837204,-0.1390551030635833,0.9173726439476012,0.5190047025680542,0.400012195110321,-0.0310202036052942,0.9014338850975036,0.6046992540359497,0.3864436149597168,-0.1625414341688156,0.8572532534599304,0.5195744037628174,0.3988619148731231,-0.0590748116374015,0.909972369670868,0.5978584289550781,0.385056734085083,-0.1788848489522934,0.8662917613983154,0.5216017365455627,0.4071616232395172,-0.0285164825618267,0.8961588740348816,0.5949739813804626,0.3948734998703003,-0.1460481733083725,0.8566479682922363,0.5415598750114441,0.4317905604839325,0.0236159805208444,0.9993802905082704,0.5802487730979919,0.4294654130935669,-0.0235695168375968,0.9992104768753052,0.5359996557235718,0.2862916588783264,-0.0089642144739627,0.9552534818649292,0.5766496658325195,0.2797208130359649,-0.0505251958966255,0.93263041973114,0.5382986068725586,0.1429352015256881,0.0654053166508674,0.9461628198623656,0.5740340948104858,0.1334584355354309,0.0227598641067743,0.9025698304176332,0.544298529624939,0.1284802258014679,0.0673615187406539,0.5113978385925293,0.5745399594306946,0.1202135011553764,0.0239100027829408,0.4562968015670776,0.5296664237976074,0.1000613123178482,-0.0240176897495985,0.9187527298927308,0.5718657970428467,0.0824707597494125,-0.078543446958065,0.8831751942634583,hoyeon_stand_normal_01,10.440307,10.0,11.401754,12.529964,13.892444,15.811388,15.811388,15.264338,14.422205,13.038405,11.661904,10.0,7.81025,6.708204,6.082763,6.324555,8.602325,12.727922,16.278821,19.849433,23.345235,26.172505,28.319605,29.206164,28.017851,25.553865,7.28011,5.830952,5.0,5.385165,7.0,9.055385,11.18034,12.041595,13.038405,14.0,13.038405,12.165525,11.18034,9.055385,8.062258,6.082763,5.385165,7.071068,8.602325,11.18034,13.416408,15.652476,17.0,17.492856,17.492856,15.811388,12.206556,11.661904,10.77033,10.198039,11.0,10.440307,11.18034,12.206556,14.21267,15.556349,16.278821,17.691806,19.104973,20.518285,20.518285,20.615528,19.209373,18.027756,15.0,11.401754,7.81025,6.0,7.81025,12.206556,15.811388,20.0,11.7047,14.317821,16.03122,18.11077,17.464249,16.155494,13.892444,12.041595,9.219544,5.830952,3.162278,1.0,2.828427,5.0,8.062258,8.544004,10.77033,12.369317,13.341664,14.317821,14.317821,14.317821,14.56022,13.928388,13.416408,12.806248,12.806248,14.21267,14.866069,15.0,15.0,13.601471,13.038405,11.18034,9.848858,7.615773,6.708204,5.0,3.605551,4.123106,5.385165,8.062258,10.816654,14.422205,16.643317,18.867962,20.124612,21.023796,20.615528,19.313208,17.088007,13.601471,13.341664,14.56022,15.524175,16.492423,15.297059,15.297059,13.152946,12.165525,10.198039,7.615773,6.708204,6.403124,5.830952,5.385165,6.082763,6.082763,7.071068,8.062258,8.062258,9.055385,9.0,9.0,9.055385,9.219544,9.848858,11.18034
hoyeon_stand_normal_01,858,286,28.60156284153005,29.998360745314464,10,0.5508909821510315,0.6794984340667725,-0.1527343541383743,0.9999587535858154,0.5527733564376831,0.6901800632476807,-0.1389427483081817,0.9998984932899476,0.5522087216377258,0.6900063157081604,-0.1389738023281097,0.999894917011261,0.5517003536224365,0.689727783203125,-0.1390179991722107,0.9999009370803832,0.5568174719810486,0.6903539299964905,-0.1548971682786941,0.9998859167099,0.5594982504844666,0.6903157830238342,-0.1549204140901565,0.9998860955238342,0.5625318288803101,0.6899927854537964,-0.1549413949251175,0.9998884201049804,0.5549986958503723,0.6828371286392212,-0.0511946827173233,0.9997900128364564,0.5732079148292542,0.6816874742507935,-0.1241031810641288,0.9998189210891724,0.5507673621177673,0.6668403148651123,-0.1179034784436225,0.9999474883079528,0.555428683757782,0.6661666035652161,-0.1389236152172088,0.999945878982544,0.5396910309791565,0.5998822450637817,0.031213654205203,0.9998999834060668,0.5957843065261841,0.6057772636413574,-0.1049103513360023,0.999888241291046,0.5388439297676086,0.5084379315376282,0.0830274671316146,0.9018508791923524,0.5997074842453003,0.5052859783172607,-0.1033921241760253,0.967089831829071,0.5298377871513367,0.4286887347698211,0.0213257577270269,0.8930057287216187,0.5969153642654419,0.4159093797206878,-0.142558291554451,0.9210931062698364,0.5266353487968445,0.4024274349212646,0.0062842946499586,0.8447598218917847,0.5987464189529419,0.3876624703407287,-0.1660289168357849,0.8627719283103943,0.5254356861114502,0.4005462229251861,-0.0206852480769157,0.8550960421562195,0.5924828052520752,0.3863086402416229,-0.1790844947099685,0.8708778023719788,0.5275765061378479,0.4085565507411957,0.0074485735967755,0.8416444659233093,0.5896643996238708,0.3958242833614349,-0.147860899567604,0.8595354557037354,0.5417165756225586,0.4315656423568725,0.0330814458429813,0.9992445707321168,0.5765112042427063,0.430038183927536,-0.0329935401678085,0.9991291761398317,0.5381613969802856,0.2860448062419891,9.072798275155948e-05,0.9460467100143432,0.5752447247505188,0.2796447575092315,-0.0596806146204471,0.9254807233810424,0.5411864519119263,0.1447499543428421,0.0765852406620979,0.9377681016921996,0.5742558836936951,0.1335724890232086,0.0170783270150423,0.902163565158844,0.5469945073127747,0.1300628185272216,0.0789156779646873,0.5230637788772583,0.5756868124008179,0.120351918041706,0.0187306478619575,0.4602938294410705,0.5302180051803589,0.1072981506586074,-0.0055059138685464,0.9139460921287536,0.5706245303153992,0.0843813419342041,-0.0822113677859306,0.8837276697158813,hoyeon_stand_normal_01,15.0,13.152946,9.486833,8.062258,5.0,3.162278,2.236068,3.162278,3.162278,5.0,6.403124,6.708204,8.246211,9.055385,9.0,8.246211,7.615773,5.656854,4.123106,6.403124,9.848858,15.297059,19.104973,23.021729,25.019992,24.33105,13.892444,12.041595,11.401754,10.440307,11.045361,12.083046,14.21267,16.278821,17.204651,18.867962,18.35756,17.888544,16.552945,15.231546,12.649111,10.440307,8.062258,6.082763,5.0,6.324555,9.055385,12.041595,15.132746,17.262677,18.248288,18.11077,16.401219,17.204651,16.643317,16.124515,14.764823,13.416408,12.083046,10.440307,8.246211,6.082763,4.0,2.828427,3.0,5.385165,8.602325,11.401754,14.21267,17.029386,19.849433,21.260292,22.803509,23.430749,22.022716,20.0,17.804494,15.0,8.246211,6.708204,5.656854,4.472136,4.123106,4.242641,6.324555,8.062258,9.055385,10.198039,10.440307,10.77033,9.848858,8.944272,8.062258,7.211103,5.830952,4.472136,3.162278,1.0,2.236068,4.242641,7.071068,9.219544,12.041595,14.21267,15.231546,15.652476,17.0,17.0,16.552945,16.155494,14.866069,13.601471,12.369317,10.440307,8.544004,6.708204,5.0,5.385165,7.0,9.055385,12.369317,15.297059,17.464249,20.396078,22.203603,22.090722,22.022716,20.0,18.027756,15.033296,11.0,12.0,13.0,14.035669,14.0,13.038405,12.041595,10.0,8.062258,7.28011,6.708204,6.403124,6.403124,6.708204,7.615773,8.544004,9.486833,9.486833,9.486833,10.440307,10.440307,10.440307,10.198039,11.0,11.045361,12.369317
hoyeon_stand_normal_01,861,287,28.701568306010927,29.998360745314464,10,0.5463042855262756,0.6790609955787659,-0.1277729272842407,0.99992835521698,0.5486389994621277,0.6893953084945679,-0.1136230751872062,0.9998506307601928,0.548319399356842,0.689179003238678,-0.1136520206928253,0.9998309016227722,0.5481197237968445,0.688918948173523,-0.1136777400970459,0.9998317360877992,0.5522500872612,0.6900026798248291,-0.1317003071308136,0.999846875667572,0.5545328259468079,0.6900544166564941,-0.1317280679941177,0.9998463988304138,0.5571082234382629,0.689853310585022,-0.1317690312862396,0.999854862689972,0.5547630786895752,0.6824444532394409,-0.0257012285292148,0.9995794296264648,0.5685611963272095,0.6815557479858398,-0.1088006943464279,0.9998011589050292,0.5465638041496277,0.6666421890258789,-0.0925404205918312,0.999883770942688,0.5509290099143982,0.6659958362579346,-0.1163987442851066,0.9999141693115234,0.5433934330940247,0.5995817184448242,0.0625565201044082,0.999733865261078,0.5894126296043396,0.6079035997390747,-0.1060215085744857,0.999888837337494,0.5500044226646423,0.5071625113487244,0.1082293763756752,0.8187177777290344,0.5959884524345398,0.5095213651657104,-0.1045520529150962,0.9688647389411926,0.5415158867835999,0.4277839958667755,0.0498380027711391,0.815762460231781,0.5905168652534485,0.4170276224613189,-0.129974752664566,0.9235053062438964,0.5399232506752014,0.4023431539535522,0.037961445748806,0.7726508378982544,0.5933288931846619,0.3893413543701172,-0.15603107213974,0.8665651082992554,0.5385975241661072,0.4005364775657654,0.0130562866106629,0.783038318157196,0.5870710015296936,0.3875582218170166,-0.1572550982236862,0.8737584352493286,0.5401775240898132,0.4085477590560913,0.0364408083260059,0.7710806131362915,0.5843430161476135,0.3968029022216797,-0.1399143636226654,0.8607351183891296,0.5419825315475464,0.4305059909820556,0.0441148951649665,0.9990518093109132,0.5718204975128174,0.4300131201744079,-0.0440218858420848,0.9990749955177308,0.5433108806610107,0.2861770987510681,0.0224065408110618,0.928722321987152,0.5744982957839966,0.2799356281757355,-0.0668710395693779,0.919827401638031,0.5452958941459656,0.1438245922327041,0.0885770320892334,0.9258622527122498,0.5740298628807068,0.1337451040744781,0.00407230341807,0.902273416519165,0.5492376685142517,0.1283372789621353,0.090002104640007,0.5397042036056519,0.5759379863739014,0.1201770901679992,0.0058668446727097,0.468650072813034,0.5315450429916382,0.1105100736021995,0.0162548758089542,0.908553957939148,0.568709135055542,0.0871419832110405,-0.0862209722399711,0.8856755495071411,hoyeon_stand_normal_01,8.062258,10.0,11.045361,11.401754,11.7047,12.083046,11.661904,10.630146,9.899495,8.602325,7.211103,5.385165,4.0,2.236068,5.09902,8.944272,13.038405,16.643317,19.416488,22.203603,23.600847,22.803509,19.849433,16.278821,12.529964,10.0,14.21267,16.278821,18.027756,19.235384,18.384776,16.492423,15.132746,12.0,8.246211,6.403124,4.123106,5.385165,7.071068,8.944272,10.77033,12.649111,13.601471,14.317821,14.317821,14.317821,13.341664,11.18034,8.246211,6.324555,2.828427,2.236068,17.204651,17.204651,17.029386,16.278821,14.866069,13.453624,11.401754,9.433981,6.708204,4.123106,2.0,2.0,4.472136,6.403124,9.899495,12.727922,16.278821,18.439089,21.260292,21.931712,22.671568,22.671568,21.260292,19.209373,17.029386,12.806248,8.246211,7.0,6.082763,5.0,4.123106,5.385165,7.211103,8.485281,10.0,10.29563,11.18034,11.7047,10.77033,10.440307,9.486833,8.246211,7.071068,5.09902,3.0,1.414214,2.236068,5.0,7.211103,10.29563,12.529964,14.422205,16.101273,15.6017685,14.97319,13.782885,12.7620875,12.150025,11.7076105,11.631693,12.166643,11.543204,11.947297,10.9310375,11.513878,12.117692,13.3257905,14.3011625,15.3834385,15.431503499999998,16.1794625,15.7290415,14.6055925,13.179656,14.319958,14.509267,15.6466385,15.3387285,11.0207975,10.308249,10.74639,11.137464,12.5962675,13.7469575,14.1655355,14.17878,14.3049465,13.509326,13.0003465,12.9624295,12.381822,11.4935125,11.597502,11.6310465,10.901649,10.848692,10.532979999999998,11.421122,11.550939,12.25415,13.8936085,14.142135499999998,14.9247165,15.5148865
hoyeon_stand_normal_01,864,288,28.801573770491803,29.998360745314464,10,0.5438513159751892,0.6771430969238281,-0.1461289077997207,0.999911606311798,0.5467683672904968,0.6871986389160156,-0.1313565373420715,0.9998231530189514,0.5466296672821045,0.6871322989463806,-0.1313766837120056,0.9997907280921936,0.5466488003730774,0.6871678829193115,-0.1313908398151397,0.9997826814651488,0.5498540997505188,0.688011884689331,-0.1498331725597381,0.999829888343811,0.5518683791160583,0.6883326768875122,-0.1498666852712631,0.9998302459716796,0.5541082620620728,0.6885024309158325,-0.1499123871326446,0.9998413920402528,0.5545674562454224,0.6817643642425537,-0.0415341071784496,0.9993979334831238,0.5646133422851562,0.6807485818862915,-0.1209916546940803,0.99979966878891,0.5445924997329712,0.6651882529258728,-0.1101457700133323,0.9998228549957277,0.5486061573028564,0.664338231086731,-0.1341928988695144,0.9998871684074402,0.5469372272491455,0.5999234914779663,0.0629455596208572,0.9994535446166992,0.5815088748931885,0.6079521179199219,-0.1360721141099929,0.9998941421508788,0.5539283156394958,0.5072097778320312,0.1112658828496933,0.7409987449645996,0.5888606905937195,0.5109150409698486,-0.1361827850341797,0.9713485836982728,0.5435975193977356,0.4288636445999145,0.0521654114127159,0.742453932762146,0.5819407105445862,0.417290449142456,-0.1453018337488174,0.928945243358612,0.5426272749900818,0.4045376777648926,0.0428643077611923,0.7042655944824219,0.5841798782348633,0.3896134495735168,-0.1650660932064056,0.8752380013465881,0.5413835048675537,0.403858482837677,0.018356705084443,0.714428186416626,0.5778388381004333,0.3879100978374481,-0.1704463213682174,0.8816145062446594,0.5426133871078491,0.4115871489048004,0.0386914983391761,0.703808605670929,0.5755521655082703,0.3969821631908417,-0.1477257758378982,0.8681527972221375,0.5427805781364441,0.4293210506439209,0.0563110038638114,0.99871426820755,0.5678443908691406,0.4300201535224914,-0.0562766268849372,0.9989936351776124,0.546763002872467,0.2868542075157165,0.0380845107138156,0.9042218327522278,0.5735642313957214,0.2816964387893677,-0.0742030292749404,0.9168239831924438,0.5481585264205933,0.1446744203567505,0.0963852033019065,0.9119129776954652,0.574701726436615,0.1350403726100921,-0.0121230669319629,0.9035105109214784,0.5526202321052551,0.1278513222932815,0.0969713106751442,0.5584661960601807,0.5795162320137024,0.1214999854564666,-0.0108704511076211,0.4866853952407837,0.5317150354385376,0.1133064106106758,0.0310755744576454,0.9030811190605164,0.5671988725662231,0.0896998941898346,-0.0976328179240226,0.8891493082046509,hoyeon_stand_normal_01,9.848858,5.830952,3.605551,2.236068,4.472136,6.324555,8.544004,9.848858,11.18034,11.661904,12.206556,12.041595,12.727922,12.041595,10.816654,8.602325,5.830952,2.236068,2.828427,8.062258,13.416408,18.788294,23.259407,25.495098,27.313001,26.0,2.236068,4.242641,6.708204,8.544004,11.401754,12.369317,13.341664,13.341664,13.152946,12.041595,10.049876,8.0,6.082763,4.123106,3.605551,4.0,5.09902,7.615773,10.29563,13.038405,14.422205,16.124515,17.492856,17.492856,17.492856,14.764823,17.464249,18.681542,18.027756,17.088007,16.155494,14.317821,12.529964,10.29563,8.602325,7.071068,4.472136,4.0,4.242641,5.830952,8.544004,11.18034,14.317821,16.278821,19.416488,20.615528,21.84033,21.18962,20.248457,18.384776,15.652476,12.529964,7.615773,5.830952,4.242641,2.236068,2.0,4.472136,7.211103,8.602325,9.899495,10.630146,10.0,10.816654,9.433981,8.062258,6.708204,5.830952,3.605551,1.414214,1.414214,3.162278,6.0,8.0,10.049876,13.038405,15.132746,16.278821,14.035669,15.0,15.033296,15.033296,15.033296,14.0,13.0,12.041595,11.045361,9.055385,8.0,6.082763,5.385165,5.656854,7.211103,8.944272,12.083046,13.928388,16.155494,18.384776,19.697716,20.124612,19.723083,18.867962,16.643317,13.601471,13.601471,15.811388,17.088007,17.464249,16.552945,15.652476,14.764823,12.529964,9.848858,7.28011,6.0,5.385165,5.656854,7.211103,8.062258,9.848858,10.29563,11.661904,11.661904,13.038405,13.038405,13.038405,13.038405,12.529964,13.0,12.369317
hoyeon_stand_normal_01,867,289,28.90157923497268,29.998360745314464,10,0.5411787629127502,0.6719859838485718,-0.1484903246164322,0.9999062418937684,0.5439927577972412,0.6830586791038513,-0.133065640926361,0.999815046787262,0.543913722038269,0.6831821799278259,-0.1330807507038116,0.9997757077217102,0.5439096093177795,0.6833319664001465,-0.1330866366624832,0.9997628331184388,0.5467694401741028,0.6835544109344482,-0.1521377712488174,0.9998267889022828,0.5488274097442627,0.6839903593063354,-0.1521702259778976,0.9998266100883484,0.5509685277938843,0.6842722296714783,-0.1522055268287658,0.9998380541801452,0.5524632334709167,0.6789910197257996,-0.0422699525952339,0.9993325471878052,0.5608338713645935,0.6784698963165283,-0.1253836899995803,0.999803364276886,0.5425588488578796,0.6589537262916565,-0.1123334541916847,0.999794900417328,0.5460687875747681,0.6580883860588074,-0.1371293067932129,0.9998738169670104,0.5487458109855652,0.5996705889701843,0.0611485056579113,0.9993337392807008,0.5757961273193359,0.6079034805297852,-0.1439925879240036,0.9998988509178162,0.5521677732467651,0.5047501921653748,0.1059983223676681,0.6752073764801025,0.5820046663284302,0.5105738639831543,-0.1474213302135467,0.9733790755271912,0.5423261523246765,0.4296932220458984,0.04861756041646,0.6862431168556213,0.5744299292564392,0.4170146286487579,-0.1514770090579986,0.9334434866905212,0.5416634678840637,0.4043635129928589,0.0393368937075138,0.6511545777320862,0.5755206942558289,0.3895938098430633,-0.170349583029747,0.8825377225875854,0.539775013923645,0.4037759602069855,0.0161574594676494,0.6616308093070984,0.5689326524734497,0.3878918588161468,-0.1779667288064956,0.8882352709770203,0.5410172343254089,0.4116457104682922,0.0357960909605026,0.6516914963722229,0.5666229724884033,0.3969549834728241,-0.1534804403781891,0.8742899894714355,0.5441228747367859,0.4236325919628143,0.0588275827467441,0.9984747767448424,0.5665212273597717,0.4259198904037475,-0.0588086172938346,0.9989160895347596,0.5463619232177734,0.2865379452705383,0.042280126363039,0.8730840682983398,0.5717172026634216,0.2816689014434814,-0.0710153952240943,0.9090358018875122,0.548596203327179,0.1468258947134018,0.1041121184825897,0.887129545211792,0.5746842622756958,0.1359823197126388,-0.0068762581795454,0.8994001150131226,0.5531008243560791,0.1279040575027465,0.1052476167678833,0.5673838257789612,0.5803378224372864,0.1219146996736526,-0.0052824052982032,0.4981686472892761,0.5318268537521362,0.116080455482006,0.0436124131083488,0.8900964260101318,0.5638572573661804,0.0934361517429351,-0.0893323868513107,0.8881325721740723,hoyeon_stand_normal_01,13.2044805,11.672963,11.7053675,12.0552595,11.9330345,11.847236,10.2927995,9.2690555,8.0850455,7.5078425,8.8622885,9.541523,10.59017,11.147815,12.031129,11.513878,11.2546185,12.6829405,15.480504,17.545496,18.4624295,19.116983,18.230841,16.416408,16.1014925,17.231507999999998,6.8027755,7.1295895,7.81025,7.915476,7.936945,7.200877,7.8221975,8.3934595,8.640055,8.9109345,8.634553499999999,7.7114905,7.2007965,6.7898695,7.200877,8.250387,8.8602085,9.353188500000002,9.492405,9.3502455,8.8801215,9.8815275,12.189414,14.2124795,14.912279,15.03113,17.464249,18.384776,18.027756,17.088007,15.811388,14.866069,12.649111,11.401754,9.219544,7.071068,6.082763,4.472136,5.0,6.324555,8.062258,11.0,14.0,16.0,18.027756,20.099751,20.396078,20.615528,19.924859,18.384776,14.764823,12.206556,3.605551,2.236068,2.236068,3.605551,5.830952,8.062258,9.433981,10.816654,11.401754,11.401754,10.630146,10.630146,9.899495,8.485281,7.81025,5.830952,5.385165,5.0,5.09902,5.830952,7.81025,9.219544,12.206556,13.038405,14.764823,15.652476,15.620499,14.21267,12.806248,10.816654,9.848858,10.198039,10.049876,11.045361,12.0,13.152946,14.142136,15.297059,15.811388,16.155494,16.124515,15.811388,15.620499,13.453624,12.041595,9.219544,6.708204,6.082763,7.211103,9.899495,13.453624,14.866069,8.602325,7.211103,6.082763,6.324555,7.81025,10.630146,13.601471,15.0,17.029386,17.691806,17.691806,16.401219,17.204651,15.264338,13.892444,12.529964,11.18034,10.816654,10.816654,10.630146,12.041595,13.038405,13.601471,15.811388,16.401219,16.401219
hoyeon_stand_normal_01,870,290,29.001584699453552,29.998360745314464,10,0.5391537547111511,0.6678749322891235,-0.1434116810560226,0.999900221824646,0.5414587259292603,0.6793683171272278,-0.1283113658428192,0.9998016953468324,0.5412817001342773,0.6795681715011597,-0.1283233761787414,0.9997537732124328,0.5411660671234131,0.6797316074371338,-0.128327414393425,0.9997365474700928,0.5442047715187073,0.6796767115592957,-0.1474085599184036,0.9998200535774232,0.5459895730018616,0.6800699234008789,-0.1474334299564361,0.9998197555541992,0.548015832901001,0.6804338693618774,-0.1474591344594955,0.9998309016227722,0.5490447878837585,0.675506055355072,-0.0412010326981544,0.9992621541023254,0.5569512844085693,0.6755515336990356,-0.1261582374572754,0.9998009204864502,0.5407874584197998,0.6540908813476562,-0.1086701601743698,0.9997641444206238,0.5441134572029114,0.6536731123924255,-0.1334758251905441,0.9998565316200256,0.5499239563941956,0.5985618233680725,0.0612864643335342,0.9992293119430542,0.5705428719520569,0.6077989339828491,-0.1516231000423431,0.9999026656150818,0.5503903031349182,0.5032536387443542,0.1076443195343017,0.6181873083114624,0.5758793354034424,0.5094584226608276,-0.1628309190273285,0.97517991065979,0.5399935841560364,0.4317858517169952,0.0617757886648178,0.640914797782898,0.567656934261322,0.4159670770168304,-0.1661765128374099,0.9373572468757628,0.5387467741966248,0.4059054553508758,0.0553093627095222,0.6077353358268738,0.5675027966499329,0.3889756798744201,-0.1849713325500488,0.8888951539993286,0.5370604395866394,0.4054507613182068,0.0336937084794044,0.6185498237609863,0.5598663687705994,0.387320339679718,-0.1917087733745575,0.8939186930656433,0.5381956100463867,0.413619190454483,0.050005055963993,0.6087429523468018,0.5579505562782288,0.3964933753013611,-0.1676764190196991,0.8793897032737732,0.545552670955658,0.4190903007984161,0.0621680542826652,0.9982218742370604,0.5655832886695862,0.4214923977851867,-0.0621781088411808,0.9987826347351074,0.5458506941795349,0.2852252721786499,0.047774352133274,0.8297362327575684,0.5693468451499939,0.2798076272010803,-0.0680519342422485,0.8986473083496094,0.5490898489952087,0.1478117555379867,0.1014772281050682,0.8493528366088867,0.5735613107681274,0.1364982575178146,-0.010106923058629,0.8900202512741089,0.5541518926620483,0.1275486946105957,0.1022199094295501,0.5652316808700562,0.579846203327179,0.1218217462301254,-0.0088532688096165,0.5085405707359314,0.5318154692649841,0.1148458793759346,0.0457636229693889,0.8683411478996277,0.5568805932998657,0.0960815697908401,-0.0861941054463386,0.8831758499145508,hoyeon_stand_normal_01,4.472136,4.123106,5.830952,7.615773,10.77033,12.649111,13.601471,13.341664,13.341664,13.341664,13.341664,12.165525,11.18034,10.049876,8.0,6.082763,3.605551,4.123106,7.211103,12.041595,16.278821,19.849433,22.803509,25.238859,24.698178,23.259407,5.830952,6.708204,8.544004,10.440307,11.7047,11.7047,11.7047,10.77033,9.848858,8.544004,6.708204,4.472136,2.0,1.414214,3.162278,4.472136,6.403124,8.602325,10.816654,13.038405,13.892444,15.264338,14.764823,14.317821,12.529964,10.29563,13.152946,12.0,11.401754,11.18034,12.206556,13.453624,14.866069,16.278821,17.029386,17.691806,18.384776,19.104973,19.209373,19.416488,18.867962,17.0,15.652476,13.416408,10.29563,7.81025,7.28011,9.055385,12.649111,16.155494,18.973666,21.587033,14.866069,16.492423,17.117243,17.0,16.03122,15.297059,12.369317,10.440307,7.071068,5.0,4.472136,5.0,7.28011,8.246211,10.440307,12.369317,13.601471,15.811388,17.088007,17.464249,18.788294,18.788294,18.788294,17.888544,17.088007,15.811388,14.866069,14.56022,13.0,11.661904,10.0,10.630146,10.816654,11.661904,12.529964,13.892444,15.811388,17.029386,16.970563,17.804494,18.027756,18.35756,17.464249,15.231546,12.649111,8.944272,5.830952,4.123106,6.708204,10.816654,13.601471,15.811388,9.486833,7.615773,6.403124,6.324555,9.0,11.18034,14.317821,16.492423,17.262677,19.104973,19.104973,19.026298,17.029386,17.029386,15.132746,14.035669,13.038405,13.038405,12.0,12.041595,13.152946,14.56022,14.866069,15.811388,16.763055,17.088007
hoyeon_stand_normal_01,873,291,29.101590163934425,29.998360745314464,10,0.5357958674430847,0.6624804735183716,-0.086539439857006,0.999707043170929,0.5378425717353821,0.6750493049621582,-0.078174777328968,0.9994236826896667,0.5380163788795471,0.6754013299942017,-0.0781821981072425,0.999281108379364,0.5382712483406067,0.6757350564002991,-0.0781721547245979,0.9993387460708618,0.5397037863731384,0.6754060983657837,-0.1018001064658165,0.9995452761650084,0.5412567257881165,0.6759827136993408,-0.1018276289105415,0.9995432496070862,0.5429126620292664,0.6765831112861633,-0.1018987670540809,0.9996014833450316,0.5471928119659424,0.6730515360832214,-0.0228444971144199,0.9984055757522584,0.5522084832191467,0.673723042011261,-0.1270036399364471,0.9995517134666444,0.5384882092475891,0.6494899392127991,-0.0627022385597229,0.9995228052139282,0.5409038066864014,0.6498216986656189,-0.0936267301440239,0.9997133016586304,0.5515143871307373,0.5983089208602905,0.0576188564300537,0.999135673046112,0.5683146715164185,0.6078972220420837,-0.1687108427286148,0.9999040365219116,0.5509544610977173,0.5030787587165833,0.1004943922162056,0.5679804086685181,0.573367714881897,0.5073345899581909,-0.1930675208568573,0.9764362573623656,0.5393655300140381,0.4344871044158935,0.0667870193719863,0.6035416126251221,0.5585639476776123,0.4156190752983093,-0.1853258162736892,0.940712571144104,0.537158191204071,0.4079533815383911,0.0642353966832161,0.5730289816856384,0.5585364699363708,0.3889371752738952,-0.2041714787483215,0.8947758674621582,0.53537517786026,0.409739077091217,0.0459962822496891,0.5840221643447876,0.5506524443626404,0.3873560726642608,-0.2078326493501663,0.8990811109542847,0.5365629196166992,0.4192758202552795,0.0569263510406017,0.5740087628364563,0.5494461059570312,0.3966308534145355,-0.1853714138269424,0.8834730982780457,0.5491694211959839,0.4196611940860748,0.0623757243156433,0.9978278875350952,0.5650213360786438,0.4212523400783539,-0.0623896569013595,0.998481273651123,0.549580991268158,0.2851268053054809,0.058797113597393,0.7668132185935974,0.5648110508918762,0.2799569368362427,-0.0634417161345481,0.8676424026489258,0.5522090792655945,0.1471292227506637,0.101606972515583,0.7908026576042175,0.5601157546043396,0.1365076005458831,-0.0107258316129446,0.8650917410850525,0.5559833645820618,0.1233335584402084,0.1016856729984283,0.5448055267333984,0.567983090877533,0.1109565943479538,-0.0098787313327193,0.5194088816642761,0.5316779613494873,0.1201919838786125,0.0501583479344844,0.8263376355171204,0.5409660935401917,0.107081115245819,-0.0830305814743042,0.8653241991996765,hoyeon_stand_normal_01,4.242641,3.162278,5.0,7.28011,10.440307,11.401754,13.152946,13.152946,14.142136,13.038405,13.038405,12.0,12.0,10.0,9.055385,6.082763,3.605551,3.162278,5.656854,10.0,15.0,19.209373,22.022716,24.041631,24.758837,22.671568,5.0,7.211103,9.433981,11.18034,12.083046,12.083046,12.529964,11.661904,10.816654,10.0,7.81025,5.656854,3.605551,1.0,1.0,3.605551,6.403124,8.602325,10.0,11.661904,14.422205,15.264338,14.764823,14.764823,13.416408,11.18034,11.661904,11.401754,10.630146,11.18034,11.7047,12.369317,13.152946,15.132746,16.124515,16.124515,17.117243,17.262677,17.262677,17.464249,16.763055,15.811388,13.928388,12.649111,10.440307,8.0,6.708204,7.81025,11.18034,14.317821,17.0,18.867962,13.453624,15.811388,17.0,17.088007,16.492423,14.142136,12.041595,10.0,7.071068,4.123106,2.828427,4.0,6.324555,8.246211,10.440307,12.369317,13.341664,15.132746,17.117243,17.029386,17.0,17.0,17.0,16.03122,15.132746,13.341664,15.297059,13.601471,11.7047,11.18034,9.899495,11.401754,11.661904,13.038405,14.422205,15.0,16.278821,16.970563,17.691806,18.601075,19.235384,18.384776,17.088007,15.524175,12.369317,9.486833,5.830952,4.123106,7.28011,11.18034,13.416408,17.0,9.055385,7.28011,6.403124,6.324555,8.0,11.045361,13.152946,16.124515,17.117243,18.027756,18.0,18.027756,17.029386,16.124515,14.142136,14.142136,13.152946,12.041595,12.0,12.041595,13.152946,14.317821,15.297059,15.524175,16.492423,16.492423
hoyeon_stand_normal_01,876,292,29.2015956284153,29.998360745314464,10,0.5341532230377197,0.6561639308929443,-0.0605998151004314,0.9993470907211304,0.5356029272079468,0.6689867377281189,-0.0523546151816844,0.9987300634384156,0.535895586013794,0.669377863407135,-0.0523629002273082,0.9984460473060608,0.5362695455551147,0.6698307394981384,-0.0523512288928031,0.9986517429351808,0.5370680093765259,0.670109748840332,-0.0769169628620147,0.9990403652191162,0.53847336769104,0.6710792183876038,-0.0769414007663726,0.9990571737289428,0.5400022268295288,0.6719712018966675,-0.0770205706357956,0.9992095232009888,0.5458859801292419,0.6689314246177673,-0.0021089725196361,0.996736466884613,0.5493117570877075,0.6711592078208923,-0.1139207035303115,0.9991016387939452,0.5376404523849487,0.6436617970466614,-0.038539670407772,0.9990331530570984,0.539785623550415,0.6452206373214722,-0.0706841275095939,0.9994341731071472,0.5541681051254272,0.5984140038490295,0.0767142623662948,0.9989531636238098,0.566758930683136,0.6079571843147278,-0.1620208621025085,0.9999051690101624,0.5532257556915283,0.503235399723053,0.1136790513992309,0.5175369381904602,0.5715732574462891,0.5070587992668152,-0.191346064209938,0.9771859645843506,0.5427999496459961,0.4350973963737488,0.0812220275402069,0.5567049384117126,0.5526997447013855,0.4156871438026428,-0.1821180880069732,0.9428658485412598,0.5407052636146545,0.4078680574893951,0.0817133635282516,0.5301122665405273,0.553374707698822,0.389786034822464,-0.2016920894384384,0.8990352749824524,0.5375021696090698,0.4096888303756714,0.0637848153710365,0.5406162738800049,0.5461578965187073,0.388867050409317,-0.2026477307081222,0.9026308655738832,0.5374568104743958,0.4203158318996429,0.0714913755655288,0.5314290523529053,0.5451576113700867,0.3980351388454437,-0.1811486929655075,0.8853679299354553,0.5551389455795288,0.4182605743408203,0.0678372159600257,0.9971908330917358,0.5645567774772644,0.4210472702980041,-0.0678581520915031,0.9980166554450988,0.5520528554916382,0.2821588218212127,0.0656765699386596,0.7117660045623779,0.5572534799575806,0.2796320915222168,-0.065303049981594,0.8557912707328796,0.5508398413658142,0.1447134166955948,0.1037769243121147,0.7417702078819275,0.5494283437728882,0.136494293808937,-0.0236975625157356,0.8557938933372498,0.5555517673492432,0.1189055517315864,0.103136196732521,0.531060516834259,0.5578528046607971,0.1037199050188064,-0.023722318932414,0.5426892638206482,0.5296485424041748,0.1195990070700645,0.0538496114313602,0.7916433215141296,0.5298317670822144,0.1101727932691574,-0.0891875177621841,0.8592014312744141,hoyeon_stand_normal_01,6.403124,1.414214,2.236068,7.211103,9.219544,12.206556,14.422205,15.264338,16.124515,15.652476,15.652476,14.866069,13.928388,12.649111,10.198039,8.062258,5.0,3.162278,6.708204,12.041595,16.970563,21.931712,26.172505,29.0,29.732137,27.658633,5.385165,8.544004,10.77033,13.0,14.866069,16.155494,16.552945,15.652476,13.892444,11.661904,9.433981,7.211103,4.242641,1.414214,1.414214,4.472136,7.211103,9.433981,11.661904,14.422205,17.492856,18.027756,18.867962,18.027756,16.643317,13.601471,18.384776,18.788294,17.888544,15.652476,14.764823,13.892444,11.661904,10.0,7.81025,6.403124,5.385165,5.0,5.385165,7.071068,9.219544,12.206556,15.0,17.029386,18.439089,19.104973,19.79899,19.104973,18.439089,16.401219,14.422205,10.816654,4.123106,2.0,1.0,3.605551,5.830952,8.062258,10.77033,11.7047,13.341664,13.152946,13.038405,12.0,11.0,10.049876,8.062258,7.0,5.09902,3.605551,3.605551,5.0,7.28011,9.486833,11.7047,13.928388,16.155494,17.464249,13.341664,13.341664,14.317821,14.317821,14.317821,12.649111,11.7047,10.77033,8.544004,6.708204,5.385165,4.0,4.472136,4.242641,5.830952,8.944272,11.18034,14.764823,16.124515,18.867962,19.416488,20.615528,19.849433,19.104973,16.970563,13.453624,12.206556,14.422205,15.811388,16.401219,16.401219,15.620499,13.453624,12.041595,10.0,8.062258,6.708204,5.09902,5.09902,5.385165,6.403124,7.81025,7.81025,9.219544,9.899495,10.630146,10.630146,11.313708,10.630146,10.816654,11.661904,12.083046
hoyeon_stand_normal_01,879,293,29.30160109289617,29.998360745314464,10,0.5333987474441528,0.6528401970863342,-0.0468032099306583,0.9992586374282836,0.5345194935798645,0.6655223965644836,-0.0384332276880741,0.9985332489013672,0.534852921962738,0.6658744812011719,-0.0384423993527889,0.99821275472641,0.5352841019630432,0.666360080242157,-0.0384312011301517,0.9984697699546814,0.5358688831329346,0.6670027375221252,-0.0630797371268272,0.998897135257721,0.5372012257575989,0.6681965589523315,-0.0630940198898315,0.9989160299301147,0.5386946797370911,0.6693059206008911,-0.0631616562604904,0.9990909099578856,0.5452364087104797,0.6664418578147888,0.0108518190681934,0.9962966442108154,0.5480232238769531,0.6693012714385986,-0.1012546345591545,0.9989440441131592,0.5372554063796997,0.64081209897995,-0.0251257941126823,0.9988999962806702,0.5392990708351135,0.6429142951965332,-0.0574310198426246,0.9993475675582886,0.5548116564750671,0.598168134689331,0.0880563631653785,0.9989154934883118,0.5657914280891418,0.6082087755203247,-0.1531721949577331,0.9999083876609802,0.552534818649292,0.5032835602760315,0.1258870214223861,0.4770047962665558,0.5700362324714661,0.5073745250701904,-0.18463996052742,0.9781426191329956,0.5422117114067078,0.4348321557044983,0.0938266143202781,0.5240264534950256,0.5519605278968811,0.4161384701728821,-0.1809150278568267,0.9458085298538208,0.5404413938522339,0.407688558101654,0.0943598896265029,0.4992596209049225,0.5530652403831482,0.3910721838474273,-0.2018018066883087,0.9043515920639038,0.5374883413314819,0.4093559682369232,0.0753911733627319,0.5096931457519531,0.5458461046218872,0.3903504610061645,-0.2016273289918899,0.9073656797409058,0.5372537970542908,0.420175552368164,0.0837727412581443,0.5005738735198975,0.5447012782096863,0.3993544280529022,-0.1797156482934951,0.8890973329544067,0.5573862791061401,0.4172355830669403,0.0680208429694175,0.9969874024391174,0.5643112063407898,0.4214312732219696,-0.0680460482835769,0.9978474378585817,0.5545202493667603,0.2786448299884796,0.0633143112063407,0.6677764654159546,0.5563533306121826,0.2780727744102478,-0.0666696950793266,0.8508657217025757,0.5504407286643982,0.1404003947973251,0.1019283607602119,0.7036522626876831,0.5463418364524841,0.1355561017990112,-0.0274430252611637,0.854653537273407,0.5556245446205139,0.1157949119806289,0.101306028664112,0.522551417350769,0.5536156892776489,0.1011097505688667,-0.0276094172149896,0.5692380666732788,0.5298775434494019,0.1172137409448623,0.0502271726727485,0.7669756412506104,0.5302015542984009,0.1080792397260665,-0.0934342667460441,0.8599429130554199,hoyeon_stand_normal_01,5.0,1.0,3.162278,6.082763,9.219544,10.198039,12.369317,12.649111,13.928388,13.0,13.416408,12.529964,11.661904,10.0,9.219544,6.403124,4.123106,2.828427,6.082763,11.045361,15.297059,19.646883,23.537205,25.495098,25.495098,25.317978,4.472136,7.28011,9.486833,11.401754,13.341664,13.152946,13.152946,12.041595,11.045361,9.0,7.071068,5.09902,2.236068,1.0,3.162278,5.385165,7.28011,9.219544,12.165525,14.142136,15.297059,17.262677,17.117243,16.124515,15.132746,12.041595,14.84483,15.377839,14.603278,14.723814,13.9820285,14.3385605,13.8402875,13.374755,13.5836155,12.7540485,12.117692,12.167202,12.167202,13.3137955,14.2195445,14.752921999999998,14.7195975,14.7158835,14.345903,14.77264,15.2397895,15.6226685,16.728485,16.849966000000002,16.8630415,16.1437825,9.8007355,9.7100825,10.131912,10.4695985,11.890281,12.3076015,11.954519,11.356596,9.8705335,8.603511000000001,7.226812,7.823573,8.669175,9.353188500000002,9.495295,9.3476295,8.4142135,9.01561,9.972835,11.1808485,12.7632535,14.154019,14.7158835,15.132746,15.5586215,15.1381475,13.416408,14.317821,14.317821,13.928388,14.317821,13.416408,12.529964,10.816654,9.433981,7.211103,5.830952,4.472136,4.0,3.605551,5.656854,8.602325,10.816654,13.038405,15.811388,17.204651,19.209373,19.849433,19.104973,17.691806,16.278821,13.453624,12.806248,14.866069,16.278821,16.970563,17.029386,16.278821,14.866069,13.453624,11.313708,9.219544,8.062258,6.324555,6.0,6.082763,7.615773,8.062258,8.944272,10.29563,10.29563,10.29563,11.661904,10.816654,11.401754,10.630146,11.313708,12.206556
hoyeon_stand_normal_01,882,294,29.401606557377047,29.998360745314464,10,0.5335264205932617,0.6511082649230957,-0.048817753791809,0.9991892576217652,0.5345222353935242,0.6636837124824524,-0.0404555834829807,0.9983807802200316,0.5349060297012329,0.6640632152557373,-0.0404595397412776,0.9980361461639404,0.5354112386703491,0.6645907759666443,-0.0404462218284606,0.9983379244804382,0.5357621312141418,0.6651713252067566,-0.0649158358573913,0.9987791776657104,0.5370652675628662,0.6664292216300964,-0.0649282410740852,0.9987996220588684,0.538515031337738,0.6676279306411743,-0.0649929121136665,0.9989882707595824,0.5452881455421448,0.6650609374046326,0.0087856287136673,0.9959551692008972,0.5477046370506287,0.6680012345314026,-0.101850040256977,0.9987909197807312,0.5376402735710144,0.6394360065460205,-0.0271836221218109,0.9987936615943908,0.5395917892456055,0.64157634973526,-0.0592773891985416,0.9992644190788268,0.5563816428184509,0.5982418656349182,0.0860495343804359,0.9989069700241088,0.5653440356254578,0.6083090901374817,-0.1535062789916992,0.999911904335022,0.5532960891723633,0.503440260887146,0.1227220371365547,0.4415536224842071,0.5673865079879761,0.507500946521759,-0.1871620267629623,0.9787988662719728,0.5445572137832642,0.4332176446914673,0.0898245796561241,0.4972279369831085,0.5507365465164185,0.4165425300598144,-0.1849192082881927,0.9481185674667358,0.5428844094276428,0.4056672751903534,0.0902153998613357,0.4735593199729919,0.5517929792404175,0.3912481367588043,-0.2064060866832733,0.908692181110382,0.5397384762763977,0.4069006741046905,0.0713494718074798,0.4839567542076111,0.545185387134552,0.3904328942298889,-0.2054755687713623,0.9111328721046448,0.538887083530426,0.4195940792560577,0.0798531472682952,0.4747097492218017,0.5439651012420654,0.3994783163070678,-0.1834791451692581,0.8916257619857788,0.5592480301856995,0.4178553819656372,0.0684625133872032,0.99686998128891,0.5633319616317749,0.4223531484603882,-0.0685028731822967,0.997729480266571,0.5553725957870483,0.2775768637657165,0.0631240308284759,0.6234010457992554,0.5562210083007812,0.2777706384658813,-0.0663118660449981,0.8429368734359741,0.55006343126297,0.1381833702325821,0.1006344109773635,0.6652200222015381,0.5467665195465088,0.135148286819458,-0.0276590827852487,0.8515592217445374,0.5549300312995911,0.1099162474274635,0.0999685972929,0.5119100213050842,0.5531303882598877,0.0996257439255714,-0.0279756374657154,0.5922508835792542,0.5290847420692444,0.1169302091002464,0.0481386519968509,0.7415298819541931,0.5293614864349365,0.1090500503778457,-0.0944449976086616,0.8590376377105713,hoyeon_stand_normal_01,21.540659,22.472205,21.023796,19.697716,17.0,13.892444,10.816654,7.071068,5.0,2.0,2.0,5.385165,7.81025,11.313708,14.866069,17.804494,21.633308,24.413111,25.238859,26.07681,24.698178,21.954498,17.0,12.083046,6.082763,3.605551,13.0,12.041595,12.165525,9.486833,6.708204,4.242641,3.162278,5.0,7.615773,10.198039,12.165525,13.038405,14.035669,14.035669,14.0,14.0,13.0,12.041595,10.049876,7.28011,5.0,4.123106,6.403124,10.0,13.892444,17.464249,18.11077,17.117243,17.262677,15.297059,14.317821,12.649111,10.77033,8.944272,7.81025,5.656854,5.385165,5.0,5.385165,7.211103,9.899495,12.041595,14.21267,15.620499,17.029386,18.439089,19.104973,18.384776,16.970563,15.556349,13.453624,11.313708,6.082763,4.123106,1.414214,2.828427,5.385165,8.062258,10.0,11.18034,12.649111,13.0,12.529964,12.206556,11.401754,9.219544,7.81025,5.0,3.605551,2.0,3.162278,5.0,8.0,11.045361,13.038405,15.033296,17.029386,18.027756,12.369317,14.317821,14.317821,14.317821,14.317821,13.601471,12.649111,11.7047,9.486833,8.544004,7.28011,6.082763,5.0,4.472136,6.403124,7.81025,10.816654,13.038405,15.264338,17.204651,18.601075,19.209373,19.849433,19.104973,15.556349,13.453624,12.649111,13.928388,15.652476,16.124515,17.0,15.264338,13.892444,12.529964,10.29563,8.544004,7.071068,6.082763,6.708204,7.211103,7.81025,8.485281,9.219544,9.899495,10.630146,11.313708,12.041595,12.041595,12.041595,12.206556,11.661904,12.083046
hoyeon_stand_normal_01,885,295,29.501612021857923,29.998360745314464,10,0.5337543487548828,0.651503324508667,-0.0360172316431999,0.9991939067840576,0.5348634123802185,0.663956880569458,-0.0281339325010776,0.9983842968940736,0.5352904796600342,0.6643325686454773,-0.0281375981867313,0.9980457425117492,0.5358377695083618,0.6648321151733398,-0.0281244739890098,0.9983580708503724,0.5360644459724426,0.6654459238052368,-0.0514659471809864,0.9987695813179016,0.5373757481575012,0.6666727662086487,-0.0514701046049594,0.9987853765487672,0.5388018488883972,0.6677907109260559,-0.0515278950333595,0.9989718794822692,0.5454367995262146,0.6649153828620911,0.0172693897038698,0.9960067868232728,0.547654390335083,0.66765958070755,-0.0889644399285316,0.9987264275550842,0.5380186438560486,0.639578640460968,-0.0158260706812143,0.9987882971763612,0.5398461818695068,0.6415501832962036,-0.0465606711804866,0.9992424249649048,0.5573208332061768,0.5984838604927063,0.0838664323091507,0.9989471435546876,0.5649267435073853,0.6089606285095215,-0.1432070136070251,0.9999136924743652,0.5535021424293518,0.5035616755485535,0.1185002475976944,0.4183239042758941,0.5656400918960571,0.5079229474067688,-0.1690364629030227,0.9793775677680968,0.5477522015571594,0.4311143159866333,0.0896537527441978,0.4889546632766723,0.5504980683326721,0.4172845780849457,-0.1768582910299301,0.9505493640899658,0.546956479549408,0.4026657938957214,0.0888320878148078,0.4626771509647369,0.5520824193954468,0.3915086686611175,-0.2006653249263763,0.9130939245224,0.5432283282279968,0.4021411836147308,0.071683757007122,0.4731795787811279,0.5458673238754272,0.3904292285442352,-0.191471129655838,0.9150452613830566,0.5421352386474609,0.4159709513187408,0.0806615352630615,0.4620815813541412,0.5446203351020813,0.3995271325111389,-0.1791106611490249,0.8947054147720337,0.5601311922073364,0.4179204106330871,0.0623992420732975,0.9968585968017578,0.562683641910553,0.4251681864261627,-0.0624144785106182,0.997674524784088,0.5564064383506775,0.2778023779392242,0.0528363920748233,0.5885348916053772,0.557599663734436,0.2782697379589081,-0.059784147888422,0.8245629668235779,0.5498884320259094,0.1377096176147461,0.0898276194930076,0.633874237537384,0.547137439250946,0.1351650953292846,-0.0179929081350564,0.8411238193511963,0.5546824336051941,0.1094172745943069,0.0887501761317253,0.5038183331489563,0.5528806447982788,0.1014656126499176,-0.0177014525979757,0.6061307787895203,0.529228150844574,0.1168228834867477,0.0407034493982791,0.7198169827461243,0.5333033204078674,0.1098822951316833,-0.0856184288859367,0.8530652523040771,hoyeon_stand_normal_01,17.464249,18.788294,17.888544,17.0,15.264338,13.601471,10.630146,8.485281,6.403124,3.605551,1.414214,1.0,4.123106,7.28011,10.198039,13.152946,17.029386,19.026298,21.023796,22.022716,21.0,19.026298,16.124515,11.18034,6.708204,4.123106,12.806248,12.041595,10.630146,10.0,8.062258,6.082763,4.123106,5.0,6.082763,8.0,9.055385,10.198039,10.440307,11.401754,11.401754,11.7047,10.77033,9.848858,8.944272,7.211103,5.656854,4.123106,5.385165,7.81025,11.661904,14.317821,18.0,18.027756,17.117243,15.297059,14.317821,12.649111,10.77033,9.433981,7.81025,6.403124,5.385165,6.0,6.324555,8.602325,9.899495,12.041595,15.0,16.401219,17.804494,19.209373,19.209373,19.209373,18.439089,17.029386,14.21267,12.041595,7.28011,5.830952,3.605551,2.236068,4.123106,7.071068,9.848858,10.816654,12.806248,12.727922,12.806248,12.206556,10.29563,8.944272,7.615773,5.385165,3.162278,2.0,5.09902,8.062258,11.045361,14.0,16.03122,18.027756,18.027756,15.180781666666666,17.262677,16.278821,14.142136,13.038405,11.18034,10.440307,11.18034,11.661904,13.416408,14.764823,15.652476,16.155494,17.720045,18.439089,19.104973,19.0,18.027756,17.117243,14.142136,11.045361,9.055385,7.211103,7.615773,11.18034,14.142136,16.124515,9.055385,7.0,5.385165,5.830952,8.246211,11.045361,14.035669,16.124515,17.262677,18.439089,18.681542,18.027756,17.088007,15.652476,14.764823,13.892444,12.529964,11.18034,11.7047,11.401754,12.165525,14.035669,15.033296,17.029386,18.027756,18.11077
hoyeon_stand_normal_01,888,296,29.6016174863388,29.998360745314464,10,0.5339482426643372,0.6513481140136719,-0.0561526380479335,0.9991594552993774,0.5351572632789612,0.6639730930328369,-0.0484383590519428,0.9983103275299072,0.5356065034866333,0.6644155979156494,-0.0484380610287189,0.997962236404419,0.5361846685409546,0.664986252784729,-0.0484250523149967,0.9982962608337402,0.5363299250602722,0.6653327941894531,-0.0713583081960678,0.9987044930458068,0.5376233458518982,0.6665353178977966,-0.0713726282119751,0.9987168908119202,0.5390185713768005,0.667641818523407,-0.0714322999119758,0.998907506465912,0.5455950498580933,0.664985716342926,-8.145467290887609e-05,0.9958707690238952,0.5478436946868896,0.6673517823219299,-0.0996687486767768,0.9986187219619752,0.5381895899772644,0.6393131613731384,-0.0349825881421566,0.9987407326698304,0.5399957299232483,0.6411871314048767,-0.0650985613465309,0.9991984963417052,0.5570734143257141,0.5985320806503296,0.0709301382303237,0.9989698529243468,0.5651790499687195,0.6090726256370544,-0.1491616368293762,0.999915599822998,0.5529482364654541,0.5034202933311462,0.1087318286299705,0.3952751159667969,0.564838707447052,0.5078479051589966,-0.1803603023290634,0.9798740148544312,0.5467292666435242,0.4305063784122467,0.0733678340911865,0.4793854057788849,0.5510547757148743,0.4170877337455749,-0.1788174659013748,0.9525733590126038,0.5457147359848022,0.4015166461467743,0.0711320489645004,0.4518602788448334,0.5526605844497681,0.3912658989429474,-0.1993602365255355,0.9168277978897096,0.5428972840309143,0.4008441865444183,0.0532039999961853,0.4626507759094238,0.5467132329940796,0.3898086845874786,-0.1983143836259842,0.9183632731437684,0.5418282151222229,0.4147872626781463,0.0638491436839103,0.4501268863677978,0.5456076860427856,0.3988167941570282,-0.1787169724702835,0.8972645998001099,0.5591486096382141,0.418066918849945,0.0601294599473476,0.9968119859695436,0.562771201133728,0.4258459210395813,-0.0601620562374591,0.9975973963737488,0.5560831427574158,0.2778405249118805,0.0535027347505092,0.5583614110946655,0.5580858588218689,0.2783971726894378,-0.0574145801365375,0.8121597170829773,0.5495805740356445,0.1378227919340133,0.0901291519403457,0.6083233952522278,0.5471982955932617,0.1351873725652694,-0.0142174083739519,0.834466814994812,0.5539063215255737,0.110023133456707,0.0887854397296905,0.4996658563613891,0.5532600283622742,0.1026490330696106,-0.0137474881485104,0.620234489440918,0.5292822122573853,0.1183994710445404,0.0381874367594718,0.7026436924934387,0.5266269445419312,0.1024209186434745,-0.0800104215741157,0.8489847779273987,hoyeon_stand_normal_01,15.524175,16.763055,16.492423,15.297059,14.035669,13.0,11.045361,9.219544,7.28011,5.385165,3.162278,1.0,2.0,5.385165,8.544004,11.7047,14.56022,18.439089,20.223748,22.203603,22.090722,21.0,18.027756,15.132746,10.440307,6.403124,13.892444,14.422205,14.21267,13.453624,11.401754,10.29563,8.246211,7.071068,7.615773,7.81025,8.602325,9.848858,10.77033,10.77033,11.401754,11.401754,11.401754,11.18034,10.198039,9.055385,8.0,6.324555,5.656854,6.324555,9.0,11.18034,17.464249,16.552945,15.264338,14.422205,12.806248,11.313708,9.219544,8.062258,6.324555,5.0,4.472136,5.0,6.324555,8.062258,11.045361,13.0,15.0,17.029386,19.026298,20.0,21.0,20.0,19.0,17.0,15.0,12.0,7.0,4.123106,2.236068,2.236068,4.123106,8.0,10.198039,12.649111,13.0,13.892444,14.422205,13.601471,12.041595,11.313708,9.219544,6.403124,5.0,2.236068,3.605551,6.708204,9.848858,12.083046,14.866069,17.088007,17.088007,12.333807333333333,15.222897,15.9477275,14.5393695,14.008972,13.290859,12.8359265,12.1838485,12.708204,11.830952,11.7169905,12.3011625,11.868795,11.673654,11.7690545,12.402309,13.299272,14.932765,14.7247825,15.021352,14.733199,14.1967185,13.7591425,14.212153,14.9247165,15.0338955,15.5622575,11.517726,10.460437,11.1394105,11.8393835,12.7491825,13.1339115,13.833147,13.4671035,13.124465,12.797939499999998,12.0081805,11.902247,11.764603,10.986271,10.977351,10.9819725,10.5479425,11.109204,11.146025,11.8517495,12.668106,13.4760845,13.736646,14.714755,15.365098,15.0014145
hoyeon_stand_normal_01,891,297,29.701622950819672,29.998360745314464,10,0.5336636304855347,0.6518533229827881,-0.0625477209687233,0.9990839958190918,0.5352729558944702,0.6648476719856262,-0.0547888912260532,0.9981473088264464,0.5357745289802551,0.6653162240982056,-0.0547883436083793,0.9977687001228333,0.5364053845405579,0.6658750772476196,-0.054773312062025,0.9981430172920228,0.5362929701805115,0.6660907864570618,-0.0781385898590087,0.9985774159431458,0.5375032424926758,0.6672201156616211,-0.0781585127115249,0.9985887408256532,0.538817822933197,0.6682260632514954,-0.0782238468527793,0.9987930059432985,0.5456972122192383,0.6653725504875183,-0.0056983446702361,0.9955262541770936,0.5476223826408386,0.6674453616142273,-0.1035682260990142,0.9984561204910278,0.5377016067504883,0.6394811272621155,-0.041003443300724,0.9986512064933776,0.5394020676612854,0.641205906867981,-0.0716210454702377,0.9991301894187928,0.5563991069793701,0.5985838174819946,0.0672384202480316,0.9989803433418274,0.5655521154403687,0.6091949939727783,-0.156703382730484,0.999917447566986,0.5526012778282166,0.5034559369087219,0.1051767095923423,0.373544692993164,0.5642082095146179,0.5080487728118896,-0.1892768591642379,0.9805497527122498,0.545852780342102,0.4303789138793945,0.0670888572931289,0.4690514802932739,0.5513811111450195,0.4170504212379455,-0.1872499287128448,0.9547412395477296,0.5446597337722778,0.4013108909130096,0.0641663298010826,0.4407459497451782,0.5524823069572449,0.3912464380264282,-0.20794577896595,0.9207094311714172,0.5422700643539429,0.4005795121192932,0.0459569208323955,0.4517540037631988,0.5471879839897156,0.3897413611412048,-0.2086538672447204,0.9218921661376952,0.5414320826530457,0.4142108559608459,0.0572741366922855,0.438225656747818,0.546347439289093,0.3986576199531555,-0.1865988373756408,0.9003539681434631,0.5579826235771179,0.4184202551841736,0.0611128248274326,0.9966921210289,0.5629934072494507,0.4258530139923095,-0.0611550286412239,0.9974660873413086,0.5564301609992981,0.2779640853404999,0.0569860413670539,0.5294705629348755,0.5587310791015625,0.2782417833805084,-0.0573557876050472,0.8027229905128479,0.5498091578483582,0.1378834247589111,0.0946033000946044,0.5816420316696167,0.5477584600448608,0.1351828873157501,-0.0133886132389307,0.8288558721542358,0.5534706115722656,0.1105181947350502,0.0935191661119461,0.494919091463089,0.5541325807571411,0.1033837795257568,-0.0129436701536178,0.6348128914833069,0.5293840765953064,0.1187667399644851,0.0418085306882858,0.6836904287338257,0.52480149269104,0.0986474081873893,-0.079820729792118,0.8453171253204346,hoyeon_stand_normal_01,15.0,12.041595,8.485281,5.656854,2.236068,1.414214,4.123106,5.385165,6.708204,9.433981,10.630146,11.313708,12.806248,13.892444,13.928388,13.601471,12.165525,10.049876,6.082763,2.236068,5.0,10.440307,16.278821,20.099751,23.0,24.083189,9.055385,9.055385,10.77033,12.206556,13.453624,15.620499,17.204651,17.492856,17.492856,16.552945,16.155494,13.928388,12.649111,11.401754,10.049876,8.062258,8.544004,8.602325,10.630146,12.206556,15.264338,17.0,19.235384,20.124612,20.59126,19.723083,8.062258,8.246211,9.0,10.198039,11.7047,12.529964,13.601471,14.866069,15.556349,15.620499,17.029386,17.029386,17.029386,16.401219,15.620499,14.21267,12.206556,9.433981,7.28011,5.09902,6.403124,9.486833,13.152946,16.124515,19.104973,20.223748,12.083046,15.264338,16.401219,18.384776,17.804494,16.643317,14.317821,11.7047,9.055385,6.0,2.828427,3.162278,5.830952,7.28011,10.198039,12.041595,14.0,16.03122,17.029386,18.11077,18.11077,17.117243,15.132746,14.035669,12.041595,9.486833,16.278821,14.317821,13.152946,11.0,9.219544,8.944272,10.0,10.630146,12.727922,14.142136,15.620499,17.204651,18.35756,18.788294,18.973666,18.681542,18.248288,16.124515,14.035669,11.18034,7.28011,5.656854,8.0,11.18034,14.56022,16.763055,7.615773,6.082763,5.09902,5.656854,8.544004,10.440307,13.341664,15.524175,16.763055,18.027756,17.088007,16.552945,16.124515,14.422205,13.038405,12.206556,10.29563,9.848858,9.486833,10.198039,11.18034,14.035669,15.0,17.029386,18.027756,18.11077
hoyeon_stand_normal_01,894,298,29.801628415300545,29.998360745314464,10,0.5339455008506775,0.6527155637741089,-0.0627378597855568,0.999008297920227,0.53578120470047,0.6656901836395264,-0.0549672357738018,0.9979941844940186,0.5362258553504944,0.666130542755127,-0.054970882833004,0.997593104839325,0.5367431640625,0.6666428446769714,-0.0549582690000534,0.997998297214508,0.5368483066558838,0.6668370962142944,-0.0787567421793937,0.9984610080718994,0.5380493402481079,0.6678873300552368,-0.0787792578339576,0.9984759092330932,0.5393300652503967,0.6688076257705688,-0.078848011791706,0.9986889362335204,0.545822262763977,0.6657977104187012,-0.0062071927823126,0.9952542781829834,0.5480228066444397,0.6676394939422607,-0.1062756404280662,0.9983436465263368,0.5377973914146423,0.6402855515480042,-0.0412396974861621,0.9985755681991576,0.539516806602478,0.6417707204818726,-0.0723800361156463,0.9990725517272948,0.5563535094261169,0.5987061858177185,0.0682107284665107,0.9989712238311768,0.5657700896263123,0.6092144250869751,-0.1602518856525421,0.9999179244041444,0.5524963140487671,0.503510057926178,0.1039070561528205,0.3525671064853668,0.5637147426605225,0.5081902146339417,-0.1897036284208297,0.9811471104621888,0.5451627373695374,0.4325840473175049,0.0664731487631797,0.4579797387123108,0.5508596897125244,0.4172057509422302,-0.1826666295528412,0.9565905928611756,0.5439026355743408,0.4042228460311889,0.0637430995702743,0.4297249019145965,0.5512813925743103,0.3920615613460541,-0.2027859687805175,0.9240474104881288,0.5415632128715515,0.4039446711540222,0.0458879433572292,0.4410254955291748,0.5470260977745056,0.3905008137226105,-0.2045797854661941,0.9249089360237122,0.5408887267112732,0.4158013463020324,0.0567352436482906,0.4268552362918854,0.5464152693748474,0.3989779949188232,-0.1822031289339065,0.903005301952362,0.5572587847709656,0.4193310737609863,0.0634435936808586,0.9965503811836244,0.5631443858146667,0.4258948862552643,-0.063484102487564,0.9973253011703492,0.556416392326355,0.278123527765274,0.0594083853065967,0.5040322542190552,0.5592642426490784,0.2782683670520782,-0.0584441311657428,0.795933187007904,0.5502585768699646,0.1379267573356628,0.0970190614461898,0.5579046607017517,0.5493027567863464,0.135227769613266,-0.0173594038933515,0.8251720666885376,0.5537243485450745,0.1104204282164573,0.0960675850510597,0.490277886390686,0.5554943084716797,0.1027809754014015,-0.0172247681766748,0.6491805911064148,0.5291894674301147,0.1187839359045028,0.0443259328603744,0.6676450967788696,0.5296351909637451,0.1053109169006347,-0.0830614790320396,0.8430031538009644,hoyeon_stand_normal_01,12.983128,12.8181995,11.44252,10.3556845,8.684658500000001,7.2007965,6.0226805,7.1038195,7.159282000000001,7.772002,7.68997,7.912736000000001,7.9056945,7.208204,8.3291365,10.021811,12.218883,12.409081,12.5484745,12.206114,12.5119395,15.5279175,17.249861,18.822457,18.7436855,18.0099125,12.87028,13.1767665,14.0226805,14.399043,15.7036615,15.621028,15.840432,15.671084,14.600715,13.758835,12.3600225,11.408489,10.8500915,10.6766195,10.4929335,10.2201535,10.310649000000002,10.2157875,10.7944305,12.261002,12.985394,13.8402875,14.223163499999998,13.611874,13.299184,12.924847,8.246211,8.602325,9.433981,10.77033,12.369317,14.035669,15.0,16.03122,17.262677,18.248288,19.416488,19.235384,19.235384,19.235384,18.248288,16.278821,14.317821,12.369317,8.544004,6.403124,7.071068,10.29563,14.422205,18.601075,21.400935,23.600847,13.892444,15.652476,18.027756,19.646883,19.235384,18.027756,16.03122,13.152946,10.440307,6.708204,3.605551,1.414214,4.0,7.28011,9.848858,12.529964,14.422205,16.401219,17.691806,19.104973,19.104973,18.384776,16.970563,15.556349,12.806248,9.848858,16.124515,14.764823,12.529964,11.401754,8.485281,8.062258,9.486833,11.18034,12.165525,14.317821,15.297059,16.763055,17.464249,18.35756,19.416488,19.209373,18.384776,16.970563,14.866069,10.630146,7.81025,5.09902,5.830952,9.219544,13.038405,15.811388,9.433981,7.81025,5.830952,7.0,9.486833,12.083046,13.892444,15.652476,17.464249,17.088007,18.027756,17.720045,16.278821,15.132746,13.152946,12.165525,11.18034,11.401754,10.440307,11.18034,11.661904,13.038405,15.811388,16.643317,17.492856,18.027756
hoyeon_stand_normal_01,897,299,29.90163387978142,29.998360745314464,10,0.534360945224762,0.6529386043548584,-0.0638186633586883,0.9989289045333862,0.5361306667327881,0.6660146117210388,-0.0565110705792903,0.9978268146514891,0.5364159345626831,0.6664960980415344,-0.056514598429203,0.9973969459533693,0.536863386631012,0.6670345664024353,-0.0565036125481128,0.9978322982788086,0.5373388528823853,0.6671335101127625,-0.079760193824768,0.9983344078063964,0.5385597944259644,0.6681883931159973,-0.0797827094793319,0.9983492493629456,0.5398484468460083,0.6691030263900757,-0.0798519551753997,0.998572587966919,0.5464997887611389,0.6660891175270081,-0.0086363852024078,0.9949417114257812,0.5485472083091736,0.6677723526954651,-0.1089444458484649,0.9982064366340636,0.5380074977874756,0.6406287550926208,-0.0427870936691761,0.9984822869300842,0.5399195551872253,0.6420590281486511,-0.0733033567667007,0.9990074038505554,0.557233989238739,0.5993032455444336,0.066673919558525,0.9989668130874634,0.56605064868927,0.6095284223556519,-0.1574293971061706,0.9999168515205384,0.5528715252876282,0.5036843419075012,0.0955340638756752,0.3358626067638397,0.5636486411094666,0.5083131194114685,-0.1830609440803527,0.9814832210540771,0.5448023676872253,0.4335764348506927,0.0596253238618373,0.4516492784023285,0.5503256320953369,0.4175134301185608,-0.1767377704381942,0.958078384399414,0.5433698892593384,0.4059734046459198,0.0560409501194953,0.4225797653198242,0.5504714846611023,0.3928582370281219,-0.1933267563581466,0.9267711639404296,0.5411441922187805,0.4062163531780243,0.0412127040326595,0.4342339932918548,0.5467410683631897,0.391656219959259,-0.1940482258796692,0.9273439645767212,0.5407583713531494,0.4168533384799957,0.0508051738142967,0.4188455045223236,0.5461807250976562,0.3997755646705627,-0.1747172623872757,0.9050596356391908,0.5568335056304932,0.4205160439014435,0.0620372667908668,0.9963358044624328,0.5628330111503601,0.426095962524414,-0.0620899572968483,0.9971265196800232,0.5562242269515991,0.278787612915039,0.0562498904764652,0.4877225458621979,0.5596073865890503,0.2790167033672333,-0.0539026595652103,0.7823388576507568,0.5501192808151245,0.1379770785570144,0.0967510119080543,0.5413601398468018,0.5499559640884399,0.1352693289518356,-0.0120575418695807,0.8167510032653809,0.553558349609375,0.11068806797266,0.0959625393152237,0.4875562191009521,0.5562440752983093,0.1029501110315322,-0.0115163186565041,0.6564481258392334,0.5299316048622131,0.1185078993439674,0.0415298417210578,0.6560817360877991,0.5318177938461304,0.1061816960573196,-0.0745328888297081,0.8368850350379944,hoyeon_stand_normal_01,18.601075,15.264338,12.529964,8.944272,5.385165,2.236068,1.0,3.605551,5.830952,7.071068,9.219544,10.816654,12.529964,13.601471,14.317821,14.035669,13.0,10.198039,7.615773,3.162278,5.0,10.198039,16.0,20.223748,23.537205,25.298221,13.892444,12.041595,11.401754,11.7047,12.0,13.341664,15.231546,17.0,18.027756,18.601075,18.601075,17.804494,16.401219,15.620499,14.21267,12.041595,10.630146,8.062258,8.246211,8.246211,9.848858,13.601471,15.620499,18.439089,20.518285,21.260292,8.062258,8.602325,8.544004,10.049876,11.045361,12.369317,13.928388,15.652476,16.124515,17.492856,17.492856,18.867962,18.35756,18.35756,18.35756,16.124515,14.764823,11.661904,7.81025,4.472136,5.0,9.433981,13.416408,16.552945,20.124612,21.954498,11.401754,13.453624,15.620499,16.643317,17.0,16.155494,13.601471,11.18034,9.0,5.09902,2.828427,2.236068,4.123106,7.0,10.0,12.165525,13.341664,15.524175,16.763055,18.027756,18.384776,18.384776,17.088007,15.811388,13.601471,11.045361,13.601471,14.866069,15.620499,16.401219,15.620499,15.0,14.422205,12.529964,11.18034,9.848858,8.062258,6.403124,5.0,5.09902,6.082763,8.246211,10.77033,14.317821,17.088007,19.313208,21.18962,20.880613,20.880613,19.416488,18.248288,15.132746,13.601471,15.524175,15.524175,16.278821,15.297059,15.132746,13.152946,11.18034,9.219544,8.062258,6.403124,5.830952,6.082763,7.0,8.0,9.0,10.0,10.0,11.0,11.0,11.0,11.045361,11.0,11.18034,11.7047,11.18034
hoyeon_stand_normal_01,900,300,30.00163934426229,29.998360745314464,10,0.5345211625099182,0.652550220489502,-0.0648244470357894,0.9988545775413512,0.5363593697547913,0.6656665205955505,-0.0572799853980541,0.9976726174354552,0.5369104146957397,0.6662546396255493,-0.0572818517684936,0.997225821018219,0.5376023054122925,0.6669133305549622,-0.0572687201201915,0.99769526720047,0.5376065373420715,0.6666805148124695,-0.0807963982224464,0.998214840888977,0.5389146208763123,0.667773425579071,-0.0808197483420372,0.9982316493988036,0.5402798056602478,0.6687582731246948,-0.0808899849653244,0.998460590839386,0.5473906397819519,0.6662145256996155,-0.008726674132049,0.9946189522743224,0.5489584803581238,0.667615532875061,-0.1113856509327888,0.9980577230453492,0.5384504199028015,0.6405928730964661,-0.0433134175837039,0.9983901977539062,0.5400983095169067,0.641987144947052,-0.0741583481431007,0.9989352226257324,0.5579473376274109,0.5995814204216003,0.0658896267414093,0.9989613890647888,0.5663473010063171,0.6096674799919128,-0.159375712275505,0.9999165534973145,0.5531753897666931,0.503722071647644,0.0967041105031967,0.3201556801795959,0.5638686418533325,0.5082564949989319,-0.1862414330244064,0.981800138950348,0.5446674823760986,0.4338840246200561,0.0610196627676487,0.4457724094390869,0.550394594669342,0.4175199568271637,-0.1770336329936981,0.9594310522079468,0.5431669354438782,0.4061163961887359,0.0579073801636695,0.4161242544651031,0.5505931973457336,0.3929025828838348,-0.1954952925443649,0.9292641282081604,0.5410143733024597,0.4065160751342773,0.041471429169178,0.428163081407547,0.5467586517333984,0.3917038440704345,-0.1963976919651031,0.9295541048049928,0.5407311320304871,0.4170282483100891,0.0518436841666698,0.4119166135787964,0.5461782217025757,0.3997992277145386,-0.175735667347908,0.9067888855934144,0.5565668940544128,0.4205701053142547,0.0628177672624588,0.9961763620376588,0.5624890923500061,0.4261050522327423,-0.0628696456551551,0.996983289718628,0.555903434753418,0.2788028717041015,0.0609170384705066,0.4692921638488769,0.5597735643386841,0.2789990305900574,-0.0541943162679672,0.7776788473129272,0.5501169562339783,0.1379676461219787,0.100315622985363,0.5252119898796082,0.5504553318023682,0.135263130068779,-0.0130203012377023,0.815743625164032,0.5539189577102661,0.1114521548151969,0.0996175855398178,0.4858534038066864,0.5567142367362976,0.1013489589095115,-0.0127426870167255,0.668791651725769,0.5296423435211182,0.1183787062764167,0.0467598028481006,0.6468204259872437,0.5323674082756042,0.1063511595129966,-0.0758595317602157,0.836840808391571,hoyeon_stand_normal_01,8.485281,10.816654,12.206556,12.206556,12.206556,11.313708,11.401754,10.0,8.944272,7.28011,5.385165,4.123106,1.414214,1.414214,4.472136,7.211103,10.816654,13.601471,16.401219,18.439089,19.79899,19.209373,18.027756,14.317821,11.18034,8.246211,13.601471,14.866069,16.552945,17.464249,17.492856,16.643317,15.0,13.453624,10.630146,9.433981,8.246211,8.0,7.615773,8.944272,10.0,10.630146,12.727922,12.727922,14.142136,14.142136,14.142136,13.453624,11.401754,10.29563,8.246211,7.071068,7.071068,7.28011,8.062258,9.848858,12.206556,13.453624,16.278821,17.804494,19.209373,20.0,21.400935,21.400935,21.400935,21.400935,20.615528,19.104973,17.029386,12.806248,9.433981,6.0,6.403124,9.848858,14.317821,18.248288,22.203603,24.515301,12.083046,15.264338,17.204651,18.439089,18.439089,17.204651,15.264338,13.0,10.440307,7.071068,4.123106,2.0,4.242641,5.830952,8.544004,11.18034,13.152946,15.132746,17.029386,18.0,19.0,19.026298,18.027756,17.0,15.033296,11.401754,15.652476,14.764823,13.038405,11.401754,10.630146,9.848858,10.440307,12.165525,13.341664,14.317821,16.492423,18.027756,18.384776,19.235384,19.416488,19.209373,19.104973,17.691806,14.866069,11.313708,7.81025,6.082763,7.211103,10.630146,12.806248,16.401219,8.062258,6.403124,6.324555,7.0,9.486833,12.083046,15.231546,16.155494,17.088007,18.681542,18.681542,17.262677,16.278821,15.132746,14.142136,12.041595,12.165525,11.18034,11.7047,12.083046,12.529964,14.422205,15.264338,17.492856,18.027756,18.35756
hoyeon_stand_normal_01,903,301,30.10164480874317,29.998360745314464,10,0.5350114107131958,0.6524643898010254,-0.064389020204544,0.9988105893135072,0.5371447205543518,0.66556715965271,-0.0571340397000312,0.9975755214691162,0.5378609895706177,0.6662013530731201,-0.0571344047784805,0.9971100687980652,0.5386788249015808,0.6669036149978638,-0.0571210980415344,0.997605562210083,0.537979245185852,0.6664965152740479,-0.0803324431180954,0.9981369376182556,0.5391578078269958,0.6675916314125061,-0.080356977880001,0.998152196407318,0.540397584438324,0.6685839891433716,-0.080429308116436,0.9983891844749452,0.5482936501502991,0.6663001775741577,-0.0092085134238004,0.9944014549255372,0.5490007400512695,0.6675170660018921,-0.1114559546113014,0.997940480709076,0.5393132567405701,0.6407584547996521,-0.0431391149759292,0.9983323216438292,0.5405046939849854,0.6420770287513733,-0.0735795944929122,0.9988878965377808,0.558164656162262,0.5995979905128479,0.0648790523409843,0.9989661574363708,0.5666140913963318,0.6097424030303955,-0.1574982106685638,0.9999164342880248,0.5531915426254272,0.5035580992698669,0.0962351784110069,0.3082496225833893,0.5644668340682983,0.5081048607826233,-0.1841191500425338,0.982068121433258,0.5445823073387146,0.4338988959789276,0.0603871010243892,0.4450842142105102,0.5509016513824463,0.4175288379192352,-0.1759482473134994,0.9609044194221495,0.5430607199668884,0.4060532748699188,0.0572926290333271,0.414234459400177,0.5512169599533081,0.3928878307342529,-0.1948057115077972,0.9318442344665528,0.5411444902420044,0.4064277708530426,0.0408204048871994,0.426613301038742,0.5470613837242126,0.3916660845279693,-0.196234792470932,0.9318698644638062,0.5408208966255188,0.4169508814811706,0.0515379682183265,0.4088636636734009,0.5464458465576172,0.3997837007045746,-0.1750531643629074,0.9088364243507384,0.5565260648727417,0.4206718802452087,0.0623854212462902,0.9960569143295288,0.5623131990432739,0.4261593222618103,-0.0624332167208194,0.9968681931495668,0.5556509494781494,0.2788496315479278,0.0585156083106994,0.452591210603714,0.5597325563430786,0.2790093719959259,-0.053764171898365,0.7667536735534668,0.5500975251197815,0.1377032697200775,0.0992315113544464,0.5101794004440308,0.5505122542381287,0.1351815015077591,-0.0113777061924338,0.8103110194206238,0.5537911653518677,0.1103801503777504,0.0987088605761528,0.4829087853431701,0.5567755103111267,0.1011232659220695,-0.0110617019236087,0.6756166815757751,0.529721200466156,0.1179937049746513,0.0444422215223312,0.6369002461433411,0.5325257182121277,0.1071521937847137,-0.0746171697974205,0.8333396315574646,hoyeon_stand_normal_01,13.39282,13.5620345,12.1859005,10.74639,9.226812,8.600029,8.529304,9.0138785,8.7732985,8.3038495,8.3934595,7.9060535,7.826238,8.545333,9.586308,10.383925,11.603278,11.936823,11.240333,10.562306,13.4700415,15.8147795,17.719544499999998,18.0641595,17.3905935,17.0487115,11.870651,12.2169905,12.4200215,13.2872255,13.4790515,13.952237,14.3007355,13.846562,12.9866865,12.185363,11.5977915,11.156703,10.9229595,10.8191135,10.905243,10.9210305,10.575414,10.7042865,11.4105075,12.3909055,13.3007355,13.736646,14.0078375,14.096605,13.9624295,14.396230499999998,10.123051666666669,10.123051666666669,11.166860666666668,12.051831333333334,12.386688333333334,13.757728,14.236751333333332,13.791189666666666,14.768942,14.446785666666663,14.495259,14.51634066666667,14.825077333333336,15.770984666666669,16.171505666666665,16.179390333333334,15.845360666666664,14.436198,12.368324333333334,10.918975666666668,10.407278666666668,13.243391000000004,15.184982666666665,17.164285333333336,18.87168533333333,19.36161033333333,9.799410333333332,10.972521,12.109509,12.580574666666664,13.078012333333334,13.441501333333337,12.096614,11.210885333333335,9.564208333333331,8.254875666666667,6.354288666666666,4.922588666666666,5.962848,7.001416666666667,8.479214,9.145613,9.844021333333332,10.29057,10.79568,12.058671333333336,13.404927666666667,14.062277,14.257494,14.295028,13.609007666666663,12.092940333333331,16.368871,14.293185,12.6916295,10.848692,9.3267625,9.9746855,10.725815,11.693448,13.522695,15.472067,16.530303,17.719544499999998,18.6078715,19.708244,19.684983,19.71891,18.13666,17.044003500000002,14.6625215,11.44252,8.154234500000001,6.5163795,7.440659,10.975335,14.1231045,17.044003500000002,8.365746000000001,6.269578,5.701562,6.8023325,9.1374645,12.233327,14.293185,16.336796,17.528571,17.916125,18.402247,17.616203499999997,16.1907905,14.512595,13.33605,12.841455,11.9137145,10.9310075,11.3358705,11.7396165,12.27735,13.683234,15.2620875,16.932734,17.7342375,18.132385
hoyeon_stand_normal_01,906,302,30.201650273224043,29.998360745314464,10,0.5354333519935608,0.6526839733123779,-0.0675176829099655,0.9987965822219848,0.5379409790039062,0.6657022833824158,-0.059483490884304,0.9975411295890808,0.5387471914291382,0.6662873029708862,-0.0594861842691898,0.9970656633377076,0.5396208167076111,0.6669491529464722,-0.0594766028225421,0.9975686073303224,0.5385244488716125,0.6666820645332336,-0.0812517553567886,0.998113214969635,0.5396202802658081,0.6677665710449219,-0.0812693834304809,0.9981287121772766,0.5407836437225342,0.6687444448471069,-0.0813293009996414,0.9983682632446288,0.5490068793296814,0.6663722991943359,-0.0109016150236129,0.9943254590034484,0.5493074655532837,0.6675817966461182,-0.1180479228496551,0.9979128241539,0.5398672819137573,0.6407899856567383,-0.0453533753752708,0.9983196258544922,0.5407925248146057,0.6421894431114197,-0.0740056335926055,0.9988813400268556,0.5579916834831238,0.5996131896972656,0.0632035210728645,0.9989585280418396,0.5666912198066711,0.6098811030387878,-0.1626052409410476,0.9999171495437622,0.553132176399231,0.5035787224769592,0.0951655730605125,0.2957711815834045,0.5650675296783447,0.5083475112915039,-0.1901930868625641,0.9825426936149596,0.5445813536643982,0.4338540434837341,0.0578588433563709,0.4394311010837555,0.5516147017478943,0.418171614408493,-0.1811200976371765,0.9623876214027404,0.542938768863678,0.4060301184654236,0.053883034735918,0.4080826044082641,0.5519191026687622,0.3934386968612671,-0.2007448077201843,0.9342855215072632,0.541106104850769,0.4063606262207031,0.0371455363929271,0.4207309186458587,0.5475276708602905,0.3922559320926666,-0.2028650492429733,0.9340670108795166,0.5408180356025696,0.4168980121612549,0.0486316531896591,0.4023306667804718,0.5469027757644653,0.4003359377384186,-0.1804922074079513,0.9108670353889464,0.5564157962799072,0.4208827614784241,0.0615606345236301,0.9959633946418762,0.5622918605804443,0.4263033270835876,-0.0616047829389572,0.9967973828315736,0.55538010597229,0.2794946730136871,0.0613545291125774,0.437581717967987,0.5596516132354736,0.2793483138084411,-0.0527923554182052,0.7586493492126465,0.5500516891479492,0.1377260833978653,0.1039235591888427,0.4960493445396423,0.5506325960159302,0.1351786851882934,-0.006887562572956,0.8062430024147034,0.5536997318267822,0.1103511825203895,0.1036182790994644,0.4794872999191284,0.5569839477539062,0.1011594161391258,-0.0063581997528672,0.6818236112594604,0.5297549366950989,0.1177354753017425,0.0504765324294567,0.6284768581390381,0.5328346490859985,0.1076882630586624,-0.0721859037876129,0.831010639667511,hoyeon_stand_normal_01,12.041595,12.806248,14.21267,13.453624,12.727922,11.401754,10.0,8.062258,6.708204,5.385165,3.162278,1.414214,2.828427,5.656854,7.81025,10.630146,14.21267,17.204651,18.867962,20.124612,20.615528,18.973666,17.464249,13.152946,9.055385,5.0,14.422205,15.620499,15.620499,15.556349,14.866069,13.601471,12.529964,11.18034,9.219544,8.0,8.246211,8.944272,8.602325,9.219544,10.630146,11.313708,11.313708,12.041595,12.041595,12.041595,11.401754,10.816654,8.944272,8.062258,8.246211,8.944272,17.464249,17.088007,15.811388,15.524175,14.317821,12.165525,10.049876,9.0,7.071068,5.385165,3.605551,4.0,5.385165,7.81025,9.899495,13.453624,15.620499,18.439089,19.849433,21.260292,22.671568,21.931712,21.213203,18.384776,16.278821,12.727922,5.0,3.162278,2.236068,2.236068,3.605551,6.324555,8.062258,9.0,10.049876,11.045361,11.18034,11.401754,10.440307,9.486833,7.615773,6.708204,5.385165,3.605551,1.414214,1.0,3.162278,6.708204,8.944272,11.18034,13.416408,15.652476,13.038405,15.0,15.0,15.0,15.033296,15.033296,14.142136,12.165525,10.440307,9.219544,7.071068,6.082763,5.09902,5.0,5.830952,7.615773,10.440307,13.341664,15.524175,17.720045,18.973666,20.248457,19.697716,18.788294,16.124515,13.892444,13.0,14.317821,16.552945,17.0,16.124515,14.764823,13.038405,11.18034,9.486833,7.28011,6.0,6.324555,5.830952,7.071068,7.81025,8.602325,9.219544,10.630146,10.630146,10.630146,11.313708,11.401754,11.401754,10.816654,10.77033,11.401754
hoyeon_stand_normal_01,909,303,30.30165573770492,29.998360745314464,10,0.5358745455741882,0.6527509689331055,-0.066897265613079,0.9987639784812928,0.5385690331459045,0.6657933592796326,-0.0594290234148502,0.9974544048309326,0.5394107103347778,0.6664093136787415,-0.0594310797750949,0.9969550371170044,0.5403064489364624,0.6670953035354614,-0.0594178363680839,0.9974817633628844,0.5390129685401917,0.6667206287384033,-0.0822259187698364,0.9980490803718568,0.5400386452674866,0.6678276062011719,-0.0822479277849197,0.998063027858734,0.5411356091499329,0.6688140630722046,-0.0823158919811248,0.9983120560646056,0.5494825839996338,0.6665250658988953,-0.010930991731584,0.9941142797470092,0.5494917631149292,0.6675965785980225,-0.1178674474358558,0.9978241324424744,0.5403411388397217,0.6410526633262634,-0.0450775176286697,0.9982748031616212,0.5411169528961182,0.6422947645187378,-0.0750000923871994,0.9988483786582948,0.5582339763641357,0.5997723340988159,0.062990166246891,0.9989566802978516,0.5667293071746826,0.6102798581123352,-0.1611822992563247,0.9999178051948548,0.5535176396369934,0.5036108493804932,0.0952790901064872,0.2850265204906463,0.5654237270355225,0.5101190209388733,-0.1901559680700302,0.9830167293548584,0.5449088215827942,0.4334396123886108,0.0574071258306503,0.4387239813804626,0.5519987940788269,0.4200145006179809,-0.1853580623865127,0.9641064405441284,0.5432706475257874,0.4057941734790802,0.0533359535038471,0.4064325988292694,0.5525806546211243,0.394893079996109,-0.2056800574064254,0.9371677041053772,0.5416198372840881,0.4060191214084625,0.0362599715590477,0.4193595945835113,0.5479050278663635,0.3933089971542358,-0.2076779752969741,0.9367725253105164,0.5411041975021362,0.4165352582931518,0.0479874536395072,0.399957537651062,0.5472790002822876,0.4014310836791992,-0.184799388051033,0.9137102365493774,0.5563440322875977,0.4209220707416534,0.0612187273800373,0.995849072933197,0.5621878504753113,0.4266014695167541,-0.0612631402909755,0.9967042803764344,0.555241048336029,0.2795069515705108,0.059937797486782,0.4250411987304687,0.5597332715988159,0.2793500125408172,-0.0529967732727527,0.7511604428291321,0.549896240234375,0.1375756114721298,0.1026654168963432,0.4827829301357269,0.5504239201545715,0.1351754963397979,-0.0067126126959919,0.8020714521408081,0.5533093214035034,0.1104188114404678,0.1023763492703437,0.4765048027038574,0.5569659471511841,0.1013426110148429,-0.0061719068326056,0.6873323321342468,0.529463529586792,0.1175355538725853,0.0485594980418682,0.6200345754623413,0.5331676602363586,0.1082376688718795,-0.0730662196874618,0.8283271789550781,hoyeon_stand_normal_01,13.341664,10.440307,8.062258,5.656854,5.385165,7.0,8.062258,10.049876,11.0,12.041595,13.152946,13.601471,13.928388,13.416408,12.206556,10.630146,8.485281,5.656854,1.0,5.09902,10.440307,16.278821,20.223748,24.083189,26.019224,27.018512,7.615773,9.055385,10.049876,11.401754,13.0,14.317821,14.764823,15.264338,15.264338,14.422205,13.601471,12.206556,10.630146,9.219544,7.81025,8.062258,8.246211,9.0,10.049876,12.165525,14.56022,16.492423,17.720045,18.681542,19.646883,18.439089,7.0,7.211103,8.602325,11.18034,12.369317,14.142136,16.03122,17.0,19.026298,20.099751,20.099751,21.213203,21.095023,21.095023,21.095023,19.104973,17.117243,14.142136,10.198039,5.830952,6.082763,7.615773,12.806248,17.029386,21.260292,23.430749,12.041595,14.035669,17.117243,17.464249,18.027756,17.0,15.0,12.041595,9.219544,6.708204,4.0,2.828427,5.0,6.708204,9.433981,11.401754,12.727922,14.866069,17.029386,17.204651,17.804494,17.204651,17.204651,15.0,12.727922,10.0,13.892444,14.422205,15.811388,15.264338,16.643317,14.764823,14.317821,12.083046,10.77033,9.486833,7.615773,6.403124,5.656854,5.385165,6.0,9.219544,11.401754,14.866069,16.763055,18.681542,20.615528,21.377558,20.396078,19.235384,18.027756,15.033296,13.152946,14.035669,15.033296,16.03122,15.0,15.0,13.0,11.0,9.055385,7.28011,5.830952,5.656854,6.324555,6.324555,8.062258,9.055385,9.055385,10.049876,11.18034,11.045361,11.045361,11.045361,11.045361,11.045361,11.18034,11.7047
hoyeon_stand_normal_01,912,304,30.401661202185792,29.998360745314464,10,0.5361038446426392,0.652894914150238,-0.066274419426918,0.9987175464630128,0.5388312935829163,0.6658855080604553,-0.0589926727116107,0.9973457455635072,0.5396847128868103,0.6664784550666809,-0.0589938387274742,0.9968135356903076,0.540587842464447,0.6671393513679504,-0.0589790232479572,0.9973738789558412,0.5392484068870544,0.6668310761451721,-0.0822823792695999,0.9979684948921204,0.5402631759643555,0.667930543422699,-0.0823069289326667,0.997980535030365,0.5413506031036377,0.6689080595970154,-0.0823796615004539,0.998244047164917,0.5497192144393921,0.6666278839111328,-0.0106104929000139,0.9938459992408752,0.5496686100959778,0.6676226854324341,-0.1176573857665062,0.9977154731750488,0.5406388640403748,0.6411613821983337,-0.0445591174066066,0.9982226490974426,0.541368842124939,0.64231938123703,-0.0751073434948921,0.9988096356391908,0.5582684874534607,0.599802553653717,0.0633428245782852,0.9989566206932068,0.5667851567268372,0.6104695796966553,-0.1606097817420959,0.9999184012413024,0.5534976124763489,0.503601610660553,0.0964569747447967,0.2760792970657348,0.5656203627586365,0.5101705193519592,-0.1901303082704544,0.9834020137786864,0.5449877381324768,0.4327255189418793,0.0584201328456401,0.439559668302536,0.5529089570045471,0.4199465215206146,-0.1870950907468795,0.9656617045402528,0.5433563590049744,0.4051062166690826,0.0546235404908657,0.4060653448104858,0.5549081563949585,0.3948197066783905,-0.2076341956853866,0.9397994875907898,0.5418598651885986,0.4050676226615906,0.0371815972030162,0.4192293286323547,0.5486522316932678,0.3932868540287018,-0.2098422199487686,0.939253568649292,0.5412673354148865,0.4157711565494537,0.0489050149917602,0.3988675773143768,0.5477626919746399,0.401401937007904,-0.1866600960493087,0.916342794895172,0.5562219619750977,0.4207929074764251,0.0608345605432987,0.9957262277603148,0.5622339248657227,0.4265218377113342,-0.0608775503933429,0.9965993165969848,0.5551217794418335,0.2793134152889251,0.0592514649033546,0.4121049046516418,0.5596961379051208,0.2791085839271545,-0.0532303899526596,0.7433275580406189,0.5498696565628052,0.1374640017747879,0.1018288284540176,0.4688408076763153,0.5503817200660706,0.1351740360260009,-0.0068086832761764,0.7968506813049316,0.5532122850418091,0.1106130927801132,0.1015201136469841,0.4732650220394134,0.5568540096282959,0.1013880595564842,-0.0062730475328862,0.6915662884712219,0.5292308330535889,0.1174216195940971,0.0476289130747318,0.6100854873657227,0.5331597924232483,0.1090998947620391,-0.0737214609980583,0.8247320055961609,hoyeon_stand_normal_01,12.041595,9.219544,7.615773,5.656854,5.385165,7.071068,8.062258,10.049876,10.198039,11.401754,11.7047,12.529964,12.206556,12.041595,10.630146,9.219544,7.211103,3.605551,1.0,5.09902,10.049876,15.033296,19.026298,22.090722,23.345235,23.769729,7.071068,9.055385,10.198039,11.7047,13.416408,14.764823,14.764823,14.764823,14.764823,13.892444,13.038405,11.661904,10.0,9.219544,7.81025,8.062258,8.246211,10.049876,11.0,13.038405,14.142136,16.124515,18.11077,18.11077,18.027756,17.029386,8.062258,8.544004,9.219544,10.630146,12.529964,14.317821,14.866069,16.492423,17.464249,18.248288,19.235384,19.235384,19.235384,19.235384,18.248288,17.262677,15.297059,12.165525,9.0,6.324555,4.472136,8.062258,11.7047,16.155494,18.384776,20.248457,11.045361,13.038405,14.317821,15.524175,15.231546,13.892444,12.806248,9.899495,8.062258,5.09902,3.605551,4.123106,5.09902,8.062258,9.219544,12.041595,12.727922,14.21267,15.811388,16.643317,16.643317,16.124515,14.422205,13.601471,11.313708,10.0,16.0778675,14.5842075,13.0178345,10.5476185,9.3710215,9.2255915,9.609772,11.065181,12.467239,13.8718035,15.949660000000002,17.0416575,18.279884,19.3628435,19.7103995,18.88098,18.4119325,17.012866000000002,13.8718035,10.8103235,7.1619885,5.064495,6.203659,10.332756,13.5089395,16.878798,8.866522,7.035534,5.385165,6.117038,9.196431,11.7748285,13.8297425,15.894741,17.106234,17.873900499999998,17.7460025,17.464249,16.326238,14.578391,13.211204,12.095934,11.661904,10.77033,10.5957665,10.7998965,11.5827625,13.5178345,15.016648,16.530303,17.555385,18.013878
hoyeon_stand_normal_01,915,305,30.501666666666665,29.998360745314464,10,0.5362569689750671,0.6530508399009705,-0.0674174726009368,0.9986935257911682,0.5389748811721802,0.6660337448120117,-0.0598970167338848,0.9972901344299316,0.5398250818252563,0.6666178107261658,-0.0598990991711616,0.9967412352561952,0.5407195687294006,0.6672654151916504,-0.0598852708935737,0.9973240494728088,0.539397656917572,0.6669674515724182,-0.0827441662549972,0.997928023338318,0.5404233932495117,0.6680483222007751,-0.082768015563488,0.9979390501976012,0.541526734828949,0.6690096259117126,-0.0828370302915573,0.9982076287269592,0.5498513579368591,0.6666508316993713,-0.011086756363511,0.9937222599983216,0.5499114394187927,0.6676715612411499,-0.1193763092160224,0.997651755809784,0.540840208530426,0.6412636637687683,-0.0454402901232242,0.9982016086578368,0.5415716171264648,0.6424450874328613,-0.0753930285573005,0.998790442943573,0.5582161545753479,0.5998139977455139,0.063220091164112,0.9989581108093262,0.5669063925743103,0.6105297803878784,-0.1622089445590973,0.9999189376831056,0.5534527897834778,0.503616452217102,0.097174160182476,0.2687529027462005,0.5659422278404236,0.5101554989814758,-0.1925370395183563,0.9837490916252136,0.5448992252349854,0.4325578808784485,0.0613991096615791,0.4408604800701141,0.5536827445030212,0.4195505380630493,-0.1913444995880127,0.966996967792511,0.5432774424552917,0.4049887359142303,0.0583003014326095,0.4061131179332733,0.5560937523841858,0.3944959342479706,-0.2120256274938583,0.942063808441162,0.5417611598968506,0.4049005806446075,0.0403514020144939,0.4196138978004455,0.5488983988761902,0.3927580118179321,-0.2145046293735504,0.9413816332817078,0.541051983833313,0.4156792461872101,0.0517981871962547,0.3985204696655273,0.5478755235671997,0.4010574221611023,-0.191083088517189,0.9185163974761964,0.5561450123786926,0.4208542704582214,0.0607177130877971,0.9956375360488892,0.5622792840003967,0.4266058802604675,-0.0607582107186317,0.9965180158615112,0.5550304055213928,0.2795401811599731,0.0590162053704261,0.3991819322109222,0.5597417950630188,0.2794141173362732,-0.053468819707632,0.7370340824127197,0.5498446226119995,0.1373877674341201,0.1012613698840141,0.4554578959941864,0.5504757761955261,0.1351706683635711,-0.0080542657524347,0.7929564118385315,0.5529690384864807,0.1106878072023391,0.1009448766708374,0.4690073132514953,0.5569333434104919,0.1014445573091507,-0.0076856752857565,0.6959096789360046,0.5289915204048157,0.1173869967460632,0.047075018286705,0.600716233253479,0.5329216122627258,0.1096264645457267,-0.0746511965990066,0.8220893740653992,hoyeon_stand_normal_01,12.041595,9.433981,7.071068,7.615773,7.81025,10.630146,12.041595,13.453624,14.866069,15.264338,14.764823,15.231546,15.524175,14.317821,12.165525,10.049876,7.0,3.162278,2.236068,7.81025,13.601471,19.416488,24.207437,27.658633,29.0,28.319605,7.071068,8.544004,10.816654,12.806248,14.866069,14.866069,15.556349,15.556349,14.866069,13.453624,12.206556,10.0,8.944272,7.28011,7.0,7.28011,8.944272,10.816654,12.041595,14.866069,17.691806,19.104973,21.260292,21.260292,19.849433,17.691806,18.601075,18.027756,17.492856,16.124515,14.764823,13.928388,11.7047,9.219544,8.062258,6.0,4.123106,3.605551,4.0,6.324555,9.433981,11.401754,14.21267,16.401219,19.209373,20.0,20.808652,20.808652,19.416488,17.492856,15.264338,11.661904,6.324555,4.472136,3.605551,3.162278,4.242641,6.324555,8.062258,9.0,10.049876,10.440307,10.440307,9.848858,8.944272,8.062258,6.708204,5.0,3.605551,1.414214,1.414214,3.605551,5.830952,8.602325,11.401754,14.21267,15.620499,17.804494,13.601471,15.0,15.620499,15.620499,16.401219,15.811388,13.892444,12.529964,11.18034,8.944272,8.062258,6.708204,4.242641,4.123106,6.082763,8.544004,10.77033,13.416408,16.552945,18.384776,20.615528,21.18962,20.880613,19.646883,17.464249,14.317821,14.317821,16.155494,16.763055,17.720045,17.464249,15.524175,14.56022,12.649111,10.440307,8.062258,7.071068,6.403124,6.324555,7.071068,8.0,9.0,10.0,11.0,12.0,11.045361,12.041595,12.0,11.045361,11.045361,11.401754,11.18034
hoyeon_stand_normal_01,918,306,30.60167213114754,29.998360745314464,10,0.5364199280738831,0.6531442999839783,-0.0662790685892105,0.998631238937378,0.5391122698783875,0.6661287546157837,-0.0589099861681461,0.9971669316291808,0.5399534106254578,0.6667212843894958,-0.0589116401970386,0.9965843558311462,0.5408338904380798,0.6673752665519714,-0.0588980242609977,0.9972038865089417,0.5395206809043884,0.6670362949371338,-0.0822427943348884,0.9978331327438354,0.5405318140983582,0.6681031584739685,-0.0822674036026001,0.9978417158126832,0.5416128635406494,0.6690529584884644,-0.082340195775032,0.9981278777122498,0.549922525882721,0.6667325496673584,-0.0103375967592,0.9934138059616088,0.549991250038147,0.6677237749099731,-0.1191034615039825,0.9975244402885436,0.5410361886024475,0.6414171457290649,-0.0445032194256782,0.9981224536895752,0.541770339012146,0.6425735950469971,-0.0750641152262687,0.9987345337867736,0.5582693815231323,0.5998368263244629,0.0640885010361671,0.998945951461792,0.5669251680374146,0.6105843186378479,-0.1612434834241867,0.999918520450592,0.5534161329269409,0.5037890672683716,0.0984564647078514,0.2599824965000152,0.5661763548851013,0.5100512504577637,-0.19076968729496,0.9839228987693788,0.5448797941207886,0.4327914416790008,0.0621556788682937,0.4380623698234558,0.5540865063667297,0.41933074593544,-0.188027873635292,0.9679524302482604,0.5431676506996155,0.4052146971225738,0.0591495409607887,0.4028775095939636,0.5566233396530151,0.3943867981433868,-0.2083935439586639,0.9437416791915894,0.5416761040687561,0.4052484035491943,0.0412822254002094,0.4165629744529724,0.5490650534629822,0.3926672339439392,-0.2109518945217132,0.9429200887680054,0.540969967842102,0.4158833026885986,0.0525583028793334,0.3949588239192962,0.5480012893676758,0.4009998142719269,-0.1877829581499099,0.9199724197387696,0.556698203086853,0.4208804070949554,0.0607359148561954,0.9954996109008788,0.5623725652694702,0.4265685379505157,-0.0607745833694934,0.9963963627815248,0.5549555420875549,0.2795533835887909,0.0592523552477359,0.3866683542728424,0.5596911907196045,0.2794492542743683,-0.0538262240588665,0.7301579713821411,0.5498338341712952,0.1372329592704773,0.1009905114769935,0.4432568550109863,0.5502654314041138,0.1350456625223159,-0.008431801572442,0.7885751128196716,0.5528862476348877,0.110761784017086,0.1006399095058441,0.4659806191921234,0.5567909479141235,0.1015131399035453,-0.008038830012083,0.6995024085044861,0.5289273858070374,0.1173248589038848,0.0471234396100044,0.591748058795929,0.532760500907898,0.1100044474005699,-0.0748559981584549,0.8190991282463074,hoyeon_stand_normal_01,9.848858,7.0,5.0,6.708204,9.055385,11.045361,13.152946,14.317821,14.56022,15.231546,14.764823,14.422205,13.601471,13.453624,11.313708,9.219544,5.656854,2.236068,4.0,10.049876,15.033296,21.095023,25.019992,28.017851,29.0,28.071338,7.28011,9.433981,11.401754,13.453624,14.866069,15.620499,15.620499,15.620499,15.0,13.601471,11.661904,9.433981,7.615773,6.082763,5.385165,6.403124,7.81025,10.0,12.529964,14.764823,17.0,18.35756,19.723083,19.723083,18.867962,16.124515,7.615773,8.062258,10.198039,10.77033,12.529964,13.601471,14.866069,14.866069,16.401219,17.204651,18.027756,18.027756,18.867962,18.027756,17.492856,16.643317,13.892444,11.661904,7.615773,5.0,4.472136,8.0,12.165525,15.297059,19.416488,21.377558,12.041595,14.21267,15.811388,16.124515,16.155494,15.524175,13.038405,10.049876,7.28011,5.0,4.123106,4.472136,6.403124,8.944272,11.401754,12.165525,14.035669,16.0,17.0,17.029386,17.029386,17.117243,15.033296,13.0,11.045361,8.544004,16.552945,15.231546,13.0,10.816654,9.219544,8.602325,9.848858,10.440307,12.369317,13.601471,15.811388,16.552945,18.35756,19.416488,19.209373,19.104973,18.439089,17.029386,15.0,11.401754,8.485281,6.082763,6.708204,9.899495,12.806248,16.401219,8.944272,7.211103,5.830952,6.0,8.544004,12.083046,14.317821,16.155494,17.464249,18.681542,18.439089,18.248288,16.124515,15.033296,14.0,13.0,12.041595,11.045361,10.198039,10.440307,12.083046,13.416408,14.764823,16.124515,17.888544,17.888544
hoyeon_stand_normal_01,921,307,30.70167759562841,29.998360745314464,10,0.5365535020828247,0.6531558632850647,-0.0642315074801445,0.9985926747322084,0.5392058491706848,0.6661214232444763,-0.0568477399647235,0.9970932006835938,0.5400427579879761,0.6667320132255554,-0.0568489506840705,0.996490716934204,0.5409166216850281,0.6674062609672546,-0.0568356923758983,0.9971346259117126,0.5395976305007935,0.6670176982879639,-0.080383114516735,0.9977738857269288,0.5405938029289246,0.6680899262428284,-0.0804071575403213,0.9977787733078004,0.5416481494903564,0.6690471768379211,-0.0804806798696518,0.998075544834137,0.5499798655509949,0.6667997241020203,-0.0084931440651416,0.9932377934455872,0.5500267744064331,0.6677605509757996,-0.1167804822325706,0.997437059879303,0.5412208437919617,0.6415321230888367,-0.0426243394613266,0.9980738759040833,0.5419589877128601,0.6426609754562378,-0.0734555348753929,0.9986957907676696,0.5584072470664978,0.5998559594154358,0.0659932196140289,0.998949646949768,0.566961944103241,0.6105901002883911,-0.1608073413372039,0.999918520450592,0.55344557762146,0.5039122700691223,0.1013624742627143,0.2532884776592254,0.566481351852417,0.5098623037338257,-0.1894014179706573,0.9840790629386902,0.5448119044303894,0.433256983757019,0.0658901035785675,0.4384817481040954,0.5542279481887817,0.4191058278083801,-0.1868016868829727,0.9688321948051452,0.5429678559303284,0.4056660830974579,0.0633785054087638,0.4025741517543793,0.5567976832389832,0.3942852616310119,-0.2071590721607208,0.9453067779541016,0.5414507985115051,0.4058514237403869,0.0454274341464042,0.4164917469024658,0.5491338968276978,0.3925844728946686,-0.210100308060646,0.9443724751472472,0.5407975316047668,0.4163128733634949,0.0563175939023494,0.3941757082939148,0.5480906367301941,0.4009416401386261,-0.1867241114377975,0.9213783740997314,0.5573431253433228,0.4208995997905731,0.0609484240412712,0.9953977465629578,0.5624398589134216,0.4265680611133575,-0.0609870105981826,0.9963008761405944,0.55491042137146,0.2794950604438782,0.0592865087091922,0.3759982883930206,0.559587836265564,0.2794090509414673,-0.0550226047635078,0.725121796131134,0.5498257279396057,0.1371860057115554,0.1007627174258232,0.4328236281871795,0.5499326586723328,0.1350052207708358,-0.0100304055958986,0.7857574820518494,0.552763819694519,0.1109412983059883,0.1004292070865631,0.4641551673412323,0.5564693808555603,0.101560041308403,-0.0096135614439845,0.7038246393203735,0.5288134217262268,0.1174209043383598,0.0468418672680854,0.5840245485305786,0.5325415730476379,0.1105701252818107,-0.0758393183350563,0.8172122240066528,hoyeon_stand_normal_01,19.697716,20.248457,20.248457,18.973666,16.492423,13.341664,11.18034,8.062258,5.0,2.236068,2.0,4.242641,6.403124,9.219544,12.806248,15.264338,18.35756,20.124612,21.023796,21.540659,19.924859,17.720045,14.317821,9.055385,4.123106,2.828427,11.401754,11.661904,10.29563,9.486833,8.062258,6.082763,5.830952,5.830952,7.28011,9.055385,10.049876,11.0,12.0,13.0,12.0,12.0,12.0,11.0,10.049876,9.055385,7.615773,6.403124,7.28011,10.049876,13.341664,16.155494,17.804494,18.601075,16.643317,16.124515,13.416408,12.083046,10.440307,8.246211,6.0,4.123106,2.828427,3.0,4.472136,7.071068,9.899495,12.041595,15.620499,17.029386,19.849433,21.260292,22.022716,22.022716,21.260292,17.691806,15.556349,12.041595,6.403124,5.0,4.0,5.0,6.324555,8.062258,9.055385,10.198039,11.7047,12.083046,11.661904,10.816654,10.0,8.602325,7.81025,6.403124,4.242641,2.828427,3.605551,6.403124,9.219544,12.041595,14.866069,16.278821,17.029386,8.744138,16.124515,15.132746,13.152946,11.401754,9.848858,9.219544,9.219544,10.816654,12.529964,14.422205,15.811388,17.029386,18.384776,19.209373,19.416488,19.723083,18.788294,17.464249,15.231546,12.083046,8.602325,5.830952,7.071068,9.848858,13.038405,15.811388,8.246211,6.708204,5.656854,6.324555,9.0,11.18034,14.317821,16.278821,17.117243,18.027756,18.0,17.029386,16.124515,15.297059,13.341664,12.369317,11.18034,11.045361,11.045361,11.045361,12.165525,13.341664,14.56022,16.492423,17.464249,18.439089
hoyeon_stand_normal_01,924,308,30.80168306010929,29.998360745314464,10,0.5365877747535706,0.6531879305839539,-0.0649433135986328,0.9985592365264891,0.5392361283302307,0.6661537289619446,-0.0574172250926494,0.9970356225967408,0.5400786995887756,0.6667757034301758,-0.0574179105460643,0.9964259266853333,0.5409553050994873,0.6674595475196838,-0.0574035681784153,0.997087299823761,0.5396288633346558,0.6670432090759277,-0.081024132668972,0.9977265000343324,0.5406484007835388,0.6681174635887146,-0.0810478925704956,0.9977315068244934,0.5417343378067017,0.6690763831138611,-0.0811205729842186,0.9980307817459106,0.5500357151031494,0.6668272018432617,-0.0084400959312915,0.9930914044380188,0.5500883460044861,0.6677792072296143,-0.1167649328708648,0.9973657727241516,0.5413358807563782,0.6416152119636536,-0.0431364066898822,0.9980314373970032,0.5420516133308411,0.6427320837974548,-0.0740517824888229,0.9986609816551208,0.5589295625686646,0.6000565886497498,0.0677164942026138,0.9989509582519532,0.5670056939125061,0.610619068145752,-0.1616903096437454,0.9999194145202636,0.5538176894187927,0.5040159225463867,0.1033844202756881,0.2453104108572006,0.5670127868652344,0.5097673535346985,-0.1930468082427978,0.9842682480812072,0.5449618101119995,0.4332470297813415,0.0683804005384445,0.4354058802127838,0.5549215078353882,0.4184856414794922,-0.1918747872114181,0.9695776700973512,0.542998194694519,0.4056738615036011,0.0666743367910385,0.399512767791748,0.5574827790260315,0.3938856422901153,-0.2131361365318298,0.9466589093208312,0.5414212346076965,0.4058361053466797,0.0480215810239315,0.4135103225708008,0.549560546875,0.3921668529510498,-0.2148358523845672,0.945599377155304,0.5408405065536499,0.4162984788417816,0.0585851483047008,0.3910549879074096,0.5485348105430603,0.4006160199642181,-0.1913921386003494,0.9224556088447572,0.5582430362701416,0.4208826720714569,0.0638185441493988,0.9953616857528688,0.5624703168869019,0.4265702366828918,-0.0638625547289848,0.9962579011917114,0.5548664331436157,0.2793211340904236,0.0632033795118331,0.3661216497421264,0.5593578815460205,0.2792874872684479,-0.0570269338786602,0.7280411720275879,0.549809992313385,0.1372992396354675,0.1042782813310623,0.4251405298709869,0.549854576587677,0.1350359171628952,-0.013205119408667,0.7889652252197266,0.5527439713478088,0.1111745834350586,0.1038014367222786,0.4654484391212463,0.5563881993293762,0.1015588864684104,-0.0130444262176752,0.7129405736923218,0.5284464955329895,0.1180948615074157,0.0513789504766464,0.5795925259590149,0.5320642590522766,0.1115391328930854,-0.0799078717827797,0.8198368549346924,hoyeon_stand_normal_01,7.8390155,4.7541355,4.297621,7.071068,9.96357,12.509214,14.1231045,15.410617,16.201667999999998,16.0778675,16.015610000000002,15.016648,14.176745,12.7611315,10.9210305,7.930992,4.611063,1.2071070000000002,5.328427,10.630146,16.278821,21.2367475,25.475471,28.6421355,29.0,28.301938,7.175589,8.9998285,11.9137145,13.678113,15.2620875,16.191777000000002,16.191777000000002,15.715943500000002,14.070529,12.5207975,9.8741765,7.936254,5.743903,4.297621,4.297621,5.0,7.7130115,9.924429,12.843758,15.0652035,17.760306,19.364848,20.248457,20.086658,18.920814,15.537863000000002,6.708204,7.211103,8.544004,10.049876,12.041595,13.152946,13.601471,15.231546,15.652476,16.124515,17.492856,18.027756,18.027756,17.804494,17.204651,16.401219,14.21267,11.313708,7.81025,5.09902,4.242641,8.246211,12.041595,16.0,20.024984,22.022716,12.041595,14.317821,15.811388,16.552945,16.124515,15.0,14.142136,10.816654,8.544004,6.0,5.0,5.09902,7.071068,8.544004,10.29563,12.206556,14.21267,15.620499,17.691806,16.970563,18.384776,16.970563,15.556349,13.453624,11.401754,8.944272,18.027756,16.763055,14.866069,12.529964,10.816654,9.899495,10.816654,12.083046,13.0,15.231546,17.0,18.35756,19.416488,20.615528,21.213203,21.260292,20.808652,18.601075,16.124515,13.038405,9.899495,7.615773,7.28011,11.401754,14.866069,17.691806,9.848858,7.211103,6.403124,7.071068,9.219544,11.7047,14.866069,17.720045,18.681542,19.416488,19.416488,18.11077,18.027756,16.0,15.033296,14.035669,13.0,12.0,11.045361,12.165525,13.341664,14.866069,16.155494,17.464249,19.313208,19.313208
hoyeon_stand_normal_01,927,309,30.901688524590163,29.998360745314464,10,0.5367509126663208,0.6531791687011719,-0.0653831362724304,0.9985361099243164,0.5393615365028381,0.6661368012428284,-0.0577973313629627,0.9969912767410278,0.5401977896690369,0.666774570941925,-0.0577980056405067,0.9963797926902772,0.5410693287849426,0.6674740314483643,-0.0577834136784076,0.997056484222412,0.539739191532135,0.6670186519622803,-0.0814453586935997,0.9976911544799804,0.5407454967498779,0.6681009531021118,-0.0814688503742218,0.9976987242698668,0.5418165326118469,0.6690677404403687,-0.0815410763025283,0.9979954361915588,0.550132155418396,0.6668736338615417,-0.0085427062585949,0.9929741621017456,0.5501819849014282,0.6678093075752258,-0.1168849542737007,0.997304379940033,0.5415188670158386,0.6416857838630676,-0.0434903390705585,0.998002290725708,0.5422487258911133,0.6427850127220154,-0.0744417682290077,0.998632550239563,0.5592626929283142,0.6001278162002563,0.0686549246311187,0.998952329158783,0.56703782081604,0.6106432676315308,-0.16282819211483,0.999919891357422,0.5540624260902405,0.5040284991264343,0.1054372787475586,0.2384610176086425,0.5671908259391785,0.5095128417015076,-0.1949309855699539,0.984360933303833,0.5449855923652649,0.4332437813282013,0.0714335218071937,0.4341292679309845,0.5554583668708801,0.4177374243736267,-0.1940934509038925,0.9701693654060364,0.5429619550704956,0.405774176120758,0.0702522993087768,0.3981587588787079,0.5578483939170837,0.3931007087230682,-0.2157227993011474,0.9477791786193848,0.5413755774497986,0.405853658914566,0.0510958395898342,0.4123014211654663,0.5498970150947571,0.3913554549217224,-0.2169778943061828,0.9465887546539308,0.5408439040184021,0.4162868559360504,0.061494592577219,0.3896294236183166,0.5489386916160583,0.4000029265880584,-0.1934649497270584,0.923192858695984,0.5587430596351624,0.4208207130432129,0.0656718313694,0.9953709244728088,0.5625342726707458,0.4265722334384918,-0.0657151415944099,0.9962446093559264,0.554840624332428,0.2793104350566864,0.0650621578097343,0.3576670289039612,0.5592979788780212,0.2792903184890747,-0.0586622953414917,0.7332274913787842,0.5500591993331909,0.1374373435974121,0.1059791520237922,0.4196963310241699,0.5498684644699097,0.1350739300251007,-0.0154801523312926,0.7939154505729675,0.5530999302864075,0.1116787791252136,0.1054643914103508,0.4678083956241607,0.5564551949501038,0.1016626581549644,-0.0154647016897797,0.7225778698921204,0.5283498764038086,0.1185857430100441,0.0535369887948036,0.577297568321228,0.5317863821983337,0.1122513487935066,-0.0825358629226684,0.8238145112991333,hoyeon_stand_normal_01,6.324555,2.828427,3.162278,5.656854,8.062258,10.816654,12.206556,12.206556,13.453624,12.727922,12.806248,12.206556,10.816654,10.29563,8.544004,5.385165,2.236068,1.414214,5.0,10.0,15.0,19.026298,22.022716,24.083189,25.079872,24.186773,6.403124,7.81025,10.0,11.661904,13.038405,13.892444,13.892444,13.416408,12.529964,11.18034,8.544004,7.28011,5.09902,3.162278,3.605551,4.123106,6.082763,9.0,10.049876,13.038405,15.033296,16.03122,17.117243,16.124515,15.033296,13.152946,6.324555,8.485281,9.433981,10.77033,12.369317,14.035669,15.0,16.03122,16.124515,16.278821,17.464249,17.464249,17.464249,17.720045,16.763055,14.866069,13.0,10.77033,7.211103,4.472136,5.830952,8.602325,12.529964,17.0,20.124612,21.470911,11.18034,13.601471,15.231546,16.124515,16.401219,15.556349,12.806248,10.29563,8.246211,5.09902,5.0,5.0,7.28011,9.433981,11.401754,12.727922,14.866069,15.620499,17.204651,17.204651,18.027756,16.643317,15.264338,13.038405,10.630146,8.602325,16.643317,14.422205,13.038405,11.18034,9.486833,9.055385,9.055385,11.401754,12.369317,13.601471,15.297059,16.124515,18.027756,19.026298,19.104973,19.416488,18.681542,17.720045,14.866069,11.7047,8.062258,5.385165,5.830952,10.198039,13.152946,16.124515,8.602325,6.708204,5.0,5.830952,8.485281,10.816654,14.422205,15.811388,17.204651,17.804494,18.384776,17.691806,15.620499,15.0,13.601471,13.038405,11.661904,11.401754,9.219544,10.0,10.816654,12.529964,14.764823,15.652476,17.492856,17.492856
hoyeon_stand_normal_01,930,310,31.00169398907104,29.998360745314464,10,0.5370714664459229,0.6532000303268433,-0.063989445567131,0.998514711856842,0.5396416187286377,0.6661600470542908,-0.0565557554364204,0.996939182281494,0.5404555201530457,0.6668027639389038,-0.0565564595162868,0.996318221092224,0.5413090586662292,0.66750568151474,-0.0565425790846347,0.9970136284828186,0.5400392413139343,0.6670376062393188,-0.0803202614188194,0.9976511001586914,0.5410279631614685,0.6681190729141235,-0.08034248650074,0.9976595640182496,0.5420762300491333,0.6690840721130371,-0.0804157927632331,0.9979569911956788,0.5503000020980835,0.6669012308120728,-0.008027609437704,0.9928438067436218,0.5503217577934265,0.6678272485733032,-0.1163850352168083,0.99723219871521,0.5417588949203491,0.641726553440094,-0.0423557497560977,0.9979716539382936,0.5425340533256531,0.6428212523460388,-0.0735025033354759,0.9986025094985962,0.5595974326133728,0.6002123355865479,0.068449817597866,0.998960554599762,0.5671977996826172,0.6107310652732849,-0.1625094562768936,0.9999200105667114,0.5543361902236938,0.5040008425712585,0.1057724952697753,0.2347660064697265,0.5673492550849915,0.5093820095062256,-0.1934154033660888,0.9844937324523926,0.5450009703636169,0.4332903623580932,0.0722051113843917,0.4377769231796264,0.5557124018669128,0.4174772202968597,-0.1924688518047332,0.970963418483734,0.5429361462593079,0.4058760702610016,0.0708377137780189,0.4007529616355896,0.5581397414207458,0.3928100168704986,-0.2137062400579452,0.9491971731185912,0.5413395166397095,0.4058750569820404,0.0518784448504447,0.415158212184906,0.5502414703369141,0.3909246623516083,-0.2151799947023391,0.9479291439056396,0.5408352613449097,0.4162826240062713,0.0623675622045993,0.3918023109436035,0.5492860078811646,0.3996975719928741,-0.1918907463550567,0.9245160222053528,0.5587760210037231,0.4208695590496063,0.0650893375277519,0.9953677654266356,0.5625587105751038,0.4268892705440521,-0.0651295930147171,0.9962210655212402,0.5548469424247742,0.2799615561962127,0.0637425854802131,0.3506910502910614,0.5593081712722778,0.2800077497959137,-0.0588158443570137,0.7328548431396484,0.5499446988105774,0.1377479285001754,0.1039794906973838,0.4132245481014251,0.5496816635131836,0.1357192993164062,-0.0152156371623277,0.7944155335426331,0.5525566935539246,0.1116922125220298,0.1034682989120483,0.4673706889152527,0.5564690828323364,0.102770946919918,-0.0150792496278882,0.7273359298706055,0.5284438729286194,0.1188283264636993,0.0517243295907974,0.5729115605354309,0.5320691466331482,0.1126939132809639,-0.0822079107165336,0.82441246509552,hoyeon_stand_normal_01,20.615528,20.615528,19.849433,18.601075,15.0,12.206556,9.433981,5.830952,2.828427,1.414214,3.0,6.0,9.0,12.041595,15.132746,17.464249,19.646883,21.84033,22.135944,22.472205,21.540659,17.464249,13.416408,8.062258,2.828427,3.0,11.401754,10.77033,9.848858,8.062258,6.403124,4.472136,4.123106,5.656854,8.062258,9.848858,10.77033,12.649111,12.649111,12.649111,13.601471,13.601471,12.649111,11.401754,9.219544,8.062258,5.0,4.242641,5.09902,8.944272,13.038405,16.401219,5.830952,6.0,8.062258,10.0,12.041595,14.422205,16.124515,17.464249,18.027756,18.681542,18.681542,19.646883,20.396078,19.416488,18.248288,17.262677,15.132746,13.038405,9.055385,5.0,5.0,8.602325,13.453624,18.384776,21.931712,24.758837,13.416408,15.811388,17.464249,19.104973,19.0,17.117243,15.297059,13.0,9.433981,6.403124,5.0,5.0,6.708204,9.219544,11.045361,13.0,15.033296,17.117243,18.248288,19.235384,19.235384,19.235384,17.262677,15.132746,13.038405,9.055385,12.041595,13.152946,14.317821,15.297059,14.317821,14.142136,13.038405,12.041595,10.0,9.0,7.0,5.09902,5.0,5.0,6.082763,9.055385,12.0,14.0,17.0,19.026298,21.023796,22.090722,21.213203,20.223748,18.248288,15.297059,13.0,13.416408,15.652476,16.124515,16.124515,14.422205,13.038405,10.816654,8.062258,6.708204,5.09902,4.123106,5.0,5.0,5.830952,7.211103,8.062258,8.602325,9.433981,10.0,10.0,10.0,9.433981,9.848858,10.440307,10.049876
hoyeon_stand_normal_01,933,311,31.101699453551912,29.998360745314464,10,0.5373498797416687,0.6532220244407654,-0.0622023344039917,0.9985021948814392,0.5398991107940674,0.666183590888977,-0.0549338348209857,0.9968957304954528,0.5407038927078247,0.666825532913208,-0.0549352131783962,0.9962620139122008,0.5415470600128174,0.6675257086753845,-0.0549221448600292,0.9969730377197266,0.5403342843055725,0.6670579314231873,-0.0788323208689689,0.997623085975647,0.5413402915000916,0.6681370139122009,-0.0788535252213478,0.9976322650909424,0.5424088835716248,0.669099748134613,-0.0789276510477066,0.9979320764541626,0.5505067706108093,0.666969895362854,-0.0069721438921988,0.9927248954772948,0.5506818294525146,0.6678853631019592,-0.1156330630183219,0.997187077999115,0.5420122146606445,0.6417447924613953,-0.0407294295728206,0.9979543685913086,0.5428513288497925,0.6428458094596863,-0.072085365653038,0.9985873103141784,0.5595532655715942,0.6001407504081726,0.0689247846603393,0.9989659786224364,0.5680164098739624,0.6107897162437439,-0.1621294617652893,0.9999207854270936,0.5543495416641235,0.5037943124771118,0.1072239428758621,0.2309781461954116,0.5678336024284363,0.5093575119972229,-0.1925695240497589,0.9847109913825988,0.5449913740158081,0.433308333158493,0.0731025710701942,0.4404323101043701,0.5559352040290833,0.4174708724021911,-0.1918300539255142,0.9719066619873048,0.5428503155708313,0.4058707356452942,0.071399338543415,0.4026595056056976,0.5584835410118103,0.3927956223487854,-0.2130202502012252,0.9508468508720398,0.5412935018539429,0.4058659374713897,0.0523773990571498,0.4173339009284973,0.5505630373954773,0.3908523619174957,-0.2146625816822052,0.9495292901992798,0.5408095717430115,0.4162724316120147,0.063191995024681,0.3935353755950928,0.5495898723602295,0.3996511101722717,-0.1913073062896728,0.9262884259223938,0.5585836172103882,0.4209283590316772,0.0649892315268516,0.9953724145889282,0.5627368092536926,0.4269709289073944,-0.0650310814380645,0.9962154030799866,0.5548361539840698,0.2801049053668976,0.0616465620696544,0.344528317451477,0.5593386888504028,0.2801502645015716,-0.0590607784688472,0.7318919897079468,0.5495871901512146,0.1378141492605209,0.1015365272760391,0.4072398543357849,0.5494070649147034,0.1359783858060836,-0.0153032643720507,0.7942591905593872,0.5518462061882019,0.1117078065872192,0.1010573431849479,0.4665378034114837,0.5563609600067139,0.1031123325228691,-0.0150917917490005,0.7309298515319824,0.5284877419471741,0.1188915371894836,0.0490655340254306,0.5690525770187378,0.5326243042945862,0.1127141267061233,-0.0822414606809616,0.8245000839233398,hoyeon_stand_normal_01,6.082763,3.605551,3.162278,6.403124,8.485281,9.899495,11.313708,12.041595,12.206556,12.529964,12.083046,10.77033,10.440307,9.219544,7.071068,5.09902,2.236068,1.414214,6.324555,10.440307,14.56022,18.681542,22.135944,24.351591,24.351591,23.4094,5.830952,8.602325,10.630146,12.041595,14.142136,13.453624,14.142136,13.453624,12.041595,10.630146,8.602325,7.211103,5.385165,4.0,3.605551,4.472136,6.324555,9.219544,11.045361,13.152946,15.132746,16.124515,17.262677,16.124515,15.132746,13.038405,6.203659,8.154234500000001,10.1445825,11.872475,13.349346,14.9330345,15.949660000000002,16.0451045,17.2239055,18.0469655,18.4793175,18.887024,18.828128,18.626369,17.9109045,16.3994055,14.815446,12.8245555,9.271109,6.5413815,5.328427,7.6586395,11.85235,15.678030499999998,18.7448745,20.67174,12.9223265,14.7910795,16.820476,17.7460025,17.6827655,16.514693,15.083021,12.509214,9.396565,6.737096,5.385165,5.2420925,6.403124,7.615773,9.219544,11.543478,13.0,15.033296,15.6286305,16.201667999999998,16.201667999999998,16.201667999999998,14.7195975,12.6592355,10.0,7.28011,13.453624,15.0,15.0,15.811388,15.811388,15.620499,14.866069,12.727922,11.313708,9.899495,8.485281,6.403124,5.385165,5.0,6.324555,8.062258,11.401754,14.21267,17.029386,19.849433,20.615528,20.808652,21.633308,20.248457,17.492856,14.764823,13.038405,13.892444,15.652476,15.231546,16.155494,13.928388,13.0,10.77033,8.944272,7.211103,5.0,5.385165,6.0,6.082763,7.28011,8.246211,9.486833,10.440307,10.440307,11.401754,11.401754,11.401754,11.401754,10.77033,11.661904,11.401754
hoyeon_stand_normal_01,936,312,31.201704918032785,29.998360745314464,10,0.5376612544059753,0.6532841920852661,-0.0616462752223014,0.9984872341156006,0.5402247309684753,0.6663026809692383,-0.054351769387722,0.9968634247779846,0.5410155057907104,0.6669625043869019,-0.0543546788394451,0.9962201118469238,0.5418422222137451,0.6676666140556335,-0.0543432421982288,0.9969449639320374,0.540699303150177,0.6671438217163086,-0.0783089771866798,0.997602105140686,0.5417202115058899,0.6682115197181702,-0.0783303156495094,0.9976106882095336,0.5428165197372437,0.6691616177558899,-0.0784046798944473,0.9979119300842284,0.5507145524024963,0.6671146154403687,-0.0062320725992321,0.99263596534729,0.5510671734809875,0.6679936051368713,-0.1150299236178398,0.997153341770172,0.5422635674476624,0.6419038772583008,-0.0401114895939827,0.997941255569458,0.5431587100028992,0.6429347395896912,-0.071537859737873,0.9985746145248412,0.5595084428787231,0.5999538898468018,0.0699831619858741,0.998962938785553,0.5689643025398254,0.610797643661499,-0.1620436459779739,0.9999207258224488,0.5543382167816162,0.5037903189659119,0.108947567641735,0.2266689985990524,0.568401575088501,0.509338915348053,-0.1920525729656219,0.9847844243049622,0.5444837808609009,0.4335011839866638,0.0753360986709594,0.4407828748226166,0.5561913847923279,0.4174250066280365,-0.1910161525011062,0.9725046157836914,0.5418882369995117,0.4061886966228485,0.0737033039331436,0.4025467336177826,0.5586206912994385,0.3926817774772644,-0.2120664566755294,0.9519140124320984,0.5404565930366516,0.4062145352363586,0.0546937808394432,0.4175461828708648,0.5507567524909973,0.390713095664978,-0.2138268500566482,0.9505271911621094,0.540303647518158,0.4164725840091705,0.0654016211628913,0.3934357166290283,0.5498159527778625,0.3995780944824219,-0.1905282884836197,0.9272437691688538,0.5584810972213745,0.4210335910320282,0.0645743757486343,0.9953798651695251,0.5632361173629761,0.4269886910915375,-0.0646149069070816,0.996216118335724,0.5546263456344604,0.2801265716552734,0.0614994503557682,0.338395357131958,0.5593489408493042,0.2802335619926452,-0.0596427358686924,0.7322211861610413,0.5495086908340454,0.1379513591527938,0.100760169327259,0.4025584161281585,0.5494393110275269,0.1362336575984954,-0.0160949192941188,0.7959823608398438,0.5513747930526733,0.1117090433835983,0.100217580795288,0.4661941230297088,0.5563707947731018,0.1031769439578056,-0.015960844233632,0.7355867028236389,0.5284950733184814,0.1191362142562866,0.0485064722597599,0.5667681097984314,0.5326341390609741,0.1129738390445709,-0.0830883309245109,0.8262732625007629,hoyeon_stand_normal_01,6.324555,2.828427,3.605551,5.830952,8.944272,11.18034,12.083046,12.529964,13.038405,12.806248,12.041595,11.313708,10.630146,10.0,7.211103,5.0,2.236068,1.0,5.09902,10.198039,14.317821,19.416488,22.36068,24.33105,24.33105,23.194827,5.830952,7.81025,10.630146,12.041595,13.453624,13.453624,14.21267,12.806248,12.206556,10.816654,8.062258,6.708204,5.09902,3.0,2.828427,4.123106,6.082763,8.0,11.045361,13.038405,15.033296,16.03122,16.124515,16.124515,15.132746,12.165525,6.324555,7.81025,9.848858,12.369317,14.142136,15.0,17.029386,17.262677,18.439089,19.646883,19.924859,19.924859,19.924859,20.248457,19.313208,17.088007,16.155494,13.416408,9.433981,6.403124,4.123106,7.81025,12.083046,16.155494,20.248457,22.472205,13.152946,15.811388,17.464249,18.867962,19.209373,16.970563,15.620499,12.529964,9.486833,7.0,5.830952,5.385165,7.071068,8.544004,10.29563,12.806248,13.453624,15.556349,17.029386,17.804494,17.804494,17.804494,16.401219,14.21267,12.041595,9.433981,16.03122,16.03122,13.0,11.045361,10.198039,8.944272,10.0,11.313708,12.041595,14.21267,15.556349,17.691806,18.601075,19.723083,20.124612,19.697716,19.924859,17.720045,15.524175,11.401754,8.944272,6.403124,7.0,10.77033,13.416408,16.124515,8.062258,6.082763,5.0,6.708204,8.246211,11.045361,14.035669,16.124515,17.117243,18.439089,17.464249,16.763055,16.155494,15.652476,13.416408,13.416408,11.18034,10.77033,10.440307,11.18034,12.0,13.0,15.033296,17.029386,18.0,18.0
hoyeon_stand_normal_01,939,313,31.30171038251366,29.998360745314464,10,0.5378869771957397,0.653292715549469,-0.0587643720209598,0.9984722137451172,0.540468156337738,0.6663929224014282,-0.0512811988592147,0.996825873851776,0.5412431359291077,0.6670562624931335,-0.0512858070433139,0.9961735010147096,0.5420544743537903,0.6677488684654236,-0.0512756519019603,0.9969179034233092,0.5409955978393555,0.6672123074531555,-0.0753755271434784,0.9975779056549072,0.5420312285423279,0.6682678461074829,-0.0753944367170333,0.9975876808166504,0.5431538224220276,0.669204831123352,-0.0754687935113906,0.997888207435608,0.5508820414543152,0.6671621203422546,-0.0028574846219271,0.992526113986969,0.5513888001441956,0.6680628657341003,-0.1120592281222343,0.997106909751892,0.5424458384513855,0.6419247388839722,-0.0371913388371467,0.9979254603385924,0.5433935523033142,0.6429480910301208,-0.0687856823205947,0.998555600643158,0.5595354437828064,0.5998769402503967,0.0741224288940429,0.9989596605300904,0.5696309208869934,0.6108941435813904,-0.1606517285108566,0.9999204277992249,0.5543234348297119,0.5039616227149963,0.1141372099518776,0.2228086143732071,0.5687825679779053,0.5095033049583435,-0.191967561841011,0.9848053455352784,0.5439969301223755,0.4342203438282013,0.0813693106174469,0.4427189230918884,0.5564603209495544,0.4173470139503479,-0.1905360668897628,0.9729847311973572,0.541100263595581,0.4070763885974884,0.080197773873806,0.4040163457393646,0.5588610768318176,0.3925642371177673,-0.2116013318300247,0.9527947306632996,0.5396053194999695,0.4073152542114258,0.0608525276184082,0.4193320870399475,0.5510240793228149,0.3905594944953918,-0.2133400738239288,0.9513244032859802,0.5397423505783081,0.4177129864692688,0.071341685950756,0.3948333263397217,0.5500943064689636,0.3994927406311035,-0.1900577396154403,0.9279081225395204,0.558421790599823,0.4210933744907379,0.0650323554873466,0.9953776001930236,0.5635122656822205,0.4269934892654419,-0.0650698319077491,0.9961949586868286,0.5546199083328247,0.2801240682601928,0.0612946338951587,0.3325649797916412,0.5594576001167297,0.2802369594573974,-0.0610028021037578,0.7347261309623718,0.5497387051582336,0.1379706263542175,0.1006864309310913,0.3982342779636383,0.5499172806739807,0.1363628208637237,-0.0188565254211425,0.7990033626556396,0.5521688461303711,0.1121865659952163,0.1001114025712013,0.4661535918712616,0.5569198131561279,0.1032394021749496,-0.018916729837656,0.7414278388023376,0.5286045670509338,0.1193345412611961,0.0483319014310836,0.5648528933525085,0.5326558947563171,0.113446906208992,-0.0858099386096,0.8289178609848022,hoyeon_stand_normal_01,7.071068,3.605551,5.0,7.28011,11.18034,13.416408,14.317821,15.231546,15.811388,15.524175,15.297059,14.142136,13.038405,11.0,9.055385,7.071068,3.0,1.414214,6.708204,12.083046,16.552945,21.470911,25.059928,27.294688,28.653098,26.925824,7.0,10.198039,12.369317,14.56022,15.811388,16.155494,16.155494,15.231546,13.416408,12.083046,8.944272,7.211103,5.656854,3.162278,3.605551,5.0,8.062258,9.848858,13.0,15.231546,17.464249,18.788294,19.697716,19.313208,18.384776,14.866069,6.082763,7.211103,9.219544,11.18034,12.649111,14.317821,15.132746,16.0,17.029386,18.11077,18.11077,18.248288,18.248288,17.464249,17.464249,15.524175,14.56022,11.7047,8.062258,5.830952,5.385165,7.81025,13.038405,16.552945,20.124612,22.36068,12.083046,14.422205,17.029386,17.691806,17.804494,17.0,15.231546,12.369317,10.0,7.28011,5.656854,5.0,6.708204,8.602325,10.630146,13.601471,14.422205,17.0,17.888544,18.384776,18.384776,18.384776,16.155494,14.317821,11.661904,9.219544,16.151905499999998,14.2652455,12.1860405,10.172753,8.640901,8.272002,9.219544,10.169901,12.863961,14.035262,15.8879965,16.582137000000003,18.2334225,19.1701785,19.656604,19.499325,18.396156,17.262677,14.2299785,11.18034,7.640055,5.0,6.082763,10.0234485,13.8671145,17.1313385,8.3322915,6.3638395,4.123106,5.5210095,7.7130115,11.042019,13.8718035,15.211209,17.389906500000002,17.6343715,17.402247,16.923983999999997,15.9679515,14.4887465,13.111328,12.062320499999998,10.905243,10.147815,9.7169905,10.169901,11.291047,12.601965,14.01729,16.0778675,16.88028,17.6452165
hoyeon_stand_normal_01,942,314,31.40171584699453,29.998360745314464,10,0.5380182266235352,0.65340256690979,-0.0584289170801639,0.9984647631645204,0.5406326055526733,0.6666534543037415,-0.0509022027254104,0.996802806854248,0.5413987636566162,0.6673032641410828,-0.0509078241884708,0.9961422085762024,0.5422011017799377,0.6679590940475464,-0.0508981123566627,0.996901273727417,0.5412042140960693,0.6674237847328186,-0.0749781131744384,0.9975684881210328,0.5422589778900146,0.6684397459030151,-0.0749968215823173,0.9975785613059998,0.5434099435806274,0.6693470478057861,-0.0750704109668731,0.99787700176239,0.5509946346282959,0.667255699634552,-0.002288845134899,0.992462694644928,0.5516431331634521,0.6681919097900391,-0.1113163456320762,0.9970853924751282,0.5425552129745483,0.6420311331748962,-0.0368110798299312,0.997927188873291,0.5435368418693542,0.6430168151855469,-0.068377636373043,0.9985518455505372,0.5595263242721558,0.599722146987915,0.0747676566243171,0.998957633972168,0.5702150464057922,0.6109482645988464,-0.1600363701581955,0.9999203085899352,0.5542373061180115,0.5042733550071716,0.1150430366396904,0.2201884686946869,0.569098174571991,0.5097156763076782,-0.1917489022016525,0.9848763346672058,0.5433068871498108,0.4353909492492676,0.0820330157876014,0.4455888569355011,0.5566843748092651,0.4173243343830108,-0.1903869360685348,0.9734633564949036,0.5400962233543396,0.408464103937149,0.0807466953992843,0.406364768743515,0.5590524077415466,0.3924846053123474,-0.2116023749113083,0.9536503553390504,0.5386475324630737,0.4089030921459198,0.061345987021923,0.421991229057312,0.5512763261795044,0.3904842138290405,-0.2132581621408462,0.9521002769470216,0.5389436483383179,0.4193401932716369,0.07197917252779,0.3970722556114197,0.550317108631134,0.3994636535644531,-0.1899015754461288,0.9286026358604432,0.5583603978157043,0.4211619198322296,0.065244935452938,0.995359182357788,0.5638120174407959,0.4269582331180572,-0.0652800872921943,0.9961661100387572,0.5546168684959412,0.2801251709461212,0.0612565353512764,0.3279499411582947,0.5597099661827087,0.2802313268184662,-0.0617566630244255,0.7381429672241211,0.5498632788658142,0.1380950361490249,0.1006713584065437,0.3942957520484924,0.5504394769668579,0.1364120244979858,-0.0202545803040266,0.8020644783973694,0.5523350834846497,0.1129491701722145,0.100101038813591,0.4658856391906738,0.5575724840164185,0.1032506301999092,-0.0204243250191211,0.7469030618667603,0.5286296010017395,0.1194694116711616,0.0484016984701156,0.5631365776062012,0.5326551198959351,0.1135731637477874,-0.087425373494625,0.8314470648765564,hoyeon_stand_normal_01,18.788294,19.697716,18.384776,17.088007,13.928388,11.401754,8.246211,5.385165,2.236068,1.0,3.605551,5.830952,8.062258,10.816654,14.21267,16.278821,18.384776,19.849433,20.615528,20.0,19.416488,15.264338,11.661904,6.708204,2.0,3.605551,10.816654,10.0,9.219544,7.81025,6.708204,5.0,4.472136,6.403124,8.062258,9.486833,10.440307,11.401754,12.369317,12.649111,12.369317,12.649111,11.401754,10.440307,9.219544,7.071068,6.082763,4.242641,6.082763,9.219544,12.649111,16.155494,5.385165,7.071068,9.486833,11.18034,13.038405,14.21267,15.556349,16.278821,17.804494,18.601075,18.601075,18.867962,18.867962,18.35756,17.888544,17.0,14.764823,12.083046,9.219544,6.082763,5.0,8.0,12.165525,15.524175,18.681542,20.880613,13.0,14.56022,17.262677,18.027756,18.027756,17.262677,15.811388,12.529964,10.0,7.81025,5.09902,4.472136,5.830952,7.28011,10.049876,11.045361,13.152946,14.317821,15.524175,15.811388,16.763055,15.811388,14.866069,12.649111,10.198039,7.0,13.038405,14.317821,15.652476,14.764823,15.652476,14.764823,13.892444,12.206556,11.401754,9.219544,8.062258,6.708204,5.09902,5.09902,5.830952,7.81025,10.630146,14.21267,15.620499,18.439089,19.104973,20.518285,19.79899,19.104973,17.029386,14.21267,12.041595,14.21267,15.0,15.264338,15.264338,13.892444,12.529964,10.29563,8.602325,7.071068,5.830952,5.09902,5.09902,6.324555,7.615773,7.615773,9.848858,9.848858,10.77033,10.77033,10.77033,10.77033,10.77033,10.29563,10.630146,10.630146
hoyeon_stand_normal_01,945,315,31.50172131147541,29.998360745314464,10,0.5380856990814209,0.653613269329071,-0.058422777801752,0.9984537363052368,0.5407354831695557,0.6670107245445251,-0.0508831404149532,0.9967761635780334,0.5414932370185852,0.6676378846168518,-0.0508889965713024,0.9961117506027222,0.5422868728637695,0.6682494282722473,-0.0508793592453002,0.9968831539154052,0.5413435697555542,0.6677268743515015,-0.0749172791838646,0.9975507259368896,0.5424124598503113,0.6686923503875732,-0.0749365016818046,0.9975627064704896,0.5435872673988342,0.6695658564567566,-0.0750098973512649,0.9978582859039308,0.5510495901107788,0.6673981547355652,-0.0022080761846154,0.9924011826515198,0.5518137812614441,0.6683849096298218,-0.1109991893172264,0.997060000896454,0.5426023006439209,0.6422122120857239,-0.0368025861680507,0.997924506664276,0.5436028838157654,0.6431546211242676,-0.0683163851499557,0.998544454574585,0.559514045715332,0.5995668768882751,0.0747066736221313,0.9989515542984008,0.570597767829895,0.611171543598175,-0.1596195697784423,0.9999200701713562,0.5540210604667664,0.5045155882835388,0.1148060485720634,0.2169167697429657,0.569493293762207,0.5102631449699402,-0.1916800141334533,0.984902560710907,0.5429446697235107,0.4357672333717346,0.0821640044450759,0.4465227425098419,0.5570017099380493,0.4173387289047241,-0.1901795715093612,0.9737695455551147,0.5396690368652344,0.4088692665100097,0.0809360891580581,0.4071227312088012,0.5593469142913818,0.3924710750579834,-0.2113495469093322,0.9542418718338012,0.5382211208343506,0.4093004167079925,0.0615920610725879,0.4230026304721832,0.5515531897544861,0.3904754519462585,-0.2130396217107772,0.9526048302650452,0.5385586023330688,0.4197602272033691,0.0721372589468956,0.3979353606700897,0.5505508780479431,0.3994563221931457,-0.1897016167640686,0.9289666414260864,0.5580756664276123,0.4212010502815246,0.0654508620500564,0.9953567981719972,0.5642452239990234,0.4269091188907623,-0.0654836520552635,0.9961532950401306,0.554611086845398,0.2801231145858764,0.0612510330975055,0.3225255608558655,0.5602138638496399,0.2802136838436126,-0.0619193986058235,0.741765022277832,0.5502532124519348,0.1382684409618377,0.1004536896944046,0.3905383348464966,0.5512811541557312,0.1365104168653488,-0.0209211781620979,0.8050816655158997,0.5528202056884766,0.1134398728609085,0.0998194515705108,0.4655437469482422,0.5581825375556946,0.1032635644078254,-0.0212023556232452,0.7521210312843323,0.5286374688148499,0.1198896616697311,0.0483107976615428,0.561821699142456,0.5325950384140015,0.1140629202127456,-0.0882296860218048,0.8340240716934204,hoyeon_stand_normal_01,7.81025,5.385165,4.472136,6.403124,8.544004,10.440307,11.7047,12.083046,12.529964,13.038405,12.206556,12.041595,11.313708,10.0,8.062258,5.830952,3.162278,1.0,5.0,8.944272,13.928388,18.027756,21.18962,23.086793,23.769729,22.803509,5.385165,7.28011,9.219544,11.18034,12.041595,13.038405,13.0,12.0,11.0,9.0,8.062258,6.082763,4.472136,3.605551,4.0,5.09902,7.615773,10.29563,11.661904,13.892444,16.124515,17.492856,17.492856,17.492856,16.124515,14.422205,5.0,7.071068,9.055385,11.401754,12.649111,14.317821,16.124515,17.204651,17.804494,18.439089,19.104973,19.79899,19.104973,19.104973,17.691806,17.029386,15.0,12.206556,9.433981,6.082763,5.0,8.246211,12.0,15.033296,19.026298,21.023796,13.038405,15.0,17.117243,18.439089,18.973666,17.0,15.264338,13.453624,10.0,7.615773,5.0,5.0,5.385165,7.0,9.219544,10.77033,13.0,14.317821,15.264338,16.643317,16.643317,16.643317,15.264338,13.038405,11.18034,8.246211,12.806248,13.453624,14.866069,15.556349,15.620499,14.866069,14.21267,12.806248,10.816654,9.433981,8.062258,5.830952,5.0,4.123106,5.385165,7.211103,10.0,13.453624,16.278821,18.439089,20.0,20.808652,21.095023,19.235384,17.0,14.317821,13.601471,15.524175,16.278821,17.262677,16.124515,15.132746,14.142136,12.165525,9.219544,7.28011,5.830952,5.656854,5.385165,6.082763,7.0,8.0,9.0,10.0,11.0,11.045361,12.041595,11.0,11.0,11.045361,11.401754,11.18034
hoyeon_stand_normal_01,948,316,31.601726775956283,29.998360745314464,10,0.5381092429161072,0.653713583946228,-0.0590049773454666,0.9984094500541688,0.5407717823982239,0.6671964526176453,-0.0514680407941341,0.9966776967048644,0.5415265560150146,0.6678171157836914,-0.0514733865857124,0.9959949254989624,0.5423166155815125,0.6684125065803528,-0.0514633059501647,0.9967942833900452,0.5413990616798401,0.6678982973098755,-0.0754436329007148,0.997483730316162,0.5424759387969971,0.6688454151153564,-0.0754632949829101,0.9975000619888306,0.5436640977859497,0.6697064638137817,-0.0755364671349525,0.997800350189209,0.5510792136192322,0.6675189733505249,-0.0027019998524338,0.9921676516532898,0.5518949627876282,0.6685553193092346,-0.1111833155155181,0.996984601020813,0.5426241159439087,0.6423273682594299,-0.0373459123075008,0.9978837370872498,0.5436393618583679,0.6432376503944397,-0.0687875300645828,0.998515009880066,0.5594931244850159,0.5995532274246216,0.0741941854357719,0.9989256262779236,0.5708439946174622,0.611382782459259,-0.1597084552049636,0.9999194741249084,0.5537672638893127,0.5047789812088013,0.1138295754790306,0.2125445306301117,0.5697346925735474,0.5105331540107727,-0.1917090266942978,0.9849509596824646,0.5427649021148682,0.4362352788448334,0.0806449502706527,0.44364994764328,0.5571959018707275,0.417408287525177,-0.1905014216899871,0.9740300178527832,0.5395700931549072,0.4091226458549499,0.0792452320456504,0.4045165181159973,0.5595054626464844,0.3924630284309387,-0.2117848545312881,0.954729437828064,0.5381088256835938,0.4095720052719116,0.0600163787603378,0.4205218851566314,0.5518189668655396,0.3904784023761749,-0.2134834975004196,0.953008234500885,0.538428544998169,0.4201708734035492,0.0706297233700752,0.3956004679203033,0.5507977604866028,0.3994740843772888,-0.1900364905595779,0.9292183518409728,0.5578802227973938,0.4212168455123901,0.0656857937574386,0.9952888488769532,0.5647279024124146,0.4267944097518921,-0.0657162293791771,0.9960995316505432,0.5546100735664368,0.2799313962459564,0.0620375238358974,0.3184624910354614,0.5606622099876404,0.2799898386001587,-0.0617540627717971,0.7458428144454956,0.5505395531654358,0.1384132951498031,0.101267971098423,0.3880138099193573,0.5518296360969543,0.1365508139133453,-0.020310016348958,0.8081533312797546,0.5534456372261047,0.1140275001525878,0.1006209030747413,0.4661994874477386,0.5584949254989624,0.102983571588993,-0.0205560307949781,0.7572165727615356,0.5285688638687134,0.1200693175196647,0.0492565594613552,0.5613132119178772,0.5324726700782776,0.1141959726810455,-0.0879891365766525,0.8365329504013062,hoyeon_stand_normal_01,9.055385,6.324555,5.0,7.0,8.246211,11.401754,12.369317,13.341664,14.142136,14.035669,14.0,13.038405,12.369317,10.440307,9.848858,6.708204,3.605551,5.656854,10.630146,15.556349,21.260292,24.839485,27.658633,28.600699,27.202941,7.071068,9.219544,12.206556,13.601471,15.264338,15.264338,16.124515,15.264338,13.892444,12.529964,9.848858,8.246211,6.082763,5.09902,5.656854,6.708204,8.544004,11.401754,13.341664,16.492423,18.439089,19.646883,20.615528,20.615528,19.646883,16.492423,15.760143499999998,5.0,6.082763,8.062258,10.440307,12.083046,13.038405,15.0,14.866069,16.278821,17.029386,17.029386,17.804494,17.804494,17.204651,16.643317,15.264338,13.892444,10.77033,7.28011,5.385165,5.385165,9.0,13.152946,16.492423,20.615528,22.561028,11.7047,14.317821,16.03122,17.029386,17.262677,15.524175,14.317821,11.661904,8.485281,6.708204,4.0,4.242641,6.082763,8.0,10.198039,12.369317,13.601471,16.155494,16.552945,17.888544,17.888544,17.888544,16.124515,14.317821,11.7047,8.246211,11.18034,13.152946,14.142136,14.142136,14.142136,14.142136,12.369317,11.401754,10.440307,8.544004,7.28011,5.0,4.123106,4.242641,5.830952,8.246211,11.401754,14.317821,16.492423,19.924859,21.18962,21.540659,21.540659,19.697716,17.888544,14.764823,13.453624,14.142136,15.556349,16.278821,17.029386,14.21267,12.806248,11.401754,8.602325,7.071068,4.472136,4.0,4.123106,5.0,6.403124,7.071068,7.81025,8.602325,10.0,10.0,10.0,10.0,9.219544,9.899495,9.433981,9.848858
hoyeon_stand_normal_01,951,317,31.70173224043716,29.998360745314464,10,0.5381460189819336,0.6537390351295471,-0.0580030344426631,0.9983845353126526,0.5408074855804443,0.667263925075531,-0.0504255220293998,0.9966166019439696,0.5415574312210083,0.6678856611251831,-0.0504311136901378,0.9959220886230468,0.5423421859741211,0.6684780120849609,-0.0504211112856864,0.9967422485351562,0.5414527654647827,0.6679661870002747,-0.0744649916887283,0.9974465370178224,0.5425353646278381,0.6689094305038452,-0.0744837597012519,0.9974663257598876,0.5437301993370056,0.6697649955749512,-0.0745577067136764,0.9977678656578064,0.5511000752449036,0.6675952672958374,-0.00175389891956,0.9920000433921814,0.551947832107544,0.668655276298523,-0.1104770675301551,0.9969267845153807,0.5426511168479919,0.6423794031143188,-0.036396212875843,0.9978504180908204,0.5436839461326599,0.6432859897613525,-0.0679225176572799,0.9984868168830872,0.559478223323822,0.5995532274246216,0.075233869254589,0.9989144206047058,0.5709749460220337,0.6115661859512329,-0.1589501202106475,0.9999191761016846,0.5535641312599182,0.5058080554008484,0.1156979575753212,0.2091197669506073,0.5698477625846863,0.5110427737236023,-0.191354751586914,0.984890878200531,0.542683482170105,0.4373451173305511,0.0839020162820816,0.4430930018424988,0.5573383569717407,0.4176930785179138,-0.1904216408729553,0.9742071628570556,0.539462685585022,0.4100949764251709,0.0831794366240501,0.4041028618812561,0.5596088767051697,0.3926169276237488,-0.2116423547267913,0.9551323652267456,0.5380476117134094,0.4105442464351654,0.0638539642095565,0.4203033149242401,0.5519991517066956,0.3906517624855041,-0.2133731395006179,0.953343391418457,0.5383591055870056,0.4212371408939361,0.0739445388317108,0.3951894640922546,0.550991415977478,0.3996917009353637,-0.1900118887424469,0.9293426871299744,0.5578610301017761,0.4216099083423614,0.0658072307705879,0.995278000831604,0.564769446849823,0.4269987642765045,-0.0658385604619979,0.9960838556289672,0.554726243019104,0.2802914083003998,0.0619421377778053,0.3149567246437073,0.5608316659927368,0.2802290618419647,-0.0621526874601841,0.7495701313018799,0.5506470203399658,0.1387037485837936,0.1010899171233177,0.3867512941360473,0.5518413782119751,0.1367841958999633,-0.0213171280920505,0.8119317889213562,0.5536077618598938,0.1142697632312774,0.1004199311137199,0.4671269655227661,0.5586219429969788,0.1033037006855011,-0.0216125361621379,0.7625897526741028,0.5286477208137512,0.1203497722744941,0.0491477586328983,0.5619181990623474,0.5324840545654297,0.1145648285746574,-0.0886520519852638,0.8396334052085876,hoyeon_stand_normal_01,21.17525,22.220129,21.0219525,19.55968,16.6561525,13.833147,10.2648205,7.440659,4.242641,2.5,3.535534,5.903612000000001,8.5952415,12.560554,15.221168,18.208244,21.3974315,23.339821,24.5479725,24.4432965,23.3773785,20.207259,16.340020000000003,10.018099,4.297621,2.618034,14.2299785,13.635026,12.509214,10.975335,9.2169905,7.54518,6.182529000000001,6.6622775,8.154234500000001,9.4521215,11.421122,12.0156105,12.77411,13.1900345,13.1900345,13.1900345,12.3477445,11.421122,10.5073465,8.881774,7.106687,5.85486,6.8023325,10.018099,13.8361585,17.098081999999998,18.027756,18.027756,16.552945,15.652476,13.892444,12.206556,10.0,8.485281,6.403124,4.472136,3.162278,2.236068,4.0,6.324555,9.848858,12.083046,14.764823,17.0,19.235384,20.59126,21.470911,20.59126,19.235384,17.0,14.764823,11.661904,8.0,6.082763,5.0,4.472136,6.082763,6.708204,8.485281,10.0,10.29563,11.18034,10.77033,10.440307,9.219544,9.219544,7.071068,6.082763,4.0,3.162278,1.0,2.236068,5.385165,8.544004,10.440307,13.601471,15.811388,16.763055,17.464249,15.524175,13.152946,12.041595,10.049876,9.848858,10.816654,11.401754,13.601471,15.0,16.643317,17.492856,18.788294,19.313208,20.615528,20.396078,19.235384,18.027756,16.03122,12.041595,8.544004,7.071068,8.062258,11.045361,14.317821,17.464249,7.615773,5.09902,4.472136,5.830952,8.544004,11.401754,14.56022,15.811388,18.027756,17.464249,17.888544,17.492856,15.264338,14.422205,13.038405,12.206556,10.816654,10.29563,10.77033,10.440307,12.165525,13.152946,15.132746,17.117243,17.262677,18.439089
hoyeon_stand_normal_01,954,318,31.801737704918036,29.998360745314464,10,0.5381502509117126,0.6537466645240784,-0.0584047883749008,0.998352348804474,0.5408117771148682,0.6672902703285217,-0.0508275106549263,0.9965476989746094,0.5415615439414978,0.6679154634475708,-0.0508329272270202,0.9958438277244568,0.5423459410667419,0.6685106754302979,-0.0508227385580539,0.9966841340065002,0.541456937789917,0.6679917573928833,-0.0748470202088356,0.9973993301391602,0.5425390601158142,0.6689346432685852,-0.0748662054538726,0.9974216818809508,0.543735921382904,0.6697863936424255,-0.0749400705099105,0.997725784778595,0.5511148571968079,0.6676530838012695,-0.0021059524733573,0.991823673248291,0.5519582033157349,0.6687000393867493,-0.1105840727686882,0.996858298778534,0.5426586270332336,0.6423993706703186,-0.0367726609110832,0.9977990984916688,0.543690025806427,0.6433154344558716,-0.0682507455348968,0.9984459280967712,0.5595359206199646,0.5996923446655273,0.0747737511992454,0.998900294303894,0.5710160732269287,0.6116589307785034,-0.1590555012226104,0.9999183416366576,0.5535608530044556,0.5062769055366516,0.1147774159908294,0.2047656178474426,0.5698592662811279,0.5110795497894287,-0.1915381103754043,0.98470538854599,0.542901873588562,0.4376108348369598,0.0823344215750694,0.4395523965358734,0.5574634075164795,0.4177516996860504,-0.1909791529178619,0.9741417765617372,0.5397135615348816,0.4101157784461975,0.0813251808285713,0.4011421799659729,0.5596721172332764,0.3926277756690979,-0.212299957871437,0.9551984667778016,0.5382909774780273,0.4105129837989807,0.0620922408998012,0.4174115657806396,0.5521717667579651,0.3906576633453369,-0.2136899977922439,0.9533475637435912,0.5385831594467163,0.4212825000286102,0.0723813101649284,0.3923749923706054,0.5512082576751709,0.3997014164924621,-0.1904312223196029,0.929017961025238,0.5578568577766418,0.4220999479293823,0.0658754408359527,0.995258927345276,0.5647755861282349,0.4274220764636993,-0.0659081563353538,0.996057152748108,0.5548229813575745,0.280909389257431,0.0619626976549625,0.3113715350627899,0.5608908534049988,0.2807925641536712,-0.0623079426586627,0.7523463368415833,0.5506590604782104,0.138753667473793,0.1010634899139404,0.3851579129695892,0.5518305897712708,0.136842280626297,-0.0214766208082437,0.8146988749504089,0.5537471175193787,0.1142706349492073,0.1004000902175903,0.4673994779586792,0.5586613416671753,0.103694848716259,-0.0217494163662195,0.7667269706726074,0.5287216305732727,0.1204280704259872,0.0490713603794574,0.5617578625679016,0.5324944853782654,0.1147868707776069,-0.0887487009167671,0.8417653441429138,hoyeon_stand_normal_01,19.235384,19.235384,19.235384,17.117243,16.03122,13.0,11.045361,8.0,5.0,3.162278,3.162278,5.0,7.071068,10.198039,12.165525,16.124515,18.027756,21.0,22.022716,22.090722,21.213203,19.416488,15.524175,10.440307,5.830952,2.0,12.041595,12.206556,10.816654,9.848858,8.544004,7.071068,6.324555,5.656854,7.211103,7.615773,9.219544,10.198039,11.045361,11.18034,11.18034,11.18034,11.18034,10.198039,9.055385,8.0,6.324555,5.830952,6.708204,9.055385,12.0,15.132746,5.830952,7.071068,9.219544,10.77033,12.529964,13.601471,15.620499,16.278821,17.029386,17.804494,17.804494,18.601075,18.027756,18.027756,16.643317,15.264338,13.892444,11.18034,7.28011,5.09902,4.123106,8.062258,12.369317,15.811388,19.313208,22.135944,11.401754,14.142136,16.03122,17.029386,17.262677,15.811388,14.317821,12.206556,8.485281,6.708204,5.0,5.0,6.708204,8.062258,10.0,12.165525,13.341664,15.524175,16.763055,17.088007,17.088007,17.088007,15.811388,13.601471,11.18034,8.0,16.278821,14.21267,12.727922,10.816654,9.848858,9.055385,10.0,12.041595,14.142136,15.033296,17.029386,18.027756,19.235384,19.416488,19.924859,19.313208,18.788294,17.0,14.764823,11.18034,8.246211,6.324555,7.81025,12.083046,14.866069,18.027756,7.211103,5.656854,4.123106,5.385165,8.602325,10.630146,13.453624,15.620499,17.204651,17.492856,17.492856,16.552945,14.866069,13.601471,12.649111,11.7047,10.77033,10.29563,9.433981,10.630146,11.313708,12.727922,14.866069,16.278821,17.691806,17.691806
hoyeon_stand_normal_01,957,319,31.901743169398905,29.998360745314464,10,0.5381736755371094,0.6537541151046753,-0.0588971972465515,0.9983354806900024,0.5408390760421753,0.6673316955566406,-0.0512268058955669,0.9965212345123292,0.5415905714035034,0.6679630279541016,-0.0512319989502429,0.9958173632621764,0.5423789620399475,0.6685699224472046,-0.0512219704687595,0.996666669845581,0.5414837598800659,0.6680391430854797,-0.0754452422261238,0.9973779916763306,0.5425657629966736,0.6689838767051697,-0.0754640400409698,0.997401237487793,0.5437606573104858,0.6698352098464966,-0.0755384787917137,0.9977050423622132,0.5511925220489502,0.6677955985069275,-0.0024519828148186,0.9917460680007936,0.5520181655883789,0.6687992215156555,-0.1118737757205963,0.996817946434021,0.5426798462867737,0.6424312591552734,-0.0372353047132492,0.9977672696113586,0.543717622756958,0.6433543562889099,-0.0689799338579177,0.9984171390533448,0.5597106218338013,0.5999118685722351,0.0746402814984321,0.9988953471183776,0.5710114240646362,0.6117569804191589,-0.1598628163337707,0.9999176263809204,0.5536094903945923,0.5063455104827881,0.114557035267353,0.2014630287885666,0.5698369145393372,0.5110001564025879,-0.1924821585416793,0.9844688773155212,0.5433131456375122,0.4375832080841064,0.0815894976258277,0.4374426007270813,0.557673990726471,0.4177349507808685,-0.1923855990171432,0.973995327949524,0.5401725172996521,0.409927487373352,0.0812583863735199,0.3994058668613434,0.5597867965698242,0.3925995826721191,-0.2139320969581604,0.9551487565040588,0.5387168526649475,0.4102802872657776,0.0617088414728641,0.4157358705997467,0.5523592233657837,0.3906233608722687,-0.2150435000658035,0.953235387802124,0.5389336347579956,0.421156644821167,0.0715667828917503,0.3907411694526672,0.5514352321624756,0.3996611833572387,-0.1917345076799392,0.928538978099823,0.5581930875778198,0.4224056005477905,0.0660093426704406,0.9952570199966432,0.5647732615470886,0.4281154572963714,-0.0660430490970611,0.9960394501686096,0.5550683736801147,0.2817752361297607,0.062109250575304,0.3079642355442047,0.5608791708946228,0.2817862629890442,-0.0625179260969162,0.7545974254608154,0.5507221221923828,0.1387861371040344,0.1012920886278152,0.3838839530944824,0.5517299771308899,0.1368865817785263,-0.0214521884918212,0.8171606659889221,0.5541381239891052,0.114264465868473,0.1006481274962425,0.4684012532234192,0.5586471557617188,0.1039396822452545,-0.0216796156018972,0.7702598571777344,0.5288965702056885,0.1203856468200683,0.0492416247725486,0.5616284012794495,0.5325065851211548,0.1147890239953994,-0.08878143876791,0.8435007333755493,hoyeon_stand_normal_01,16.492423,17.464249,17.464249,16.278821,14.035669,12.041595,10.0,8.062258,5.09902,3.0,1.414214,3.162278,5.830952,8.544004,11.7047,14.56022,17.464249,19.235384,21.095023,21.023796,21.0,18.027756,15.132746,10.198039,5.385165,1.0,12.649111,13.341664,12.165525,12.041595,10.0,9.219544,7.615773,7.071068,8.062258,8.544004,9.055385,10.049876,11.0,12.0,12.0,12.0,12.0,12.0,11.0,10.0,8.062258,7.615773,6.403124,8.246211,10.0,13.152946,10.9681925,11.2764725,12.334259499999998,12.779984,12.9040135,12.7476095,12.759997,12.1057345,11.5178015,10.807981,10.759919,11.4204675,11.894147,13.425276,13.952278,15.077208,14.869888,15.339183000000002,14.1553575,13.7605545,13.6127475,15.4478575,17.241042,18.2334225,17.886316,17.420761,9.415476,9.8236405,10.2124775,10.595017,11.563388,11.9854405,11.889882,10.9912705,10.4178675,9.30484,7.892505,7.6337275,7.8403975,8.459963,8.7996945,8.752447499999999,9.220342,8.861248999999999,8.405694,9.2511105,10.9681925,11.8856335,12.540202,13.0,12.8359265,11.613281,13.341664,14.317821,15.297059,15.297059,14.317821,14.56022,13.601471,11.7047,10.77033,8.544004,7.28011,6.082763,5.09902,5.830952,6.403124,9.433981,11.661904,14.317821,17.0,19.235384,20.59126,21.633308,20.808652,20.0,17.804494,14.21267,12.806248,14.21267,14.142136,14.866069,14.866069,13.453624,12.041595,9.899495,8.485281,5.830952,5.09902,5.0,5.385165,5.830952,6.403124,7.81025,9.219544,9.219544,10.0,10.0,10.0,10.0,10.630146,9.899495,10.0,11.18034
hoyeon_stand_normal_01,960,320,32.00174863387978,29.998360745314464,10,0.5381984114646912,0.6537625789642334,-0.0606597065925598,0.9983259439468384,0.5408561825752258,0.6673388481140137,-0.0531324036419391,0.9965083599090576,0.541606605052948,0.6679753661155701,-0.0531354583799839,0.995800256729126,0.5423957109451294,0.6685930490493774,-0.0531244240701198,0.9966541528701782,0.5415014624595642,0.6680493950843811,-0.0771837383508682,0.997368574142456,0.542582631111145,0.6689972281455994,-0.077204905450344,0.9973890781402588,0.5437752604484558,0.6698493957519531,-0.0772796869277954,0.9976969361305236,0.5512371063232422,0.6678816676139832,-0.0045433952473104,0.991699993610382,0.5520870089530945,0.6688239574432373,-0.1132626384496688,0.9967870116233826,0.5426913499832153,0.6424799561500549,-0.0390236005187034,0.9977439641952516,0.543732225894928,0.6433881521224976,-0.0705596208572387,0.9984008073806764,0.559822678565979,0.6000863313674927,0.0711990222334861,0.9988936185836792,0.5709577202796936,0.6117649078369141,-0.1598332375288009,0.9999170899391174,0.5536855459213257,0.5063668489456177,0.1089432016015052,0.2001721560955047,0.5697432160377502,0.5107211470603943,-0.1923329532146453,0.9844204783439636,0.543555498123169,0.4374996721744537,0.0742174461483955,0.4371945858001709,0.5577654242515564,0.4175690114498138,-0.1921634674072265,0.974095106124878,0.540522038936615,0.4098828434944153,0.0728237107396125,0.3988135755062103,0.5598999857902527,0.3925674855709076,-0.2137559205293655,0.955371618270874,0.5389916300773621,0.410256564617157,0.0540752559900283,0.4152431786060333,0.5524988770484924,0.3905780017375946,-0.2148366123437881,0.9534353017807008,0.5391675233840942,0.4208793342113495,0.0644310116767883,0.3900043964385986,0.5515368580818176,0.3995760083198547,-0.1915204524993896,0.9286288619041444,0.5584734082221985,0.4224206805229187,0.0647582784295082,0.9952300786972046,0.5647088885307312,0.4282029271125793,-0.0647913441061973,0.996015965938568,0.5551590323448181,0.2819319665431976,0.0609434768557548,0.3061161339282989,0.5607638955116272,0.2820105254650116,-0.0613599456846714,0.7523475289344788,0.5507037043571472,0.1387918591499328,0.100804328918457,0.382512092590332,0.5515822768211365,0.1369062662124633,-0.0182189457118511,0.8165388703346252,0.5541538000106812,0.1142143979668617,0.1002184599637985,0.4688446223735809,0.5583583116531372,0.1042635589838028,-0.0181679483503103,0.7708497643470764,0.5292347073554993,0.120076298713684,0.0481981448829174,0.5606107115745544,0.5328254699707031,0.1146542355418205,-0.085555724799633,0.8430530428886414,hoyeon_stand_normal_01,13.453624,9.899495,7.211103,6.0,5.385165,7.81025,9.219544,10.630146,12.806248,13.038405,13.416408,13.928388,14.317821,13.038405,13.0,11.045361,8.062258,4.123106,1.414214,6.708204,12.529964,18.027756,22.803509,26.248809,29.0,28.319605,8.246211,10.29563,11.401754,14.142136,14.866069,17.029386,17.804494,17.804494,17.204651,15.811388,14.422205,13.038405,11.18034,9.848858,8.246211,8.0,9.219544,10.29563,12.206556,14.21267,17.029386,19.104973,20.518285,21.260292,21.260292,19.849433,7.0,7.615773,9.219544,10.630146,13.038405,14.317821,15.811388,16.763055,17.464249,18.439089,19.416488,19.416488,19.416488,19.416488,18.439089,17.464249,15.297059,12.165525,9.0,5.830952,6.324555,9.055385,13.601471,17.088007,21.18962,23.086793,12.165525,14.56022,16.155494,17.888544,17.204651,16.278821,14.866069,12.206556,8.944272,6.082763,3.162278,3.0,4.472136,6.403124,9.219544,10.816654,12.529964,14.317821,15.231546,17.088007,17.088007,16.763055,15.811388,14.317821,11.661904,9.219544,16.492423,15.297059,13.341664,10.77033,10.0,9.219544,10.29563,12.083046,13.928388,15.231546,16.552945,18.027756,18.601075,20.518285,20.518285,19.849433,18.867962,16.643317,13.892444,10.816654,7.81025,6.082763,7.615773,11.401754,14.866069,18.439089,7.0,5.385165,4.242641,6.082763,8.062258,11.18034,14.142136,16.124515,17.029386,18.0,18.0,17.029386,16.124515,14.317821,13.341664,12.165525,11.045361,10.0,10.049876,10.198039,12.369317,13.601471,15.811388,17.088007,18.681542,17.720045
hoyeon_stand_normal_01,963,321,32.10175409836066,29.998360745314464,10,0.5382758378982544,0.6537148952484131,-0.0604165457189083,0.9983635544776917,0.540877103805542,0.6672497391700745,-0.0529830381274223,0.9965811967849731,0.5416229963302612,0.6679052114486694,-0.052985593676567,0.9958842396736144,0.5424121618270874,0.6685544848442078,-0.0529746301472187,0.9967236518859864,0.5415361523628235,0.6679883599281311,-0.0766776353120803,0.9974177479743958,0.5426228046417236,0.6689618825912476,-0.0766975507140159,0.9974325299263,0.5438205003738403,0.6698294878005981,-0.0767699629068374,0.9977344870567322,0.5513172149658203,0.6679078340530396,-0.0046408274210989,0.9918694496154784,0.5522232055664062,0.6688324213027954,-0.1120494157075882,0.9968081712722778,0.5427385568618774,0.6425124406814575,-0.0389709286391735,0.9977830052375792,0.5438091158866882,0.6434154510498047,-0.0701341480016708,0.998420000076294,0.5600698590278625,0.6003804802894592,0.0672984272241592,0.9989242553710938,0.5708310604095459,0.6118229627609253,-0.1547259390354156,0.9999168515205384,0.5537369847297668,0.5066252946853638,0.1035573258996009,0.2062358260154724,0.5694153904914856,0.5108238458633423,-0.1861766874790191,0.9845057725906372,0.5437420606613159,0.4374809563159942,0.0694220960140228,0.4488790333271026,0.5577670931816101,0.4176000654697418,-0.1870428919792175,0.9746410846710204,0.5407978296279907,0.4098153412342071,0.0673599317669868,0.4082266092300415,0.559982180595398,0.392613410949707,-0.2076169550418853,0.9562841057777404,0.5392454266548157,0.4101660549640655,0.0490855984389781,0.4247752726078033,0.5526046752929688,0.3905906975269317,-0.2093906551599502,0.954368531703949,0.5394250154495239,0.4206622838973999,0.0599526911973953,0.3984191119670868,0.5515860319137573,0.3995735347270965,-0.1866190731525421,0.9298000931739808,0.5587793588638306,0.4227096736431122,0.0598070733249187,0.9952364563941956,0.5643266439437866,0.428847461938858,-0.0598564594984054,0.9959981441497804,0.5552904009819031,0.2824048101902008,0.056083720177412,0.3074218928813934,0.5607626438140869,0.2822496294975281,-0.0570929534733295,0.7461235523223877,0.5504987239837646,0.1387958377599716,0.0960569828748703,0.3821656703948974,0.5513494610786438,0.1369644552469253,-0.0117994686588644,0.8123198747634888,0.5537728071212769,0.1142186149954795,0.0956161692738533,0.4694870114326477,0.5578870177268982,0.1059426441788673,-0.0113136516883969,0.7678256034851074,0.5294161438941956,0.1199926882982254,0.0424640066921711,0.5594406127929688,0.5332197546958923,0.1146320551633834,-0.0778859853744506,0.8398510813713074,hoyeon_stand_normal_01,14.142136,16.124515,16.124515,15.297059,14.317821,13.601471,11.7047,9.848858,8.062258,5.830952,4.123106,3.0,4.242641,5.830952,8.544004,12.083046,14.764823,17.0,19.723083,20.808652,20.615528,19.79899,17.029386,13.038405,8.544004,5.09902,13.341664,13.152946,14.142136,14.035669,13.0,11.045361,10.440307,8.944272,7.81025,8.602325,8.544004,9.219544,10.049876,11.045361,11.0,12.0,12.0,13.0,12.0,12.0,11.045361,10.198039,8.544004,9.219544,9.433981,10.440307,8.062258,9.433981,10.630146,12.529964,13.928388,15.524175,17.262677,18.11077,20.024984,20.024984,21.023796,21.023796,21.023796,21.023796,20.024984,18.027756,16.03122,13.0,9.055385,5.0,6.0,9.848858,13.892444,18.867962,21.095023,22.825424,12.165525,15.033296,16.03122,17.262677,17.720045,16.155494,13.892444,11.401754,8.602325,5.385165,3.162278,4.123106,6.082763,7.615773,10.816654,12.806248,14.866069,16.970563,17.691806,18.439089,19.209373,19.209373,17.804494,15.620499,13.453624,10.816654,12.806248,13.453624,14.142136,14.866069,14.866069,14.21267,12.206556,10.816654,9.433981,8.062258,7.211103,4.242641,3.162278,4.123106,5.830952,8.602325,11.401754,14.21267,16.401219,19.416488,20.248457,21.095023,20.59126,19.235384,17.464249,14.317821,14.035669,15.033296,16.03122,17.0,17.0,16.03122,14.035669,12.0,9.0,7.071068,6.324555,5.0,5.830952,6.324555,7.071068,8.062258,9.055385,9.055385,10.049876,10.049876,10.049876,10.049876,10.0,10.049876,10.440307,10.77033
hoyeon_stand_normal_01,966,322,32.20175956284153,29.998360745314464,10,0.5383309125900269,0.6537249088287354,-0.0590071268379688,0.9984276294708252,0.5409038662910461,0.6672579050064087,-0.0519231893122196,0.9967068433761596,0.5416427850723267,0.6679148077964783,-0.0519264973700046,0.996030867099762,0.5424301028251648,0.6685647964477539,-0.0519186370074749,0.9968414902687072,0.541591227054596,0.667996883392334,-0.074840135872364,0.9975070357322692,0.5426953434944153,0.6689682006835938,-0.0748565644025802,0.9975144267082214,0.543911337852478,0.6698381304740906,-0.0749227628111839,0.9978049397468568,0.5513491034507751,0.6679379343986511,-0.0046501285396516,0.9921979308128356,0.5523552298545837,0.6688662767410278,-0.1093811243772506,0.9968891739845276,0.5427538752555847,0.6425384879112244,-0.0381752327084541,0.9978610277175904,0.5438490509986877,0.6434625387191772,-0.0684100016951561,0.9984684586524964,0.5600435733795166,0.600413978099823,0.0622789599001407,0.9989606738090516,0.5707432627677917,0.6118608713150024,-0.1477021127939224,0.9999154210090636,0.5536466836929321,0.5067753195762634,0.0985164865851402,0.2167209088802337,0.5690759420394897,0.5113140344619751,-0.1768960952758789,0.9845107793807985,0.5436477661132812,0.4374571442604065,0.0662258490920066,0.465070366859436,0.5577621459960938,0.4180675148963928,-0.1765498369932174,0.975156307220459,0.5406768918037415,0.4095875918865204,0.0632027462124824,0.4216873943805694,0.560017466545105,0.392894297838211,-0.1957628428936004,0.9571052193641664,0.5391896963119507,0.409882515668869,0.045488353818655,0.4382905960083008,0.552608847618103,0.3907680213451385,-0.1984008848667144,0.9552135467529296,0.5393331050872803,0.4204894602298736,0.0570760443806648,0.4105950891971588,0.551567018032074,0.3997187316417694,-0.17640420794487,0.9309373497962952,0.5582699179649353,0.4230374991893768,0.0523383468389511,0.9952210187911988,0.5637504458427429,0.4291563034057617,-0.0523896291851997,0.99593985080719,0.5552551746368408,0.2825189530849457,0.0487067587673664,0.3119833469390869,0.5606871247291565,0.2822436392307281,-0.0509208552539348,0.7325630784034729,0.5499005913734436,0.1387715488672256,0.088815227150917,0.3828110992908478,0.5507510304450989,0.1369836926460266,-0.003982504364103,0.8022757768630981,0.5525698065757751,0.1142306253314018,0.088492751121521,0.4698490500450134,0.5570604801177979,0.1071773469448089,-0.0030193638522177,0.7593038082122803,0.5299055576324463,0.1198289915919303,0.0352335758507251,0.557258129119873,0.5324995517730713,0.0993620604276657,-0.0680131092667579,0.8316975235939026,hoyeon_stand_normal_01,16.124515,13.038405,9.055385,6.324555,4.242641,4.123106,5.09902,7.071068,9.055385,11.0,12.041595,12.165525,13.601471,13.0,13.892444,12.206556,9.899495,6.403124,2.236068,2.828427,8.602325,15.264338,20.124612,24.698178,27.513633,27.892651,9.899495,10.0,10.440307,12.041595,13.038405,14.317821,15.811388,17.088007,17.088007,17.464249,16.552945,15.652476,14.317821,12.529964,10.816654,10.0,8.485281,8.944272,9.219544,11.0,13.038405,16.124515,18.439089,19.416488,20.396078,19.235384,18.681542,18.681542,18.439089,17.262677,16.278821,14.035669,12.041595,10.0,8.062258,5.09902,3.162278,2.0,3.605551,6.403124,8.944272,12.083046,14.764823,17.888544,19.235384,20.59126,20.59126,21.095023,18.867962,17.204651,14.422205,11.401754,6.082763,5.0,3.162278,2.236068,3.605551,5.385165,7.28011,9.219544,10.049876,10.0,11.0,10.049876,9.055385,9.055385,8.062258,6.082763,4.123106,3.0,1.0,2.236068,4.472136,7.615773,9.848858,13.0,14.866069,17.088007,16.849966000000002,15.106348,13.0327595,10.848692,9.5595195,9.4489775,10.309594,11.5698235,13.483466,15.2104055,16.4757955,17.692388,19.076184,19.728915,20.252954000000003,19.811629,18.853024,16.7153025,14.644137,11.4291245,7.8366965,5.561553,7.387612,10.6305695,14.5425345,17.4581805,8.881774,6.555664,5.5210095,6.640055,9.2434165,12.062320499999998,14.686841,16.794382,18.069263,18.354649,18.354649,17.1313385,16.0778675,15.581983,14.0889025,13.0956755,12.10356,11.09017,10.742834,11.631693,12.8928625,14.183147,15.678030499999998,17.2904315,18.63157,18.63157
hoyeon_stand_normal_01,969,323,32.3017650273224,29.998360745314464,10,0.5382985472679138,0.6538823843002319,-0.0575123392045497,0.9984764456748962,0.5408667922019958,0.6673732399940491,-0.0505387634038925,0.99680894613266,0.541591465473175,0.668019711971283,-0.0505434349179267,0.9961496591567992,0.5423681735992432,0.6686627268791199,-0.0505368113517761,0.9969353675842284,0.5415802001953125,0.6681194305419922,-0.0734311342239379,0.997580349445343,0.542690634727478,0.6690884232521057,-0.0734479948878288,0.9975824356079102,0.5439128875732422,0.6699608564376831,-0.0735141485929489,0.99786639213562,0.5512923002243042,0.6679897308349609,-0.0040120887570083,0.9924656748771667,0.5523629784584045,0.6689456105232239,-0.1083321943879127,0.996972680091858,0.5426557660102844,0.6426286697387695,-0.0368312411010265,0.997919738292694,0.5437931418418884,0.6435571908950806,-0.0670062378048896,0.9985100626945496,0.5597552061080933,0.6003484725952148,0.0634189471602439,0.998973548412323,0.5704877376556396,0.6118685007095337,-0.1476903557777404,0.999914526939392,0.55360347032547,0.5066304802894592,0.0998299270868301,0.2197194844484329,0.5690149068832397,0.5119908452033997,-0.1767295897006988,0.9845260977745056,0.5434367060661316,0.436729222536087,0.0668524205684661,0.4703358113765716,0.5577343106269836,0.4185823202133178,-0.1743550896644592,0.9754128456115724,0.5407001972198486,0.4086769521236419,0.0637301355600357,0.4255902469158172,0.5600172877311707,0.3932614028453827,-0.1934582293033599,0.9574450850486756,0.5391553044319153,0.4091585874557495,0.0459399782121181,0.4423275589942932,0.5525435209274292,0.3911608755588531,-0.1958316415548324,0.9555389285087584,0.5391519665718079,0.4196893572807312,0.0575470142066478,0.4140880703926086,0.5514051914215088,0.4000265300273895,-0.17404106259346,0.9313510060310364,0.5574396252632141,0.4231251776218414,0.052571777254343,0.9952011704444884,0.5634663105010986,0.4292623400688171,-0.0526138059794902,0.9959203600883484,0.5545218586921692,0.282501608133316,0.0484694503247737,0.3123621940612793,0.5605210065841675,0.2821944653987884,-0.0510380156338214,0.7208311557769775,0.5493105053901672,0.1387493312358856,0.0880996435880661,0.3805786371231079,0.5505396723747253,0.1369507312774658,-0.0050622881390154,0.7939595580101013,0.5517917275428772,0.1142957136034965,0.08770003169775,0.4674063622951507,0.5567834377288818,0.1071290895342826,-0.0043371552601456,0.7524281144142151,0.5298806428909302,0.1198245584964752,0.0349002406001091,0.5539767146110535,0.5335198640823364,0.1030328720808029,-0.0697369500994682,0.8254261016845703,hoyeon_stand_normal_01,9.055385,11.18034,12.165525,12.165525,12.041595,12.041595,10.0,9.055385,7.28011,5.385165,4.123106,2.236068,1.0,3.162278,6.324555,9.486833,12.369317,15.297059,18.248288,20.099751,21.023796,20.024984,18.11077,14.56022,11.18034,7.81025,14.21267,15.556349,17.029386,17.804494,17.204651,16.124515,14.764823,13.0,10.198039,9.055385,7.071068,6.708204,7.071068,8.062258,8.544004,10.440307,11.401754,12.369317,12.369317,12.165525,12.165525,11.18034,9.055385,8.062258,5.830952,5.830952,17.888544,17.492856,17.492856,15.811388,15.0,12.806248,11.313708,9.219544,7.211103,5.385165,4.0,3.605551,5.830952,8.246211,10.049876,13.038405,16.03122,19.026298,20.024984,22.090722,22.090722,21.213203,20.223748,17.464249,15.524175,12.369317,6.0,5.0,3.0,2.236068,4.472136,6.708204,8.944272,9.433981,11.401754,11.313708,11.313708,9.899495,9.219544,7.81025,6.403124,5.0,3.605551,1.0,1.414214,4.472136,6.708204,9.848858,12.083046,15.231546,16.552945,14.2448805,16.643317,14.422205,12.529964,10.440307,9.055385,9.055385,9.219544,10.77033,12.649111,14.56022,16.492423,16.124515,18.027756,18.027756,19.235384,19.416488,18.027756,17.088007,14.317821,10.77033,8.062258,5.385165,6.708204,10.440307,13.152946,16.278821,9.486833,8.246211,7.071068,7.211103,8.485281,11.661904,14.422205,15.264338,17.492856,17.204651,17.804494,17.691806,15.556349,14.866069,13.453624,12.806248,12.041595,11.313708,11.401754,11.661904,12.529964,14.317821,15.652476,16.552945,17.0,18.35756
hoyeon_stand_normal_01,972,324,32.40177049180328,29.998360745314464,10,0.5380852818489075,0.6538885235786438,-0.0657858550548553,0.9984742403030396,0.5405431985855103,0.6673769950866699,-0.0586392395198345,0.9968122243881226,0.5412193536758423,0.6680222153663635,-0.0586428306996822,0.9961549639701844,0.5419653654098511,0.6686657667160034,-0.0586320981383323,0.9969295263290404,0.5413453578948975,0.6681230068206787,-0.081930011510849,0.997581660747528,0.5424724817276001,0.66909259557724,-0.0819543153047561,0.9975844621658324,0.5437092185020447,0.6699638366699219,-0.082026794552803,0.997868835926056,0.551054060459137,0.6680068373680115,-0.0100313387811183,0.9924858212471008,0.5522827506065369,0.6689395904541016,-0.1156571581959724,0.9969921112060548,0.5423811078071594,0.6426333785057068,-0.0441826917231082,0.9979227185249328,0.5436007380485535,0.6435680985450745,-0.0748149156570434,0.998521089553833,0.559670627117157,0.6003141403198242,0.0617447532713413,0.9989565014839172,0.569771945476532,0.6117897629737854,-0.1566440761089325,0.9999151229858398,0.553598165512085,0.5053418278694153,0.0976336449384689,0.2160733640193939,0.5686007142066956,0.5115585923194885,-0.1860617697238922,0.984573483467102,0.543444812297821,0.4344260096549988,0.0635348260402679,0.4625626504421234,0.5571849942207336,0.4184700548648834,-0.1810852885246276,0.975316286087036,0.5410680770874023,0.4059151411056518,0.0604749806225299,0.4182853102684021,0.5592165589332581,0.3931518793106079,-0.2007444202899933,0.9571797251701356,0.5393213629722595,0.4065207242965698,0.0422672517597675,0.4349855780601501,0.5519502758979797,0.3911586105823517,-0.2036476582288742,0.9552375078201294,0.5391779541969299,0.4173559546470642,0.0538581199944019,0.4073074162006378,0.5507039427757263,0.4000105261802673,-0.1809388250112533,0.9308804273605348,0.5568621754646301,0.4228929877281189,0.0528537891805172,0.9952171444892884,0.5633828043937683,0.4290221035480499,-0.0529229268431663,0.9959681034088136,0.5532538294792175,0.2819661796092987,0.0537981949746608,0.3103083074092865,0.5604860782623291,0.2816306948661804,-0.0516814477741718,0.7186357975006104,0.5487480759620667,0.1387345790863037,0.0975520461797714,0.378640353679657,0.5505973696708679,0.1364833116531372,-0.0045047993771731,0.7931572198867798,0.5516260266304016,0.1143029853701591,0.0973484739661216,0.4655395746231079,0.5567758679389954,0.1085264086723327,-0.0039867190644145,0.7520371079444885,0.5290123820304871,0.1198557540774345,0.0436327531933784,0.5533339977264404,0.5334405303001404,0.1047547683119773,-0.0712009370326995,0.8253644108772278,hoyeon_stand_normal_01,19.79899,16.970563,14.21267,10.0,6.708204,3.162278,2.0,5.0,7.071068,9.219544,10.77033,12.083046,13.892444,14.21267,14.142136,12.806248,10.816654,8.246211,6.708204,7.28011,13.038405,17.720045,21.931712,24.596748,26.07681,12.041595,10.29563,8.062258,7.615773,7.81025,10.440307,13.038405,16.03122,17.262677,18.439089,19.646883,18.681542,16.763055,15.811388,13.928388,12.083046,10.0,7.81025,7.28011,8.246211,10.29563,14.21267,16.970563,19.849433,21.931712,22.022716,10.4328575,7.28011,7.81025,6.708204,8.062258,10.049876,11.401754,13.601471,14.317821,15.652476,17.0,17.464249,17.464249,17.464249,17.464249,16.552945,15.231546,13.928388,10.77033,6.708204,3.605551,5.0,8.602325,12.529964,16.124515,18.867962,20.808652,10.630146,13.453624,15.0,16.643317,15.652476,14.866069,13.601471,11.18034,8.062258,5.0,2.236068,1.414214,4.0,6.082763,9.219544,11.401754,13.341664,14.866069,16.155494,17.088007,18.384776,17.464249,17.464249,16.155494,13.928388,11.401754,14.21267,15.556349,16.278821,16.278821,16.278821,15.620499,14.21267,12.206556,10.816654,8.602325,7.211103,5.656854,4.472136,5.0,6.324555,8.944272,11.661904,14.422205,17.492856,19.235384,21.023796,21.931712,21.540659,20.248457,17.720045,14.56022,13.601471,14.317821,16.278821,16.278821,16.278821,15.132746,13.152946,11.18034,9.219544,7.615773,6.403124,5.830952,6.324555,7.071068,8.0,9.0,10.0,10.0,11.045361,11.045361,12.041595,11.045361,11.18034,11.401754,12.083046,12.529964
hoyeon_stand_normal_01,975,325,32.50177595628415,29.998360745314464,10,0.5378277897834778,0.6538312435150146,-0.0693001970648765,0.9985181093215942,0.5401479005813599,0.6672106981277466,-0.0621237643063068,0.9968968629837036,0.5408018231391907,0.6678440570831299,-0.0621254667639732,0.9962604641914368,0.5415394902229309,0.668494462966919,-0.0621130988001823,0.9970076084136964,0.5409890413284302,0.667992889881134,-0.0855202674865722,0.997648298740387,0.5421228408813477,0.668980062007904,-0.0855439528822898,0.99765145778656,0.5433558225631714,0.6698739528656006,-0.0856135264039039,0.9979252815246582,0.550739586353302,0.667926013469696,-0.0131165534257888,0.9927034378051758,0.5520853400230408,0.6688694357872009,-0.1191454455256462,0.9970742464065552,0.5421239137649536,0.642507791519165,-0.0475202016532421,0.9979845881462096,0.5433971881866455,0.6434944272041321,-0.0782900303602218,0.9985676407814026,0.5594577789306641,0.6000673770904541,0.0603734627366066,0.9989661574363708,0.5691020488739014,0.6116035580635071,-0.160667672753334,0.9999168515205384,0.5535833239555359,0.5048803091049194,0.097567893564701,0.2175706177949905,0.5676214098930359,0.5111714005470276,-0.190660148859024,0.984813153743744,0.5433232188224792,0.4328254163265228,0.0631485432386398,0.4638448655605316,0.5558910965919495,0.418265700340271,-0.188496321439743,0.9756450653076172,0.5411517024040222,0.4041484892368316,0.0601734071969985,0.4188160896301269,0.5578014254570007,0.3929079473018646,-0.2095212340354919,0.9576076865196228,0.5393374562263489,0.4048214256763458,0.0413872264325618,0.435661643743515,0.5511044859886169,0.3909508883953094,-0.2117413431406021,0.9556543231010436,0.539171576499939,0.415915310382843,0.0532671958208084,0.4079732596874237,0.549812376499176,0.3997472524642944,-0.1882098615169525,0.9313276410102844,0.5559545755386353,0.4228768646717071,0.0539926476776599,0.995308756828308,0.5631808638572693,0.4288099408149719,-0.0540402606129646,0.9960736632347108,0.5520597100257874,0.2819334864616394,0.0562359504401683,0.3098671436309814,0.5604503750801086,0.2816192209720611,-0.0524175316095352,0.7200649976730347,0.5480652451515198,0.138737604022026,0.1010673269629478,0.378441721200943,0.5507019758224487,0.1363396346569061,-0.0059734797105193,0.7954614162445068,0.5514735579490662,0.1144187822937965,0.1010069772601127,0.4645927548408508,0.5567212700843811,0.1061240509152412,-0.0055760047398507,0.7538037896156311,0.5285270810127258,0.1196252182126045,0.0472726114094257,0.5552808046340942,0.5334101319313049,0.1051755025982856,-0.0722854882478714,0.8275198340415955,hoyeon_stand_normal_01,14.713398,14.605911,13.124465,11.8256735,9.9948165,8.5,7.1462585,6.609772,7.187478,7.936254,8.535534,9.243085,9.6567765,9.7620875,10.5622575,11.4163595,12.609772,12.6592355,13.106818,13.2169905,14.513878,16.881622999999998,19.331806,21.0300985,21.446222,21.5708675,14.596363,14.386813,13.82823,13.6132445,13.4602505,15.093409,16.67878,16.808161,17.3359135,16.5366325,15.029964,12.9713035,12.5416935,12.807764,12.8217645,12.505504,12.267421,11.1985245,11.0026315,10.6077545,12.3097895,14.01729,15.625484,16.6975555,15.7693035,15.034763,8.944272,7.81025,8.544004,10.049876,12.041595,13.341664,15.524175,16.763055,17.720045,18.027756,18.973666,19.924859,19.646883,19.646883,18.439089,17.262677,14.317821,12.369317,8.544004,6.403124,7.0,9.486833,13.416408,16.124515,19.235384,21.023796,10.77033,13.416408,15.264338,16.401219,16.278821,15.620499,13.601471,11.661904,8.944272,5.385165,3.162278,1.0,2.236068,5.09902,8.062258,10.0,12.041595,14.035669,15.132746,16.278821,17.464249,17.464249,16.492423,15.297059,14.142136,12.0,16.278821,14.56022,12.649111,11.18034,9.219544,10.816654,11.18034,12.083046,13.928388,15.652476,17.0,18.027756,18.601075,19.104973,19.849433,19.416488,18.867962,17.0,14.317821,10.29563,7.81025,5.385165,7.615773,10.0,13.453624,17.029386,8.062258,6.324555,5.656854,6.324555,9.0,12.041595,14.142136,17.029386,18.027756,18.027756,19.026298,18.11077,16.03122,15.132746,14.142136,13.152946,12.041595,12.041595,12.041595,12.165525,13.341664,14.866069,15.811388,18.027756,17.720045,18.439089
hoyeon_stand_normal_01,978,326,32.60178142076503,29.998360745314464,10,0.5371509790420532,0.654105007648468,-0.068388357758522,0.998574197292328,0.5394492745399475,0.6674101948738098,-0.0612000972032547,0.9970118403434752,0.5401080250740051,0.6680175065994263,-0.061203122138977,0.9963994026184082,0.5408737063407898,0.6686360239982605,-0.0611919946968555,0.9971124529838562,0.5402590036392212,0.6682091355323792,-0.0845826938748359,0.9977362155914308,0.5414047241210938,0.6691827774047852,-0.0846048593521118,0.9977380633354188,0.5426185727119446,0.6700543165206909,-0.0846733525395393,0.9980002045631408,0.5500799417495728,0.6679341197013855,-0.012628867290914,0.9929990172386168,0.551311194896698,0.6689146161079407,-0.1185793504118919,0.9971911311149596,0.5411881804466248,0.6426290273666382,-0.0467935092747211,0.9980606436729432,0.5425880551338196,0.6435718536376953,-0.0775395333766937,0.998622715473175,0.5586540102958679,0.5999358296394348,0.0602666065096855,0.998976707458496,0.5686322450637817,0.6115436553955078,-0.160252496600151,0.999918520450592,0.5535157918930054,0.5042861700057983,0.0974269062280654,0.2178427278995514,0.5666963458061218,0.5109798908233643,-0.190457671880722,0.9849646091461182,0.5428928732872009,0.4323561191558838,0.0621469616889953,0.4634469151496887,0.554569661617279,0.4183696210384369,-0.1889177858829498,0.9758875966072084,0.5410288572311401,0.4037135541439056,0.0590828247368335,0.4183458685874939,0.5565053820610046,0.3929289281368255,-0.2098061293363571,0.9579377770423888,0.5391594767570496,0.4043225646018982,0.0403378047049045,0.4352957010269165,0.5501388907432556,0.3909588754177093,-0.2119308114051818,0.9559821486473083,0.5389851927757263,0.415545642375946,0.0522599667310714,0.4076592922210693,0.5488850474357605,0.3997473120689392,-0.1886164247989654,0.9317060112953186,0.5545803308486938,0.4230360984802246,0.0549597479403018,0.995421588420868,0.5631242394447327,0.4288096129894256,-0.0550075881183147,0.9961901307106018,0.5514318346977234,0.2823658585548401,0.0544933602213859,0.3096263110637665,0.5602908730506897,0.2824104130268097,-0.0533559434115886,0.7188768982887268,0.5476815700531006,0.138563722372055,0.0959191024303436,0.3791728019714355,0.5507148504257202,0.136132001876831,-0.0100537864491343,0.7959174513816833,0.5514820218086243,0.114427849650383,0.0955889448523521,0.4631176888942718,0.5566654205322266,0.104970708489418,-0.0101501578465104,0.7531341314315796,0.5284515619277954,0.1188574060797691,0.0422392562031745,0.5574946403503418,0.5334072709083557,0.1058980375528335,-0.0778925195336341,0.8279516100883484,hoyeon_stand_normal_01,24.083189,21.931712,19.104973,15.0,12.083046,10.198039,8.062258,8.062258,7.81025,8.544004,9.219544,11.0,12.165525,14.317821,15.811388,16.155494,15.652476,15.811388,14.866069,15.652476,18.248288,22.022716,25.317978,29.614186,31.575307,31.780497,17.464249,14.422205,9.219544,5.09902,4.123106,8.944272,14.142136,18.601075,22.36068,24.698178,25.70992,25.317978,24.020824,22.022716,19.104973,16.278821,12.369317,8.544004,3.162278,1.414214,7.211103,13.038405,17.804494,22.022716,25.455844,26.172505,18.027756,18.384776,18.384776,16.552945,15.652476,13.892444,11.661904,10.0,7.81025,6.403124,4.472136,4.123106,4.242641,6.708204,9.486833,12.649111,14.56022,17.720045,18.973666,20.248457,20.615528,20.615528,18.788294,17.0,15.264338,11.661904,7.28011,6.082763,4.0,1.0,1.0,4.123106,6.324555,8.544004,9.848858,10.29563,10.816654,10.816654,10.0,9.219544,7.81025,6.403124,5.0,3.605551,1.0,2.236068,4.123106,7.28011,10.440307,12.649111,14.866069,16.763055,13.892444,12.529964,10.77033,9.219544,9.0,9.219544,9.848858,12.083046,12.083046,13.928388,15.524175,16.492423,17.117243,18.027756,18.11077,17.262677,17.464249,14.866069,12.649111,9.486833,6.0,5.0,7.28011,11.045361,14.035669,17.029386,9.219544,6.708204,5.09902,5.385165,8.485281,10.630146,13.601471,15.0,15.620499,17.029386,16.970563,16.278821,15.620499,15.0,12.806248,11.401754,10.0,9.899495,10.630146,10.816654,11.661904,13.416408,14.317821,15.652476,16.124515,16.124515
hoyeon_stand_normal_01,981,327,32.7017868852459,29.998360745314464,10,0.5367386341094971,0.6545654535293579,-0.0612997449934482,0.9986384510993958,0.5390119552612305,0.6677855253219604,-0.0544319525361061,0.9971429109573364,0.5396460294723511,0.6683514714241028,-0.0544388741254806,0.9965529441833496,0.5404015779495239,0.6689108610153198,-0.0544337779283523,0.9972327351570128,0.5398584604263306,0.6685755848884583,-0.0770861878991127,0.9978317618370056,0.5410085916519165,0.6695010662078857,-0.0771020129323005,0.9978299736976624,0.5422080755233765,0.6703043580055237,-0.0771624892950058,0.9980825185775756,0.5494971871376038,0.6679736375808716,-0.0081202425062656,0.9933181405067444,0.550797164440155,0.6690357327461243,-0.1109979078173637,0.9973067045211792,0.5406476259231567,0.6429078578948975,-0.0406206771731376,0.9981374740600586,0.5421499609947205,0.6438340544700623,-0.0704890117049217,0.9986777901649476,0.5581990480422974,0.5999283790588379,0.0609811507165432,0.998988926410675,0.5681655406951904,0.6115420460700989,-0.1504058241844177,0.999919295310974,0.5535023808479309,0.5041016340255737,0.096931405365467,0.2186170220375061,0.5658980011940002,0.5109716057777405,-0.1791736036539077,0.9849120378494264,0.5429908037185669,0.4309523403644562,0.0617299415171146,0.4617826342582702,0.5531653761863708,0.4189649820327759,-0.1766598671674728,0.9760041832923888,0.5412572026252747,0.4023716151714325,0.0578254349529743,0.4161393642425537,0.5549803376197815,0.3930815160274505,-0.1961438208818435,0.958041787147522,0.5393057465553284,0.4024757444858551,0.0399113297462463,0.432989239692688,0.5488889813423157,0.3912707567214966,-0.1982413977384567,0.956062078475952,0.5390150547027588,0.4138061106204986,0.052095491439104,0.4053743183612823,0.5475950241088867,0.4000052511692047,-0.1762858480215072,0.9317687153816224,0.5539869070053101,0.4234527945518493,0.0516745932400226,0.9954606294631958,0.5629342794418335,0.4291711151599884,-0.0517087616026401,0.9962331652641296,0.5506816506385803,0.2826794385910034,0.046425923705101,0.3117127120494842,0.559766948223114,0.2825823426246643,-0.0513469539582729,0.7066868543624878,0.5469995737075806,0.1382104307413101,0.085193395614624,0.3785310983657837,0.5506532788276672,0.1359914690256118,-0.0077710547484457,0.786614179611206,0.550845742225647,0.1143531799316406,0.0846980735659599,0.459416925907135,0.5564985871315002,0.1049575805664062,-0.0075389649718999,0.743034839630127,0.5284639000892639,0.1181223914027214,0.0314706042408943,0.5557122230529785,0.5339708924293518,0.1064133197069168,-0.0740755498409271,0.8209625482559204,hoyeon_stand_normal_01,25.059928,23.323808,20.0,18.439089,15.620499,15.264338,13.0,12.369317,12.041595,11.18034,10.77033,11.661904,12.806248,14.142136,15.0,15.811388,17.0,18.384776,18.439089,19.026298,21.213203,24.041631,27.513633,31.016125,31.953091,31.622777,17.088007,14.142136,11.045361,5.830952,2.828427,7.0,13.601471,17.888544,21.400935,23.345235,24.413111,24.186773,22.847319,20.615528,18.248288,15.132746,11.0,7.0,3.162278,4.123106,9.219544,14.866069,19.209373,23.600847,26.07681,26.925824,9.433981,8.602325,8.544004,9.0,11.18034,13.601471,14.866069,16.155494,17.464249,17.888544,18.384776,19.313208,19.313208,18.973666,17.720045,16.492423,13.601471,11.7047,8.062258,6.403124,7.071068,10.77033,13.892444,17.492856,20.59126,22.36068,13.0,15.033296,17.262677,18.439089,18.973666,17.888544,16.124515,13.601471,10.630146,7.071068,4.242641,1.0,3.0,6.082763,8.246211,10.049876,13.152946,14.035669,16.0,17.029386,18.027756,18.11077,17.029386,16.03122,15.0,12.041595,13.601471,15.231546,15.231546,14.866069,14.866069,14.56022,12.369317,11.18034,10.198039,8.062258,6.324555,5.385165,4.242641,5.385165,7.071068,9.0,11.0,14.035669,16.0,19.0,20.024984,20.099751,20.223748,19.416488,16.492423,14.56022,12.0,14.0,15.033296,16.03122,16.124515,15.132746,13.038405,12.041595,10.0,8.062258,6.324555,5.830952,5.0,5.830952,6.708204,7.28011,8.246211,9.486833,9.486833,10.440307,10.440307,10.440307,10.198039,10.049876,11.0,11.18034
hoyeon_stand_normal_01,984,328,32.801792349726774,29.998360745314464,10,0.5356537699699402,0.6556794047355652,-0.0585163608193397,0.9986755847930908,0.538110613822937,0.6688655018806458,-0.0517288818955421,0.9972177147865297,0.5387808680534363,0.669350802898407,-0.0517351664602756,0.996637523174286,0.5395911931991577,0.669840931892395,-0.0517272353172302,0.9972940683364868,0.5388151407241821,0.6696276664733887,-0.0742550417780876,0.997883677482605,0.539929986000061,0.6704608798027039,-0.0742706805467605,0.9978771805763244,0.5411036610603333,0.6712168455123901,-0.0743336454033851,0.9981275200843812,0.5487107038497925,0.6685206890106201,-0.0065692821517586,0.9934812784194946,0.549465537071228,0.6696316003799438,-0.1088705584406852,0.9973657131195068,0.5394426584243774,0.6438342332839966,-0.0382665656507015,0.9981693625450134,0.5408814549446106,0.6447519659996033,-0.0679869651794433,0.9987078309059144,0.5582066178321838,0.6002702713012695,0.0604933612048625,0.9989861249923706,0.5670300722122192,0.611569881439209,-0.1477246731519699,0.9999195337295532,0.5539127588272095,0.5037117004394531,0.0905933156609535,0.2155557721853256,0.5649039149284363,0.51094651222229,-0.1761827170848846,0.9848104119300842,0.5441923141479492,0.4292872250080108,0.0523542501032352,0.4546639025211334,0.5516237616539001,0.4190469086170196,-0.1716721802949905,0.9759079813957214,0.542568027973175,0.4009826481342315,0.0476214624941349,0.4094687104225158,0.5530508756637573,0.3930666744709015,-0.1905261427164077,0.9578108191490172,0.5402064919471741,0.4007243514060974,0.0305358059704303,0.4259779453277588,0.5475051403045654,0.3912747800350189,-0.1918415427207946,0.9557925462722778,0.5395599603652954,0.4122214019298553,0.0429194308817386,0.3984737694263458,0.5462245941162109,0.4000079929828644,-0.170909434556961,0.9313746094703674,0.5540205240249634,0.4235529005527496,0.0494655780494213,0.995424509048462,0.5622971057891846,0.4292863607406616,-0.0495021119713783,0.996216595172882,0.5506025552749634,0.2826933562755584,0.0456142351031303,0.3173410594463348,0.559184193611145,0.2825444936752319,-0.0483733899891376,0.6969967484474182,0.5466580986976624,0.1379419416189193,0.0854580178856849,0.3813190162181854,0.5505041480064392,0.1358772218227386,-0.0021447066683322,0.7789214849472046,0.5503509044647217,0.1142365187406539,0.0850066691637039,0.4592602849006653,0.5564024448394775,0.1049132272601127,-0.0014231669483706,0.7347815632820129,0.5285035371780396,0.1172926127910614,0.0316065475344657,0.555917501449585,0.5352404117584229,0.1068545505404472,-0.0674032941460609,0.8149776458740234,hoyeon_stand_normal_01,13.341664,12.165525,12.0,11.045361,11.18034,11.401754,10.440307,10.77033,9.848858,8.062258,7.211103,7.81025,7.211103,8.062258,8.544004,10.198039,11.045361,13.0,14.035669,16.278821,18.248288,20.615528,21.587033,22.36068,23.194827,22.022716,11.401754,10.29563,7.28011,4.123106,1.0,3.605551,7.211103,9.899495,12.041595,13.038405,13.928388,13.601471,13.152946,12.0,10.049876,9.055385,7.071068,5.0,3.605551,4.472136,6.082763,9.055385,11.045361,13.152946,14.317821,15.524175,18.248288,18.439089,18.439089,17.464249,16.492423,14.56022,12.649111,10.77033,8.944272,6.403124,5.0,4.123106,5.09902,7.211103,9.219544,12.041595,14.866069,17.029386,18.439089,20.615528,20.808652,20.808652,19.723083,17.888544,15.652476,13.0,7.211103,5.830952,3.605551,1.414214,2.236068,4.123106,6.082763,8.246211,9.486833,10.77033,10.77033,11.18034,10.29563,9.433981,8.062258,7.211103,5.385165,3.162278,2.236068,3.162278,5.0,7.071068,10.049876,12.165525,15.297059,16.278821,16.278821,15.132746,12.369317,10.77033,9.433981,9.219544,10.816654,12.529964,13.416408,14.764823,16.643317,17.804494,19.104973,19.209373,20.0,18.867962,18.788294,16.155494,13.928388,10.77033,6.708204,4.472136,6.324555,10.0,14.21267,16.401219,10.198039,8.062258,7.071068,7.615773,10.049876,12.0,15.132746,17.029386,18.027756,19.0,18.0,18.027756,17.117243,15.132746,14.142136,14.035669,12.041595,12.0,12.0,12.165525,13.341664,15.524175,16.492423,17.464249,18.439089,18.439089
hoyeon_stand_normal_01,987,329,32.90179781420765,29.998360745314464,10,0.5348749756813049,0.655964732170105,-0.0564154721796512,0.9986689686775208,0.5374156832695007,0.6691698431968689,-0.0494217984378337,0.997210681438446,0.5380799770355225,0.6696237921714783,-0.0494294427335262,0.9966267347335817,0.5388818383216858,0.6700758337974548,-0.0494176335632801,0.997277557849884,0.5381277799606323,0.6699707508087158,-0.0721016600728035,0.997867226600647,0.5392597317695618,0.6707789301872253,-0.0721183568239212,0.9978578090667723,0.5404514074325562,0.6715011596679688,-0.0721860229969024,0.998114287853241,0.5480480194091797,0.6686373949050903,-0.0044832732528448,0.9934574961662292,0.548701822757721,0.6697719097137451,-0.1072917953133583,0.9973421692848206,0.5386238694190979,0.6439721584320068,-0.0362523421645164,0.9981395602226256,0.5401279926300049,0.6449033617973328,-0.0661415085196495,0.9986941814422609,0.5583449006080627,0.6007190346717834,0.0607795678079128,0.9989680647850036,0.565464437007904,0.611569881439209,-0.147514596581459,0.9999186992645264,0.555000364780426,0.5029566287994385,0.0899341404438018,0.2103792876005172,0.5636027455329895,0.5107446908950806,-0.1757329106330871,0.9845492839813232,0.5470322966575623,0.4283377230167389,0.0512231104075908,0.4450932741165161,0.5504456162452698,0.4190088808536529,-0.1706159859895706,0.975555956363678,0.5463870763778687,0.3995689451694488,0.0466975420713424,0.4010138511657715,0.5518092513084412,0.3927910625934601,-0.1895674169063568,0.9572620987892152,0.5429006218910217,0.3984090685844421,0.0299480091780424,0.4170741140842438,0.5467736124992371,0.3911062479019165,-0.1906122863292694,0.9551973342895508,0.5417673587799072,0.4102101922035217,0.0419166199862957,0.3898285925388336,0.5455123782157898,0.399856686592102,-0.1697309613227844,0.9305340647697448,0.5541051030158997,0.4235435724258423,0.0506104603409767,0.9953677654266356,0.5617722868919373,0.429285854101181,-0.0506537109613418,0.9961825609207152,0.5506924986839294,0.2827170491218567,0.0468404665589332,0.317997395992279,0.5588446855545044,0.2825463414192199,-0.0485376939177513,0.688271701335907,0.5467159152030945,0.1377980560064315,0.0867750197649002,0.3797709941864013,0.5505379438400269,0.1357897967100143,-0.0024843933060765,0.7711259722709656,0.5504054427146912,0.1141937002539634,0.0863317176699638,0.4567162692546844,0.5564390420913696,0.1049075797200203,-0.001781765371561,0.7280106544494629,0.5285133123397827,0.1168910786509513,0.0331346504390239,0.5530866980552673,0.5351170301437378,0.1071319878101348,-0.0675684288144111,0.8091410994529724,hoyeon_stand_normal_01,12.806248,11.661904,10.77033,11.401754,12.165525,12.165525,13.038405,12.165525,11.045361,10.049876,9.055385,8.0,7.071068,6.324555,6.403124,6.403124,8.062258,10.440307,12.369317,15.297059,18.248288,20.396078,22.803509,23.4094,22.36068,20.59126,11.18034,9.848858,7.615773,5.385165,3.605551,5.09902,7.28011,10.440307,11.18034,13.038405,13.0,13.152946,12.369317,11.401754,10.440307,8.544004,7.28011,6.0,6.082763,7.211103,9.219544,10.630146,12.727922,14.142136,14.142136,14.142136,13.4830505,12.6377985,13.042385499999998,12.924429,12.908327,12.5207975,12.2494925,11.634027499999998,11.4503045,11.1160855,11.014693,11.395413,11.8872845,12.6537895,13.2872255,14.329452,14.358981,14.835634,14.162704,13.897733,14.1281335,15.380101500000002,16.2275065,17.392527,17.682065,16.5955485,10.0519265,10.460437,10.5577265,10.5929935,10.310422,11.3600225,11.254081,10.8776355,10.0,9.200877,7.656854,6.727904499999999,7.1150905,7.828427,8.543803,8.920624499999999,9.3186,9.013878,9.4396925,9.0287655,10.807981,12.714314,13.0276925,14.083054999999998,14.228937,14.418734,15.132746,14.142136,12.165525,10.77033,9.433981,9.219544,10.630146,11.401754,13.601471,14.21267,15.620499,17.691806,17.804494,18.35756,18.788294,17.088007,17.720045,15.524175,13.152946,10.198039,6.324555,4.472136,6.082763,9.848858,13.0,15.231546,9.486833,8.062258,7.071068,7.615773,9.055385,12.041595,14.035669,16.124515,17.029386,18.0,18.0,17.029386,17.117243,15.297059,14.142136,13.152946,12.165525,12.041595,12.0,12.041595,13.152946,14.142136,16.278821,17.262677,18.248288,17.262677
hoyeon_stand_normal_01,990,330,33.00180327868853,29.998360745314464,10,0.534172773361206,0.6561339497566223,-0.0569354854524135,0.9986626505851746,0.5367662310600281,0.6693759560585022,-0.0498245470225811,0.9972078204154968,0.5374324917793274,0.6698041558265686,-0.0498316846787929,0.996621310710907,0.5382258892059326,0.6702213287353516,-0.0498180538415908,0.9972631335258484,0.5374724864959717,0.6701981425285339,-0.0726557001471519,0.9978559017181396,0.5386070609092712,0.6709855794906616,-0.0726735591888427,0.9978457093238832,0.5398159623146057,0.6716853380203247,-0.0727425590157508,0.9981065988540648,0.5474547147750854,0.6686894297599792,-0.0044229379855096,0.9934394955635072,0.5480837225914001,0.6698712706565857,-0.1078346222639083,0.997325837612152,0.5379140973091125,0.6440058350563049,-0.0365769751369953,0.9981122612953186,0.5393310189247131,0.6450101733207703,-0.0666427612304687,0.998680830001831,0.5583727359771729,0.601136326789856,0.0609508492052555,0.9989479780197144,0.5644015073776245,0.6115904450416565,-0.1485286802053451,0.9999178647994996,0.5555101037025452,0.5025125741958618,0.0873916149139404,0.2056831568479538,0.5621805191040039,0.5107340216636658,-0.1773023009300232,0.9843233823776244,0.5513679385185242,0.4271015524864197,0.0477580949664115,0.4353126287460327,0.5494831204414368,0.4190085232257843,-0.1731275618076324,0.9751869440078736,0.5525867342948914,0.398059070110321,0.0429534390568733,0.3922170400619507,0.5508791208267212,0.3926050961017608,-0.1924437880516052,0.9566959738731384,0.547118067741394,0.3957803845405578,0.026567880064249,0.4077498614788055,0.5464375615119934,0.3909957408905029,-0.1939875334501266,0.9545849561691284,0.5461488962173462,0.4074333608150482,0.0386178456246852,0.3807198703289032,0.5452319979667664,0.3996690511703491,-0.1724799275398254,0.9296271204948424,0.5540951490402222,0.4235601723194122,0.0512634664773941,0.9953425526618958,0.5610331892967224,0.4294774532318115,-0.0513125099241733,0.9961788058280944,0.5507687926292419,0.2827686369419098,0.0477641969919204,0.3190609216690063,0.5588277578353882,0.2825921177864074,-0.0479885824024677,0.6810656785964966,0.5467378497123718,0.1377101987600326,0.0874531716108322,0.3799836635589599,0.5506897568702698,0.1356963515281677,-0.0011258827289566,0.7656905055046082,0.5504609942436218,0.1141834780573844,0.0869004651904106,0.4570032656192779,0.5564457774162292,0.1050191521644592,-0.0003288103325758,0.7239838242530823,0.5289141535758972,0.1164894700050354,0.0340651795268058,0.5526448488235474,0.535074770450592,0.1073633655905723,-0.066270999610424,0.80536949634552,hoyeon_stand_normal_01,11.401754,10.630146,11.18034,12.649111,13.601471,15.524175,15.524175,14.56022,13.928388,12.649111,11.7047,9.486833,8.246211,7.0,5.385165,5.656854,7.615773,10.440307,14.317821,17.464249,20.615528,24.041631,25.632011,26.400758,25.553865,23.021729,11.045361,10.0,8.0,6.082763,5.830952,6.403124,7.615773,9.848858,10.77033,12.083046,12.529964,11.661904,11.661904,10.816654,9.433981,8.062258,7.28011,8.062258,9.055385,10.198039,11.7047,13.0,14.866069,14.866069,14.866069,13.0,18.027756,18.027756,18.027756,16.643317,15.264338,13.892444,12.529964,10.77033,8.544004,7.071068,6.082763,5.385165,5.656854,6.708204,9.219544,11.18034,14.142136,16.124515,18.248288,19.235384,20.615528,20.615528,19.924859,18.384776,15.652476,13.038405,7.071068,5.09902,3.162278,1.414214,2.236068,4.242641,7.071068,9.219544,10.630146,11.401754,11.661904,11.18034,9.848858,9.848858,7.615773,6.708204,5.385165,3.605551,3.162278,3.605551,5.656854,8.602325,11.401754,13.601471,15.811388,17.204651,13.152946,14.317821,15.297059,15.132746,14.142136,14.142136,13.038405,11.0,9.0,8.0,6.0,5.09902,3.605551,4.472136,6.324555,8.062258,12.165525,14.142136,16.278821,18.439089,19.646883,19.924859,19.313208,18.384776,15.652476,13.416408,12.165525,13.152946,15.297059,15.524175,15.811388,14.56022,13.601471,11.401754,9.219544,8.062258,6.082763,5.385165,5.656854,6.403124,7.211103,7.615773,8.062258,8.944272,9.433981,10.29563,10.29563,10.29563,9.848858,10.440307,11.18034,11.0
hoyeon_stand_normal_01,993,331,33.1018087431694,29.998360745314464,10,0.5336474776268005,0.6563243269920349,-0.0557691715657711,0.9986178874969482,0.5363913774490356,0.6696642637252808,-0.0480316691100597,0.99714457988739,0.5370921492576599,0.6700692772865295,-0.0480379685759544,0.9965488910675048,0.537912130355835,0.6704580187797546,-0.0480162389576435,0.9971955418586732,0.5370273590087891,0.6705036163330078,-0.0714307948946952,0.997797191143036,0.5381478071212769,0.6712762117385864,-0.0714491829276084,0.9977858662605286,0.5393484830856323,0.6719703078269958,-0.0715214312076568,0.9980587959289552,0.5471917390823364,0.6688371300697327,-0.0012521517928689,0.9932697415351868,0.5476285815238953,0.6700223684310913,-0.1072767302393913,0.9972591400146484,0.5374117493629456,0.6440833806991577,-0.0350447446107864,0.9980281591415404,0.538648784160614,0.645167350769043,-0.0657982900738716,0.998629629611969,0.5590015649795532,0.601897120475769,0.0671048015356063,0.9989044666290284,0.5632124543190002,0.6116719841957092,-0.149592638015747,0.999917447566986,0.5573381185531616,0.5025277137756348,0.0894527435302734,0.1968863308429718,0.5613934397697449,0.5108721852302551,-0.18333201110363,0.9842829704284668,0.5564681887626648,0.4254299998283386,0.0487564206123352,0.4183429777622223,0.5482484102249146,0.4190608561038971,-0.1841108649969101,0.9745230674743652,0.5580942630767822,0.3968228101730346,0.0445493794977664,0.3776693642139435,0.5488680005073547,0.392212837934494,-0.2055111527442932,0.9556722640991212,0.552859365940094,0.3937467336654663,0.0277933850884437,0.3924454152584076,0.5452373027801514,0.3907901644706726,-0.2041456550359726,0.9534952640533448,0.5521048307418823,0.4050640165805816,0.0393855422735214,0.3662564754486084,0.5442694425582886,0.3995282649993896,-0.1824969798326492,0.9279677271842957,0.5544760227203369,0.423714280128479,0.0565437152981758,0.9953189492225648,0.5596029162406921,0.4295443594455719,-0.0566307976841926,0.9961912035942078,0.550909698009491,0.282768040895462,0.0528793819248676,0.3181799054145813,0.5584449172019958,0.2826112508773803,-0.0512127429246902,0.6842857599258423,0.5467783808708191,0.1375758051872253,0.0950118452310562,0.3806085884571075,0.5506541132926941,0.1354445070028305,-0.0061960355378687,0.7681745290756226,0.55049729347229,0.1139790043234825,0.0947016477584838,0.4597214162349701,0.5563375353813171,0.1049811169505119,-0.0056305252946913,0.7275474071502686,0.5286130309104919,0.1163982823491096,0.0404953323304653,0.5536676049232483,0.534839391708374,0.1074099764227867,-0.0729642361402511,0.807309627532959,hoyeon_stand_normal_01,24.207437,24.413111,22.36068,19.697716,15.811388,12.083046,8.602325,6.403124,7.071068,9.055385,11.401754,14.317821,16.278821,18.248288,20.099751,21.023796,22.0,22.090722,21.213203,19.416488,17.262677,13.038405,11.401754,11.401754,14.422205,18.867962,9.055385,11.18034,13.601471,14.317821,14.764823,14.422205,13.601471,12.041595,10.0,8.062258,7.615773,7.28011,8.062258,9.0,10.0,10.049876,10.0,10.0,10.0,9.055385,9.486833,9.433981,12.041595,14.866069,18.439089,21.931712,11.0,10.440307,12.083046,12.206556,13.453624,14.866069,16.401219,17.204651,18.027756,18.867962,19.416488,19.416488,19.209373,19.209373,19.209373,17.029386,16.401219,14.21267,12.529964,10.440307,9.055385,11.18034,13.601471,16.278821,20.518285,22.022716,12.649111,15.231546,17.464249,18.867962,19.209373,17.691806,16.401219,13.892444,9.848858,7.28011,3.162278,3.0,6.082763,9.219544,10.77033,13.416408,15.264338,16.401219,17.804494,18.439089,17.691806,16.278821,14.866069,13.601471,12.083046,16.5080195,14.738504,14.3007355,13.5111265,12.759997,11.8413785,12.0428065,11.75175,12.041595,11.0207975,11.3722305,11.1840635,11.2099545,10.9681925,11.17878,12.2160135,13.1470655,13.8936085,13.9070705,13.9014865,13.62365,12.349457,12.167202,12.727922,14.2448805,14.7064295,14.525165,11.4074975,11.035534,11.5547115,11.8216585,12.444764,13.053509,13.730305,13.6142265,13.3773305,12.6720295,11.857367,11.4236595,11.151307,10.464194,10.3556845,9.8239825,10.310649000000002,10.6053185,10.6891895,11.421122,11.804155000000002,12.5016125,12.885165,13.7907795,14.4332775,14.342456
hoyeon_stand_normal_01,996,332,33.20181420765027,29.998360745314464,10,0.5334811806678772,0.6568226218223572,-0.0557744987308979,0.998649001121521,0.5363161563873291,0.6701481938362122,-0.048045951873064,0.9972218871116638,0.5370277166366577,0.6705240607261658,-0.048051431775093,0.9966336488723756,0.5378589630126953,0.6708831191062927,-0.0480311885476112,0.9972620010375975,0.5369530320167542,0.6709676384925842,-0.0714135915040969,0.9978563189506532,0.5380844473838806,0.6717131733894348,-0.0714310258626937,0.997841775417328,0.5392910242080688,0.6723974943161011,-0.0715010464191436,0.9981122016906738,0.5471017956733704,0.6690778732299805,-0.0013537608319893,0.9934430122375488,0.5475454330444336,0.6702526807785034,-0.1073288694024086,0.9973332285881042,0.5372011065483093,0.6444917917251587,-0.0350612141191959,0.998073160648346,0.5384136438369751,0.645638644695282,-0.0658225715160369,0.9986628890037536,0.559015154838562,0.6024799346923828,0.0667382180690765,0.9989076256752014,0.5630407333374023,0.6118677258491516,-0.1499697417020797,0.9999186396598816,0.5573070049285889,0.503255307674408,0.0901605561375618,0.1948435008525848,0.5613822937011719,0.5125018358230591,-0.1834775507450103,0.9845728874206544,0.5565063953399658,0.4256212115287781,0.049448437988758,0.4117501676082611,0.5468928217887878,0.4204598665237427,-0.185289204120636,0.974737584590912,0.5587118268013,0.396812230348587,0.0450178235769271,0.3714786469936371,0.5473745465278625,0.3922733664512634,-0.2066276222467422,0.9560176730155944,0.5543114542961121,0.3935239613056183,0.0282094441354274,0.3856851160526275,0.5438872575759888,0.3910009860992431,-0.2053482234477996,0.9538547396659852,0.5532655119895935,0.4048279523849487,0.0401592329144477,0.3595497608184814,0.5428451895713806,0.3999017775058746,-0.183652713894844,0.928329348564148,0.5541350245475769,0.4263539314270019,0.0565241985023021,0.9953292608261108,0.5588947534561157,0.4315335154533386,-0.0566052980720996,0.9962286949157716,0.5509046316146851,0.2846734523773193,0.0527111813426017,0.3224952220916748,0.5581818222999573,0.2839289307594299,-0.0520121194422245,0.6840567588806152,0.5466297268867493,0.1375714391469955,0.0948363170027732,0.3835382461547851,0.5501832365989685,0.1355136185884475,-0.0072477585636079,0.7676936388015747,0.5502054691314697,0.1139621511101722,0.0945565998554229,0.4630739986896515,0.5559567213058472,0.1061741262674331,-0.0065085091628134,0.7273048758506775,0.5285720229148865,0.1161684915423393,0.0404346399009227,0.5554780960083008,0.5348201990127563,0.1072926819324493,-0.0739536806941032,0.8065171837806702,hoyeon_stand_normal_01,25.019992,25.179357,23.537205,20.880613,17.088007,12.649111,9.055385,7.071068,7.071068,9.433981,12.083046,14.317821,16.552945,18.788294,20.59126,22.472205,23.600847,24.083189,23.345235,20.518285,17.691806,14.142136,10.29563,10.0,13.0,18.35756,8.944272,11.7047,12.649111,13.341664,14.317821,13.152946,12.041595,11.045361,10.198039,9.486833,8.062258,8.602325,9.219544,9.219544,10.630146,10.630146,10.630146,10.630146,9.899495,10.0,8.944272,10.198039,12.041595,15.132746,19.235384,22.203603,17.204651,16.401219,16.401219,15.620499,14.21267,12.727922,10.630146,9.219544,7.211103,6.324555,5.0,4.472136,5.656854,7.211103,9.848858,11.7047,14.56022,16.763055,18.973666,20.248457,21.540659,21.931712,20.124612,19.723083,17.492856,14.21267,8.062258,6.082763,4.123106,2.236068,3.162278,5.09902,8.246211,9.219544,11.18034,12.041595,12.0,12.0,11.045361,10.198039,9.219544,8.062258,6.082763,4.0,2.236068,2.0,4.472136,7.211103,9.433981,12.206556,14.422205,15.811388,14.317821,15.132746,16.278821,16.278821,15.297059,14.56022,13.601471,11.7047,10.77033,8.544004,7.28011,6.082763,5.09902,5.0,6.403124,9.433981,11.661904,14.764823,17.492856,19.416488,20.808652,20.615528,20.518285,18.384776,16.970563,13.453624,12.083046,13.416408,14.764823,15.264338,15.264338,15.264338,13.892444,11.661904,9.848858,8.246211,7.0,6.082763,5.830952,6.403124,7.071068,8.485281,9.219544,9.899495,9.899495,11.313708,10.630146,10.630146,11.401754,10.29563,11.18034,12.649111
hoyeon_stand_normal_01,999,333,33.301819672131145,29.998360745314464,10,0.5331719517707825,0.6571251749992371,-0.0561046227812767,0.99868643283844,0.536129891872406,0.670560896396637,-0.0484731718897819,0.9973034858703612,0.5368279814720154,0.6709227561950684,-0.0484785921871662,0.9967294931411744,0.5376501083374023,0.6712518930435181,-0.0484596751630306,0.9973356127738952,0.5368101596832275,0.6713486313819885,-0.0717818662524223,0.9979243278503418,0.5379528403282166,0.6720556020736694,-0.0717994719743728,0.9979106783866882,0.5391810536384583,0.6726979613304138,-0.0718695297837257,0.9981735944747924,0.5468839406967163,0.6691878437995911,-0.0016750887734815,0.9936204552650452,0.5474053025245667,0.6703648567199707,-0.107603445649147,0.9974258542060852,0.5368098616600037,0.6445746421813965,-0.0353681482374668,0.9981251955032348,0.5380977988243103,0.6457400321960449,-0.0659758299589157,0.9987043142318726,0.5589154362678528,0.602481484413147,0.0669699385762214,0.9989054203033448,0.5627920031547546,0.6119200587272644,-0.1528244018554687,0.9999209642410278,0.5573680400848389,0.5031177401542664,0.0906146764755249,0.1910334527492523,0.5608987212181091,0.5127319097518921,-0.1868643462657928,0.9850347638130188,0.5587015151977539,0.4250757694244385,0.0508438125252723,0.4032100439071655,0.5456088185310364,0.4205321073532104,-0.1896051913499832,0.9751920104026794,0.5625342726707458,0.3964549601078033,0.0466389991343021,0.3641056418418884,0.5459660887718201,0.3920833170413971,-0.2117279320955276,0.956679105758667,0.5556750893592834,0.3930608332157135,0.0294643156230449,0.3777403235435486,0.542522132396698,0.3909686505794525,-0.2099909484386444,0.954547882080078,0.5544251203536987,0.4041033983230591,0.0414527729153633,0.3519359529018402,0.5414604544639587,0.3998993635177612,-0.1878013908863067,0.9291831851005554,0.5531509518623352,0.4263375103473663,0.0589998736977577,0.9954152703285216,0.5580984950065613,0.4316020309925079,-0.0590941049158573,0.9963412880897522,0.5501849055290222,0.2846715152263641,0.0545903034508228,0.3256709575653076,0.5576547980308533,0.2839408814907074,-0.0555329248309135,0.6908111572265625,0.5463739633560181,0.1375739127397537,0.098683625459671,0.3861014544963836,0.5500684380531311,0.1354915350675583,-0.0120035763829946,0.7726379632949829,0.5501824617385864,0.1149568855762481,0.0987130627036094,0.4667638540267944,0.5559499263763428,0.1067921668291091,-0.0115066422149539,0.7317817807197571,0.5283547043800354,0.1161061748862266,0.0450445599853992,0.5584272146224976,0.5346354842185974,0.1070931926369667,-0.0793135836720466,0.8101717233657837,hoyeon_stand_normal_01,25.96151,25.317978,24.083189,21.0,17.029386,13.038405,9.0,5.385165,5.830952,7.071068,10.0,13.0,15.0,18.0,20.024984,21.213203,22.36068,22.803509,22.472205,20.615528,16.552945,13.0,9.0,8.062258,11.661904,17.0,9.848858,12.083046,12.649111,13.601471,13.341664,13.341664,12.369317,11.401754,9.848858,9.433981,9.219544,9.899495,10.630146,10.630146,10.630146,11.401754,11.401754,10.630146,10.0,8.944272,8.246211,9.0,11.7047,15.231546,19.235384,21.931712,8.944272,9.219544,11.0,11.18034,12.369317,12.649111,13.928388,14.317821,14.764823,15.652476,15.652476,15.652476,15.652476,16.552945,16.552945,15.231546,14.317821,13.416408,11.661904,9.219544,8.062258,9.219544,11.045361,14.317821,16.492423,19.416488,11.313708,13.453624,15.811388,17.0,17.464249,16.763055,14.142136,12.0,9.055385,6.082763,3.162278,2.828427,5.656854,8.485281,10.0,12.206556,13.892444,14.317821,15.231546,14.866069,14.866069,14.56022,13.0,11.18034,10.0,13.4283745,15.811388,13.601471,12.041595,10.630146,9.848858,10.440307,11.18034,13.152946,15.132746,16.278821,17.464249,18.027756,18.788294,19.723083,19.416488,19.209373,18.384776,16.278821,13.453624,9.219544,6.708204,6.082763,8.485281,12.041595,16.401219,17.804494,8.602325,7.81025,5.830952,6.082763,8.246211,11.18034,13.416408,15.264338,16.124515,17.0,17.0,17.088007,15.811388,14.56022,13.601471,12.649111,12.649111,12.083046,11.18034,11.661904,13.038405,14.422205,16.401219,17.204651,18.027756,18.027756
hoyeon_stand_normal_01,1002,334,33.40182513661202,29.998360745314464,10,0.5328493714332581,0.657260537147522,-0.0519607849419117,0.9987314343452454,0.5358501076698303,0.6707764863967896,-0.0436005592346191,0.9974070191383362,0.5365521907806396,0.671147882938385,-0.0436075590550899,0.9968554377555848,0.5373784899711609,0.671477735042572,-0.0435826182365417,0.997435450553894,0.5365074276924133,0.6715608835220337,-0.0675271078944206,0.9980037808418274,0.5376231670379639,0.6722577810287476,-0.0675440579652786,0.9979940056800842,0.5388399362564087,0.6728735566139221,-0.0676108822226524,0.9982462525367736,0.5466277599334717,0.6692694425582886,0.0039354576729238,0.9938588738441468,0.5470247268676758,0.6704277396202087,-0.1046027243137359,0.9975385069847108,0.5364423990249634,0.6446260213851929,-0.0311215706169605,0.9981901049613952,0.5376904010772705,0.6458286643028259,-0.0625955015420913,0.9987478256225586,0.558916449546814,0.6025099158287048,0.0750991478562355,0.9989044666290284,0.5623006224632263,0.6119396686553955,-0.1533115208148956,0.9999240636825562,0.5581988096237183,0.5028666853904724,0.097537063062191,0.1858541667461395,0.5602189302444458,0.5129090547561646,-0.187749296426773,0.9855758547782898,0.5623825192451477,0.4240633845329284,0.0548300743103027,0.3923183381557464,0.5445495247840881,0.4207797944545746,-0.190721184015274,0.9756947159767152,0.56939297914505,0.3965324163436889,0.0511243306100368,0.354785144329071,0.5446240901947021,0.3920772969722748,-0.2136316746473312,0.9574118852615356,0.56117844581604,0.3929806351661682,0.0335139445960521,0.3676285147666931,0.5410667657852173,0.3909664452075958,-0.2109786570072174,0.9552817940711976,0.5617040395736694,0.4016095995903015,0.045235089957714,0.34246626496315,0.5400398969650269,0.3999150693416595,-0.1886287778615951,0.9300284385681152,0.5530883073806763,0.4264856874942779,0.0641480460762977,0.9955142140388488,0.5569237470626831,0.4319069385528564,-0.0642551779747009,0.9964521527290344,0.5500198006629944,0.2844701707363128,0.0583264417946338,0.3245691955089569,0.5570113658905029,0.2839410901069641,-0.0601747706532478,0.701437771320343,0.5463955998420715,0.1371138393878936,0.1018515825271606,0.3862090408802032,0.5500710010528564,0.1352277547121048,-0.0204439647495746,0.7796952724456787,0.5502187013626099,0.1145001873373985,0.1018142625689506,0.4703004062175751,0.5560047030448914,0.1067617908120155,-0.0203175246715545,0.7389581203460693,0.5280535221099854,0.1156356781721115,0.0491098836064338,0.5600321292877197,0.5334661602973938,0.1069722771644592,-0.0876528024673461,0.8154206871986389,hoyeon_stand_normal_01,5.09902,5.830952,7.81025,10.0,12.206556,13.601471,13.601471,13.601471,12.806248,12.041595,10.630146,9.219544,7.211103,5.385165,4.0,3.605551,5.385165,9.219544,12.165525,16.278821,19.416488,22.561028,24.041631,24.698178,23.259407,21.954498,7.071068,7.071068,7.28011,7.615773,7.211103,7.81025,8.485281,8.485281,8.602325,8.602325,7.81025,7.211103,6.708204,5.385165,5.0,5.09902,5.830952,7.81025,9.219544,10.630146,12.041595,13.453624,14.142136,12.727922,11.313708,9.219544,10.440307,10.29563,11.401754,12.041595,12.206556,13.416408,14.317821,14.317821,14.866069,15.811388,16.155494,17.088007,17.464249,17.464249,16.552945,15.652476,14.764823,13.416408,11.7047,9.219544,8.246211,9.433981,10.630146,15.0,17.804494,20.615528,12.369317,15.132746,17.0,18.11077,18.439089,17.088007,15.652476,12.206556,9.219544,5.656854,2.828427,1.414214,4.0,6.0,9.0,11.045361,13.152946,14.317821,15.811388,16.155494,16.155494,16.552945,15.231546,13.928388,12.369317,11.045361,15.0,16.278821,17.029386,15.620499,16.401219,15.0,14.422205,13.038405,10.816654,9.433981,7.211103,5.656854,4.472136,5.0,7.28011,9.848858,12.083046,14.764823,17.464249,19.313208,20.248457,20.880613,19.646883,18.439089,16.124515,14.035669,11.18034,13.0,15.231546,16.155494,14.866069,14.866069,13.601471,12.083046,9.848858,8.602325,7.071068,5.830952,6.324555,7.071068,8.0,8.0,9.055385,9.055385,10.049876,11.045361,11.18034,11.18034,11.401754,11.7047,12.529964,13.038405
hoyeon_stand_normal_01,1005,335,33.5018306010929,29.998360745314464,10,0.5326945781707764,0.6572273969650269,-0.0483336262404918,0.9987510442733764,0.5356802344322205,0.6707625985145569,-0.0400809682905674,0.997468888759613,0.5363667011260986,0.6711431741714478,-0.0400879457592964,0.9969275593757628,0.5371707081794739,0.6714764833450317,-0.040063627064228,0.9974929690361024,0.5363591313362122,0.6715395450592041,-0.0636504963040351,0.9980465173721312,0.5374736189842224,0.6722408533096313,-0.0636661350727081,0.998037576675415,0.538695216178894,0.6728478670120239,-0.063731350004673,0.9982871413230896,0.5463734269142151,0.6692702174186707,0.0066685685887932,0.99399995803833,0.5468961000442505,0.6703699231147766,-0.1002251654863357,0.9975974559783936,0.5362367630004883,0.6446051597595215,-0.0277858469635248,0.9982150197029114,0.5375476479530334,0.6458126902580261,-0.058826882392168,0.9987654089927672,0.5589644312858582,0.6025022864341736,0.0754824876785278,0.9988918900489808,0.5617802739143372,0.6119368672370911,-0.1499551087617874,0.9999253153800964,0.559113621711731,0.5025473237037659,0.0976012572646141,0.1813665926456451,0.5594877600669861,0.5128945112228394,-0.1840090602636337,0.9859848022460938,0.5654163956642151,0.4237904250621795,0.0554592981934547,0.3829464614391327,0.5436259508132935,0.4207602739334106,-0.1875007450580597,0.9760038256645204,0.5710667967796326,0.396683931350708,0.0514163710176944,0.3464504480361938,0.54329913854599,0.3918990790843963,-0.2106770426034927,0.9577891230583192,0.5653241276741028,0.393333226442337,0.0344904698431491,0.3585810661315918,0.5398263335227966,0.3908518254756927,-0.2067875415086746,0.9556739330291748,0.5647884011268616,0.4006606340408325,0.0461577884852886,0.3335546851158142,0.5389959812164307,0.3998491168022156,-0.1849975287914276,0.9304808378219604,0.5531266927719116,0.4264824092388153,0.0629607141017913,0.9955145120620728,0.5559605360031128,0.4319201409816742,-0.063058353960514,0.9964799880981444,0.550033688545227,0.2837249338626861,0.0579684376716613,0.3238687515258789,0.5555651187896729,0.2836634814739227,-0.0591884329915046,0.7012965083122253,0.5464203357696533,0.1366325765848159,0.1006268337368965,0.3842245638370514,0.5496235489845276,0.134908527135849,-0.0178227219730615,0.7783706188201904,0.5505616068840027,0.1139192655682563,0.1005274131894111,0.4710239470005035,0.5558875203132629,0.1068097501993179,-0.0175802707672119,0.7390494346618652,0.5290986895561218,0.1119240894913673,0.0476182326674461,0.5573323369026184,0.5332903861999512,0.1059906482696533,-0.0850567296147346,0.8143697381019592,hoyeon_stand_normal_01,26.9380005,26.8750365,24.4424755,21.7905805,17.148458499999997,13.601471,9.3267625,5.09902,5.1925825,7.1410855,9.924429,12.5,15.577747,17.95815,20.785331,21.5838505,23.599478,23.988583,22.951477,20.9143655,17.578027499999997,13.226812,8.9998285,7.245606499999999,10.905243,15.715943500000002,10.0990195,11.291047,12.5877825,13.397644,13.5275475,12.6885165,11.357731,10.0990195,9.244682999999998,8.7996945,9.219544,9.7683545,9.924429,10.6704955,11.1128505,11.6109675,11.1128505,10.6704955,9.7419285,8.5731645,7.936254,8.424268000000001,11.2235575,14.80744,19.4175835,22.9489425,11.045361,11.045361,12.369317,12.083046,13.416408,13.892444,14.422205,15.0,15.620499,17.029386,17.029386,17.029386,17.204651,17.204651,17.204651,16.643317,15.811388,14.422205,12.806248,10.630146,8.944272,9.055385,11.18034,13.601471,16.763055,18.681542,11.18034,13.341664,15.231546,16.124515,15.811388,14.866069,13.453624,10.816654,8.062258,5.385165,1.414214,1.414214,4.123106,6.324555,8.544004,11.18034,12.529964,14.422205,15.0,15.620499,16.278821,15.556349,14.866069,14.142136,12.806248,11.661904,15.620499,12.806248,10.816654,9.848858,9.219544,9.0,10.049876,12.165525,14.142136,15.132746,16.03122,17.029386,18.11077,18.439089,18.973666,18.788294,17.492856,16.643317,13.601471,9.433981,6.324555,5.385165,7.211103,10.77033,13.928388,16.552945,10.77033,9.219544,7.0,7.615773,8.602325,10.630146,12.206556,14.422205,15.811388,16.401219,17.204651,16.278821,14.866069,14.142136,13.453624,12.727922,12.727922,12.727922,12.041595,12.206556,13.601471,14.422205,15.811388,16.643317,17.204651,18.027756
hoyeon_stand_normal_01,1008,336,33.60183606557377,29.998360745314464,10,0.5327032208442688,0.6572452783584595,-0.0457315556704998,0.9988027215003968,0.5356908440589905,0.6707590222358704,-0.0373502299189567,0.9975883960723876,0.5363839268684387,0.6711458563804626,-0.0373560525476932,0.9970692992210388,0.5371901988983154,0.67148756980896,-0.0373309589922428,0.9976089000701904,0.5363147258758545,0.6715342402458191,-0.0607574395835399,0.9981342554092408,0.5373915433883667,0.6722379326820374,-0.0607705675065517,0.99812513589859,0.5385591983795166,0.6728461980819702,-0.0608303360641002,0.9983654022216796,0.5463026165962219,0.6692753434181213,0.0091691808775067,0.9942765831947328,0.5466300249099731,0.6703397631645203,-0.0969263240694999,0.9977041482925416,0.5362427234649658,0.6447071433067322,-0.0252909250557422,0.9982828497886658,0.5375012755393982,0.6459160447120667,-0.0561226196587085,0.9988089203834534,0.5591307878494263,0.6025661826133728,0.0768142119050026,0.9989052414894104,0.5613523721694946,0.6119393110275269,-0.1472971886396408,0.9999268054962158,0.5595951080322266,0.5022883415222168,0.0977185294032096,0.1799431890249252,0.5590368509292603,0.5128690004348755,-0.1826514303684234,0.9863542914390564,0.5678332448005676,0.4231107532978058,0.0555672571063041,0.3790355622768402,0.543102502822876,0.4207057356834411,-0.187136173248291,0.976337432861328,0.573198139667511,0.3967355787754059,0.0514711588621139,0.3424029648303985,0.5429685115814209,0.3916369080543518,-0.2099992930889129,0.9582560658454896,0.5673716068267822,0.391224056482315,0.0345777682960033,0.3537708520889282,0.5394210815429688,0.3905456066131592,-0.2067261338233947,0.956139862537384,0.5669618844985962,0.3997162580490112,0.0463793985545635,0.3283824026584625,0.5385532379150391,0.3995770812034607,-0.1848404705524444,0.9310017228126526,0.5535229444503784,0.4269206523895263,0.0622703358530998,0.995597779750824,0.554864764213562,0.4323122799396515,-0.0623640306293964,0.9965466856956482,0.5500616431236267,0.2837173044681549,0.0577674359083175,0.3283613622188568,0.5541168451309204,0.2836616635322571,-0.0586170889437198,0.7059774994850159,0.5460240244865417,0.1365435570478439,0.1000071465969085,0.3888152837753296,0.5481312274932861,0.1349067240953445,-0.0164910927414894,0.7808968424797058,0.5504435300827026,0.1138202771544456,0.0999300777912139,0.4773577451705932,0.55272376537323,0.1093336641788482,-0.0162580031901597,0.7413612604141235,0.5291517376899719,0.1104936972260475,0.0467972643673419,0.5599581003189087,0.5327966809272766,0.1051528975367546,-0.0837942361831665,0.8158606290817261,hoyeon_stand_normal_01,7.0,8.062258,10.630146,12.806248,15.0,16.401219,17.029386,17.029386,16.278821,14.866069,12.727922,11.313708,9.219544,7.211103,5.09902,4.123106,6.403124,8.944272,12.649111,17.088007,21.18962,23.769729,25.495098,26.41969,25.238859,23.430749,7.071068,7.071068,6.324555,6.708204,6.403124,7.071068,7.81025,8.062258,8.062258,8.062258,7.615773,7.28011,6.082763,5.0,5.385165,5.0,5.656854,7.81025,10.0,12.206556,13.601471,14.422205,15.0,15.0,13.601471,10.816654,11.18034,11.401754,12.041595,13.0,13.038405,14.317821,14.56022,14.866069,14.866069,16.155494,16.155494,17.088007,17.088007,17.088007,16.763055,16.763055,16.492423,14.56022,12.649111,10.29563,8.485281,8.544004,11.045361,14.035669,17.029386,20.0,13.416408,15.264338,17.804494,19.104973,19.209373,17.492856,15.652476,13.601471,10.198039,7.071068,3.162278,2.0,4.242641,7.071068,9.219544,12.041595,12.806248,15.264338,16.124515,17.0,17.464249,16.552945,16.155494,14.317821,13.892444,12.041595,13.892444,13.038405,11.18034,9.486833,9.0,10.198039,10.440307,12.649111,12.649111,14.56022,16.278821,17.117243,18.0,18.11077,18.439089,17.720045,17.088007,15.231546,12.083046,9.486833,6.0,5.830952,8.062258,11.7047,14.56022,16.763055,8.544004,7.071068,7.0,6.708204,7.81025,9.433981,12.529964,13.416408,14.764823,16.124515,15.264338,15.0,15.0,14.21267,12.806248,11.401754,11.401754,10.816654,10.816654,11.661904,12.529964,14.317821,14.764823,16.552945,17.0,16.124515
hoyeon_stand_normal_01,1011,337,33.701841530054644,29.998360745314464,10,0.5326375961303711,0.6572597026824951,-0.0460852906107902,0.9988588094711304,0.5356562733650208,0.6707546710968018,-0.0376770123839378,0.9977144598960876,0.5363624691963196,0.6711464524269104,-0.0376833491027355,0.9972214698791504,0.5371764898300171,0.6715005040168762,-0.0376570709049701,0.9977334141731262,0.5362065434455872,0.6715266704559326,-0.0611484535038471,0.998227834701538,0.5372417569160461,0.6722308397293091,-0.0611610524356365,0.9982195496559144,0.5383545160293579,0.67283695936203,-0.0612184144556522,0.9984481930732728,0.5461658239364624,0.6692796349525452,0.0089985718950629,0.9945678114891052,0.5462684631347656,0.6702691316604614,-0.0973480120301246,0.9978164434432985,0.5361334085464478,0.6447932124137878,-0.0255913734436035,0.9983564615249634,0.5373114347457886,0.6460322737693787,-0.0564918629825115,0.9988569021224976,0.5592201948165894,0.6025658249855042,0.0767335072159767,0.9989180564880372,0.5607035160064697,0.611900269985199,-0.1475365310907364,0.9999279379844666,0.5598893761634827,0.5020315051078796,0.0975986644625663,0.1804883182048797,0.5584882497787476,0.5126643180847168,-0.1827008426189422,0.9866498708724976,0.569018542766571,0.4225857853889465,0.0555472150444984,0.3775992095470428,0.5427051186561584,0.4205940961837768,-0.1875193566083908,0.9764464497566224,0.5764147639274597,0.3967989385128021,0.0513564236462116,0.3406729102134704,0.5427901744842529,0.3913000524044037,-0.2106522917747497,0.9583377838134766,0.5696734189987183,0.3896336257457733,0.0345557071268558,0.351395308971405,0.5392537713050842,0.3903267383575439,-0.2073295265436172,0.9561805725097656,0.5692030191421509,0.3987220227718353,0.0463779754936695,0.325378805398941,0.5383427143096924,0.3993473947048187,-0.1852335780858993,0.9308738112449646,0.5540501475334167,0.4269787967205047,0.0623160824179649,0.9957204461097716,0.5537307858467102,0.4324103891849518,-0.0624218024313449,0.9966339468955994,0.5501894354820251,0.2836786806583404,0.0572759397327899,0.3304176330566406,0.5534524917602539,0.2836659550666809,-0.0582775436341762,0.7125551104545593,0.5461633205413818,0.1365442425012588,0.1001628264784812,0.3929282426834106,0.5480394959449768,0.1349203288555145,-0.0159155037254095,0.7852980494499207,0.5510234832763672,0.1137702092528343,0.1001311838626861,0.4833158254623413,0.5528790950775146,0.1097413823008537,-0.0155253540724515,0.7458901405334473,0.5292059183120728,0.110666811466217,0.0468932837247848,0.5634709596633911,0.532339334487915,0.1052328273653984,-0.0826713666319847,0.8190391063690186,hoyeon_stand_normal_01,21.931712,21.931712,20.0,17.492856,13.416408,10.29563,6.403124,4.472136,4.123106,7.211103,10.0,11.401754,14.422205,15.264338,17.888544,18.788294,20.248457,19.646883,19.416488,17.262677,14.142136,11.401754,8.062258,7.615773,11.045361,16.0,8.062258,9.433981,11.401754,11.401754,12.041595,11.313708,10.630146,9.219544,7.81025,7.211103,6.708204,7.28011,7.071068,8.062258,8.062258,9.055385,9.055385,8.062258,8.062258,7.071068,6.324555,7.071068,10.0,12.529964,16.124515,18.867962,11.313708,10.816654,11.18034,11.7047,12.369317,13.038405,14.0,14.035669,15.033296,16.03122,16.03122,16.03122,16.03122,17.029386,17.029386,16.0,15.0,14.0,12.0,9.219544,8.062258,8.062258,11.401754,14.142136,17.262677,19.416488,12.806248,15.0,17.0,18.384776,18.681542,17.262677,15.033296,13.038405,9.055385,6.082763,3.0,2.0,4.123106,6.708204,8.944272,11.7047,12.649111,14.317821,16.124515,16.124515,17.117243,16.03122,16.03122,14.035669,13.341664,11.7047,15.811388,13.601471,12.041595,10.630146,8.944272,10.440307,11.045361,13.038405,14.035669,16.124515,17.262677,17.720045,18.384776,19.235384,19.416488,19.209373,17.691806,15.556349,12.727922,9.219544,7.615773,6.082763,8.602325,12.041595,14.866069,17.691806,8.485281,7.211103,6.324555,6.082763,8.944272,10.0,12.806248,14.21267,16.401219,16.643317,16.643317,16.124515,14.764823,13.416408,13.416408,12.529964,11.661904,11.661904,11.401754,12.041595,13.453624,14.866069,15.620499,17.029386,17.204651,17.804494
hoyeon_stand_normal_01,1014,338,33.80184699453552,29.998360745314464,10,0.5324898362159729,0.6572521924972534,-0.0473350696265697,0.9989066123962402,0.5355117917060852,0.6706712245941162,-0.038980733603239,0.9978240132331848,0.5362454652786255,0.6710939407348633,-0.038986824452877,0.9973573684692384,0.5370803475379944,0.671479344367981,-0.0389608852565288,0.997843861579895,0.5359638929367065,0.6714232563972473,-0.0625136420130729,0.9983091950416564,0.5369634628295898,0.672143280506134,-0.0625274926424026,0.9983031153678894,0.5380362868309021,0.6727578639984131,-0.0625864490866661,0.998519778251648,0.5460094213485718,0.6692829132080078,0.0080700367689132,0.9948200583457948,0.5459384322166443,0.6701506972312927,-0.0986609309911727,0.997918963432312,0.536026120185852,0.6448037028312683,-0.0267316475510597,0.9984189867973328,0.5371600985527039,0.6460494995117188,-0.057680919766426,0.9988975524902344,0.559215784072876,0.6025629639625549,0.0773118510842323,0.9989255666732788,0.5602697730064392,0.6118389964103699,-0.1487420052289962,0.999929666519165,0.5599724650382996,0.5015726685523987,0.0976936519145965,0.1778149455785751,0.5582703351974487,0.5121059417724609,-0.183899775147438,0.986922562122345,0.5689557790756226,0.4218703508377075,0.0556194595992565,0.3712474703788757,0.5425726771354675,0.4201594591140747,-0.1876079738140106,0.976418137550354,0.5765265822410583,0.3968214988708496,0.0516291372478008,0.3353757858276367,0.5427699685096741,0.3907430171966553,-0.2107715010643005,0.95822936296463,0.5692986845970154,0.3883553743362427,0.0347254909574985,0.345515638589859,0.5391935110092163,0.3897178769111633,-0.207416832447052,0.956018567085266,0.5688641667366028,0.3976891934871673,0.0464289374649524,0.3196604251861572,0.5382188558578491,0.3987678587436676,-0.1853061765432357,0.9304496645927428,0.554284393787384,0.427169531583786,0.0652597695589065,0.995849072933197,0.553238034248352,0.4325378537178039,-0.0653766244649887,0.9967321157455444,0.5502211451530457,0.2835842967033386,0.0599849671125412,0.3300133943557739,0.5533345341682434,0.2836622297763824,-0.0597735680639743,0.7226923704147339,0.5464874505996704,0.1365694403648376,0.1027275323867797,0.3960194289684295,0.548078179359436,0.1348481625318527,-0.0195925757288932,0.7925800085067749,0.5519863963127136,0.1137666478753089,0.1026145592331886,0.4886316061019897,0.5530169010162354,0.1101059690117836,-0.0194224435836076,0.7528814673423767,0.5291361212730408,0.1108565106987953,0.0503696464002132,0.5672107934951782,0.5310342907905579,0.105286106467247,-0.0856028646230697,0.8245097398757935,hoyeon_stand_normal_01,9.433981,11.045361,14.142136,17.464249,19.646883,21.84033,22.561028,22.36068,20.223748,18.248288,17.117243,14.142136,12.165525,9.486833,7.81025,7.28011,9.219544,13.928388,18.788294,23.706539,28.178006,31.780497,35.1141,35.171011,34.71311,31.144823,11.18034,9.848858,9.219544,9.055385,9.055385,9.486833,9.848858,10.816654,11.661904,11.661904,10.816654,10.0,7.81025,7.071068,6.708204,7.071068,8.062258,10.440307,13.0,15.231546,17.464249,19.313208,19.313208,18.681542,16.763055,13.928388,14.579418999999998,15.150541,14.4043925,14.086643,13.950942,14.035262,13.607896,12.664463,12.609772,12.7426405,12.1055515,11.6622775,12.5,13.1369835,13.938307,14.3895735,15.7257955,15.8383065,15.81974,15.646909,15.7206655,15.587021,16.374183000000002,17.283139,17.404026,17.497387500000002,9.9259225,9.899495,10.003385000000002,9.746428,9.8501585,10.405694,10.6589105,10.54849,9.524938,8.200877,6.970384,6.385165,7.647815,8.0776875,8.322541999999999,9.180458,8.736068,8.9330345,8.9533185,10.7321245,11.6313385,13.159031,14.160208,14.666364000000002,14.8163455,14.556216,16.278821,13.152946,12.041595,10.049876,9.486833,9.433981,10.630146,11.313708,13.453624,14.21267,15.811388,17.0,17.464249,18.973666,18.439089,19.104973,17.029386,16.0,13.038405,10.0,7.28011,5.0,7.071068,11.045361,14.035669,16.124515,10.198039,9.486833,7.211103,7.81025,8.544004,10.198039,12.041595,14.035669,15.033296,15.033296,16.124515,15.297059,14.317821,13.341664,13.341664,11.7047,11.401754,11.401754,12.165525,12.041595,13.038405,15.0,16.0,17.029386,18.11077,18.11077
hoyeon_stand_normal_01,1017,339,33.9018524590164,29.998360745314464,10,0.5322025418281555,0.6572451591491699,-0.047403410077095,0.9989469647407532,0.53526771068573,0.6706234216690063,-0.0394263230264186,0.9979171752929688,0.5360365509986877,0.671066403388977,-0.0394325815141201,0.9974734783172609,0.5369006395339966,0.6714717149734497,-0.0394099168479442,0.9979385137557985,0.5356600880622864,0.6713700294494629,-0.062728576362133,0.998377561569214,0.5366608500480652,0.6721023917198181,-0.0627437904477119,0.9983730912208556,0.5377359986305237,0.6727233529090881,-0.062808558344841,0.9985790252685548,0.5458495616912842,0.6692871451377869,0.0073388088494539,0.9950395226478576,0.5456846356391907,0.6701033711433411,-0.0989623740315437,0.9980053901672364,0.5358282923698425,0.6448066234588623,-0.026853596791625,0.9984724521636964,0.5369517207145691,0.6460520029067993,-0.0580216608941555,0.9989317059516908,0.5591666102409363,0.602566123008728,0.0764521658420562,0.998937487602234,0.5601658225059509,0.611744225025177,-0.1506836712360382,0.9999311566352844,0.5599238872528076,0.5010978579521179,0.0976469218730926,0.1751477122306823,0.5581057667732239,0.5114790797233582,-0.1846677660942077,0.9871894121170044,0.5683838725090027,0.4211697280406952,0.0556302592158317,0.365655779838562,0.5426012873649597,0.4194565117359161,-0.1874503344297409,0.9764940142631532,0.5744047164916992,0.3966197967529297,0.0517676211893558,0.3307115137577057,0.5428454875946045,0.3901914954185486,-0.2104174345731735,0.9582951664924622,0.5683720707893372,0.3872854709625244,0.0348166972398757,0.3403276801109314,0.5391305685043335,0.3890344500541687,-0.2073416858911514,0.9560672044754028,0.568000853061676,0.3967524766921997,0.0464423783123493,0.3146806359291076,0.5381129384040833,0.3981170058250427,-0.1852242648601532,0.930388331413269,0.5542951226234436,0.4274170696735382,0.0659185722470283,0.99593847990036,0.5531078577041626,0.4326627850532532,-0.0660384446382522,0.9968015551567078,0.5502450466156006,0.2834368050098419,0.0607683882117271,0.3286590874195099,0.5533187389373779,0.2836308777332306,-0.0605342015624046,0.7289988398551941,0.5465532541275024,0.1366436332464218,0.1034088432788848,0.3959190547466278,0.5481184720993042,0.1348014920949936,-0.0208035819232463,0.7965312600135803,0.5520612597465515,0.1135213747620582,0.1032791584730148,0.4906038641929626,0.5535371899604797,0.1100670620799064,-0.0206108503043651,0.756790816783905,0.5291007161140442,0.1108832359313964,0.0513901002705097,0.5676148533821106,0.530629575252533,0.1053276062011718,-0.0864304602146148,0.8273478746414185,hoyeon_stand_normal_01,6.082763,7.071068,8.602325,11.661904,13.038405,13.892444,14.422205,13.601471,13.601471,12.806248,11.401754,10.0,7.211103,6.324555,5.0,5.0,7.211103,9.848858,13.601471,17.088007,20.248457,22.847319,24.596748,24.698178,23.600847,21.260292,8.062258,7.28011,6.324555,5.830952,5.656854,6.403124,6.708204,7.615773,7.615773,7.615773,7.615773,6.324555,5.09902,5.09902,4.123106,4.472136,4.242641,6.403124,8.062258,8.944272,11.18034,12.529964,12.529964,11.661904,10.816654,8.944272,17.262677,17.262677,16.492423,15.524175,14.56022,13.0,12.083046,10.29563,8.602325,7.071068,6.403124,5.385165,6.0,7.28011,8.944272,10.816654,13.453624,15.620499,17.804494,20.0,21.633308,21.095023,21.470911,19.313208,16.763055,13.341664,7.28011,5.385165,3.162278,2.236068,3.0,6.0,8.062258,10.049876,12.0,13.038405,12.165525,12.165525,11.401754,9.486833,8.544004,7.28011,5.09902,4.0,2.828427,4.123106,7.0,9.055385,11.18034,14.142136,15.132746,16.124515,15.0,14.21267,12.041595,10.0,9.848858,10.198039,12.041595,13.0,14.035669,15.132746,17.262677,17.720045,18.973666,18.788294,20.248457,18.601075,18.439089,16.278821,13.453624,9.899495,6.708204,6.082763,7.81025,11.401754,15.0,16.401219,9.219544,7.211103,7.28011,7.071068,9.486833,10.29563,13.601471,15.0,16.643317,17.492856,17.492856,17.0,15.652476,14.317821,14.317821,13.0,12.083046,12.529964,12.529964,12.806248,14.21267,15.620499,16.401219,17.029386,17.804494,17.204651
hoyeon_stand_normal_01,1020,340,34.00185792349727,29.998360745314464,10,0.5319465398788452,0.6571823358535767,-0.0475445911288261,0.9989949464797974,0.5350196957588196,0.6705060601234436,-0.03929990157485,0.9980170130729676,0.5358167290687561,0.6709760427474976,-0.0393065586686134,0.997593879699707,0.5367076992988586,0.6714200973510742,-0.0392810776829719,0.998037815093994,0.5353783369064331,0.6712692975997925,-0.0627328753471374,0.9984527230262756,0.5363909602165222,0.672027587890625,-0.0627456232905387,0.99844890832901,0.5374820828437805,0.672666072845459,-0.0628058686852455,0.9986443519592284,0.5457022786140442,0.6692827343940735,0.0075436625629663,0.995276689529419,0.545486330986023,0.6700462102890015,-0.099006600677967,0.9980942010879515,0.5356624722480774,0.6447765231132507,-0.027002427726984,0.998540222644806,0.5367889404296875,0.6460270881652832,-0.0581119023263454,0.9989739060401917,0.5591180324554443,0.6026159524917603,0.0764336735010147,0.9989668726921082,0.5600388646125793,0.611743688583374,-0.1505548655986786,0.9999330043792723,0.5598965287208557,0.5010375380516052,0.0976651534438133,0.1784883290529251,0.558016836643219,0.5113591551780701,-0.1846676021814346,0.9874696135520936,0.5683019161224365,0.4210593402385711,0.0563170984387397,0.3695380985736847,0.5424095392227173,0.4191251397132873,-0.188615620136261,0.976839244365692,0.576025664806366,0.3966571390628814,0.0523688271641731,0.3335717916488647,0.542619526386261,0.3898663818836212,-0.2121337503194809,0.9588103890419006,0.569686770439148,0.3871712684631347,0.0355565622448921,0.3426518440246582,0.5388663411140442,0.3886416554450989,-0.2090008407831192,0.956573247909546,0.5691709518432617,0.3967507779598236,0.0472535416483879,0.3162067532539367,0.5378373265266418,0.3977813422679901,-0.1864183694124221,0.9309632778167723,0.5542135238647461,0.4275074005126953,0.0653722137212753,0.9960529804229736,0.5528491735458374,0.4326838254928589,-0.0654911026358604,0.9968780279159546,0.5502638220787048,0.282858282327652,0.0602009184658527,0.3287397623062134,0.5532974004745483,0.2833218574523926,-0.0602052882313728,0.7336196899414062,0.5465711951255798,0.1365344673395156,0.102879911661148,0.3964497447013855,0.5481387376785278,0.1346460729837417,-0.0199188068509101,0.7990723252296448,0.5522132515907288,0.1135033816099166,0.102758951485157,0.4933184385299682,0.5535876750946045,0.1099414303898811,-0.0196158308535814,0.759721040725708,0.5290715098381042,0.1108705624938011,0.0505822747945785,0.5684435367584229,0.5303378701210022,0.1052532270550727,-0.0855010747909545,0.8291710019111633,hoyeon_stand_normal_01,7.81025,9.219544,12.0,14.142136,16.124515,18.11077,18.11077,18.027756,17.029386,15.0,14.0,12.0,9.0,7.28011,5.830952,5.385165,7.071068,10.440307,14.317821,18.788294,21.931712,25.632011,27.202941,28.635642,27.294688,24.020824,8.062258,7.211103,6.708204,6.082763,6.082763,6.324555,8.062258,8.062258,8.602325,8.602325,8.602325,7.81025,7.071068,6.403124,6.708204,7.071068,7.0,9.219544,10.440307,12.649111,14.56022,15.524175,15.524175,15.297059,14.317821,11.7047,12.041595,11.401754,12.083046,12.206556,12.806248,13.453624,13.453624,15.0,15.0,15.264338,16.643317,16.643317,17.204651,17.204651,17.204651,17.029386,15.620499,14.866069,12.806248,10.29563,8.246211,8.246211,10.29563,14.21267,17.804494,20.808652,13.152946,16.03122,18.027756,19.416488,18.681542,17.888544,16.124515,13.601471,9.899495,7.071068,2.828427,1.414214,4.123106,6.082763,9.219544,11.401754,13.601471,15.231546,15.652476,16.124515,16.643317,16.643317,15.264338,14.764823,13.0,12.369317,16.401219,12.806248,11.661904,9.848858,9.219544,9.0,10.198039,11.401754,13.341664,15.297059,16.124515,17.029386,18.027756,18.248288,18.681542,18.384776,17.0,16.124515,13.038405,10.29563,7.28011,5.385165,7.211103,10.440307,13.928388,15.811388,9.848858,8.246211,7.0,7.615773,8.485281,10.630146,12.806248,14.422205,15.811388,16.401219,16.401219,17.029386,14.866069,14.142136,13.453624,13.453624,12.727922,12.041595,11.401754,12.206556,13.038405,14.422205,16.124515,16.643317,18.027756,18.027756
hoyeon_stand_normal_01,1023,341,34.10186338797814,29.998360745314464,10,0.531635582447052,0.656941831111908,-0.0468814931809902,0.9990399479866028,0.5346866250038147,0.6702084541320801,-0.0384608507156372,0.9981126189231871,0.535499632358551,0.6707196831703186,-0.0384693145751953,0.9977096915245056,0.536410927772522,0.6712356805801392,-0.038443349301815,0.9981333613395692,0.5350396037101746,0.6710047721862793,-0.0619183406233787,0.9985230565071106,0.5360687375068665,0.6718150973320007,-0.0619286447763443,0.9985193014144896,0.5371882915496826,0.6725037693977356,-0.0619856044650077,0.9987047910690308,0.5455090403556824,0.6692291498184204,0.0082405852153897,0.995514154434204,0.5452832579612732,0.6699551343917847,-0.0982262194156646,0.9981800317764282,0.5354148149490356,0.6445805430412292,-0.0264331810176372,0.9986065626144408,0.5365393757820129,0.6458840370178223,-0.0574468858540058,0.9990137815475464,0.5590133666992188,0.6026341319084167,0.0767534151673317,0.998999834060669,0.5599396824836731,0.6116960644721985,-0.1500037461519241,0.9999344348907472,0.5598411560058594,0.5007924437522888,0.097746729850769,0.18351911008358,0.5579968690872192,0.5111289620399475,-0.184523195028305,0.9876429438591005,0.5683683753013611,0.4207115471363067,0.0569578371942043,0.3757961094379425,0.5424126982688904,0.4185929596424103,-0.1891468912363052,0.9770103096961976,0.5768253803253174,0.3966850936412811,0.0529622249305248,0.3383204936981201,0.5427259802818298,0.3895110189914703,-0.2128742337226867,0.959039568901062,0.5704300999641418,0.3870146572589874,0.0362561829388141,0.3468752801418304,0.5388162136077881,0.3882164657115936,-0.2098287492990493,0.9567830562591552,0.5698323845863342,0.396661102771759,0.0479939170181751,0.3194620013236999,0.5378062129020691,0.3973909616470337,-0.1870232969522476,0.931163728237152,0.5541234612464905,0.427485316991806,0.064995527267456,0.9961575269699096,0.552872359752655,0.4326316118240356,-0.065113864839077,0.9969414472579956,0.5503404140472412,0.2817267179489136,0.0597891025245189,0.3285521566867828,0.5533961653709412,0.2825779914855957,-0.0601100325584411,0.7365810871124268,0.5465834140777588,0.1364742517471313,0.1026286780834198,0.3957706689834595,0.5481523275375366,0.1345083564519882,-0.0197233296930789,0.7993272542953491,0.5521516799926758,0.1134984642267227,0.1025264933705329,0.4950533509254455,0.5536355376243591,0.1095836609601974,-0.0193300489336252,0.7608169317245483,0.5288909673690796,0.1105362325906753,0.050195213407278,0.5676063895225525,0.5299702882766724,0.1050317361950874,-0.085176333785057,0.8291810154914856,hoyeon_stand_normal_01,7.28011,8.0,10.440307,12.649111,13.928388,14.866069,14.866069,14.56022,14.317821,12.369317,11.18034,9.219544,7.28011,5.385165,4.242641,4.0,6.324555,9.433981,12.206556,15.811388,18.867962,21.095023,22.36068,22.847319,22.135944,19.646883,7.071068,6.0,6.0,5.09902,5.0,5.656854,6.403124,7.211103,8.062258,8.062258,7.211103,7.211103,6.708204,6.324555,6.082763,6.082763,6.324555,7.615773,9.433981,10.816654,12.206556,13.038405,13.892444,12.529964,11.661904,10.0,11.401754,12.529964,12.083046,12.369317,13.152946,13.038405,14.0,14.035669,15.297059,15.297059,16.278821,17.262677,17.262677,18.248288,18.248288,17.117243,17.029386,15.033296,13.038405,10.198039,8.062258,7.81025,10.440307,13.038405,16.03122,19.104973,12.041595,14.21267,15.811388,17.0,18.027756,16.492423,15.132746,12.0,9.0,5.09902,2.0,2.236068,5.0,7.211103,9.433981,11.661904,13.416408,14.866069,15.524175,16.492423,16.278821,16.278821,15.297059,14.317821,13.0,11.661904,14.7252835,12.841455,10.9310075,9.63471,8.303131,8.424268000000001,10.048767,11.543478,12.4467235,14.591945,15.572445,16.6800725,17.246428,18.140575,18.243018,18.1935255,16.698031999999998,15.51561,12.603278,9.1374645,6.0777535,4.785578,7.1410855,11.167423,14.1598465,16.683414,9.3261005,7.905125,6.0777535,6.5769155,8.062258,9.96357,11.7748285,13.6589105,14.920998,15.861984499999998,15.679246,15.3387285,14.23377,13.2887495,12.6846585,11.7424,11.2616765,10.6053185,11.086042,11.6729325,12.7841845,13.9640565,15.148817,16.5769505,16.620879,17.331857499999998
hoyeon_stand_normal_01,1026,342,34.201868852459015,29.998360745314464,10,0.5313986539840698,0.6565848588943481,-0.0466615669429302,0.9990621209144592,0.5344372987747192,0.6698381304740906,-0.0381006076931953,0.9981659650802612,0.5352513790130615,0.6703888773918152,-0.0381107740104198,0.9977756142616272,0.5361682772636414,0.6709765791893005,-0.0380844697356224,0.9981883764266968,0.5348061323165894,0.6706504225730896,-0.0615986473858356,0.9985575079917908,0.5358543395996094,0.6715103387832642,-0.0616085976362228,0.9985544681549072,0.5370033383369446,0.6722545027732849,-0.0616658069193363,0.9987339973449708,0.5453355312347412,0.669127881526947,0.0087392544373869,0.9956514239311218,0.5451366305351257,0.6697721481323242,-0.097794197499752,0.9982234239578248,0.5351995229721069,0.6443126797676086,-0.0262180548161268,0.998641550540924,0.5363219380378723,0.645666778087616,-0.057216390967369,0.9990301132202148,0.5590178370475769,0.6026406288146973,0.0778122693300247,0.999016046524048,0.5597821474075317,0.611615002155304,-0.1500269919633865,0.9999351501464844,0.5598295331001282,0.5002053380012512,0.0979501530528068,0.1850795149803161,0.5579418540000916,0.5107513666152954,-0.1848227083683014,0.9876244068145752,0.5699175000190735,0.4201589822769165,0.0575178638100624,0.3766508102416992,0.542436420917511,0.4181022942066192,-0.1899377554655075,0.9767494201660156,0.5771816968917847,0.39665687084198,0.0538308173418045,0.3387616574764251,0.5427358150482178,0.3890930712223053,-0.2138684839010238,0.9585875868797302,0.5707694292068481,0.3865851461887359,0.0370846390724182,0.3467858135700226,0.5388441681861877,0.3877897262573242,-0.2106662392616272,0.9562652707099916,0.570174515247345,0.3962539434432983,0.0485463291406631,0.318907231092453,0.5378950238227844,0.3970026969909668,-0.1878147423267364,0.9303176999092102,0.5542287826538086,0.4268232882022857,0.0657809749245643,0.9962292313575744,0.5528733730316162,0.4321406781673431,-0.0659035742282867,0.9969725012779236,0.5504368543624878,0.2803564965724945,0.0607952997088432,0.3255468308925628,0.5534698367118835,0.2813450694084167,-0.0605818517506122,0.7413342595100403,0.5466789603233337,0.136315107345581,0.1027593314647674,0.3932680487632751,0.5481897592544556,0.1340459883213043,-0.0209460482001304,0.8008981347084045,0.5522010922431946,0.1134128868579864,0.1025738567113876,0.4956271648406982,0.5538308024406433,0.1084312051534652,-0.0206173919141292,0.7633830308914185,0.5286547541618347,0.1104057803750038,0.0504471845924854,0.5654503703117371,0.5294842720031738,0.1048399209976196,-0.0860533341765403,0.830227792263031,hoyeon_stand_normal_01,8.544004,10.0,12.041595,13.601471,15.811388,17.204651,16.401219,16.401219,15.620499,14.21267,12.806248,10.630146,8.602325,6.708204,6.082763,5.385165,7.071068,10.29563,13.416408,17.464249,21.023796,23.706539,25.238859,26.400758,25.495098,22.671568,8.062258,7.211103,6.403124,5.656854,5.385165,6.0,7.071068,8.246211,9.219544,9.219544,9.219544,9.219544,7.28011,7.28011,5.830952,5.656854,6.403124,7.615773,9.486833,11.401754,12.369317,14.56022,14.56022,14.866069,13.601471,11.401754,11.7047,13.038405,13.038405,13.152946,13.601471,15.231546,15.652476,16.124515,16.643317,18.027756,18.027756,18.867962,19.723083,19.723083,19.235384,19.235384,17.888544,15.652476,13.416408,11.401754,9.433981,10.049876,13.152946,15.524175,18.681542,22.36068,12.529964,15.264338,17.029386,18.384776,18.601075,17.0,15.231546,12.369317,9.055385,6.0,2.0,1.414214,4.472136,7.211103,10.0,12.041595,13.453624,15.620499,16.401219,16.643317,16.643317,16.643317,15.264338,14.422205,13.453624,12.806248,17.029386,15.033296,13.152946,11.7047,9.433981,10.630146,11.401754,13.601471,14.21267,15.620499,17.691806,18.439089,20.0,19.723083,19.697716,20.248457,18.681542,16.492423,14.317821,10.440307,8.062258,6.708204,8.0,11.401754,14.56022,17.720045,8.544004,8.062258,6.403124,7.615773,9.055385,11.0,14.035669,15.132746,17.029386,17.029386,18.0,17.029386,16.03122,15.132746,14.035669,13.152946,12.041595,12.041595,12.041595,13.152946,14.142136,15.132746,17.262677,18.248288,18.11077,19.104973
hoyeon_stand_normal_01,1029,343,34.30187431693989,29.998360745314464,10,0.5313615202903748,0.6558433771133423,-0.0463535450398922,0.9991021156311036,0.534309446811676,0.6691550612449646,-0.0377523973584175,0.9982488751411438,0.535109281539917,0.6697493195533752,-0.0377630591392517,0.9978768229484558,0.5360220670700073,0.6704264283180237,-0.0377368256449699,0.9982709288597108,0.5347115993499756,0.669937252998352,-0.0612028390169143,0.9986175298690796,0.5357727408409119,0.6708283424377441,-0.0612115636467933,0.9986151456832886,0.5369415879249573,0.6716410517692566,-0.0612665340304374,0.9987852573394777,0.5451995134353638,0.6688927412033081,0.0090722255408763,0.9958566427230836,0.5450906157493591,0.6694075465202332,-0.0972275212407112,0.9982975125312804,0.5351661443710327,0.6436489820480347,-0.0259291250258684,0.9986984133720398,0.5363019108772278,0.6451191902160645,-0.0568537637591362,0.999064326286316,0.5590186715126038,0.6026821732521057,0.0780472680926323,0.9990440607070924,0.5596714019775391,0.6115965843200684,-0.1497912555932998,0.9999362826347352,0.5598037242889404,0.4998558461666107,0.0982543751597404,0.189364492893219,0.557827353477478,0.5104368329048157,-0.1848425865173339,0.9877400398254396,0.5695841312408447,0.4199130833148956,0.0585456266999244,0.3820910453796386,0.5424063801765442,0.4179948270320892,-0.1908876597881317,0.97685307264328,0.5774621367454529,0.3966691493988037,0.0550973489880561,0.3429568409919739,0.5427300930023193,0.388896495103836,-0.2150554209947586,0.958746075630188,0.5719267725944519,0.3889429569244385,0.0381113104522228,0.350498765707016,0.5388402938842773,0.3875881731510162,-0.2117361426353454,0.9564094543457032,0.570321261882782,0.3962115049362182,0.0495414026081562,0.3218564987182617,0.537925660610199,0.3968233168125152,-0.1887632012367248,0.9304572343826294,0.5544135570526123,0.4264554381370544,0.0656342208385467,0.9963404536247252,0.5529261231422424,0.4318805038928985,-0.0657579004764556,0.997038722038269,0.5506336092948914,0.2799688577651977,0.0605417564511299,0.3272276520729065,0.553520917892456,0.2811528742313385,-0.0606492720544338,0.7480321526527405,0.5466879606246948,0.1362586915493011,0.1025263741612434,0.3952630162239074,0.5481699109077454,0.1339232623577118,-0.0210719686001539,0.8042396306991577,0.5521630048751831,0.113373190164566,0.1023446545004844,0.499336838722229,0.5538700222969055,0.1084163784980773,-0.0206791441887617,0.7668052315711975,0.5284875631332397,0.1102306768298149,0.0501060597598552,0.5671741962432861,0.5292229652404785,0.1046294346451759,-0.085972674190998,0.8326829671859741,hoyeon_stand_normal_01,24.186773,23.8516485,22.1562675,19.0158295,15.3778605,11.5698235,8.503264999999999,6.3638395,7.175589,9.2169905,11.3536325,13.901614,15.5789055,17.513878,19.513149,20.3576395,20.865744,20.8046405,19.748158,18.079567,15.540262,12.4239215,10.4841845,10.5226805,14.0808455,18.670482,9.937144,12.330952,14.790432,15.970188,16.5769505,16.1394105,14.571068,12.703861,10.5073465,8.145306000000001,6.905125,6.500469,7.232691,8.063226499999999,9.609772,10.472428,10.8377535,11.3358705,10.472428,10.815073,10.239671,9.96357,11.7876625,14.5,17.7342375,21.2123655,11.661904,12.041595,12.041595,13.601471,13.892444,14.317821,14.866069,15.524175,16.492423,16.492423,17.464249,18.439089,17.464249,18.681542,17.720045,18.027756,16.763055,15.811388,12.369317,11.045361,9.219544,10.0,12.806248,15.811388,19.416488,22.203603,12.369317,15.297059,17.029386,18.027756,18.248288,16.763055,15.231546,11.661904,9.219544,5.656854,2.828427,1.0,4.123106,7.28011,9.219544,11.045361,13.0,14.035669,15.297059,16.492423,16.492423,15.524175,14.56022,13.341664,12.041595,11.18034,16.124515,14.422205,12.806248,10.630146,9.433981,9.486833,11.18034,13.038405,14.035669,15.132746,16.492423,17.720045,18.384776,19.235384,19.416488,19.209373,17.691806,16.278821,13.453624,10.630146,7.211103,6.0,7.211103,10.630146,13.453624,16.278821,8.485281,7.211103,7.28011,7.0,8.544004,11.18034,13.038405,14.422205,15.264338,16.124515,16.552945,16.552945,15.231546,14.866069,13.0,12.649111,12.083046,11.18034,11.661904,12.206556,13.601471,15.620499,15.811388,17.204651,18.027756,17.492856
hoyeon_stand_normal_01,1032,344,34.40187978142077,29.998360745314464,10,0.5312783122062683,0.6550120115280151,-0.0463381372392177,0.9991438984870912,0.5340573191642761,0.6683322191238403,-0.0378152467310428,0.9983344674110411,0.5348329544067383,0.6689388751983643,-0.0378255322575569,0.997979462146759,0.5357281565666199,0.6696814894676208,-0.0378003753721714,0.9983548521995544,0.5345264077186584,0.6690818667411804,-0.0612153820693492,0.9986817836761476,0.5356140732765198,0.6699717044830322,-0.0612242668867111,0.9986793994903564,0.5368232727050781,0.6708405017852783,-0.0612781681120395,0.998841106891632,0.5449441075325012,0.6685118675231934,0.0089340815320611,0.9960662126541138,0.5450119376182556,0.6689229607582092,-0.0971568822860717,0.9983772039413452,0.53509920835495,0.6428185105323792,-0.0259039159864187,0.9987562894821168,0.5362706780433655,0.6444358229637146,-0.0567563697695732,0.9991005659103394,0.5589501857757568,0.6028152108192444,0.0777456983923912,0.9990726709365844,0.5596185922622681,0.6115909814834595,-0.1489177793264389,0.9999374747276306,0.5597913861274719,0.4997552931308746,0.0982998833060264,0.1945586055517196,0.5577638745307922,0.5101901292800903,-0.1840550899505615,0.9878888130187988,0.5692320466041565,0.4199788570404053,0.0590354464948177,0.3883898556232452,0.5423629283905029,0.4180689752101898,-0.1907127052545547,0.9771486520767212,0.577470600605011,0.3971865177154541,0.0554891973733902,0.3476058542728424,0.5428098440170288,0.3889067769050598,-0.2147341668605804,0.959221363067627,0.5726178884506226,0.3918408751487732,0.0384981371462345,0.3547405898571014,0.5388817191123962,0.3876007795333862,-0.2116018235683441,0.9569081664085388,0.570470929145813,0.3963629007339477,0.0500676520168781,0.3253697454929352,0.5379193425178528,0.3968386948108673,-0.1886335164308548,0.9311338663101196,0.5544167160987854,0.4263808131217956,0.0649638622999191,0.9964503645896912,0.5529830455780029,0.4318116009235382,-0.0650925561785698,0.9971120357513428,0.5507104992866516,0.2798303067684173,0.0590415224432945,0.3317824006080627,0.5535654425621033,0.2811315655708313,-0.0605479814112186,0.7526988983154297,0.5466517806053162,0.1360896229743957,0.1010729596018791,0.3990412652492523,0.5480117201805115,0.1339216232299804,-0.0207781363278627,0.8062679767608643,0.5519350171089172,0.1132497936487197,0.1009359434247016,0.5037774443626404,0.5537747740745544,0.1087386161088943,-0.020501010119915,0.7682113647460938,0.5284970998764038,0.1088069155812263,0.0476941354572773,0.569654643535614,0.5292884111404419,0.104329727590084,-0.0858452245593071,0.8340044617652893,hoyeon_stand_normal_01,10.0,10.816654,12.649111,13.601471,16.492423,17.464249,17.720045,16.763055,15.811388,13.928388,13.0,10.77033,8.246211,7.0,6.324555,6.403124,8.062258,11.401754,14.317821,18.439089,21.587033,23.769729,25.298221,26.400758,25.059928,23.021729,9.486833,8.544004,6.708204,5.09902,4.123106,5.0,6.403124,8.602325,9.433981,10.0,10.630146,9.219544,9.219544,7.81025,7.211103,6.708204,7.071068,7.0,9.055385,11.18034,12.369317,14.317821,14.317821,15.297059,14.56022,12.649111,12.083046,12.649111,13.152946,14.0,15.033296,15.132746,16.492423,16.763055,16.763055,18.027756,18.027756,18.973666,18.681542,19.646883,19.646883,18.439089,17.262677,15.297059,13.601471,11.18034,9.899495,10.77033,13.152946,17.029386,20.024984,22.203603,12.206556,14.866069,17.691806,18.601075,18.35756,17.088007,15.524175,12.041595,9.0,5.0,2.0,1.414214,5.0,7.81025,9.899495,12.041595,13.601471,15.264338,17.0,17.464249,17.088007,16.155494,16.155494,14.317821,13.038405,12.727922,16.155494,15.231546,12.529964,10.816654,10.630146,10.29563,11.7047,12.649111,14.866069,16.155494,17.464249,18.35756,19.416488,19.849433,20.518285,20.0,19.416488,17.492856,14.764823,11.661904,8.485281,6.082763,7.28011,10.816654,14.422205,17.204651,10.0,7.81025,7.615773,7.0,9.219544,11.7047,13.416408,15.652476,16.552945,17.464249,17.720045,16.492423,16.492423,15.524175,14.317821,13.341664,12.369317,12.649111,12.083046,13.416408,13.892444,15.264338,17.0,17.888544,18.788294,18.788294
hoyeon_stand_normal_01,1035,345,34.50188524590164,29.998360745314464,10,0.5310786366462708,0.6544538140296936,-0.0465463995933532,0.9991751313209534,0.5336632132530212,0.6676492691040039,-0.0380381941795349,0.9983980059623718,0.5344144701957703,0.6682294607162476,-0.038048293441534,0.998056173324585,0.5352839231491089,0.6689906716346741,-0.0380234271287918,0.9984170198440552,0.5341961979866028,0.6683987379074097,-0.0614624805748462,0.99873024225235,0.5353013873100281,0.6692715883255005,-0.061471801251173,0.99872887134552,0.5365540385246277,0.6701810359954834,-0.0615261942148208,0.9988837242126464,0.5446003079414368,0.6680873036384583,0.0087633999064564,0.9962236881256104,0.544844925403595,0.6684520840644836,-0.0974341854453086,0.9984406232833862,0.5349189639091492,0.6422058939933777,-0.0260832905769348,0.9987990260124208,0.5361302495002747,0.6439101696014404,-0.0569597482681274,0.9991272687911988,0.558546781539917,0.6028147339820862,0.0775471553206443,0.999090850353241,0.5596315264701843,0.6114758253097534,-0.1489669978618621,0.999938666820526,0.5595976710319519,0.4996204078197479,0.0987151190638542,0.196036621928215,0.5576850771903992,0.5100971460342407,-0.1840518563985824,0.9880281090736388,0.5691819787025452,0.4200630784034729,0.0599378906190395,0.3899005949497223,0.5424094796180725,0.4180695414543152,-0.1908671259880066,0.9773915410041808,0.577004075050354,0.3975517153739929,0.056585494428873,0.3487200438976288,0.5428716540336609,0.3889111280441284,-0.2148656398057937,0.9596403241157532,0.5725402235984802,0.3926839530467987,0.0393993072211742,0.3555394113063812,0.5389031767845154,0.3875951766967773,-0.2117195576429367,0.9573523998260498,0.5699535012245178,0.3963981866836548,0.0509100817143917,0.326008528470993,0.5379185080528259,0.3968425691127777,-0.1887800693511963,0.931723177433014,0.5540991425514221,0.4265477955341339,0.0648490861058235,0.9965384006500244,0.5530425310134888,0.4318648874759674,-0.0649759694933891,0.9971773624420166,0.5507590174674988,0.2802221179008484,0.05892775952816,0.3326466679573059,0.5536556243896484,0.28150075674057,-0.0608056597411632,0.7570624947547913,0.5465832352638245,0.1361055523157119,0.100524716079235,0.3994540870189667,0.547938883304596,0.1339903026819229,-0.0214877296239137,0.8082224726676941,0.5516697764396667,0.1133017092943191,0.1003964766860008,0.5053569674491882,0.5538061261177063,0.1091491505503654,-0.0210877601057291,0.7700413465499878,0.5284935832023621,0.1088565662503242,0.0473842434585094,0.5700990557670593,0.5293264985084534,0.1041333451867103,-0.0864199250936508,0.8352850079536438,hoyeon_stand_normal_01,9.433981,9.899495,12.206556,13.892444,16.124515,17.492856,16.643317,16.643317,15.811388,13.601471,12.041595,10.0,8.062258,6.324555,6.0,5.830952,7.81025,11.661904,14.317821,17.888544,21.470911,24.186773,25.238859,25.612497,24.758837,21.931712,8.485281,7.071068,6.403124,5.0,4.0,5.385165,6.708204,7.211103,9.433981,9.433981,8.944272,8.944272,8.062258,7.211103,6.403124,6.403124,6.708204,7.28011,9.055385,11.045361,13.038405,14.035669,14.142136,14.142136,13.038405,12.0,17.464249,17.464249,17.088007,15.811388,14.56022,13.341664,12.165525,10.049876,9.0,7.071068,6.324555,6.403124,5.830952,7.28011,9.055385,11.0,14.035669,16.03122,18.027756,20.0,21.023796,22.090722,21.213203,19.416488,16.763055,13.0,6.708204,4.472136,3.162278,1.0,2.828427,5.830952,8.062258,10.0,11.401754,12.041595,12.041595,11.401754,10.0,9.433981,7.211103,6.403124,5.0,3.605551,3.162278,4.242641,6.403124,9.433981,11.661904,13.416408,15.652476,17.0,16.278821,13.152946,11.045361,10.049876,8.544004,8.602325,9.899495,11.401754,13.453624,14.866069,16.278821,17.029386,18.027756,18.788294,19.313208,18.681542,18.248288,16.124515,13.038405,10.049876,6.324555,4.472136,7.28011,10.77033,14.317821,16.552945,9.055385,8.0,6.324555,6.403124,8.062258,10.77033,12.369317,14.317821,15.524175,16.492423,16.763055,16.155494,14.866069,14.317821,13.0,12.083046,11.7047,11.7047,11.401754,12.165525,13.038405,14.035669,16.03122,17.0,18.11077,18.11077
hoyeon_stand_normal_01,1038,346,34.60189071038251,29.998360745314464,10,0.5308079123497009,0.6539977788925171,-0.047463834285736,0.999190092086792,0.5332339406013489,0.667146623134613,-0.0387026518583297,0.9984290599822998,0.5339621305465698,0.6676859855651855,-0.0387140028178691,0.9980962872505188,0.5347989201545715,0.6684322953224182,-0.0386883728206157,0.9984477162361144,0.5338195562362671,0.6678531169891357,-0.0623669512569904,0.998754858970642,0.5349316000938416,0.6686575412750244,-0.0623779967427253,0.9987569451332092,0.5362173914909363,0.669559121131897,-0.0624332241714,0.9989064931869508,0.5442705750465393,0.6676679253578186,0.0086864829063415,0.9963017106056212,0.544661283493042,0.6679576635360718,-0.0984247475862503,0.9984812140464784,0.5346981287002563,0.6417670249938965,-0.0267714671790599,0.9988211393356324,0.5359137654304504,0.6434242129325867,-0.0579598657786846,0.9991400837898254,0.5582939386367798,0.6026872992515564,0.0776465684175491,0.9990921020507812,0.5596466660499573,0.6111856698989868,-0.1514340192079544,0.9999400973320008,0.5594383478164673,0.4992474019527435,0.0987321138381958,0.1944979876279831,0.557485818862915,0.5098294019699097,-0.1864403039216995,0.988257646560669,0.5690904259681702,0.4200863540172577,0.0595445074141025,0.3862181603908539,0.5424295663833618,0.4179927706718445,-0.192651942372322,0.9776129126548768,0.5766347050666809,0.3976985812187195,0.0563918463885784,0.3457703292369842,0.5429185032844543,0.3889097869396209,-0.2168423235416412,0.9599941968917848,0.5716620683670044,0.3930428326129913,0.0390408299863338,0.3523073494434356,0.538911759853363,0.3875731527805328,-0.2134657055139541,0.9577195048332214,0.5696374773979187,0.3964763879776001,0.0503846183419227,0.3230977058410644,0.5379144549369812,0.3968399167060852,-0.1904961615800857,0.9321790933609008,0.553479790687561,0.4265598952770233,0.0665106624364852,0.9965869784355164,0.5530560612678528,0.4318599700927734,-0.0666375309228897,0.9972249269485474,0.5507680773735046,0.2802951335906982,0.0605067498981952,0.331962525844574,0.554021418094635,0.2815263867378235,-0.0620727501809597,0.7645413279533386,0.5465815663337708,0.1361220180988311,0.1020088270306587,0.3998945355415344,0.548055112361908,0.1339915841817855,-0.0240549147129058,0.8130077719688416,0.5515267848968506,0.113446332514286,0.1018557995557785,0.507514476776123,0.5541844964027405,0.1090848818421363,-0.023892929777503,0.7748302817344666,0.5282723307609558,0.1089239045977592,0.0495713539421558,0.5716044902801514,0.5292211771011353,0.1040473580360412,-0.0897827968001365,0.8389288783073425,hoyeon_stand_normal_01,25.495098,25.806976,23.323808,20.124612,16.552945,12.529964,7.81025,6.708204,7.0,9.486833,12.649111,14.866069,16.763055,18.681542,20.396078,21.213203,22.090722,22.022716,21.0,18.027756,15.0,12.165525,9.433981,10.816654,14.56022,18.439089,10.198039,12.369317,13.928388,15.652476,15.811388,15.620499,14.142136,12.041595,9.899495,8.602325,7.615773,7.071068,8.0,9.055385,10.049876,11.045361,11.045361,11.045361,11.045361,10.198039,10.440307,10.816654,12.727922,16.401219,20.0,22.803509,16.124515,16.643317,15.811388,15.0,13.453624,12.727922,11.401754,10.0,8.944272,7.28011,7.071068,6.082763,6.708204,7.81025,10.0,12.206556,14.764823,17.492856,19.723083,21.633308,22.203603,22.803509,21.931712,20.518285,18.439089,15.0,8.246211,6.324555,4.123106,2.0,3.0,5.09902,7.071068,9.219544,11.045361,12.041595,12.0,11.045361,10.198039,9.219544,7.28011,6.324555,4.123106,2.0,2.236068,3.162278,5.830952,8.062258,11.18034,13.892444,14.764823,16.124515,14.142136,16.124515,16.278821,16.124515,16.124515,15.033296,14.0,12.041595,11.045361,9.055385,7.071068,6.0,4.123106,4.242641,5.385165,8.246211,11.045361,13.152946,16.124515,18.248288,19.646883,19.924859,20.248457,18.027756,15.652476,12.529964,12.0,13.038405,15.132746,15.132746,15.297059,14.142136,13.152946,12.041595,10.0,9.055385,7.28011,6.708204,6.403124,7.071068,7.81025,9.433981,9.433981,10.29563,10.29563,10.816654,10.29563,11.18034,10.77033,11.401754,12.165525,12.0
hoyeon_stand_normal_01,1041,347,34.701896174863386,29.998360745314464,10,0.5305270552635193,0.6537289619445801,-0.0498748570680618,0.9991990327835084,0.5328723788261414,0.6667729020118713,-0.0408565625548362,0.9984472393989564,0.533584475517273,0.6672717928886414,-0.0408681221306324,0.9981204867362976,0.5343925952911377,0.6679884195327759,-0.0408426262438297,0.99846613407135,0.5335004925727844,0.6674460172653198,-0.0648085922002792,0.9987684488296508,0.5346183776855469,0.6681870818138123,-0.0648212730884552,0.9987738728523254,0.5359224677085876,0.6690614819526672,-0.0648774355649948,0.9989197850227356,0.5439510941505432,0.6672268509864807,0.0075438115745782,0.9963456988334656,0.5444819927215576,0.6674731373786926,-0.1008296087384224,0.9985079169273376,0.53447026014328,0.6414806246757507,-0.0288579259067773,0.9988330006599426,0.5356950163841248,0.6431360840797424,-0.0604045763611793,0.9991459250450134,0.5581129789352417,0.6026406288146973,0.07755708694458,0.9990888237953186,0.5596650242805481,0.6110913157463074,-0.1545881628990173,0.999941349029541,0.5592086315155029,0.4991733729839325,0.0987117514014244,0.1911865025758743,0.5574378371238708,0.5097343325614929,-0.189973384141922,0.9884382486343384,0.5683704018592834,0.4201302230358124,0.0588065721094608,0.3796644210815429,0.5424388647079468,0.4179409146308899,-0.1956276148557663,0.9777076244354248,0.5763991475105286,0.3977044820785522,0.0558580495417118,0.3404104709625244,0.5429465770721436,0.388910174369812,-0.2200608998537063,0.9601233005523682,0.5693137049674988,0.3930397033691406,0.0382825322449207,0.3466807007789612,0.538933515548706,0.3875575065612793,-0.2164897173643112,0.957840085029602,0.5695482492446899,0.3965468406677246,0.0494573041796684,0.3181022405624389,0.5379320979118347,0.3968393802642822,-0.1934266686439514,0.9322513937950134,0.5532163381576538,0.4265596866607666,0.0678380653262138,0.9966155290603638,0.55315101146698,0.4318097233772278,-0.0679595693945884,0.9972516894340516,0.5507266521453857,0.2804487347602844,0.0620951242744922,0.3299498558044433,0.554185688495636,0.28153857588768,-0.062944546341896,0.7716294527053833,0.5465648174285889,0.1361759901046753,0.1037018671631813,0.3991344273090362,0.5480897426605225,0.1339724361896515,-0.0252004284411668,0.8175119161605835,0.5514262318611145,0.1135522574186325,0.1035162359476089,0.5084632635116577,0.5545595288276672,0.1088110655546188,-0.0251428857445716,0.7792035937309265,0.5278972387313843,0.1091791838407516,0.0515235289931297,0.5720752477645874,0.5290106534957886,0.1040073037147522,-0.0913854539394378,0.8423224687576294,hoyeon_stand_normal_01,8.062258,8.602325,10.77033,12.649111,14.56022,15.524175,15.811388,15.811388,15.231546,13.0,11.18034,9.848858,7.615773,5.09902,4.123106,5.0,7.071068,10.049876,14.0,17.0,21.023796,23.086793,25.317978,24.738634,24.351591,21.931712,9.219544,8.602325,7.211103,6.708204,6.082763,6.082763,7.28011,8.544004,8.944272,8.944272,8.944272,8.944272,8.062258,7.211103,7.071068,6.403124,6.708204,8.246211,9.055385,11.045361,13.038405,14.035669,14.035669,14.035669,13.038405,11.0,13.6545385,13.4544835,13.4544835,13.397325,13.2828165,12.843758,12.670832,12.1838485,12.176145,11.870144,11.4163595,11.3409725,11.9854405,12.2676585,13.2321245,13.904208,15.064604500000002,14.940146,14.825021,14.611874,14.355398,15.62113,16.77688,17.3787245,18.2490305,17.8276215,10.1055515,10.45467,10.434114,10.131912,10.4280915,10.8674065,10.634212,10.513659,9.472136,8.616353,6.433107,5.4497475,6.671325,6.9465065,8.133244,8.3511075,8.1213205,8.1358685,8.684407,9.8845975,10.810807,11.9205315,12.379064,12.9010285,13.28011,13.3522575,16.124515,15.132746,13.152946,10.77033,9.433981,9.219544,10.0,11.661904,13.892444,15.264338,16.401219,17.029386,19.104973,20.0,20.248457,19.235384,19.313208,16.763055,13.601471,10.440307,7.211103,5.830952,7.071068,9.848858,13.892444,16.124515,9.848858,8.062258,7.071068,7.615773,9.055385,11.045361,13.152946,15.132746,17.117243,17.117243,17.029386,17.0,16.03122,15.033296,14.142136,13.038405,13.038405,12.0,12.041595,13.038405,14.142136,15.297059,16.492423,17.464249,18.439089,18.439089
hoyeon_stand_normal_01,1044,348,34.80190163934426,29.998360745314464,10,0.5303371548652649,0.6536468863487244,-0.0503938943147659,0.9992196559906006,0.5326789021492004,0.6666274666786194,-0.0413090847432613,0.998489797115326,0.5333852767944336,0.6671151518821716,-0.0413207300007343,0.9981733560562134,0.5341821908950806,0.6678246855735779,-0.0412955395877361,0.9985084533691406,0.533311665058136,0.6672845482826233,-0.0652879774570465,0.9988000392913818,0.5344229936599731,0.6680060625076294,-0.0653000697493553,0.99880713224411,0.5357247591018677,0.6688735485076904,-0.0653544515371322,0.9989475607872008,0.5437628030776978,0.6670604944229126,0.0073462161235511,0.996447205543518,0.5443374514579773,0.6672928929328918,-0.1012437418103218,0.9985531568527222,0.5343040227890015,0.6414034962654114,-0.0293294824659824,0.9988617300987244,0.5355297923088074,0.643064558506012,-0.0609145872294902,0.9991640448570251,0.5580488443374634,0.6026267409324646,0.0776190012693405,0.99909770488739,0.5596775412559509,0.6110507249832153,-0.1550779044628143,0.9999425411224364,0.5590807199478149,0.4991424083709717,0.0987337976694107,0.1894575506448745,0.5573833584785461,0.5096904039382935,-0.1907044500112533,0.9885993003845216,0.5681355595588684,0.4201759696006775,0.0586617477238178,0.3760968446731567,0.5424654483795166,0.4178772270679474,-0.1963464766740799,0.9777867197990416,0.5762033462524414,0.3977093994617462,0.0558240227401256,0.3374794423580169,0.5429781079292297,0.3889045119285583,-0.2209215462207794,0.9602311849594116,0.5680199861526489,0.3930324912071228,0.0380447730422019,0.343506783246994,0.5389421582221985,0.387537270784378,-0.2172017097473144,0.9579445123672484,0.5695008635520935,0.3966230750083923,0.0492182411253452,0.3152929544448852,0.5379318594932556,0.3968301117420196,-0.1941164135932922,0.9323203563690186,0.5531871318817139,0.426577478647232,0.0683454796671867,0.9966778755187988,0.5532429218292236,0.4318079352378845,-0.0684660449624061,0.9972967505455016,0.5507321953773499,0.2805832624435425,0.0626501590013504,0.3295615613460541,0.5542507767677307,0.2816631495952606,-0.0635721236467361,0.7789573669433594,0.546554684638977,0.1362207978963852,0.104373812675476,0.3999510109424591,0.5480958223342896,0.1339649707078933,-0.025655249133706,0.8221281170845032,0.5513982176780701,0.1136585101485252,0.1041828915476799,0.5106110572814941,0.5547204613685608,0.1089158207178115,-0.0255474243313074,0.7833748459815979,0.5277650952339172,0.1093024015426635,0.0521644838154315,0.5735571384429932,0.5289206504821777,0.103966012597084,-0.0916810780763626,0.8458067774772644,hoyeon_stand_normal_01,25.495098,25.632011,22.803509,20.223748,15.132746,11.18034,7.615773,6.403124,7.071068,10.049876,13.152946,15.132746,18.027756,19.0,21.023796,22.090722,23.194827,22.561028,20.880613,18.681542,16.492423,13.038405,10.440307,10.630146,15.264338,19.723083,8.602325,11.401754,12.727922,13.453624,13.601471,13.892444,12.529964,11.18034,9.433981,7.81025,7.81025,7.211103,7.615773,8.246211,9.486833,9.486833,10.440307,9.486833,9.219544,9.055385,8.062258,9.848858,12.206556,16.278821,19.849433,23.600847,17.0,17.0,15.652476,15.231546,13.928388,13.601471,11.401754,10.198039,9.055385,8.062258,6.324555,5.830952,5.656854,6.324555,8.062258,10.0,13.038405,16.03122,18.027756,20.024984,21.0,21.095023,21.213203,19.416488,16.763055,13.928388,6.082763,5.09902,3.0,1.414214,2.828427,5.0,7.81025,9.899495,10.630146,11.401754,11.661904,11.18034,9.848858,8.944272,7.615773,5.830952,4.472136,3.605551,3.0,5.0,6.403124,8.602325,10.816654,13.601471,15.0,15.811388,15.652476,13.416408,11.18034,10.440307,9.055385,8.246211,9.848858,11.18034,13.416408,14.317821,15.811388,16.492423,17.262677,18.027756,19.026298,18.11077,17.464249,15.524175,13.601471,10.440307,6.0,4.472136,6.324555,10.049876,13.0,16.03122,9.486833,8.246211,7.0,6.708204,8.485281,10.0,12.529964,13.892444,16.124515,15.264338,15.811388,15.811388,15.0,13.453624,12.041595,12.041595,12.041595,11.401754,10.816654,11.18034,13.0,14.317821,15.231546,16.155494,17.464249,17.888544
hoyeon_stand_normal_01,1047,349,34.90190710382514,29.998360745314464,10,0.5302748084068298,0.6534974575042725,-0.0504229143261909,0.9992406964302064,0.5325849652290344,0.6664203405380249,-0.0413742177188396,0.998531699180603,0.5332755446434021,0.6668869853019714,-0.0413856282830238,0.998224914073944,0.5340554118156433,0.6675780415534973,-0.0413606613874435,0.9985504746437072,0.5332345366477966,0.6670743227005005,-0.0653048083186149,0.9988316297531128,0.5343422293663025,0.6677773594856262,-0.0653166472911834,0.998839795589447,0.5356445908546448,0.6686398386955261,-0.0653708800673484,0.9989748001098632,0.5436354279518127,0.6668484807014465,0.0072900759987533,0.9965488910675048,0.5442765951156616,0.6670851111412048,-0.1012221723794937,0.9985933899879456,0.5342468619346619,0.6412674784660339,-0.0293859373778104,0.9988914132118224,0.5354878902435303,0.642945408821106,-0.0609094351530075,0.999181628227234,0.5579774379730225,0.6026172041893005,0.0775643438100814,0.9991085529327391,0.5596891641616821,0.6110451221466064,-0.1547237783670425,0.9999435544013976,0.5589578747749329,0.4990441799163818,0.0987239405512809,0.1891821324825287,0.5573744177818298,0.509586751461029,-0.1901409327983856,0.9887242317199708,0.5681130290031433,0.4202057123184204,0.0586440563201904,0.3750229775905609,0.5424883365631104,0.4178310334682464,-0.1957984715700149,0.977886974811554,0.5760490894317627,0.3977147042751312,0.0557585172355175,0.336320161819458,0.5429966449737549,0.388904720544815,-0.2201971858739853,0.9603758454322816,0.5673688054084778,0.3930203914642334,0.0380288921296596,0.3421654999256134,0.5389528870582581,0.3875259160995483,-0.2166366726160049,0.958084225654602,0.5674751400947571,0.3980461955070495,0.0492102913558483,0.3140932321548462,0.5379345417022705,0.3968200385570526,-0.1936123371124267,0.9324442148208618,0.5529880523681641,0.4265775084495544,0.0680607035756111,0.9967291355133056,0.5533197522163391,0.4317960143089294,-0.0681807249784469,0.9973360896110536,0.5507170557975769,0.2805900275707245,0.0623748265206813,0.3295905888080597,0.5544116497039795,0.2816638350486755,-0.0633700340986251,0.7838475704193115,0.5465431809425354,0.1362257450819015,0.104197584092617,0.4003608524799347,0.5484283566474915,0.1339604258537292,-0.0251915585249662,0.8252246379852295,0.551273763179779,0.1137333512306213,0.1040124371647834,0.5121936202049255,0.5550187230110168,0.1088984385132789,-0.0250445641577243,0.7860623598098755,0.5277217626571655,0.1093413308262825,0.0519823655486106,0.5744748711585999,0.528938353061676,0.1038898378610611,-0.0912380740046501,0.8481321930885315,hoyeon_stand_normal_01,22.803509,22.627417,20.615528,18.027756,14.422205,10.816654,7.81025,5.385165,6.082763,8.062258,10.29563,12.529964,14.764823,16.552945,17.464249,19.313208,19.924859,19.646883,18.439089,16.278821,14.317821,10.440307,8.602325,7.615773,11.045361,15.033296,8.246211,10.440307,11.18034,12.529964,13.038405,12.806248,11.401754,10.0,8.602325,8.062258,7.28011,7.071068,8.0,8.0,9.055385,10.049876,10.049876,9.055385,9.055385,8.246211,8.062258,9.219544,10.816654,13.892444,17.492856,20.248457,15.652476,15.652476,15.264338,14.422205,12.806248,12.041595,9.899495,9.219544,7.211103,6.708204,6.082763,5.09902,5.830952,7.071068,9.433981,11.661904,14.317821,17.0,19.235384,21.095023,21.633308,22.203603,21.260292,19.79899,17.029386,13.601471,7.28011,6.082763,4.0,2.236068,3.0,6.082763,8.062258,10.049876,11.045361,12.0,12.041595,11.18034,11.18034,9.486833,8.246211,6.324555,5.09902,3.0,2.828427,3.0,5.09902,8.544004,10.77033,12.649111,13.928388,15.231546,13.892444,14.764823,15.652476,15.652476,16.124515,14.422205,13.601471,12.041595,10.630146,8.485281,7.071068,5.0,4.472136,4.123106,5.0,7.81025,9.899495,13.453624,15.556349,17.691806,19.849433,20.0,19.416488,18.027756,16.124515,13.416408,12.041595,14.21267,14.866069,16.278821,15.556349,15.556349,14.142136,12.727922,10.630146,8.602325,7.615773,7.28011,7.0,7.071068,7.28011,8.544004,8.544004,9.848858,9.848858,9.848858,10.77033,10.77033,10.29563,10.816654,11.313708,12.041595
hoyeon_stand_normal_01,1050,350,35.00191256830601,29.998360745314464,10,0.5302397608757019,0.6533849835395813,-0.050226155668497,0.9992539882659912,0.5325433015823364,0.6662984490394592,-0.0411549918353557,0.9985575079917908,0.5332304835319519,0.6667564511299133,-0.0411663018167018,0.9982572793960572,0.5340082049369812,0.6674400568008423,-0.0411415137350559,0.9985767602920532,0.5331882834434509,0.6669564843177795,-0.0651008561253547,0.9988505244255066,0.5342896580696106,0.6676525473594666,-0.0651124864816665,0.998860478401184,0.535585343837738,0.6685110330581665,-0.0651670470833778,0.998991847038269,0.5435919165611267,0.6667146682739258,0.0074516916647553,0.9966084361076356,0.5442207455635071,0.6669415235519409,-0.101072259247303,0.9986199140548706,0.5342128872871399,0.6411771178245544,-0.0291888415813446,0.9989070892333984,0.5354556441307068,0.6428661942481995,-0.060747243463993,0.9991893768310548,0.5579763054847717,0.6026188135147095,0.0782888159155845,0.9991140365600586,0.5596868395805359,0.6110407114028931,-0.1544877141714096,0.999944508075714,0.5589303374290466,0.4990332126617431,0.0997273251414299,0.187609314918518,0.557353138923645,0.509576141834259,-0.1899289637804031,0.988864243030548,0.5680323243141174,0.4202315807342529,0.0594669617712497,0.3727052807807922,0.5425068736076355,0.4177993834018707,-0.1958063691854477,0.9780394434928894,0.5759369730949402,0.3977293372154236,0.0566678754985332,0.3343630731105804,0.5430185198783875,0.3888988792896271,-0.220240443944931,0.9606099724769592,0.5670720338821411,0.393060028553009,0.0387977808713912,0.3400154411792755,0.5389573574066162,0.3875087201595306,-0.2165453135967254,0.9583170413970948,0.5665878653526306,0.3991163671016693,0.0499726496636867,0.3121769726276397,0.5379357933998108,0.3968006074428558,-0.1935677081346511,0.9326868653297424,0.5529353022575378,0.4265912473201751,0.0680720880627632,0.99677175283432,0.5533491969108582,0.431794673204422,-0.0681908205151557,0.9973697662353516,0.5507071018218994,0.2805996239185333,0.0622932650148868,0.3297183811664581,0.5544203519821167,0.2816701233386993,-0.0634639114141464,0.7895330786705017,0.5465298295021057,0.1362420469522476,0.1041168868541717,0.4012318551540375,0.5484667420387268,0.1339592486619949,-0.0253740381449461,0.8290259838104248,0.5511245131492615,0.1138087809085846,0.1039349511265754,0.5140363574028015,0.5551156997680664,0.1089827045798301,-0.0252172444015741,0.7892376184463501,0.5276787877082825,0.1093703880906105,0.0518075674772262,0.5759311318397522,0.5289387106895447,0.1038065254688263,-0.0913980826735496,0.8510499000549316,hoyeon_stand_normal_01,26.41969,26.07681,24.207437,21.213203,16.970563,12.041595,8.062258,6.0,7.615773,10.630146,13.453624,15.620499,17.804494,20.0,21.633308,23.323808,23.706539,23.769729,22.472205,20.248457,17.088007,13.416408,10.630146,11.401754,15.0,19.104973,8.0,11.045361,12.165525,13.601471,13.601471,14.317821,12.529964,11.18034,8.944272,8.246211,7.071068,8.062258,8.246211,9.486833,9.486833,10.440307,10.440307,10.440307,9.848858,9.433981,9.899495,10.29563,13.0,16.763055,20.880613,23.4094,12.806248,13.038405,13.928388,13.341664,14.142136,15.0,15.033296,16.124515,16.278821,17.464249,18.248288,19.235384,19.235384,20.223748,19.104973,19.026298,18.027756,16.0,13.038405,10.198039,8.062258,8.602325,11.401754,15.132746,18.11077,21.377558,13.453624,15.556349,17.804494,18.867962,18.788294,17.720045,15.297059,12.041595,8.0,5.0,2.236068,3.162278,5.0,7.81025,10.816654,12.529964,14.317821,15.231546,17.088007,17.720045,17.720045,17.464249,16.763055,15.811388,14.317821,13.601471,15.023969,15.247942,14.862993,13.652427499999998,13.0622575,12.9252575,12.349359,12.5895375,12.409081,12.225545,11.545749,12.5030485,12.117692,12.2859435,13.0,13.5836155,15.207862,14.917043499999998,15.298321,14.714313999999998,13.5524865,13.366594,13.531129,14.2340315,14.686442,14.7158835,11.041523,10.995323,11.240921,11.810819,12.6226845,13.290859,14.0808455,13.6046655,13.290859,13.0161395,12.6372495,11.667808999999998,11.4163595,11.272224,11.0693275,11.046895,11.28992,11.066461,11.631693,11.9147255,12.8027905,13.284768,13.8815275,14.8634515,15.077003,14.866228
hoyeon_stand_normal_01,1053,351,35.101918032786884,29.998360745314464,10,0.5302178263664246,0.6533361077308655,-0.0502018183469772,0.9992703199386596,0.5325088500976562,0.6662331819534302,-0.0411335974931716,0.9985880255699158,0.5331926345825195,0.6666848659515381,-0.0411447621881961,0.9982948303222656,0.533967137336731,0.6673603653907776,-0.041120059788227,0.9986067414283752,0.5331534147262573,0.6668941378593445,-0.0650862082839012,0.998874008655548,0.5342527031898499,0.6675840020179749,-0.0650978982448577,0.9988856315612792,0.535546064376831,0.6684347987174988,-0.0651525035500526,0.9990128874778748,0.5435304641723633,0.6666085720062256,0.0074391704984009,0.996679663658142,0.544186532497406,0.6668397188186646,-0.1010631322860717,0.9986534714698792,0.534184455871582,0.641153872013092,-0.0291548632085323,0.9989288449287416,0.5354273915290833,0.6428466439247131,-0.0607318207621574,0.9992031455039978,0.5577953457832336,0.6026185750961304,0.078542947769165,0.9991214275360109,0.5596937537193298,0.6110373139381409,-0.15435291826725,0.9999456405639648,0.5587437748908997,0.4990671277046203,0.1007367521524429,0.1862228959798813,0.557356595993042,0.5095809102058411,-0.1897999495267868,0.9890024065971376,0.5675017833709717,0.4202759265899658,0.0601419433951377,0.3711976110935211,0.5425214767456055,0.4177990853786468,-0.1960633099079132,0.978259027004242,0.5744540095329285,0.3977253437042236,0.0572576113045215,0.3332214951515198,0.5430606603622437,0.388907790184021,-0.2206207662820816,0.960976779460907,0.5666924118995667,0.3930855095386505,0.0392148494720459,0.3387283980846405,0.538965106010437,0.3875146806240082,-0.2169140130281448,0.9586884379386902,0.5656617879867554,0.3997827172279358,0.0505779534578323,0.311154693365097,0.5379374623298645,0.3968060314655304,-0.1938177645206451,0.9331532120704652,0.5525125861167908,0.4266029000282287,0.0681298896670341,0.996823251247406,0.5533959269523621,0.4317944049835205,-0.0682460069656372,0.9974135756492616,0.5506352186203003,0.2806209027767181,0.0622169636189937,0.3306440412998199,0.5544366240501404,0.2817050516605377,-0.0638811588287353,0.795648455619812,0.5464164018630981,0.1362922489643097,0.1040285006165504,0.4026998281478882,0.5484659671783447,0.1339815258979797,-0.0260386262089014,0.8330362439155579,0.5507237315177917,0.1138752102851867,0.103846363723278,0.5163781642913818,0.5551831126213074,0.1089985147118568,-0.0258908774703741,0.7923340797424316,0.5271207690238953,0.109438419342041,0.0516697876155376,0.5779131650924683,0.5288291573524475,0.103783294558525,-0.0921620652079582,0.8540571928024292,hoyeon_stand_normal_01,8.062258,9.219544,11.18034,13.928388,16.155494,17.464249,17.464249,17.888544,17.0,15.264338,13.038405,10.816654,8.944272,6.324555,4.123106,5.0,7.28011,11.045361,15.033296,19.104973,22.203603,25.317978,26.683328,27.202941,26.0,23.259407,9.219544,8.485281,7.81025,6.708204,7.28011,8.062258,8.062258,9.219544,9.219544,9.219544,9.219544,9.486833,8.544004,8.062258,6.403124,7.211103,8.062258,9.486833,11.18034,13.152946,14.317821,16.278821,16.492423,15.524175,14.317821,12.165525,15.811388,15.231546,15.231546,14.764823,13.038405,12.206556,11.401754,9.899495,8.602325,7.211103,6.324555,6.0,7.28011,8.062258,10.0,12.041595,14.142136,16.970563,19.104973,20.518285,22.022716,22.203603,21.095023,19.235384,17.464249,13.928388,7.28011,6.324555,4.123106,2.236068,3.0,5.0,7.071068,9.0,10.0,11.045361,11.18034,10.198039,9.486833,8.544004,7.615773,5.385165,4.123106,2.0,2.236068,4.0,6.324555,8.544004,10.440307,12.649111,14.56022,15.811388,14.529102666666668,15.237577166666668,15.421796166666669,14.95987625,14.378065583333331,13.865724416666666,13.136827833333331,12.314037416666665,11.6346765,10.487577333333334,9.443788333333334,8.972283416666667,8.198493166666665,8.42534875,9.511844666666669,10.973816416666669,13.139304333333332,14.351106416666669,15.824171333333334,16.615054166666667,16.536927416666664,16.8573315,16.808590000000002,16.383861583333335,15.392480666666666,14.043354916666669,11.512404333333333,12.5067755,12.942966166666668,13.514770833333332,14.21709475,13.984707666666669,13.807334583333333,12.784533416666664,11.601330666666666,10.672225583333333,10.124078083333334,8.897993333333332,8.913859083333334,9.070566333333334,9.19582225,9.500328,10.181606166666665,10.363651333333332,10.8325395,11.297379416666663,11.741411916666667,12.0374045,12.334210416666668,12.75037425,12.850759166666666,13.291122166666668
hoyeon_stand_normal_01,1059,353,35.30192896174864,29.998360745314464,10,0.5301297307014465,0.65334552526474,-0.0508338660001754,0.9992679953575134,0.5323883891105652,0.6661981344223022,-0.0418300405144691,0.9985908269882202,0.5330795049667358,0.6666496992111206,-0.041841235011816,0.9982998967170716,0.5338586568832397,0.6673288941383362,-0.0418177880346775,0.9986108541488647,0.5330101251602173,0.6668577194213867,-0.0657881647348404,0.9988734722137452,0.5341038107872009,0.6675454378128052,-0.0658008381724357,0.9988870024681092,0.5353877544403076,0.6683958172798157,-0.0658574774861335,0.9990137815475464,0.5434410572052002,0.6665849089622498,0.0067313206382095,0.9966878294944764,0.5440769791603088,0.6668030619621277,-0.1018115356564521,0.9986639022827148,0.5341243147850037,0.6412023305892944,-0.0297723114490509,0.9989248514175416,0.5353475213050842,0.6429035663604736,-0.0613388903439044,0.999196469783783,0.5576552748680115,0.6026901602745056,0.0779891014099121,0.9991106390953064,0.5596975088119507,0.6110318899154663,-0.1548397541046142,0.999946117401123,0.55854731798172,0.499337762594223,0.099746398627758,0.1805433630943298,0.5574008226394653,0.509551465511322,-0.1901587843894958,0.9890347123146056,0.5663310885429382,0.4209950864315033,0.0576877668499946,0.3618960678577423,0.5425431728363037,0.4178185760974884,-0.1956697851419448,0.9781316518783568,0.5726608633995056,0.3978318274021148,0.0545949898660182,0.3254449665546417,0.5430872440338135,0.3889240026473999,-0.220061793923378,0.9607633948326112,0.5659627914428711,0.3933877646923065,0.0367494709789752,0.3306990265846252,0.538975715637207,0.3875214457511902,-0.2164773344993591,0.958455502986908,0.5644431710243225,0.4010850489139557,0.04808946326375,0.3039293587207794,0.537948489189148,0.3968175649642944,-0.1934505254030227,0.9326902627944946,0.5522692203521729,0.4269829094409942,0.0680853053927421,0.9968222379684448,0.5534425973892212,0.4319436550140381,-0.0682000741362571,0.9974180459976196,0.5505541563034058,0.2810089588165283,0.0622012205421924,0.3296408951282501,0.5544531941413879,0.2820349931716919,-0.063921220600605,0.8009288907051086,0.5464112758636475,0.1363154053688049,0.1039532721042633,0.401981920003891,0.548570990562439,0.1339979320764541,-0.0258371885865926,0.835890531539917,0.5503469705581665,0.1140114143490791,0.1037294194102287,0.5157232284545898,0.5551267862319946,0.1088766753673553,-0.0257277600467205,0.7938635945320129,0.5271298289299011,0.1096391230821609,0.0512403510510921,0.5773705244064331,0.5288404226303101,0.1038730666041374,-0.091997392475605,0.8559184670448303,hoyeon_stand_normal_01,20.593533,20.539888,20.078834333333333,18.42448033333333,16.380184666666665,14.283075333333334,11.544672666666663,10.032941333333332,10.626556333333331,11.867282333333334,12.956677333333332,13.682136333333332,14.718391,15.425264,15.902685,16.621217,18.250254666666667,18.95499,19.490790333333337,19.534935,18.63646633333333,17.06087133333333,16.321431,16.609031666666667,18.48376,20.108433,8.459773666666667,10.143393666666668,10.451375666666666,11.154207,11.260152333333332,11.134151333333334,11.341423999999998,10.525851666666666,9.517025666666669,8.916258666666666,8.127572,8.215189,8.264583333333334,8.383288,8.574864333333332,9.09337,9.354086,9.739848,9.711859,10.471792333333331,10.848753666666669,11.924837666666669,13.942736333333334,16.320227666666664,18.451272,19.668717,13.516648,13.5827625,13.6846585,13.2828165,13.0956755,12.4858865,11.9469655,11.8497515,11.3078865,11.4021715,11.0290365,11.2072755,11.402247,12.381822,13.117905,13.6330965,15.004483999999998,15.0652035,15.110389,14.162704,14.151953,14.4308695,15.742625,16.1415065,17.233663999999997,16.643431,10.124754,10.066373,9.8273505,10.131912,11.18034,11.483936,11.2294405,10.8770075,10.1535125,8.541523,6.948986,7.2451655,8.1009095,8.640055,8.6485415,9.053912,9.208204,8.9635505,9.486833,9.7084695,11.362887,12.323715,13.0047135,13.293865,13.779272,13.8909285,14.034236333333332,15.227212333333334,15.980599333333332,16.267325,15.693873666666668,14.806191333333333,13.924296666666663,12.038537333333332,10.860272,8.749609666666666,7.341827666666667,5.441518333333334,4.279294333333333,4.564754,6.0236893333333335,8.364017333333335,11.070746666666668,13.785169333333334,16.350021666666667,18.51579433333333,19.52136833333333,20.348069,20.086051,18.533691666666662,16.098519333333332,13.370826333333332,11.983285666666667,14.018228,14.645011333333334,15.218722666666666,15.811505000000002,14.678556333333333,13.533823666666668,11.964401333333331,9.911802333333332,8.328311666666666,7.610906666666668,6.128177666666666,6.411358666666668,6.868908666666667,7.322317000000001,7.953761,9.073292333333333,9.660841666666666,10.033386000000002,10.680033333333332,10.680033333333332,10.790041,10.786893333333332,10.637296999999998,10.624515333333331,11.716016333333334
hoyeon_stand_normal_01,1062,354,35.40193442622951,29.998360745314464,10,0.5300546884536743,0.6533524990081787,-0.0514237955212593,0.9992547035217284,0.5322854518890381,0.6662000417709351,-0.0424497686326503,0.9985718727111816,0.5329843163490295,0.6666520833969116,-0.0424601472914218,0.9982789158821106,0.5337672829627991,0.6673327684402466,-0.0424363650381565,0.9985931515693665,0.5328916907310486,0.6668602824211121,-0.0663657635450363,0.998856246471405,0.533984363079071,0.6675488948822021,-0.0663781240582466,0.9988700747489928,0.5352648496627808,0.6683987379074097,-0.0664353445172309,0.9989983439445496,0.5433838963508606,0.6666061878204346,0.0060341521166265,0.9966448545455932,0.5439981818199158,0.6668139696121216,-0.1023515686392784,0.9986461400985718,0.5340813398361206,0.6412163376808167,-0.0303849969059228,0.9989044070243835,0.5352885723114014,0.6429211497306824,-0.0618951506912708,0.9991803765296936,0.5576455593109131,0.6027654409408569,0.0771093815565109,0.999100387096405,0.5596986413002014,0.6110571622848511,-0.1548447906970977,0.9999458193778992,0.5585101842880249,0.4993857443332672,0.0975638404488563,0.1769758313894271,0.5574054718017578,0.5095329284667969,-0.190088465809822,0.9889864921569824,0.5658996105194092,0.4211857914924621,0.0554995350539684,0.3558282256126404,0.5425849556922913,0.417803943157196,-0.1956488937139511,0.9778611063957214,0.5720970034599304,0.3978361487388611,0.052286222577095,0.3203611373901367,0.543121337890625,0.388923317193985,-0.2198515385389328,0.9603292346000672,0.5654479265213013,0.3934077620506286,0.0347785353660583,0.3255039155483246,0.5389937162399292,0.3875163495540619,-0.2161873131990432,0.9580028653144836,0.5638042688369751,0.4012889564037323,0.0460158921778202,0.2991794049739837,0.537987470626831,0.3968100249767303,-0.193402498960495,0.9319875836372375,0.5522763133049011,0.4270555675029754,0.0680685043334961,0.9968011975288392,0.5534544587135315,0.4319677352905273,-0.0681850463151931,0.9974032044410706,0.5505542755126953,0.2814455926418304,0.0621348582208156,0.3287373185157776,0.5544881224632263,0.282324343919754,-0.0636952668428421,0.8019611239433289,0.5464041233062744,0.1363684237003326,0.1038916036486625,0.4016039669513702,0.5485734343528748,0.1339990645647049,-0.0251130443066358,0.8364619612693787,0.550093948841095,0.1141370683908462,0.1036725342273712,0.5154234170913696,0.555080235004425,0.1088778749108314,-0.024959148839116,0.794413149356842,0.5271372199058533,0.1099180355668068,0.0512169227004051,0.5766881704330444,0.5288578867912292,0.1039356291294097,-0.0913223251700401,0.8562430739402771,hoyeon_stand_normal_01,7.81025,8.246211,11.0,14.035669,16.03122,17.029386,17.0,17.029386,16.03122,14.035669,12.041595,10.049876,8.0,6.324555,5.0,5.385165,8.0,12.165525,16.278821,19.416488,23.345235,26.172505,28.071338,29.017236,28.160256,24.33105,9.848858,8.944272,8.544004,7.28011,7.0,7.28011,7.615773,8.062258,9.433981,9.433981,9.433981,8.602325,7.81025,7.071068,6.403124,6.324555,7.071068,8.0,9.055385,11.18034,13.341664,14.317821,15.297059,14.317821,13.152946,10.440307,11.7047,11.661904,12.206556,11.313708,12.806248,13.038405,13.416408,13.928388,14.866069,14.866069,15.811388,16.763055,17.088007,17.464249,17.464249,17.0,16.124515,13.892444,11.18034,9.486833,7.0,9.433981,11.313708,15.0,17.804494,20.518285,12.649111,15.297059,17.117243,18.0,18.248288,16.492423,15.231546,12.529964,9.433981,5.830952,2.236068,2.236068,4.0,7.0,9.0,11.045361,12.165525,14.317821,14.56022,15.811388,15.811388,14.866069,14.56022,13.341664,12.041595,12.041595,13.928388,15.811388,16.763055,15.811388,16.155494,15.231546,14.317821,13.416408,11.661904,9.433981,8.062258,6.324555,5.09902,5.09902,6.403124,7.81025,11.401754,14.422205,15.811388,18.601075,19.849433,20.518285,19.79899,18.384776,17.029386,14.21267,12.206556,13.601471,14.21267,15.620499,14.866069,14.866069,13.453624,11.401754,10.0,8.062258,7.28011,7.0,7.071068,7.615773,8.062258,8.944272,9.433981,10.29563,11.661904,10.816654,11.661904,11.661904,11.401754,11.313708,11.401754,11.661904
hoyeon_stand_normal_01,1065,355,35.50193989071038,29.998360745314464,10,0.5300045013427734,0.6533458232879639,-0.051459651440382,0.9992387890815736,0.5322145819664001,0.6662003993988037,-0.0424986444413661,0.998546540737152,0.5329176187515259,0.666653037071228,-0.042508877813816,0.9982517957687378,0.5337023138999939,0.6673340797424316,-0.042484775185585,0.9985686540603638,0.5328157544136047,0.6668596267700195,-0.0663860589265823,0.9988338351249696,0.5339080095291138,0.6675472259521484,-0.0663984268903732,0.9988492727279664,0.5351857542991638,0.6683957576751709,-0.066455990076065,0.998978555202484,0.5433487296104431,0.6666070222854614,0.0059564062394201,0.9965894818305968,0.5439456701278687,0.666814386844635,-0.1023305803537368,0.9986228346824646,0.5340423583984375,0.6412118673324585,-0.0304381754249334,0.9988789558410645,0.5352432727813721,0.642909049987793,-0.0619094036519527,0.9991600513458252,0.5576173663139343,0.6028224229812622,0.0768903791904449,0.9990878701210022,0.5597015619277954,0.6111030578613281,-0.1547755151987075,0.99994558095932,0.558505654335022,0.4994464516639709,0.0964831560850143,0.1744845956563949,0.5574100017547607,0.5095333456993103,-0.190042182803154,0.9889783263206482,0.5658876895904541,0.421415239572525,0.0543406121432781,0.3510296046733856,0.542610764503479,0.4178206622600555,-0.1949701458215713,0.9776901602745056,0.5726379752159119,0.3979932069778442,0.0510372184216976,0.3162696361541748,0.5431405901908875,0.3889614343643188,-0.2187970131635666,0.9600411653518676,0.5653976798057556,0.3935462534427643,0.0338020324707031,0.3213123381137848,0.5390129089355469,0.3875503540039062,-0.2151525169610977,0.9577030539512634,0.5648428797721863,0.4007680416107178,0.0449597127735614,0.2953064441680908,0.5380259156227112,0.3968361914157867,-0.192709282040596,0.9315144419670104,0.552280604839325,0.4271264970302582,0.0680376216769218,0.9967833161354064,0.5535271763801575,0.4320567846298218,-0.0681528598070144,0.9973968863487244,0.5505527257919312,0.2818055748939514,0.0621230192482471,0.3279573917388916,0.5545831322669983,0.2825203537940979,-0.063400350511074,0.8029528260231018,0.546402633190155,0.1366591304540634,0.1037629395723342,0.4018265306949615,0.5486693978309631,0.1341033279895782,-0.0247227884829044,0.8375083208084106,0.550051748752594,0.1143792793154716,0.1035206243395805,0.5159281492233276,0.5551048517227173,0.1088151335716247,-0.0245802793651819,0.7956448197364807,0.527133584022522,0.110256440937519,0.0509522221982479,0.5768192410469055,0.5288653373718262,0.1039580106735229,-0.0909866467118263,0.8570749759674072,hoyeon_stand_normal_01,21.84033,21.377558,19.104973,16.0,13.0,10.0,6.082763,4.242641,5.09902,8.0,10.0,12.0,14.035669,16.03122,17.117243,17.464249,18.681542,18.027756,17.464249,15.231546,13.0,10.440307,8.062258,8.602325,11.401754,15.811388,7.81025,9.219544,11.401754,13.038405,12.529964,12.649111,11.7047,10.440307,8.544004,7.615773,5.830952,6.403124,6.403124,7.211103,7.615773,8.944272,8.944272,8.944272,8.062258,7.615773,7.071068,8.062258,9.848858,13.416408,16.124515,18.35756,13.152946,13.0,13.152946,13.601471,13.0,13.892444,15.0,15.620499,16.278821,16.970563,17.691806,18.384776,18.439089,19.849433,19.209373,18.601075,17.204651,15.811388,12.206556,9.899495,7.615773,8.0,10.77033,14.764823,18.35756,21.023796,13.341664,15.811388,17.464249,18.35756,18.601075,16.970563,15.620499,12.206556,9.433981,5.0,2.236068,2.828427,5.385165,7.615773,10.29563,13.038405,14.422205,15.620499,16.278821,16.970563,16.970563,16.970563,16.278821,15.620499,14.422205,13.416408,17.088007,14.866069,12.649111,11.045361,9.055385,9.486833,10.29563,12.206556,14.422205,16.124515,17.0,17.464249,18.973666,19.416488,20.099751,20.024984,19.026298,17.117243,14.142136,11.18034,8.062258,6.403124,7.28011,11.045361,14.0,17.0,8.246211,7.0,6.324555,6.403124,8.062258,10.77033,13.601471,14.866069,16.155494,16.552945,17.0,17.0,14.764823,13.892444,13.038405,13.038405,11.661904,11.18034,11.7047,12.369317,13.341664,15.297059,16.492423,17.464249,18.681542,18.973666
hoyeon_stand_normal_01,1071,357,35.70195081967213,29.998360745314464,10,0.5298999547958374,0.6533790230751038,-0.0508886463940143,0.9992377758026124,0.532065212726593,0.6662436723709106,-0.0421028360724449,0.9985532164573668,0.5327683687210083,0.6667020916938782,-0.0421120338141918,0.9982611536979676,0.5335572361946106,0.6673900485038757,-0.0420881621539592,0.9985737204551696,0.5327062010765076,0.6669228076934814,-0.0657207146286964,0.998834788799286,0.5338167548179626,0.6676419377326965,-0.0657321959733963,0.998849630355835,0.5351113080978394,0.6685150265693665,-0.0657883062958717,0.9989774823188782,0.543214738368988,0.6666672825813293,0.0058814296498894,0.9966198801994324,0.5438936352729797,0.6669545769691467,-0.1012009009718895,0.9986236095428468,0.5339423418045044,0.6412063837051392,-0.0300643909722566,0.9988776445388794,0.5351763963699341,0.6429054737091064,-0.0611878857016563,0.9991556406021118,0.5574463605880737,0.6029163599014282,0.0753333270549774,0.9990941286087036,0.5597161054611206,0.6111768484115601,-0.1514299213886261,0.9999459385871888,0.5583508014678955,0.4994264841079712,0.0949155613780021,0.173082634806633,0.557386040687561,0.5095111131668091,-0.1840167343616485,0.9891204833984376,0.5656843781471252,0.4219370484352112,0.053881824016571,0.3486047089099884,0.5426297783851624,0.417938232421875,-0.1874156594276428,0.977886199951172,0.5716696977615356,0.3982631266117096,0.0502370707690715,0.3136947751045227,0.5431697368621826,0.3890908062458038,-0.2100473046302795,0.9603456854820251,0.564906895160675,0.3938180208206177,0.0334062576293945,0.3186247646808624,0.5390089154243469,0.387665718793869,-0.2074223607778549,0.9580492377281188,0.5656129717826843,0.4002686738967895,0.0446716025471687,0.2927374243736267,0.5380200147628784,0.3969231843948364,-0.1854511648416519,0.9320569038391112,0.5519279837608337,0.4274919629096985,0.0654523149132728,0.996777355670929,0.5539049506187439,0.432341068983078,-0.0655759498476982,0.9974071979522704,0.5505382418632507,0.2824242413043976,0.0586493611335754,0.3260620832443237,0.5548278093338013,0.2830416560173034,-0.0612015761435031,0.7971346378326416,0.5463659167289734,0.1369603425264358,0.0986408293247222,0.3986716270446777,0.549012303352356,0.134430319070816,-0.021754752844572,0.8328224420547485,0.54996258020401,0.1147510111331939,0.0983247682452201,0.5134376287460327,0.5553621649742126,0.1088300049304962,-0.0213787853717803,0.7918816804885864,0.5271672010421753,0.1103445813059806,0.0455233789980411,0.5730057954788208,0.5289456248283386,0.1039540246129036,-0.0874537751078605,0.8535600900650024,hoyeon_stand_normal_01,19.340674166666663,19.0271535,17.559152833333336,15.531729333333336,13.3635385,10.965670166666666,7.871080999999999,6.153909166666667,6.7225775,8.783163000000002,10.147884833333332,11.551170833333334,12.807994833333332,14.135731333333334,14.891765833333332,15.365286666666666,16.448821833333334,16.900427166666667,16.768992666666666,15.47678,14.047782166666668,12.135372666666669,10.568454333333332,10.794746833333337,13.1934955,16.265061,7.694695666666666,9.088264333333337,10.576960333333332,11.638666166666669,11.463847333333334,11.714994666666666,11.032881666666668,9.6984965,8.444138666666667,7.531957999999999,6.349045,6.6213105,6.560533833333333,6.992977333333333,7.455609333333333,8.3818875,8.547636,8.649179,8.297693833333334,8.400878166666667,8.073178666666667,9.055354,10.612947666666669,13.0902335,15.380482666666666,17.166433666666666,17.464249,17.464249,17.088007,15.811388,15.524175,14.317821,12.165525,11.045361,9.0,8.062258,7.28011,5.830952,6.403124,7.28011,9.0,11.045361,14.142136,16.124515,19.104973,21.023796,22.0,22.022716,22.203603,20.396078,17.720045,13.928388,6.708204,5.385165,3.162278,1.0,3.605551,5.830952,8.602325,10.0,12.041595,12.727922,12.041595,11.401754,10.816654,9.433981,8.062258,6.403124,5.0,3.605551,3.162278,4.242641,7.211103,9.433981,12.529964,13.892444,16.124515,17.0,16.278821,14.142136,12.369317,10.77033,9.433981,9.219544,10.29563,12.529964,13.416408,14.764823,16.643317,17.804494,19.104973,19.849433,20.0,19.723083,18.788294,17.464249,14.317821,10.77033,7.81025,5.385165,8.246211,11.18034,15.264338,17.492856,8.062258,7.28011,5.830952,6.708204,8.062258,11.045361,13.152946,15.132746,16.124515,16.03122,17.029386,16.0,15.033296,14.142136,13.152946,12.041595,11.0,11.0,11.045361,12.165525,13.341664,14.56022,15.524175,17.464249,18.439089,18.439089
hoyeon_stand_normal_01,1074,358,35.80195628415301,29.998360745314464,10,0.5298715233802795,0.6533795595169067,-0.0503502488136291,0.9992437958717346,0.5320079326629639,0.6662538647651672,-0.0416431501507759,0.9985657930374146,0.5327094197273254,0.6667129993438721,-0.0416520871222019,0.9982766509056092,0.5335008502006531,0.6674020886421204,-0.0416279695928096,0.9985853433609008,0.5326705574989319,0.6669440865516663,-0.0651566237211227,0.998843789100647,0.5337909460067749,0.6676793694496155,-0.0651680082082748,0.9988584518432616,0.5350947976112366,0.6685693264007568,-0.0652238801121711,0.9989847540855408,0.5431387424468994,0.6666908264160156,0.0061503695324063,0.9966545104980468,0.5438694357872009,0.6670448184013367,-0.1005009859800338,0.9986364841461182,0.5339078307151794,0.6411811113357544,-0.0295992437750101,0.998886227607727,0.5351623296737671,0.6428967714309692,-0.0605872049927711,0.999161183834076,0.5573787093162537,0.6029011607170105,0.0753455832600593,0.9990957379341124,0.5597294569015503,0.6111828684806824,-0.1507900059223175,0.9999464750289916,0.5583152770996094,0.4994221329689026,0.0950516983866691,0.1718958169221878,0.5573858618736267,0.5095080733299255,-0.1834662556648254,0.9892125129699708,0.5656395554542542,0.4222895503044128,0.0540529936552047,0.347163587808609,0.5426387786865234,0.4180971682071686,-0.1871681660413742,0.9780544638633728,0.5709826350212097,0.3983111977577209,0.0503254421055316,0.3124462366104126,0.5431793332099915,0.3892161250114441,-0.2100301831960678,0.960605263710022,0.5647812485694885,0.3939639031887054,0.0334823280572891,0.3173708617687225,0.5389980673789978,0.3878198862075805,-0.2073573470115661,0.9583203196525574,0.5657126903533936,0.4002097547054291,0.0448346361517906,0.2916710972785949,0.5380035042762756,0.397032082080841,-0.1852039992809295,0.9324805736541748,0.5515316724777222,0.4275007843971252,0.0653221830725669,0.9967877864837646,0.5540985465049744,0.4323472678661346,-0.0654443129897117,0.997427225112915,0.5505295395851135,0.2825494408607483,0.0584629140794277,0.3238885402679443,0.5549713373184204,0.2831776142120361,-0.0611353255808353,0.795433521270752,0.5463652014732361,0.1369789391756057,0.0982220545411109,0.396406352519989,0.5493959188461304,0.1344415843486786,-0.0217928048223257,0.8313624858856201,0.5499938726425171,0.1147855371236801,0.0978731140494346,0.5117204785346985,0.5556240081787109,0.1083885431289672,-0.0214081928133964,0.7906966805458069,0.5271443724632263,0.1103231012821197,0.0452008470892906,0.5713083148002625,0.5289450883865356,0.1038790866732597,-0.0874992907047271,0.8525315523147583,hoyeon_stand_normal_01,16.841018333333334,16.676749,16.013332666666667,15.063458666666667,13.727077,11.931340333333331,9.659399,8.065177333333333,8.346134999999999,9.566326000000002,10.295769666666668,11.102341666666668,11.580320666666664,12.240242666666669,12.666288666666668,13.266324333333332,14.216101666666669,15.773098333333332,16.073736333333333,15.722014,15.095564333333334,13.830438333333332,13.074650666666663,12.987168666666667,14.985236999999998,16.718733999999998,7.579141333333332,8.956984666666667,9.752166666666666,10.238927333333333,10.397730666666666,10.780878333333334,10.361063333333334,8.956686,8.344273333333334,7.448142999999999,6.867138,6.839497000000001,6.717943666666667,6.774851666666667,7.295445666666666,7.819503,8.151,8.354086,8.533129666666667,9.185983333333333,9.075289333333332,10.04845,11.377037333333334,12.764058999999998,14.636450333333334,15.975307333333332,12.655525333333337,12.451577,12.239858333333332,12.383441,12.386686333333332,12.174401666666668,12.518088333333331,12.324892333333333,12.789388,12.949020333333332,13.106726,13.174107333333334,13.64138233333333,14.124434999999998,15.300097333333332,15.205790333333333,15.922610666666666,14.946204333333334,14.397289333333331,13.243391000000004,12.568831666666668,13.049291666666669,15.01431,16.469865333333335,17.952519666666664,18.819575333333336,10.481067333333334,11.211168,12.030878333333334,12.127565666666667,12.610392666666664,12.846463666666663,11.877027333333332,10.934502666666669,9.422463,7.954470000000001,5.648059333333333,4.6943486666666665,6.125293666666667,7.133516,8.352153666666666,9.089803666666668,9.231357,9.658779666666666,10.132586333333332,10.964608333333333,11.929087,12.453612666666666,12.879162,12.671527666666668,13.205582,12.902562333333334,16.081275666666667,14.065786666666668,12.124027,10.131794,9.028740666666666,8.717138666666667,9.523519666666669,10.418987,12.40572,13.739164333333331,15.142488666666669,16.467778666666664,17.261998333333334,18.383290666666664,18.622816,18.245684666666666,17.193476666666665,16.287662,13.541237666666667,10.476085,7.532463,5.32476,6.5886656666666665,10.006342333333334,13.123105666666667,15.263922,8.970372,7.439093,6.677586333333333,6.376934333333334,7.829427,9.894957333333334,12.205822666666668,14.020476,15.218973666666663,15.852134,15.576315333333334,15.437356666666666,14.340059000000002,13.173047666666667,12.092086333333333,11.642211666666666,10.841448333333334,10.760692333333331,10.373443,11.072802666666666,12.40131,13.690995,15.272839333333332,16.716154333333336,17.590176666666665,18.110737
hoyeon_stand_normal_01,1077,359,35.90196174863388,29.998360745314464,10,0.5298710465431213,0.6533675789833069,-0.0491680987179279,0.999250829219818,0.5319985151290894,0.6662562489509583,-0.0404134765267372,0.9985817074775696,0.5327003598213196,0.6667166352272034,-0.0404225587844848,0.9982966184616088,0.5334951877593994,0.6674078106880188,-0.0403980985283851,0.9986016154289246,0.5326626896858215,0.6669511198997498,-0.0639641284942627,0.9988552927970886,0.5337833166122437,0.6676964163780212,-0.0639747008681297,0.9988695979118348,0.5350875854492188,0.668598473072052,-0.0640299022197723,0.9989941716194152,0.5431220531463623,0.6667184829711914,0.0072878752835094,0.9966955184936525,0.543847918510437,0.6671130061149597,-0.0995126515626907,0.9986504316329956,0.5339069366455078,0.6411572694778442,-0.0284456890076398,0.9988945126533508,0.5351629257202148,0.6428835391998291,-0.0594824664294719,0.9991658329963684,0.557405412197113,0.6029034852981567,0.076428897678852,0.9990997314453124,0.5597237944602966,0.6111828684806824,-0.1504366546869278,0.9999467730522156,0.5583100914955139,0.4993692338466644,0.0959456339478492,0.1715584546327591,0.5573529601097107,0.5091370940208435,-0.183446854352951,0.9892674088478088,0.5657644271850586,0.4223680198192596,0.0546768642961978,0.347067654132843,0.5426236987113953,0.4181738197803497,-0.1873048245906829,0.9781319499015808,0.5720434784889221,0.3985419273376465,0.0508914701640605,0.3123067617416382,0.5431789755821228,0.3892864286899566,-0.2103818356990814,0.9607191681861876,0.5649482011795044,0.3941047191619873,0.034066803753376,0.3171762824058532,0.5389680862426758,0.3878887593746185,-0.2074525356292724,0.9584380388259888,0.5660661458969116,0.400097906589508,0.0454713702201843,0.2914534211158752,0.537934422492981,0.3970952332019806,-0.1852512657642364,0.9326412677764891,0.5515748858451843,0.4274438917636871,0.0653576329350471,0.9967941641807556,0.5541111826896667,0.4323368966579437,-0.0654805824160575,0.9974361658096312,0.5506307482719421,0.2825522720813751,0.0584882237017154,0.3230330646038055,0.5550230145454407,0.28322434425354,-0.0612099878489971,0.7955774068832397,0.5463663935661316,0.1369957625865936,0.0985079482197761,0.3954695761203766,0.549456000328064,0.1344445943832397,-0.022302346304059,0.831300675868988,0.5501073598861694,0.1148062273859977,0.0981810241937637,0.5112320184707642,0.5556564927101135,0.1082339584827423,-0.0219788625836372,0.7907885313034058,0.5271707773208618,0.1101954355835914,0.0454851575195789,0.5705291628837585,0.5289492011070251,0.1037437990307807,-0.0879277735948562,0.8524723052978516,hoyeon_stand_normal_01,25.495098,25.059928,23.021729,19.849433,16.278821,12.041595,8.944272,7.0,7.615773,10.0,12.806248,15.620499,16.401219,18.601075,20.248457,21.954498,22.36068,22.847319,21.540659,18.973666,16.155494,13.416408,9.899495,10.440307,14.0,19.026298,9.055385,11.045361,13.0,14.035669,15.297059,14.56022,13.0,10.77033,9.486833,7.28011,7.0,7.071068,7.615773,8.944272,9.433981,10.29563,10.29563,10.29563,10.29563,9.433981,9.219544,10.816654,12.083046,15.524175,19.646883,23.086793,15.524175,15.524175,14.866069,14.866069,13.0,12.529964,10.816654,10.0,7.81025,7.211103,5.830952,6.0,6.082763,8.062258,10.0,12.041595,14.142136,16.970563,19.104973,20.615528,21.400935,21.633308,21.095023,18.788294,17.464249,13.601471,8.062258,5.830952,3.605551,2.0,3.162278,5.09902,7.071068,9.219544,10.198039,11.401754,10.77033,11.18034,10.29563,8.602325,7.211103,5.830952,3.605551,2.236068,1.414214,3.0,6.0,8.062258,10.198039,12.165525,14.142136,14.317821,17.262677,15.132746,12.369317,11.7047,10.0,9.219544,10.816654,12.083046,13.416408,14.764823,16.643317,18.601075,18.439089,19.79899,20.615528,20.248457,18.867962,17.888544,15.231546,11.18034,8.602325,5.385165,7.28011,10.29563,14.422205,16.643317,9.219544,7.615773,6.403124,6.324555,8.062258,11.045361,13.152946,15.132746,17.029386,17.029386,17.0,17.029386,16.03122,15.033296,13.038405,13.038405,12.041595,11.0,12.041595,12.165525,13.341664,14.866069,16.492423,17.720045,18.439089,19.416488
hoyeon_stand_normal_01,1080,360,36.00196721311475,29.998360745314464,10,0.5298718214035034,0.6533476114273071,-0.048049334436655,0.9992682933807372,0.5319979786872864,0.6662592887878418,-0.0393873862922191,0.9986184239387512,0.5326995253562927,0.6667201519012451,-0.0393966622650623,0.9983404874801636,0.5334951877593994,0.6674115657806396,-0.0393728502094745,0.9986374378204346,0.5326630473136902,0.666961669921875,-0.0627799332141876,0.99888277053833,0.5337839722633362,0.6677192449569702,-0.0627891197800636,0.9988953471183776,0.5350887179374695,0.6686325073242188,-0.0628418996930122,0.9990165829658508,0.5431191325187683,0.666720986366272,0.0079209934920072,0.9967876076698304,0.543846845626831,0.6671415567398071,-0.0982362031936645,0.9986811876296996,0.533907949924469,0.6411377787590027,-0.0274690054357051,0.9989194869995116,0.5351712703704834,0.6428633332252502,-0.058312177658081,0.9991826415061952,0.5574275255203247,0.6029034852981567,0.0765176340937614,0.9991146922111512,0.5597245097160339,0.6111765503883362,-0.1488187313079834,0.9999471306800842,0.5583016872406006,0.499262273311615,0.0961066558957099,0.1721042096614837,0.5573088526725769,0.5088332295417786,-0.1817796528339386,0.9892923831939696,0.5657748579978943,0.4223831593990326,0.0550318285822868,0.3489915728569031,0.5425957441329956,0.4182785749435425,-0.1860840320587158,0.9782258868217468,0.5717665553092957,0.3985465764999389,0.0510753989219665,0.3138287663459778,0.5431728363037109,0.3893985152244568,-0.2091936916112899,0.960886776447296,0.5649577975273132,0.3941474258899688,0.0343015752732753,0.3186966180801391,0.5389400124549866,0.3879842758178711,-0.2063295096158981,0.9586185216903688,0.5661715269088745,0.4000367820262909,0.0458775237202644,0.2927692532539367,0.5378714799880981,0.3971859812736511,-0.1840758025646209,0.9329331517219543,0.5515908002853394,0.4273854792118072,0.0649490058422088,0.9968382120132446,0.5541294813156128,0.4323290586471557,-0.0650727599859237,0.9974682331085204,0.5506855249404907,0.2825498282909393,0.0579689778387546,0.3227774798870086,0.5550640225410461,0.2832549512386322,-0.0611440688371658,0.7938123941421509,0.5463383793830872,0.1369564086198806,0.0977784767746925,0.3949421346187591,0.5494648814201355,0.1344241499900818,-0.0222177915275096,0.8299261927604675,0.5501074194908142,0.1147845089435577,0.0974357277154922,0.5108861923217773,0.5556294918060303,0.1082123443484306,-0.021872429177165,0.7895032167434692,0.5272205471992493,0.1093450412154197,0.0446844846010208,0.5699208378791809,0.5289937853813171,0.1036280542612075,-0.0877123400568962,0.851502001285553,hoyeon_stand_normal_01,8.246211,9.433981,11.313708,13.453624,15.620499,16.278821,16.970563,16.278821,14.866069,13.453624,12.041595,9.899495,8.485281,6.708204,6.082763,6.324555,8.602325,11.313708,15.620499,18.439089,22.671568,24.758837,26.907248,27.202941,26.07681,23.706539,9.433981,8.944272,8.062258,6.403124,5.0,5.385165,7.0,7.071068,8.062258,9.055385,9.055385,9.055385,8.062258,7.071068,6.324555,5.830952,5.656854,7.211103,8.944272,9.848858,11.7047,13.0,14.317821,14.317821,13.0,10.440307,15.524175,15.811388,15.811388,14.866069,13.928388,12.083046,10.816654,9.433981,8.485281,7.211103,6.708204,6.082763,6.082763,7.615773,10.0,12.041595,14.866069,17.691806,19.104973,20.615528,22.203603,21.633308,21.954498,19.697716,17.088007,14.56022,8.062258,5.830952,4.472136,2.0,3.162278,5.09902,7.071068,9.055385,10.198039,11.401754,10.77033,10.77033,10.29563,8.944272,7.211103,5.830952,4.472136,3.162278,2.236068,3.162278,5.0,8.062258,10.049876,12.165525,14.142136,15.297059,15.652476,14.317821,12.529964,10.816654,9.899495,9.433981,10.77033,11.401754,13.601471,14.866069,16.155494,17.0,18.027756,19.209373,19.104973,18.439089,18.027756,16.643317,13.038405,10.816654,7.81025,6.082763,8.544004,11.661904,14.422205,16.643317,8.602325,7.071068,5.830952,6.0,8.246211,10.29563,12.529964,14.764823,15.652476,16.552945,16.552945,15.811388,14.56022,13.341664,13.341664,12.369317,11.401754,11.7047,10.77033,12.083046,12.529964,14.422205,15.264338,17.492856,17.888544,17.888544
hoyeon_stand_normal_01,1083,361,36.101972677595626,29.998360745314464,10,0.529872715473175,0.6533222198486328,-0.0475027337670326,0.9992868304252625,0.5319966077804565,0.6662620306015015,-0.0388328805565834,0.998655378818512,0.5326966643333435,0.6667234301567078,-0.0388424769043922,0.9983855485916138,0.5334924459457397,0.6674150228500366,-0.0388194099068641,0.9986736178398132,0.5326645970344543,0.6669685244560242,-0.062237873673439,0.998910903930664,0.5337885618209839,0.6677400469779968,-0.0622472241520881,0.9989233016967772,0.5350987911224365,0.6686686277389526,-0.0622992292046546,0.9990405440330504,0.5431117415428162,0.6667220592498779,0.0085287503898143,0.9968799948692322,0.5438470840454102,0.6671731472015381,-0.0976621434092521,0.9987176060676576,0.5339087843894958,0.6411229968070984,-0.0268952120095491,0.9989471435546876,0.5351877808570862,0.6428388953208923,-0.057756382972002,0.9992019534111024,0.5574048757553101,0.6027958393096924,0.0775627642869949,0.9991265535354614,0.5597525238990784,0.6111472845077515,-0.1487798392772674,0.9999479651451112,0.5582364201545715,0.4991641044616699,0.0980133190751075,0.1713351905345916,0.5572986602783203,0.5088179707527161,-0.181691899895668,0.9893275499343872,0.5657568573951721,0.4223894774913788,0.056877888739109,0.3483167588710785,0.5425997376441956,0.4186162948608398,-0.1858786046504974,0.978288471698761,0.5713345408439636,0.398538589477539,0.0529915727674961,0.3133457005023956,0.5431749820709229,0.3896708190441131,-0.2091192603111267,0.9609792828559875,0.5649032592773438,0.3941481709480285,0.0359420664608478,0.3182158768177032,0.5389220714569092,0.3882369697093963,-0.2061711996793747,0.9587093591690063,0.5661808252334595,0.3999426066875458,0.0476286187767982,0.2924427092075348,0.5378404259681702,0.3974422216415405,-0.1838474422693252,0.9330817461013794,0.5516006350517273,0.4273290932178497,0.0651594474911689,0.996887981891632,0.5542643666267395,0.4323286414146423,-0.065281756222248,0.9975138902664183,0.5506849884986877,0.282510370016098,0.058043610304594,0.3212715089321136,0.5550702810287476,0.2832430303096771,-0.0617861673235893,0.7943353056907654,0.5462827682495117,0.136937603354454,0.0978565961122512,0.393721729516983,0.5494718551635742,0.134399265050888,-0.0238042939454317,0.8302227854728699,0.5500821471214294,0.1147663071751594,0.0974918529391288,0.5099982023239136,0.5556735396385193,0.107719749212265,-0.0235928930342197,0.7895706295967102,0.5272061824798584,0.1090078726410865,0.0448785908520221,0.5694454908370972,0.5289726257324219,0.1035785004496574,-0.0893648639321327,0.8518931269645691,hoyeon_stand_normal_01,21.213203,21.023796,19.525641,17.117243,13.647541,10.1239575,7.531129,5.6080585,6.117038,8.2800225,10.1285815,12.0254325,13.2887495,15.0488075,16.7764725,17.246428,17.760306,18.314415500000003,17.1028565,15.620499,13.2038595,10.978767,8.7328775,8.881774,12.144801,15.132169,7.81025,9.899495,12.1240755,13.0495,13.4238925,13.3007355,12.523182,10.742834,9.29694,7.385231,6.3638395,6.117038,6.8071135,7.413437999999999,8.503264999999999,9.1891265,9.1891265,9.1891265,9.1891265,8.744138,8.7996945,9.0276925,10.615108,12.985394,16.143615,18.2007935,11.313708,11.401754,11.18034,11.401754,12.165525,13.0,14.035669,14.142136,15.297059,16.278821,16.278821,17.262677,18.248288,18.248288,18.11077,17.029386,16.03122,14.035669,12.041595,8.246211,7.211103,7.615773,11.0,14.035669,17.029386,20.0,12.083046,13.928388,15.524175,17.117243,17.0,16.124515,13.341664,10.77033,7.615773,5.0,1.414214,2.236068,4.472136,6.708204,9.486833,11.401754,13.341664,14.142136,15.132746,16.03122,16.03122,16.03122,15.033296,14.142136,13.341664,12.083046,16.763055,14.866069,13.928388,11.18034,10.0,10.630146,10.816654,12.529964,13.038405,14.422205,15.811388,17.029386,17.691806,19.209373,19.416488,18.35756,17.888544,17.088007,13.928388,10.77033,8.602325,6.708204,8.0,11.401754,13.928388,15.811388,8.602325,7.81025,6.708204,7.071068,8.246211,10.77033,13.0,14.866069,16.155494,17.088007,17.464249,16.492423,15.297059,15.132746,14.142136,13.038405,12.041595,11.18034,11.401754,12.649111,13.0,14.317821,15.231546,17.464249,18.384776,18.027756
hoyeon_stand_normal_01,1086,362,36.2019781420765,29.998360745314464,10,0.5298675298690796,0.6533253192901611,-0.0476934574544429,0.9992998242378236,0.5319812893867493,0.6662878394126892,-0.0390705093741416,0.9986834526062012,0.532677412033081,0.6667490005493164,-0.0390805751085281,0.9984200596809388,0.5334702730178833,0.6674383878707886,-0.0390585772693157,0.9987003207206726,0.5326608419418335,0.667010486125946,-0.062467623502016,0.9989317655563354,0.5337874293327332,0.6678048968315125,-0.0624768771231174,0.9989435076713562,0.5350989103317261,0.6687511205673218,-0.0625276118516922,0.9990575313568116,0.5430931448936462,0.6667261719703674,0.0083014871925115,0.9969512820243835,0.5438459515571594,0.6672543287277222,-0.0978800430893898,0.9987467527389526,0.5339043736457825,0.6411237716674805,-0.0270633064210414,0.9989675879478456,0.5351880788803101,0.6428378224372864,-0.0579184852540493,0.9992173314094543,0.557291567325592,0.6026557683944702,0.0773637369275093,0.999137043952942,0.5598155856132507,0.6110056638717651,-0.1489380002021789,0.9999483227729796,0.5579931139945984,0.4990960657596588,0.0980016067624092,0.1700825691223144,0.5572984218597412,0.5087827444076538,-0.1819673925638198,0.9892657399177552,0.5651460886001587,0.4223688244819641,0.0568472109735012,0.3470725417137146,0.5426139235496521,0.4188177585601806,-0.1859314441680908,0.9781869649887084,0.5699560046195984,0.3983724117279053,0.0529505349695682,0.312531054019928,0.5431881546974182,0.3899127840995788,-0.2091318666934967,0.9608416557312012,0.5637795329093933,0.3938926756381988,0.0358127541840076,0.3174562454223633,0.5389217734336853,0.3884584307670593,-0.2062417864799499,0.9585750102996826,0.5639632344245911,0.4004173576831817,0.0475666038691997,0.2918581962585449,0.5378350019454956,0.3976662158966064,-0.1839238703250885,0.9329412579536438,0.5514962077140808,0.4273092150688171,0.0651765018701553,0.9969419240951538,0.5545760989189148,0.4323133826255798,-0.0652984976768493,0.9975590109825134,0.5506570339202881,0.2824890613555908,0.0580744929611682,0.3207525610923767,0.5551449060440063,0.2832455337047577,-0.0619718879461288,0.7944904565811157,0.5461995005607605,0.1369284093379974,0.0977558195590972,0.3935880064964294,0.5494717359542847,0.1344145983457565,-0.0239242371171712,0.8303224444389343,0.5500403642654419,0.1147632896900177,0.0973734036087989,0.5090624690055847,0.5556259155273438,0.1076567843556404,-0.0237108338624238,0.7891558408737183,0.5272079110145569,0.1088272929191589,0.0447804927825927,0.5695383548736572,0.5289824604988098,0.1035763621330261,-0.0895035415887832,0.8520808219909668,hoyeon_stand_normal_01,9.486833,10.0,11.18034,13.601471,14.56022,15.524175,15.524175,15.297059,14.142136,13.152946,11.045361,9.219544,7.28011,5.830952,5.0,6.082763,8.062258,11.401754,14.866069,17.720045,20.880613,23.769729,25.317978,26.07681,25.0,22.090722,10.77033,9.486833,8.544004,6.708204,5.656854,5.385165,7.071068,9.055385,10.049876,10.049876,11.045361,10.198039,10.198039,9.219544,8.062258,7.0,7.071068,7.615773,8.602325,10.630146,12.041595,13.453624,14.142136,14.866069,14.142136,12.041595,16.155494,15.652476,15.652476,15.264338,13.601471,12.206556,11.401754,9.219544,7.81025,5.830952,4.472136,4.0,4.472136,6.403124,8.062258,10.77033,12.649111,15.811388,18.384776,19.697716,20.124612,20.59126,20.248457,18.601075,15.620499,12.041595,6.403124,4.242641,2.828427,1.0,3.0,5.0,8.0,9.055385,11.045361,11.18034,11.401754,11.401754,9.486833,8.544004,7.615773,6.324555,5.09902,3.0,2.828427,4.123106,6.0,8.062258,10.440307,12.649111,13.601471,14.866069,13.601471,15.264338,15.264338,15.811388,15.811388,15.0,13.453624,12.041595,9.899495,8.485281,7.071068,5.0,4.123106,4.123106,5.830952,8.602325,11.401754,14.21267,17.029386,18.601075,20.248457,20.59126,20.59126,18.788294,16.155494,13.0,12.806248,14.21267,15.811388,16.643317,16.643317,15.264338,14.422205,13.038405,10.816654,8.602325,7.211103,5.830952,6.082763,6.0,7.071068,8.246211,8.246211,9.486833,10.440307,10.440307,11.401754,11.401754,10.77033,11.18034,10.816654,11.313708
hoyeon_stand_normal_01,1089,363,36.30198360655738,29.998360745314464,10,0.5298844575881958,0.6533125042915344,-0.0473865494132041,0.9992958903312684,0.5319834351539612,0.6662909984588623,-0.0387482978403568,0.9986820220947266,0.5326772332191467,0.6667523384094238,-0.0387587621808052,0.9984192848205566,0.5334692597389221,0.6674410104751587,-0.038737554103136,0.998699426651001,0.5326684713363647,0.6670138239860535,-0.0621566325426101,0.9989268183708192,0.5337942838668823,0.6678138375282288,-0.0621658414602279,0.9989376068115234,0.5351057052612305,0.6687694191932678,-0.0622173137962818,0.9990521669387816,0.5430901646614075,0.6667271852493286,0.0086118280887603,0.9969521760940552,0.5438458919525146,0.6672899723052979,-0.0975802689790725,0.9987441301345824,0.5339074730873108,0.6411072015762329,-0.0267592575401067,0.9989622235298156,0.5351985096931458,0.6428166031837463,-0.0576188638806343,0.999212682247162,0.5572970509529114,0.6026073694229126,0.0779740586876869,0.999134123325348,0.559815526008606,0.6109628081321716,-0.1488599479198455,0.9999482035636902,0.5579851269721985,0.4990167021751404,0.0983408465981483,0.166916087269783,0.5572509765625,0.5087496638298035,-0.1818452477455139,0.9891840815544128,0.5649281740188599,0.4223724603652954,0.0570242963731288,0.3421057760715484,0.5426176190376282,0.4188776910305023,-0.1851217597723007,0.9779518246650696,0.56969153881073,0.3983450829982757,0.0532172992825508,0.3085135519504547,0.5431890487670898,0.3899831771850586,-0.208165094256401,0.96046245098114,0.5634741187095642,0.3938271403312683,0.0360374338924884,0.3133823573589325,0.5389088988304138,0.3885209560394287,-0.2051014900207519,0.9581815600395204,0.5631425380706787,0.4008577466011047,0.0477041751146316,0.2882416546344757,0.5378139019012451,0.3977477848529815,-0.1830556243658065,0.9324158430099488,0.5516073107719421,0.4272795617580414,0.0652519688010215,0.9969345927238464,0.5545965433120728,0.432300865650177,-0.065372921526432,0.9975565671920776,0.5506576895713806,0.2824840843677521,0.0581068992614746,0.318553626537323,0.5551366209983826,0.2832477986812591,-0.0621775612235069,0.7934547066688538,0.5461143255233765,0.1369291692972183,0.0978666990995407,0.3909573853015899,0.5493650436401367,0.1344195753335952,-0.0241293963044881,0.8289327621459961,0.5500327944755554,0.1147644594311714,0.0974913761019706,0.5066211223602295,0.5555828809738159,0.1076022908091545,-0.0238950159400701,0.7879030108451843,0.527205765247345,0.1088888719677925,0.0448984280228614,0.5666137933731079,0.5289456844329834,0.103568360209465,-0.0895880758762359,0.8510072827339172,hoyeon_stand_normal_01,20.615528,20.518285,19.104973,16.401219,13.601471,10.0,7.071068,5.385165,6.0,7.615773,9.848858,11.18034,13.0,14.866069,15.811388,16.492423,16.492423,16.278821,16.124515,14.142136,12.165525,10.440307,8.602325,8.944272,12.369317,15.297059,8.246211,11.045361,13.0,15.132746,15.524175,15.231546,13.892444,12.206556,10.0,8.062258,6.324555,6.082763,6.082763,7.28011,8.544004,9.486833,9.486833,10.440307,10.440307,9.486833,9.848858,10.0,10.630146,13.038405,15.264338,17.492856,11.401754,10.77033,11.401754,12.041595,13.038405,13.152946,14.56022,15.811388,16.155494,17.088007,17.088007,18.027756,18.027756,18.973666,18.681542,17.464249,16.492423,15.297059,12.369317,9.848858,8.485281,9.219544,12.041595,15.132746,19.104973,21.023796,11.401754,13.892444,16.552945,18.027756,17.262677,16.03122,14.035669,11.18034,8.544004,5.385165,2.236068,1.414214,4.242641,6.403124,8.602325,10.816654,12.083046,13.928388,14.866069,15.524175,15.524175,15.524175,14.56022,13.601471,13.0,12.206556,16.278821,15.620499,14.21267,11.661904,10.77033,10.198039,11.0,12.041595,13.038405,15.0,16.03122,17.117243,18.439089,18.973666,19.697716,19.235384,18.867962,16.401219,14.21267,10.816654,8.062258,7.071068,7.211103,10.630146,13.601471,15.811388,9.848858,7.28011,7.0,7.615773,9.219544,10.630146,13.601471,15.0,17.029386,17.691806,17.691806,16.278821,15.620499,15.620499,14.21267,13.601471,12.806248,12.041595,12.727922,12.041595,13.601471,15.0,15.811388,17.204651,18.601075,18.439089
hoyeon_stand_normal_01,1092,364,36.40198907103825,29.998360745314464,10,0.5298855900764465,0.6533164978027344,-0.0478936284780502,0.9992887377738952,0.5319852232933044,0.6662934422492981,-0.0393878333270549,0.9986732006072998,0.5326767563819885,0.6667552590370178,-0.0393968299031257,0.998408317565918,0.5334653854370117,0.667444109916687,-0.0393764339387416,0.998689591884613,0.532681941986084,0.6670464277267456,-0.0627016872167587,0.9989163279533386,0.5338125228881836,0.6678869724273682,-0.0627120658755302,0.9989259839057922,0.5351258516311646,0.6688681840896606,-0.0627664104104042,0.9990427494049072,0.5430861711502075,0.6667290329933167,0.0077578970231115,0.9969315528869628,0.5438556671142578,0.6673687100410461,-0.0980298891663551,0.9987332820892334,0.5339059829711914,0.6410897970199585,-0.0272922292351722,0.9989497065544128,0.5352049469947815,0.642813503742218,-0.0580441355705261,0.9992049336433412,0.5572868585586548,0.6025430560112,0.0769164189696312,0.9991368055343628,0.5598174929618835,0.6109610199928284,-0.1489607542753219,0.9999480843544006,0.5579184293746948,0.4989234507083893,0.0979692265391349,0.1653609424829483,0.5572396516799927,0.5086273550987244,-0.1819362491369247,0.9892274141311646,0.5648201107978821,0.4223373234272003,0.057015273720026,0.3412856757640838,0.5426200032234192,0.4188636839389801,-0.1852778643369674,0.978159248828888,0.5693806409835815,0.398264616727829,0.0532135926187038,0.3077284395694732,0.5431916117668152,0.3899866640567779,-0.2081730812788009,0.960816502571106,0.5630692839622498,0.3936548829078674,0.0360315032303333,0.3125515878200531,0.5388850569725037,0.3885226547718048,-0.2052688002586364,0.9585856199264526,0.5625088810920715,0.4010121524333954,0.0476958341896534,0.2874902188777923,0.5377665162086487,0.3977467119693756,-0.1832301914691925,0.9330593943595886,0.551641047000885,0.4271858930587768,0.0643745586276054,0.9969024658203124,0.5546491742134094,0.432205319404602,-0.0644936189055442,0.9975324273109436,0.550635039806366,0.282448410987854,0.0574647188186645,0.3205223381519317,0.5550245046615601,0.2832493782043457,-0.0615547969937324,0.7910888195037842,0.5458618998527527,0.1369751542806625,0.0979126021265983,0.3905921578407287,0.5490893721580505,0.1345760375261306,-0.02134395763278,0.8260946869850159,0.5498508214950562,0.1149014085531234,0.0975555330514907,0.506032407283783,0.5553775429725647,0.1085378676652908,-0.02067138440907,0.7845852971076965,0.5272401571273804,0.1087386682629585,0.0446972511708736,0.5646589398384094,0.5289649367332458,0.1034905165433883,-0.0861117392778396,0.8487764596939087,hoyeon_stand_normal_01,21.931712,22.022716,20.808652,17.492856,15.264338,11.401754,8.485281,7.615773,8.0,10.049876,12.165525,14.317821,15.297059,17.262677,18.11077,20.024984,20.024984,20.0,20.0,18.027756,16.0,13.152946,11.18034,12.041595,15.264338,19.723083,9.219544,12.041595,14.035669,16.492423,17.088007,17.492856,15.0,12.727922,10.630146,7.81025,5.0,5.09902,5.09902,7.28011,8.544004,9.486833,10.440307,11.401754,11.401754,11.401754,10.77033,11.661904,12.041595,14.142136,17.029386,19.849433,16.552945,17.088007,16.763055,15.811388,14.56022,13.341664,12.041595,10.0,9.055385,7.28011,6.708204,5.656854,6.324555,8.062258,10.049876,12.369317,15.524175,17.464249,20.396078,21.377558,23.194827,23.086793,22.022716,20.024984,18.11077,14.142136,8.0,6.0,4.0,1.414214,2.236068,5.0,7.211103,8.602325,10.816654,11.18034,10.77033,10.77033,9.486833,9.219544,7.28011,6.082763,4.123106,2.236068,2.0,3.605551,5.830952,8.062258,11.18034,13.416408,14.764823,15.652476,15.033296,14.0,11.0,10.049876,8.544004,8.602325,9.219544,10.630146,12.041595,13.453624,14.866069,15.620499,16.643317,17.0,18.027756,17.464249,16.124515,15.033296,13.0,10.049876,7.28011,5.0,7.071068,10.198039,12.369317,15.297059,10.049876,7.28011,6.403124,6.403124,8.246211,10.049876,12.0,14.0,15.0,16.03122,16.124515,16.124515,14.142136,14.317821,12.369317,12.649111,10.440307,10.198039,10.049876,11.0,12.0,13.038405,15.033296,16.124515,17.029386,17.0
hoyeon_stand_normal_01,1095,365,36.50199453551912,29.998360745314464,10,0.529933750629425,0.6532717347145081,-0.0494014732539653,0.9992653727531432,0.532010018825531,0.6662628650665283,-0.0410131551325321,0.99863201379776,0.53268963098526,0.6667200922966003,-0.0410208776593208,0.9983589053153992,0.5334720015525818,0.6674025654792786,-0.040999699383974,0.9986481070518494,0.5327330827713013,0.6670472621917725,-0.064326599240303,0.9988806247711182,0.5338767766952515,0.6678937077522278,-0.0643390640616417,0.9988901019096376,0.5351966619491577,0.66887366771698,-0.0643977150321006,0.999011754989624,0.5431017279624939,0.6667192578315735,0.0060738041065633,0.9968329668045044,0.5439109802246094,0.6673903465270996,-0.0997305661439895,0.9986902475357056,0.5339447259902954,0.6410151124000549,-0.0287813935428857,0.998913049697876,0.5352979302406311,0.6427682638168335,-0.059529073536396,0.9991801977157592,0.5574144721031189,0.6025443077087402,0.075367234647274,0.9991263151168824,0.5598193407058716,0.6109616756439209,-0.1495919525623321,0.9999473690986632,0.5579143166542053,0.4987864792346954,0.0967601016163826,0.1627750396728515,0.557237982749939,0.5083208680152893,-0.1824976652860641,0.9891891479492188,0.5648020505905151,0.4221821427345276,0.0564151257276535,0.3381699025630951,0.5426409840583801,0.4188420474529266,-0.1856515109539032,0.9781608581542968,0.5693075656890869,0.3979694843292236,0.05271602794528,0.3050801753997803,0.5432185530662537,0.3899913728237152,-0.2082854956388473,0.9608441591262816,0.5629419684410095,0.3933667242527008,0.0355423055589199,0.3098617196083069,0.5388960242271423,0.3885131776332855,-0.2056027352809906,0.9586381912231444,0.5626564621925354,0.3997896909713745,0.0471152551472187,0.285025030374527,0.5377697348594666,0.397742748260498,-0.1836569756269455,0.9331690073013306,0.5520553588867188,0.4265428185462951,0.0640166848897934,0.9968491196632384,0.5546784996986389,0.4315346181392669,-0.0641325712203979,0.9974870085716248,0.5506560206413269,0.2822945415973663,0.0574119761586189,0.3208819329738617,0.5550241470336914,0.2831607162952423,-0.0607854761183261,0.7888315916061401,0.5458539128303528,0.1369705945253372,0.0981233790516853,0.3895073235034942,0.5490935444831848,0.13457852602005,-0.0194791965186595,0.8239080905914307,0.5498514175415039,0.1149011701345443,0.0978172793984413,0.5050783753395081,0.5553280115127563,0.1105407029390335,-0.0187564268708229,0.7824224829673767,0.5273109674453735,0.108671635389328,0.0447292178869247,0.5626336932182312,0.5290176272392273,0.1034887358546257,-0.0842670276761055,0.8470430374145508,hoyeon_stand_normal_01,22.803509,23.4094,21.931712,19.235384,16.124515,12.529964,9.486833,8.0,8.544004,10.29563,12.206556,13.601471,15.0,16.643317,18.35756,19.235384,20.124612,19.697716,18.788294,17.464249,15.652476,13.038405,12.041595,11.7047,15.297059,19.104973,10.0,13.453624,16.401219,17.888544,18.027756,18.248288,17.029386,15.033296,12.041595,9.0,7.071068,6.708204,7.071068,7.81025,9.433981,11.401754,12.041595,12.041595,12.727922,12.041595,12.806248,12.529964,13.928388,15.297059,18.248288,20.223748,18.0024635,17.8749155,17.515268,16.574799499999997,15.460915,13.9135275,11.8007355,10.0735925,8.459963,6.555531,5.54951,4.297621,5.415476,7.877553499999999,10.062306,12.8701845,15.478887,18.593879,21.2540175,22.966753,23.820816,24.161095,23.196622,21.1319035,18.964553,14.358981,7.807536,5.9907045,4.1828735,1.7071070000000002,3.642692,6.203659,8.7745455,11.283678,12.371709,13.973085,14.016648,13.264982,12.09017,11.168612499999998,9.7419285,7.6055515,5.915476,3.8643285,2.8027755,3.118034,5.854102,8.78787,11.618222,13.6846585,15.8824355,17.037720999999998,13.601471,15.0,15.811388,15.811388,15.0,15.0,13.453624,12.041595,11.313708,8.485281,7.81025,6.403124,5.385165,5.0,6.324555,8.944272,11.661904,14.422205,16.643317,18.35756,20.124612,20.615528,20.248457,18.973666,16.763055,14.317821,11.401754,12.806248,14.422205,14.422205,15.264338,14.422205,13.038405,10.816654,10.0,7.81025,6.403124,6.324555,6.0,6.082763,7.28011,8.544004,9.486833,9.486833,10.440307,10.440307,10.440307,10.440307,10.77033,11.18034,10.816654,12.041595
hoyeon_stand_normal_01,1098,366,36.602,29.998360745314464,10,0.5300239324569702,0.6532651782035828,-0.0507634542882442,0.9992364048957824,0.5320600271224976,0.6662585735321045,-0.0424857661128044,0.9985873103141784,0.5327264666557312,0.6667153239250183,-0.0424921140074729,0.9983022212982178,0.5335014462471008,0.6673955321311951,-0.0424714609980583,0.9986035227775574,0.5328049063682556,0.6670511364936829,-0.0657373890280723,0.998840034008026,0.5339584946632385,0.6679000854492188,-0.0657498762011528,0.9988452792167664,0.5352786779403687,0.668883740901947,-0.0658087357878685,0.99897563457489,0.5431454181671143,0.6667191982269287,0.0044057378545403,0.9967244863510132,0.5439971685409546,0.6674041152000427,-0.1011438891291618,0.9986373782157898,0.53404301404953,0.6410018801689148,-0.0301788374781608,0.9988719820976256,0.53543621301651,0.6427565217018127,-0.0608367957174778,0.9991536736488342,0.5576382875442505,0.6025984287261963,0.0729783028364181,0.9991219639778136,0.5598210096359253,0.6109603643417358,-0.1496104300022125,0.999946117401123,0.5579131841659546,0.4985713958740234,0.094362623989582,0.1600624024868011,0.5572679042816162,0.5073730945587158,-0.1825621277093887,0.9890467524528505,0.5644832253456116,0.4215843081474304,0.0546061620116233,0.3342664837837219,0.5426600575447083,0.4185287058353424,-0.1855895072221756,0.97794109582901,0.5690265893936157,0.3973424732685089,0.0507288351655006,0.3017256557941437,0.5432625412940979,0.3897852301597595,-0.2080188393592834,0.9605535864830016,0.5624855756759644,0.392748087644577,0.0337971225380897,0.3064325451850891,0.5389183163642883,0.3882499635219574,-0.2055359631776809,0.9583807587623596,0.5617268085479736,0.3998326957225799,0.0453980453312397,0.2818223237991333,0.5377836227416992,0.3975004553794861,-0.1836452335119247,0.9328797459602356,0.5528467297554016,0.4260259568691253,0.0628121495246887,0.9967664480209352,0.5546703338623047,0.4308591187000274,-0.0629246830940246,0.997400999069214,0.5507685542106628,0.2822289764881134,0.0568812713027,0.3214971423149109,0.5548180937767029,0.2831474244594574,-0.0595365539193153,0.7830188870429993,0.5458270311355591,0.1369643807411193,0.0981702581048011,0.3872595429420471,0.5487126708030701,0.134620115160942,-0.0162686165422201,0.8178650736808777,0.5498504042625427,0.1148988381028175,0.0978626683354377,0.5031555891036987,0.5550607442855835,0.1106006205081939,-0.0152297178283333,0.7770241498947144,0.5275749564170837,0.1083689853549003,0.0446391887962818,0.5581070780754089,0.5290910601615906,0.103439375758171,-0.0804076120257377,0.8420178890228271,hoyeon_stand_normal_01,24.413111,24.083189,22.627417,19.849433,16.401219,12.041595,8.602325,7.28011,7.071068,9.848858,11.661904,13.892444,15.652476,17.888544,18.788294,19.313208,20.248457,20.880613,18.973666,17.720045,14.866069,12.529964,10.630146,11.7047,15.033296,19.0,11.18034,14.0,17.117243,18.681542,19.697716,19.723083,18.601075,16.278821,12.727922,9.899495,7.211103,6.324555,7.071068,8.544004,9.848858,11.7047,12.649111,12.649111,13.601471,12.649111,12.083046,11.661904,12.727922,15.0,17.492856,21.095023,11.401754,11.661904,11.7047,12.165525,12.0,13.038405,14.142136,14.317821,15.524175,16.763055,17.464249,17.464249,17.464249,17.464249,17.262677,16.278821,15.132746,13.152946,11.18034,8.062258,7.211103,8.246211,11.045361,15.132746,18.11077,20.099751,11.661904,14.317821,16.155494,17.464249,17.117243,16.0,14.142136,11.401754,8.544004,4.472136,1.414214,2.236068,5.0,7.211103,9.433981,12.083046,13.0,14.56022,16.278821,16.278821,16.278821,16.278821,15.132746,14.317821,12.649111,12.083046,15.297059,14.317821,11.401754,9.848858,8.602325,9.219544,9.433981,11.18034,13.416408,14.764823,15.264338,16.401219,16.970563,17.804494,18.027756,17.492856,17.464249,14.866069,12.649111,9.848858,6.403124,5.385165,7.28011,11.18034,13.892444,15.652476,8.246211,6.324555,5.0,6.324555,7.0,10.198039,12.165525,14.317821,15.297059,16.124515,16.124515,15.033296,15.0,13.038405,12.041595,12.0,11.0,11.045361,10.049876,10.198039,12.369317,13.601471,14.866069,16.763055,17.464249,16.492423
hoyeon_stand_normal_01,1101,367,36.70200546448088,29.998360745314464,10,0.5300753712654114,0.6532646417617798,-0.0525295138359069,0.9992173314094543,0.5320864915847778,0.6662548780441284,-0.0441614128649234,0.99856036901474,0.5327430963516235,0.6667112708091736,-0.0441678985953331,0.998270571231842,0.533512532711029,0.6673891544342041,-0.0441480465233325,0.9985784292221068,0.5328467488288879,0.6670538783073425,-0.0675348117947578,0.9988144040107728,0.5340057611465454,0.6679062247276306,-0.0675478279590606,0.9988178014755248,0.5353285074234009,0.6688908934593201,-0.0676061138510704,0.9989524483680724,0.5431667566299438,0.666717529296875,0.0031106686219573,0.9966638684272766,0.5440695881843567,0.6674109697341919,-0.1029315143823623,0.998609185218811,0.5340901017189026,0.6409998536109924,-0.0318019762635231,0.9988487362861632,0.5354970693588257,0.6427516937255859,-0.0626053139567375,0.9991382956504822,0.5577284097671509,0.6026116609573364,0.072546936571598,0.9991236329078674,0.5598331093788147,0.6109458208084106,-0.1510345786809921,0.9999456405639648,0.5579115748405457,0.4984674453735351,0.094071164727211,0.1576620489358902,0.5573510527610779,0.5068565607070923,-0.1833817958831787,0.9889155030250548,0.563876211643219,0.4211238920688629,0.0538770332932472,0.3302682042121887,0.5427712798118591,0.4181748032569885,-0.1856153905391693,0.9776861071586608,0.5684588551521301,0.3968794643878937,0.0501298233866691,0.2984887957572937,0.5433733463287354,0.3895360827445984,-0.2081777453422546,0.9602037668228148,0.5602586269378662,0.3922685086727142,0.0330301411449909,0.3031195998191833,0.5390482544898987,0.3880304992198944,-0.2056018412113189,0.9580451250076294,0.5589682459831238,0.399868369102478,0.0445933230221271,0.2789076268672943,0.5379036664962769,0.3972622454166412,-0.1836940646171569,0.9324378967285156,0.5534231662750244,0.4257277846336365,0.0628435835242271,0.9967190027236938,0.5546786785125732,0.4305458068847656,-0.0629584863781929,0.9973475933074952,0.5507763028144836,0.282166987657547,0.0572984330356121,0.3206234276294708,0.554648220539093,0.2831004559993744,-0.0595557130873203,0.7812216877937317,0.5456770658493042,0.1369824707508087,0.0988202914595604,0.3846395611763,0.548239529132843,0.1346256285905838,-0.0170332547277212,0.8148987889289856,0.5498259663581848,0.1149016916751861,0.0985039249062538,0.5006963014602661,0.5550225377082825,0.11055438965559,-0.0161646883934736,0.7740660905838013,0.5275716185569763,0.1083474606275558,0.045262336730957,0.5542231202125549,0.529039740562439,0.10341477394104,-0.0815198048949241,0.8393728137016296,hoyeon_stand_normal_01,10.198039,10.0,11.18034,12.369317,13.601471,14.56022,14.56022,13.341664,13.341664,11.18034,10.198039,8.246211,7.28011,5.830952,5.0,6.324555,7.0,10.198039,12.369317,15.524175,18.439089,20.396078,21.213203,22.022716,22.0,19.104973,9.433981,8.062258,6.708204,4.472136,3.162278,4.123106,6.324555,8.544004,9.486833,10.440307,11.18034,10.049876,10.049876,9.0,8.062258,7.071068,6.324555,7.211103,7.071068,8.602325,10.816654,12.206556,13.038405,13.601471,13.038405,11.661904,10.440307,10.816654,11.313708,11.661904,13.416408,13.928388,15.524175,16.278821,17.262677,18.248288,19.416488,19.416488,19.416488,19.646883,18.681542,17.720045,15.524175,13.601471,11.18034,9.055385,8.602325,9.433981,12.649111,16.492423,19.924859,22.472205,12.369317,14.866069,17.464249,19.235384,18.601075,17.691806,15.620499,13.038405,10.29563,6.324555,3.0,4.123106,7.0,9.055385,11.18034,12.369317,14.866069,16.155494,16.552945,16.552945,16.552945,15.652476,14.317821,13.601471,12.165525,11.426688,13.601471,14.866069,15.811388,15.524175,15.524175,14.56022,13.341664,12.165525,10.049876,8.062258,7.071068,5.385165,4.242641,4.472136,6.082763,9.0,12.0,14.0,17.0,19.026298,20.099751,20.223748,20.396078,18.439089,16.763055,13.601471,12.041595,14.035669,15.132746,16.278821,16.278821,14.317821,13.152946,12.165525,10.049876,8.0,6.324555,5.830952,5.656854,5.830952,6.708204,7.615773,8.544004,9.848858,9.848858,10.77033,10.77033,10.77033,10.440307,10.198039,11.045361,11.045361
hoyeon_stand_normal_01,1104,368,36.80201092896175,29.998360745314464,10,0.5301650166511536,0.6532638072967529,-0.0544518753886222,0.9992035627365112,0.5321358442306519,0.6662452220916748,-0.0461294688284397,0.9985398650169371,0.5327776074409485,0.6666989922523499,-0.0461348369717597,0.9982459545135498,0.5335371494293213,0.6673702597618103,-0.0461161993443965,0.9985603094100952,0.5329183340072632,0.6670541763305664,-0.0696116313338279,0.998795747756958,0.5340850353240967,0.6679115891456604,-0.0696242973208427,0.9987975358963012,0.535409152507782,0.6688972115516663,-0.0696815997362136,0.9989348649978638,0.5431972146034241,0.6667071580886841,0.0012642163783311,0.9966158866882324,0.5441848039627075,0.6674166917800903,-0.1052981242537498,0.9985825419425964,0.534185528755188,0.6409979462623596,-0.0336535535752773,0.998831868171692,0.5355911254882812,0.6427494883537292,-0.064606174826622,0.999126672744751,0.5577805042266846,0.6026573181152344,0.0708042532205581,0.999133288860321,0.5599620938301086,0.6109123229980469,-0.1522337943315506,0.9999451637268066,0.5578338503837585,0.4984521865844726,0.093642309308052,0.1573753505945205,0.5574914813041687,0.5062792301177979,-0.1837771385908126,0.9888399839401244,0.5615130066871643,0.4207878708839416,0.0538686029613018,0.3301175832748413,0.5429383516311646,0.4177881181240082,-0.1856850236654281,0.9775875210762024,0.5651484131813049,0.3963583409786224,0.0501517914235591,0.2982460260391235,0.5435494184494019,0.3893895745277405,-0.2080602347850799,0.960094690322876,0.5576841831207275,0.3918580710887909,0.0330385044217109,0.3029518127441406,0.5392161011695862,0.3878975510597229,-0.205671489238739,0.9579631686210632,0.5563312768936157,0.3998771011829376,0.0445901975035667,0.2788805961608886,0.538066565990448,0.3970769941806793,-0.1837780922651291,0.9323388338088988,0.5535555481910706,0.4256852567195892,0.0628864839673042,0.9966769814491272,0.5547521710395813,0.4304361939430237,-0.0630001872777938,0.9972976446151732,0.5507663488388062,0.2821650803089142,0.0573149099946022,0.3193045854568481,0.5545990467071533,0.2830981910228729,-0.0594433024525642,0.777125895023346,0.5456228256225586,0.1370320320129394,0.0987630560994148,0.381391704082489,0.5481547117233276,0.1346385031938552,-0.0172231178730726,0.8109534978866577,0.5498265624046326,0.1149497479200363,0.0984473675489425,0.4975210428237915,0.5550224781036377,0.1105256155133247,-0.0164126995950937,0.77049320936203,0.5275647044181824,0.1083344742655754,0.0452140383422374,0.550025999546051,0.5289502143859863,0.1034077256917953,-0.081683911383152,0.8360962271690369,hoyeon_stand_normal_01,20.024984,20.0,18.027756,16.124515,13.152946,11.045361,9.055385,7.615773,7.81025,10.630146,11.401754,12.206556,14.21267,15.620499,15.620499,16.278821,17.691806,16.970563,16.970563,15.556349,14.866069,13.038405,11.7047,12.165525,15.033296,17.117243,9.219544,11.7047,13.892444,15.620499,16.401219,16.124515,13.928388,12.369317,10.198039,7.28011,5.385165,5.0,5.385165,6.082763,8.246211,9.219544,10.440307,11.401754,11.7047,11.7047,11.401754,11.18034,12.041595,13.038405,15.132746,17.117243,9.219544,10.29563,10.440307,12.041595,12.0,13.152946,14.317821,15.524175,16.763055,16.763055,17.720045,17.720045,17.720045,17.720045,17.720045,16.492423,15.524175,13.601471,10.77033,8.602325,8.062258,9.0,12.165525,15.524175,18.681542,20.396078,12.165525,14.035669,17.029386,17.262677,17.720045,16.552945,14.764823,12.806248,9.219544,6.403124,2.236068,1.0,4.472136,6.708204,8.544004,11.401754,12.165525,14.142136,15.033296,16.0,16.03122,16.03122,15.0,13.0,12.165525,10.77033,13.617054,14.912279,14.912279,15.824345,14.7910795,14.4534795,13.678113,12.0226805,10.385165,8.7434165,7.3078865,5.2420925,4.3573885,4.0388435000000005,6.0413815,8.062258,10.2450915,13.319938,15.2787355,17.290746,18.248288,18.8372365,18.85392,17.395405500000003,15.4330345,11.8731475,13.3007355,14.2979445,15.7628595,16.1550205,16.693596,15.2149025,14.2299785,12.205456,10.7201535,9.2434165,7.54518,6.889636,6.555664,6.841616999999999,7.728657,8.5588215,9.497074,10.4471095,10.737984999999998,10.737984999999998,11.2305775,11.4059625,11.385165,11.240951,11.605443,11.8245555
hoyeon_stand_normal_01,1107,369,36.90201639344262,29.998360745314464,10,0.5302478671073914,0.653296947479248,-0.0547599531710147,0.9991881847381592,0.532213032245636,0.6662688851356506,-0.0464528352022171,0.9985178709030152,0.5328434705734253,0.6667199730873108,-0.0464583598077297,0.9982196092605592,0.5335946679115295,0.6673846244812012,-0.0464401580393314,0.9985414147377014,0.5330101847648621,0.6671096086502075,-0.0699162557721138,0.9987740516662598,0.5341836214065552,0.6679937839508057,-0.0699283331632614,0.9987740516662598,0.5355054140090942,0.668982982635498,-0.0699852705001831,0.9989144802093506,0.5432782769203186,0.6667188405990601,0.0008171186200343,0.9965662956237792,0.5443330407142639,0.6674425005912781,-0.1056685596704483,0.9985495209693908,0.5342905521392822,0.6409991383552551,-0.0339959673583507,0.9988121390342712,0.5356793999671936,0.6427486538887024,-0.0649290457367897,0.9991116523742676,0.5578926205635071,0.6028417348861694,0.0699221715331077,0.9991459846496582,0.5601298809051514,0.6109095811843872,-0.1522856056690216,0.999944269657135,0.5578131079673767,0.4985111355781555,0.0934235155582428,0.1576030552387237,0.5575763583183289,0.5060190558433533,-0.1837390810251236,0.9886909127235411,0.5609659552574158,0.4207614362239837,0.0539656952023506,0.3314641118049621,0.5430088043212891,0.4175982475280761,-0.1854686141014099,0.9774379730224608,0.5655298829078674,0.3962781131267547,0.0503032840788364,0.2993520498275757,0.5436275601387024,0.389260858297348,-0.2076072543859481,0.9599656462669371,0.5573800206184387,0.3918042182922363,0.0332660339772701,0.3040810227394104,0.5392919182777405,0.3877659440040588,-0.205522671341896,0.9578614830970764,0.5561409592628479,0.4000008404254913,0.0447636172175407,0.2798925638198852,0.5381399989128113,0.3969314694404602,-0.1836441457271576,0.9322126507759094,0.5537368655204773,0.4257444739341736,0.0626573488116264,0.9966501593589784,0.554761528968811,0.4304423630237579,-0.0627708062529563,0.9972514510154724,0.5507853627204895,0.2822453081607818,0.0571211241185665,0.3192327916622162,0.5543839335441589,0.2832474112510681,-0.0590839348733425,0.772689163684845,0.5455865859985352,0.1370576918125152,0.0983727201819419,0.3800325691699981,0.5477735996246338,0.1347150802612304,-0.0166848786175251,0.8070312738418579,0.5498325228691101,0.1149493902921676,0.0980555713176727,0.496255099773407,0.5531120300292969,0.1117293611168861,-0.0158102419227361,0.7668421864509583,0.5275822877883911,0.1082812920212745,0.044829785823822,0.5474401712417603,0.5288856029510498,0.1034078374505043,-0.0806619226932525,0.8328281044960022,hoyeon_stand_normal_01,13.341664,13.928388,14.422205,15.620499,17.029386,18.439089,18.439089,17.804494,16.401219,15.0,12.806248,10.630146,9.219544,8.062258,8.062258,8.062258,11.18034,13.038405,17.204651,20.615528,23.430749,26.400758,28.017851,29.154759,28.178006,25.632011,12.041595,10.630146,7.81025,5.656854,3.162278,4.242641,7.071068,10.630146,12.041595,14.21267,14.422205,13.416408,12.083046,11.7047,9.848858,8.062258,7.211103,7.211103,8.544004,10.198039,13.038405,15.132746,16.124515,17.117243,17.117243,16.124515,16.401219,16.401219,15.811388,14.764823,13.416408,12.083046,10.77033,8.246211,7.071068,6.082763,4.472136,4.472136,6.082763,8.0,10.198039,13.341664,15.524175,18.439089,20.396078,21.213203,22.203603,22.090722,21.023796,19.0,17.029386,13.038405,7.615773,5.385165,4.123106,2.236068,3.0,5.385165,8.544004,10.198039,12.165525,13.152946,13.038405,13.0,12.041595,10.049876,9.055385,7.071068,5.09902,3.0,1.414214,2.236068,5.0,7.071068,10.630146,12.041595,14.21267,15.620499,13.341664,14.317821,15.132746,15.297059,15.297059,14.56022,13.601471,11.7047,9.848858,8.544004,6.324555,5.09902,4.123106,5.0,6.403124,8.944272,11.18034,13.416408,16.124515,18.027756,19.416488,20.0,19.209373,18.439089,16.278821,12.727922,11.661904,13.892444,15.811388,16.401219,16.401219,15.0,14.21267,11.401754,10.0,8.062258,6.324555,6.0,6.324555,5.830952,7.211103,7.81025,9.219544,9.219544,10.0,10.0,10.630146,10.630146,9.899495,10.630146,11.661904,11.18034
hoyeon_stand_normal_01,1110,370,37.002021857923495,29.998360745314464,10,0.530258297920227,0.6534088253974915,-0.0547032840549945,0.9991756081581116,0.532248854637146,0.6663978099822998,-0.0463348552584648,0.9985000491142272,0.5328744053840637,0.6668559312820435,-0.0463418997824192,0.9982012510299684,0.5336214900016785,0.6675145030021667,-0.0463240146636962,0.998526394367218,0.5330445766448975,0.6672805547714233,-0.0698783472180366,0.9987567663192748,0.534214973449707,0.6682029366493225,-0.0698906481266021,0.9987569451332092,0.5355318784713745,0.6691938042640686,-0.0699475035071373,0.9988985061645508,0.5433318614959717,0.6667881608009338,0.0010852864943444,0.996533215045929,0.5444071292877197,0.6675169467926025,-0.1057104617357254,0.9985364675521852,0.534294068813324,0.6410157680511475,-0.033896867185831,0.9987984299659728,0.5356804728507996,0.6427516937255859,-0.0649239942431449,0.9991028308868408,0.5578688979148865,0.6028342843055725,0.0703016221523284,0.999148428440094,0.5604448318481445,0.6108585596084595,-0.1529812961816787,0.9999439716339112,0.5577208399772644,0.498508870601654,0.0940279215574264,0.1554413139820099,0.5577110648155212,0.5057691931724548,-0.183799996972084,0.9885743856430054,0.5601876974105835,0.4207426905632019,0.0547870732843875,0.3278703987598419,0.5430810451507568,0.4174540638923645,-0.1850256025791168,0.9772145748138428,0.5641154050827026,0.3961893320083618,0.0514349900186061,0.2967085242271423,0.5436903834342957,0.3891950845718384,-0.2070725262165069,0.9596640467643738,0.5564274191856384,0.3916889131069183,0.0341381095349788,0.3014357089996338,0.5393218398094177,0.3877043128013611,-0.2051041275262832,0.9575678706169128,0.5552337765693665,0.4000617265701294,0.0454935282468795,0.277778148651123,0.5381619930267334,0.3968465328216553,-0.1832392513751983,0.9318456053733826,0.5537267923355103,0.4257277846336365,0.0633358433842659,0.9966282844543456,0.5552129745483398,0.4303768277168274,-0.0634405314922332,0.9972267746925354,0.5507640838623047,0.2822466194629669,0.0579165592789649,0.3162790238857269,0.5543989539146423,0.283260315656662,-0.06008156016469,0.7714455723762512,0.5455982685089111,0.1371191442012787,0.0984137579798698,0.3761433362960815,0.5477803349494934,0.1347229033708572,-0.0191789492964744,0.8047387003898621,0.5500085353851318,0.1149505600333213,0.0980682075023651,0.492777556180954,0.5532404780387878,0.1121530979871749,-0.018570328131318,0.764624834060669,0.5273948907852173,0.1083106324076652,0.0452856384217739,0.5437212586402893,0.5287780165672302,0.1034055724740028,-0.0830771848559379,0.830964207649231,hoyeon_stand_normal_01,16.87755,16.385621999999998,15.6677815,13.601471,12.0254325,9.7087915,8.0,6.8023325,7.6366805,8.514897000000001,9.924845,11.3358705,11.6776515,12.7476095,13.435029,13.79788,13.79788,14.8492425,14.1598465,13.833147,12.9040135,11.855152,10.7998965,11.5207975,13.5943075,16.385621999999998,8.9109345,12.1240755,14.2652455,16.8815275,16.8962205,17.117243,15.28011,13.571068,10.848692,7.877553499999999,4.785578,3.561553,3.924096,5.415476,7.385231,8.7481195,9.7169905,10.7234,11.357731,11.357731,11.357731,11.109204,10.532979999999998,11.553227,12.407318,14.7195975,21.84033,21.84033,21.18962,20.248457,18.384776,16.552945,14.764823,12.206556,10.0,7.81025,6.708204,6.0,6.708204,9.219544,11.401754,14.422205,18.027756,20.808652,23.021729,25.0,25.612497,26.248809,24.758837,22.671568,19.849433,15.811388,8.944272,6.708204,4.472136,1.414214,2.236068,6.082763,9.219544,11.401754,13.928388,14.317821,14.764823,13.892444,12.206556,11.401754,9.219544,7.81025,5.0,3.162278,2.236068,4.0,7.071068,10.198039,13.341664,16.278821,18.439089,20.396078,16.643317,14.422205,12.529964,10.77033,9.219544,9.0,9.055385,10.440307,12.649111,14.56022,15.297059,16.124515,17.0,18.11077,18.248288,18.681542,17.088007,16.552945,13.416408,9.848858,7.28011,5.09902,7.211103,9.486833,13.601471,15.524175,10.440307,8.246211,7.0,6.708204,8.485281,10.816654,13.892444,14.764823,17.492856,16.643317,17.204651,17.029386,15.620499,14.142136,12.727922,12.727922,11.313708,12.041595,11.401754,11.661904,12.529964,14.317821,16.155494,16.552945,17.888544,17.888544
hoyeon_stand_normal_01,1113,371,37.10202732240437,29.998360745314464,10,0.5303294062614441,0.6534914374351501,-0.0546178184449672,0.9991480708122252,0.532357931137085,0.6664787530899048,-0.0462442897260189,0.998452126979828,0.532975435256958,0.6669396758079529,-0.0462520532310009,0.9981456995010376,0.5337173938751221,0.6675929427146912,-0.0462339110672473,0.998480260372162,0.5331355929374695,0.6673954725265503,-0.0698322057723999,0.9987151026725768,0.5342923998832703,0.6683444976806641,-0.0698451027274131,0.99871426820755,0.5355962514877319,0.6693395376205444,-0.0699026957154274,0.9988614320755004,0.5434340238571167,0.6668293476104736,0.0012751294998452,0.9964258074760436,0.5445170998573303,0.6675752401351929,-0.1056857481598854,0.9984996914863586,0.5343281030654907,0.6410365700721741,-0.0337803550064563,0.9987651705741882,0.5356961488723755,0.6427529454231262,-0.0648517906665802,0.9990829229354858,0.5578676462173462,0.6028183102607727,0.0704683139920234,0.999138116836548,0.5606391429901123,0.6108500957489014,-0.1535882800817489,0.999943733215332,0.5577031373977661,0.4985096752643585,0.0943540185689926,0.1522055566310882,0.5579043626785278,0.5057744979858398,-0.1844689100980758,0.9885281324386596,0.5597874522209167,0.4206710159778595,0.0546384118497371,0.322403073310852,0.5431915521621704,0.417319506406784,-0.1850904375314712,0.9770656824111938,0.5634195804595947,0.3960815668106079,0.0512432232499122,0.2925461530685425,0.5438413619995117,0.3891773521900177,-0.207193985581398,0.959423840045929,0.5558933019638062,0.3916170001029968,0.0337665081024169,0.297256737947464,0.539436399936676,0.3877032101154327,-0.2051784247159958,0.957323968410492,0.5545783638954163,0.4000978469848633,0.0452315099537372,0.274314671754837,0.5382488369941711,0.3968459963798523,-0.1832978129386901,0.9315578937530518,0.553716242313385,0.4254520237445831,0.0640403404831886,0.9965744018554688,0.5556142330169678,0.4300288558006286,-0.0641327202320098,0.997189462184906,0.5506827235221863,0.2822265923023224,0.0589959174394607,0.3132607638835907,0.5544673204421997,0.2832083404064178,-0.0610568337142467,0.771539568901062,0.545596718788147,0.137188047170639,0.0991986244916915,0.3715970814228058,0.5477849245071411,0.1347261220216751,-0.0207196455448865,0.8029500246047974,0.5500085353851318,0.1150187253952026,0.0987737849354744,0.4889021217823028,0.5536508560180664,0.1112692281603813,-0.0202459041029214,0.7627631425857544,0.5272624492645264,0.1083195433020591,0.0463581904768943,0.5390514135360718,0.5287017226219177,0.1033654734492302,-0.085129514336586,0.8293564915657043,hoyeon_stand_normal_01,17.029386,17.0,17.0,15.0,13.0,11.045361,9.219544,8.062258,7.81025,9.219544,10.0,10.816654,11.661904,12.529964,13.416408,13.416408,14.317821,15.231546,14.866069,14.56022,13.341664,13.038405,12.041595,12.649111,13.892444,15.811388,10.816654,14.142136,16.401219,18.788294,19.924859,19.104973,17.029386,15.132746,12.369317,8.544004,5.09902,4.123106,3.605551,6.324555,8.246211,10.77033,12.083046,12.529964,13.038405,13.038405,13.038405,12.529964,12.083046,12.369317,13.038405,15.0,8.602325,8.246211,9.0,10.198039,11.7047,12.529964,13.892444,14.422205,15.0,16.401219,17.204651,17.204651,17.204651,17.204651,16.643317,15.264338,14.422205,12.206556,9.219544,7.615773,7.0,8.944272,12.806248,15.620499,18.439089,20.615528,12.165525,15.132746,17.029386,19.026298,18.248288,17.720045,16.155494,13.416408,9.433981,6.403124,3.605551,3.605551,5.830952,8.062258,10.77033,12.649111,14.317821,15.297059,16.124515,16.124515,16.124515,15.132746,13.152946,11.401754,9.848858,18.25417283333333,14.21267,15.0,16.401219,16.401219,15.620499,15.620499,14.142136,12.727922,11.401754,9.219544,7.81025,6.403124,5.830952,6.0,7.071068,8.544004,11.18034,13.416408,16.552945,17.888544,19.313208,20.248457,19.646883,18.439089,16.278821,14.142136,12.041595,14.142136,15.556349,16.278821,16.401219,15.0,14.21267,12.041595,9.899495,8.602325,7.615773,6.324555,7.0,7.071068,8.246211,9.486833,10.440307,10.440307,11.7047,11.7047,11.7047,11.7047,11.7047,12.529964,12.206556,12.806248
hoyeon_stand_normal_01,1116,372,37.20203278688525,29.998360745314464,10,0.5305574536323547,0.6535056233406067,-0.0545957200229167,0.9991390705108644,0.5325843691825867,0.6664760112762451,-0.0461884178221225,0.9984380602836608,0.5332052707672119,0.6669339537620544,-0.0461961738765239,0.998127281665802,0.5339562296867371,0.6675825119018555,-0.0461775846779346,0.9984665513038636,0.5333213806152344,0.6673990488052368,-0.0697456151247024,0.9987008571624756,0.5344586968421936,0.6683499217033386,-0.0697585120797157,0.9986958503723145,0.5357382893562317,0.6693500280380249,-0.0698163136839866,0.9988466501235962,0.5436303615570068,0.666811466217041,0.0013683785218745,0.996394157409668,0.5446808338165283,0.6675822734832764,-0.1055688858032226,0.9984856247901917,0.5345607399940491,0.6410433053970337,-0.0337188653647899,0.9987572431564332,0.5358822345733643,0.6427519917488098,-0.0648322328925132,0.9990790486335754,0.5579130053520203,0.6028231382369995,0.0707234218716621,0.999144434928894,0.5607768297195435,0.6108487248420715,-0.1534672081470489,0.9999436140060424,0.5576876401901245,0.4985128939151764,0.0943790525197982,0.1512928009033203,0.5581415295600891,0.5057802796363831,-0.1843744069337844,0.9885305166244508,0.5593634843826294,0.4205826818943023,0.0537929385900497,0.3219587802886963,0.543335497379303,0.4172656834125519,-0.1844041794538498,0.9770748019218444,0.5630161762237549,0.3959838151931762,0.0498409084975719,0.292315274477005,0.5439795255661011,0.3891773223876953,-0.2064437568187713,0.9594170451164246,0.5554891228675842,0.3915221393108368,0.0323154218494892,0.2970833778381347,0.539621889591217,0.3877039849758148,-0.2044297307729721,0.9573319554328918,0.5541244149208069,0.4001039564609527,0.0442751757800579,0.2743209898471832,0.538447916507721,0.3968455791473388,-0.1825804561376571,0.9316561222076416,0.5537073016166687,0.42520272731781,0.0640441253781318,0.9965373873710632,0.5557132363319397,0.4297414720058441,-0.0641371831297874,0.997154712677002,0.5506539940834045,0.2821551263332367,0.0590145476162433,0.3114828765392303,0.5544692277908325,0.2831121683120727,-0.0611337572336196,0.7690408229827881,0.5455945730209351,0.1372148841619491,0.0992461070418357,0.3674348592758178,0.5477785468101501,0.134836196899414,-0.0207106992602348,0.799540638923645,0.5500083565711975,0.1150229349732399,0.0988104119896888,0.4850329458713531,0.5536990761756897,0.1108527332544326,-0.0202298555523157,0.7596315741539001,0.5273053050041199,0.1082833334803581,0.0463543199002742,0.5339856743812561,0.5286702513694763,0.1033779233694076,-0.0851630941033363,0.8263844847679138,hoyeon_stand_normal_01,15.231546,15.231546,15.231546,13.416408,11.18034,9.486833,8.0,7.28011,7.615773,9.433981,10.0,11.401754,11.401754,12.806248,13.453624,13.453624,14.142136,14.866069,14.21267,14.422205,13.892444,13.416408,12.369317,14.035669,15.033296,18.248288,9.433981,12.649111,15.132746,18.027756,18.439089,18.788294,16.643317,14.866069,12.041595,8.602325,5.830952,2.828427,2.236068,4.242641,6.403124,8.485281,10.630146,11.401754,12.206556,11.661904,11.661904,10.816654,10.630146,10.630146,11.661904,13.416408,7.615773,8.062258,9.219544,9.848858,11.661904,12.206556,13.453624,14.142136,15.556349,16.278821,16.970563,16.970563,16.970563,16.970563,16.278821,14.866069,13.453624,11.313708,8.602325,7.28011,6.324555,9.219544,12.806248,15.811388,18.601075,20.615528,12.369317,15.297059,17.117243,18.027756,18.027756,17.262677,15.524175,13.0,9.433981,6.403124,2.828427,2.828427,5.656854,8.602325,10.29563,12.083046,13.928388,14.866069,15.524175,15.524175,15.524175,14.56022,12.649111,12.083046,10.0,16.112267666666668,17.117243,15.033296,13.038405,12.041595,9.486833,10.29563,11.401754,12.806248,13.453624,15.620499,17.204651,17.492856,17.888544,19.313208,19.646883,19.235384,18.11077,17.0,14.0,11.045361,8.246211,6.403124,8.246211,11.0,14.035669,16.03122,9.0,7.28011,5.830952,7.211103,9.219544,11.18034,15.033296,16.124515,18.11077,18.248288,18.439089,17.720045,15.811388,14.866069,13.928388,13.0,11.7047,11.7047,11.18034,12.041595,13.0,15.0,17.0,18.0,19.026298,19.026298
hoyeon_stand_normal_01,1119,373,37.30203825136612,29.998360745314464,10,0.5308928489685059,0.6534804701805115,-0.0545572154223918,0.9991273283958436,0.5329363942146301,0.6664198637008667,-0.0460603311657905,0.9984166026115416,0.5335721373558044,0.6668697595596313,-0.04606768861413,0.9981024265289308,0.5343393087387085,0.6675134897232056,-0.0460479855537414,0.9984479546546936,0.533620297908783,0.6673792600631714,-0.0697057247161865,0.9986820816993712,0.5347318053245544,0.6683430075645447,-0.069718413054943,0.9986750483512878,0.535976231098175,0.6693512201309204,-0.0697759389877319,0.998829185962677,0.543890118598938,0.666778564453125,0.0019664140418171,0.996338427066803,0.5449255704879761,0.667580246925354,-0.1054658591747284,0.9984628558158876,0.5349109172821045,0.6410337090492249,-0.0335455983877182,0.998738706111908,0.5362012982368469,0.6427353024482727,-0.0648067966103553,0.9990676045417786,0.5580281019210815,0.6028099060058594,0.0724024623632431,0.9991437792778016,0.5608681440353394,0.6108602285385132,-0.1534627974033355,0.9999434947967528,0.557684063911438,0.4985144734382629,0.0950028374791145,0.1494491100311279,0.5582926869392395,0.5059632658958435,-0.1851034313440323,0.988483190536499,0.5594190955162048,0.4206827580928802,0.0535295978188514,0.3193292915821075,0.5434767603874207,0.41739621758461,-0.1851710677146911,0.9768494367599488,0.563532829284668,0.3959826231002807,0.0495323874056339,0.2904699742794037,0.5442355275154114,0.3894048631191253,-0.2074642330408096,0.9590320587158204,0.5558454394340515,0.3915344774723053,0.0319962613284587,0.2952553927898407,0.5398908853530884,0.3879537582397461,-0.2050345540046692,0.956915318965912,0.5545288920402527,0.4003039002418518,0.0439648628234863,0.272752434015274,0.5386887788772583,0.3970497548580169,-0.1831879317760467,0.9310466051101683,0.5537391304969788,0.4250457882881164,0.064930111169815,0.996509313583374,0.5557001829147339,0.4296673834323883,-0.0650219172239303,0.9971370100975036,0.5506693720817566,0.2821533381938934,0.0601870380342006,0.3073754608631134,0.5544346570968628,0.2831412255764007,-0.0616009421646595,0.7685326933860779,0.5457135438919067,0.1373703479766845,0.1005126312375068,0.3633791506290436,0.5477270483970642,0.1348420828580856,-0.0215553324669599,0.7990617752075195,0.5503155589103699,0.1151212304830551,0.1000637710094451,0.481870025396347,0.5537288188934326,0.11057148873806,-0.0211790781468153,0.7596315741539001,0.5273410081863403,0.1092455685138702,0.0478662736713886,0.5303027629852295,0.5286228060722351,0.1036523804068565,-0.0862424448132515,0.8258789777755737,hoyeon_stand_normal_01,15.811388,16.401219,15.0,12.806248,11.401754,8.602325,7.615773,7.0,7.28011,8.944272,10.29563,10.29563,11.661904,12.529964,13.038405,13.038405,13.601471,13.601471,14.21267,13.453624,13.453624,12.206556,13.0,13.341664,15.033296,18.0,9.219544,12.041595,15.132746,17.088007,18.35756,17.804494,17.029386,14.422205,12.083046,8.544004,5.385165,2.828427,3.0,4.472136,7.211103,8.062258,9.848858,10.77033,11.7047,11.401754,11.401754,10.77033,10.29563,10.0,12.041595,13.601471,13.345903,13.6456635,13.319316,12.8554415,13.040496,12.973186,12.554364,12.0235265,11.7932165,11.2462115,11.07411,11.6884495,12.0223,12.4126565,13.8815275,14.577747,14.480842,14.866228,14.622264,13.5,13.5,14.651413,16.070192,16.617691999999998,16.654103499999998,16.353222000000002,10.134407,10.6345965,9.942186,9.902247,9.746428,10.8259825,11.0730895,10.7944305,10.1178625,9.0207975,7.0,6.0226805,7.5842335,7.963874000000001,9.0475345,8.9932295,9.0687125,9.486833,9.014693,10.2601165,11.67433,12.751028,13.4544835,14.5370615,14.23377,13.9703625,14.21267,15.0,15.811388,15.811388,15.620499,14.866069,13.453624,12.041595,10.630146,8.485281,7.81025,5.830952,5.385165,5.09902,6.708204,9.433981,11.661904,14.422205,16.643317,18.867962,20.124612,20.615528,20.248457,18.973666,16.763055,13.601471,12.206556,13.601471,15.264338,16.124515,15.652476,14.764823,13.892444,11.661904,9.433981,7.81025,7.211103,5.385165,6.0,6.082763,7.071068,8.246211,9.486833,9.486833,10.440307,10.440307,10.440307,10.440307,10.77033,11.18034,11.661904,12.041595
hoyeon_stand_normal_01,1122,374,37.40204371584699,29.998360745314464,10,0.5312041640281677,0.6534810662269592,-0.0545360557734966,0.9991146326065063,0.5332998037338257,0.6664049029350281,-0.0460273139178752,0.9983923435211182,0.5339506268501282,0.666851282119751,-0.0460350401699543,0.998074233531952,0.5347329378128052,0.6674920916557312,-0.0460151024162769,0.9984251856803894,0.5339567065238953,0.667378306388855,-0.0697237253189086,0.998661458492279,0.5350493788719177,0.6683456897735596,-0.0697372928261756,0.9986536502838136,0.5362647771835327,0.6693556904792786,-0.0697953775525093,0.9988111853599548,0.5441585779190063,0.6667505502700806,0.002059175632894,0.9962806701660156,0.5451709628105164,0.667563796043396,-0.1054122596979141,0.9984455108642578,0.5352188348770142,0.6410344243049622,-0.0334784761071205,0.9987245798110962,0.5364923477172852,0.6427369713783264,-0.0647536441683769,0.999060034751892,0.5580223798751831,0.6026022434234619,0.0730962753295898,0.9991397857666016,0.5609654188156128,0.6108306050300598,-0.1540903449058532,0.9999434947967528,0.5575471520423889,0.4984626471996307,0.0954701229929924,0.1477307230234146,0.5586320161819458,0.5060112476348877,-0.1866151988506317,0.988449215888977,0.5595588088035583,0.4207684993743896,0.0530558861792087,0.3166532814502716,0.543847918510437,0.4174060821533203,-0.1873023957014084,0.9766541719436646,0.5637505650520325,0.3960008919239044,0.048933807760477,0.2886051535606384,0.5445767045021057,0.3894422650337219,-0.2100951820611953,0.9586561918258668,0.5560284852981567,0.3915375471115112,0.0312640964984893,0.293442815542221,0.5402623414993286,0.3879742622375488,-0.2075013667345047,0.9565020203590392,0.5546348094940186,0.4004012644290924,0.0433912836015224,0.2712291181087494,0.539059579372406,0.3970542848110199,-0.1852850317955017,0.9304790496826172,0.5536953806877136,0.4243991374969482,0.0657296031713485,0.9964962601661682,0.5557590126991272,0.4292579889297485,-0.0658143833279609,0.9971334338188172,0.5506349205970764,0.2819132804870605,0.0609006844460964,0.3040148615837097,0.5544191002845764,0.2830461859703064,-0.0622720792889595,0.7695392370223999,0.5458371043205261,0.1373886615037918,0.1016897037625312,0.3603310286998749,0.5477380752563477,0.134816288948059,-0.0221046134829521,0.7995504140853882,0.5504627823829651,0.1151410639286041,0.1012412384152412,0.4796839952468872,0.5534295439720154,0.1113455146551132,-0.0217900406569242,0.7600919604301453,0.527327835559845,0.1095512583851814,0.0488943010568618,0.5278244614601135,0.5284625887870789,0.1036501303315162,-0.0873076990246772,0.8262391686439514,hoyeon_stand_normal_01,15.811388,15.811388,14.866069,13.601471,11.401754,9.219544,8.0,7.28011,8.062258,9.219544,9.899495,10.630146,11.401754,12.206556,13.601471,14.422205,13.892444,14.764823,15.652476,15.231546,14.866069,13.341664,13.0,13.152946,13.928388,17.0,9.848858,13.152946,16.0,18.248288,19.313208,19.723083,17.691806,15.620499,12.529964,8.944272,5.385165,2.828427,2.236068,4.242641,6.403124,8.485281,10.630146,11.401754,11.661904,12.529964,11.661904,11.661904,10.630146,10.630146,11.18034,12.649111,18.384776,18.384776,17.888544,17.0,14.764823,13.892444,11.401754,9.219544,7.071068,5.385165,4.0,4.472136,5.830952,8.944272,11.7047,13.601471,16.763055,18.973666,21.18962,22.472205,23.769729,23.259407,22.36068,19.235384,17.492856,13.601471,7.81025,5.830952,3.605551,1.0,3.162278,6.082763,9.219544,11.401754,12.649111,13.0,13.416408,13.892444,13.038405,10.816654,10.0,8.602325,5.830952,3.605551,2.0,2.236068,5.09902,8.246211,11.401754,13.601471,15.811388,17.088007,15.620499,15.620499,13.601471,11.18034,10.440307,10.049876,11.0,12.041595,13.038405,15.033296,16.03122,17.0,18.11077,18.439089,18.973666,18.384776,17.888544,16.124515,13.601471,10.29563,7.28011,6.082763,7.071068,10.29563,12.529964,15.652476,8.944272,7.28011,7.0,7.615773,9.219544,12.041595,14.21267,15.620499,17.029386,19.104973,17.691806,17.029386,17.029386,15.811388,14.422205,13.038405,12.206556,11.401754,11.313708,12.041595,13.601471,14.422205,15.811388,17.492856,18.027756,18.027756
hoyeon_stand_normal_01,1125,375,37.502049180327866,29.998360745314464,10,0.5314974784851074,0.6534896492958069,-0.0551213361322879,0.9990811944007874,0.533606767654419,0.6663998961448669,-0.0466801896691322,0.9983296394348145,0.5342644453048706,0.6668452620506287,-0.0466884151101112,0.998000144958496,0.5350522398948669,0.6674853563308716,-0.0466689430177211,0.9983638525009156,0.5342671275138855,0.6673799157142639,-0.0704220458865165,0.9986101388931274,0.5353545546531677,0.6683486104011536,-0.0704376250505447,0.9986017942428588,0.5365539789199829,0.6693589091300964,-0.0704981386661529,0.9987669587135316,0.544379472732544,0.6667392253875732,0.0016192110488191,0.9961463809013368,0.5454169511795044,0.66756272315979,-0.1059665903449058,0.9984014630317688,0.535538911819458,0.6410402655601501,-0.033971793949604,0.9986867308616638,0.5368165373802185,0.6427503824234009,-0.0652534440159797,0.9990368485450744,0.558010995388031,0.6024966239929199,0.0731041878461837,0.9991217255592346,0.5611972212791443,0.6108204126358032,-0.1549180299043655,0.9999432563781738,0.5573224425315857,0.498465359210968,0.0954184979200363,0.1454092413187027,0.5594198107719421,0.5062272548675537,-0.1875447928905487,0.988404095172882,0.5590671896934509,0.4209738075733185,0.0512446165084838,0.3120429515838623,0.5444611310958862,0.4174409508705139,-0.1881444156169891,0.976388692855835,0.5639526844024658,0.3959659934043884,0.0467775017023086,0.2850051522254944,0.5451252460479736,0.3895372152328491,-0.2108546942472458,0.9581324458122252,0.5555837154388428,0.3915142118930816,0.0291261319071054,0.289881944656372,0.5407795310020447,0.3880477249622345,-0.2083784788846969,0.955931544303894,0.5540462136268616,0.400444358587265,0.0414812453091144,0.2682154178619385,0.5395960211753845,0.3971016108989715,-0.1861604899168014,0.9297358393669128,0.553394615650177,0.424215167760849,0.065998189151287,0.9964210391044616,0.5559161305427551,0.4291472434997558,-0.0660788044333458,0.9970980286598206,0.5504871606826782,0.2818680107593536,0.0610179416835308,0.2993825674057007,0.5544719099998474,0.2829469442367553,-0.0626322105526924,0.768261194229126,0.5458756685256958,0.1373918503522873,0.1018848195672035,0.3544991910457611,0.5479274392127991,0.1347908079624176,-0.0226937066763639,0.7972379326820374,0.5504634380340576,0.1152348294854164,0.1014356911182403,0.4746198952198028,0.5537086725234985,0.1119301691651344,-0.0224517248570919,0.7583068609237671,0.527289867401123,0.1100057661533355,0.0489827059209346,0.5220819115638733,0.5284279584884644,0.1036753356456756,-0.0885620191693306,0.8241364359855652,hoyeon_stand_normal_01,16.03122,16.03122,15.033296,14.035669,12.0,10.049876,8.544004,7.211103,7.071068,8.602325,9.433981,10.29563,11.18034,11.7047,12.649111,12.649111,13.601471,13.601471,14.317821,14.317821,14.142136,13.0,13.152946,13.0,15.264338,16.401219,10.29563,13.453624,16.401219,17.888544,19.924859,19.104973,18.027756,15.297059,12.649111,9.848858,5.385165,3.0,2.828427,5.385165,7.28011,9.486833,10.77033,12.083046,12.529964,13.038405,13.038405,12.529964,11.18034,11.401754,12.041595,13.038405,9.486833,9.0,10.440307,12.083046,13.038405,14.21267,15.556349,16.278821,17.691806,18.439089,19.104973,19.104973,19.104973,18.384776,18.384776,16.278821,16.278821,12.727922,10.0,8.544004,8.246211,10.0,14.142136,17.029386,20.518285,22.627417,13.892444,15.652476,18.384776,19.646883,20.223748,19.026298,17.029386,14.317821,10.440307,6.708204,3.605551,3.605551,6.403124,9.219544,11.401754,13.038405,15.264338,16.124515,17.464249,17.464249,17.464249,16.552945,15.231546,13.038405,10.630146,16.606261,18.248288,16.124515,14.035669,13.0,10.198039,10.77033,10.816654,12.206556,14.422205,15.811388,17.0,17.464249,18.027756,18.439089,19.235384,19.026298,18.027756,17.029386,14.035669,12.0,9.055385,7.211103,8.062258,10.440307,13.341664,15.297059,9.219544,7.615773,6.403124,7.615773,9.219544,11.045361,14.0,16.0,17.029386,18.11077,18.248288,17.464249,16.492423,14.56022,13.601471,13.0,12.649111,12.369317,12.165525,12.041595,14.0,15.0,17.0,18.0,19.026298,19.104973
hoyeon_stand_normal_01,1128,376,37.602054644808746,29.998360745314464,10,0.5318413972854614,0.6534765958786011,-0.0557010285556316,0.9990368485450744,0.5339486598968506,0.6663442254066467,-0.0473372191190719,0.9982417821884156,0.5345981121063232,0.6667808294296265,-0.0473457053303718,0.9978941082954408,0.5353690385818481,0.667413592338562,-0.0473263524472713,0.9982773661613464,0.5346661806106567,0.6673521399497986,-0.0710575580596923,0.9985396265983582,0.5357741117477417,0.6683285236358643,-0.0710746720433235,0.9985318183898926,0.5369824767112732,0.6693463325500488,-0.0711378827691078,0.9987074136734008,0.544628381729126,0.6666548252105713,0.0010902633657678,0.9959480166435242,0.5458152890205383,0.6675060391426086,-0.1063798666000366,0.9983325004577636,0.5358923077583313,0.6410187482833862,-0.0344950817525386,0.9986333250999452,0.5372328162193298,0.6427228450775146,-0.0657264441251754,0.9990023374557496,0.5580103993415833,0.6024386286735535,0.0729826912283897,0.9990963935852052,0.5615876913070679,0.6108288168907166,-0.1554412245750427,0.9999428391456604,0.5572138428688049,0.4984895586967468,0.0953769460320472,0.143387496471405,0.5601149797439575,0.5065382122993469,-0.1884705275297165,0.9883488416671752,0.5591878294944763,0.4211695492267608,0.0508071966469287,0.3082934617996216,0.5448426008224487,0.4175869822502136,-0.1899913400411605,0.976187229156494,0.564086377620697,0.3959402441978454,0.0462575815618038,0.2821036577224731,0.5454427599906921,0.3897700607776642,-0.2128110378980636,0.9577175974845886,0.5554524660110474,0.3915035128593445,0.0286172218620777,0.2870335876941681,0.5411567091941833,0.3882752060890198,-0.2104912400245666,0.9554702639579772,0.5539231896400452,0.4005107283592224,0.0410480871796608,0.2658144831657409,0.5400973558425903,0.3972938060760498,-0.1880736351013183,0.9291343092918396,0.5529400706291199,0.4239673614501953,0.0660419687628746,0.996325671672821,0.5560263991355896,0.4290274977684021,-0.0661203786730766,0.9970489740371704,0.5503357648849487,0.2817625701427459,0.0609917379915714,0.2947914898395538,0.5544910430908203,0.2828851342201233,-0.062636911869049,0.7661428451538086,0.5459766983985901,0.1374052613973617,0.1020708829164505,0.3485870957374573,0.5482112169265747,0.1347885727882385,-0.022674586623907,0.7944631576538086,0.550480842590332,0.115265242755413,0.1016510650515556,0.4697597026824951,0.5540708303451538,0.1122132241725921,-0.0224352516233921,0.7564075589179993,0.5272562503814697,0.1102745160460472,0.0491406098008155,0.5163416266441345,0.528408944606781,0.1037076786160469,-0.0887094214558601,0.8216527700424194,hoyeon_stand_normal_01,12.165525,12.0,12.165525,12.369317,13.601471,13.601471,13.601471,12.649111,11.7047,10.77033,9.848858,8.062258,7.81025,7.211103,7.615773,8.062258,10.0,11.18034,13.341664,15.524175,18.027756,20.248457,21.84033,22.803509,22.36068,21.213203,11.18034,9.486833,7.071068,4.0,1.0,2.828427,5.656854,9.219544,10.816654,12.083046,12.649111,12.165525,11.045361,10.0,9.0,7.0,6.082763,4.472136,5.656854,6.708204,8.544004,11.401754,12.649111,13.928388,13.928388,13.928388,17.117243,17.117243,16.03122,15.0,14.0,12.0,10.049876,8.062258,6.324555,4.472136,3.605551,4.0,5.385165,7.211103,9.899495,12.041595,14.866069,16.970563,19.104973,19.849433,20.615528,21.400935,20.0,18.027756,15.264338,12.529964,7.071068,5.09902,3.162278,1.0,3.605551,5.830952,8.602325,10.630146,11.313708,12.041595,12.806248,12.206556,10.816654,10.29563,8.944272,7.211103,5.830952,3.605551,2.236068,2.828427,5.385165,7.28011,10.198039,12.165525,14.142136,16.124515,15.620499,14.142136,12.727922,10.630146,8.944272,9.219544,10.049876,11.0,13.0,14.035669,15.132746,16.278821,16.763055,17.464249,18.35756,17.204651,17.029386,14.866069,12.727922,9.219544,6.708204,6.082763,7.211103,10.630146,13.601471,15.620499,9.219544,7.211103,6.082763,6.082763,8.062258,9.899495,12.727922,14.142136,15.556349,16.970563,17.029386,15.811388,15.811388,14.764823,13.416408,12.083046,11.18034,10.816654,10.0,11.401754,12.041595,13.453624,15.620499,17.029386,17.691806,17.691806
hoyeon_stand_normal_01,1131,377,37.70206010928962,29.998360745314464,10,0.5321317315101624,0.6534649133682251,-0.0556163415312767,0.9990211129188538,0.5342691540718079,0.6662837862968445,-0.0472350902855396,0.9982033371925354,0.5348932147026062,0.6667065024375916,-0.0472433753311634,0.9978471398353576,0.5356355905532837,0.6673246622085571,-0.0472238659858703,0.9982399940490724,0.5350937247276306,0.6673016548156738,-0.0709374397993087,0.9985100626945496,0.5362359881401062,0.6682702302932739,-0.0709538087248802,0.998503804206848,0.5374688506126404,0.6692843437194824,-0.0710159242153167,0.9986848831176758,0.5448110103607178,0.6664513945579529,0.0011338422773405,0.9958564043045044,0.5462116599082947,0.6673214435577393,-0.1063262969255447,0.9983080625534058,0.5361118316650391,0.6409549117088318,-0.0344642512500286,0.9986160397529602,0.5375187397003174,0.6426147222518921,-0.0656761154532432,0.9989932179450988,0.5578900575637817,0.6022428274154663,0.0734268724918365,0.9990850687026978,0.5618129968643188,0.6108146905899048,-0.1553394049406051,0.99994295835495,0.5570620894432068,0.4984951913356781,0.0966825187206268,0.142180323600769,0.5604623556137085,0.506888747215271,-0.1883604973554611,0.9883207082748412,0.5588058829307556,0.4213775098323822,0.0513170324265956,0.306565523147583,0.5451428294181824,0.4176683723926544,-0.1906098276376724,0.9761418104171752,0.5631303191184998,0.3958927989006042,0.0465876013040542,0.2810827493667602,0.5457122325897217,0.3898375630378723,-0.2135760933160781,0.9576042294502258,0.5552167892456055,0.3914715945720672,0.0287630837410688,0.2860624194145202,0.5413723587989807,0.3883557021617889,-0.2114088386297226,0.9553182125091552,0.5536786317825317,0.4005582332611084,0.0414685197174549,0.2651373147964477,0.5403543710708618,0.3973791897296905,-0.1887533813714981,0.9289822578430176,0.5528049468994141,0.4236132204532623,0.0661526620388031,0.9962894320487976,0.5561087727546692,0.4288182854652405,-0.0662281811237335,0.9970387816429138,0.5502302050590515,0.2817335426807403,0.0609948560595512,0.2913145422935486,0.5544852018356323,0.2828441560268402,-0.0628738775849342,0.766680896282196,0.5459918975830078,0.137466549873352,0.1020134463906288,0.3445441424846649,0.5482124090194702,0.1347891837358474,-0.0234592538326978,0.7937624454498291,0.5505313277244568,0.1152943894267082,0.1015980690717697,0.4660294353961944,0.5543091893196106,0.10972411185503,-0.0233183819800615,0.755958080291748,0.5268105268478394,0.1113726496696472,0.049130517989397,0.513192892074585,0.5283626317977905,0.1039271429181099,-0.0895460844039917,0.8210341930389404,hoyeon_stand_normal_01,15.033296,15.0,15.0,13.0,11.045361,9.055385,8.544004,8.062258,8.485281,8.602325,9.433981,10.29563,11.18034,12.083046,13.0,13.0,13.601471,14.56022,14.56022,14.317821,14.142136,14.035669,13.152946,12.649111,14.764823,17.204651,8.602325,12.041595,15.264338,17.088007,18.248288,18.0,16.278821,13.928388,11.18034,8.602325,5.0,2.236068,2.236068,4.123106,6.324555,8.544004,9.848858,11.18034,12.206556,12.206556,11.401754,10.816654,10.29563,10.440307,11.18034,13.0,10.77033,10.049876,10.198039,11.18034,12.206556,14.142136,15.620499,16.401219,18.601075,18.601075,20.0,20.0,19.849433,19.849433,19.104973,17.691806,16.278821,13.453624,10.0,7.28011,6.324555,8.602325,12.529964,16.552945,20.124612,22.825424,13.038405,15.652476,17.464249,18.973666,19.416488,18.027756,16.0,13.152946,9.219544,5.385165,2.236068,1.414214,5.0,7.81025,9.899495,13.453624,15.0,17.204651,18.027756,18.867962,19.723083,19.723083,18.35756,16.643317,15.0,12.727922,15.8815275,15.7776975,15.3154285,14.556216,13.147815,12.4497475,12.0178345,12.3501545,11.855152,12.4073495,11.936823,11.7361435,11.5384855,12.4211065,12.906089,13.486014,14.985795,14.579967,15.2321245,14.779312,13.6678575,13.4629875,13.6597625,14.2249665,14.7006095,14.2652455,11.2305775,11.0640355,11.254081,11.7817455,12.4333865,13.606571,13.601471,13.606571,12.9912995,13.2506735,12.2676585,11.5468145,10.8906845,10.701562,11.031129,11.7169905,10.737787999999998,11.4291245,10.998497,12.0156105,12.4278335,13.2639865,14.1074245,14.7736475,15.3384335,15.2751505
hoyeon_stand_normal_01,1134,378,37.80206557377049,29.998360745314464,10,0.5323203206062317,0.6534290909767151,-0.0556690134108066,0.9989802241325378,0.5344575047492981,0.666239321231842,-0.0473472326993942,0.9981184005737304,0.5350871682167053,0.6666576862335205,-0.0473557859659194,0.9977453351020812,0.5358344912528992,0.66727215051651,-0.0473368316888809,0.998158872127533,0.5353004932403564,0.6672742366790771,-0.0710386782884597,0.9984434247016908,0.5364511013031006,0.6682467460632324,-0.0710553303360939,0.99843829870224,0.5376896262168884,0.6692639589309692,-0.0711187198758125,0.9986303448677064,0.5450371503829956,0.6663925051689148,0.0009149788529612,0.9956620335578918,0.5464537143707275,0.667280912399292,-0.1064551249146461,0.998239815235138,0.5363037586212158,0.6408695578575134,-0.0345322601497173,0.9985669255256652,0.5377373099327087,0.6424925327301025,-0.0657199397683143,0.9989617466926576,0.5578723549842834,0.6021896004676819,0.0732357427477836,0.9990661144256592,0.5620684027671814,0.6107784509658813,-0.1553713977336883,0.9999426007270812,0.5569127798080444,0.49848672747612,0.0966602116823196,0.1400731950998306,0.5606260895729065,0.5069005489349365,-0.1882659643888473,0.9881716966629028,0.5584298372268677,0.4215004742145538,0.0514311268925666,0.3027932345867157,0.5453175902366638,0.4176609516143799,-0.1904735565185547,0.9758251905441284,0.5622541308403015,0.3958238661289215,0.0467843636870384,0.2782875597476959,0.5459280014038086,0.3898392021656036,-0.2133300304412841,0.9570958614349364,0.5548107624053955,0.3913979530334472,0.0290017127990722,0.2833074331283569,0.5415136814117432,0.3883592486381531,-0.2111834734678268,0.9547624588012696,0.5532420873641968,0.4005727171897888,0.0416186973452568,0.2628109753131866,0.5405019521713257,0.3973887264728546,-0.1886285096406936,0.9282472729682922,0.5527369379997253,0.4233642518520355,0.0661392137408256,0.9962190985679626,0.5561415553092957,0.4286573827266693,-0.066215269267559,0.9969998002052308,0.5501708984375,0.2816581130027771,0.0609623789787292,0.2868917882442474,0.5544752478599548,0.2826944291591644,-0.0628570765256881,0.7650542259216309,0.5459902286529541,0.1374873667955398,0.1015940755605697,0.3397007584571838,0.5481873750686646,0.1347827613353729,-0.0235066879540681,0.7914309501647949,0.5505303740501404,0.1152979806065559,0.1011240035295486,0.461284339427948,0.5543512105941772,0.1075097024440765,-0.0233828462660312,0.7545610666275024,0.5265793204307556,0.112061358988285,0.0489593036472797,0.5090745687484741,0.5283586978912354,0.1040889099240303,-0.0894947052001953,0.8191485404968262,hoyeon_stand_normal_01,12.206556,12.529964,12.649111,12.369317,13.152946,13.152946,13.152946,12.165525,12.165525,10.049876,9.055385,8.0,7.071068,6.708204,6.403124,7.81025,8.944272,10.77033,12.369317,15.297059,17.262677,19.235384,21.377558,21.84033,22.135944,20.615528,10.77033,9.219544,7.071068,4.0,1.414214,3.162278,6.708204,9.848858,11.401754,13.152946,13.038405,13.038405,12.165525,11.401754,9.486833,8.246211,7.071068,6.082763,6.324555,7.81025,9.219544,11.313708,13.453624,13.453624,14.866069,14.142136,10.440307,10.816654,11.313708,12.206556,13.416408,14.866069,16.492423,17.262677,18.248288,19.235384,19.235384,20.223748,20.396078,20.396078,19.416488,17.464249,16.278821,14.317821,11.045361,8.246211,7.071068,9.486833,13.038405,16.0,20.0,22.022716,12.529964,15.264338,17.029386,18.384776,18.601075,17.492856,15.652476,12.649111,9.219544,6.0,2.236068,2.236068,5.0,7.071068,10.198039,12.369317,13.928388,16.155494,17.888544,18.35756,18.35756,18.35756,17.492856,16.124515,14.317821,12.369317,16.278821,15.297059,13.341664,10.77033,10.816654,9.899495,10.0,12.206556,13.038405,15.0,15.620499,16.970563,17.691806,18.601075,18.35756,17.888544,18.027756,15.811388,13.601471,10.440307,8.062258,6.708204,8.0,11.18034,13.601471,16.492423,8.544004,7.211103,5.656854,6.082763,8.062258,10.440307,12.649111,14.56022,16.492423,17.262677,17.262677,16.124515,15.033296,14.0,13.038405,12.0,12.0,11.0,11.045361,11.18034,12.369317,14.56022,15.811388,16.763055,18.681542,18.439089
hoyeon_stand_normal_01,1137,379,37.90207103825136,29.998360745314464,10,0.532486617565155,0.6534282565116882,-0.0559366792440414,0.9989256262779236,0.5346720814704895,0.6662379503250122,-0.0476637221872806,0.9980157613754272,0.5353243947029114,0.6666576266288757,-0.0476729460060596,0.9976242184638976,0.5360901951789856,0.6672733426094055,-0.0476547256112098,0.9980626702308656,0.5354966521263123,0.6672760248184204,-0.0713537856936454,0.9983607530593872,0.5366417169570923,0.6682507395744324,-0.0713705196976661,0.998357355594635,0.5378785729408264,0.6692683100700378,-0.0714357867836952,0.998561680316925,0.5453521013259888,0.6663914918899536,0.0003379066765774,0.9954385757446288,0.5466870069503784,0.6672808527946472,-0.1069606691598892,0.9981562495231628,0.5365070700645447,0.6408525109291077,-0.0348707996308803,0.9985055327415466,0.5379300713539124,0.6424591541290283,-0.0660381764173507,0.9989180564880372,0.5579079389572144,0.6021933555603027,0.0728783532977104,0.999046266078949,0.5621863007545471,0.6107537746429443,-0.1560691893100738,0.9999421238899232,0.5569114685058594,0.498495489358902,0.096514992415905,0.1380056142807006,0.5605964064598083,0.506912112236023,-0.1887294650077819,0.9880624413490297,0.5585125684738159,0.4217947423458099,0.0514882430434227,0.2993059754371643,0.5453386306762695,0.4176517128944397,-0.1911466270685196,0.9755997061729432,0.5624446272850037,0.3958418667316437,0.0469483733177185,0.2758109271526336,0.5459893941879272,0.389840304851532,-0.2139924615621566,0.956748366355896,0.5549048781394958,0.3914020955562591,0.0292110610753297,0.2807871103286743,0.5415791869163513,0.3883607387542724,-0.2118114680051803,0.9543697237968444,0.5533735752105713,0.4008594751358032,0.0417190864682197,0.2606688737869262,0.5405274033546448,0.3973965644836426,-0.1892939507961273,0.927716851234436,0.5527421832084656,0.4233619272708893,0.0662445276975631,0.9961237907409668,0.55617755651474,0.4286577999591827,-0.0663210600614547,0.9969422817230223,0.5501673817634583,0.281772643327713,0.0610693767666816,0.281833291053772,0.5544736385345459,0.2827070653438568,-0.0629217401146888,0.763016402721405,0.546038806438446,0.1375601887702942,0.1015679761767387,0.3341250419616699,0.5481802821159363,0.1347628682851791,-0.0240867845714092,0.7884474992752075,0.5505483746528625,0.1153539270162582,0.1011039242148399,0.4559361338615417,0.554385244846344,0.1060971319675445,-0.0240281093865633,0.7528046369552612,0.5264057517051697,0.1129520982503891,0.0490394718945026,0.5040249228477478,0.5283017754554749,0.104346752166748,-0.0899755582213401,0.8164762258529663,hoyeon_stand_normal_01,18.439089,18.439089,16.970563,15.556349,12.727922,10.630146,9.433981,8.246211,8.0,9.219544,10.440307,11.401754,12.649111,13.601471,13.928388,14.866069,15.231546,16.155494,16.155494,15.652476,14.764823,13.601471,12.727922,13.038405,14.866069,18.681542,9.848858,13.341664,17.029386,19.104973,19.924859,19.235384,18.601075,15.556349,12.806248,10.0,6.403124,4.472136,4.123106,5.830952,7.211103,9.433981,11.18034,12.083046,12.649111,13.601471,12.649111,12.649111,12.529964,12.206556,14.142136,15.620499,18.439089,18.439089,17.691806,16.970563,14.866069,13.453624,12.206556,10.0,8.062258,6.324555,5.0,4.472136,5.0,7.28011,9.055385,12.041595,14.035669,17.029386,19.026298,20.099751,21.213203,21.213203,19.416488,18.681542,15.811388,13.0,7.071068,5.0,3.605551,1.0,2.236068,5.385165,7.071068,9.055385,11.0,11.0,11.18034,11.18034,10.198039,9.486833,7.28011,6.324555,4.123106,3.0,2.236068,3.162278,5.830952,8.602325,11.401754,13.601471,15.811388,17.204651,13.416408,15.231546,16.155494,15.652476,15.231546,15.652476,13.892444,12.206556,10.816654,8.602325,7.211103,5.385165,5.09902,5.385165,6.403124,8.485281,11.313708,14.142136,16.970563,18.439089,20.0,20.808652,20.248457,18.867962,16.124515,13.416408,13.601471,15.0,16.401219,17.029386,17.691806,16.278821,14.866069,12.727922,10.630146,8.602325,6.708204,6.082763,6.082763,6.324555,7.615773,8.062258,8.944272,10.29563,10.29563,11.18034,11.18034,11.661904,11.661904,12.041595,11.313708,11.401754
hoyeon_stand_normal_01,1140,380,38.00207650273224,29.998360745314464,10,0.5326347351074219,0.6534230709075928,-0.0595437064766883,0.9988558888435364,0.5348197817802429,0.6662387251853943,-0.051434751600027,0.9978816509246826,0.5354745388031006,0.6666620373725891,-0.0514439158141613,0.9974661469459534,0.5362394452095032,0.6672815680503845,-0.051425140351057,0.9979307651519777,0.5356542468070984,0.6672837138175964,-0.0750834643840789,0.9982566237449646,0.5367982983589172,0.6682668924331665,-0.0751031413674354,0.9982580542564392,0.5380386114120483,0.6692909002304077,-0.0751724913716316,0.998475968837738,0.5456731915473938,0.6664352416992188,-0.0034555636812001,0.9951459765434264,0.5469604730606079,0.6673399806022644,-0.1104917451739311,0.9980584979057312,0.5366840362548828,0.6408441066741943,-0.0384353026747703,0.9984301924705504,0.5381215810775757,0.6424405574798584,-0.0695199072360992,0.9988682866096495,0.5579083561897278,0.6022002696990967,0.069925270974636,0.9990196824073792,0.5624682307243347,0.6107350587844849,-0.1591064631938934,0.9999417066574096,0.5568999648094177,0.4984995424747467,0.093845821917057,0.1357540786266327,0.5605965256690979,0.5069363117218018,-0.191603347659111,0.987998068332672,0.5585539937019348,0.4221090972423553,0.0491100549697876,0.2947933971881866,0.5453547835350037,0.4176523983478546,-0.1939614415168762,0.9754077196121216,0.5624972581863403,0.3958426415920257,0.044821660965681,0.2724661827087402,0.5459861159324646,0.3898397088050842,-0.2168512344360351,0.956446886062622,0.5549383163452148,0.3914082646369934,0.0271981712430715,0.2774222791194916,0.5415850281715393,0.3883691430091858,-0.214909166097641,0.954038381576538,0.5534444451332092,0.4011907577514648,0.0394162908196449,0.2577880024909973,0.5405542850494385,0.3974069356918335,-0.1922197639942169,0.92730051279068,0.5527065396308899,0.4233050644397735,0.0663425251841545,0.9960471987724304,0.5563420653343201,0.4286228120326996,-0.0664182379841804,0.996899962425232,0.5501422882080078,0.2817652821540832,0.0612845160067081,0.2780680358409881,0.5544732809066772,0.282679945230484,-0.0628811419010162,0.7623838782310486,0.5460424423217773,0.1375645399093628,0.1019572466611862,0.3305290639400482,0.5481780171394348,0.1346972584724426,-0.0240237955003976,0.7873416543006897,0.5505775213241577,0.1153774037957191,0.1015177145600318,0.4533842802047729,0.5544909834861755,0.1053657829761505,-0.0240136384963989,0.7528107762336731,0.5262797474861145,0.1129525825381279,0.0495257228612899,0.5010372996330261,0.5281625986099243,0.1043543145060539,-0.0898630619049072,0.8153321146965027,hoyeon_stand_normal_01,15.901498,16.0451045,15.211209,13.691006,11.509204,9.353188500000002,8.062258,7.071068,7.3078865,7.728657,9.044579,9.829925500000002,11.01595,11.9814095,12.345353,12.863961,14.1598465,14.1598465,14.722108,14.2652455,13.2274065,12.7841845,11.8731475,11.6259585,13.4833965,16.030057,9.081908,12.5877825,15.342886,17.418644,17.9154075,17.95815,16.952997,14.866069,12.062320499999998,9.433981,5.830952,3.8643285,3.8027755,4.736068,7.211103,8.3322915,9.924429,11.042019,11.8731475,11.8731475,11.7216745,11.042019,11.291047,11.109204,12.405484,13.9070705,17.888544,17.888544,17.464249,16.155494,14.866069,13.601471,11.401754,10.198039,8.062258,6.0,4.123106,3.605551,4.123106,6.082763,8.544004,10.77033,14.317821,16.155494,18.384776,19.313208,20.248457,19.924859,19.646883,17.464249,15.132746,12.041595,6.708204,4.472136,3.605551,1.0,2.236068,5.0,7.211103,9.433981,9.848858,10.77033,11.401754,11.401754,10.198039,9.219544,8.062258,6.082763,4.123106,2.236068,2.236068,3.605551,5.0,7.211103,10.816654,13.038405,14.764823,16.124515,14.764823,16.643317,16.643317,17.492856,16.643317,16.124515,14.764823,13.0,12.083046,9.848858,8.944272,7.211103,5.656854,5.385165,7.071068,10.0,12.165525,15.132746,17.117243,19.104973,21.095023,21.023796,21.0,19.026298,17.117243,14.142136,13.0,14.866069,16.155494,16.763055,16.492423,15.524175,14.317821,12.369317,10.440307,8.062258,6.403124,6.403124,6.324555,7.071068,8.062258,10.0,10.0,11.0,11.0,12.0,12.041595,12.0,13.0,13.152946,13.341664,12.649111
hoyeon_stand_normal_01,1143,381,38.10208196721312,29.998360745314464,10,0.5328071713447571,0.6534611582756042,-0.0608641542494297,0.9988062977790833,0.5350202322006226,0.6663256287574768,-0.0529135838150978,0.9977846145629884,0.5356845259666443,0.666772723197937,-0.0529230721294879,0.9973503351211548,0.536457359790802,0.6674071550369263,-0.0529039725661277,0.9978315830230712,0.5358619689941406,0.6673719882965088,-0.0764554813504219,0.9981818199157716,0.5370067954063416,0.6683652997016907,-0.0764770209789276,0.998185694217682,0.5382542014122009,0.6693878173828125,-0.0765470936894416,0.998415470123291,0.5459769368171692,0.6665852665901184,-0.0051463479176163,0.9949385523796082,0.5472113490104675,0.6675289869308472,-0.1116867437958717,0.997996985912323,0.5368965864181519,0.6408764719963074,-0.0397982858121395,0.998382329940796,0.5383379459381104,0.6424665451049805,-0.0707341879606247,0.9988400936126708,0.5577965378761292,0.6021614074707031,0.0678678974509239,0.9990027546882628,0.5627156496047974,0.610619843006134,-0.1595925837755203,0.9999414682388306,0.5567987561225891,0.4984760880470276,0.0914946570992469,0.1340311914682388,0.5605805516242981,0.5069080591201782,-0.1913492083549499,0.9879487752914428,0.5582969784736633,0.422242522239685,0.046246375888586,0.2916463315486908,0.5453523397445679,0.4176458418369293,-0.1936173439025879,0.9753172993659972,0.5618309378623962,0.3958143591880798,0.0416590347886085,0.270311951637268,0.5459677577018738,0.3897936642169952,-0.2167419642210006,0.956298291683197,0.5545925498008728,0.3913871347904205,0.024240268394351,0.275318831205368,0.541579008102417,0.3883549571037292,-0.2143376171588897,0.9538780450820924,0.5531883835792542,0.4013093411922455,0.0366046614944934,0.2560301125049591,0.5405395030975342,0.3974037766456604,-0.1917571574449539,0.9272148609161376,0.5524415969848633,0.4231525659561157,0.0661842077970504,0.9960012435913086,0.5564619302749634,0.4283957779407501,-0.0662566497921943,0.996880054473877,0.5500879287719727,0.2815054059028625,0.0612746626138687,0.2749908566474914,0.5544875860214233,0.2823987901210785,-0.0625030025839805,0.7605064511299133,0.5460433959960938,0.1374730169773101,0.1018079295754432,0.327366441488266,0.5481786131858826,0.1344040930271148,-0.0232395250350236,0.7851194739341736,0.55061936378479,0.1152401566505432,0.1013442501425743,0.4506115913391113,0.5545399188995361,0.1045901924371719,-0.0232245717197656,0.7516316771507263,0.526293158531189,0.1129168272018432,0.0494412034749984,0.4986630976200104,0.5281105041503906,0.1043538451194763,-0.0891133472323417,0.81368088722229,hoyeon_stand_normal_01,16.278821,16.278821,15.556349,14.142136,12.727922,9.219544,8.062258,7.28011,8.0,8.246211,9.486833,10.440307,11.7047,11.7047,13.0,13.928388,14.317821,15.231546,14.764823,14.764823,14.422205,12.806248,12.041595,12.529964,14.56022,17.262677,9.486833,13.152946,16.03122,17.464249,18.384776,18.867962,17.029386,15.620499,12.206556,8.944272,6.708204,4.242641,3.0,4.472136,6.708204,8.944272,9.848858,11.7047,12.369317,12.369317,12.369317,11.401754,10.77033,11.661904,12.041595,13.453624,17.804494,17.029386,16.278821,15.556349,14.142136,12.727922,10.630146,8.602325,7.211103,5.385165,4.0,3.605551,4.472136,6.082763,9.0,11.045361,14.035669,16.0,18.0,20.0,21.023796,21.023796,20.099751,18.248288,15.297059,12.369317,7.071068,5.0,2.828427,3.162278,5.09902,8.062258,10.049876,11.0,12.0,12.041595,12.165525,11.18034,10.198039,8.246211,7.28011,5.09902,4.0,2.236068,3.0,5.385165,8.062258,10.816654,13.038405,14.422205,15.811388,15.1710055,15.620499,13.453624,12.727922,10.630146,9.433981,9.486833,10.049876,11.045361,12.041595,13.038405,14.142136,15.297059,15.811388,16.552945,16.643317,16.401219,16.278821,14.142136,12.041595,9.219544,6.708204,6.0,7.211103,9.899495,12.727922,14.866069,9.219544,7.211103,5.09902,6.324555,7.211103,9.899495,12.041595,13.453624,15.556349,16.278821,15.620499,15.811388,15.0,13.892444,13.416408,11.18034,11.18034,10.29563,9.433981,10.630146,11.313708,12.727922,14.142136,15.620499,16.278821,16.278821
hoyeon_stand_normal_01,1146,382,38.20208743169399,29.998360745314464,10,0.533037543296814,0.6535207033157349,-0.0602509900927543,0.9987578988075256,0.535286545753479,0.6664031744003296,-0.0522293671965599,0.9976907968521118,0.5359557271003723,0.6668654680252075,-0.0522388182580471,0.9972367882728576,0.536727249622345,0.6675061583518982,-0.052219733595848,0.9977367520332336,0.5361337661743164,0.667438805103302,-0.0757975056767463,0.9981077313423156,0.537277340888977,0.668429434299469,-0.0758179202675819,0.99811053276062,0.5385285019874573,0.6694421768188477,-0.0758867338299751,0.9983516931533812,0.5462051033973694,0.666669487953186,-0.0044456655159592,0.9947335720062256,0.5474292039871216,0.6676368117332458,-0.1111255809664726,0.997927725315094,0.5371840000152588,0.6409408450126648,-0.0391929745674133,0.99832946062088,0.5386112332344055,0.642518937587738,-0.0701699778437614,0.9988057017326356,0.5577507019042969,0.6021518707275391,0.0682741627097129,0.9989936947822572,0.5628127455711365,0.6106025576591492,-0.1592140048742294,0.9999410510063172,0.5567218065261841,0.49848073720932,0.0917832106351852,0.1329970806837082,0.5605678558349609,0.5070086717605591,-0.1911432743072509,0.9878965020179749,0.5582128167152405,0.4223729372024536,0.046795580536127,0.2909265756607055,0.5453490018844604,0.4176473915576935,-0.1931486278772354,0.9753549098968506,0.561653733253479,0.3958137631416321,0.0422805175185203,0.2700898945331573,0.5459626317024231,0.3897871971130371,-0.2159878462553024,0.95636647939682,0.5545227527618408,0.3913861811161041,0.0248012449592351,0.2751550674438476,0.5415723323822021,0.3883559107780456,-0.213940754532814,0.9539571404457092,0.5531567335128784,0.4013979136943817,0.0371544994413852,0.2559451162815094,0.5405234098434448,0.3974054753780365,-0.1913569271564483,0.9274407625198364,0.5520896911621094,0.4231454730033874,0.0661119371652603,0.9959466457366944,0.5564907789230347,0.428350567817688,-0.0661853775382042,0.9968517422676086,0.5500763654708862,0.2814725041389465,0.0612588413059711,0.2728056311607361,0.5545133352279663,0.2823438644409179,-0.0625075921416282,0.758008599281311,0.5459430813789368,0.137472316622734,0.1017848998308181,0.3237674236297607,0.5479590892791748,0.1343443393707275,-0.0232111029326915,0.7822893857955933,0.5504258871078491,0.1152254939079284,0.1013224646449089,0.4469429850578308,0.5544812083244324,0.1045731231570243,-0.0231633111834526,0.7496474385261536,0.526197612285614,0.1128909438848495,0.0494003482162952,0.4950824677944183,0.5281068682670593,0.1043158024549484,-0.0889686346054077,0.8114660978317261,hoyeon_stand_normal_01,17.691806,17.029386,17.492856,18.788294,19.697716,19.313208,19.313208,17.464249,16.155494,13.928388,12.649111,11.18034,10.0,10.440307,10.29563,12.806248,14.21267,17.204651,20.59126,23.706539,26.832816,30.413813,33.12099,34.669872,34.409301,31.890437,17.262677,15.033296,12.041595,8.062258,4.123106,4.0,9.219544,12.165525,16.03122,18.027756,19.416488,19.924859,18.384776,17.0,15.264338,12.206556,10.29563,8.246211,8.0,9.848858,13.038405,15.811388,18.601075,19.416488,20.808652,20.248457,17.464249,17.720045,17.088007,16.155494,15.231546,13.416408,11.18034,9.433981,7.211103,5.656854,4.472136,3.162278,4.242641,5.830952,8.944272,11.7047,14.56022,17.088007,18.973666,19.313208,20.615528,21.023796,19.235384,17.492856,15.264338,12.206556,6.324555,5.09902,3.0,3.0,5.09902,8.246211,9.486833,10.77033,12.083046,11.661904,11.401754,10.816654,10.0,7.81025,6.403124,5.0,3.162278,2.0,3.162278,6.0,8.062258,10.198039,13.152946,15.297059,16.278821,14.217496,13.416408,14.317821,14.317821,15.231546,14.764823,14.317821,13.038405,12.206556,10.0,9.219544,7.211103,5.830952,4.123106,4.123106,5.830952,7.81025,9.899495,12.727922,14.866069,17.029386,17.804494,18.601075,18.027756,16.643317,14.764823,12.083046,13.416408,15.264338,15.811388,17.204651,16.401219,15.620499,14.866069,12.806248,10.816654,8.944272,7.28011,6.082763,6.082763,6.324555,7.615773,8.062258,9.433981,10.29563,11.18034,11.18034,11.18034,11.661904,11.661904,11.401754,11.313708,12.206556
hoyeon_stand_normal_01,1149,383,38.30209289617486,29.998360745314464,10,0.5332921743392944,0.6535974144935608,-0.0599670447409153,0.9987286925315856,0.5355386137962341,0.6664741635322571,-0.0519161149859428,0.9976276755332948,0.5361994504928589,0.6669458746910095,-0.051925640553236,0.9971615672111512,0.5369589924812317,0.6675882339477539,-0.0519064031541347,0.997674524784088,0.5364211797714233,0.6674925088882446,-0.075504295527935,0.9980588555336,0.5375801920890808,0.6684741377830505,-0.0755243748426437,0.9980626106262208,0.5388562083244324,0.6694744825363159,-0.0755928680300712,0.9983102083206176,0.5463635921478271,0.6667549014091492,-0.0040836874395608,0.994592010974884,0.5476910471916199,0.6677148938179016,-0.1108512431383133,0.9978822469711304,0.5375012159347534,0.6410329937934875,-0.0388973541557788,0.9982991814613342,0.5389217734336853,0.6426007151603699,-0.0698984637856483,0.9987859725952148,0.5576847791671753,0.6021373867988586,0.0685771778225898,0.998985767364502,0.5628594756126404,0.6105943322181702,-0.159196674823761,0.9999409317970276,0.5566130876541138,0.4984628856182098,0.091973029077053,0.1321266293525695,0.5605572462081909,0.507030725479126,-0.1911161690950393,0.9878843426704408,0.5580233335494995,0.4223855435848236,0.0471964552998542,0.290213406085968,0.5453178286552429,0.417661190032959,-0.1930748969316482,0.9754149317741394,0.5613296031951904,0.3957953751087188,0.042725320905447,0.2698440551757812,0.5459255576133728,0.3897876739501953,-0.2158856689929962,0.9564787745475768,0.5543314814567566,0.3913678824901581,0.0251933448016643,0.2749582827091217,0.5415233373641968,0.3883687555789947,-0.2140497267246246,0.954067885875702,0.552970290184021,0.4014171957969665,0.0375408343970775,0.2559151649475097,0.5404415726661682,0.397415816783905,-0.1913543790578842,0.9276872277259828,0.5518590807914734,0.4230412542819977,0.0661860480904579,0.9959145188331604,0.5565083026885986,0.4281483292579651,-0.0662604197859764,0.9968347549438475,0.550059974193573,0.2813687324523926,0.061395313590765,0.2707136571407318,0.5545394420623779,0.2821976840496063,-0.0625705644488334,0.7582497596740723,0.5459005832672119,0.1374990344047546,0.1019071266055107,0.3211304247379303,0.5479211211204529,0.1343093663454055,-0.0232489239424467,0.7816641330718994,0.5503147840499878,0.1152362003922462,0.1014486253261566,0.4446021616458893,0.5544816255569458,0.1045255362987518,-0.0231824479997158,0.7495209574699402,0.5259074568748474,0.1131002008914947,0.0495867244899272,0.4930300712585449,0.5280705094337463,0.1043304055929184,-0.0890171155333519,0.8110452890396118,hoyeon_stand_normal_01,16.552945,17.0,16.124515,14.764823,12.529964,10.77033,9.219544,8.0,8.246211,9.486833,9.848858,11.18034,11.18034,12.529964,13.038405,13.038405,13.601471,14.21267,14.866069,14.142136,13.453624,13.601471,12.529964,12.649111,14.035669,16.03122,10.816654,14.317821,16.492423,19.026298,19.104973,18.681542,17.464249,15.264338,12.206556,9.219544,5.830952,4.123106,4.472136,6.403124,7.81025,9.899495,12.041595,12.806248,13.038405,13.892444,13.038405,13.038405,12.041595,12.041595,13.038405,14.764823,13.202272,13.0950535,12.6394105,13.030403,12.696504999999998,12.206556,12.514662,12.2503105,12.1253365,11.395413,11.253941,11.3137085,11.8849705,13.223517,13.845903,15.0338955,14.9496825,15.377839,15.327565,14.3078865,14.011358,14.580895,15.9558385,17.0001035,17.3181905,16.5323735,9.3078865,9.1925825,9.865033,9.2321245,10.3600225,10.8259825,11.663298,11.428062,10.472428,9.201562,7.6019365,6.727904499999999,7.3929455,8.3005815,8.154234500000001,9.230225,9.0829045,8.964193999999999,8.8801215,9.2462115,10.4822795,11.3409725,12.3718595,13.3009075,13.4308905,13.2639865,13.601471,14.866069,15.811388,15.811388,15.811388,15.524175,14.317821,13.152946,11.045361,9.055385,7.071068,6.082763,4.472136,5.0,5.385165,8.062258,11.045361,13.0,15.033296,17.029386,18.11077,19.235384,18.439089,17.720045,14.866069,12.649111,13.341664,14.317821,16.278821,16.124515,17.117243,16.124515,15.132746,12.041595,11.18034,9.219544,8.062258,6.403124,6.403124,6.708204,7.28011,9.219544,9.219544,10.440307,11.401754,11.7047,11.7047,11.401754,12.369317,12.165525,12.0,12.041595
hoyeon_stand_normal_01,1152,384,38.402098360655735,29.998360745314464,10,0.5334365367889404,0.6536647081375122,-0.0601820908486843,0.9986945390701294,0.5356600880622864,0.6665433645248413,-0.0521368198096752,0.9975575804710388,0.5363140106201172,0.6670278310775757,-0.0521467700600624,0.9970803260803224,0.537067174911499,0.6676778793334961,-0.0521275326609611,0.9976060390472412,0.5365657806396484,0.6675435304641724,-0.0757687538862228,0.9980039000511168,0.5377323627471924,0.6685174703598022,-0.0757893770933151,0.9980090260505676,0.5390225052833557,0.6695072650909424,-0.0758586376905441,0.9982624053955078,0.5464741587638855,0.6668896079063416,-0.0042673195712268,0.9944339990615844,0.5478734374046326,0.6678128838539124,-0.1112150102853775,0.9978302717208862,0.5376899838447571,0.6411095261573792,-0.0390850789844989,0.9982604384422302,0.5391132831573486,0.6426658034324646,-0.0701358243823051,0.9987604022026062,0.5576561689376831,0.6021409034729004,0.0686010494828224,0.9989761114120485,0.5629042983055115,0.6105750799179077,-0.159581258893013,0.9999405145645142,0.5565229654312134,0.4984506666660309,0.0919711664319038,0.1313091963529586,0.5605366230010986,0.5070295929908752,-0.191146433353424,0.9878476858139038,0.5578649640083313,0.4223887324333191,0.0469214729964733,0.2895851731300354,0.5452967882156372,0.4176610112190246,-0.1928370893001556,0.9754522442817688,0.5611453652381897,0.3957759439945221,0.0424131751060485,0.2696338593959808,0.5458965301513672,0.3897773921489715,-0.2156185954809188,0.9565759301185608,0.5541718006134033,0.3913497626781463,0.0248070731759071,0.2748159766197204,0.5414737462997437,0.388369470834732,-0.2137748748064041,0.9541758894920348,0.5527735352516174,0.4014365971088409,0.03721509501338,0.2559155821800232,0.5403553247451782,0.3974174559116363,-0.191112145781517,0.9279322624206544,0.5517563223838806,0.4229966998100281,0.0662203654646873,0.9958732724189758,0.5565224885940552,0.4280264675617218,-0.0662957802414894,0.9968117475509644,0.5499857664108276,0.281298965215683,0.0614983886480331,0.2701210379600525,0.554599404335022,0.2820049524307251,-0.0625977292656898,0.758962094783783,0.545730471611023,0.1375716626644134,0.1020931899547576,0.3199602961540222,0.5479053258895874,0.1342765390872955,-0.0232386495918035,0.7817018032073975,0.5500384569168091,0.1153361275792121,0.1016462072730064,0.4431833028793335,0.5544865131378174,0.1045484691858291,-0.0231601912528276,0.7495173811912537,0.5255481600761414,0.1131203398108482,0.0497933514416217,0.4924105405807495,0.5280169248580933,0.1043196618556976,-0.0890246704220771,0.8111636638641357,hoyeon_stand_normal_01,16.492423,16.492423,15.811388,14.56022,12.649111,10.198039,9.055385,8.246211,7.615773,8.602325,9.219544,9.899495,10.630146,11.313708,12.806248,12.206556,13.038405,13.892444,13.892444,14.317821,14.317821,13.601471,13.152946,12.041595,13.601471,16.552945,10.816654,14.317821,16.763055,19.104973,21.023796,19.416488,18.384776,16.124515,13.601471,10.630146,6.403124,4.123106,3.605551,5.656854,7.81025,10.0,11.313708,12.727922,12.806248,13.601471,13.601471,12.806248,12.041595,11.401754,12.529964,13.601471,17.720045,17.720045,17.088007,16.155494,15.231546,13.0,12.083046,9.433981,7.211103,5.656854,4.472136,3.0,4.242641,5.830952,8.944272,11.7047,13.928388,17.088007,18.384776,19.697716,21.023796,21.023796,19.723083,18.027756,15.811388,12.041595,6.708204,5.385165,3.162278,3.0,5.09902,7.28011,9.486833,10.77033,12.083046,11.661904,11.661904,10.816654,10.0,8.602325,7.211103,4.472136,3.162278,3.162278,3.162278,5.0,8.062258,10.198039,12.165525,14.317821,15.297059,12.46294525,14.866069,15.231546,16.155494,16.155494,16.155494,14.866069,13.601471,12.369317,11.18034,9.219544,8.246211,6.324555,5.0,5.830952,7.28011,9.219544,11.045361,14.035669,16.03122,18.11077,19.235384,19.235384,19.416488,18.681542,16.763055,13.601471,12.369317,14.317821,15.297059,16.278821,15.132746,15.033296,14.035669,12.041595,10.198039,7.28011,6.708204,5.656854,5.830952,7.28011,7.071068,8.246211,10.198039,10.198039,11.18034,11.18034,11.18034,12.165525,12.165525,12.041595,12.0,13.152946
hoyeon_stand_normal_01,1155,385,38.50210382513661,29.998360745314464,10,0.5334572196006775,0.6536882519721985,-0.0607157535851001,0.998651921749115,0.5356698632240295,0.6665763854980469,-0.0526433363556861,0.997478187084198,0.5363239049911499,0.6670746207237244,-0.0526529289782047,0.9969878792762756,0.5370796918869019,0.6677392721176147,-0.0526331216096878,0.9975284934043884,0.5365720987319946,0.6675769090652466,-0.0763206407427787,0.9979417324066162,0.5377371907234192,0.6685575246810913,-0.0763416737318039,0.997949719429016,0.5390279293060303,0.669552743434906,-0.0764118358492851,0.9982100129127502,0.5465222001075745,0.6670752167701721,-0.0046702604740858,0.9942578077316284,0.5479148030281067,0.667962908744812,-0.1117914393544197,0.9977734088897704,0.5377062559127808,0.6411659717559814,-0.0395757555961608,0.9982141256332396,0.5391284227371216,0.6426952481269836,-0.0706776082515716,0.9987310767173768,0.5576369762420654,0.6021366715431213,0.0686364993453025,0.998957335948944,0.5629081130027771,0.6105689406394958,-0.1604700237512588,0.9999401569366456,0.5565243363380432,0.4984283447265625,0.0920400172472,0.1295563578605651,0.5605241656303406,0.5070249438285828,-0.1922314465045929,0.9877944588661194,0.5578750967979431,0.4224356412887573,0.0470726303756237,0.2865824699401855,0.5452965497970581,0.4176565110683441,-0.1940173804759979,0.9753307104110718,0.5612315535545349,0.3957602381706238,0.0426400415599346,0.267443299293518,0.5458933115005493,0.3897002041339874,-0.2168330401182174,0.9563931226730348,0.5541785359382629,0.3913294374942779,0.0250214245170354,0.2726025879383087,0.5414708852767944,0.3883225321769714,-0.2151113450527191,0.9539735317230223,0.5527700781822205,0.4014606475830078,0.0373648181557655,0.2540143728256225,0.540350615978241,0.3973885178565979,-0.1923450529575348,0.9276999831199646,0.5517575144767761,0.4228858947753906,0.0665717795491218,0.9958094358444214,0.5565235018730164,0.4279791712760925,-0.0666488111019134,0.996772527694702,0.5499562621116638,0.2812764048576355,0.0619817227125167,0.2683570683002472,0.5546004772186279,0.2819633185863495,-0.062732920050621,0.7600014805793762,0.5457310080528259,0.1376302987337112,0.1029028072953224,0.3180500864982605,0.547901451587677,0.1341802179813385,-0.0233817994594573,0.7817683815956116,0.550048828125,0.1153900697827339,0.1024773344397544,0.4420453310012817,0.5546313524246216,0.104317583143711,-0.0233044847846031,0.7500557899475098,0.5253962278366089,0.113119401037693,0.0508194416761398,0.4909139573574066,0.527798593044281,0.1042977422475814,-0.0892577022314071,0.8110561370849609,hoyeon_stand_normal_01,17.804494,17.804494,17.029386,15.620499,13.453624,12.206556,9.848858,9.219544,9.0,10.049876,11.18034,11.401754,12.369317,12.649111,13.928388,14.317821,14.764823,15.652476,15.264338,15.264338,15.0,14.21267,12.806248,13.416408,14.56022,17.117243,10.77033,15.297059,17.029386,19.235384,19.924859,19.723083,18.601075,15.556349,12.806248,9.433981,5.656854,3.605551,4.123106,5.830952,8.602325,10.816654,11.661904,13.416408,14.317821,14.866069,14.866069,13.928388,13.416408,13.601471,14.142136,15.620499,10.049876,10.049876,9.848858,10.0,12.041595,12.206556,13.892444,14.317821,16.552945,16.552945,17.464249,17.464249,17.888544,17.888544,17.0,16.124515,14.764823,12.529964,9.848858,7.071068,5.830952,7.211103,11.401754,14.317821,18.439089,20.880613,12.206556,14.866069,16.970563,17.804494,17.492856,16.552945,14.866069,12.165525,9.055385,5.0,2.0,1.414214,4.123106,7.615773,10.29563,11.661904,13.601471,15.620499,17.029386,16.970563,17.691806,16.970563,16.970563,15.620499,13.601471,11.661904,16.124515,15.132746,13.038405,12.0,9.219544,8.544004,9.433981,10.816654,12.206556,13.601471,15.264338,15.652476,16.552945,16.763055,18.248288,18.027756,17.0,16.03122,13.038405,10.049876,7.071068,5.656854,7.28011,10.049876,13.0,15.0,10.0,8.062258,6.708204,6.403124,7.28011,10.049876,13.038405,15.033296,16.124515,17.117243,17.262677,17.464249,15.524175,14.866069,13.0,12.083046,11.18034,10.77033,10.440307,11.18034,12.041595,13.038405,16.0,17.0,17.029386,18.11077
hoyeon_stand_normal_01,1158,386,38.60210928961749,29.998360745314464,10,0.5334751605987549,0.654181718826294,-0.0617881938815116,0.998603343963623,0.5356959700584412,0.6671205759048462,-0.0537467412650585,0.9973965287208556,0.5363464951515198,0.6676459312438965,-0.0537569932639598,0.996894121170044,0.5371010303497314,0.6683071255683899,-0.0537371449172496,0.9974510073661804,0.5366000533103943,0.6680654883384705,-0.0774700790643692,0.9978743195533752,0.5377683043479919,0.669025182723999,-0.0774927586317062,0.9978833198547364,0.5390647649765015,0.669967770576477,-0.0775647610425949,0.9981523752212524,0.546545147895813,0.6675692200660706,-0.0057344688102602,0.9940750002861024,0.5479609966278076,0.668300449848175,-0.1130279377102851,0.9977095127105712,0.5377060174942017,0.6415826082229614,-0.04060884937644,0.998160719871521,0.5391265153884888,0.6429956555366516,-0.0717507377266883,0.9986963868141174,0.5576038956642151,0.6021654605865479,0.067875787615776,0.9989383220672609,0.562897264957428,0.6105160713195801,-0.1612147241830825,0.9999388456344604,0.5565341711044312,0.4984270334243774,0.0911315381526947,0.1277270913124084,0.5605142712593079,0.5067673921585083,-0.1922888755798339,0.9876073598861694,0.5578903555870056,0.4225705564022064,0.0461491458117961,0.2840743660926819,0.5453277826309204,0.4174806475639343,-0.193853348493576,0.975017249584198,0.5612887740135193,0.3957681953907013,0.0417169593274593,0.2657151222229004,0.5459357500076294,0.3895756304264068,-0.2167884409427642,0.9559379816055298,0.5541961789131165,0.3913297355175018,0.0241631940007209,0.2708960473537445,0.541520893573761,0.3882172703742981,-0.2148404568433761,0.953497588634491,0.5527912378311157,0.4015423059463501,0.0364568009972572,0.2524998188018799,0.5404402613639832,0.3972570300102234,-0.1921231150627136,0.9271573424339294,0.5517587065696716,0.4227827489376068,0.066578209400177,0.9957327842712402,0.5565081834793091,0.4278429448604584,-0.0666553601622581,0.9967135787010192,0.549949586391449,0.2813182473182678,0.0621368326246738,0.2672999799251556,0.5546232461929321,0.2819595634937286,-0.0627108737826347,0.7593209147453308,0.5457649827003479,0.1377168893814087,0.1031605154275894,0.3164581060409546,0.5479111075401306,0.1341178864240646,-0.0232051201164722,0.7803909182548523,0.5500684976577759,0.1154306530952453,0.1027378812432289,0.4403568506240845,0.5546682476997375,0.1041933819651603,-0.0231265202164649,0.7490654587745667,0.5253435969352722,0.113206997513771,0.0511080063879489,0.48955237865448,0.5277667045593262,0.1043078750371933,-0.0891802459955215,0.8099061250686646,hoyeon_stand_normal_01,17.720045,18.11077,19.026298,19.235384,21.213203,21.377558,21.377558,20.223748,18.11077,16.124515,14.142136,11.401754,10.29563,9.899495,10.816654,11.7047,14.142136,17.029386,20.024984,24.083189,27.166155,30.149627,33.060551,34.0,34.058773,31.256999,15.811388,13.416408,10.77033,6.708204,3.605551,5.0,9.219544,13.601471,16.643317,17.464249,18.681542,18.439089,17.117243,16.0,14.0,12.0,9.055385,8.544004,9.219544,11.661904,14.764823,17.464249,19.235384,20.59126,21.470911,20.124612,17.464249,17.720045,16.763055,16.155494,14.866069,13.0,11.18034,9.433981,7.211103,5.656854,4.472136,4.0,4.242641,6.403124,8.944272,11.7047,13.928388,17.088007,18.384776,20.615528,21.023796,21.470911,20.59126,18.027756,15.811388,12.806248,6.324555,5.09902,3.0,3.0,5.09902,8.246211,9.486833,10.77033,12.529964,11.661904,12.206556,10.816654,10.0,7.81025,6.403124,5.0,3.162278,2.236068,3.162278,6.0,8.0,11.045361,13.152946,15.132746,16.278821,11.93423,16.201667999999998,15.840432,13.2460145,12.103278,9.497074,9.829925500000002,10.172753,11.330952,12.5192025,14.2111025,15.647779,16.338729999999998,17.276128,17.276128,18.518291,17.760306,18.013878,15.7172575,14.1241695,11.2235575,8.062258,6.354102,7.6366805,10.0990195,12.1860405,14.571068,9.8912315,8.0798885,7.1410855,6.5163795,8.9109345,10.815073,13.3007355,15.3102495,17.014693,17.859780999999998,17.707081,17.1460315,16.151905499999998,14.97319,13.4833965,13.7469575,11.531829,11.804155000000002,11.401754,11.7396165,12.54,13.81857,15.0,16.7006095,17.528571,18.2334225
hoyeon_stand_normal_01,1161,387,38.70211475409836,29.998360745314464,10,0.5334784388542175,0.6551356911659241,-0.0633780285716056,0.9985421299934388,0.5357099771499634,0.6682410836219788,-0.0553333759307861,0.9972861409187316,0.5363550186157227,0.6687899827957153,-0.0553432032465934,0.9967647194862366,0.5371071100234985,0.6694109439849854,-0.0553220361471176,0.9973440766334534,0.5366331934928894,0.6690260767936707,-0.0791671946644783,0.9977851510047911,0.5378105044364929,0.6699061393737793,-0.0791917890310287,0.997796893119812,0.5391173958778381,0.6707364320755005,-0.0792666673660278,0.9980774521827698,0.5465461611747742,0.6684421896934509,-0.0069845234975218,0.9938237071037292,0.5480071902275085,0.6689707636833191,-0.1147376671433448,0.9976242780685424,0.5377020239830017,0.6423959136009216,-0.0420410558581352,0.9980940222740172,0.5391216278076172,0.643657386302948,-0.0733078569173812,0.9986528158187866,0.5575526356697083,0.6022260785102844,0.0674175098538398,0.998917818069458,0.5628893971443176,0.6105101704597473,-0.162986472249031,0.9999378323554992,0.5565332174301147,0.4984407126903534,0.0907614976167678,0.1259402185678482,0.5605064034461975,0.5067609548568726,-0.1939588338136673,0.987488865852356,0.5579395294189453,0.4226601123809814,0.0455253608524799,0.2818478643894195,0.5453550815582275,0.4174356162548065,-0.1949325948953628,0.9747958183288574,0.5613473653793335,0.3957822322845459,0.0410676151514053,0.2641749083995819,0.5459933876991272,0.3895493745803833,-0.2177215963602066,0.9555832147598268,0.5542961359024048,0.3913313746452331,0.0235691294074058,0.2693833708763122,0.5415852069854736,0.3881882727146148,-0.2163354903459549,0.953114688396454,0.5528687238693237,0.4015860855579376,0.0358416773378849,0.2511385977268219,0.54051673412323,0.3972297608852386,-0.1933846771717071,0.926730751991272,0.5517237186431885,0.4226925075054168,0.0667284354567527,0.9956821203231812,0.5564929246902466,0.4277516007423401,-0.066805399954319,0.996675193309784,0.5499339699745178,0.2813514471054077,0.0628993138670921,0.2658760249614715,0.5547139048576355,0.2819549143314361,-0.0624059662222862,0.7585816383361816,0.5457745790481567,0.1378300786018371,0.1050888299942016,0.3149736523628235,0.5479169487953186,0.1341106295585632,-0.0216925367712974,0.7797902226448059,0.5500800609588623,0.1154495403170585,0.1047619059681892,0.4396058619022369,0.5547542572021484,0.1036446169018745,-0.021554147824645,0.7492717504501343,0.52531498670578,0.1132275611162185,0.0529777966439724,0.4884797632694244,0.5277547240257263,0.1043058708310127,-0.0882086530327797,0.8094093799591064,hoyeon_stand_normal_01,17.117243,17.262677,16.278821,14.317821,12.369317,10.049876,8.0,7.28011,8.062258,8.485281,9.219544,9.899495,10.630146,12.041595,12.806248,12.806248,13.601471,13.601471,14.422205,13.892444,13.416408,13.0,11.401754,12.0,13.341664,15.811388,9.433981,12.806248,15.620499,17.492856,19.313208,18.248288,17.0,15.132746,12.369317,9.486833,6.324555,4.0,4.242641,5.830952,7.615773,9.848858,10.29563,11.661904,12.206556,12.806248,12.806248,12.206556,11.661904,11.7047,13.341664,14.142136,9.219544,10.0,9.219544,10.29563,11.401754,12.727922,14.21267,15.0,16.401219,17.204651,17.804494,17.804494,18.439089,18.439089,17.691806,16.970563,15.556349,13.453624,10.630146,7.615773,7.0,8.602325,11.313708,15.0,17.804494,19.849433,10.630146,12.727922,15.0,15.811388,16.552945,15.811388,13.341664,11.045361,8.0,5.09902,2.236068,1.0,4.123106,6.324555,8.062258,10.816654,12.041595,13.453624,14.866069,15.620499,15.620499,15.620499,15.620499,14.21267,13.453624,12.206556,15.0,16.03122,17.029386,17.029386,17.0,16.0,15.0,13.038405,12.041595,10.049876,8.062258,7.0,6.324555,6.403124,7.211103,9.848858,12.083046,14.866069,17.464249,19.697716,21.023796,21.470911,21.095023,19.416488,17.804494,15.0,13.038405,15.132746,16.278821,16.492423,16.492423,15.811388,14.56022,12.369317,10.198039,8.062258,7.071068,6.708204,6.403124,6.403124,7.211103,9.433981,10.29563,10.816654,11.661904,11.661904,12.206556,11.661904,12.529964,12.083046,12.649111,13.341664
hoyeon_stand_normal_01,1164,388,38.80212021857923,29.998360745314464,10,0.5334978103637695,0.6558123230934143,-0.0629682540893554,0.9984936118125916,0.5357493162155151,0.6689750552177429,-0.0549055114388465,0.9971978664398192,0.5363805294036865,0.6695108413696289,-0.0549153238534927,0.9966577291488647,0.537122368812561,0.6700896620750427,-0.0548944547772407,0.997258484363556,0.5367164611816406,0.6696763038635254,-0.0787087902426719,0.9977118372917176,0.537909746170044,0.6705029010772705,-0.0787324681878089,0.9977235794067384,0.5392367839813232,0.6712657809257507,-0.0788061320781707,0.9980153441429138,0.5465471744537354,0.669030487537384,-0.0066292523406445,0.9936118721961976,0.5480955839157104,0.669406533241272,-0.1142643690109252,0.9975471496582032,0.5376977324485779,0.6430278420448303,-0.0416715666651725,0.9980380535125732,0.5391219854354858,0.6441783308982849,-0.0729100555181503,0.99861478805542,0.5575500726699829,0.6024413108825684,0.0675007775425911,0.9989013075828552,0.5628844499588013,0.6105753183364868,-0.1625886410474777,0.9999364614486694,0.5565339922904968,0.4987443685531616,0.0908684879541397,0.1249860301613807,0.5604999661445618,0.5069257616996765,-0.1936985701322555,0.9873465895652772,0.5581281781196594,0.4228101074695587,0.04572469368577,0.2816075682640075,0.5454074740409851,0.4174347817897796,-0.1947716325521469,0.974596381187439,0.5628286600112915,0.3958912789821625,0.041293941438198,0.2641084194183349,0.5460385084152222,0.3895528018474579,-0.2175526171922683,0.9552520513534546,0.5545282959938049,0.391363114118576,0.0237850211560726,0.2693196833133697,0.5416793823242188,0.3881885707378387,-0.2162226885557174,0.9527615308761596,0.5530583262443542,0.4016848504543304,0.0360427312552928,0.2510108947753906,0.5405897498130798,0.3972296118736267,-0.193239539861679,0.926341950893402,0.5517218708992004,0.4226807057857513,0.0667256191372871,0.9956158995628356,0.5564790368080139,0.4277191758155823,-0.0668026730418205,0.9966146945953368,0.5498761534690857,0.2813785374164581,0.0628654882311821,0.2659191191196441,0.5547134280204773,0.2819248139858246,-0.0624053478240966,0.7578825354576111,0.5457545518875122,0.1378420293331146,0.1051292940974235,0.3137184083461761,0.5478904843330383,0.1340398490428924,-0.0214946344494819,0.7783828973770142,0.5500414967536926,0.1154542416334152,0.1047979667782783,0.4386684894561767,0.554719865322113,0.1036682873964309,-0.0213103871792554,0.7480844259262085,0.5252546668052673,0.1132174357771873,0.0528024323284626,0.4868121743202209,0.5277348756790161,0.1042715013027191,-0.0881435573101043,0.8081135749816895,hoyeon_stand_normal_01,18.027756,17.464249,17.0,14.764823,12.529964,9.848858,8.246211,8.0,8.246211,8.944272,10.29563,10.29563,11.661904,12.529964,13.038405,13.892444,14.422205,14.422205,14.422205,14.21267,13.453624,12.727922,12.206556,11.7047,13.152946,16.03122,10.0,12.727922,15.811388,17.888544,18.681542,18.11077,17.029386,15.297059,12.649111,9.486833,6.324555,5.0,4.472136,5.656854,7.81025,10.0,10.630146,12.041595,12.727922,12.727922,12.727922,12.041595,12.206556,12.529964,13.928388,15.811388,17.464249,17.464249,16.763055,15.811388,14.866069,13.0,12.083046,8.944272,7.211103,5.656854,5.0,4.0,4.472136,5.656854,8.602325,10.816654,13.892444,16.124515,17.492856,19.416488,20.808652,20.0,19.849433,17.691806,15.556349,12.806248,6.708204,5.385165,3.162278,3.0,5.0,7.071068,9.219544,11.401754,11.7047,12.083046,11.18034,10.29563,9.433981,8.602325,7.211103,4.472136,3.162278,2.236068,3.162278,5.0,8.062258,10.049876,13.152946,15.297059,16.278821,12.314358666666667,14.317821,15.231546,16.552945,15.652476,16.552945,15.231546,13.928388,12.649111,11.401754,9.219544,8.246211,6.708204,5.0,5.0,6.082763,8.0,10.049876,13.038405,15.033296,17.029386,19.0,20.024984,19.104973,18.11077,15.297059,12.165525,13.0,14.866069,15.811388,16.763055,16.492423,16.492423,14.317821,13.341664,10.440307,8.544004,8.062258,7.071068,6.708204,7.28011,8.246211,9.055385,10.049876,11.045361,11.18034,12.165525,12.165525,12.165525,12.041595,12.0,12.041595,12.369317
hoyeon_stand_normal_01,1167,389,38.902125683060106,29.998360745314464,10,0.5335010290145874,0.656292200088501,-0.0645089820027351,0.9984568357467652,0.535760760307312,0.6695570945739746,-0.056392416357994,0.9971204996109008,0.5363845229148865,0.6700895428657532,-0.05640160292387,0.9965692162513732,0.5371225476264954,0.6706496477127075,-0.0563788823783397,0.9971848726272584,0.5367681384086609,0.6701980233192444,-0.0802376270294189,0.997646689414978,0.5379868745803833,0.6709869503974915,-0.0802621766924858,0.9976599812507628,0.5393466353416443,0.6717043519020081,-0.0803366899490356,0.9979569911956788,0.5465460419654846,0.6695516109466553,-0.0075026792474091,0.9934298992156982,0.54819655418396,0.6697741746902466,-0.1153144538402557,0.9974790811538696,0.5376541018486023,0.6434946656227112,-0.0429434366524219,0.9979971647262572,0.5391198992729187,0.6445764899253845,-0.0742306411266326,0.9985856413841248,0.5575313568115234,0.6025546193122864,0.0673462897539138,0.9988941550254822,0.5628713965415955,0.6106807589530945,-0.1637720763683319,0.9999361634254456,0.5565330386161804,0.4989284873008728,0.0907466560602188,0.1240251287817955,0.5604938268661499,0.5070822238922119,-0.1954909712076187,0.987259805202484,0.5588695406913757,0.4228398203849792,0.0452033765614032,0.2812666893005371,0.5454338788986206,0.4174379706382751,-0.197488322854042,0.974414587020874,0.5638930201530457,0.3959534764289856,0.0406020283699035,0.2640832066535949,0.5460587739944458,0.3895620703697204,-0.2207490503787994,0.954955756664276,0.554862380027771,0.3913892805576324,0.0230798684060573,0.2693303525447845,0.5417124629020691,0.3881920278072357,-0.2196158915758133,0.9524181485176086,0.5532976388931274,0.4017126262187958,0.035514585673809,0.2510598599910736,0.5406160354614258,0.3972336947917938,-0.1960624009370803,0.9259318709373474,0.551716685295105,0.4225548505783081,0.0670197755098342,0.9956476092338562,0.5564699172973633,0.4275992810726166,-0.0670969635248184,0.9966345429420472,0.549864649772644,0.2812913656234741,0.0675333589315414,0.2653993368148803,0.5547153949737549,0.2818117439746856,-0.0591053366661071,0.7594850659370422,0.545775830745697,0.1378853619098663,0.1143254041671752,0.3145361244678497,0.5478903651237488,0.1339795589447021,-0.0134872468188405,0.7804498672485352,0.5500544905662537,0.1154583320021629,0.1144980490207672,0.4408240020275116,0.5547233819961548,0.1034813970327377,-0.0128879267722368,0.7504643201828003,0.5251625180244446,0.1132217720150947,0.0627301260828971,0.4888626635074615,0.5276007652282715,0.1042433679103851,-0.0800829753279686,0.8099310398101807,hoyeon_stand_normal_01,16.8363515,17.087607,16.923983999999997,16.125002,16.560612,15.452446,14.2709895,13.649732,12.4753625,12.3216585,11.738795,11.28992,10.9078455,11.0457355,11.5441405,12.1093725,13.81857,15.157245,16.942551,18.733209,19.9842015,20.9406275,21.768585,22.671628,23.603278,23.3354675,11.771635,12.540515,12.5178345,12.1394105,11.236586,10.75484,11.8413785,13.0918655,12.771945,12.36552,11.7455655,10.7764725,10.1238105,9.7606125,9.68148,10.102954,9.6678455,9.7087915,10.615108,11.291047,13.0232045,13.952278,14.577552999999998,15.9551805,16.5273525,17.0896385,9.219544,8.0,8.544004,8.602325,9.899495,11.401754,12.529964,14.317821,13.928388,15.811388,15.811388,17.088007,17.088007,17.088007,16.552945,15.231546,14.317821,12.083046,9.486833,7.0,5.0,7.615773,11.045361,14.035669,18.027756,20.223748,12.206556,14.422205,17.0,18.027756,17.720045,17.262677,15.033296,13.038405,10.198039,6.082763,3.162278,3.605551,5.0,7.81025,10.630146,12.041595,14.21267,15.0,15.811388,15.811388,16.643317,15.811388,15.0,12.727922,11.401754,12.422161333333332,13.601471,14.56022,15.524175,15.524175,15.524175,14.866069,13.0,12.083046,11.18034,8.944272,7.615773,5.385165,4.0,4.472136,5.656854,7.211103,10.29563,12.529964,15.264338,17.492856,18.601075,19.209373,18.439089,17.691806,15.556349,12.727922,13.416408,14.764823,16.124515,16.643317,16.643317,15.811388,15.0,12.806248,10.816654,8.944272,7.28011,7.0,6.324555,6.708204,7.211103,8.602325,9.433981,10.0,10.816654,10.816654,10.816654,11.401754,11.401754,11.313708,11.401754,12.529964
hoyeon_stand_normal_01,1170,390,39.002131147540986,29.998360745314464,10,0.5334769487380981,0.6574615836143494,-0.0646105855703353,0.9984250664711,0.5357605218887329,0.6708256602287292,-0.0564118549227714,0.9970613121986388,0.536383867263794,0.671334981918335,-0.0564207099378109,0.9965039491653442,0.537121593952179,0.6718632578849792,-0.0563976988196373,0.9971326589584352,0.5367673635482788,0.6713171601295471,-0.0803510919213295,0.9975945949554444,0.5379858016967773,0.6720088720321655,-0.0803755223751068,0.9976086020469666,0.5393450260162354,0.6726551651954651,-0.0804496258497238,0.9979114532470704,0.5465363264083862,0.6703678369522095,-0.0073716430924832,0.9932903051376344,0.5481952428817749,0.6704301834106445,-0.1155430078506469,0.9974273443222046,0.5375305414199829,0.6445735692977905,-0.0429832488298416,0.997957170009613,0.5390264987945557,0.6454272866249084,-0.0743803828954696,0.998558223247528,0.5574245452880859,0.6026553511619568,0.0674564391374588,0.9988864660263062,0.5628356337547302,0.6106998324394226,-0.1643905788660049,0.9999356269836426,0.556431233882904,0.4990858733654022,0.090848833322525,0.1221065819263458,0.5604961514472961,0.5071237087249756,-0.1961710155010223,0.9871309995651244,0.5587285757064819,0.4228513836860657,0.0453493148088455,0.278775542974472,0.5454657077789307,0.4173985421657562,-0.1975686997175216,0.9740383625030518,0.5634704828262329,0.395955741405487,0.0407426245510578,0.2623011767864227,0.5460942387580872,0.389545202255249,-0.220710352063179,0.9543857574462892,0.5547994375228882,0.3913857340812683,0.0232044458389282,0.2675407528877258,0.5417277812957764,0.3881489932537079,-0.2195566743612289,0.9517946243286132,0.5531980991363525,0.4017193913459778,0.0356644764542579,0.2494887113571167,0.540623128414154,0.3971954584121704,-0.1961302310228347,0.9251490235328674,0.5517300367355347,0.4225504696369171,0.0676698610186576,0.995662271976471,0.5564631819725037,0.4275402724742889,-0.0677481070160865,0.9966368079185486,0.549863874912262,0.2813555002212524,0.0688957124948501,0.2643411755561828,0.5547038912773132,0.281816154718399,-0.0590258352458477,0.7613604664802551,0.5458344221115112,0.1379691064357757,0.1147465333342552,0.3152357339859009,0.5478565096855164,0.1339592486619949,-0.0140694649890065,0.7825899720191956,0.5500803589820862,0.1154755651950836,0.1147851422429084,0.4425703883171081,0.5547139644622803,0.1033293157815933,-0.0135635370388627,0.7530114650726318,0.5250853300094604,0.1135685741901397,0.0632840096950531,0.4905557334423065,0.5272313356399536,0.1043063253164291,-0.0805287212133407,0.8116945624351501,hoyeon_stand_normal_01,19.235384,20.099751,19.0,16.0,14.035669,11.0,9.219544,8.062258,8.485281,10.0,10.816654,12.206556,13.601471,14.422205,15.0,16.401219,16.401219,17.029386,16.278821,15.620499,14.21267,13.038405,12.083046,12.165525,14.035669,16.278821,10.0,12.165525,14.866069,16.552945,17.204651,16.970563,15.620499,13.892444,11.661904,8.944272,7.211103,6.403124,6.324555,7.071068,8.062258,10.049876,10.049876,11.18034,12.165525,12.165525,12.165525,12.041595,12.0,14.142136,15.297059,17.464249,10.049876,10.198039,10.29563,10.630146,12.041595,13.601471,14.764823,15.652476,16.552945,17.464249,17.888544,18.788294,19.235384,19.235384,18.35756,17.492856,16.124515,13.892444,11.18034,8.246211,7.28011,8.485281,11.661904,14.317821,18.384776,20.124612,10.816654,13.601471,14.866069,17.029386,17.204651,16.124515,13.928388,12.369317,9.055385,6.0,2.0,1.0,4.0,6.324555,8.544004,10.77033,12.529964,13.892444,15.811388,16.401219,17.029386,17.029386,15.620499,15.0,14.422205,12.529964,14.866069,16.155494,16.155494,17.088007,16.155494,15.811388,14.56022,13.341664,12.165525,10.198039,8.246211,6.708204,6.403124,5.830952,7.28011,9.055385,12.041595,15.0,17.029386,19.104973,20.223748,20.223748,20.396078,18.439089,16.492423,13.601471,12.369317,14.317821,15.297059,16.124515,16.124515,16.03122,14.035669,12.041595,10.049876,8.544004,7.211103,5.656854,5.830952,7.28011,7.28011,9.219544,10.198039,10.198039,11.18034,11.401754,11.401754,11.401754,12.165525,12.0,12.041595,12.165525
hoyeon_stand_normal_01,1173,391,39.10213661202186,29.998360745314464,10,0.5333998799324036,0.6582233309745789,-0.0643778443336486,0.9984093308448792,0.5357560515403748,0.6716971397399902,-0.0562138184905052,0.9970365762710572,0.5363832712173462,0.6722179651260376,-0.0562229603528976,0.9964763522148132,0.5371231436729431,0.6727606654167175,-0.056200411170721,0.997111439704895,0.5367252826690674,0.6720913648605347,-0.0800593793392181,0.997568666934967,0.5379221439361572,0.6727439761161804,-0.0800831690430641,0.997580111026764,0.5392562747001648,0.6733894348144531,-0.08015688508749,0.9978870749473572,0.5465325713157654,0.6711613535881042,-0.0072383852675557,0.9932215213775636,0.5481002926826477,0.6712211966514587,-0.1152564734220504,0.9974024295806884,0.53737473487854,0.6453681588172913,-0.0428576730191707,0.997935712337494,0.538857638835907,0.6461025476455688,-0.0741387829184532,0.9985435605049132,0.5572603344917297,0.602783739566803,0.0680551305413246,0.9988903999328612,0.5627557039260864,0.6107436418533325,-0.1640699803829193,0.99993497133255,0.5561978220939636,0.4993499219417572,0.0911008790135383,0.1212145909667015,0.5604993104934692,0.5071926116943359,-0.1959497779607772,0.9869623184204102,0.5582343339920044,0.4228555858135223,0.0454057604074478,0.2786484658718109,0.5454856157302856,0.4173746705055237,-0.1949708610773086,0.9736295342445374,0.5625715851783752,0.3959618806838989,0.0408014059066772,0.2624135017395019,0.5461387634277344,0.3895440995693207,-0.2175774574279785,0.9537749886512756,0.5542958378791809,0.3913724422454834,0.0232656821608543,0.2677422165870666,0.5417415499687195,0.388134241104126,-0.2165388464927673,0.951138973236084,0.5526692271232605,0.4017283916473388,0.0357024855911731,0.2497651278972625,0.5406264066696167,0.3971773386001587,-0.1934792846441269,0.924342393875122,0.5517284274101257,0.4225516617298126,0.0677519217133522,0.9956883788108826,0.5564597249031067,0.4275281727313995,-0.0678292140364646,0.9966428875923156,0.5498665571212769,0.2814614176750183,0.0687610357999801,0.2638950049877167,0.5547025799751282,0.2818683385848999,-0.0590038076043129,0.7620149850845337,0.5458492040634155,0.1380065232515335,0.1137550622224807,0.31584233045578,0.5477330684661865,0.1339552551507949,-0.0142482323572039,0.7835820317268372,0.5500606894493103,0.1155105978250503,0.1137007698416709,0.4437453746795654,0.554631769657135,0.1033676117658615,-0.0137350084260106,0.7539963126182556,0.5250890254974365,0.113633319735527,0.0621919073164463,0.4916180372238159,0.5272311568260193,0.1043497994542121,-0.0803903341293335,0.812530517578125,hoyeon_stand_normal_01,10.29563,11.401754,12.041595,13.038405,15.033296,16.03122,16.03122,16.0,15.033296,13.038405,12.041595,10.0,8.062258,7.28011,6.403124,7.211103,8.544004,10.198039,13.038405,17.029386,20.024984,22.090722,25.317978,25.70992,25.298221,23.769729,11.18034,9.848858,8.544004,6.324555,4.242641,4.123106,6.0,8.062258,9.055385,11.045361,11.0,11.045361,10.049876,9.055385,8.062258,7.071068,7.071068,6.324555,7.211103,9.219544,11.313708,12.727922,14.142136,14.866069,14.142136,12.727922,14.345645,14.21557,14.007962,13.3683445,13.75759,13.5620345,13.333046,12.6226845,12.410212,11.99312,11.3005375,11.5110195,11.944312,12.7496255,13.433981,14.2691085,15.339493,15.2267125,14.714755,13.917617,14.035534,14.7839,16.153153500000002,16.9343935,18.064127,17.3712995,9.7088295,10.460596,10.146338,9.986833,10.826278,11.563388,11.640055,11.186245,10.6217,9.183075,7.118034,6.5207975,7.7114905,8.634553499999999,9.219544,9.638812,10.252484,10.0622575,9.8501585,10.692388,11.428456,12.797939499999998,13.9093785,14.181025000000002,14.4887465,15.001345,13.038405,13.892444,14.764823,15.264338,14.764823,14.422205,13.601471,11.401754,9.899495,8.485281,6.403124,5.830952,4.123106,4.472136,5.830952,8.485281,11.313708,14.142136,16.278821,18.439089,18.601075,19.416488,19.723083,18.35756,15.652476,13.416408,12.041595,14.142136,15.556349,16.278821,16.278821,15.620499,13.601471,12.041595,9.899495,8.485281,7.211103,5.385165,5.0,6.082763,6.324555,7.615773,7.615773,8.544004,9.848858,10.77033,10.77033,10.77033,9.848858,10.816654,11.401754,11.313708
hoyeon_stand_normal_01,1176,392,39.20214207650273,29.998360745314464,10,0.5334002375602722,0.659002959728241,-0.0642081797122955,0.99843031167984,0.5358306169509888,0.6723763942718506,-0.0560337491333484,0.997079372406006,0.5364863872528076,0.6729063391685486,-0.0560427159070968,0.9965252876281738,0.5372567772865295,0.6734635829925537,-0.0560202039778232,0.9971538186073304,0.5367591977119446,0.6726853251457214,-0.0798750594258308,0.9975988864898682,0.5379498600959778,0.6733119487762451,-0.079898364841938,0.9976075887680054,0.5392816662788391,0.6739649772644043,-0.0799723342061042,0.997912347316742,0.5466005802154541,0.6717085242271423,-0.0071118120104074,0.9933152794837952,0.5481042861938477,0.6717231273651123,-0.1151191890239715,0.997437596321106,0.5373650789260864,0.6462186574935913,-0.0427014119923114,0.9979705810546876,0.5388326644897461,0.6468278169631958,-0.0739930793642997,0.998566508293152,0.5571025609970093,0.6028042435646057,0.0680853128433227,0.9989067912101746,0.5627127885818481,0.6107116937637329,-0.1640222072601318,0.9999344944953918,0.5560370683670044,0.499334841966629,0.0911345034837722,0.1216899901628494,0.5603612065315247,0.5068444609642029,-0.194329634308815,0.9867955446243286,0.5579866170883179,0.4228563010692596,0.0453959293663501,0.2812978029251098,0.5454537272453308,0.4171701371669769,-0.1906817704439163,0.9733129143714904,0.5618179440498352,0.395969808101654,0.0405943170189857,0.2648500204086303,0.5460756421089172,0.3894869387149811,-0.2128014117479324,0.953294277191162,0.5540229082107544,0.3913678824901581,0.0231638494879007,0.2702963352203369,0.5417034029960632,0.3880570530891418,-0.2123645693063736,0.950616419315338,0.552524745464325,0.4017023742198944,0.0356999114155769,0.2521094679832458,0.540621817111969,0.3970567882061004,-0.1893753260374069,0.9237899780273438,0.5517138838768005,0.422556608915329,0.0676686242222786,0.9957410097122192,0.5564574003219604,0.4275222420692444,-0.0677438676357269,0.9966603517532348,0.5499481558799744,0.2815154492855072,0.0685387551784515,0.264093816280365,0.5547491908073425,0.2818831503391266,-0.059088297188282,0.761195182800293,0.546069324016571,0.1380137503147125,0.1133361160755157,0.3166478276252746,0.5477430820465088,0.1339537352323532,-0.0147497178986668,0.7829498052597046,0.5502628087997437,0.1155142560601234,0.1132676899433136,0.4448214769363403,0.5546225309371948,0.1033834591507911,-0.0142550580203533,0.7531508803367615,0.525486171245575,0.1135624498128891,0.061562854796648,0.4924681782722473,0.5272697806358337,0.1043500527739524,-0.0807487964630127,0.8120641708374023,hoyeon_stand_normal_01,11.7047,11.661904,12.806248,14.142136,16.278821,16.278821,16.970563,16.278821,15.620499,13.453624,12.041595,10.630146,9.219544,8.062258,7.28011,7.071068,8.544004,11.18034,14.422205,17.204651,20.808652,23.021729,25.553865,26.832816,25.632011,24.041631,11.045361,10.049876,8.246211,7.071068,5.09902,5.0,6.403124,8.602325,10.29563,10.816654,11.401754,11.401754,10.630146,9.899495,9.219544,8.602325,8.062258,7.615773,9.219544,10.049876,12.0,14.0,15.0,16.0,15.0,14.0,16.278821,16.970563,16.278821,16.278821,14.21267,12.806248,11.661904,9.433981,8.544004,7.071068,6.0,4.472136,5.656854,7.615773,9.219544,11.18034,14.035669,17.117243,19.104973,21.213203,21.213203,21.377558,21.587033,19.924859,17.088007,14.317821,8.602325,6.403124,5.0,2.236068,2.236068,3.0,6.082763,8.062258,9.0,11.0,11.045361,11.18034,10.198039,9.219544,8.246211,6.324555,5.09902,3.162278,1.0,2.0,4.472136,6.403124,9.219544,12.041595,14.21267,15.620499,16.155494,15.811388,13.601471,11.18034,10.0,10.198039,10.440307,12.083046,13.416408,15.231546,16.155494,17.720045,18.439089,19.104973,20.024984,19.026298,19.235384,16.278821,14.317821,11.18034,8.0,6.708204,8.062258,10.198039,12.165525,15.132746,10.0,8.062258,7.28011,7.071068,8.944272,10.440307,13.341664,14.317821,16.763055,18.027756,17.088007,16.552945,17.0,14.764823,13.892444,13.038405,11.661904,12.083046,12.083046,12.083046,12.649111,14.56022,16.492423,17.464249,18.681542,17.720045
hoyeon_stand_normal_01,1179,393,39.3021475409836,29.998360745314464,10,0.5334032773971558,0.6599856615066528,-0.0640112906694412,0.9984713196754456,0.5359227061271667,0.673140287399292,-0.0558379217982292,0.997163951396942,0.536605179309845,0.6736596822738647,-0.0558469705283641,0.996622920036316,0.5374033451080322,0.6742385625839233,-0.055824689567089,0.9972374439239502,0.5368065237998962,0.6734126806259155,-0.0796867311000824,0.9976629614830016,0.5379890203475952,0.6740185022354126,-0.0797099173069,0.9976681470870972,0.5393171906471252,0.6746949553489685,-0.0797836929559707,0.9979664087295532,0.5466570258140564,0.6724069118499756,-0.006976964417845,0.9935034513473512,0.5481048822402954,0.6722863912582397,-0.1150409281253814,0.9975022077560424,0.5373395681381226,0.6473082900047302,-0.0425255708396434,0.9980316162109376,0.5387842059135437,0.6477013826370239,-0.0738220363855362,0.9986059665679932,0.5570837259292603,0.6028358936309814,0.0680389627814292,0.9989297389984132,0.562437117099762,0.6106777191162109,-0.1639560163021087,0.999934196472168,0.5560073852539062,0.4992218017578125,0.0911196172237396,0.1228262484073638,0.560066819190979,0.506201446056366,-0.1933199763298034,0.9865961074829102,0.5579100847244263,0.4226777255535126,0.0454119816422462,0.2849515080451965,0.5452978014945984,0.4169586598873138,-0.1897316724061966,0.97295081615448,0.561612069606781,0.3959212899208069,0.0405361428856849,0.2679791450500488,0.5459578633308411,0.3893660604953766,-0.2119078189134597,0.9527284502983092,0.5540181398391724,0.3913286030292511,0.0231089293956756,0.2735435664653778,0.5415928363800049,0.3879401981830597,-0.2115883529186248,0.9500043988227844,0.552533745765686,0.4014795422554016,0.0357171036303043,0.2550594806671142,0.5404577851295471,0.3969124853610992,-0.1885126084089279,0.9230868220329284,0.5517102479934692,0.4225351214408874,0.0675364956259727,0.99582040309906,0.5562511682510376,0.4274320006370544,-0.0676112696528434,0.996693789958954,0.5499771237373352,0.2815274000167846,0.0679785832762718,0.2637920379638672,0.5547960996627808,0.2819293141365051,-0.0591689124703407,0.7600623369216919,0.5462141036987305,0.138019785284996,0.1122981309890747,0.3171692490577698,0.5478928685188293,0.1339496523141861,-0.015056918375194,0.782089114189148,0.5502350330352783,0.1124714240431785,0.1121538877487182,0.4456386864185333,0.5546299815177917,0.1034063845872879,-0.014568175189197,0.7518595457077026,0.5257671475410461,0.1133534386754036,0.0603096857666969,0.4931977987289428,0.5273345112800598,0.1043483763933181,-0.0809650719165802,0.8115642070770264,hoyeon_stand_normal_01,12.649111,13.038405,13.152946,15.524175,16.492423,17.464249,18.439089,17.262677,16.124515,15.132746,13.038405,11.045361,9.219544,6.708204,7.071068,7.28011,10.049876,13.038405,16.278821,19.235384,23.345235,26.172505,29.017236,30.066593,29.274562,26.683328,13.453624,12.041595,11.313708,9.219544,7.615773,7.071068,9.055385,10.198039,11.401754,13.341664,13.152946,13.038405,13.038405,11.045361,10.049876,10.198039,8.544004,9.433981,9.219544,12.041595,14.21267,16.401219,17.029386,17.029386,17.029386,15.0,17.262677,17.262677,17.117243,15.132746,15.033296,13.0,11.045361,10.049876,8.246211,6.708204,5.0,4.472136,5.0,7.28011,8.944272,10.816654,13.601471,16.643317,18.027756,19.723083,21.095023,21.470911,21.023796,19.313208,16.763055,13.341664,8.062258,7.071068,5.09902,2.0,1.414214,3.605551,5.656854,7.81025,10.0,10.816654,10.29563,11.18034,9.848858,8.544004,8.246211,6.324555,5.09902,3.162278,1.0,2.236068,4.123106,7.28011,9.219544,12.369317,14.317821,15.524175,14.317821,15.652476,17.0,16.552945,16.552945,16.155494,14.866069,13.601471,11.401754,9.486833,8.544004,6.708204,5.656854,5.830952,7.071068,9.0,12.0,14.035669,17.029386,19.026298,20.0,20.024984,20.099751,18.11077,16.278821,13.341664,11.7047,13.601471,14.56022,15.297059,16.278821,14.142136,13.152946,12.165525,9.219544,7.615773,7.211103,5.656854,6.708204,7.28011,7.071068,9.055385,9.055385,10.049876,11.045361,11.18034,11.18034,11.045361,12.041595,12.041595,12.041595,12.369317
hoyeon_stand_normal_01,1182,394,39.40215300546448,29.998360745314464,10,0.5334075093269348,0.6610940098762512,-0.0645814836025238,0.9985100030899048,0.5360327959060669,0.6739389300346375,-0.0564475283026695,0.9972476363182068,0.5367392897605896,0.6744422912597656,-0.056457795202732,0.9967191815376282,0.5375579595565796,0.6750506162643433,-0.0564372725784778,0.9973189234733582,0.5368677973747253,0.6742126941680908,-0.080255851149559,0.9977262616157532,0.5380427241325378,0.6748110055923462,-0.0802798345685005,0.9977268576622008,0.5393697023391724,0.6755274534225464,-0.0803512036800384,0.9980193972587584,0.5466835498809814,0.6730498671531677,-0.0077228108420968,0.9936962723731996,0.548104465007782,0.672786295413971,-0.1154950410127639,0.997568428516388,0.5372808575630188,0.648510217666626,-0.0431610941886901,0.9980898499488832,0.5386754274368286,0.6487159729003906,-0.0743821561336517,0.9986435770988464,0.5570651292800903,0.602936863899231,0.0668486878275871,0.9989549517631532,0.5621795058250427,0.6106299161911011,-0.1639115512371063,0.9999331831932068,0.5559961199760437,0.4992012977600097,0.0901220887899398,0.125322014093399,0.5598451495170593,0.5055785179138184,-0.1926521956920623,0.986352801322937,0.5578079223632812,0.422679454088211,0.0445342920720577,0.2914586067199707,0.5451969504356384,0.4167928099632263,-0.1866749376058578,0.9725475311279296,0.5613411068916321,0.3959214687347412,0.039302360266447,0.273364245891571,0.5458831787109375,0.3892726898193359,-0.2084075361490249,0.9520816206932068,0.5540233254432678,0.3913375437259674,0.0219242628663778,0.2791098058223724,0.5415302515029907,0.3878774344921112,-0.2084429860115051,0.949327826499939,0.5525532960891724,0.4014842808246612,0.0348427891731262,0.2600729763507843,0.5403741002082825,0.3968303501605987,-0.1855389177799224,0.9223458766937256,0.551710307598114,0.4225348234176636,0.0670494735240936,0.9958906769752502,0.5561901330947876,0.4273879528045654,-0.067124992609024,0.9967213869094848,0.5500048398971558,0.2816141843795776,0.0672583803534507,0.2652312815189361,0.5548906922340393,0.2820104658603668,-0.0590868964791297,0.7577087879180908,0.5462639927864075,0.1380060911178589,0.1122098118066787,0.3182122111320495,0.5479512810707092,0.1339470595121383,-0.0144051564857363,0.7803443670272827,0.5502548813819885,0.1127456203103065,0.1119857281446456,0.4456686079502105,0.5544902682304382,0.1035713255405426,-0.0137832490727305,0.7490635514259338,0.5263588428497314,0.1130126118659973,0.0598401241004467,0.4937143325805664,0.5277320742607117,0.1043271347880363,-0.0802500024437904,0.8101690411567688,hoyeon_stand_normal_01,13.152946,13.152946,14.866069,17.888544,19.235384,20.124612,20.124612,19.697716,18.384776,17.088007,14.866069,13.0,11.18034,8.602325,8.602325,9.219544,11.0,14.317821,18.681542,23.086793,27.202941,30.805844,33.54102,34.132096,34.014703,31.144823,14.764823,13.038405,10.816654,8.944272,8.062258,8.062258,9.486833,11.18034,12.529964,13.416408,14.317821,13.928388,12.649111,11.7047,10.440307,9.848858,8.602325,9.219544,10.816654,13.416408,15.231546,17.088007,18.788294,18.788294,18.788294,16.552945,8.602325,8.602325,8.944272,10.198039,11.0,12.041595,14.317821,14.317821,15.524175,16.763055,16.492423,17.464249,17.464249,17.262677,17.262677,15.297059,15.297059,12.165525,10.440307,8.062258,6.708204,9.0,12.165525,15.524175,18.681542,21.377558,12.165525,15.033296,17.0,18.11077,18.439089,18.027756,15.652476,13.601471,10.630146,7.071068,3.605551,3.162278,5.385165,7.28011,10.198039,12.165525,14.035669,15.0,16.03122,16.03122,16.124515,16.124515,14.035669,13.0,11.18034,13.284768,14.21267,14.866069,15.620499,15.620499,15.620499,15.0,14.422205,11.661904,10.29563,8.944272,7.211103,6.403124,5.830952,5.09902,7.071068,9.219544,12.369317,13.928388,16.763055,18.681542,20.396078,20.223748,20.099751,19.104973,16.03122,14.035669,10.816654,13.038405,13.892444,14.317821,15.231546,14.317821,13.0,11.18034,10.29563,8.062258,7.071068,5.830952,5.09902,6.0,6.0,8.062258,8.062258,9.055385,10.049876,10.049876,10.049876,11.045361,11.18034,11.401754,11.7047,11.18034
hoyeon_stand_normal_01,1185,395,39.50215846994536,29.998360745314464,10,0.5334107875823975,0.6621703505516052,-0.0647293999791145,0.998542547225952,0.5361972451210022,0.6747073531150818,-0.0565849319100379,0.99732106924057,0.5369459986686707,0.6752182245254517,-0.0565956905484199,0.9968054890632628,0.537805438041687,0.6758758425712585,-0.0565749779343605,0.9973912239074708,0.5369376540184021,0.6749727725982666,-0.0803700685501098,0.9977805018424988,0.5380924940109253,0.675575852394104,-0.0803947299718856,0.9977787733078004,0.5394039154052734,0.6763270497322083,-0.08046605437994,0.9980655908584596,0.5467397570610046,0.6735380291938782,-0.0079195462167263,0.993860363960266,0.548086941242218,0.6731442213058472,-0.1155273988842964,0.9976248145103456,0.5372152328491211,0.6497572660446167,-0.0433445610105991,0.9981392025947572,0.5385066270828247,0.6498106122016907,-0.074520356953144,0.9986746311187744,0.5570753216743469,0.6030784845352173,0.0665739774703979,0.9989747405052184,0.5618476271629333,0.6105572581291199,-0.1639289706945419,0.9999322295188904,0.5560594201087952,0.4991710484027862,0.0892250463366508,0.1269497871398925,0.5596137642860413,0.5051419138908386,-0.1925180405378341,0.98614102602005,0.5580013990402222,0.4226816296577453,0.043047796934843,0.296438604593277,0.5449766516685486,0.4166978001594543,-0.1868124455213546,0.9721909761428832,0.5614060163497925,0.3959444463253021,0.0375414006412029,0.2775853276252746,0.5456857681274414,0.3891789615154266,-0.2087199389934539,0.951521098613739,0.5545641779899597,0.3913914263248443,0.0202660672366619,0.2834064960479736,0.5413866639137268,0.3878189921379089,-0.208643689751625,0.9487204551696776,0.5534239411354065,0.4014853835105896,0.0333890654146671,0.2638145089149475,0.5402175188064575,0.3967669308185577,-0.185652270913124,0.9216538071632384,0.5518119931221008,0.4224644899368286,0.0669414028525352,0.9959712624549866,0.555999755859375,0.4272374808788299,-0.0670188516378402,0.9967623949050904,0.5500308275222778,0.2816238403320312,0.0670593604445457,0.2669155299663543,0.5549746751785278,0.2820122838020324,-0.0589779615402221,0.7571918964385986,0.5463664531707764,0.1379816532135009,0.1117837205529213,0.3210204541683197,0.5481231212615967,0.1339311003684997,-0.0140251964330673,0.7806481719017029,0.5503494143486023,0.1128126978874206,0.1115361303091049,0.4477684199810028,0.5544118285179138,0.1036266162991523,-0.0133959110826253,0.7481659054756165,0.5263689756393433,0.1128976196050643,0.0595982782542705,0.4964600205421448,0.5279886722564697,0.1043028160929679,-0.0799007415771484,0.8105535507202148,hoyeon_stand_normal_01,23.021729,22.022716,20.518285,18.439089,14.21267,11.401754,7.81025,7.28011,7.0,9.219544,10.77033,12.649111,14.56022,15.524175,17.464249,18.248288,19.104973,19.104973,19.026298,17.029386,15.033296,13.152946,11.7047,12.041595,14.422205,17.492856,9.433981,11.661904,13.928388,15.524175,16.124515,17.0,15.132746,14.142136,12.165525,10.198039,8.062258,7.071068,7.28011,6.708204,8.062258,9.433981,10.29563,10.29563,11.661904,11.661904,10.816654,11.313708,12.206556,13.892444,17.0,19.235384,8.544004,8.485281,8.062258,9.486833,11.18034,12.041595,14.0,15.033296,16.124515,16.278821,17.262677,18.248288,17.262677,18.248288,17.117243,17.117243,16.124515,14.142136,11.18034,8.544004,7.071068,7.071068,10.198039,13.601471,16.763055,19.646883,10.440307,13.0,15.652476,17.492856,17.804494,16.970563,15.620499,13.038405,9.848858,7.28011,4.0,1.414214,2.236068,5.09902,7.071068,9.0,11.045361,13.152946,14.317821,15.524175,15.524175,15.811388,15.811388,14.56022,13.152946,11.045361,16.201667999999998,14.815446,12.628943,11.401754,9.472136,9.757587,10.385165,11.707339,13.1900345,15.2620875,15.921304,17.290746,17.9109045,18.314415500000003,19.7735745,19.1701785,17.916125,16.401219,13.601471,10.7234,7.7130115,5.5908915,7.807536,10.5479425,13.814539,15.583021,8.959631,8.0776875,6.2281165000000005,6.0413815,7.8390155,10.0975625,12.467239,14.644137,15.6838685,16.6394105,17.014693,16.477082000000003,14.8268755,13.7469575,13.319938,12.843758,11.683302,11.216117,11.291047,11.8517495,12.883163499999998,14.2821705,16.0451045,17.1170185,17.859780999999998,18.371168
hoyeon_stand_normal_01,1188,396,39.60216393442623,29.998360745314464,10,0.5334180593490601,0.6634001135826111,-0.0649610087275505,0.9985703229904176,0.5364509224891663,0.6758871674537659,-0.056763682514429,0.9973888993263244,0.5372554063796997,0.6764367818832397,-0.0567745938897132,0.996887981891632,0.5381743907928467,0.6771554946899414,-0.0567533858120441,0.9974594712257384,0.537058413028717,0.6760988831520081,-0.0805569142103195,0.9978290796279908,0.5381803512573242,0.6767107248306274,-0.0805822983384132,0.9978265762329102,0.5394637584686279,0.677479088306427,-0.0806538090109825,0.99810791015625,0.5468634963035583,0.6741518974304199,-0.0080010564997792,0.9940189123153688,0.5480688214302063,0.673629105091095,-0.1155569925904274,0.9976806640625,0.5371589660644531,0.6510668992996216,-0.0435602515935897,0.9981844425201416,0.5383533835411072,0.6509741544723511,-0.0747158527374267,0.9987030029296876,0.5570976734161377,0.6031379103660583,0.0666218176484108,0.9989847540855408,0.5614897608757019,0.610457181930542,-0.1645359396934509,0.9999314546585084,0.5561909079551697,0.4990840256214142,0.089200273156166,0.1267801076173782,0.55946946144104,0.5046961307525635,-0.1927694529294967,0.9859488606452942,0.5581971406936646,0.422663003206253,0.0422232486307621,0.2975427806377411,0.5447543263435364,0.4166498482227325,-0.1873302310705185,0.9716790914535522,0.5615442991256714,0.3959508538246155,0.0365714468061924,0.278672307729721,0.5454872846603394,0.3891187608242035,-0.2093537151813507,0.9506715536117554,0.5549870729446411,0.3914030194282532,0.0193272419273853,0.284525990486145,0.5412195920944214,0.3877720236778259,-0.2090664207935333,0.9477748870849608,0.5540173053741455,0.4014464914798736,0.032498363405466,0.2647105753421783,0.5400413274765015,0.396701842546463,-0.1861116886138916,0.9204988479614258,0.5520899295806885,0.4224618077278137,0.0671744495630264,0.9960404634475708,0.5558227896690369,0.427231878042221,-0.0672531649470329,0.996800184249878,0.550033450126648,0.281609833240509,0.0668859183788299,0.2668510675430298,0.5550369620323181,0.2819929122924804,-0.059095025062561,0.7575249671936035,0.5465661287307739,0.1379421800374984,0.111411340534687,0.3232599198818207,0.5485172271728516,0.1338045597076416,-0.0140846641734242,0.7819494009017944,0.5502510666847229,0.1108393147587776,0.1112003698945045,0.4496597945690155,0.5544545650482178,0.1033394709229469,-0.0134350722655653,0.7486349940299988,0.5263413190841675,0.1129150390625,0.0595331192016601,0.4991465806961059,0.5280211567878723,0.1043048501014709,-0.080606073141098,0.8116810321807861,hoyeon_stand_normal_01,23.086793,23.021729,21.095023,19.235384,15.297059,11.18034,8.0,6.708204,6.403124,8.944272,11.7047,13.928388,15.231546,17.464249,19.235384,19.723083,20.248457,20.0,19.849433,18.439089,16.401219,13.038405,10.77033,10.049876,13.928388,17.888544,9.433981,11.401754,13.453624,15.620499,16.401219,16.124515,15.231546,13.601471,11.7047,9.486833,7.615773,6.403124,6.403124,8.062258,8.944272,9.848858,9.848858,10.77033,11.18034,10.77033,10.440307,10.049876,12.041595,14.317821,17.720045,20.615528,10.29563,9.899495,9.433981,10.440307,11.045361,13.038405,13.152946,14.317821,15.524175,15.811388,16.492423,17.464249,17.464249,17.720045,17.464249,16.492423,15.297059,13.341664,10.440307,7.211103,5.385165,7.071068,11.18034,14.764823,18.35756,21.023796,12.041595,14.317821,16.763055,18.384776,18.35756,18.027756,15.620499,13.453624,10.0,7.211103,3.162278,3.162278,6.082763,9.055385,11.0,13.0,15.033296,16.278821,17.262677,17.464249,17.464249,16.278821,15.297059,14.035669,12.0,13.662091,15.524175,14.317821,13.341664,10.77033,9.433981,9.219544,10.0,10.816654,12.206556,14.422205,15.0,16.278821,17.029386,17.804494,18.35756,17.888544,18.027756,15.811388,13.601471,10.77033,8.062258,5.830952,7.0,10.198039,12.649111,14.866069,10.0,7.81025,7.211103,7.28011,8.062258,10.440307,13.0,13.928388,15.231546,16.763055,16.492423,16.278821,15.132746,14.035669,13.038405,13.038405,12.041595,11.045361,11.045361,11.18034,12.369317,13.601471,14.866069,16.763055,17.720045,17.720045
hoyeon_stand_normal_01,1191,397,39.7021693989071,29.998360745314464,10,0.5334194898605347,0.664288341999054,-0.0649202391505241,0.9986082911491394,0.5366527438163757,0.6767742037773132,-0.0567054003477096,0.9974716901779176,0.5374917984008789,0.6773400902748108,-0.0567166060209274,0.9969894886016846,0.5384474992752075,0.6780831813812256,-0.0566948093473911,0.997543215751648,0.5371691584587097,0.6769706606864929,-0.0805035531520843,0.9978907108306884,0.5382673144340515,0.6775943040847778,-0.0805294215679168,0.9978881478309632,0.5395300984382629,0.6783702969551086,-0.0806006342172622,0.9981616735458374,0.5469802618026733,0.6746253967285156,-0.0077815148979425,0.9942134618759156,0.5480589270591736,0.6740220189094543,-0.1152461096644401,0.9977502226829528,0.5370705723762512,0.6519815325737,-0.0435332804918289,0.998240053653717,0.538181483745575,0.6517895460128784,-0.0746913999319076,0.9987391829490662,0.5570970773696899,0.6031423211097717,0.0679093450307846,0.998995840549469,0.5611425638198853,0.6102119088172913,-0.1645455211400985,0.9999313950538636,0.5563466548919678,0.4990035593509674,0.0897158533334732,0.1260833740234375,0.5593121647834778,0.5041772723197937,-0.1928958892822265,0.9858360886573792,0.558361828327179,0.4224622547626495,0.0424455739557743,0.2971099019050598,0.5446215867996216,0.4163964688777923,-0.1874023526906967,0.971247136592865,0.5616747736930847,0.3959529399871826,0.0369183793663978,0.2785593867301941,0.5453519225120544,0.388993352651596,-0.2094650268554687,0.9499428868293762,0.555159330368042,0.3914058208465576,0.019641887396574,0.2844039499759674,0.5411223769187927,0.3876459002494812,-0.2094131261110305,0.94694584608078,0.5542783737182617,0.4013605713844299,0.0327275060117244,0.2645597159862518,0.5399594902992249,0.3965270221233368,-0.1862087100744247,0.9194856286048888,0.5524695515632629,0.4224736392498016,0.0678610354661941,0.9961244463920592,0.555690586566925,0.4272273182868957,-0.0679409131407737,0.9968525171279908,0.5500574707984924,0.2816243469715118,0.0668375939130783,0.2663261890411377,0.555097758769989,0.28199303150177,-0.0594926476478576,0.7597465515136719,0.5467318892478943,0.1379423290491104,0.1110366135835647,0.3257658183574676,0.5488376021385193,0.1337057054042816,-0.0150081627070903,0.7846757769584656,0.5502244234085083,0.1097104623913765,0.1108240932226181,0.4520808756351471,0.5546454787254333,0.102925606071949,-0.0145515510812401,0.7507285475730896,0.5262806415557861,0.1129947528243064,0.0590690560638904,0.5025217533111572,0.5280200242996216,0.1043073162436485,-0.0821117684245109,0.8140364289283752,hoyeon_stand_normal_01,16.145170999999998,16.030699,16.287,15.4038155,14.011838,13.200877,11.7426405,10.2686125,10.226812,10.4870665,11.042019,10.9343275,11.185235,11.6003135,11.2816345,12.167202,13.655427,14.9622395,16.103278,16.5,17.3005375,17.5305605,17.240969,17.7348155,19.1527775,19.921521,9.949367,11.3494935,11.1900395,11.51561,11.6769705,11.4935125,11.6672125,11.2068345,10.8020975,10.4002705,9.296909,8.815073,8.4852815,8.249827,8.5146425,8.829554,8.5299805,9.657167,9.9128575,10.410103,11.147815,11.815073,13.5207975,14.228937,15.5178345,15.8615415,17.720045,17.720045,17.720045,16.155494,14.866069,14.317821,12.083046,10.29563,8.602325,7.071068,5.0,4.0,4.472136,6.403124,8.944272,10.77033,13.928388,16.155494,19.313208,20.615528,21.931712,22.36068,21.095023,19.416488,17.204651,13.453624,7.615773,6.082763,4.123106,1.0,2.0,5.09902,7.28011,9.486833,10.77033,12.083046,11.661904,12.206556,10.816654,10.0,8.602325,7.81025,5.830952,3.605551,2.0,3.162278,5.0,7.071068,10.198039,12.165525,14.317821,16.278821,16.124515,14.764823,12.529964,11.7047,10.049876,10.0,11.18034,12.369317,14.317821,15.297059,16.124515,17.029386,18.0,18.248288,19.416488,18.973666,18.384776,16.552945,14.317821,10.77033,8.062258,7.28011,8.485281,10.816654,13.892444,16.124515,9.055385,7.0,6.324555,6.403124,8.062258,9.848858,12.649111,14.866069,16.155494,16.155494,16.552945,16.124515,15.264338,13.601471,12.806248,12.806248,11.401754,12.206556,11.18034,11.18034,13.0,14.317821,16.155494,17.464249,17.888544,17.888544
hoyeon_stand_normal_01,1194,398,39.802174863387975,29.998360745314464,10,0.5334182977676392,0.6646385192871094,-0.0648791491985321,0.9986401200294496,0.5367534756660461,0.6770412921905518,-0.0566539168357849,0.9975444674491882,0.5376096963882446,0.6776043176651001,-0.0566650442779064,0.9970776438713074,0.5385822057723999,0.6783556342124939,-0.0566432513296604,0.9976152777671814,0.5372191071510315,0.6772624254226685,-0.0804331749677658,0.9979436993598938,0.5383049845695496,0.6779003143310547,-0.080458864569664,0.9979398250579834,0.5395573377609253,0.6786972880363464,-0.0805297344923019,0.9982072710990906,0.547051727771759,0.6748113632202148,-0.0077475854195654,0.9943880438804626,0.548043966293335,0.6741923093795776,-0.115231342613697,0.9978103041648864,0.5369899868965149,0.6523715853691101,-0.0434971041977405,0.998288094997406,0.5380256772041321,0.6521617770195007,-0.0746200010180473,0.9987700581550598,0.5570945143699646,0.6031405925750732,0.0679552555084228,0.9990087151527404,0.5609112977981567,0.6100216507911682,-0.1645149886608123,0.999931573867798,0.5564069747924805,0.4989372491836548,0.0897370502352714,0.1254815012216568,0.5591181516647339,0.503895103931427,-0.1928438395261764,0.9857212901115416,0.5583649277687073,0.4222351312637329,0.0423425696790218,0.2966108024120331,0.544562041759491,0.4161587953567505,-0.1874153316020965,0.9709230661392212,0.561654269695282,0.3959135413169861,0.0367978811264038,0.2782804071903229,0.5452563166618347,0.3888725936412811,-0.2094734460115432,0.949388325214386,0.555107831954956,0.3913691341876983,0.0195878222584724,0.2841393649578094,0.5410917401313782,0.3875004351139068,-0.2094446569681167,0.9463281631469728,0.5542688965797424,0.4011713564395904,0.0326099470257759,0.2642937898635864,0.5399503707885742,0.3963211476802826,-0.1862690597772598,0.918803870677948,0.5526666641235352,0.4225600361824035,0.0679143294692039,0.9961956143379213,0.5556272864341736,0.4272575378417969,-0.0679946988821029,0.9968994855880736,0.5500573515892029,0.2816781103610992,0.0667340382933616,0.2643826901912689,0.5551300644874573,0.2820154726505279,-0.0594986453652381,0.758097231388092,0.5467374324798584,0.1380212754011154,0.1109518185257911,0.3256550133228302,0.5488672852516174,0.1337210983037948,-0.0151137821376323,0.78412926197052,0.5499980449676514,0.1094315871596336,0.1106798201799392,0.4522231221199035,0.5546790957450867,0.1027430891990661,-0.0146604096516966,0.7504026889801025,0.5262736082077026,0.1130020096898078,0.0589295476675033,0.5028005838394165,0.5280343294143677,0.1043108999729156,-0.082137294113636,0.8138765692710876,hoyeon_stand_normal_01,21.0,21.095023,19.235384,17.464249,13.601471,10.440307,7.071068,5.09902,5.656854,6.708204,8.544004,10.77033,12.083046,14.317821,15.652476,16.643317,17.492856,17.804494,17.029386,15.620499,14.21267,11.401754,8.544004,8.062258,11.18034,14.422205,8.485281,11.401754,13.601471,14.764823,15.231546,15.524175,14.317821,13.038405,11.045361,9.055385,7.28011,6.708204,6.403124,7.071068,7.81025,8.602325,10.0,10.0,10.0,10.0,8.944272,9.486833,10.049876,12.041595,15.132746,17.262677,17.0,17.0,17.029386,16.03122,15.132746,13.152946,11.401754,9.486833,8.944272,7.211103,5.656854,5.385165,5.0,6.708204,8.602325,10.630146,14.142136,16.278821,18.384776,20.518285,21.260292,22.022716,20.808652,19.416488,17.0,14.317821,8.062258,7.0,5.0,2.0,1.414214,3.605551,5.830952,7.81025,9.219544,9.899495,10.630146,10.630146,10.0,9.433981,8.062258,6.708204,4.472136,2.828427,1.0,2.236068,5.0,8.0,10.049876,12.041595,14.035669,16.03122,14.142136,14.142136,15.556349,15.556349,15.556349,14.142136,12.806248,12.206556,10.816654,8.062258,7.211103,5.656854,4.472136,5.0,6.324555,8.544004,11.18034,14.317821,16.552945,18.384776,19.313208,19.924859,18.681542,17.464249,16.278821,13.152946,12.041595,14.21267,15.0,16.401219,15.811388,15.264338,13.892444,12.206556,10.0,8.602325,7.071068,6.708204,6.324555,6.0,7.071068,7.071068,8.062258,9.055385,10.198039,10.198039,10.198039,10.198039,10.440307,10.77033,11.18034,12.206556
hoyeon_stand_normal_01,1197,399,39.902180327868855,29.998360745314464,10,0.5334214568138123,0.664965808391571,-0.0648545697331428,0.9986640810966492,0.536866307258606,0.6772764325141907,-0.0565967224538326,0.9976019263267516,0.5377368330955505,0.6778264045715332,-0.0566080622375011,0.9971466660499572,0.5387266278266907,0.6785794496536255,-0.0565860606729984,0.997673511505127,0.5372880101203918,0.6775655150413513,-0.0803780555725097,0.997983455657959,0.5383622050285339,0.678239107131958,-0.0804035514593124,0.9979771971702576,0.5396040678024292,0.6790761947631836,-0.08047416806221,0.9982409477233888,0.547144889831543,0.6749957799911499,-0.0076177949085831,0.9945260882377625,0.548038125038147,0.6743402481079102,-0.1150364354252815,0.9978536367416382,0.5369638800621033,0.6527343988418579,-0.0434579886496067,0.9983268976211548,0.5379458069801331,0.652496874332428,-0.074560560286045,0.9987927079200744,0.5571253299713135,0.6031382083892822,0.0687602534890174,0.9990203380584716,0.5606869459152222,0.609848141670227,-0.1645724922418594,0.9999316334724426,0.5565084218978882,0.4988353550434112,0.0901005566120147,0.1248043328523635,0.5589682459831238,0.5035974979400635,-0.1929264217615127,0.9856348633766174,0.5585659146308899,0.42190682888031,0.0424550920724868,0.2966101467609405,0.5444719791412354,0.4159986972808838,-0.1876012831926345,0.9706783294677734,0.5618150234222412,0.3958800137042999,0.0369743816554546,0.2783490419387817,0.5451259613037109,0.3887722194194793,-0.2098628133535385,0.9489527344703674,0.5552693605422974,0.391357958316803,0.0197402462363243,0.284188836812973,0.5410270094871521,0.387400358915329,-0.2099193036556244,0.9458217620849608,0.554500937461853,0.4010517597198486,0.0327268801629543,0.2642425298690796,0.5399142503738403,0.3961898684501648,-0.1865270733833313,0.9182230234146118,0.5531060695648193,0.4225102066993713,0.0681275576353073,0.9962602853775024,0.5555359125137329,0.4271752536296844,-0.068210132420063,0.9969371557235718,0.5501206517219543,0.2814447283744812,0.066837303340435,0.2618899941444397,0.5551536083221436,0.2818144261837005,-0.0595169998705387,0.7560018301010132,0.5467811226844788,0.1379102617502212,0.1109845265746116,0.3247123956680298,0.5489002466201782,0.1336700320243835,-0.0150123704224824,0.7832573652267456,0.5499435663223267,0.1086067035794258,0.1107292920351028,0.4518375992774963,0.5546696186065674,0.1020954996347427,-0.0145373344421386,0.7499457597732544,0.5262666344642639,0.1129802092909812,0.058799859136343,0.5022470355033875,0.5280336141586304,0.1043136268854141,-0.082045204937458,0.8133695125579834,hoyeon_stand_normal_01,9.055385,9.848858,10.630146,12.727922,14.142136,15.556349,15.556349,14.866069,14.21267,12.806248,11.401754,9.219544,8.485281,6.403124,6.082763,6.324555,8.062258,10.630146,14.142136,17.691806,21.213203,24.758837,26.248809,26.627054,26.41969,24.166092,11.661904,10.816654,9.433981,7.615773,7.071068,7.071068,7.615773,8.944272,10.29563,11.18034,10.77033,10.77033,10.77033,9.486833,8.544004,8.062258,6.403124,7.211103,8.062258,10.440307,12.369317,13.341664,14.56022,14.56022,14.56022,12.369317,10.0,9.899495,10.29563,10.440307,12.165525,13.038405,14.0,15.033296,16.124515,16.124515,17.117243,17.117243,18.11077,18.11077,18.027756,17.0,16.03122,14.035669,11.045361,8.544004,6.403124,7.28011,10.0,14.142136,17.262677,20.099751,11.18034,13.038405,15.033296,16.124515,16.492423,16.155494,13.892444,11.401754,8.485281,5.656854,2.236068,3.605551,6.324555,8.246211,10.198039,13.152946,14.035669,16.0,16.03122,17.029386,16.124515,15.033296,15.033296,13.0,12.165525,14.5348125,14.764823,15.652476,15.652476,16.552945,15.652476,14.764823,13.892444,12.206556,10.816654,8.602325,8.062258,5.385165,5.09902,5.09902,6.708204,9.219544,12.041595,14.142136,16.278821,18.439089,20.0,20.0,19.723083,18.35756,15.652476,13.416408,10.816654,12.206556,13.601471,14.21267,14.866069,14.142136,12.727922,11.313708,9.219544,7.211103,6.324555,6.082763,5.09902,6.324555,6.708204,8.062258,8.602325,9.433981,9.433981,10.29563,10.29563,10.816654,10.816654,11.401754,11.313708,12.206556
hoyeon_stand_normal_01,1200,400,40.00218579234973,29.998360745314464,10,0.5334702134132385,0.6658769845962524,-0.0645874366164207,0.9986857771873474,0.537082850933075,0.6781785488128662,-0.0563122779130935,0.997651994228363,0.5379549860954285,0.678708553314209,-0.0563242360949516,0.9972076416015624,0.5389567017555237,0.6794484853744507,-0.0563021413981914,0.9977237582206726,0.5375009179115295,0.6785526871681213,-0.0800384357571601,0.9980181455612184,0.5385932922363281,0.6792584657669067,-0.0800646468997001,0.9980112314224244,0.5398582220077515,0.6800881624221802,-0.0801359862089157,0.9982718229293824,0.5473407506942749,0.6755538582801819,-0.007268195040524,0.9946459531784058,0.5480997562408447,0.6748244166374207,-0.114299789071083,0.9978957772254944,0.5369589328765869,0.6534250974655151,-0.043183721601963,0.9983634948730468,0.5379366278648376,0.6531247496604919,-0.0741800218820571,0.998814582824707,0.5570918917655945,0.6031401753425598,0.069538302719593,0.9990277290344238,0.5606682896614075,0.6096578240394592,-0.1645283848047256,0.9999314546585084,0.5564962029457092,0.498831182718277,0.0905679389834404,0.1240288987755775,0.5589540004730225,0.503607988357544,-0.1927311718463897,0.9855464696884156,0.5585653185844421,0.4218823611736297,0.0425342135131359,0.2966586053371429,0.5444551110267639,0.4159961640834808,-0.1877245903015136,0.9704272150993348,0.561818540096283,0.3958608210086822,0.036988265812397,0.2785309851169586,0.5451196432113647,0.388768196105957,-0.21003158390522,0.9485118985176086,0.555285632610321,0.391356885433197,0.0197678189724683,0.2843816876411438,0.5410180687904358,0.3873961865901947,-0.2100429236888885,0.945309579372406,0.5545204281806946,0.4010192453861236,0.0327897928655147,0.2643235027790069,0.5399025678634644,0.3961827754974365,-0.1866538524627685,0.917673647403717,0.5530979633331299,0.4225083589553833,0.0681437030434608,0.996321737766266,0.5555509924888611,0.4271703958511352,-0.068224973976612,0.9969776272773744,0.550162672996521,0.2812522649765014,0.0666882172226905,0.2613621056079864,0.5553085207939148,0.2815960049629211,-0.0596287138760089,0.7562840580940247,0.5467804074287415,0.1377779096364975,0.1106503009796142,0.3260176479816437,0.5489323735237122,0.1336090713739395,-0.0151174208149313,0.7844022512435913,0.54982590675354,0.1080782413482666,0.1103349700570106,0.4531400501728058,0.554646372795105,0.1016526222229003,-0.0146769555285573,0.7506285905838013,0.5262492895126343,0.1125289052724838,0.057817492634058,0.5039345026016235,0.527993381023407,0.1042333543300628,-0.0827082842588424,0.8143990635871887,hoyeon_stand_normal_01,9.899495,10.29563,10.440307,12.041595,14.035669,15.033296,15.132746,14.142136,13.341664,12.369317,10.440307,9.219544,7.071068,6.0,5.385165,5.0,7.28011,10.049876,13.038405,16.0,19.026298,22.090722,24.33105,25.0,24.351591,21.931712,10.198039,9.219544,8.246211,6.324555,6.403124,6.403124,8.062258,8.944272,9.848858,10.77033,10.77033,10.29563,10.29563,8.944272,7.615773,7.28011,7.071068,8.062258,8.246211,9.848858,12.083046,13.416408,14.317821,14.317821,14.317821,12.083046,10.440307,10.0,10.630146,10.816654,12.083046,13.601471,14.317821,15.132746,17.117243,17.029386,18.027756,18.11077,19.104973,19.235384,18.248288,17.262677,16.278821,14.317821,12.165525,9.0,6.708204,8.062258,10.198039,14.142136,18.027756,20.099751,11.045361,14.142136,15.524175,17.464249,17.0,15.811388,14.866069,12.041595,8.602325,5.830952,2.236068,1.0,4.123106,6.082763,8.062258,11.0,13.038405,14.142136,15.524175,16.763055,16.763055,16.763055,16.763055,15.524175,14.317821,13.038405,15.652476,13.892444,12.529964,10.816654,9.219544,9.433981,9.848858,11.401754,12.649111,13.928388,14.317821,15.652476,16.643317,17.029386,17.691806,17.804494,17.204651,15.264338,13.892444,10.0,7.81025,6.324555,7.28011,10.29563,12.529964,14.764823,9.219544,7.211103,6.324555,6.082763,7.615773,8.602325,11.401754,12.806248,14.21267,15.0,15.264338,14.764823,13.892444,13.0,12.083046,11.7047,10.77033,10.77033,10.29563,11.661904,12.206556,13.601471,15.0,15.811388,16.643317,17.0
hoyeon_stand_normal_01,1203,401,40.1021912568306,29.998360745314464,10,0.5335986614227295,0.6667864918708801,-0.0643213912844657,0.9987292289733888,0.5373880863189697,0.679198145866394,-0.0560542233288288,0.9977426528930664,0.5382758378982544,0.6797118782997131,-0.0560673102736473,0.9973132014274596,0.5392971038818359,0.6804166436195374,-0.0560460537672042,0.997812032699585,0.5377858281135559,0.6796354055404663,-0.0797525718808174,0.9980864524841307,0.5388926863670349,0.6803547143936157,-0.0797789245843887,0.998075306415558,0.5401589274406433,0.681135892868042,-0.0798499137163162,0.9983298182487488,0.5475635528564453,0.6761936545372009,-0.0070856851525604,0.9948579668998718,0.5481716990470886,0.6753888130187988,-0.1139833182096481,0.9979689717292786,0.5369757413864136,0.654083788394928,-0.042947769165039,0.9984275102615356,0.5379416942596436,0.6537447571754456,-0.0738938301801681,0.9988558888435364,0.5571174621582031,0.6031985878944397,0.0695194154977798,0.999053716659546,0.5605917572975159,0.6094328165054321,-0.1642647087574005,0.9999310970306396,0.5565588474273682,0.4988252520561218,0.0903114601969719,0.1264475136995315,0.5589284300804138,0.5034701228141785,-0.1911322772502899,0.9854273796081544,0.5590492486953735,0.4218521416187286,0.0412393845617771,0.3036603331565857,0.5444305539131165,0.4159464538097381,-0.1844125390052795,0.9702526926994324,0.5622487664222717,0.3958604037761688,0.034747339785099,0.2842285633087158,0.5450900793075562,0.3887138366699219,-0.206534132361412,0.9481740593910216,0.5560150146484375,0.3913671970367431,0.0178056843578815,0.2901445627212524,0.5410088896751404,0.3873319923877716,-0.206892117857933,0.9449202418327332,0.5553979873657227,0.4010186791419983,0.0315127372741699,0.2693261504173279,0.5398975014686584,0.3961054980754852,-0.1834278255701065,0.9173402190208436,0.5532591342926025,0.4225025177001953,0.0677495971322059,0.9964112043380736,0.5555508136749268,0.4271430969238281,-0.0678316503763198,0.997033715248108,0.5503200888633728,0.2812134921550751,0.066494770348072,0.2622630894184112,0.5553411245346069,0.2815952599048614,-0.0590224154293537,0.7532109618186951,0.5467630624771118,0.1375310719013214,0.1106829494237899,0.3269244432449341,0.5488332509994507,0.1335120499134063,-0.0125875333324074,0.7825013995170593,0.5499250292778015,0.1093489304184913,0.1104628816246986,0.4531192183494568,0.554029643535614,0.1016676053404808,-0.0118284504860639,0.7476123571395874,0.5263534784317017,0.1121257990598678,0.0577782988548278,0.5043107867240906,0.5280687808990479,0.1041972786188125,-0.0798589214682579,0.8128722310066223,hoyeon_stand_normal_01,19.416488,20.223748,18.027756,16.0,13.038405,10.0,8.062258,5.830952,6.403124,7.615773,9.848858,11.7047,13.0,14.317821,15.652476,16.124515,17.492856,18.027756,17.204651,16.401219,13.601471,11.661904,10.440307,10.049876,12.649111,15.652476,8.246211,10.77033,13.038405,14.21267,14.866069,13.601471,13.892444,12.083046,9.848858,7.615773,5.830952,5.656854,5.385165,6.324555,7.071068,8.246211,9.219544,9.486833,9.486833,9.486833,9.219544,9.0,10.198039,11.401754,13.928388,17.088007,9.3267625,9.081908,9.3267625,9.7683545,11.6109675,12.1846585,13.81857,14.5041025,15.2643025,16.415883,17.363463,17.363463,17.5724995,18.138022,17.5724995,16.8962205,15.422342,13.319938,11.18034,8.109049,7.566663,9.1374645,11.700877,15.472067,19.104525,21.467676500000003,12.062320499999998,14.9496825,16.2618215,18.179529,18.354649,18.027756,15.9656485,13.319938,9.924429,7.1410855,3.605551,1.0,2.5322475,5.1925825,7.671184,9.949367,11.8731475,13.3007355,15.1651775,15.6560585,16.124515,16.124515,15.132746,14.142136,13.170832,10.9078455,15.0,16.03122,16.03122,17.029386,16.0,15.0,14.035669,13.038405,11.18034,10.049876,8.062258,7.0,6.324555,5.830952,7.81025,9.433981,12.529964,14.317821,16.552945,18.788294,19.723083,20.248457,20.808652,18.601075,17.029386,14.21267,11.045361,13.038405,14.0,15.033296,15.033296,14.142136,13.152946,12.041595,10.0,8.062258,7.28011,6.708204,6.403124,6.403124,7.211103,8.062258,8.944272,10.29563,10.29563,10.29563,11.18034,11.18034,12.083046,11.7047,12.369317,13.152946
hoyeon_stand_normal_01,1206,402,40.20219672131147,29.998360745314464,10,0.5337321758270264,0.6674472689628601,-0.0645715445280075,0.9987693428993224,0.5376592874526978,0.6799886226654053,-0.0562715493142604,0.99782395362854,0.5385453701019287,0.6804823875427246,-0.0562849082052707,0.9974083304405212,0.5395612716674805,0.6811432242393494,-0.0562636144459247,0.997890830039978,0.5380719304084778,0.6804616451263428,-0.0800395831465721,0.9981479048728944,0.5391961932182312,0.6811781525611877,-0.0800663232803344,0.9981334805488586,0.5404626727104187,0.6819082498550415,-0.0801370069384574,0.9983811974525452,0.5477571487426758,0.6767180562019348,-0.0071478812023997,0.9950467944145204,0.5482860207557678,0.6759423613548279,-0.1142926961183548,0.9980368614196776,0.5369994640350342,0.6546329259872437,-0.043108619749546,0.998487651348114,0.5379588603973389,0.654323399066925,-0.0741323679685592,0.998894989490509,0.557120680809021,0.6032489538192749,0.0694877728819847,0.9990817308425904,0.5605698227882385,0.6093173027038574,-0.1646568477153778,0.999931275844574,0.556560754776001,0.4988128244876861,0.0897901430726051,0.1288054436445236,0.5588827133178711,0.5033696889877319,-0.1911769211292266,0.9853432774543762,0.5591484308242798,0.421733945608139,0.0383345745503902,0.3105824589729309,0.5444236993789673,0.4159235656261444,-0.1843017041683197,0.9700930118560792,0.5622693300247192,0.3958238959312439,0.0310145039111375,0.2899475693702698,0.5450524091720581,0.3886989653110504,-0.2065467685461044,0.9478707313537598,0.5561200380325317,0.3913694322109222,0.0142156779766082,0.295946329832077,0.5410064458847046,0.3872974514961242,-0.206979364156723,0.9445515275001526,0.5555981993675232,0.4010030925273895,0.028564216569066,0.274447500705719,0.5399011373519897,0.3960546553134918,-0.1833436787128448,0.9170293807983398,0.5532820820808411,0.4221740365028381,0.0677475109696388,0.9965207576751708,0.5555608868598938,0.4267804026603699,-0.0678295195102691,0.9971063733100892,0.5503593683242798,0.2809486985206604,0.0687636360526084,0.2625229060649872,0.5553497076034546,0.2813332378864288,-0.0564355142414569,0.751617968082428,0.5467872023582458,0.1372157037258148,0.1166573390364646,0.3280055522918701,0.5488430857658386,0.1332082599401474,-0.0063373683951795,0.7819847464561462,0.5503244996070862,0.1101862639188766,0.1169116050004959,0.4542637169361114,0.5539211630821228,0.1014100536704063,-0.0052268709987401,0.7465707659721375,0.5263859629631042,0.1118131950497627,0.0644574016332626,0.5058466792106628,0.5280711650848389,0.1039879769086837,-0.0730702579021453,0.8126468658447266,hoyeon_stand_normal_01,10.0,11.18034,12.083046,13.038405,13.892444,15.264338,15.264338,14.764823,14.317821,13.416408,11.18034,10.29563,8.602325,7.071068,6.708204,7.071068,8.062258,10.440307,13.928388,16.552945,19.697716,22.847319,24.351591,25.70992,25.317978,23.086793,9.219544,7.81025,7.071068,5.0,4.123106,4.123106,5.830952,8.062258,9.433981,10.29563,10.77033,10.440307,9.486833,8.544004,7.28011,6.708204,5.830952,6.403124,8.062258,9.848858,10.77033,12.649111,13.928388,13.928388,13.928388,12.649111,11.045361,11.045361,10.77033,11.661904,13.453624,14.21267,15.811388,16.643317,17.492856,19.235384,19.723083,19.723083,20.248457,20.248457,20.248457,19.416488,18.601075,15.811388,13.038405,9.848858,8.0,8.602325,11.401754,16.124515,19.235384,22.472205,12.206556,14.21267,16.970563,18.439089,18.867962,17.888544,15.811388,13.341664,10.049876,7.0,3.162278,4.123106,6.324555,8.944272,11.18034,13.038405,15.0,17.029386,17.691806,18.384776,18.384776,17.691806,16.278821,15.0,13.038405,11.04409275,15.556349,14.142136,12.041595,10.816654,9.848858,9.219544,10.049876,11.0,13.0,14.035669,15.132746,16.278821,16.763055,17.464249,17.492856,17.204651,17.029386,14.866069,12.727922,10.0,7.615773,6.0,8.062258,11.313708,13.453624,15.556349,8.544004,7.28011,6.0,6.708204,7.071068,9.433981,11.661904,13.892444,14.422205,16.401219,15.620499,14.866069,14.866069,13.453624,12.806248,11.401754,10.0,10.630146,11.313708,12.041595,12.806248,13.601471,15.0,16.401219,17.804494,17.029386
hoyeon_stand_normal_01,1209,403,40.302202185792346,29.998360745314464,10,0.5338947176933289,0.6681655049324036,-0.0644474402070045,0.9987995624542236,0.5378856658935547,0.6809082627296448,-0.0560949966311454,0.9978825449943542,0.5387488007545471,0.6813545227050781,-0.0561086311936378,0.9974793791770936,0.5397432446479797,0.6819396615028381,-0.0560864880681037,0.9979501962661744,0.5383324027061462,0.6813938617706299,-0.0799460932612419,0.9981930255889891,0.5394608974456787,0.6820667386054993,-0.0799731314182281,0.9981781840324402,0.5407220125198364,0.6827223300933838,-0.0800442472100257,0.9984191656112672,0.5478944182395935,0.6773313879966736,-0.0067589757964015,0.995181918144226,0.5483913421630859,0.6766337752342224,-0.1142602860927581,0.9980850219726562,0.537029504776001,0.6553338766098022,-0.0429100170731544,0.9985339045524596,0.5379859805107117,0.655087411403656,-0.074035458266735,0.998924195766449,0.5571225881576538,0.6033164262771606,0.070390336215496,0.9990992546081544,0.5605646967887878,0.6093140840530396,-0.1648361682891845,0.9999315142631532,0.5565630793571472,0.4988307356834411,0.0910347700119018,0.1303299665451049,0.558865487575531,0.503422737121582,-0.1916649788618087,0.9853528141975404,0.5592369437217712,0.4217526614665985,0.0386443845927715,0.3156899213790893,0.5444120168685913,0.4159262180328369,-0.1857707351446151,0.9700987935066224,0.5622996091842651,0.3958236873149872,0.0313726142048835,0.2943763136863708,0.5449916124343872,0.3886979818344116,-0.2087198197841644,0.9478448033332824,0.5561952590942383,0.3914221227169037,0.0146061517298221,0.3004542589187622,0.5409888029098511,0.387292206287384,-0.2091947346925735,0.9444521069526672,0.5557194948196411,0.4010165929794311,0.0287845972925424,0.2785147726535797,0.5399003624916077,0.3960495293140411,-0.1848838329315185,0.9169475436210632,0.5532861351966858,0.4220510423183441,0.0683512762188911,0.9966251254081726,0.5556212663650513,0.4267137348651886,-0.0684347152709961,0.9971795082092284,0.5503938794136047,0.2808361053466797,0.0700888410210609,0.2629666328430176,0.5554760098457336,0.2812393605709076,-0.0564038604497909,0.7548002600669861,0.5468027591705322,0.1371043622493744,0.1179908439517021,0.3312378823757171,0.5488820672035217,0.132885605096817,-0.0074486467055976,0.78598552942276,0.55012047290802,0.1084819883108139,0.1182213127613067,0.4578832983970642,0.5539382696151733,0.1007867529988288,-0.0065864040516316,0.7499634623527527,0.5263239741325378,0.1116642653942108,0.0661611855030059,0.5106012225151062,0.5276484489440918,0.1037429124116897,-0.0744952484965324,0.8161024451255798,hoyeon_stand_normal_01,12.041595,11.401754,12.529964,15.0,16.401219,17.804494,18.601075,18.027756,16.643317,15.264338,13.038405,10.816654,9.219544,8.602325,7.28011,8.062258,9.848858,13.892444,17.204651,21.400935,25.0,28.84441,31.38471,32.202484,32.310989,30.364453,12.806248,11.661904,9.433981,6.403124,5.0,6.0,7.28011,9.848858,11.7047,12.649111,13.341664,13.152946,12.165525,11.045361,9.055385,8.246211,6.708204,7.071068,8.602325,10.77033,12.649111,14.866069,17.088007,17.464249,16.552945,14.866069,10.0,10.0,10.77033,11.401754,12.041595,13.0,15.132746,16.124515,17.262677,17.464249,18.248288,18.439089,19.235384,19.235384,18.11077,18.11077,16.124515,15.132746,12.165525,9.848858,8.485281,9.219544,12.0,15.132746,19.235384,22.090722,11.045361,14.035669,16.03122,17.262677,17.720045,17.464249,15.264338,12.806248,9.899495,6.403124,3.162278,1.414214,2.828427,5.830952,8.544004,10.440307,12.165525,14.035669,15.0,16.03122,16.03122,16.03122,15.033296,14.035669,13.038405,11.18034,16.970563,15.556349,13.453624,12.206556,9.848858,10.440307,11.045361,12.041595,14.035669,15.033296,17.262677,17.464249,18.027756,18.788294,19.723083,19.416488,18.439089,16.278821,13.453624,11.401754,8.544004,7.071068,8.944272,11.401754,14.866069,16.278821,8.544004,7.28011,6.0,6.708204,7.81025,10.816654,13.038405,14.422205,16.401219,17.029386,17.691806,16.970563,14.866069,13.601471,12.206556,12.206556,11.401754,11.401754,12.041595,12.041595,12.806248,14.21267,16.401219,17.691806,18.439089,18.384776
hoyeon_stand_normal_01,1212,404,40.402207650273226,29.998360745314464,10,0.5341386795043945,0.6682249307632446,-0.0643827840685844,0.998829424381256,0.5381503701210022,0.6810519099235535,-0.0560657382011413,0.997940182685852,0.5389947295188904,0.681504487991333,-0.0560796521604061,0.9975473880767822,0.5399665832519531,0.6820907592773438,-0.0560576431453228,0.9980071783065796,0.5386629104614258,0.6815574169158936,-0.079895332455635,0.998237133026123,0.5398188829421997,0.6822408437728882,-0.0799225568771362,0.9982209801673888,0.5410900712013245,0.6828984022140503,-0.0799939632415771,0.9984561204910278,0.548163115978241,0.6776068806648254,-0.0067542321048676,0.9953162670135498,0.5487045645713806,0.6769506335258484,-0.1141822561621666,0.9981315732002258,0.5371822118759155,0.6554559469223022,-0.0428571254014968,0.9985816478729248,0.5381890535354614,0.655227541923523,-0.0739473924040794,0.9989539980888368,0.5571200847625732,0.6033434867858887,0.0703602954745292,0.9991192817687988,0.5605726838111877,0.6092997789382935,-0.1647491455078125,0.9999316334724426,0.5565608143806458,0.4988284707069397,0.0910501554608345,0.1332587152719497,0.5588556528091431,0.5035127997398376,-0.191348448395729,0.9853528141975404,0.5592597723007202,0.4217903614044189,0.0390866659581661,0.323446661233902,0.5443949103355408,0.4159889221191406,-0.185837835073471,0.9702868461608888,0.5622676014900208,0.3958234488964081,0.0321794189512729,0.3008809685707092,0.5449473857879639,0.3887219727039337,-0.2087090015411377,0.9481187462806702,0.5561879873275757,0.3914481997489929,0.0152970310300588,0.3070899546146393,0.5409747362136841,0.3873043060302734,-0.2092024981975555,0.9446991086006165,0.5557184815406799,0.4010263383388519,0.0292439274489879,0.2844849824905395,0.5398982763290405,0.3960704803466797,-0.184951826930046,0.9173629879951476,0.5530788898468018,0.422048956155777,0.0682710483670234,0.996714413166046,0.5557101964950562,0.4267093241214752,-0.0683550164103508,0.9972430467605592,0.5503826141357422,0.2807051837444305,0.0698807686567306,0.263979971408844,0.5556299686431885,0.2811275422573089,-0.0563704520463943,0.7550519108772278,0.5467641353607178,0.1370376497507095,0.1168610751628875,0.3334097266197204,0.5489104986190796,0.1328172534704208,-0.0079961894080042,0.787144124507904,0.5495389699935913,0.1080865859985351,0.116969421505928,0.4596624076366424,0.553941011428833,0.100750908255577,-0.007206514943391,0.7502333521842957,0.526244044303894,0.1116069704294204,0.0648412406444549,0.5135728716850281,0.5276387333869934,0.1036291494965553,-0.0750991478562355,0.8173441290855408,hoyeon_stand_normal_01,10.0,9.219544,10.29563,11.401754,12.041595,13.453624,13.453624,12.806248,12.806248,11.401754,10.0,8.485281,7.071068,6.403124,5.385165,5.0,6.708204,8.602325,11.313708,13.453624,17.691806,19.79899,21.931712,22.803509,23.021729,21.470911,10.0,8.485281,7.071068,5.0,4.0,5.385165,7.211103,8.602325,10.816654,11.661904,11.18034,10.77033,10.440307,9.486833,8.544004,7.615773,6.403124,6.403124,7.615773,8.246211,10.198039,12.165525,13.152946,14.317821,14.317821,12.369317,10.049876,9.486833,10.0,11.313708,13.038405,13.416408,14.866069,16.763055,17.720045,18.681542,18.973666,19.924859,20.248457,20.248457,19.313208,18.384776,17.088007,14.866069,12.369317,9.0,8.062258,10.0,13.0,16.763055,20.880613,23.4094,12.529964,15.0,17.804494,18.384776,19.209373,18.35756,16.552945,13.601471,11.18034,7.0,4.0,1.0,3.0,6.082763,8.246211,10.77033,12.083046,13.892444,15.264338,17.204651,17.204651,17.204651,16.401219,15.0,13.892444,11.7047,15.838731499999998,15.495292,14.976762,14.566186000000002,13.290859,12.427924999999998,11.985905,11.7396165,12.2494925,11.5987605,11.3137085,11.5560745,11.249946,11.894147,12.3546655,14.0145255,14.742225,15.157245,15.585761,14.645554999999998,13.889694,13.647408,13.4634965,13.8600225,13.9264915,14.016648,11.576473,11.8090135,11.667808999999998,12.1986765,12.545822,13.0990195,14.3173835,13.952237,13.284768,12.7491825,11.8862665,11.4935125,10.71821,11.1055515,10.8078865,10.772002,10.7434165,11.2201535,11.4059625,11.4679275,12.428823,13.0112605,13.4629645,14.322294499999998,15.240341999999998,15.2195445
hoyeon_stand_normal_01,1215,405,40.5022131147541,29.998360745314464,10,0.5343129634857178,0.6683350205421448,-0.0630661770701408,0.998838484287262,0.5383760929107666,0.6812481880187988,-0.0547794103622436,0.9979618787765504,0.5392067432403564,0.6816881895065308,-0.054794356226921,0.9975736141204834,0.5401611924171448,0.6822556257247925,-0.0547725483775138,0.9980302453041076,0.5389254093170166,0.6817848086357117,-0.0786608308553695,0.9982491135597228,0.5400868654251099,0.6824677586555481,-0.0786880329251289,0.9982317090034484,0.5413535237312317,0.6831157803535461,-0.0787604674696922,0.9984660744667052,0.5483887195587158,0.6778176426887512,-0.0056574302725493,0.9953656196594238,0.5489658713340759,0.6772068738937378,-0.1132689341902732,0.9981476068496704,0.5372902154922485,0.6555929183959961,-0.0415831543505191,0.998601257801056,0.5383318066596985,0.6553925275802612,-0.0727376267313957,0.9989643096923828,0.55711829662323,0.6033645272254944,0.0712380334734916,0.9991258978843688,0.560573935508728,0.6092998385429382,-0.1643683761358261,0.9999310970306396,0.5565593838691711,0.4988555908203125,0.0916978791356086,0.133486196398735,0.5588730573654175,0.504028856754303,-0.1909557729959488,0.9852270483970642,0.559282660484314,0.4220210313796997,0.0392625667154789,0.3258541822433471,0.5443936586380005,0.4162899553775787,-0.1851177662611007,0.9700480103492736,0.5623014569282532,0.3959178030490875,0.0326489545404911,0.3030651807785034,0.54494708776474,0.3888773322105407,-0.207870751619339,0.947742998600006,0.5562804937362671,0.3916785717010498,0.0156983695924282,0.3093356490135193,0.540972888469696,0.3875070810317993,-0.2082460671663284,0.9442389607429504,0.5557398200035095,0.4012688994407654,0.0294550582766532,0.2865267097949981,0.5398944616317749,0.3963110446929931,-0.1841680705547332,0.91682106256485,0.5529702305793762,0.4219965040683746,0.06828473508358,0.9967816472053528,0.5557308793067932,0.4266893565654754,-0.0683678835630416,0.9972890615463256,0.5504093170166016,0.2806486487388611,0.0698281601071357,0.2634522914886474,0.5556895136833191,0.2811156213283539,-0.0561794862151145,0.7558203339576721,0.5467642545700073,0.1370167136192321,0.1167444661259651,0.3345691263675689,0.5489259362220764,0.1327467113733291,-0.007781570777297,0.7882718443870544,0.5492433309555054,0.1079890131950378,0.1168720051646232,0.4610125720500946,0.553942859172821,0.1007636412978172,-0.0069928937591612,0.7507659792900085,0.5261390209197998,0.1116502806544303,0.0649691149592399,0.5156977772712708,0.5273786187171936,0.1036387458443641,-0.074681781232357,0.8184916973114014,hoyeon_stand_normal_01,18.867962,18.601075,17.804494,16.278821,13.453624,10.630146,8.944272,8.246211,8.0,9.219544,10.440307,11.7047,12.649111,13.928388,15.811388,15.811388,16.763055,17.720045,17.464249,16.492423,15.524175,13.928388,12.529964,12.041595,13.892444,16.552945,9.433981,12.083046,14.56022,15.132746,16.03122,15.297059,14.866069,12.529964,10.29563,8.062258,5.385165,4.0,4.472136,6.403124,7.81025,9.219544,10.0,10.816654,11.661904,11.18034,10.816654,10.816654,11.313708,12.206556,13.892444,16.124515,17.204651,17.204651,17.029386,15.620499,14.866069,12.727922,11.313708,9.219544,7.211103,5.830952,4.123106,3.162278,4.242641,6.324555,8.062258,11.045361,13.0,16.03122,18.027756,20.099751,20.099751,21.213203,20.396078,18.681542,16.763055,13.0,7.071068,5.656854,2.828427,1.0,2.236068,4.123106,7.071068,9.055385,11.0,11.0,12.041595,11.18034,11.18034,9.219544,8.246211,7.28011,5.09902,4.0,2.236068,3.162278,5.09902,7.615773,10.29563,11.661904,14.422205,15.811388,13.453624,14.21267,15.620499,15.620499,15.620499,14.142136,13.453624,11.401754,10.0,8.602325,7.071068,5.0,4.472136,5.0,6.324555,8.944272,11.18034,13.892444,16.124515,17.888544,18.384776,19.313208,18.973666,17.720045,15.524175,12.369317,12.041595,13.453624,15.0,15.811388,15.811388,15.264338,13.892444,12.206556,10.0,7.81025,6.403124,5.830952,6.082763,6.0,7.071068,7.28011,8.246211,9.219544,10.198039,10.198039,11.18034,10.198039,10.440307,10.77033,11.661904,11.401754
hoyeon_stand_normal_01,1218,406,40.60221857923497,29.998360745314464,10,0.5344879031181335,0.6685362458229065,-0.0629861056804657,0.998830497264862,0.538610577583313,0.6815744042396545,-0.0546463131904602,0.997955322265625,0.5394285917282104,0.6819876432418823,-0.0546612553298473,0.9975666403770448,0.5403673052787781,0.6825241446495056,-0.0546388961374759,0.9980252385139464,0.5391923189163208,0.68215012550354,-0.0786400139331817,0.9982364773750304,0.540353536605835,0.6828147172927856,-0.0786674246191978,0.998217523097992,0.54161137342453,0.6834380626678467,-0.0787403136491775,0.9984549283981324,0.5486122965812683,0.6780385971069336,-0.0051323040388524,0.9953500032424928,0.5492318868637085,0.677462637424469,-0.1133219078183174,0.9981450438499452,0.5373961925506592,0.655709981918335,-0.0413703769445419,0.9986013770103456,0.5384740233421326,0.6555390357971191,-0.0727017000317573,0.998961865901947,0.557119607925415,0.6033728718757629,0.0726905539631843,0.9991275072097778,0.5605918765068054,0.6093105673789978,-0.1651581972837448,0.9999306201934814,0.556553065776825,0.4988603293895721,0.0925745144486427,0.132381796836853,0.5589134097099304,0.5045033693313599,-0.191849872469902,0.9851704835891724,0.5592899322509766,0.422046959400177,0.0393737107515335,0.3261789679527282,0.5445436835289001,0.4164678454399109,-0.1852791011333465,0.9698482751846312,0.5622981190681458,0.3959181010723114,0.0324841178953647,0.303551435470581,0.5450019836425781,0.3890340626239776,-0.2079703211784362,0.947391927242279,0.5562636256217957,0.3916799128055572,0.015465423464775,0.3098445832729339,0.5410572290420532,0.3876217007637024,-0.2083232998847961,0.9437990188598632,0.5556942224502563,0.4012724459171295,0.0294860955327749,0.2869874835014343,0.5400212407112122,0.3964490592479706,-0.1843123733997345,0.9163253307342528,0.5529617071151733,0.4217821061611175,0.0688125416636467,0.9968388676643372,0.5557765364646912,0.4265834987163543,-0.0688919350504875,0.9973258972167968,0.5504232048988342,0.2806064486503601,0.0737532824277877,0.2622450590133667,0.5556698441505432,0.2810873389244079,-0.0546552799642086,0.7560864090919495,0.5467725396156311,0.1370156556367874,0.1243417263031005,0.3347653448581695,0.5489255785942078,0.1327415406703949,-0.0028580063953995,0.7889625430107117,0.5492385029792786,0.1078133806586265,0.1248568221926689,0.4618512094020843,0.5539171695709229,0.1007064059376716,-0.0017069022869691,0.751471757888794,0.5260785818099976,0.112007088959217,0.0729098469018936,0.5169966220855713,0.5271856784820557,0.1037656739354133,-0.0699086487293243,0.8193151354789734,hoyeon_stand_normal_01,20.022018,20.016008,19.225254,17.331798499999998,14.5049865,11.679034,8.7481195,7.4479415,7.0,8.246211,9.6678455,10.975335,12.749727,13.6589105,15.442011,15.709507,16.849966000000002,17.5739155,17.098081999999998,16.6378185,15.041941,12.749727,11.109204,10.408327,12.6846585,15.7776975,10.700877,13.779272,15.78011,17.6799495,18.4624295,18.1245635,17.1960685,14.6394105,12.111977,9.2217495,6.9465065,5.1925825,5.9568575,7.413437999999999,8.377261,10.59017,11.44985,12.330952,12.6316875,12.6316875,12.2090625,11.7424,11.8342755,12.467239,14.8824115,16.598131000000002,9.433981,8.485281,8.544004,9.055385,10.049876,11.18034,12.649111,14.317821,15.652476,16.124515,16.552945,17.0,17.888544,17.464249,17.464249,16.155494,15.231546,13.0,10.29563,7.81025,5.09902,6.708204,10.630146,14.142136,17.691806,20.518285,11.045361,14.142136,16.492423,18.027756,17.888544,17.492856,15.620499,12.727922,10.0,6.403124,3.162278,3.162278,6.324555,8.246211,11.045361,13.038405,15.0,16.0,17.029386,17.029386,17.029386,17.029386,15.033296,14.0,12.165525,13.9264915,14.866069,15.811388,16.763055,16.763055,16.763055,16.155494,15.231546,13.416408,11.661904,10.29563,8.944272,6.324555,6.082763,5.09902,7.211103,9.219544,12.041595,14.21267,16.278821,18.384776,19.79899,20.518285,20.615528,18.601075,16.643317,13.038405,13.601471,14.866069,15.231546,17.0,17.0,15.264338,13.892444,12.529964,10.77033,8.544004,8.062258,7.071068,6.324555,7.211103,7.81025,9.219544,9.899495,10.630146,11.401754,11.401754,12.206556,12.806248,12.041595,12.041595,12.806248,12.529964
hoyeon_stand_normal_01,1221,407,40.70222404371584,29.998360745314464,10,0.5346419811248779,0.6685299873352051,-0.0627981573343277,0.998804807662964,0.5387929081916809,0.6816250085830688,-0.0543579570949077,0.9979111552238464,0.5396028161048889,0.6820400953292847,-0.0543733052909374,0.9975188374519348,0.5405310988426208,0.6825730204582214,-0.0543498210608959,0.9979854226112366,0.5394042730331421,0.6822081804275513,-0.0785308927297592,0.998193860054016,0.5405747890472412,0.6828745603561401,-0.0785588175058364,0.9981764554977416,0.5418332815170288,0.6834939122200012,-0.0786329805850982,0.9984170198440552,0.5488137006759644,0.6780903935432434,-0.0043818969279527,0.99523663520813,0.549494206905365,0.677521288394928,-0.1133248805999755,0.9981106519699096,0.5374995470046997,0.6556739211082458,-0.0410000458359718,0.998576819896698,0.5386124849319458,0.6555074453353882,-0.0725711733102798,0.9989409446716307,0.5571220517158508,0.6033780574798584,0.0747358426451683,0.9991209506988524,0.5606812834739685,0.6093135476112366,-0.1659980118274688,0.9999302625656128,0.5565398931503296,0.4989143013954162,0.0945101678371429,0.1306608319282531,0.5589542984962463,0.5051932334899902,-0.1936533004045486,0.9851451516151428,0.559405505657196,0.4221243262290954,0.0396943539381027,0.3243789672851562,0.5447160005569458,0.4168405830860138,-0.1875682175159454,0.9697867035865784,0.5633478760719299,0.3959782719612121,0.0326603688299655,0.3023991584777832,0.5450873970985413,0.3893658220767975,-0.2110579162836074,0.9473162293434144,0.5563324689865112,0.3917267024517059,0.0155652705579996,0.3086975812911987,0.5412147641181946,0.3879144489765167,-0.2108799964189529,0.9436516761779784,0.5557419657707214,0.4013256430625915,0.0296202842146158,0.286016047000885,0.5402186512947083,0.3967674672603607,-0.1864160150289535,0.9161258935928344,0.5529409050941467,0.4214963912963867,0.070315383374691,0.996902883052826,0.5558388233184814,0.4264076054096222,-0.0703961327672004,0.9973722100257874,0.5504238605499268,0.2804818451404571,0.0778786391019821,0.262480765581131,0.5556562542915344,0.2809968590736389,-0.0542009249329566,0.7608703970909119,0.5467804670333862,0.1370169967412948,0.1304704546928405,0.3385268151760101,0.5489238500595093,0.132656529545784,-0.0015493573155254,0.7943103909492493,0.5491943955421448,0.1076895147562027,0.1311597526073455,0.4663328826427459,0.5542357563972473,0.1040474101901054,-0.00038388746907,0.756435751914978,0.525775134563446,0.1120035722851753,0.0797590240836143,0.5225346088409424,0.5266644954681396,0.1037661954760551,-0.0686477944254875,0.8239138126373291,hoyeon_stand_normal_01,13.152946,12.649111,13.038405,14.21267,16.278821,16.278821,16.278821,16.278821,14.866069,13.453624,12.041595,9.899495,9.219544,7.615773,8.062258,8.062258,9.848858,13.038405,16.401219,19.209373,23.430749,26.400758,28.84441,29.529646,29.546573,27.513633,13.416408,11.661904,9.433981,6.708204,5.0,5.0,8.602325,10.816654,12.806248,14.142136,14.866069,15.0,13.892444,12.529964,11.18034,9.433981,7.81025,7.211103,7.615773,10.198039,12.041595,15.0,16.03122,17.029386,18.027756,16.03122,9.848858,9.055385,9.219544,11.18034,12.206556,13.453624,14.866069,15.620499,17.804494,18.601075,19.209373,19.209373,19.849433,19.849433,19.104973,17.691806,16.278821,13.453624,11.401754,8.544004,8.062258,9.219544,13.453624,17.204651,20.808652,23.430749,12.206556,15.652476,17.464249,18.973666,19.416488,19.104973,17.0,14.142136,11.401754,7.615773,4.472136,1.0,2.236068,5.0,8.485281,10.630146,12.806248,14.422205,15.811388,17.492856,17.0,17.888544,17.0,16.124515,14.422205,12.041595,16.492423,15.297059,12.165525,12.041595,10.049876,9.486833,10.29563,10.816654,13.038405,13.892444,15.652476,16.155494,17.720045,17.464249,19.104973,19.0,18.027756,16.124515,14.142136,11.045361,8.062258,6.403124,7.615773,11.18034,13.038405,15.033296,10.049876,8.062258,6.708204,6.403124,8.544004,10.198039,13.038405,14.035669,16.124515,16.278821,16.492423,16.763055,14.866069,14.317821,13.0,12.529964,11.18034,10.77033,10.440307,11.401754,12.165525,14.142136,16.124515,17.117243,17.117243,18.248288
hoyeon_stand_normal_01,1224,408,40.80222950819672,29.998360745314464,10,0.534758448600769,0.6684861183166504,-0.0643803849816322,0.9987969398498536,0.5389085412025452,0.681586742401123,-0.0559687949717044,0.9978970885276794,0.5397071242332458,0.6820094585418701,-0.0559817515313625,0.9975037574768066,0.5406220555305481,0.6825467348098755,-0.055956657975912,0.9979703426361084,0.5395719408988953,0.6821578145027161,-0.080250546336174,0.998180329799652,0.5407732725143433,0.6828241348266602,-0.0802805572748184,0.9981640577316284,0.5420501828193665,0.6834452152252197,-0.0803563073277473,0.9984062314033508,0.5489591360092163,0.6780749559402466,-0.0053468844853341,0.9951817393302916,0.5498067736625671,0.6775093078613281,-0.1147269532084465,0.9981076717376708,0.5375931262969971,0.6556565165519714,-0.0422668941318988,0.9985712170600892,0.5387475490570068,0.6554843187332153,-0.0739436671137809,0.9989393949508668,0.5570133328437805,0.6033358573913574,0.07432172447443,0.999120593070984,0.5609283447265625,0.6092696785926819,-0.1675952523946762,0.9999308586120604,0.5563743710517883,0.4988739490509033,0.094828687608242,0.1286236345767974,0.5590153336524963,0.5052441358566284,-0.1947028785943985,0.9851845502853394,0.5583493709564209,0.4221093356609344,0.0397192761301994,0.3220612704753876,0.5448135137557983,0.4168474376201629,-0.1875189691781997,0.969780683517456,0.5616437792778015,0.3958505988121032,0.0328415855765342,0.3008913695812225,0.5451870560646057,0.3893759846687317,-0.2109533697366714,0.947280764579773,0.5547316670417786,0.3916060924530029,0.0157818235456943,0.3072991073131561,0.5412673950195312,0.3879348933696747,-0.2108692824840545,0.9435561299324036,0.5538413524627686,0.401265799999237,0.0297519452869892,0.2848891913890838,0.5402528643608093,0.3967951238155365,-0.1863748133182525,0.9160624146461488,0.5526724457740784,0.4212382435798645,0.0705804154276847,0.9969643354415894,0.5560961961746216,0.4260277152061462,-0.0706548690795898,0.99742329120636,0.550378680229187,0.2802653312683105,0.0801612213253974,0.2630419433116913,0.5556740164756775,0.280767410993576,-0.0525910966098308,0.7646910548210144,0.5468180775642395,0.1370205134153366,0.1332022547721862,0.3422354161739349,0.5489828586578369,0.132553145289421,0.0021139963064342,0.7989594340324402,0.549142599105835,0.1076900660991668,0.1339196264743805,0.4709112048149109,0.555468738079071,0.1057601198554039,0.0034437214490026,0.7607554793357849,0.5256001949310303,0.1119880676269531,0.0825194641947746,0.5282902121543884,0.5265964865684509,0.1037419885396957,-0.06489247828722,0.8281111121177673,hoyeon_stand_normal_01,11.18034,10.0,11.18034,11.7047,13.0,13.928388,13.928388,13.601471,12.649111,11.401754,9.486833,8.544004,6.708204,6.403124,5.830952,6.082763,8.0,10.049876,13.341664,15.524175,18.439089,21.377558,23.194827,24.083189,24.020824,22.203603,10.816654,10.0,7.81025,5.830952,4.0,5.385165,7.211103,9.219544,10.816654,12.529964,12.083046,12.649111,11.401754,10.198039,9.219544,8.246211,6.708204,6.403124,6.403124,8.944272,10.77033,12.649111,13.928388,15.231546,15.231546,13.0,10.440307,10.049876,10.198039,10.77033,11.661904,12.806248,14.142136,14.866069,16.278821,17.029386,17.804494,17.029386,17.691806,17.691806,17.691806,16.278821,14.866069,12.727922,10.630146,8.062258,6.0,7.211103,10.630146,13.601471,17.204651,20.615528,11.401754,14.142136,16.278821,17.204651,17.0,16.155494,14.56022,12.165525,9.055385,5.0,2.0,1.414214,4.123106,6.708204,8.602325,11.401754,13.453624,14.866069,16.278821,17.029386,17.804494,17.204651,16.401219,15.620499,14.142136,12.041595,14.764823,16.124515,17.492856,17.0,17.0,15.652476,15.231546,13.0,11.7047,10.440307,8.544004,6.708204,6.403124,5.830952,7.28011,9.055385,12.0,15.033296,17.0,19.0,20.024984,21.095023,20.223748,19.235384,17.464249,14.317821,12.206556,13.892444,14.764823,16.552945,15.231546,15.231546,13.928388,12.083046,9.848858,8.602325,7.071068,7.211103,6.324555,7.071068,8.062258,9.0,10.0,10.0,11.0,12.0,12.041595,12.0,12.0,12.041595,13.341664,13.601471
hoyeon_stand_normal_01,1227,409,40.9022349726776,29.998360745314464,10,0.5348151922225952,0.6684654355049133,-0.0647174790501594,0.9987816214561462,0.5389641523361206,0.6815471649169922,-0.0563621185719966,0.99785977602005,0.5397602319717407,0.6819717288017273,-0.0563741400837898,0.9974645972251892,0.5406721830368042,0.6825120449066162,-0.0563486814498901,0.997936189174652,0.5396309494972229,0.6821160316467285,-0.0806933119893074,0.9981526732444764,0.5408353805541992,0.6827825307846069,-0.0807235911488533,0.9981398582458496,0.5421179533004761,0.6834062337875366,-0.080800250172615,0.9983825087547302,0.5490633845329285,0.6780620813369751,-0.0056971544399857,0.9950760006904602,0.5499301552772522,0.6774991154670715,-0.1153430491685867,0.9980836510658264,0.5376663208007812,0.6555894017219543,-0.0425556786358356,0.9985544681549072,0.5388221740722656,0.6554105281829834,-0.0742938816547393,0.9989289045333862,0.5567705035209656,0.603224515914917,0.0741575956344604,0.9991093277931212,0.5611944794654846,0.6092317700386047,-0.1682454943656921,0.9999312162399292,0.5559720993041992,0.4988212287425995,0.0960476472973823,0.1268320679664611,0.5590696334838867,0.5053185224533081,-0.1960804313421249,0.9852209091186525,0.5567570924758911,0.4219873249530792,0.0414970740675926,0.3188547492027282,0.544826328754425,0.416888952255249,-0.1897731721401214,0.9697749614715576,0.5596554279327393,0.3955440819263458,0.0349655747413635,0.2985095083713531,0.5452393293380737,0.3894231021404266,-0.2132336050271988,0.9472938179969788,0.5516981482505798,0.3914588689804077,0.0172052159905433,0.3050619065761566,0.5412771701812744,0.3879965245723724,-0.2132072448730468,0.943505048751831,0.5506851673126221,0.4012425243854522,0.0312010385096073,0.2831889390945434,0.5402540564537048,0.3968562483787536,-0.1886502206325531,0.915919840335846,0.5521939396858215,0.4209396541118622,0.0711075067520141,0.997012197971344,0.556289792060852,0.4256700575351715,-0.0711786374449729,0.9974672198295592,0.5502808690071106,0.279934823513031,0.0799509510397911,0.2632850110530853,0.5559028387069702,0.2804580926895141,-0.0529034249484539,0.770679771900177,0.5468145608901978,0.137020468711853,0.1317610591650009,0.3463322520256042,0.549115002155304,0.1325136721134185,0.0002514011284802,0.8053548336029053,0.5488818883895874,0.1075314357876777,0.1323527693748474,0.475814551115036,0.5562542080879211,0.1067600101232528,0.0013667992316186,0.7668159008026123,0.5253328084945679,0.1119608208537101,0.0809452608227729,0.5348760485649109,0.5265679955482483,0.1037042140960693,-0.0669378787279129,0.8336067795753479,hoyeon_stand_normal_01,17.464249,18.384776,16.763055,15.524175,12.369317,10.77033,8.062258,7.071068,8.062258,8.544004,9.486833,11.18034,12.369317,13.341664,14.317821,14.317821,15.524175,16.492423,16.763055,15.524175,15.524175,13.152946,12.0,11.401754,13.416408,15.811388,9.055385,12.041595,13.601471,15.652476,15.811388,15.556349,15.0,12.529964,9.848858,7.615773,5.830952,4.242641,4.123106,6.082763,7.071068,9.055385,10.0,11.0,11.045361,11.045361,11.045361,11.0,11.045361,11.401754,13.0,14.764823,16.835093999999998,17.331857499999998,16.59244,16.405694,14.3007355,13.34239,11.6109675,9.626712,7.6231055,5.903612000000001,4.736068,4.472136,5.04951,6.889636,9.460407,11.7424,14.722108,17.2468175,19.2612905,20.594810000000003,21.472298,21.736819,21.341028,18.887024,16.907811000000002,13.0192025,8.154234500000001,6.6978115,4.785578,2.118034,1.5,4.0388435000000005,6.182529000000001,8.7147765,9.994937,11.260677,11.5929855,11.2305775,10.4471095,9.497074,8.3078865,6.6622775,5.6925825,3.5811390000000003,1.618034,1.825141,4.1828735,6.889636,9.81601,11.9137145,14.01729,15.8884955,16.124515,14.764823,13.038405,11.401754,10.0,8.944272,10.440307,11.401754,12.369317,13.601471,15.811388,16.155494,17.888544,18.027756,18.439089,18.384776,17.029386,15.620499,13.601471,10.0,7.81025,6.082763,7.615773,10.630146,12.806248,15.620499,9.219544,7.071068,6.324555,6.082763,7.615773,9.433981,12.806248,14.422205,15.811388,16.643317,16.124515,16.552945,15.231546,13.928388,12.649111,11.401754,10.440307,10.440307,10.77033,11.18034,12.206556,13.601471,15.0,16.401219,17.204651,17.492856
hoyeon_stand_normal_01,1230,410,41.00224043715847,29.998360745314464,10,0.5348398089408875,0.6684184670448303,-0.0683458745479583,0.9987573623657228,0.5389750599861145,0.6815249919891357,-0.0601176545023918,0.9978073239326476,0.539769172668457,0.6819483041763306,-0.0601259842514991,0.9974064826965332,0.5406798720359802,0.6824886202812195,-0.0600994862616062,0.997882068157196,0.5396475195884705,0.6820986270904541,-0.0843985453248024,0.998112678527832,0.540854275226593,0.6827641129493713,-0.0844308659434318,0.9981038570404052,0.5421425700187683,0.6833887696266174,-0.0845085829496383,0.9983493089675904,0.5491138100624084,0.6780532002449036,-0.0090421568602323,0.9949389696121216,0.5500065684318542,0.6774852275848389,-0.1184477880597114,0.99805349111557,0.5376949906349182,0.6554933190345764,-0.0459611788392066,0.9985257387161256,0.5388621091842651,0.6553089618682861,-0.0776307359337806,0.9989134073257446,0.556538462638855,0.6031200289726257,0.0725591927766799,0.9990954399108888,0.5614182949066162,0.609208345413208,-0.1705654710531234,0.9999317526817322,0.5553306937217712,0.4988171756267547,0.0958220064640045,0.124913178384304,0.5592352151870728,0.5054494738578796,-0.1986870467662811,0.985252857208252,0.5544894337654114,0.4219564795494079,0.0419393703341484,0.3151095807552337,0.5449211001396179,0.4168878197669983,-0.191827580332756,0.969777286052704,0.5553311109542847,0.3951494097709656,0.0356446392834186,0.2958100736141205,0.5453771948814392,0.389420598745346,-0.2150067836046219,0.9472989439964294,0.5495188236236572,0.3913489878177643,0.0175945591181516,0.302501231431961,0.5413299202919006,0.3879976868629455,-0.2154137343168258,0.9434764981269836,0.5485596060752869,0.4012379944324493,0.0315314792096614,0.2812016606330871,0.540299117565155,0.3968560099601745,-0.1908387541770935,0.915887713432312,0.5519618391990662,0.4206355512142181,0.0711506828665733,0.9970342516899108,0.5565516352653503,0.4252125024795532,-0.0712167844176292,0.9974913001060486,0.55014568567276,0.2799155414104461,0.0806411802768707,0.2629740834236145,0.555936872959137,0.2804019749164581,-0.0527879185974597,0.7744765877723694,0.5468149185180664,0.1370460540056228,0.1329175978899002,0.348701536655426,0.549282968044281,0.1325094401836395,0.0007639255491085,0.809611976146698,0.5487688779830933,0.1075492650270462,0.1335391551256179,0.4790355563163757,0.5561977624893188,0.1033023744821548,0.0018922552699223,0.7711076736450195,0.5250701308250427,0.1121819168329238,0.0821557343006134,0.5393415093421936,0.5265622735023499,0.1037141904234886,-0.0666641741991043,0.8373146057128906,hoyeon_stand_normal_01,18.601075,19.209373,17.691806,15.556349,13.453624,10.630146,8.602325,7.28011,7.0,8.246211,10.440307,11.7047,12.649111,13.601471,14.56022,15.524175,16.763055,17.464249,17.464249,16.278821,14.56022,13.601471,11.661904,11.313708,12.529964,16.155494,9.433981,11.7047,14.317821,16.0,16.124515,16.763055,14.317821,13.038405,10.630146,7.81025,5.830952,4.123106,4.472136,5.830952,7.211103,8.602325,10.29563,11.18034,12.083046,12.083046,11.18034,10.816654,10.630146,12.041595,13.601471,15.264338,10.0,9.486833,10.049876,11.045361,12.369317,13.0,14.764823,15.264338,16.643317,16.643317,18.027756,18.027756,18.867962,18.35756,18.35756,17.0,16.124515,13.892444,10.816654,7.81025,6.324555,7.28011,10.816654,14.21267,17.691806,20.615528,11.18034,13.928388,16.492423,17.262677,18.0,17.117243,15.297059,12.649111,9.848858,5.830952,2.828427,1.0,3.605551,6.403124,8.602325,11.661904,13.416408,15.231546,15.811388,16.763055,17.720045,17.464249,17.464249,15.524175,13.928388,12.529964,16.401219,14.21267,12.806248,11.661904,9.486833,10.049876,10.0,11.045361,13.152946,14.035669,16.03122,17.029386,17.117243,18.439089,18.973666,18.384776,17.0,16.124515,14.422205,10.29563,7.28011,5.09902,7.071068,9.433981,12.529964,14.764823,9.848858,8.246211,7.0,6.708204,7.81025,10.0,13.038405,14.422205,16.643317,16.401219,17.029386,16.970563,14.866069,14.21267,13.601471,12.806248,12.206556,12.041595,11.313708,11.401754,12.206556,14.422205,15.264338,16.643317,18.027756,18.601075
hoyeon_stand_normal_01,1233,411,41.10224590163934,29.998360745314464,10,0.5348927974700928,0.6683264970779419,-0.0721721872687339,0.9987044930458068,0.5390138626098633,0.6814655065536499,-0.0640945956110954,0.9977057576179504,0.5398073196411133,0.6819043159484863,-0.0641009658575058,0.997287929058075,0.5407191514968872,0.6824586391448975,-0.064075618982315,0.9977753162384032,0.5396987199783325,0.6820329427719116,-0.0882909297943115,0.9980367422103882,0.5409109592437744,0.6827141642570496,-0.0883262902498245,0.9980342984199524,0.5422071218490601,0.6833494901657104,-0.0884069204330444,0.9982918500900269,0.5492255687713623,0.6780325174331665,-0.0131288273259997,0.9946916103363036,0.5501477718353271,0.6774412989616394,-0.1221000924706459,0.9980019330978394,0.5377705693244934,0.6553923487663269,-0.0498027130961418,0.9984633326530457,0.538962721824646,0.6551918983459473,-0.0813472792506218,0.9988783597946168,0.5563129782676697,0.6031150221824646,0.0690872818231582,0.99906325340271,0.5616217255592346,0.6091554760932922,-0.1733571887016296,0.9999315142631532,0.5545529723167419,0.4990584850311279,0.0948890447616577,0.1222815737128257,0.5594190955162048,0.505662202835083,-0.2010008543729782,0.9852349758148192,0.5528316497802734,0.4222098290920257,0.0416285954415798,0.3090417683124542,0.5450767278671265,0.4168969988822937,-0.1921258419752121,0.9696298241615297,0.5526372790336609,0.3951128125190735,0.0355089306831359,0.2910885214805603,0.5455201268196106,0.389440655708313,-0.214820310473442,0.9470962882041932,0.5477695465087891,0.3913771212100982,0.0174144264310598,0.297872394323349,0.5414120554924011,0.3880228698253631,-0.2154635787010193,0.9432676434516908,0.5469928979873657,0.4016584753990173,0.0311703849583864,0.2773317098617553,0.5404533743858337,0.3968779444694519,-0.1911984086036682,0.9156908988952636,0.5517798662185669,0.4206451177597046,0.0710838958621025,0.996978223323822,0.5568525791168213,0.4251924157142639,-0.0711515992879867,0.9974560737609864,0.5501194596290588,0.2803847193717956,0.0795855745673179,0.2617636322975158,0.555922269821167,0.2805948555469513,-0.0535049885511398,0.7755833864212036,0.54683518409729,0.1372418850660324,0.1312419027090072,0.3483657836914062,0.5492973327636719,0.1326373070478439,-0.0001928139390656,0.8107086420059204,0.5487639904022217,0.1081124246120452,0.1318949908018112,0.4787184000015259,0.5560864210128784,0.102716140449047,0.0009305800194852,0.7724238038063049,0.5249550342559814,0.1134149655699729,0.0810595452785492,0.5399309396743774,0.5265766382217407,0.1041793674230575,-0.0682348310947418,0.8382545113563538,hoyeon_stand_normal_01,19.104973,19.0,18.027756,16.124515,13.152946,10.049876,8.062258,6.324555,7.071068,8.602325,10.29563,11.18034,12.529964,13.892444,14.764823,16.124515,16.643317,17.204651,17.204651,15.811388,14.422205,12.529964,10.440307,10.0,12.649111,15.652476,8.944272,11.661904,13.453624,15.620499,16.124515,16.155494,15.524175,13.038405,11.0,8.0,6.082763,4.472136,5.0,5.385165,7.28011,8.544004,9.848858,10.77033,11.18034,11.18034,11.18034,10.440307,10.198039,12.0,14.035669,16.124515,9.899495,9.848858,10.198039,11.045361,12.369317,13.928388,15.264338,16.643317,18.027756,18.601075,20.0,20.0,20.0,20.0,19.416488,18.027756,16.643317,14.422205,11.401754,7.81025,6.0,7.211103,11.401754,15.264338,19.416488,22.203603,12.0,15.132746,17.262677,18.973666,18.788294,18.867962,16.401219,13.453624,10.0,6.708204,3.162278,1.0,4.242641,6.708204,9.848858,12.649111,14.317821,16.278821,17.117243,19.104973,19.104973,19.104973,18.11077,17.117243,15.297059,12.649111,17.0,15.033296,13.152946,11.18034,10.77033,10.816654,10.630146,12.041595,14.142136,15.556349,17.029386,17.804494,18.027756,19.235384,19.313208,18.681542,18.439089,16.278821,14.142136,11.401754,8.944272,6.403124,8.062258,11.045361,14.142136,16.124515,8.544004,7.211103,6.403124,7.28011,8.0,11.045361,13.152946,15.297059,17.117243,17.117243,17.0,17.029386,15.033296,14.142136,13.152946,13.152946,12.165525,11.045361,11.0,12.041595,13.152946,14.142136,16.124515,17.262677,18.11077,18.027756
hoyeon_stand_normal_01,1236,412,41.202251366120215,29.998360745314464,10,0.5349472165107727,0.6681551933288574,-0.0729303583502769,0.9986650347709656,0.5390390753746033,0.6812359690666199,-0.0647651031613349,0.9976296424865724,0.539836585521698,0.6817121505737305,-0.064771644771099,0.9972017407417296,0.5407564640045166,0.6823055148124695,-0.0647454559803009,0.9976953268051147,0.5397263765335083,0.6817878484725952,-0.0889453962445259,0.9979798197746276,0.5409438014030457,0.6825045943260193,-0.0889806374907493,0.9979832768440248,0.5422487258911133,0.683172345161438,-0.0890606418251991,0.9982477426528932,0.549349844455719,0.6779348254203796,-0.013628851622343,0.9944950938224792,0.5502588748931885,0.6772902607917786,-0.1225160211324691,0.9979622960090636,0.5378590822219849,0.6552388668060303,-0.050514843314886,0.9984139204025269,0.5390623211860657,0.6550086140632629,-0.0820348411798477,0.9988502860069276,0.5563008189201355,0.6031211614608765,0.0685130655765533,0.9990403056144714,0.5617464184761047,0.6091022491455078,-0.1738143265247345,0.9999316334724426,0.5544950366020203,0.4991769790649414,0.0942290648818016,0.1198126301169395,0.5594927668571472,0.5057474970817566,-0.2015054672956466,0.9852616786956788,0.5530050992965698,0.4223225116729736,0.0405697040259838,0.3038661777973175,0.5451518893241882,0.4168977439403534,-0.1924707889556884,0.9695726037025452,0.5529434680938721,0.395100325345993,0.0344468802213668,0.2870952486991882,0.545584499835968,0.3894489705562591,-0.2150342464447021,0.9470149874687196,0.547918438911438,0.3913883566856384,0.0163378771394491,0.2939482927322387,0.5414533615112305,0.388033926486969,-0.2157413214445114,0.9431822896003724,0.5471703410148621,0.401823878288269,0.030063847079873,0.2739332914352417,0.5405431389808655,0.3968822360038757,-0.1915467530488968,0.9156387448310852,0.5517491102218628,0.4206438958644867,0.0710867568850517,0.9969453811645508,0.5569889545440674,0.4251706898212433,-0.0711515694856643,0.9974395036697388,0.5500766634941101,0.2804607450962066,0.0791999101638794,0.2623555362224579,0.5559210181236267,0.280593067407608,-0.0535457581281662,0.7783271670341492,0.5468437075614929,0.1373024880886078,0.1302521824836731,0.3503384888172149,0.5493781566619873,0.1326451897621154,-0.0007981379749253,0.81351637840271,0.5487461090087891,0.1084127351641655,0.1307531744241714,0.4809372723102569,0.5560616254806519,0.1021421328186988,0.00027654285077,0.7751970887184143,0.5248016119003296,0.1137589514255523,0.0792211294174194,0.5429123640060425,0.5265790820121765,0.1043005660176277,-0.0683796629309654,0.840614378452301,hoyeon_stand_normal_01,19.723083,19.416488,19.209373,17.029386,14.866069,12.041595,9.433981,8.246211,8.0,9.055385,10.440307,11.401754,12.649111,13.601471,15.524175,15.524175,16.492423,17.464249,17.262677,16.278821,15.297059,13.341664,11.18034,10.630146,12.529964,15.231546,10.630146,13.038405,14.764823,16.763055,17.262677,17.029386,16.124515,14.142136,11.401754,9.219544,7.071068,6.082763,6.708204,7.211103,8.485281,9.899495,10.630146,11.401754,12.206556,12.206556,12.206556,12.041595,12.806248,13.601471,15.264338,17.0,17.0,17.888544,17.0,16.552945,15.231546,13.0,11.401754,9.219544,8.062258,6.082763,5.385165,5.0,5.385165,7.0,9.055385,11.401754,14.56022,16.763055,18.681542,20.615528,21.587033,21.587033,20.223748,19.104973,17.029386,14.0,8.062258,7.211103,5.0,2.236068,1.0,3.162278,6.708204,8.544004,9.486833,10.198039,11.045361,11.045361,10.0,9.055385,8.062258,6.082763,5.09902,3.0,1.414214,1.414214,4.242641,7.211103,9.433981,12.206556,14.422205,15.264338,15.891035,15.7262765,14.65422,14.077747,13.1767665,13.211403,13.2133635,12.6224805,13.0420545,12.905694,12.531129,12.298374,11.741898,12.3729515,13.465976,13.7557895,15.156854,15.621028,15.6560585,14.692388,14.0226005,13.126278500000002,14.1967185,14.8907075,15.339493,14.961832,10.764982,10.8511575,10.82117,11.4021715,12.323715,13.4004195,13.6255375,13.217525,13.5586215,12.6624675,12.3721795,11.3815275,10.9470755,11.240921,10.995323,11.2169905,10.7585135,11.260677,11.531829,11.9137145,12.3501545,13.619926,14.1655355,15.076182499999998,15.076182499999998,15.227422
hoyeon_stand_normal_01,1239,413,41.302256830601095,29.998360745314464,10,0.534957766532898,0.6680097579956055,-0.0739767998456955,0.9986414313316344,0.5390403270721436,0.6809650659561157,-0.0658051148056984,0.9975804090499878,0.5398388504981995,0.6814654469490051,-0.0658115074038505,0.997145652770996,0.5407612919807434,0.682092010974884,-0.0657850503921508,0.9976418018341064,0.5397260189056396,0.6815240383148193,-0.0900004282593727,0.9979451894760132,0.5409430861473083,0.6822771430015564,-0.0900354459881782,0.9979518055915833,0.542248547077179,0.6829800605773926,-0.0901145488023758,0.9982202649116516,0.5493791699409485,0.6778243780136108,-0.0145791163668036,0.9943639636039734,0.5502622723579407,0.6771376729011536,-0.123565100133419,0.9979414343833924,0.5378762483596802,0.6551631093025208,-0.0515096262097358,0.998384952545166,0.539077877998352,0.6548895239830017,-0.0830605253577232,0.9988361597061156,0.5562848448753357,0.6031213998794556,0.0673748105764389,0.9990293979644777,0.5617819428443909,0.6090627312660217,-0.1743949204683303,0.9999322891235352,0.5543943643569946,0.4991710484027862,0.0931015014648437,0.1180532500147819,0.5595287680625916,0.5057483911514282,-0.2020417600870132,0.98533296585083,0.5530098080635071,0.4223157465457916,0.0394659154117107,0.300029456615448,0.5451852679252625,0.4168634712696075,-0.1928690522909164,0.969609558582306,0.5530650019645691,0.3950099349021911,0.0333175063133239,0.2842328548431396,0.5456026196479797,0.3893893957138061,-0.2153744548559188,0.947084665298462,0.547888994216919,0.3913529515266418,0.0152189200744032,0.2911779582500458,0.5414567589759827,0.3879917562007904,-0.2161278277635574,0.9432607889175416,0.547122061252594,0.4018242955207824,0.0289779137820005,0.2716369032859802,0.540543794631958,0.3968268930912018,-0.1919384598731994,0.9157893657684326,0.5517030358314514,0.4205259680747986,0.0710534527897834,0.9969463348388672,0.5570012927055359,0.4249438345432281,-0.0711176246404647,0.9974491596221924,0.5500550866127014,0.2804590761661529,0.0805578455328941,0.2628743946552276,0.5559345483779907,0.2805528044700622,-0.0529037974774837,0.7809013724327087,0.5469107031822205,0.1373357623815536,0.1328709423542022,0.3524326086044311,0.5495718121528625,0.1326399743556976,0.0010395165299996,0.816265881061554,0.5487411022186279,0.108575165271759,0.1334843784570694,0.4833429157733917,0.5560519099235535,0.1016752645373344,0.0022563005331903,0.7779751420021057,0.5247507691383362,0.1140064224600792,0.0817431062459945,0.5462913513183594,0.5265893936157227,0.1045127138495445,-0.0664121061563491,0.8430050015449524,hoyeon_stand_normal_01,14.21267,13.601471,15.231546,17.088007,18.973666,19.924859,20.248457,19.313208,18.384776,16.552945,14.317821,13.0,10.440307,9.055385,9.219544,9.433981,11.313708,14.422205,17.492856,21.954498,26.41969,29.154759,32.202484,33.301652,33.24154,29.832868,13.152946,12.165525,10.049876,7.28011,6.403124,6.708204,8.246211,11.18034,12.369317,13.601471,13.928388,14.317821,13.416408,11.18034,10.77033,9.486833,8.062258,9.055385,10.440307,12.649111,14.317821,16.552945,18.384776,18.384776,18.384776,17.464249,8.485281,8.544004,9.055385,10.049876,11.401754,13.0,14.317821,14.764823,16.643317,17.492856,17.492856,18.027756,18.35756,17.492856,18.35756,16.124515,14.764823,12.529964,10.816654,7.81025,7.071068,8.544004,12.206556,16.401219,19.209373,22.203603,12.165525,15.033296,17.0,18.11077,19.416488,18.027756,16.552945,14.422205,10.630146,7.81025,3.605551,1.0,2.828427,5.0,7.615773,10.77033,12.649111,14.317821,15.132746,16.124515,17.029386,17.029386,16.03122,14.142136,13.341664,10.77033,13.601471,14.317821,15.297059,15.524175,15.524175,14.56022,13.0,12.083046,11.18034,8.944272,7.615773,5.385165,5.0,4.472136,5.656854,8.602325,10.816654,13.892444,15.811388,17.204651,19.209373,19.849433,18.384776,17.691806,16.278821,12.041595,12.649111,14.866069,15.811388,16.155494,16.552945,16.552945,14.317821,12.083046,10.77033,8.544004,8.062258,6.0,6.324555,6.708204,7.211103,7.81025,9.219544,10.630146,10.630146,10.630146,10.630146,10.630146,11.313708,11.401754,10.816654,12.083046
hoyeon_stand_normal_01,1242,414,41.40226229508197,29.998360745314464,10,0.534965455532074,0.667862594127655,-0.0738158002495765,0.998633623123169,0.5390413999557495,0.6807118654251099,-0.0655387490987777,0.9975650310516356,0.5398412942886353,0.6812172532081604,-0.0655466243624687,0.9971279501914978,0.5407660603523254,0.6818605065345764,-0.0655194297432899,0.9976266026496888,0.5397241115570068,0.6812885403633118,-0.0897071063518524,0.9979355931282043,0.5409381985664368,0.6820591688156128,-0.0897414162755012,0.9979424476623536,0.5422403812408447,0.6827854514122009,-0.089820459485054,0.9982135891914368,0.5493800044059753,0.6777109503746033,-0.0142109971493482,0.9943187832832336,0.5502215027809143,0.6770296692848206,-0.1230867058038711,0.9979358315467834,0.5378846526145935,0.6550983190536499,-0.0513331741094589,0.9983735084533693,0.5390812754631042,0.6548010110855103,-0.0828406661748886,0.9988306760787964,0.5562851428985596,0.6031146049499512,0.0675955787301063,0.999022901058197,0.5617806315422058,0.6090114712715149,-0.1741363555192947,0.99993234872818,0.5544303059577942,0.499055415391922,0.0931014940142631,0.1172014698386192,0.5595089197158813,0.505713164806366,-0.2009700089693069,0.985318124294281,0.5532335042953491,0.4223095774650574,0.039887148886919,0.2977736890316009,0.5451736450195312,0.4167946279048919,-0.1902566999197006,0.969529151916504,0.553443193435669,0.3949705362319946,0.0338145904242992,0.2824232578277588,0.5455947518348694,0.3893556296825409,-0.2122613340616226,0.9469811916351318,0.5481544137001038,0.3913106620311737,0.0158301517367362,0.2894704639911651,0.5414403676986694,0.3879754543304443,-0.2128767520189285,0.943165361881256,0.5473835468292236,0.4018195867538452,0.0294476468116045,0.270224779844284,0.5405162572860718,0.3967892229557037,-0.1892193108797073,0.9156699776649476,0.5516535639762878,0.4205560982227325,0.0708844140172004,0.9969362616539,0.556972324848175,0.4249428212642669,-0.0709495469927787,0.99744713306427,0.5500088334083557,0.2805892825126648,0.0803416818380355,0.2633296251296997,0.5559262633323669,0.2806271612644195,-0.0530132539570331,0.7810401916503906,0.546909511089325,0.1374282538890838,0.1322284787893295,0.3536169528961181,0.549579918384552,0.1327220648527145,0.0005184770561754,0.8169472813606262,0.5487116575241089,0.1088166758418083,0.1328279227018356,0.4842036664485931,0.5558910369873047,0.1016692593693733,0.0016721662832424,0.778516411781311,0.5247421860694885,0.1142873913049697,0.0810264274477958,0.5478318333625793,0.5266479849815369,0.1049033105373382,-0.0670583024621009,0.8437552452087402,hoyeon_stand_normal_01,19.849433,20.0,18.867962,16.124515,13.416408,10.816654,7.81025,7.211103,7.071068,9.0,10.049876,12.041595,13.038405,15.033296,16.03122,17.0,17.0,18.11077,17.117243,17.117243,15.132746,12.0,10.198039,10.29563,12.727922,16.401219,8.246211,11.18034,13.0,15.132746,15.524175,15.231546,13.892444,12.206556,10.0,7.81025,5.830952,5.09902,6.0,6.324555,8.544004,8.544004,9.486833,10.440307,11.18034,10.440307,10.440307,10.29563,10.816654,12.041595,14.866069,17.691806,17.204651,17.204651,16.401219,15.620499,14.21267,12.727922,10.630146,8.602325,6.708204,5.09902,4.123106,4.472136,5.830952,7.28011,10.198039,12.041595,15.033296,18.11077,20.099751,21.213203,22.203603,22.36068,21.587033,19.924859,17.088007,13.928388,7.071068,6.403124,4.242641,1.414214,2.0,5.0,8.0,10.049876,11.045361,12.165525,12.369317,12.649111,11.7047,9.848858,8.944272,7.615773,5.830952,4.472136,2.0,2.0,4.472136,6.708204,9.433981,12.529964,13.892444,15.264338,17.029386,16.03122,14.0,12.041595,10.198039,10.77033,10.816654,12.206556,13.453624,14.866069,16.401219,17.492856,18.788294,18.973666,19.646883,19.416488,19.104973,17.029386,14.0,12.041595,8.246211,7.211103,7.28011,11.045361,13.0,15.0,9.848858,8.062258,7.071068,6.708204,8.062258,11.0,13.038405,15.132746,16.03122,18.0,18.0,17.029386,16.124515,15.297059,14.317821,13.341664,12.369317,12.165525,12.165525,12.041595,13.0,15.0,16.03122,18.027756,19.0,18.0
hoyeon_stand_normal_01,1245,415,41.50226775956284,29.998360745314464,10,0.5349665284156799,0.6677462458610535,-0.0712386891245842,0.998635232448578,0.5390398502349854,0.680507481098175,-0.0628565028309822,0.9975735545158386,0.53984135389328,0.681020975112915,-0.0628648325800895,0.9971384406089784,0.5407682657241821,0.6816830635070801,-0.062838576734066,0.9976372718811036,0.5397024154663086,0.681083619594574,-0.0872391834855079,0.9979408383369446,0.540903627872467,0.6818588376045227,-0.0872706025838851,0.9979457855224608,0.5421932935714722,0.6826004981994629,-0.087346501648426,0.9982173442840576,0.549366295337677,0.6776156425476074,-0.0119147859513759,0.9943262934684752,0.5500760674476624,0.6769347190856934,-0.1217077746987342,0.997939944267273,0.5378863215446472,0.6550530195236206,-0.0489067882299423,0.9983734488487244,0.5390754342079163,0.6547632813453674,-0.0806998088955879,0.9988298416137696,0.5563781261444092,0.6031128168106079,0.069238930940628,0.9990251660346984,0.5616344213485718,0.6089364290237427,-0.1732517927885055,0.9999322295188904,0.5545860528945923,0.498890072107315,0.0933873280882835,0.1161720901727676,0.5594052076339722,0.5055630207061768,-0.2004620432853698,0.9852399826049804,0.5536653399467468,0.4223009645938873,0.040026418864727,0.2959780097007751,0.5451105237007141,0.4167042076587677,-0.1896079927682876,0.9692531228065492,0.5549356937408447,0.3949744403362274,0.0339761264622211,0.281080812215805,0.5455600619316101,0.3893074989318847,-0.2117044776678085,0.9465992450714112,0.5483973622322083,0.391290009021759,0.0160251259803771,0.2881580591201782,0.5413922071456909,0.3879468142986297,-0.211987018585205,0.9427552819252014,0.5476282238960266,0.4017691016197204,0.0295844282954931,0.2690794467926025,0.5404453873634338,0.3967403173446655,-0.1884578913450241,0.9150962829589844,0.5517168641090393,0.4205489456653595,0.0709195658564567,0.9969505071640016,0.5566053986549377,0.4249180853366852,-0.0709864199161529,0.9974523186683656,0.550009548664093,0.2805966734886169,0.0800076872110366,0.2629014253616333,0.555828869342804,0.2806291580200195,-0.0534407049417495,0.7817728519439697,0.5469120740890503,0.1374374628067016,0.1319632083177566,0.3546485304832458,0.5495615601539612,0.1327415257692337,-0.0005959335830993,0.8181257247924805,0.5486858487129211,0.1088132038712501,0.1324646919965744,0.4853529334068298,0.5554887056350708,0.1016447991132736,0.0005146281328052,0.7795763611793518,0.5247335433959961,0.1143637150526046,0.0807888582348823,0.5490913391113281,0.5266517996788025,0.1050579994916915,-0.0676634088158607,0.8447845578193665,hoyeon_stand_normal_01,19.148409,19.5374635,19.5699795,18.9277885,18.4256855,17.383792,15.5816765,14.534442,13.647983,13.1784905,13.778775,12.923418000000002,12.985394,13.053509,13.3418965,13.449115,15.7004545,17.0524865,19.026298,21.1072645,21.6587835,22.589361,22.4315705,22.672164,24.2898105,24.3981165,11.899755,13.0956755,12.924975,12.2582505,12.6624675,12.2773405,13.102685,13.241673,12.617996,12.456233,12.12642,11.531129,10.531129,11.109772,10.266097,10.319173,10.4442935,10.700877,11.7216745,13.2853845,13.7907795,15.0130135,16.3285615,17.8412485,18.6711445,19.081086,17.088007,17.088007,17.088007,15.231546,14.317821,12.529964,10.816654,8.602325,7.071068,5.830952,4.123106,4.123106,5.0,7.211103,9.433981,12.083046,15.231546,17.464249,19.697716,21.023796,21.470911,21.954498,21.633308,20.0,17.804494,14.866069,7.81025,6.403124,4.242641,2.236068,2.236068,5.09902,8.062258,10.198039,11.401754,11.7047,13.0,12.529964,11.661904,10.816654,9.433981,8.062258,5.830952,4.472136,2.0,2.236068,4.123106,7.071068,9.486833,12.649111,14.56022,15.811388,15.524175,16.278821,16.278821,16.278821,16.278821,15.524175,14.56022,12.649111,11.7047,9.848858,8.246211,6.082763,6.082763,5.830952,7.81025,9.219544,12.806248,15.0,17.204651,19.416488,20.615528,20.518285,20.518285,19.104973,17.029386,13.453624,11.401754,12.649111,14.866069,15.231546,15.652476,14.764823,13.416408,11.18034,9.848858,8.246211,7.071068,6.082763,5.830952,6.403124,7.071068,8.485281,9.219544,9.899495,9.899495,11.313708,11.313708,11.313708,12.041595,11.401754,11.661904,13.0
hoyeon_stand_normal_01,1248,416,41.602273224043714,29.998360745314464,10,0.5349423289299011,0.6676695942878723,-0.0717585384845733,0.9986594915390016,0.5390074253082275,0.6803169846534729,-0.0633811950683593,0.9976235628128052,0.539816677570343,0.6808384656906128,-0.0633896738290786,0.9971965551376344,0.5407496690750122,0.6815230250358582,-0.0633636265993118,0.9976827502250672,0.5396426320075989,0.6808856129646301,-0.0876710340380668,0.9979805946350098,0.5408341288566589,0.6816604733467102,-0.0877032503485679,0.9979836344718932,0.5421169996261597,0.682417631149292,-0.087778091430664,0.99825119972229,0.5492902994155884,0.6774803400039673,-0.0123514747247099,0.9944363832473756,0.5498953461647034,0.6768079400062561,-0.1217933893203735,0.9979858994483948,0.5378685593605042,0.65499347448349,-0.0494180396199226,0.9984048008918762,0.5390433669090271,0.6547088623046875,-0.0810918286442756,0.9988530278205872,0.5563784837722778,0.6030758619308472,0.0687146857380867,0.9990367293357848,0.5614191293716431,0.6087750792503357,-0.1731607019901275,0.9999330043792723,0.554665207862854,0.4986743032932281,0.0915397033095359,0.1155790165066719,0.5592417120933533,0.5051261186599731,-0.2003395408391952,0.9852583408355712,0.5543537735939026,0.4223086237907409,0.0365053191781044,0.2952065169811249,0.5450357794761658,0.4164797961711883,-0.18967866897583,0.9692092537879944,0.5561787486076355,0.3949922025203705,0.0297336392104625,0.2805802524089813,0.545487105846405,0.3890793323516845,-0.2118374854326248,0.9465267658233644,0.5499398112297058,0.3912748098373413,0.0120189748704433,0.2876480221748352,0.5413268804550171,0.387729287147522,-0.2121933251619339,0.9426851272583008,0.5493248105049133,0.4016144275665283,0.0261112973093986,0.2685692906379699,0.5403794050216675,0.396455854177475,-0.1885533928871154,0.9150984883308412,0.5518428087234497,0.4204249978065491,0.0709098279476165,0.9969943761825562,0.5564892292022705,0.4247414171695709,-0.0709768608212471,0.9974878430366516,0.5499506592750549,0.2805909812450409,0.0799143314361572,0.264708399772644,0.5556350946426392,0.2806197106838226,-0.0531805232167243,0.7835537791252136,0.5468645095825195,0.1375276148319244,0.1321243643760681,0.3574893176555633,0.5493119955062866,0.1327420622110366,0.0006500651943497,0.8198496103286743,0.5490501523017883,0.1119414791464805,0.132680594921112,0.4878366589546203,0.5546956658363342,0.1015386432409286,0.001929702819325,0.780710756778717,0.52469801902771,0.1144386529922485,0.0805407539010047,0.5519272089004517,0.5266544818878174,0.1050689369440078,-0.0665185824036598,0.8461912870407104,hoyeon_stand_normal_01,21.095023,21.400935,19.79899,17.691806,14.21267,11.401754,8.485281,6.708204,7.0,7.28011,9.486833,10.77033,13.0,13.928388,14.866069,16.763055,17.720045,18.439089,17.262677,16.124515,15.132746,12.165525,9.486833,8.485281,9.848858,13.601471,9.486833,11.401754,13.152946,14.035669,15.033296,14.142136,13.341664,11.7047,10.440307,8.246211,7.071068,7.071068,7.28011,7.615773,8.944272,10.29563,9.848858,10.77033,10.77033,10.29563,9.433981,9.899495,11.401754,12.529964,15.652476,17.888544,16.155494,16.155494,15.231546,14.764823,13.892444,11.661904,10.0,8.485281,6.403124,5.385165,4.123106,4.472136,5.0,6.708204,9.486833,11.401754,14.317821,16.492423,18.439089,20.615528,20.880613,22.135944,21.540659,19.697716,17.0,13.892444,7.211103,5.385165,4.472136,1.414214,2.236068,5.09902,8.246211,9.486833,10.77033,12.083046,12.529964,11.661904,11.401754,10.0,9.219544,7.81025,5.656854,3.605551,2.236068,2.236068,4.123106,6.324555,9.219544,11.401754,13.601471,14.866069,16.492423,15.297059,13.341664,12.083046,10.29563,10.630146,10.630146,12.206556,13.038405,14.422205,16.401219,17.691806,18.439089,18.601075,19.723083,19.235384,18.384776,17.088007,14.56022,11.7047,8.062258,6.403124,7.0,10.440307,12.649111,14.866069,10.0,8.485281,7.211103,7.071068,8.062258,10.440307,13.0,15.231546,16.155494,16.763055,17.720045,16.492423,16.124515,15.033296,14.035669,13.038405,12.041595,12.041595,11.18034,12.369317,13.601471,14.56022,14.866069,17.088007,17.720045,17.720045
hoyeon_stand_normal_01,1251,417,41.702278688524586,29.998360745314464,10,0.5348604321479797,0.667570173740387,-0.0732623562216758,0.9986874461174012,0.5389029383659363,0.6801190376281738,-0.0648142918944358,0.9976781010627748,0.539725661277771,0.6806508898735046,-0.0648220926523208,0.9972604513168336,0.5406716465950012,0.6813579797744751,-0.0647949874401092,0.9977330565452576,0.5394900441169739,0.6806774735450745,-0.0890986025333404,0.998023808002472,0.5406627058982849,0.68145352602005,-0.0891308709979057,0.99802428483963,0.5419365167617798,0.6822295188903809,-0.0892038568854332,0.9982864260673524,0.5491736531257629,0.6773397326469421,-0.0133932279422879,0.9945561289787292,0.5496432781219482,0.67666095495224,-0.122838981449604,0.998030424118042,0.5378023386001587,0.6549203395843506,-0.0507742799818515,0.9984360933303832,0.5389454960823059,0.6546319127082825,-0.0824457481503486,0.9988759756088256,0.5564346313476562,0.6030300855636597,0.0677055120468139,0.999053716659546,0.5611932873725891,0.6085760593414307,-0.1738698184490203,0.9999339580535888,0.5548664927482605,0.4985461831092834,0.0895575657486915,0.1150917112827301,0.5591030716896057,0.5046986937522888,-0.2014161795377731,0.9852707386016846,0.5550537109375,0.422295331954956,0.0338892117142677,0.294863611459732,0.5449060201644897,0.4163265824317932,-0.1911415457725525,0.9690892696380616,0.5572328567504883,0.3949927985668182,0.0268676821142435,0.2804585099220276,0.5454033613204956,0.3888925909996032,-0.2137005180120468,0.9463149309158324,0.5510300993919373,0.3912616074085235,0.0092548858374357,0.2875167429447174,0.5412351489067078,0.3875618875026703,-0.2140771001577377,0.9424676299095154,0.5504923462867737,0.4014898240566253,0.0235472451895475,0.2683314085006714,0.5402767062187195,0.3962537050247192,-0.1900596469640731,0.914888083934784,0.5521737933158875,0.420176237821579,0.0708939358592033,0.997055172920227,0.556122899055481,0.424385517835617,-0.0709608644247055,0.9975340366363524,0.5499512553215027,0.2805909216403961,0.0824016332626342,0.2667109668254852,0.5555787682533264,0.2806165516376495,-0.0508754178881645,0.7851942777633667,0.5468633770942688,0.1376181244850158,0.137664720416069,0.361064612865448,0.5492056608200073,0.1327577382326126,0.0063862800598144,0.8220775723457336,0.549313485622406,0.1135215610265731,0.1385821253061294,0.4914551377296448,0.5542528033256531,0.1015119850635528,0.008065627887845,0.7827361226081848,0.5246657133102417,0.1146986111998558,0.0863872095942497,0.5557965636253357,0.52667635679245,0.1051635816693306,-0.0601524338126182,0.8480923175811768,hoyeon_stand_normal_01,22.203603,22.472205,21.023796,18.384776,14.866069,11.7047,8.944272,7.071068,7.615773,8.062258,10.049876,12.041595,13.038405,15.033296,17.117243,17.262677,18.439089,18.681542,18.681542,17.088007,15.811388,13.601471,11.045361,9.219544,11.661904,14.866069,9.055385,11.045361,13.038405,14.142136,14.56022,13.928388,13.0,12.083046,10.29563,8.944272,7.28011,7.071068,8.0,8.062258,9.219544,10.198039,10.198039,11.18034,10.198039,10.198039,10.440307,10.29563,11.401754,13.453624,16.970563,18.384776,16.763055,17.720045,16.492423,16.278821,14.142136,13.152946,11.0,10.0,8.246211,6.324555,5.0,5.0,6.082763,7.071068,9.486833,11.18034,14.764823,16.552945,17.888544,20.124612,21.023796,21.540659,21.18962,19.646883,16.492423,14.142136,8.246211,6.324555,4.123106,2.236068,1.0,2.828427,6.403124,7.81025,9.433981,10.29563,10.77033,10.440307,9.486833,9.219544,7.28011,6.082763,4.123106,3.162278,1.0,2.236068,4.123106,7.28011,9.486833,12.649111,13.928388,15.811388,15.620499,14.866069,12.727922,10.630146,9.433981,9.486833,10.049876,12.041595,13.038405,14.142136,15.132746,16.492423,17.088007,17.888544,18.027756,17.804494,17.691806,15.556349,12.727922,10.630146,8.062258,7.0,8.062258,10.630146,14.142136,15.556349,8.602325,6.708204,6.082763,6.082763,7.211103,9.219544,11.401754,13.601471,14.866069,16.278821,15.556349,15.620499,15.0,13.601471,13.038405,11.661904,10.29563,10.816654,11.401754,11.313708,12.041595,13.453624,14.866069,16.278821,16.970563,17.691806
hoyeon_stand_normal_01,1254,418,41.802284153005466,29.998360745314464,10,0.5347765684127808,0.6675574779510498,-0.0763856917619705,0.998727560043335,0.5388174653053284,0.6800878047943115,-0.0679117888212204,0.9977514743804932,0.5396435856819153,0.6806232333183289,-0.0679176226258277,0.997345507144928,0.5405938029289246,0.6813351511955261,-0.0678895264863967,0.9978006482124328,0.5394079685211182,0.6806394457817078,-0.0921657159924507,0.9980855584144592,0.5405879616737366,0.681414008140564,-0.0921993479132652,0.9980841875076294,0.5418714880943298,0.6821885704994202,-0.0922706127166748,0.9983389973640442,0.5490692257881165,0.6772710084915161,-0.0157702956348657,0.9947195649147034,0.5495301485061646,0.6765965819358826,-0.12507925927639,0.9980943202972412,0.5377147197723389,0.6549044251441956,-0.0536378175020217,0.9984830021858216,0.5388535261154175,0.6546227335929871,-0.0852599218487739,0.9989108443260192,0.556370198726654,0.602909505367279,0.0659631043672561,0.999075412750244,0.5611526966094971,0.6082562804222107,-0.1756622642278671,0.999935269355774,0.5548516511917114,0.4984225332736969,0.0886979401111602,0.1157907843589782,0.559043824672699,0.5042041540145874,-0.2027845531702041,0.9853710532188416,0.555074155330658,0.4222931861877441,0.0333882346749305,0.2963064610958099,0.5448263883590698,0.4161405861377716,-0.191902682185173,0.969192922115326,0.5558302402496338,0.3948794305324554,0.026270056143403,0.2818223834037781,0.5453321933746338,0.3887642621994018,-0.214513674378395,0.9464290738105774,0.5505138039588928,0.3912022113800049,0.0086192935705184,0.2889735400676727,0.5411707758903503,0.3874601721763611,-0.2153624445199966,0.942606508731842,0.5501024127006531,0.4014029502868652,0.0230338238179683,0.2696366906166076,0.5402048230171204,0.396086722612381,-0.1909820288419723,0.915173888206482,0.5521717071533203,0.420057862997055,0.0708808898925781,0.9971192479133606,0.5560505390167236,0.424081027507782,-0.0709477216005325,0.9975845217704772,0.5499290227890015,0.2805172801017761,0.0835612043738365,0.26803919672966,0.5554721355438232,0.2805317640304565,-0.0501772388815879,0.7857317924499512,0.5468646287918091,0.1376545578241348,0.1391832530498504,0.3639479875564575,0.549169659614563,0.1328045278787613,0.0081043224781751,0.8237314224243164,0.5495967268943787,0.11422810703516,0.1401150673627853,0.4942019879817962,0.553975522518158,0.1014491617679596,0.0098626622930169,0.784233570098877,0.5246493220329285,0.1149058416485786,0.087623581290245,0.5592290759086609,0.5267243385314941,0.10539061576128,-0.0586739219725132,0.849663257598877,hoyeon_stand_normal_01,25.317978,25.96151,23.769729,20.124612,16.643317,13.038405,8.544004,6.082763,5.830952,7.81025,9.433981,11.661904,14.422205,15.811388,18.601075,19.209373,20.518285,20.518285,19.849433,19.209373,16.401219,13.453624,10.0,9.055385,11.7047,15.652476,10.440307,12.369317,14.317821,15.132746,16.03122,16.0,15.033296,14.035669,12.041595,10.0,9.055385,8.544004,8.944272,9.433981,10.0,11.401754,10.816654,11.401754,10.816654,10.630146,9.219544,10.29563,11.401754,14.035669,18.0,21.0,14.013878,14.315073,13.647815,13.716487,13.202493,13.0956755,12.59017,12.2434165,11.8234965,10.9777335,11.0586215,10.7946895,11.014693,11.868795,12.8158555,13.315073,13.880609,14.297377,14.3685835,14.0226005,13.7946765,14.270201,15.5,16.0317125,16.124515,16.260690500000003,9.230225,9.5673445,9.51561,8.6394105,9.3815275,10.3083555,10.7541085,10.173013,9.6509675,8.603278,7.138831499999999,6.363961,7.551140999999999,7.7720495,8.424268000000001,8.791732,8.5207975,8.8027755,8.516648,9.476471,11.1081315,12.0933865,12.591311,13.537037,14.016648,13.60578,14.866069,16.763055,17.720045,18.027756,17.088007,16.155494,15.231546,13.416408,12.529964,10.29563,8.944272,7.28011,6.082763,6.082763,7.211103,9.219544,12.041595,14.21267,17.029386,19.104973,19.79899,21.213203,21.260292,19.209373,17.204651,13.601471,12.649111,13.928388,16.155494,16.552945,17.0,16.124515,14.764823,12.529964,11.18034,9.486833,7.071068,7.0,6.324555,6.708204,8.602325,9.219544,10.0,10.630146,11.401754,12.041595,12.806248,12.806248,12.041595,12.806248,12.806248,13.038405
hoyeon_stand_normal_01,1257,419,41.90228961748634,29.998360745314464,10,0.5346823930740356,0.6675397753715515,-0.077157974243164,0.9987634420394896,0.5387306213378906,0.6800731420516968,-0.0687909573316574,0.9978165030479432,0.539552628993988,0.680608332157135,-0.0687959045171737,0.9974200129508972,0.540502667427063,0.6813191771507263,-0.068768098950386,0.9978591799736024,0.5393508076667786,0.6806232333183289,-0.0928719788789749,0.99814110994339,0.5405462384223938,0.6813965439796448,-0.0929055139422416,0.9981383681297302,0.5418429970741272,0.6821692585945129,-0.0929766744375228,0.998387336730957,0.5489696860313416,0.6772546172142029,-0.0166530404239892,0.9948632717132568,0.5494593381881714,0.676585853099823,-0.1252977550029754,0.9981504678726196,0.537592887878418,0.6548884510993958,-0.0544279478490352,0.9985236525535583,0.5387519001960754,0.6546063423156738,-0.0858450680971145,0.9989418983459472,0.5561914443969727,0.6027616858482361,0.0644672736525535,0.9990901350975036,0.5611507892608643,0.6081020832061768,-0.1753671616315841,0.9999362826347352,0.5547615885734558,0.498404711484909,0.0878047868609428,0.1164960637688636,0.5590254664421082,0.504098653793335,-0.2024837285280227,0.985479176044464,0.5547114610671997,0.4222875535488128,0.0332094952464103,0.2972902953624725,0.5448206663131714,0.4160951375961303,-0.1918739378452301,0.9693416953086852,0.5547616481781006,0.3947399258613586,0.0260545089840888,0.282612681388855,0.5453292727470398,0.3887359499931335,-0.2144551128149032,0.94657164812088,0.5499261617660522,0.3911303877830505,0.0084430677816271,0.2899129092693329,0.5411684513092041,0.3874301314353943,-0.2153392434120178,0.942781925201416,0.5496619939804077,0.401331752538681,0.0228791944682598,0.2704068720340729,0.5402018427848816,0.3960257470607757,-0.1909785866737365,0.9154799580574036,0.5519872307777405,0.4201235473155975,0.0702164247632026,0.9971590042114258,0.5560518503189087,0.4241016209125519,-0.0702770724892616,0.9976184964179992,0.5498788952827454,0.2805417776107788,0.0832039564847946,0.2690347731113434,0.5554732084274292,0.2805677056312561,-0.050279252231121,0.7836777567863464,0.5468789339065552,0.1376654505729675,0.1390634030103683,0.3656183779239654,0.5491878390312195,0.1329074203968048,0.0070053399540483,0.8234908580780029,0.5497130751609802,0.1145093291997909,0.1400053203105926,0.4952625334262848,0.553938090801239,0.10145054012537,0.0086152851581573,0.783901572227478,0.5247958898544312,0.1149036064743995,0.0851421430706977,0.5612553954124451,0.5271151661872864,0.1054419130086898,-0.0601394735276699,0.8499102592468262,hoyeon_stand_normal_01,8.602325,8.602325,9.486833,12.165525,13.152946,15.132746,15.297059,14.317821,14.56022,12.649111,11.7047,9.486833,8.246211,7.071068,5.09902,5.0,6.708204,8.246211,12.041595,15.033296,18.027756,22.090722,24.33105,25.0,24.698178,22.36068,9.0,9.0,8.062258,8.246211,7.615773,8.062258,9.219544,9.899495,9.899495,9.899495,9.899495,9.899495,8.485281,7.81025,7.211103,7.615773,7.071068,8.0,9.055385,11.18034,13.341664,14.317821,15.297059,15.132746,14.142136,12.165525,17.492856,17.492856,17.0,15.652476,14.317821,13.0,11.401754,9.219544,8.0,7.071068,5.385165,5.656854,5.385165,8.062258,10.049876,12.165525,14.317821,17.262677,19.416488,20.223748,22.203603,22.203603,21.023796,20.0,18.027756,14.142136,8.544004,6.708204,4.472136,2.0,2.0,3.605551,6.708204,8.544004,10.440307,11.401754,11.18034,11.045361,10.0,9.0,8.0,7.0,5.0,3.0,1.414214,2.236068,5.0,7.211103,10.29563,12.206556,14.422205,16.643317,13.416408,14.317821,15.231546,15.231546,14.317821,14.317821,13.038405,11.661904,10.0,8.602325,7.211103,5.385165,5.0,4.472136,6.403124,8.485281,11.313708,13.453624,16.278821,17.691806,19.104973,19.209373,19.209373,18.027756,15.811388,13.038405,11.661904,13.038405,15.0,15.620499,15.620499,14.866069,13.453624,12.041595,9.899495,8.602325,6.708204,5.09902,5.0,5.09902,6.708204,7.211103,8.062258,9.433981,9.433981,10.29563,10.29563,10.816654,10.816654,10.630146,11.313708,11.401754
hoyeon_stand_normal_01,1260,420,42.00229508196721,29.998360745314464,10,0.5345796942710876,0.6675204038619995,-0.0776722058653831,0.9987896680831908,0.5386083722114563,0.6800606846809387,-0.0693939700722694,0.9978607296943665,0.5394150614738464,0.6805963516235352,-0.069398246705532,0.997469425201416,0.5403565764427185,0.681307852268219,-0.0693708360195159,0.9978950619697572,0.5392780900001526,0.6806093454360962,-0.0934572145342826,0.99818217754364,0.5404939651489258,0.6813819408416748,-0.0934920310974121,0.9981790781021118,0.5418099761009216,0.6821548342704773,-0.0935650169849395,0.998424470424652,0.5488489270210266,0.6772212982177734,-0.0171392429620027,0.994950532913208,0.549412190914154,0.6765735149383545,-0.1257015615701675,0.9981980323791504,0.5374444723129272,0.6548675894737244,-0.0548609904944896,0.9985526204109192,0.5386424660682678,0.6545875072479248,-0.0862691104412078,0.9989671111106871,0.5555863976478577,0.6024782061576843,0.0639716237783432,0.9990983605384828,0.5612096190452576,0.6080158948898315,-0.1753137111663818,0.9999375343322754,0.5543771386146545,0.4984026253223419,0.0877625122666359,0.1168577894568443,0.559030294418335,0.5041117668151855,-0.2022535949945449,0.9856774210929872,0.553751528263092,0.4222960472106933,0.0329475067555904,0.2975119054317474,0.5448486804962158,0.4160937964916229,-0.1916363090276718,0.9696953296661376,0.5531988143920898,0.3946707248687744,0.0256660263985395,0.2826994061470032,0.5453678369522095,0.3887403309345245,-0.2140095233917236,0.947036623954773,0.5489202737808228,0.3911232948303222,0.0079290838912129,0.2902221083641052,0.5411834716796875,0.3874295055866241,-0.2151727974414825,0.943303644657135,0.5487357378005981,0.4013280272483825,0.0225314684212207,0.2707200944423675,0.540216863155365,0.3960233330726623,-0.1908040940761566,0.9162462949752808,0.5511485934257507,0.4203005135059356,0.06974458694458,0.9971875548362732,0.5561067461967468,0.4241450130939483,-0.0698006674647331,0.9976548552513124,0.5498189926147461,0.2805251777172088,0.0827970206737518,0.2711011171340942,0.5555055737495422,0.2805628478527069,-0.0500651411712169,0.7828144431114197,0.5468444228172302,0.1376047134399414,0.1373495906591415,0.3680234849452972,0.5492070913314819,0.1328747719526291,0.0075731729157269,0.8241277933120728,0.5496999621391296,0.1145351305603981,0.1381447464227676,0.4965177476406097,0.553935706615448,0.1014306545257568,0.0091965775936841,0.7839986681938171,0.5248449444770813,0.1148383319377899,0.0845875814557075,0.5644363164901733,0.5273426175117493,0.1054410859942436,-0.0601569078862667,0.8509717583656311,hoyeon_stand_normal_01,25.317978,25.70992,23.4094,21.023796,17.0,13.416408,9.486833,7.071068,6.324555,7.81025,10.0,12.206556,13.601471,16.401219,17.804494,19.849433,20.518285,21.260292,20.615528,20.0,18.027756,15.0,10.630146,8.544004,10.049876,13.928388,9.848858,12.083046,13.601471,14.317821,15.132746,15.033296,14.035669,12.041595,11.045361,10.198039,8.544004,8.944272,8.602325,10.0,10.630146,11.401754,11.401754,12.041595,11.401754,10.630146,10.0,9.848858,12.165525,15.033296,18.0,21.0,9.219544,9.433981,9.219544,11.18034,12.649111,13.341664,14.142136,15.033296,17.0,17.0,18.0,18.0,18.0,19.0,18.0,18.0,16.0,14.0,11.045361,8.246211,7.071068,8.246211,12.041595,15.297059,19.416488,22.36068,13.928388,17.0,18.867962,20.615528,20.518285,19.209373,18.027756,14.764823,10.77033,7.28011,4.0,3.0,6.0,9.055385,11.401754,13.601471,15.231546,16.552945,17.888544,18.35756,18.35756,17.492856,15.652476,13.928388,11.401754,16.227352500000002,17.262677,15.033296,13.038405,12.0,10.198039,10.77033,11.661904,12.206556,14.422205,15.264338,17.0,17.888544,18.027756,18.681542,19.235384,20.099751,18.027756,17.029386,15.0,12.0,9.219544,7.81025,8.944272,11.401754,14.142136,16.124515,9.219544,7.28011,6.403124,6.708204,8.062258,10.0,13.038405,15.033296,16.0,17.0,17.117243,17.262677,15.297059,14.56022,13.601471,13.601471,12.649111,12.369317,11.18034,12.041595,13.038405,14.0,16.03122,16.03122,18.027756,18.11077
hoyeon_stand_normal_01,1263,421,42.102300546448085,29.998360745314464,10,0.5344905257225037,0.6675097942352295,-0.0772653892636299,0.9988152980804444,0.5385124087333679,0.6800480484962463,-0.0690150633454322,0.9979040622711182,0.5393064618110657,0.6805790662765503,-0.0690194219350814,0.9975181221961976,0.5402409434318542,0.6812841296195984,-0.068992294371128,0.9979327321052552,0.5392287373542786,0.6805980801582336,-0.0930586904287338,0.9982207417488098,0.5404637455940247,0.6813695430755615,-0.0930930003523826,0.9982169270515442,0.5417948365211487,0.6821370720863342,-0.0931661576032638,0.9984586834907532,0.5487632155418396,0.6771475672721863,-0.0168909393250942,0.9950416684150696,0.5493907928466797,0.6765336990356445,-0.1253915429115295,0.9982380270957948,0.5373237133026123,0.6548506617546082,-0.0545024201273918,0.9985811710357666,0.5385610461235046,0.6545693278312683,-0.0858928859233856,0.998989462852478,0.5552659630775452,0.6023401021957397,0.0640719234943389,0.999109148979187,0.5612307786941528,0.6079786419868469,-0.1751038581132888,0.9999384880065918,0.5541781187057495,0.4984025061130523,0.087979756295681,0.1177824512124061,0.5590296387672424,0.5041323304176331,-0.2020957618951797,0.985835611820221,0.5535051822662354,0.4222969710826874,0.0333915017545223,0.2992333769798279,0.544852077960968,0.4160962104797363,-0.1916332393884658,0.9700080156326294,0.5528245568275452,0.3946001827716827,0.0262163244187831,0.283981591463089,0.5453771352767944,0.3887417614459991,-0.2140034735202789,0.9474449753761292,0.548657238483429,0.3910884261131286,0.0084844566881656,0.2916963100433349,0.5411975383758545,0.3874276280403137,-0.2151893526315689,0.9437562823295592,0.5485180616378784,0.4013140201568603,0.022997610270977,0.2720299959182739,0.5402336120605469,0.3960213363170624,-0.1908162236213684,0.916886270046234,0.5508977174758911,0.420546144247055,0.0693730413913726,0.9972151517868042,0.5561590790748596,0.4242626130580902,-0.069426417350769,0.9976833462715148,0.5497983694076538,0.2805112302303314,0.0810900703072547,0.2722718119621277,0.555536687374115,0.2805494666099548,-0.0501880273222923,0.7812305688858032,0.5468454360961914,0.1375500261783599,0.1342057734727859,0.369234174489975,0.5492774248123169,0.1328584104776382,0.0068020713515579,0.8240731358528137,0.5497063398361206,0.1145205497741699,0.134812518954277,0.4968933463096618,0.5539252758026123,0.1014234498143196,0.0083555113524198,0.783500611782074,0.5249093770980835,0.1147665381431579,0.0799264162778854,0.5661916136741638,0.5275081992149353,0.1054396107792854,-0.060376189649105,0.8513819575309753,hoyeon_stand_normal_01,7.28011,8.062258,9.433981,11.401754,13.601471,15.0,15.264338,15.264338,13.892444,12.529964,11.18034,9.848858,8.062258,6.403124,5.0,5.0,5.385165,8.602325,12.041595,14.866069,19.104973,22.022716,24.413111,25.059928,25.079872,22.135944,9.219544,9.219544,8.485281,8.602325,8.062258,8.544004,9.219544,9.219544,10.049876,10.198039,9.055385,9.055385,8.062258,7.0,6.082763,6.324555,7.211103,7.071068,9.219544,11.401754,13.601471,15.0,15.0,15.620499,13.453624,11.401754,16.763055,17.464249,16.278821,15.297059,14.142136,13.038405,11.0,9.055385,8.246211,6.708204,5.656854,5.385165,6.082763,7.071068,9.486833,11.18034,13.892444,16.124515,18.35756,20.124612,21.470911,21.023796,20.615528,18.973666,16.492423,13.341664,8.246211,6.324555,4.123106,1.0,1.414214,4.242641,7.071068,9.219544,10.0,11.661904,11.18034,10.77033,9.486833,9.219544,7.28011,6.082763,4.123106,2.0,1.0,3.162278,5.385165,8.246211,10.440307,12.649111,14.56022,15.811388,14.317821,15.132746,16.124515,16.278821,16.278821,15.297059,14.56022,12.649111,10.77033,9.486833,8.246211,6.082763,6.0,5.385165,6.403124,8.602325,10.816654,13.892444,15.811388,18.027756,19.209373,19.849433,19.104973,17.691806,15.556349,13.453624,12.041595,14.035669,15.132746,16.278821,16.492423,15.524175,13.601471,12.369317,10.198039,9.055385,7.071068,6.324555,5.830952,7.071068,7.81025,7.81025,9.219544,10.0,10.816654,11.401754,11.401754,12.206556,11.401754,11.661904,12.083046,12.649111
hoyeon_stand_normal_01,1266,422,42.20230601092896,29.998360745314464,10,0.5343589186668396,0.6674495935440063,-0.078012004494667,0.9988358616828918,0.5383831262588501,0.6799816489219666,-0.0697760209441185,0.9979369640350342,0.5391722917556763,0.6805083155632019,-0.0697801560163497,0.99755597114563,0.5401066541671753,0.6812071204185486,-0.0697527751326561,0.997960329055786,0.5391221642494202,0.6805213093757629,-0.0938227474689483,0.9982511401176452,0.5403726696968079,0.6812891960144043,-0.0938570648431778,0.9982473850250244,0.5417255163192749,0.6820531487464905,-0.0939303934574127,0.9984848499298096,0.5486688017845154,0.6770075559616089,-0.0174396801739931,0.9951066374778748,0.5493329763412476,0.6764238476753235,-0.1259349435567855,0.9982693791389464,0.5371890664100647,0.6547658443450928,-0.055148672312498,0.9986039996147156,0.5384269952774048,0.6544855237007141,-0.0865453779697418,0.9990078210830688,0.5550801753997803,0.6022256016731262,0.0637792572379112,0.9991158843040466,0.5612309575080872,0.607883870601654,-0.1753521859645843,0.9999393820762634,0.5540770292282104,0.4983935952186584,0.0879584550857544,0.1180943250656127,0.5590265989303589,0.5041254162788391,-0.2025933116674423,0.9859812259674072,0.5533398985862732,0.4222899973392486,0.0333699360489845,0.2995496988296509,0.5448547601699829,0.4161063730716705,-0.1930051445960998,0.9702856540679932,0.5526949167251587,0.3945279121398926,0.0261894818395376,0.284186452627182,0.5453876256942749,0.3887527287006378,-0.2155454456806183,0.9478195309638976,0.5484940409660339,0.3910308480262756,0.0083486782386899,0.2920758724212646,0.5412129759788513,0.3874267637729645,-0.2168431878089904,0.944167137145996,0.5483506321907043,0.4012751281261444,0.0229306798428297,0.2724051773548126,0.5402498245239258,0.3960192501544952,-0.1922721117734909,0.9174383878707886,0.5505326986312866,0.4206081032752991,0.0693500190973281,0.9972476959228516,0.5561698079109192,0.424269288778305,-0.0694032087922096,0.9977169036865234,0.5496031641960144,0.2803874909877777,0.0809795036911964,0.2741703987121582,0.5556207299232483,0.2803969085216522,-0.0501291304826736,0.7818524241447449,0.5468072891235352,0.1375132352113723,0.1341873258352279,0.3721623420715332,0.5493844747543335,0.1328097134828567,0.0070448666810989,0.8259887099266052,0.5497016310691833,0.1144967228174209,0.1348232924938202,0.4991344809532165,0.553934633731842,0.1012359783053398,0.008569742552936,0.7850134968757629,0.524911105632782,0.1147090643644332,0.0801137834787368,0.5699605941772461,0.5276285409927368,0.1054039672017097,-0.0608234778046608,0.8533310294151306,hoyeon_stand_normal_01,9.219544,10.77033,12.041595,14.0,16.03122,18.0,18.0,18.0,17.029386,16.03122,14.142136,12.041595,11.0,9.055385,7.28011,6.403124,7.615773,10.049876,13.038405,17.117243,21.095023,25.019992,27.0,28.160256,28.442925,25.96151,9.219544,8.246211,8.544004,8.544004,7.81025,8.485281,9.219544,10.0,10.816654,10.0,10.29563,9.433981,8.944272,7.615773,7.28011,8.0,8.246211,9.486833,12.083046,13.416408,15.652476,16.552945,17.464249,17.088007,16.155494,14.317821,9.486833,9.433981,9.899495,10.816654,11.18034,12.649111,13.341664,14.142136,15.297059,15.132746,16.124515,16.124515,16.124515,16.124515,16.278821,15.297059,13.152946,12.165525,10.049876,7.071068,5.830952,7.615773,10.049876,13.0,17.0,19.026298,12.041595,15.297059,16.763055,17.464249,17.492856,16.401219,14.866069,12.041595,8.602325,5.830952,2.236068,1.0,4.0,7.0,9.055385,11.045361,13.341664,14.56022,15.811388,16.155494,17.088007,16.552945,15.231546,14.866069,12.649111,11.18034,14.593514,15.064604500000002,13.947217,13.822479,12.930632,12.657107,12.647099,13.0327595,13.005717,12.5808495,12.2773405,11.8329005,12.21544,12.6754265,13.117692,13.747236999999998,14.942785,15.185804,15.2321245,14.9283975,13.611874,12.9653515,14.0810045,15.365499,15.78011,15.3815275,10.37528,10.1592575,10.3824115,10.326238,11.4780345,11.887775,12.665071,12.6530855,12.3574635,12.577635,11.361772,10.9777335,11.0679715,11.035534,10.226812,10.0519265,10.2285695,10.340011,10.9310075,11.3536325,12.2857795,12.7290015,13.179708,14.2624055,14.601028,14.7764725
hoyeon_stand_normal_01,1269,423,42.30231147540984,29.998360745314464,10,0.5341951251029968,0.6673576831817627,-0.0792027562856674,0.9988576769828796,0.5382226705551147,0.6798765063285828,-0.0710503309965133,0.9979727864265442,0.5390050411224365,0.6803982853889465,-0.0710544288158416,0.9975970983505248,0.5399386882781982,0.6810912489891052,-0.0710274800658226,0.997991144657135,0.5389849543571472,0.6804003119468689,-0.0950068980455398,0.9982832074165344,0.540249764919281,0.6811630725860596,-0.0950410887598991,0.9982792735099792,0.5416291356086731,0.6819269061088562,-0.0951143056154251,0.9985121488571168,0.5485314726829529,0.6768578290939331,-0.0188128314912319,0.995186984539032,0.5492543578147888,0.6762881875038147,-0.1269087195396423,0.9983003735542296,0.5370097756385803,0.6546414494514465,-0.0563688799738884,0.9986284971237184,0.5382583737373352,0.6543745398521423,-0.0876539871096611,0.9990264177322388,0.5548812747001648,0.6020782589912415,0.0621591731905937,0.999122679233551,0.5612239241600037,0.6077481508255005,-0.1757058799266815,0.9999399781227112,0.5540424585342407,0.4983736872673034,0.0870261341333389,0.1189448088407516,0.5590023398399353,0.5041053295135498,-0.2029732763767242,0.9860530495643616,0.5533221364021301,0.4222685396671295,0.0331359431147575,0.3006640076637268,0.5448436737060547,0.4161056578159332,-0.1940694749355316,0.970478892326355,0.5526818037033081,0.3944147527217865,0.0259810052812099,0.2850134670734405,0.5453823804855347,0.3887437880039215,-0.2165947556495666,0.9480698704719543,0.5484952926635742,0.3909172415733337,0.0081429732963442,0.2930497229099273,0.5412160754203796,0.3874044418334961,-0.2180471420288086,0.9444558024406432,0.548368513584137,0.4011780619621277,0.0227235443890094,0.273272842168808,0.5402567386627197,0.396000862121582,-0.1934189796447754,0.9178329706192015,0.5501988530158997,0.4207524359226227,0.0690192356705665,0.9972735047340392,0.5562047958374023,0.4243089258670807,-0.0690715834498405,0.9977428317070008,0.5494161248207092,0.2803853750228882,0.0800519883632659,0.2753418684005737,0.5556399822235107,0.2803950309753418,-0.0502187125384807,0.7804651856422424,0.5468041896820068,0.1375113874673843,0.133069097995758,0.3738101720809936,0.5495559573173523,0.1328168958425521,0.0066625126637518,0.8262008428573608,0.5496912002563477,0.114536702632904,0.1336802095174789,0.4997419714927673,0.5539389252662659,0.1011731326580047,0.0081584425643086,0.7847419381141663,0.5249456167221069,0.1146545782685279,0.0786004438996315,0.572080135345459,0.5278568267822266,0.1053979843854904,-0.0611472837626934,0.853877067565918,hoyeon_stand_normal_01,10.0,10.816654,13.0,15.297059,17.464249,19.416488,19.646883,18.973666,18.027756,17.088007,15.231546,13.0,11.401754,9.219544,8.0,6.708204,7.81025,10.77033,14.56022,18.248288,22.36068,25.70992,29.12044,30.083218,30.413813,28.301943,9.055385,9.0,9.055385,9.219544,9.486833,9.433981,10.816654,10.816654,11.401754,10.630146,10.0,9.219544,8.485281,7.211103,7.615773,8.246211,9.0,10.049876,12.165525,14.317821,16.278821,18.248288,19.104973,18.11077,17.117243,14.142136,9.486833,11.045361,11.045361,12.369317,13.928388,14.317821,15.264338,15.811388,16.401219,17.204651,17.804494,17.804494,17.804494,17.804494,17.804494,16.401219,16.401219,14.21267,12.041595,10.0,8.246211,8.246211,11.661904,15.0,17.804494,20.0,12.529964,14.317821,16.763055,18.248288,18.027756,17.029386,15.297059,12.649111,8.944272,6.403124,2.236068,1.0,3.605551,6.403124,9.219544,11.401754,13.038405,14.764823,16.155494,17.088007,17.088007,16.763055,15.811388,13.928388,12.529964,10.816654,15.132746,14.142136,11.18034,10.440307,10.29563,10.0,9.899495,11.401754,12.041595,14.142136,14.866069,15.620499,17.204651,17.0,18.384776,17.720045,16.492423,15.297059,13.152946,10.198039,7.615773,6.403124,8.062258,11.045361,13.152946,15.132746,9.848858,8.062258,6.403124,5.385165,7.0,8.246211,11.7047,13.601471,14.56022,14.56022,15.297059,15.132746,14.035669,14.035669,13.0,12.041595,11.045361,11.0,11.0,11.045361,12.165525,12.369317,14.317821,15.297059,16.278821,16.124515
hoyeon_stand_normal_01,1272,424,42.40231693989071,29.998360745314464,10,0.5340374708175659,0.6672157645225525,-0.0791810974478721,0.9988843202590942,0.5380479097366333,0.6797046065330505,-0.0710494816303253,0.9980189800262452,0.5388246178627014,0.6802226305007935,-0.0710536986589431,0.997650384902954,0.5397569537162781,0.6809113621711731,-0.0710265785455703,0.9980329275131226,0.5388112664222717,0.6802085041999817,-0.0949592068791389,0.9983222484588624,0.5400698184967041,0.6809657216072083,-0.0949932485818862,0.9983177781105042,0.5414603352546692,0.6817367076873779,-0.0950662121176719,0.9985459446907043,0.5483480095863342,0.6766422390937805,-0.0190330576151609,0.9952933192253112,0.549086332321167,0.6760826110839844,-0.1268975883722305,0.9983384609222412,0.5368378758430481,0.6544772982597351,-0.0564385242760181,0.9986582398414612,0.538082480430603,0.654208242893219,-0.0876576676964759,0.9990485906600952,0.554816484451294,0.6019369959831238,0.0617543831467628,0.9991310238838196,0.5611291527748108,0.6077220439910889,-0.1757505983114242,0.9999406933784484,0.5540469288825989,0.4982715249061584,0.0862378850579261,0.1193282604217529,0.558879017829895,0.5040952563285828,-0.2029783129692077,0.9861478805541992,0.5538443922996521,0.422150582075119,0.0327582247555255,0.3011960387229919,0.5447732210159302,0.4161020219326019,-0.1940721422433853,0.9706504940986632,0.5542153120040894,0.3943848311901092,0.0255625117570161,0.2852510511875152,0.545291006565094,0.3886760175228119,-0.2165819704532623,0.9482473731040956,0.5485489964485168,0.3907163441181183,0.0078617958351969,0.2933330237865448,0.5411673784255981,0.3873058259487152,-0.2179474681615829,0.9446609616279602,0.5485288500785828,0.4009713232517242,0.0224138032644987,0.2733452022075653,0.5402198433876038,0.3959172964096069,-0.1933875083923339,0.918142795562744,0.5502102971076965,0.4207473993301391,0.0686153694987297,0.9973052144050598,0.5562284588813782,0.4243100583553314,-0.0686677172780036,0.9977735877037048,0.5493356585502625,0.2803232967853546,0.0792186483740806,0.2772404551506042,0.5556106567382812,0.280299574136734,-0.0501580499112606,0.77927565574646,0.5467861294746399,0.1375224143266677,0.1324720680713653,0.3761495947837829,0.5496762990951538,0.132884994149208,0.0069155450910329,0.8261943459510803,0.5496875047683716,0.1146217361092567,0.1330901384353637,0.5011422038078308,0.5539383292198181,0.1011715084314346,0.008452134206891,0.78422611951828,0.5249491930007935,0.1146439090371131,0.0777898654341697,0.5743758678436279,0.5280099511146545,0.1054058447480201,-0.0611316449940204,0.8542665243148804,hoyeon_stand_normal_01,8.062258,7.615773,9.899495,12.806248,15.0,16.401219,17.804494,17.029386,16.278821,15.556349,13.453624,11.313708,9.219544,8.062258,6.324555,5.09902,6.403124,9.433981,13.0,17.464249,21.931712,25.495098,28.653098,29.410882,29.068884,26.870058,10.0,9.219544,9.899495,10.0,9.433981,9.486833,10.440307,10.198039,11.18034,11.18034,10.049876,10.049876,8.0,8.0,7.28011,6.708204,7.071068,8.602325,10.29563,12.529964,14.764823,16.552945,17.0,16.643317,15.264338,13.038405,18.027756,18.027756,17.088007,16.155494,14.317821,12.529964,11.661904,10.0,8.485281,7.211103,6.324555,6.0,6.324555,7.81025,9.219544,11.401754,14.422205,16.643317,18.867962,20.248457,20.808652,21.400935,21.260292,19.104973,16.970563,14.21267,7.211103,5.830952,3.605551,1.414214,2.0,5.09902,8.0,10.049876,11.18034,11.401754,11.7047,11.18034,10.29563,9.433981,7.211103,5.830952,3.605551,2.0,1.414214,3.0,6.324555,9.486833,11.7047,13.601471,15.811388,16.763055,15.264338,14.422205,12.206556,10.630146,10.0,9.848858,10.440307,12.369317,12.649111,13.928388,15.231546,16.552945,17.492856,17.804494,18.384776,17.804494,17.804494,15.264338,13.038405,10.0,7.81025,7.071068,8.246211,11.18034,13.892444,16.124515,9.219544,7.211103,6.324555,5.09902,7.211103,8.485281,11.313708,12.727922,14.866069,16.278821,15.620499,15.811388,15.264338,14.764823,13.0,13.0,10.77033,10.77033,11.18034,11.661904,12.206556,13.601471,15.0,15.620499,16.401219,15.811388
hoyeon_stand_normal_01,1275,425,42.50232240437158,29.998360745314464,10,0.5338122248649597,0.6672022938728333,-0.0789171010255813,0.9989019632339478,0.5378327965736389,0.6796939373016357,-0.0707701593637466,0.998049795627594,0.5386061072349548,0.6802114844322205,-0.070774421095848,0.9976860880851746,0.5395384430885315,0.6808983683586121,-0.0707472637295723,0.9980599880218506,0.5386219620704651,0.6801906824111938,-0.0947022065520286,0.9983486533164978,0.5398895144462585,0.6809439659118652,-0.0947360545396804,0.9983443021774292,0.5413030982017517,0.6817113757133484,-0.0948088988661766,0.9985692501068116,0.54815274477005,0.6766197681427002,-0.0188117232173681,0.9953611493110656,0.548920750617981,0.676062822341919,-0.1267637759447097,0.998365879058838,0.5365858674049377,0.6544349193572998,-0.0562031157314777,0.9986754059791564,0.5378454327583313,0.6541953682899475,-0.087450236082077,0.9990626573562622,0.5547464489936829,0.6019341349601746,0.0619595572352409,0.999135971069336,0.5609616637229919,0.607714056968689,-0.1757041364908218,0.999941349029541,0.554050862789154,0.4982865452766418,0.0864174515008926,0.1192153319716453,0.5588098168373108,0.5041672587394714,-0.203029602766037,0.9862512946128844,0.5537211894989014,0.4220374226570129,0.0327971018850803,0.3007960021495819,0.5447726845741272,0.416082501411438,-0.1941142827272415,0.970812439918518,0.5537387132644653,0.3941618502140045,0.0257436819374561,0.284868985414505,0.545291006565094,0.3886090815067291,-0.2165622264146804,0.9484319686889648,0.5484470129013062,0.3904639780521393,0.007978081703186,0.2930250763893127,0.5411674380302429,0.3871815204620361,-0.2178773581981659,0.9448789358139038,0.5484259724617004,0.4007437229156494,0.0224380139261484,0.2730743587017059,0.5402198433876038,0.3958176970481872,-0.1934097111225128,0.9184682369232178,0.5502160787582397,0.4208363890647888,0.0685814246535301,0.9973217844963074,0.5562314391136169,0.4243501126766205,-0.0686337649822235,0.9977888464927672,0.5493146777153015,0.2803457081317901,0.0782335102558136,0.2782340943813324,0.5556164979934692,0.2803122997283935,-0.0506051965057849,0.7787248492240906,0.546786904335022,0.1375309973955154,0.1301056742668151,0.3774212598800659,0.5497581362724304,0.1329657137393951,0.0056297960691154,0.826335072517395,0.549682080745697,0.11474609375,0.1305474191904068,0.5016983151435852,0.5539749264717102,0.1012236252427101,0.0070698950439691,0.7840397357940674,0.5249496698379517,0.1146394908428192,0.0754243284463882,0.5757185220718384,0.5281078219413757,0.1054073423147201,-0.0627372413873672,0.8546503186225891,hoyeon_stand_normal_01,17.272002,18.0830775,17.35667,17.420165,15.702914,14.8784825,12.687519000000002,11.441228,10.9636495,11.311239,11.5698235,12.5016125,12.176451,12.35189,12.858166,13.011898,14.18034,15.933906,17.1010345,18.3326365,18.7834665,18.545705,17.913998,17.176803,17.293746,18.3242255,8.8328245,9.5538095,9.6055515,9.905125,9.905125,10.3011625,9.972136,9.472136,8.881774,8.544004,8.744138,8.840095999999999,8.535534,8.535534,8.0413815,8.5706045,8.6055515,9.3011625,9.924845,10.6305695,10.757941,11.960727,13.33293,15.2620875,16.814579000000002,17.693414999999998,16.643317,17.0,17.0,15.652476,14.317821,12.649111,11.401754,9.219544,8.0,7.071068,6.708204,5.656854,6.708204,8.246211,10.049876,12.0,14.035669,16.03122,18.027756,20.0,21.0,21.023796,21.095023,19.235384,17.464249,14.56022,8.062258,6.082763,4.123106,1.0,2.236068,4.242641,6.403124,8.602325,10.29563,11.18034,10.77033,10.440307,10.198039,9.055385,7.071068,6.082763,4.0,2.236068,1.0,2.828427,5.830952,8.062258,10.29563,13.038405,15.264338,16.643317,14.866069,13.601471,12.369317,11.045361,10.049876,10.440307,10.77033,12.083046,13.416408,15.231546,15.811388,17.464249,18.248288,18.027756,19.026298,18.248288,17.464249,15.524175,13.341664,10.198039,7.071068,7.211103,8.944272,11.7047,14.317821,16.492423,9.219544,7.071068,6.082763,5.0,6.708204,9.219544,11.045361,13.152946,15.297059,16.492423,15.811388,15.231546,15.652476,13.892444,13.038405,11.661904,11.661904,11.18034,11.18034,11.7047,11.7047,13.601471,14.56022,15.811388,16.763055,17.088007
hoyeon_stand_normal_01,1278,426,42.602327868852456,29.998360745314464,10,0.533659815788269,0.6671709418296814,-0.0787140652537345,0.9989043474197388,0.5376680493354797,0.6796687841415405,-0.0705961883068084,0.998056948184967,0.5384377241134644,0.6801874041557312,-0.0706004202365875,0.9976901412010192,0.5393673181533813,0.6808726787567139,-0.0705737993121147,0.9980626106262208,0.538468062877655,0.6801534295082092,-0.0945111885666847,0.9983545541763306,0.5397377014160156,0.6809022426605225,-0.0945450514554977,0.99834805727005,0.5411624312400818,0.6816666722297668,-0.0946182906627655,0.9985755085945128,0.5479926466941833,0.6766049265861511,-0.0189343392848968,0.995374083518982,0.5487810969352722,0.676054060459137,-0.1267227828502655,0.99837464094162,0.5364288687705994,0.6543905138969421,-0.0560686998069286,0.998676896095276,0.5376821160316467,0.6541829109191895,-0.0872949734330177,0.9990652203559875,0.554729163646698,0.6019630432128906,0.0611800402402877,0.999142050743103,0.5608116984367371,0.607708752155304,-0.1756335943937301,0.9999415278434752,0.5540409088134766,0.4983172416687011,0.0857115015387535,0.1197941675782203,0.558677077293396,0.5041995048522949,-0.2024844288825988,0.9862428307533264,0.5536260008811951,0.4218986332416534,0.0328594483435153,0.3024197816848755,0.5447751879692078,0.4159958362579345,-0.1925543695688247,0.9709262847900392,0.5533961653709412,0.3939349949359894,0.0258609745651483,0.2859994173049927,0.545306384563446,0.3884389698505401,-0.2143326848745346,0.9485599398612976,0.5483953356742859,0.390164703130722,0.0081190038472414,0.2942433953285217,0.54117351770401,0.3869424164295196,-0.2158333361148834,0.945067286491394,0.5483705997467041,0.4005154967308044,0.0225272104144096,0.2741031348705292,0.5402228832244873,0.395650565624237,-0.1918576657772064,0.918826699256897,0.5501846075057983,0.4210745692253113,0.0677195489406585,0.9973081350326538,0.556226909160614,0.424522191286087,-0.0677734389901161,0.9977788329124452,0.5493086576461792,0.2804442644119262,0.075226679444313,0.2786600291728973,0.555601179599762,0.2803605198860168,-0.0510893426835536,0.7736877202987671,0.5467464327812195,0.1375192403793335,0.1256614029407501,0.3754994571208954,0.5497238636016846,0.1331114619970321,0.0045253108255565,0.8219760656356812,0.5489816665649414,0.1147660911083221,0.1259787678718567,0.4986096024513244,0.5537490844726562,0.101771242916584,0.006045451387763,0.7794380187988281,0.5249561667442322,0.1146358549594879,0.070839799940586,0.572620689868927,0.5282301306724548,0.1054110825061798,-0.0633630976080894,0.8513041138648987,hoyeon_stand_normal_01,9.433981,9.055385,12.165525,14.56022,16.763055,18.681542,18.681542,18.439089,18.248288,16.278821,15.132746,13.152946,11.18034,9.486833,7.211103,5.830952,6.082763,9.219544,13.416408,17.0,21.470911,25.495098,28.231188,29.410882,29.614186,27.166155,8.062258,8.246211,8.544004,8.944272,10.0,10.630146,10.630146,10.630146,10.630146,10.630146,10.0,8.602325,8.062258,7.28011,7.071068,7.071068,8.544004,10.29563,12.529964,14.422205,16.643317,18.35756,18.35756,17.888544,16.552945,13.892444,17.088007,16.763055,15.811388,14.317821,13.341664,12.165525,10.049876,8.0,7.071068,5.385165,5.0,4.472136,5.0,7.071068,8.544004,11.18034,13.892444,15.652476,17.888544,20.124612,21.023796,20.615528,20.248457,18.681542,16.492423,13.152946,7.071068,5.0,3.162278,1.0,3.605551,5.830952,8.602325,10.630146,12.041595,12.806248,13.601471,12.529964,11.18034,10.29563,8.944272,7.615773,5.385165,3.605551,2.0,2.828427,5.830952,8.544004,10.77033,13.0,15.231546,16.155494,14.21267,14.21267,15.0,15.0,14.21267,13.453624,12.727922,12.041595,9.899495,8.485281,7.071068,5.656854,4.472136,5.0,6.324555,8.062258,10.816654,13.601471,15.811388,18.027756,18.35756,19.235384,18.788294,16.552945,15.231546,12.649111,12.206556,14.21267,15.620499,16.278821,16.278821,15.556349,14.866069,12.727922,11.313708,9.219544,7.211103,6.324555,6.082763,6.082763,7.28011,7.615773,8.544004,9.848858,9.486833,10.77033,10.77033,10.77033,11.18034,11.661904,11.661904,12.041595
hoyeon_stand_normal_01,1281,427,42.702333333333335,29.998360745314464,10,0.5334743857383728,0.6671372652053833,-0.0779240578413009,0.9989016056060792,0.5374823808670044,0.6796475648880005,-0.0697834342718124,0.9980502724647522,0.5382627248764038,0.6801707744598389,-0.0697872936725616,0.9976828694343568,0.5392041802406311,0.6808587312698364,-0.069760762155056,0.9980563521385192,0.5382765531539917,0.6801192164421082,-0.0936839282512664,0.9983497858047484,0.539543092250824,0.6808665990829468,-0.0937164649367332,0.9983446002006532,0.5409752726554871,0.6816326975822449,-0.093790091574192,0.9985716938972472,0.5478839874267578,0.6765971779823303,-0.0184418205171823,0.9953567385673524,0.5486410856246948,0.6760472059249878,-0.1261996775865554,0.9983687400817872,0.5362764000892639,0.6543537378311157,-0.0554358512163162,0.998671531677246,0.5375013947486877,0.6541677713394165,-0.0866521075367927,0.9990601539611816,0.5547294616699219,0.601973831653595,0.0620895065367221,0.9991406202316284,0.5605602860450745,0.6077031493186951,-0.1755440682172775,0.9999417066574096,0.5540444254875183,0.4983272552490234,0.0872242599725723,0.1190137788653373,0.5584746599197388,0.5043174624443054,-0.2029357701539993,0.9862734079360962,0.5535795092582703,0.4217240512371063,0.0360421724617481,0.3008471727371216,0.5447527766227722,0.4159405529499054,-0.1963257789611816,0.971014440059662,0.5532572865486145,0.3937644362449646,0.030195178464055,0.2847264409065246,0.5453070402145386,0.3882489502429962,-0.2188023179769516,0.9487252831459044,0.5483617782592773,0.3899514675140381,0.0120443403720855,0.2929296195507049,0.5411641597747803,0.3867138028144836,-0.2196787297725677,0.9452580213546752,0.5483327507972717,0.4003413021564483,0.0256582740694284,0.273000568151474,0.5401970744132996,0.3955099582672119,-0.1955415308475494,0.919035017490387,0.5501888394355774,0.4213510155677795,0.0681468546390533,0.9973018169403076,0.5561776757240295,0.4247765243053436,-0.068204365670681,0.9977675080299376,0.5493252277374268,0.2805168330669403,0.0742029324173927,0.2782945036888122,0.5556100010871887,0.2804316878318786,-0.0548039190471172,0.7751708030700684,0.5467401146888733,0.1375249028205871,0.1226881742477417,0.3753178417682647,0.5497248768806458,0.1332748979330063,-0.0036623354535549,0.822924017906189,0.5489917397499084,0.1148075610399246,0.122768148779869,0.498821347951889,0.553821861743927,0.1018313020467758,-0.0026198653504252,0.7803447246551514,0.5248860120773315,0.1146288588643074,0.0680728480219841,0.5719475150108337,0.528194785118103,0.105412483215332,-0.0721371695399284,0.8518857359886169,hoyeon_stand_normal_01,24.698178,25.612497,23.345235,20.518285,17.029386,12.806248,9.219544,6.324555,6.082763,8.062258,10.0,12.806248,14.866069,17.029386,19.209373,20.808652,22.472205,22.825424,22.36068,20.615528,19.313208,15.231546,11.661904,8.602325,9.055385,13.341664,8.602325,10.0,11.401754,11.401754,11.401754,10.0,9.433981,8.944272,8.544004,8.246211,8.062258,9.055385,9.0,10.049876,10.0,10.0,10.0,10.0,8.062258,8.246211,7.211103,8.602325,11.18034,14.866069,18.973666,21.540659,16.401219,15.811388,15.264338,13.892444,13.416408,12.083046,9.486833,8.246211,7.0,6.082763,5.385165,5.0,6.324555,8.062258,10.0,12.041595,14.035669,17.029386,19.026298,20.024984,21.023796,21.0,21.023796,19.104973,17.262677,14.317821,8.062258,6.082763,4.0,1.414214,2.236068,5.830952,8.062258,10.29563,11.18034,11.7047,12.369317,12.165525,11.045361,10.049876,8.0,7.0,5.0,3.0,1.414214,2.828427,5.0,7.81025,10.0,12.206556,15.0,15.811388,13.416408,13.416408,14.764823,14.764823,14.317821,13.416408,12.083046,10.77033,9.486833,8.246211,6.324555,4.472136,4.242641,4.123106,6.082763,8.246211,10.198039,13.601471,16.492423,18.439089,19.235384,19.235384,19.104973,17.029386,16.0,13.0,11.7047,13.601471,14.56022,16.492423,16.278821,16.124515,14.142136,12.041595,10.049876,8.246211,6.324555,5.830952,5.0,5.385165,6.082763,7.071068,8.062258,9.055385,9.055385,10.049876,10.049876,10.049876,11.045361,11.045361,11.18034,11.401754
hoyeon_stand_normal_01,1284,428,42.80233879781421,29.998360745314464,10,0.5333516597747803,0.6670923233032227,-0.0778853595256805,0.9988911151885986,0.5373224020004272,0.6795991659164429,-0.0697509944438934,0.998034417629242,0.5381009578704834,0.6801287531852722,-0.0697552114725112,0.9976637363433838,0.5390412211418152,0.6808215975761414,-0.0697289332747459,0.9980382323265076,0.5381214022636414,0.6800462603569031,-0.0936384052038192,0.9983372092247008,0.5393861532211304,0.6807855367660522,-0.0936711728572845,0.9983322024345398,0.5408257246017456,0.6815497875213623,-0.0937450975179672,0.9985617399215698,0.5477787256240845,0.6765731573104858,-0.0184981264173984,0.995324969291687,0.5485373735427856,0.6760244369506836,-0.1261671930551529,0.9983609318733216,0.5361679792404175,0.6543223261833191,-0.0554277151823043,0.9986612796783448,0.5374032855033875,0.6541425585746765,-0.0866181626915931,0.99905264377594,0.5547268986701965,0.6019643545150757,0.061988241970539,0.9991359114646912,0.5603448152542114,0.6075881123542786,-0.1755026429891586,0.9999416470527648,0.5540463924407959,0.4983284771442413,0.0868743434548378,0.1183901727199554,0.5580453276634216,0.504334032535553,-0.2029023319482803,0.9862094521522522,0.5537696480751038,0.4217325150966644,0.0359529331326484,0.2987925410270691,0.5446054339408875,0.4159102737903595,-0.1960151195526123,0.9708957076072692,0.5531896352767944,0.3937605023384094,0.0300975516438484,0.2830155193805694,0.5451597571372986,0.3880959153175354,-0.2185190171003341,0.9485598802566528,0.548366367816925,0.3899520635604858,0.011942645534873,0.2911627888679504,0.541046142578125,0.3866040408611297,-0.2194467931985855,0.9451120495796204,0.5483695268630981,0.4003430008888244,0.0256122387945652,0.2713967263698578,0.540091335773468,0.395427256822586,-0.1952324509620666,0.9188703894615172,0.5501925349235535,0.4215712249279022,0.0681632608175277,0.9972891807556152,0.5561740398406982,0.4249660670757293,-0.0682208091020584,0.9977602362632751,0.5493572354316711,0.2807254791259765,0.074466586112976,0.2777282893657684,0.555594265460968,0.2806380987167358,-0.0546037442982196,0.773853063583374,0.5467490553855896,0.1376321017742157,0.123752012848854,0.3743726313114166,0.5497165322303772,0.1335590779781341,-0.0024062916636466,0.8217055201530457,0.5490580201148987,0.1149347648024559,0.12396140396595,0.497656375169754,0.5537899732589722,0.1020062416791915,-0.0012376384111121,0.7791489362716675,0.5248861312866211,0.1146237179636955,0.0695178359746933,0.5703437328338623,0.5281866788864136,0.1054276973009109,-0.0707261562347412,0.8507995009422302,hoyeon_stand_normal_01,26.400758,26.925824,24.596748,21.540659,16.763055,12.649111,8.944272,6.403124,6.082763,8.062258,10.440307,13.601471,15.524175,17.464249,19.416488,20.396078,22.203603,22.022716,22.0,21.023796,18.027756,15.033296,11.045361,8.062258,10.29563,14.317821,9.899495,10.630146,12.041595,12.041595,12.041595,10.630146,10.630146,10.0,9.433981,9.848858,9.486833,10.440307,11.18034,11.18034,11.401754,11.401754,10.440307,10.440307,9.219544,8.0,8.246211,9.433981,12.041595,16.401219,20.615528,23.345235,13.770332,13.514693,13.1253225,13.330952,13.5089395,12.795146,12.204539,11.9205315,11.5977915,11.0622575,11.251204,11.4597655,11.4740975,12.830623499999998,13.657640999999998,14.083054999999998,14.5842075,15.5325275,15.513149,15.121670000000002,14.950486,15.517497,16.7715415,17.340089499999998,18.3731715,18.4783955,11.311239,11.585385,11.617692,10.707107,11.5058555,12.1350205,12.7937945,12.093369,11.237515,9.9646105,8.170832,6.5827625,7.5226805,8.535534,9.109772,9.6846585,9.3007355,9.115773,8.7693645,9.864462,11.574855,12.2267835,13.3773305,13.673034,13.4745575,13.23843,15.811388,14.56022,13.152946,12.0,11.045361,11.401754,12.083046,12.529964,15.231546,16.552945,17.088007,17.720045,19.416488,19.104973,20.0,19.026298,18.248288,16.278821,14.317821,11.045361,9.055385,7.211103,8.944272,12.369317,14.317821,17.464249,9.055385,8.062258,5.385165,5.656854,7.28011,10.198039,12.165525,14.142136,16.124515,17.262677,17.464249,16.763055,15.811388,15.231546,14.317821,13.892444,12.529964,12.083046,12.083046,11.7047,12.649111,13.601471,15.524175,16.492423,16.492423,17.720045
hoyeon_stand_normal_01,1287,429,42.90234426229508,29.998360745314464,10,0.5332506895065308,0.6670895218849182,-0.0761914998292923,0.9988929629325868,0.537214457988739,0.6796008348464966,-0.0679903104901313,0.9980434775352478,0.5379937887191772,0.6801312565803528,-0.0679963082075119,0.9976747035980223,0.5389355421066284,0.680823028087616,-0.0679704174399375,0.9980472922325134,0.5380194187164307,0.6800485849380493,-0.0917988792061805,0.9983418583869934,0.5392863154411316,0.6807883381843567,-0.0918305665254592,0.9983365535736084,0.540730357170105,0.6815488934516907,-0.0919040068984031,0.9985650777816772,0.5476999282836914,0.6765817999839783,-0.0171882938593626,0.9953501224517822,0.5484462976455688,0.6760317087173462,-0.1245073974132537,0.9983660578727722,0.5360680222511292,0.6543253660202026,-0.0539637841284275,0.9986655116081238,0.53730708360672,0.6541626453399658,-0.085041768848896,0.9990528225898744,0.5547589659690857,0.6019624471664429,0.0629192069172859,0.9991381764411926,0.5601118803024292,0.6075602769851685,-0.1744434237480163,0.9999417662620544,0.5543839335441589,0.4983102977275848,0.087164856493473,0.1176589950919151,0.5576411485671997,0.5043340921401978,-0.202409952878952,0.9861624240875244,0.554577648639679,0.4217485785484314,0.0365203842520713,0.2970592379570007,0.5442368984222412,0.4158767461776733,-0.1957449316978454,0.9708524942398072,0.5555894374847412,0.3938336968421936,0.0306898076087236,0.2816879451274872,0.5448157787322998,0.3879036903381347,-0.218221828341484,0.9485501646995544,0.550053060054779,0.3899522721767425,0.0127922119572758,0.289698451757431,0.5407328009605408,0.3864734470844269,-0.2191694676876068,0.94511741399765,0.5501772165298462,0.4003286361694336,0.0262865908443927,0.2700233459472656,0.5397492051124573,0.3953231275081634,-0.1949589401483535,0.9188784956932068,0.5503657460212708,0.4217691719532013,0.0682581439614296,0.9972963929176332,0.5560463070869446,0.4252588748931885,-0.0683177784085273,0.9977611303329468,0.5493677258491516,0.2807348072528839,0.0740679055452346,0.2766091823577881,0.5554969906806946,0.2807343900203705,-0.0552215315401554,0.7731720209121704,0.546753466129303,0.1376373320817947,0.1228499412536621,0.3736600577831268,0.5496955513954163,0.1336192637681961,-0.0035360308829694,0.8208651542663574,0.5488736033439636,0.1131666451692581,0.1230232343077659,0.4975981712341308,0.5537681579589844,0.1022510156035423,-0.0023670697119086,0.7784274816513062,0.5248851180076599,0.1143732145428657,0.0690497457981109,0.5688400864601135,0.5280945897102356,0.105386309325695,-0.0711612030863761,0.8499587178230286,hoyeon_stand_normal_01,25.495098,25.079872,23.021729,20.099751,17.262677,13.152946,9.055385,6.324555,5.656854,7.615773,9.219544,12.165525,14.142136,16.278821,18.439089,19.646883,20.880613,21.540659,21.023796,19.235384,17.492856,13.892444,10.77033,8.062258,9.219544,13.601471,10.440307,11.7047,12.369317,12.369317,12.369317,11.401754,10.440307,10.440307,9.848858,9.433981,10.0,10.630146,10.630146,10.630146,10.630146,11.313708,10.630146,10.630146,9.219544,8.602325,8.246211,9.0,11.401754,14.866069,18.384776,22.135944,9.055385,9.219544,10.77033,10.816654,12.041595,13.453624,14.21267,15.0,15.264338,16.124515,16.124515,16.643317,16.643317,16.643317,16.643317,15.264338,15.264338,13.892444,11.18034,8.246211,7.071068,7.81025,10.816654,14.764823,17.888544,20.59126,13.601471,16.278821,18.439089,19.416488,19.235384,18.027756,16.492423,13.152946,10.0,6.082763,2.0,1.0,4.123106,6.708204,9.433981,11.401754,13.453624,15.556349,15.620499,17.804494,17.204651,17.204651,15.811388,14.21267,12.727922,10.816654,15.811388,13.928388,13.0,10.816654,10.630146,10.816654,11.661904,13.416408,14.317821,16.552945,17.492856,18.601075,19.104973,19.849433,19.209373,19.416488,18.35756,17.0,14.317821,10.816654,7.81025,7.28011,9.219544,12.083046,15.652476,17.0,8.944272,7.211103,5.656854,5.09902,7.28011,9.848858,12.529964,14.764823,16.552945,17.464249,17.088007,16.763055,15.524175,15.132746,14.142136,13.038405,12.165525,12.165525,11.18034,12.369317,12.649111,13.601471,15.231546,16.155494,17.088007,17.088007
hoyeon_stand_normal_01,1290,430,43.002349726775954,29.998360745314464,10,0.5331818461418152,0.6670876741409302,-0.0759740993380546,0.9989044070243835,0.5371422171592712,0.6795990467071533,-0.0677015855908393,0.9980707764625548,0.5379236340522766,0.6801306009292603,-0.0677079334855079,0.997710347175598,0.538867712020874,0.6808220744132996,-0.0676810890436172,0.9980746507644652,0.5379406213760376,0.6800481677055359,-0.0915341004729271,0.9983616471290588,0.5392022728919983,0.6807899475097656,-0.0915664359927177,0.998357355594635,0.540640115737915,0.681548535823822,-0.0916394516825676,0.9985812902450562,0.5476402044296265,0.6765876412391663,-0.0167425032705068,0.9954137802124025,0.5483563542366028,0.6760295033454895,-0.1241478994488716,0.9983896017074584,0.5359862446784973,0.6543374061584473,-0.0537213757634162,0.9986789226531982,0.5372185111045837,0.6541789174079895,-0.0848147645592689,0.9990607500076294,0.5548115968704224,0.6019598841667175,0.0638247206807136,0.9991394281387328,0.559881329536438,0.6075299978256226,-0.174437940120697,0.9999423623085022,0.5547330379486084,0.4982951879501343,0.0871796160936355,0.1160520836710929,0.5573896765708923,0.5043253898620605,-0.2023987621068954,0.9862101674079896,0.5553458333015442,0.4217691421508789,0.0356404371559619,0.2935458719730377,0.543835461139679,0.4158585667610168,-0.195559561252594,0.9708353281021118,0.5573378205299377,0.3939227759838104,0.0296526476740837,0.2790065705776214,0.5444065928459167,0.3877532482147217,-0.2180302441120147,0.9485617280006408,0.5515613555908203,0.389966070652008,0.0118595492094755,0.2868565022945404,0.5403571724891663,0.3863655924797058,-0.2189816683530807,0.9451246857643129,0.5516592264175415,0.4003252983093261,0.0253915786743164,0.2674190402030945,0.5393300652503967,0.3952297270298004,-0.1947772949934005,0.9188995361328124,0.5505052804946899,0.421807050704956,0.0690601542592048,0.9973204731941224,0.5560287237167358,0.4253107607364654,-0.0691223591566085,0.997782289981842,0.5493413805961609,0.2806252837181091,0.0749496668577194,0.2771631777286529,0.5554890036582947,0.2806868553161621,-0.055177953094244,0.776450514793396,0.5467506647109985,0.1376618593931198,0.1234748288989067,0.3765122294425964,0.5497466921806335,0.1336328834295272,-0.0031473443377763,0.823516845703125,0.5486711263656616,0.1121232807636261,0.1235606744885444,0.5010549426078796,0.553927481174469,0.1022531613707542,-0.0019845333881676,0.7807763814926147,0.5247879028320312,0.1143713220953941,0.0701140984892845,0.5717172026634216,0.5280264616012573,0.1053851768374443,-0.0708931386470794,0.8520014882087708,hoyeon_stand_normal_01,26.476405,26.248809,24.166092,21.470911,16.643317,13.038405,8.944272,6.0,5.385165,7.211103,9.433981,12.529964,13.892444,16.643317,18.867962,20.0,22.022716,21.931712,21.931712,19.849433,17.804494,14.21267,10.630146,8.062258,9.848858,15.264338,11.045361,12.041595,13.038405,13.152946,13.152946,12.165525,11.045361,11.0,10.049876,10.198039,9.486833,10.77033,10.77033,11.18034,11.18034,11.7047,10.77033,10.77033,9.848858,8.602325,7.81025,8.544004,11.045361,15.0,20.0,23.021729,9.433981,10.630146,11.661904,12.083046,12.649111,13.601471,14.317821,15.132746,15.132746,16.03122,16.03122,17.029386,17.029386,17.029386,16.03122,16.03122,15.033296,13.0,12.041595,9.219544,8.062258,8.062258,10.198039,13.038405,16.0,19.026298,12.041595,14.142136,15.524175,16.552945,17.492856,15.620499,13.453624,10.816654,8.062258,5.09902,1.414214,2.828427,4.472136,7.28011,9.055385,12.0,13.038405,15.132746,15.297059,15.524175,15.811388,15.811388,14.56022,13.341664,12.041595,10.049876,15.231546,15.652476,16.552945,15.652476,16.552945,15.231546,13.928388,12.649111,10.440307,9.486833,8.544004,6.708204,5.0,5.385165,6.082763,9.0,11.045361,14.142136,16.124515,18.11077,19.026298,20.0,19.026298,18.027756,16.124515,13.152946,12.529964,14.764823,15.231546,17.088007,17.088007,16.763055,15.811388,12.649111,11.7047,8.944272,8.602325,7.071068,5.830952,6.324555,7.071068,8.062258,9.055385,10.049876,11.045361,11.045361,12.041595,12.041595,12.0,12.041595,13.152946,13.601471
hoyeon_stand_normal_01,1293,431,43.10235519125683,29.998360745314464,10,0.5331399440765381,0.6670945286750793,-0.0770076364278793,0.9989134669303894,0.5371056795120239,0.679601788520813,-0.0687010213732719,0.9980891346931458,0.5378940105438232,0.6801336407661438,-0.0687074661254882,0.9977348446846008,0.5388443470001221,0.6808232069015503,-0.0686798989772796,0.9980923533439636,0.5378855466842651,0.6800596117973328,-0.0926475226879119,0.998376190662384,0.5391395688056946,0.6808076500892639,-0.092681847512722,0.9983727931976318,0.5405679941177368,0.6815650463104248,-0.0927558988332748,0.9985930919647216,0.5476083159446716,0.6765974164009094,-0.0173389874398708,0.9954584240913392,0.54828280210495,0.6760352253913879,-0.1251944601535797,0.9984098076820374,0.5359501242637634,0.6543557643890381,-0.0545652732253074,0.9986941814422609,0.5371688008308411,0.6542144417762756,-0.0857915505766868,0.9990699291229248,0.5548122525215149,0.6019615530967712,0.0637741237878799,0.9991483092308044,0.5597739815711975,0.6074602007865906,-0.1756221652030944,0.9999430775642396,0.5547066330909729,0.4983186423778534,0.0867812409996986,0.116399385035038,0.5573417544364929,0.504330575466156,-0.2033086270093917,0.986288607120514,0.5553240180015564,0.4217714667320251,0.0326876305043697,0.2945620417594909,0.5438238382339478,0.4158508479595184,-0.1959818303585052,0.970999240875244,0.5571569800376892,0.3939319252967834,0.0260189864784479,0.2800541520118713,0.5443883538246155,0.3876884877681732,-0.2187116295099258,0.9488497972488404,0.5511595010757446,0.3899548947811126,0.0081208925694227,0.2878927290439605,0.5403393507003784,0.3863083124160766,-0.2196996659040451,0.9454210996627808,0.5511964559555054,0.400323212146759,0.0222909990698099,0.2684443295001983,0.5393131375312805,0.3951963484287262,-0.1952144056558609,0.9193261861801147,0.5505063533782959,0.4217913448810577,0.0694923922419548,0.9973579049110411,0.5560624003410339,0.4252971410751343,-0.069555826485157,0.9978144764900208,0.5493346452713013,0.2803944051265716,0.0776401981711387,0.2782590687274933,0.5555082559585571,0.2803879976272583,-0.0545913353562355,0.7798246145248413,0.5467312932014465,0.1376279890537262,0.1289447844028473,0.3794071674346924,0.5497516989707947,0.1335442215204239,-0.0009537275182083,0.8263364434242249,0.5485960245132446,0.1126263216137886,0.1293747723102569,0.50368732213974,0.5538457036018372,0.1020092815160751,0.0002847081341315,0.7831611037254333,0.5247538089752197,0.1143284365534782,0.0757661014795303,0.5749903917312622,0.5279837250709534,0.1053179427981376,-0.0694265216588974,0.8541873693466187,hoyeon_stand_normal_01,7.071068,6.708204,8.485281,12.206556,14.21267,16.401219,16.401219,15.620499,14.866069,14.142136,12.727922,10.630146,9.219544,7.211103,5.385165,4.123106,5.656854,8.062258,11.7047,15.524175,19.924859,23.4094,26.0,26.41969,26.627054,24.207437,8.062258,8.602325,9.219544,9.899495,10.0,10.816654,10.816654,10.816654,10.29563,10.29563,8.944272,7.615773,7.071068,6.0,6.082763,6.708204,7.81025,9.219544,11.401754,12.806248,15.0,16.401219,17.029386,16.278821,14.866069,11.401754,8.944272,10.198039,11.045361,12.041595,13.341664,14.56022,14.866069,15.231546,16.552945,16.552945,17.0,17.888544,17.888544,17.888544,17.0,16.552945,15.652476,13.892444,12.206556,9.899495,8.944272,9.0,11.401754,15.231546,17.464249,20.615528,11.18034,13.601471,16.278821,17.029386,17.029386,16.278821,13.928388,11.661904,7.81025,5.656854,3.0,2.0,5.0,7.071068,8.602325,10.816654,12.083046,13.928388,15.524175,15.297059,16.278821,15.297059,14.317821,12.369317,10.77033,9.433981,14.9496825,15.0264515,14.3272395,13.7631345,12.9653575,12.831721,12.830952,12.764982,12.681591,11.910104,12.3527875,12.402247,11.8849705,11.7195445,12.906089,13.705983,14.645149,14.6269735,14.613898,14.422205,13.561729,13.488913,14.003919,14.985795,15.8884955,15.4634745,10.901649,10.764462,10.4769565,10.6117675,11.5560745,12.487746,13.3476,13.4654245,13.3489185,12.8862445,12.5484745,11.259796,11.2976215,10.3604725,10.8789545,10.3843595,10.3547645,10.826179,10.975335,11.086042,12.3660785,12.1769055,13.343569,14.2624055,14.482167,14.5969495
hoyeon_stand_normal_01,1296,432,43.20236065573771,29.998360745314464,10,0.5330933332443237,0.667178750038147,-0.0765751898288726,0.9989246726036072,0.5370634198188782,0.6796776056289673,-0.0682480335235595,0.9981124401092528,0.5378602743148804,0.6802079677581787,-0.0682543143630027,0.99776428937912,0.5388184189796448,0.6808875799179077,-0.0682268664240837,0.9981157183647156,0.5378151535987854,0.6801548600196838,-0.0922827050089836,0.998394012451172,0.5390551090240479,0.6809118986129761,-0.0923166722059249,0.9983912706375122,0.5404655933380127,0.6816600561141968,-0.0923904404044151,0.9986083507537842,0.5475820899009705,0.6766723394393921,-0.0168925244361162,0.9955151677131652,0.5481799244880676,0.676097571849823,-0.1250937134027481,0.998431384563446,0.5359057188034058,0.6544715762138367,-0.0541445203125476,0.9987101554870604,0.5370920300483704,0.6543671488761902,-0.0854874178767204,0.9990798830986024,0.5548359751701355,0.6020224690437317,0.0646096169948577,0.9991557002067566,0.5596969723701477,0.6074399352073669,-0.175597533583641,0.9999435544013976,0.5546903014183044,0.498414397239685,0.087395042181015,0.1164060086011886,0.5573327541351318,0.504451334476471,-0.2033789753913879,0.9863383769989014,0.5553066730499268,0.4217681288719177,0.032755147665739,0.2945913076400757,0.5438767075538635,0.4158483743667602,-0.1959558576345443,0.9710866808891296,0.5559741854667664,0.393918365240097,0.0260553527623415,0.2802231907844543,0.5444756746292114,0.387687087059021,-0.2187084704637527,0.9490371346473694,0.5507646203041077,0.3899398446083069,0.0082406280562281,0.2880203425884247,0.5404033064842224,0.3863038420677185,-0.219617024064064,0.9456143379211426,0.5508005023002625,0.4003204703330993,0.0224004015326499,0.2686890065670013,0.5393858551979065,0.3951902985572815,-0.1951618939638137,0.9195619225502014,0.5508168339729309,0.4219428598880768,0.0698790401220321,0.9973804950714112,0.5560619235038757,0.4254978895187378,-0.0699423104524612,0.9978294968605042,0.5493564605712891,0.2804003059864044,0.0772724449634552,0.2784476578235626,0.5555436015129089,0.2803874909877777,-0.0558254830539226,0.7825021743774414,0.5467308163642883,0.1376214176416397,0.1267790347337722,0.380800724029541,0.5497520565986633,0.1335345953702926,-0.0039696400053799,0.8282486796379089,0.5485624074935913,0.1115042567253112,0.1269546449184417,0.5051769614219666,0.5538554787635803,0.1019973009824752,-0.0029501020908355,0.784650444984436,0.5246992707252502,0.1142816916108131,0.0730905756354332,0.5763117671012878,0.5278617143630981,0.1052499115467071,-0.0728311687707901,0.8555383682250977,hoyeon_stand_normal_01,8.062258,8.602325,10.440307,13.152946,15.132746,16.278821,17.262677,16.492423,16.763055,14.56022,13.601471,11.7047,9.486833,8.062258,6.0,4.472136,5.385165,8.062258,12.041595,16.03122,20.099751,24.020824,26.019224,27.166155,26.683328,25.298221,8.246211,9.055385,9.0,10.049876,10.198039,10.198039,11.18034,11.401754,10.440307,9.486833,9.486833,8.062258,7.211103,7.071068,7.211103,7.28011,9.219544,10.049876,12.0,14.0,16.0,17.0,17.029386,17.117243,15.033296,13.038405,18.439089,18.439089,17.720045,15.811388,14.866069,13.0,11.18034,9.433981,7.81025,6.403124,5.385165,5.0,5.385165,7.071068,9.219544,10.816654,13.892444,16.124515,18.35756,19.723083,21.095023,21.633308,20.808652,19.209373,17.029386,14.142136,6.708204,5.385165,3.0,1.0,3.162278,6.0,8.062258,10.198039,11.401754,12.649111,12.083046,12.529964,10.816654,9.433981,8.602325,6.403124,5.0,3.162278,1.414214,3.0,6.082763,9.055385,11.18034,14.317821,16.278821,17.262677,15.556349,15.620499,13.601471,11.661904,11.7047,11.18034,12.041595,13.038405,14.035669,15.132746,17.117243,18.439089,19.924859,19.313208,20.124612,20.248457,19.416488,17.029386,14.21267,12.206556,8.544004,7.0,8.602325,11.313708,14.866069,16.278821,9.848858,8.246211,7.0,6.324555,7.81025,10.0,13.038405,15.264338,16.643317,17.204651,17.029386,17.691806,16.970563,16.278821,15.0,14.21267,13.601471,12.806248,12.806248,13.453624,13.453624,14.866069,15.620499,17.029386,17.691806,17.029386
hoyeon_stand_normal_01,1299,433,43.30236612021858,29.998360745314464,10,0.5330636501312256,0.6673377752304077,-0.0752729251980781,0.9989277720451356,0.5370460748672485,0.6798177361488342,-0.0668084993958473,0.9981259703636168,0.5378506779670715,0.680346667766571,-0.0668151676654815,0.9977850317955016,0.5388137102127075,0.6810142993927002,-0.0667871683835983,0.9981314539909364,0.5377587676048279,0.680322527885437,-0.0909217521548271,0.9984023571014404,0.5389747619628906,0.6810899972915649,-0.0909550562500953,0.9984010457992554,0.5403508543968201,0.6818275451660156,-0.0910284668207168,0.9986141920089722,0.5475658774375916,0.6768215894699097,-0.0154950506985187,0.9955552816390992,0.5480474829673767,0.6762111186981201,-0.1240501329302787,0.998443603515625,0.5358723998069763,0.65467369556427,-0.0529031828045845,0.998717725276947,0.5369994044303894,0.6546057462692261,-0.0843409746885299,0.9990820288658142,0.5549732446670532,0.6021014451980591,0.0663801580667495,0.9991567134857178,0.5595798492431641,0.6074315309524536,-0.1754778176546096,0.9999439120292664,0.5549048185348511,0.4984847009181976,0.0880768969655036,0.1152905449271202,0.5573302507400513,0.504531979560852,-0.2033964842557907,0.9863324165344238,0.555522620677948,0.4217540323734283,0.0328642651438713,0.2917974591255188,0.5438856482505798,0.4158446192741394,-0.1964130848646164,0.9709668755531312,0.5568211674690247,0.3939894437789917,0.0263801328837871,0.2780952155590057,0.5444839596748352,0.3876848816871643,-0.2193614691495895,0.9489321112632751,0.5513898730278015,0.3899544179439544,0.0084956409409642,0.2857615947723388,0.5404337644577026,0.3862970769405365,-0.2199470400810241,0.9454875588417052,0.5513961315155029,0.4003177881240845,0.0224720519036054,0.2667286992073059,0.539444088935852,0.3951845467090606,-0.1955406069755554,0.9193369746208192,0.5513239502906799,0.4223003387451172,0.0709515884518623,0.9973989725112916,0.5560018420219421,0.4259019494056701,-0.0710191801190376,0.9978420734405518,0.549449622631073,0.2805621027946472,0.0772558376193046,0.2770854234695434,0.5556097030639648,0.2804668545722961,-0.0570964105427265,0.7858104109764099,0.5467668175697327,0.1376801431179046,0.1260493695735931,0.3815125823020935,0.5498512387275696,0.1335418969392776,-0.0070188613608479,0.8308259844779968,0.5486077666282654,0.1109441891312599,0.1261186599731445,0.5069093108177185,0.5541238784790039,0.1019900143146514,-0.0062162922695279,0.7874013781547546,0.5246475338935852,0.11431585252285,0.0725151151418685,0.5773255825042725,0.5277191400527954,0.1052551046013832,-0.0758989825844764,0.8573992252349854,hoyeon_stand_normal_01,17.3436975,17.9463255,17.915025,17.2904115,16.9408675,15.763939,13.6565535,11.287593,11.0548865,10.5130125,11.3198895,11.9147255,12.532054,12.6535295,12.402309,12.807764,14.18034,15.684714,17.067054499999998,18.31002,18.610491,18.768239,18.118937,16.535534,17.527971,18.6856,9.02522,9.577057,10.041523,10.072652,10.462122,9.994937,9.7087915,9.63471,9.29694,9.3710215,9.054979,8.616353,8.200877,8.088418,8.734168500000001,9.1846585,9.340932,9.96357,10.1285815,10.3556845,11.3381595,12.177696,13.782885,15.29572,17.18273,17.220153500000002,17.029386,17.804494,16.401219,15.811388,13.892444,12.529964,10.77033,9.486833,8.062258,7.0,6.324555,5.0,5.830952,7.28011,9.0,10.049876,13.152946,15.132746,17.262677,19.235384,20.223748,20.099751,20.024984,19.0,16.03122,13.038405,7.81025,5.656854,3.605551,1.0,2.236068,5.0,7.615773,9.848858,10.440307,11.18034,12.041595,11.0,10.0,9.055385,7.071068,6.082763,4.0,2.0,1.0,3.605551,6.403124,9.219544,12.041595,14.142136,16.278821,16.970563,14.866069,15.0,13.038405,11.18034,10.440307,11.045361,12.0,13.038405,14.035669,16.0,17.029386,18.11077,19.416488,19.924859,20.615528,19.235384,18.867962,16.643317,14.422205,11.18034,8.544004,7.071068,7.81025,11.401754,13.892444,16.643317,9.848858,8.544004,7.071068,6.324555,7.81025,9.433981,12.529964,14.764823,16.124515,18.027756,17.204651,17.691806,16.278821,16.278821,14.866069,14.21267,12.806248,12.806248,12.727922,12.727922,13.453624,14.21267,15.0,15.811388,17.804494,16.401219
hoyeon_stand_normal_01,1302,434,43.40237158469945,29.998360745314464,10,0.5330532789230347,0.6674978137016296,-0.0741499364376068,0.9989387392997742,0.5370431542396545,0.6799414157867432,-0.0655941739678382,0.998151421546936,0.5378495454788208,0.6804676055908203,-0.0656016841530799,0.9978199005126952,0.5388136506080627,0.6811227202415466,-0.0655730664730072,0.998159646987915,0.5377365946769714,0.6804683208465576,-0.0897248461842536,0.9984208941459656,0.5389406681060791,0.6812390685081482,-0.0897579342126846,0.9984211921691896,0.5402964353561401,0.6819613575935364,-0.0898306667804718,0.9986287355422974,0.5475583672523499,0.6769223213195801,-0.0142951337620615,0.9956201910972596,0.5479757785797119,0.6762840747833252,-0.1229287385940551,0.9984627962112428,0.5358607172966003,0.6548701524734497,-0.0518325306475162,0.9987331032752992,0.5369608998298645,0.6548202633857727,-0.0832883566617965,0.9990898966789246,0.5551062822341919,0.6021932363510132,0.067373439669609,0.9991604089736938,0.5594448447227478,0.6074227094650269,-0.1750381141901016,0.9999440908432008,0.5550914406776428,0.4985195100307464,0.0884015634655952,0.1147857680916786,0.5572899580001831,0.5045346021652222,-0.203316181898117,0.986346423625946,0.555802047252655,0.4217864573001861,0.0329187475144863,0.290693998336792,0.5438261032104492,0.4158384799957275,-0.196395143866539,0.970905065536499,0.5577831268310547,0.3942644894123077,0.0264007970690727,0.2774655520915985,0.5444155335426331,0.3876719772815704,-0.2193944454193115,0.9489154815673828,0.5522398352622986,0.3901738822460174,0.0085218315944075,0.2850175499916076,0.5403812527656555,0.3862930834293365,-0.2199087291955948,0.9454522728919984,0.5521475076675415,0.400437444448471,0.022535677999258,0.2660552263259887,0.5393998026847839,0.3951795697212219,-0.1955072581768036,0.9192355871200562,0.5516617298126221,0.4224398732185364,0.071480892598629,0.9974223375320436,0.5559560060501099,0.4259763956069946,-0.0715493038296699,0.9978564977645874,0.5495405793190002,0.2806656658649444,0.0769945606589317,0.2771706283092499,0.5556184649467468,0.2805381417274475,-0.0581481419503688,0.790232241153717,0.546798586845398,0.1377031207084655,0.1245199814438819,0.3841715455055237,0.5498870015144348,0.1335422098636627,-0.0093901334330439,0.8342612385749817,0.5486079454421997,0.1105834171175956,0.1244507655501365,0.5098373889923096,0.5542429685592651,0.102011390030384,-0.0087641840800642,0.7906250953674316,0.5246371030807495,0.1143199875950813,0.0710848644375801,0.5801912546157837,0.5276376605033875,0.1052680611610412,-0.0783281698822975,0.8599939942359924,hoyeon_stand_normal_01,26.907248,26.248809,24.413111,21.095023,17.0,13.416408,8.944272,5.0,5.0,6.708204,8.602325,11.401754,14.21267,16.401219,18.601075,20.248457,21.954498,21.931712,21.540659,19.924859,17.720045,13.601471,8.944272,6.708204,9.055385,13.928388,10.630146,11.401754,11.401754,11.401754,11.401754,11.401754,10.630146,10.0,10.29563,10.77033,10.77033,11.401754,11.401754,11.401754,11.401754,11.401754,11.401754,10.440307,9.219544,8.0,7.28011,8.602325,12.206556,15.264338,19.723083,22.472205,17.262677,17.262677,17.117243,15.033296,14.035669,13.038405,11.045361,9.219544,7.615773,6.708204,5.656854,5.385165,5.0,6.324555,8.062258,10.816654,12.806248,15.620499,17.691806,18.439089,19.849433,20.615528,19.416488,18.35756,16.124515,12.083046,7.071068,5.385165,2.828427,1.0,3.0,5.385165,7.211103,9.219544,11.313708,11.401754,12.206556,11.661904,10.29563,8.944272,7.615773,5.830952,4.472136,2.828427,1.0,3.162278,6.324555,9.219544,11.401754,13.341664,15.524175,16.492423,14.0,16.03122,16.03122,16.03122,16.0,15.0,14.035669,13.038405,11.045361,9.055385,8.062258,6.0,5.385165,5.0,5.830952,8.544004,11.401754,13.601471,16.492423,18.973666,19.313208,20.615528,19.697716,18.788294,16.124515,13.038405,12.165525,14.035669,16.03122,17.0,17.029386,16.03122,15.033296,13.038405,11.045361,9.0,8.246211,6.708204,6.403124,6.403124,7.211103,8.062258,8.944272,9.848858,11.18034,11.18034,12.083046,12.083046,11.7047,12.649111,13.341664,13.038405
hoyeon_stand_normal_01,1305,435,43.502377049180325,29.998360745314464,10,0.5330516695976257,0.6676478981971741,-0.0721437111496925,0.9989426732063292,0.5370431542396545,0.6800853610038757,-0.0635030344128608,0.9981648921966552,0.5378539562225342,0.680608868598938,-0.0635111853480339,0.9978405833244324,0.5388224124908447,0.6812499165534973,-0.0634820088744163,0.9981767535209656,0.5377299785614014,0.6806226372718811,-0.0877062007784843,0.9984285235404968,0.5389259457588196,0.6813895106315613,-0.0877388268709182,0.998430073261261,0.5402653813362122,0.6820916533470154,-0.0878119394183158,0.9986343383789062,0.5475562810897827,0.6770128011703491,-0.0122881177812814,0.9956484436988832,0.547923743724823,0.6763423681259155,-0.1212661415338516,0.998469889163971,0.5358593463897705,0.6550534963607788,-0.0498977825045585,0.9987363815307616,0.536948025226593,0.6550049781799316,-0.0814480930566787,0.999089539051056,0.5553175210952759,0.6023091673851013,0.0689754262566566,0.9991614818572998,0.5593377947807312,0.6074168086051941,-0.1740815341472625,0.9999438524246216,0.5552696585655212,0.4985946714878082,0.0890330970287323,0.1137511804699897,0.5572261214256287,0.5045364499092102,-0.202601209282875,0.986330509185791,0.5559962391853333,0.422043114900589,0.0330747216939926,0.2891908884048462,0.5436004996299744,0.4159058630466461,-0.1955562233924865,0.9707894325256348,0.5585354566574097,0.394663006067276,0.0265954919159412,0.2765263020992279,0.5441262722015381,0.3877013027667999,-0.2185701727867126,0.948826014995575,0.5529363751411438,0.3906213343143463,0.008746737614274,0.2839770317077636,0.5401375889778137,0.386342316865921,-0.2188243120908737,0.9453566670417786,0.5527317523956299,0.4008075296878814,0.022679928690195,0.26498943567276,0.5391603708267212,0.3952504098415375,-0.1945775300264358,0.9190564155578612,0.55189049243927,0.422661155462265,0.0717928260564804,0.9974295496940612,0.555805504322052,0.4261102676391601,-0.0718625709414482,0.997855305671692,0.5496457815170288,0.2807373702526092,0.0760070383548736,0.278509259223938,0.5556193590164185,0.2806618511676788,-0.0594915747642517,0.7942067980766296,0.5468127727508545,0.1377005279064178,0.1218334659934043,0.3882766366004944,0.5499013066291809,0.133540078997612,-0.0118747530505061,0.8376131653785706,0.5485965013504028,0.1103459745645523,0.1215675324201583,0.5137374401092529,0.5542839169502258,0.1020805463194847,-0.0113649554550647,0.793563723564148,0.5246278047561646,0.1143217757344245,0.0679313689470291,0.5841597318649292,0.5276192426681519,0.1052897498011589,-0.0808752998709678,0.8625946640968323,hoyeon_stand_normal_01,5.830952,6.708204,9.0,13.038405,15.033296,17.029386,17.029386,17.0,16.0,15.0,13.0,11.0,10.0,7.071068,5.385165,4.472136,6.082763,8.944272,13.038405,17.492856,21.633308,25.553865,28.178006,29.154759,28.460499,26.683328,8.485281,8.602325,9.433981,9.848858,10.77033,11.7047,11.401754,11.401754,10.198039,9.219544,9.055385,7.0,6.082763,5.385165,5.656854,6.708204,7.28011,10.198039,11.18034,14.142136,15.132746,16.278821,17.262677,16.492423,14.317821,11.045361,17.691806,16.970563,16.278821,15.620499,12.806248,12.206556,10.29563,8.544004,7.28011,6.0,5.385165,5.656854,5.830952,7.28011,10.049876,12.0,15.033296,17.029386,19.026298,21.023796,22.022716,22.0,22.022716,20.099751,18.248288,14.317821,8.062258,5.830952,3.605551,1.0,2.236068,5.385165,8.246211,10.198039,12.165525,13.0,13.038405,12.041595,11.18034,10.198039,9.219544,7.28011,5.385165,3.162278,1.0,2.236068,5.0,7.81025,10.630146,12.806248,14.866069,16.278821,14.764823,15.652476,16.124515,16.124515,15.652476,15.231546,13.928388,12.649111,10.77033,9.486833,7.615773,6.708204,5.0,5.385165,6.0,8.062258,11.18034,13.341664,16.278821,18.248288,19.235384,20.024984,20.024984,18.0,16.0,13.0,13.038405,14.422205,16.552945,17.464249,17.464249,16.155494,14.866069,13.928388,10.77033,9.848858,7.81025,6.403124,5.830952,6.324555,7.071068,8.0,8.0,9.0,11.0,11.0,11.0,12.0,12.041595,12.165525,12.369317,13.0
hoyeon_stand_normal_01,1308,436,43.602382513661205,29.998360745314464,10,0.5330531597137451,0.66768479347229,-0.0707716196775436,0.9989534020423888,0.5370495915412903,0.6801142692565918,-0.062154583632946,0.9981852173805236,0.5378644466400146,0.6806342601776123,-0.0621624998748302,0.9978686571121216,0.5388339757919312,0.6812686324119568,-0.0621328316628932,0.9982011318206788,0.537727415561676,0.6806645393371582,-0.0862611979246139,0.998444139957428,0.538923978805542,0.68143230676651,-0.0862921401858329,0.9984466433525084,0.5402565598487854,0.6821264624595642,-0.086364522576332,0.9986464977264404,0.5475515127182007,0.6770224571228027,-0.0111858462914824,0.995692491531372,0.5478914976119995,0.6763483881950378,-0.1198035106062889,0.998478889465332,0.5358644723892212,0.6551100611686707,-0.0486423932015895,0.998744785785675,0.5369480848312378,0.6550461649894714,-0.0800875052809715,0.999092161655426,0.555628776550293,0.6023921966552734,0.0696865767240524,0.999162495136261,0.5592156052589417,0.607416033744812,-0.1728278547525406,0.9999439120292664,0.5555335283279419,0.4986509084701538,0.089761808514595,0.1129981651902198,0.5571564435958862,0.5045346617698669,-0.2021382749080658,0.9864171147346495,0.556454062461853,0.4223504364490509,0.0344833992421627,0.2882023155689239,0.5431732535362244,0.4160666465759277,-0.1956868320703506,0.9708981513977052,0.5594699382781982,0.3950409293174743,0.0283858217298984,0.2759976983070373,0.543670117855072,0.3877763152122497,-0.2187948524951934,0.9490535259246826,0.5537679195404053,0.391015887260437,0.0105000482872128,0.2833588421344757,0.5397409200668335,0.3864517211914062,-0.2188994735479354,0.9455909729003906,0.5535233616828918,0.4011010527610779,0.0241143703460693,0.2643105089664459,0.5387431383132935,0.3953726887702942,-0.1946744918823242,0.9192694425582886,0.5521295666694641,0.4230347573757171,0.0719005614519119,0.9974392056465148,0.5556492209434509,0.4264114499092102,-0.0719722062349319,0.9978618621826172,0.5497025847434998,0.2809028625488281,0.0746567174792289,0.2791007459163666,0.5556386709213257,0.2809047102928161,-0.060448694974184,0.7977752089500427,0.5468944311141968,0.1377042829990387,0.119162417948246,0.391639769077301,0.5499981045722961,0.1335219442844391,-0.0142571842297911,0.8410322666168213,0.5487138628959656,0.1102691814303398,0.1188044175505638,0.5172849297523499,0.5544295907020569,0.1020953804254531,-0.0139343282207846,0.7968135476112366,0.5246327519416809,0.114302173256874,0.0651929527521133,0.5877653956413269,0.5276269912719727,0.10525494068861,-0.0835364684462547,0.86531001329422,hoyeon_stand_normal_01,26.172505,25.70992,24.351591,21.023796,17.0,13.038405,8.944272,5.09902,4.472136,6.708204,8.544004,11.401754,13.601471,15.811388,18.384776,19.697716,21.470911,22.472205,22.203603,20.615528,17.691806,14.21267,9.433981,7.071068,10.0,14.866069,11.401754,11.401754,12.649111,12.649111,12.369317,11.401754,11.18034,10.049876,10.0,10.198039,10.440307,10.440307,11.7047,11.7047,11.7047,11.7047,10.77033,10.440307,9.486833,8.062258,7.81025,8.544004,11.045361,15.033296,19.026298,22.022716,7.211103,8.246211,9.0,10.198039,11.401754,13.0,13.416408,13.892444,15.0,15.0,16.401219,16.401219,16.401219,16.401219,16.401219,16.401219,14.21267,13.453624,11.313708,8.062258,7.071068,7.615773,10.630146,13.453624,17.029386,20.518285,12.041595,15.0,16.124515,18.439089,18.027756,17.888544,15.811388,13.453624,10.630146,7.211103,4.123106,1.414214,2.828427,5.830952,8.062258,10.440307,12.369317,13.152946,15.033296,16.03122,16.0,16.0,15.0,13.0,11.18034,9.848858,14.142136,15.297059,16.278821,16.278821,15.297059,15.132746,14.035669,13.038405,11.0,10.0,8.062258,7.071068,5.385165,5.656854,6.708204,8.544004,11.401754,13.152946,15.297059,17.464249,19.646883,19.924859,19.924859,18.027756,16.155494,13.416408,12.649111,14.56022,15.524175,16.278821,17.262677,16.278821,15.132746,14.142136,11.18034,9.219544,7.615773,7.211103,7.071068,6.708204,7.615773,8.544004,9.219544,10.440307,10.440307,11.401754,11.7047,12.369317,12.369317,12.165525,13.038405,13.038405
hoyeon_stand_normal_01,1311,437,43.70238797814208,29.998360745314464,10,0.5330876708030701,0.6677524447441101,-0.0706685706973075,0.9989663362503052,0.5371307134628296,0.6802400946617126,-0.0621400400996208,0.9982086420059204,0.537946343421936,0.680759847164154,-0.0621479637920856,0.9978991150856018,0.5389078855514526,0.6813836693763733,-0.062118362635374,0.9982262253761292,0.5378147959709167,0.6807844042778015,-0.0861695930361747,0.9984620809555054,0.5390145778656006,0.6815357804298401,-0.0862008482217788,0.99846613407135,0.5403355956077576,0.6821991801261902,-0.0862732827663421,0.9986612796783448,0.5475739240646362,0.6770820617675781,-0.0112330066040158,0.9957468509674072,0.5479236245155334,0.6763911247253418,-0.1195138394832611,0.9984955191612244,0.5358843207359314,0.6551759243011475,-0.0485500320792198,0.998760461807251,0.5369939208030701,0.6551200151443481,-0.0798961296677589,0.9991005659103394,0.5557200908660889,0.6024353504180908,0.0696676522493362,0.9991647601127625,0.5592020750045776,0.6074249744415283,-0.1725014746189117,0.9999442100524902,0.5556284785270691,0.4987097382545471,0.089917205274105,0.1125624477863311,0.5571371912956238,0.504570484161377,-0.2018840461969375,0.986536979675293,0.5569425821304321,0.4225848913192749,0.0346952266991138,0.2878021597862243,0.5430099964141846,0.416437953710556,-0.1956850737333297,0.9710922837257384,0.5600961446762085,0.3953409790992737,0.0285357311367988,0.2759130299091339,0.5434646606445312,0.3880109190940857,-0.218824952840805,0.9493745565414428,0.5545256733894348,0.3913811147212982,0.0106475688517093,0.2831988632678985,0.5395748019218445,0.3867062330245971,-0.2189181745052337,0.9459074139595032,0.5544142127037048,0.401358962059021,0.0243243612349033,0.2640871703624725,0.5385979413986206,0.3956190943717956,-0.1946733891963958,0.9196367859840392,0.552137017250061,0.4231809973716736,0.071888118982315,0.9974619150161744,0.5556479692459106,0.4266297817230224,-0.0719592198729515,0.9978805780410768,0.5497004985809326,0.2809008061885834,0.0743491426110267,0.2798978984355926,0.5557779669761658,0.2809164524078369,-0.0601971819996833,0.8010669946670532,0.5469340085983276,0.1376914083957672,0.1193483173847198,0.3950233459472656,0.5503179430961609,0.1334773898124694,-0.01313291862607,0.8440688252449036,0.5487654209136963,0.1100838482379913,0.1190752834081649,0.5208938121795654,0.5559594035148621,0.1055721864104271,-0.01270058657974,0.7995299100875854,0.5246404409408569,0.1142659559845924,0.0654124096035957,0.5915257334709167,0.5276293158531189,0.105198360979557,-0.0824361965060234,0.8677708506584167,hoyeon_stand_normal_01,6.324555,7.28011,8.602325,12.041595,14.142136,15.556349,16.970563,16.278821,15.620499,14.866069,12.806248,12.041595,9.899495,7.81025,6.708204,5.0,5.830952,8.602325,12.529964,16.155494,19.697716,23.259407,26.41969,28.017851,27.018512,24.758837,8.0,8.062258,8.246211,8.544004,8.944272,9.433981,10.0,9.219544,9.219544,8.485281,7.81025,7.211103,5.830952,5.385165,5.0,5.09902,6.708204,8.602325,9.899495,12.041595,13.453624,14.866069,15.620499,15.0,14.21267,11.401754,12.85523,13.3600225,13.124944,13.495864,13.2639865,13.111328,12.90202,12.071068,12.020815,11.3409725,11.2072755,11.014693,11.6769705,12.419818,12.7491825,13.5477375,14.3792565,14.4653815,14.587107,14.567632,14.5786405,15.0196475,16.06118,16.7110215,17.416939999999997,17.378832000000003,9.862081,10.6589105,10.5440035,9.8501585,9.762492,10.5,11.101907,10.942834,9.848858,9.4365035,7.5036525,6.200877,6.5308865,7.109772,7.81025,7.811334,7.5036525,7.637236499999999,7.446222,9.326238,10.165283,11.7388785,12.7490805,12.935814,13.0568565,12.7491825,14.422205,15.620499,15.620499,16.401219,15.620499,15.0,14.422205,13.038405,11.661904,9.433981,8.602325,7.211103,6.403124,6.324555,7.071068,9.055385,11.18034,14.317821,16.278821,18.248288,19.235384,20.099751,20.024984,18.027756,16.0,14.0,11.401754,13.453624,14.142136,15.620499,15.620499,15.0,13.601471,12.206556,10.630146,8.485281,7.211103,6.708204,6.082763,6.0,7.071068,8.246211,9.219544,9.219544,10.440307,11.18034,11.401754,11.18034,12.369317,11.7047,13.0,12.529964
hoyeon_stand_normal_01,1314,438,43.80239344262295,29.998360745314464,10,0.5331442356109619,0.667776346206665,-0.0724324360489845,0.9989773035049438,0.5371990203857422,0.6803484559059143,-0.0642666295170784,0.9982225298881532,0.5380060076713562,0.6808642148971558,-0.064273253083229,0.9979143738746644,0.5389547944068909,0.6814777851104736,-0.0642437413334846,0.9982374310493468,0.5379332900047302,0.680897057056427,-0.0881376340985298,0.998477041721344,0.5391601920127869,0.6816374659538269,-0.0881719216704368,0.9984827637672424,0.540492832660675,0.6822773218154907,-0.0882467105984687,0.9986754655838012,0.5476064085960388,0.6771397590637207,-0.0136125804856419,0.9957707524299622,0.5480565428733826,0.6764630079269409,-0.1212342008948326,0.9985118508338928,0.5359558463096619,0.6551830172538757,-0.0503164567053318,0.9987766146659852,0.5371373295783997,0.6551316976547241,-0.0814789608120918,0.9991128444671632,0.5555986166000366,0.6024624705314636,0.0667095631361007,0.9991679191589355,0.5594772696495056,0.6074296832084656,-0.1727395802736282,0.9999445676803588,0.555582582950592,0.4987394511699676,0.0888839662075042,0.1140048131346702,0.5571661591529846,0.5045827627182007,-0.201499804854393,0.9866578578948976,0.5568453669548035,0.4228386282920837,0.0342823043465614,0.2909618020057678,0.542972207069397,0.4166267514228821,-0.1942197680473327,0.971531867980957,0.5599015355110168,0.3954442739486694,0.0277056992053985,0.2786796689033508,0.5433973670005798,0.3881778419017792,-0.2169539630413055,0.9500948190689088,0.5543237328529358,0.3915469646453857,0.009911561384797,0.2860384583473205,0.5394809246063232,0.3868934214115143,-0.2177566587924957,0.9466711282730104,0.5542171001434326,0.4015664160251617,0.0239544380456209,0.266659140586853,0.5385119318962097,0.3958163559436798,-0.1933712214231491,0.9206802248954772,0.5513838529586792,0.4233383536338806,0.0710065588355064,0.9974697828292848,0.5557925701141357,0.426823228597641,-0.0710731074213981,0.997893214225769,0.5495249629020691,0.2809675931930542,0.0735505744814872,0.2818441092967987,0.5558346509933472,0.2811592817306518,-0.0598254278302192,0.8014998435974121,0.5469195246696472,0.1376972496509552,0.1193414181470871,0.3974614441394806,0.5504032969474792,0.1335157454013824,-0.0126780914142727,0.8447367548942566,0.548762321472168,0.1100809201598167,0.1191880777478218,0.5224091410636902,0.555917501449585,0.1051762476563453,-0.0123050371184945,0.7992770671844482,0.5247222781181335,0.1139785423874855,0.0654917284846305,0.5943444967269897,0.5277144312858582,0.1051687896251678,-0.0823351219296455,0.8684509992599487,hoyeon_stand_normal_01,22.0,22.090722,20.396078,17.720045,13.928388,10.77033,7.28011,5.09902,5.0,6.708204,8.544004,10.440307,12.649111,14.866069,16.155494,17.888544,18.35756,18.867962,18.601075,17.029386,14.866069,11.401754,8.944272,7.071068,9.433981,12.806248,8.062258,9.055385,10.049876,10.049876,10.0,10.0,9.0,8.062258,8.246211,7.28011,7.615773,8.062258,8.602325,8.602325,8.602325,8.602325,8.602325,8.602325,7.81025,7.071068,6.708204,7.0,9.055385,13.341664,16.492423,19.416488,17.0,15.652476,15.231546,13.928388,13.601471,11.401754,10.198039,8.0,7.071068,5.385165,5.0,5.385165,6.0,7.071068,9.486833,12.083046,14.317821,16.552945,18.788294,20.615528,21.540659,21.540659,21.18962,19.924859,17.464249,14.317821,7.615773,5.830952,3.605551,1.414214,2.236068,4.472136,7.615773,9.486833,10.440307,11.401754,12.165525,12.041595,11.0,10.049876,9.055385,7.071068,5.09902,3.162278,1.0,1.414214,4.472136,6.708204,8.944272,12.529964,13.892444,15.652476,14.21267,15.620499,15.620499,15.620499,15.620499,15.0,13.601471,13.038405,11.661904,9.433981,8.062258,6.403124,5.0,5.09902,6.0,8.246211,10.440307,13.0,15.231546,17.088007,18.973666,19.646883,18.439089,17.262677,15.132746,13.038405,12.727922,14.142136,15.620499,16.401219,17.204651,16.643317,15.264338,13.038405,11.401754,9.219544,7.81025,6.708204,6.324555,6.082763,7.071068,8.062258,9.219544,10.198039,11.18034,11.18034,11.18034,12.165525,12.369317,12.649111,12.649111,12.529964
hoyeon_stand_normal_01,1317,439,43.90239890710382,29.998360745314464,10,0.5331885814666748,0.6677582263946533,-0.0724455416202545,0.99898362159729,0.5372238755226135,0.6803529262542725,-0.0643013194203376,0.9982263445854188,0.5380263924598694,0.6808693408966064,-0.0643079355359077,0.997914493083954,0.5389693975448608,0.6814832091331482,-0.0642787888646125,0.998237669467926,0.5379865765571594,0.6809058785438538,-0.0881782695651054,0.9984863996505736,0.5392338037490845,0.6816489100456238,-0.088212750852108,0.9984922409057616,0.5405828952789307,0.6822881102561951,-0.0882876813411712,0.998685359954834,0.5476248860359192,0.6771546006202698,-0.0136539386585354,0.9957661032676696,0.5481589436531067,0.6764941811561584,-0.1212748661637306,0.9985247850418092,0.5360509753227234,0.6551605463027954,-0.0503366589546203,0.9987877011299132,0.5372841358184814,0.6551103591918945,-0.0815058872103691,0.9991223812103271,0.5555230975151062,0.6024866104125977,0.0659655556082725,0.999172568321228,0.5599717497825623,0.6074561476707458,-0.172047421336174,0.9999447464942932,0.5552805066108704,0.4987423419952392,0.0885779708623886,0.1165977120399475,0.5572951436042786,0.5045787692070007,-0.1985232979059219,0.9867335557937622,0.5564498901367188,0.4229125082492828,0.034099206328392,0.2963925302028656,0.5429697036743164,0.4166489243507385,-0.1891436874866485,0.9719830751419068,0.5598495006561279,0.395504742860794,0.0272517427802085,0.283136636018753,0.5433923602104187,0.3882190287113189,-0.2111597806215286,0.9508603811264038,0.554200291633606,0.3916540145874023,0.0095239831134676,0.2906062602996826,0.5394238829612732,0.3869321644306183,-0.2124537378549575,0.9475138783454896,0.554153561592102,0.4016964733600616,0.0238019004464149,0.2707947194576263,0.5384535193443298,0.3958595097064972,-0.1883461028337478,0.921875536441803,0.5505463480949402,0.4235453903675079,0.0695361122488975,0.9974390268325806,0.5558024644851685,0.4269791543483734,-0.069597840309143,0.9978753328323364,0.5494597554206848,0.2810928225517273,0.0712794885039329,0.2859302163124084,0.5558200478553772,0.2813122570514679,-0.0595958493649959,0.8008281588554382,0.5467194318771362,0.1376983225345611,0.1175726726651191,0.3987505137920379,0.5501385927200317,0.1335345655679702,-0.0117282522842288,0.8433933258056641,0.5488922595977783,0.1119600906968116,0.1175012215971946,0.5222207903862,0.5554829835891724,0.1050703078508377,-0.0112343160435557,0.7963978052139282,0.5247769951820374,0.1134263128042221,0.0636297091841697,0.5945584774017334,0.5277640223503113,0.1050211116671562,-0.0811604112386703,0.8671154379844666,hoyeon_stand_normal_01,8.062258,8.602325,9.848858,12.369317,13.601471,14.56022,15.524175,14.866069,14.866069,13.0,12.083046,10.77033,9.486833,8.246211,6.0,5.385165,5.656854,7.615773,10.198039,14.142136,17.262677,20.396078,21.84033,23.769729,22.825424,21.095023,7.071068,7.0,7.0,7.071068,7.615773,7.211103,8.602325,8.602325,9.219544,8.602325,7.81025,7.81025,7.071068,6.403124,6.324555,6.082763,7.0,8.062258,10.049876,11.18034,13.152946,14.142136,15.132746,15.033296,14.035669,12.041595,9.219544,8.602325,9.486833,10.049876,12.0,13.152946,14.317821,14.56022,15.524175,15.811388,16.763055,16.763055,16.763055,16.763055,16.763055,15.524175,13.601471,11.7047,9.848858,7.81025,6.324555,8.246211,11.18034,14.764823,17.492856,20.124612,12.0,15.033296,17.262677,17.720045,18.384776,17.492856,15.0,12.727922,9.219544,5.830952,2.236068,1.414214,4.472136,6.324555,9.219544,11.18034,13.038405,15.0,16.03122,17.117243,17.117243,16.124515,16.124515,14.142136,13.0,11.045361,13.892444,15.652476,15.652476,15.652476,15.652476,14.764823,13.892444,12.206556,11.401754,10.0,8.602325,6.708204,5.09902,5.09902,6.708204,8.602325,12.041595,13.453624,16.278821,18.439089,19.209373,20.0,19.416488,18.867962,16.124515,13.416408,12.083046,13.416408,14.764823,16.124515,16.643317,15.0,14.21267,12.206556,10.816654,8.944272,7.28011,6.0,6.082763,6.324555,7.211103,8.062258,8.602325,9.433981,10.816654,10.816654,11.401754,12.206556,11.401754,12.041595,12.727922,12.206556
hoyeon_stand_normal_01,1320,440,44.002404371584696,29.998360745314464,10,0.5332290530204773,0.6677486896514893,-0.0708019286394119,0.9989823698997498,0.5372669100761414,0.6803572177886963,-0.0628513842821121,0.9982251524925232,0.5380740761756897,0.6808757185935974,-0.0628603249788284,0.997906506061554,0.5390170812606812,0.6814919710159302,-0.0628361329436302,0.9982346892356871,0.5380264520645142,0.6809109449386597,-0.0867272615432739,0.9984893798828124,0.5392771363258362,0.6816549301147461,-0.0867618396878242,0.9984927773475648,0.5406265258789062,0.6822935342788696,-0.0868382677435875,0.9986907839775084,0.5476729273796082,0.6771645545959473,-0.0131785245612263,0.9957621693611144,0.5482101440429688,0.6765050888061523,-0.1208317205309867,0.9985306262969972,0.5361575484275818,0.6551493406295776,-0.0490446574985981,0.9987909197807312,0.5373916029930115,0.6550940275192261,-0.0802266746759414,0.9991263747215272,0.5555164217948914,0.6025493144989014,0.0655832663178443,0.999172031879425,0.5602530241012573,0.607451856136322,-0.1702025383710861,0.9999439716339112,0.5551793575286865,0.4987468719482422,0.088064432144165,0.11865895986557,0.5574246048927307,0.5044337511062622,-0.1941127032041549,0.9866661429405212,0.5562131404876709,0.4227745532989502,0.0341489091515541,0.2999148666858673,0.5430750250816345,0.4165504872798919,-0.1818067133426666,0.9721217751502992,0.5596548318862915,0.395480215549469,0.0272656213492155,0.2856874465942383,0.5434861779212952,0.3881872892379761,-0.2027730196714401,0.9511049389839172,0.554004967212677,0.3916016221046448,0.0096579762175679,0.2932336926460266,0.539466917514801,0.3868806064128876,-0.204197958111763,0.9478256106376648,0.5538766980171204,0.401614785194397,0.0239238385111093,0.2731346487998962,0.5385084748268127,0.3957976102828979,-0.1809762865304947,0.9223958253860474,0.550428032875061,0.4237089157104492,0.0677179992198944,0.9973834156990052,0.5558484196662903,0.4270691871643066,-0.0677862241864204,0.9978365898132324,0.5494499802589417,0.2814895808696747,0.0662761330604553,0.2868005931377411,0.5558153390884399,0.2815505564212799,-0.0596147738397121,0.7945551872253418,0.5465041995048523,0.1377011686563491,0.1105805486440658,0.3953275382518768,0.5497313141822815,0.1335905045270919,-0.0123188542202115,0.837247908115387,0.548893392086029,0.113100878894329,0.1103663817048072,0.5165037512779236,0.5546826124191284,0.105008490383625,-0.0117110926657915,0.7894200682640076,0.5249819159507751,0.112965278327465,0.0565430484712123,0.5895251631736755,0.5279141068458557,0.1049397811293602,-0.0809157714247703,0.8619732856750488,hoyeon_stand_normal_01,9.0,9.848858,10.630146,13.601471,15.811388,17.204651,18.601075,17.804494,17.029386,16.278821,14.142136,12.727922,9.899495,7.81025,6.708204,5.0,6.403124,8.602325,12.083046,16.155494,20.615528,24.596748,27.784888,28.600699,28.319605,26.172505,9.433981,8.944272,8.944272,8.246211,9.055385,10.049876,10.198039,11.18034,11.401754,11.401754,11.401754,10.440307,9.486833,8.944272,7.211103,8.485281,8.602325,9.848858,11.7047,13.601471,15.524175,17.720045,18.973666,18.027756,17.088007,14.56022,10.049876,10.198039,10.77033,11.661904,12.806248,13.453624,14.142136,15.620499,15.620499,16.401219,16.401219,15.811388,16.401219,16.401219,16.401219,15.620499,14.21267,13.038405,10.29563,8.544004,7.071068,8.062258,10.630146,13.892444,16.124515,18.867962,12.206556,14.866069,16.278821,17.204651,17.0,17.088007,14.317821,12.041595,9.0,5.09902,2.236068,2.0,4.123106,7.28011,8.944272,12.206556,12.806248,14.866069,16.278821,17.029386,17.804494,16.401219,16.401219,14.21267,12.727922,10.816654,15.647779,13.81857,12.1860405,10.169901,9.8648055,9.353188500000002,10.340011,11.6259585,12.9223265,14.5041025,16.278821,17.578027499999997,18.314415500000003,19.102391,19.496287,19.1493955,18.38908,16.999433,14.006922,11.01595,7.385231,6.646933,7.905125,10.6284805,13.601471,16.227352500000002,9.3267625,7.54518,6.403124,6.3954835,7.1934065,9.497074,11.9137145,14.0855755,15.27336,15.647779,16.5622575,16.130466,15.132421,14.035262,13.3772085,12.27735,11.7836395,11.4059625,11.09017,11.830952,12.6224805,13.474192,14.672708,16.262867,17.160947,17.3355365
hoyeon_stand_normal_01,1323,441,44.102409836065576,29.998360745314464,10,0.53328537940979,0.6677500009536743,-0.0717754811048507,0.9989949464797974,0.5373426675796509,0.6803820729255676,-0.0638004392385482,0.9982510209083556,0.5381529927253723,0.6809004545211792,-0.0638103261590004,0.9979326725006104,0.5390940308570862,0.6815153360366821,-0.0637869089841842,0.9982576966285706,0.5381041169166565,0.6809387803077698,-0.0876969546079635,0.9985101819038392,0.5393610596656799,0.6816806793212891,-0.0877315104007721,0.9985101222991944,0.5407084822654724,0.6823137998580933,-0.0878069400787353,0.998707950115204,0.5477428436279297,0.6771706342697144,-0.0139004029333591,0.9958232641220092,0.5482947826385498,0.676513671875,-0.1216540858149528,0.9985527992248536,0.5362549424171448,0.6551449298858643,-0.0499026514589786,0.9988113641738892,0.5374934673309326,0.6550852060317993,-0.0811005532741546,0.9991406202316284,0.5555219054222107,0.6025755405426025,0.0647307261824607,0.9991832375526428,0.5603574514389038,0.6074461936950684,-0.1705984622240066,0.9999440908432008,0.5551809072494507,0.4987495243549347,0.0859685912728309,0.1198505535721778,0.5575029850006104,0.5043595433235168,-0.1951376944780349,0.9866108298301696,0.5564716458320618,0.4226997792720794,0.0301317833364009,0.3024328947067261,0.5431321263313293,0.4165347218513489,-0.1837302595376968,0.9721212983131408,0.5596669316291809,0.3955160677433014,0.02222272567451,0.2875131070613861,0.5435391068458557,0.3882504403591156,-0.2053502351045608,0.9510897994041444,0.5540579557418823,0.3916024267673492,0.0051137167029082,0.2950327396392822,0.5395905375480652,0.3869018852710724,-0.2065867930650711,0.9478179812431335,0.5539189577102661,0.4015639126300812,0.0199921000748872,0.2746353149414062,0.5386674404144287,0.3957975804805755,-0.1828975230455398,0.92249995470047,0.5504432916641235,0.4234098792076111,0.0677469298243522,0.9973986148834229,0.5558752417564392,0.4268507659435272,-0.0678159818053245,0.9978510737419128,0.5492702722549438,0.2813187539577484,0.0703654363751411,0.2869756519794464,0.555759608745575,0.2812916934490204,-0.0553375966846942,0.7906110286712646,0.5463975071907043,0.1377020329236984,0.1211353838443756,0.3935434520244598,0.5494954586029053,0.1335912346839904,-0.0018978315638378,0.8339712023735046,0.548838198184967,0.1137542873620987,0.1216785013675689,0.5142403841018677,0.5539842247962952,0.1041971296072006,-0.0005205853958614,0.7859420776367188,0.525029718875885,0.1126749292016029,0.0683756619691848,0.5875625014305115,0.5279152989387512,0.1048286110162735,-0.0694264248013496,0.8593996167182922,hoyeon_stand_normal_01,9.486833,10.049876,12.083046,15.264338,16.643317,18.867962,18.35756,18.35756,17.888544,16.552945,14.866069,13.0,9.848858,8.062258,6.403124,5.09902,6.324555,9.433981,13.453624,16.970563,21.213203,25.495098,27.802878,29.154759,28.178006,26.0,9.433981,8.602325,8.485281,8.485281,9.433981,9.848858,10.440307,11.401754,11.401754,11.401754,11.18034,10.198039,9.055385,8.0,8.246211,8.544004,8.602325,11.313708,12.041595,14.21267,16.401219,18.439089,19.104973,18.384776,16.970563,14.866069,9.0,9.486833,10.29563,11.401754,12.727922,13.601471,14.422205,14.764823,15.652476,16.552945,16.552945,16.552945,16.552945,16.552945,16.552945,15.652476,14.317821,12.083046,10.440307,8.062258,6.708204,7.81025,10.77033,13.601471,16.492423,18.973666,12.206556,14.142136,16.278821,17.204651,17.0,16.155494,14.317821,12.041595,9.0,5.09902,2.236068,1.0,5.09902,7.28011,8.944272,11.661904,13.601471,14.21267,16.278821,16.970563,17.691806,17.029386,16.278821,14.142136,12.806248,10.29563,15.4652995,14.126296666666669,12.055939916666668,10.339258166666664,9.343361916666666,8.990615416666667,10.08279,11.687216916666667,13.151472583333334,14.728359583333331,16.393130833333334,17.368620583333332,18.313391083333336,18.982757166666666,19.8110145,19.20994758333333,18.525065166666664,16.863748333333334,14.0653165,11.038011333333332,7.428188166666667,6.208487,7.602219833333333,10.56759725,13.548951,16.35762641666667,9.500638250000002,7.588570499999999,6.1726785,6.009903583333333,7.38821975,9.507742833333332,12.02275825,14.181142083333333,15.494359666666668,15.931081833333334,16.760027083333334,16.278956,15.177655,14.196051666666666,13.29525025,12.439716333333331,11.717922583333332,11.37335575,10.848199333333334,11.692999333333333,12.43562275,13.343742,14.691222166666666,16.24950666666667,17.073759833333334,17.264708583333334
hoyeon_stand_normal_01,1329,443,44.30242076502732,29.998360745314464,10,0.5333181023597717,0.6677566170692444,-0.0733878910541534,0.9989885091781616,0.5373941659927368,0.6804467439651489,-0.0651994422078132,0.9982434511184692,0.5382058024406433,0.6809622049331665,-0.0652095973491668,0.997919261455536,0.5391446352005005,0.6815717220306396,-0.0651851743459701,0.9982467889785768,0.5381602048873901,0.6810063719749451,-0.0893827006220817,0.99850195646286,0.5394254922866821,0.6817425489425659,-0.089418314397335,0.9984981417655944,0.5407771468162537,0.6823654174804688,-0.0894941166043281,0.9987001419067384,0.5478121638298035,0.6771813631057739,-0.0144654307514429,0.995810568332672,0.5484011769294739,0.6765324473381042,-0.1233023479580879,0.998555302619934,0.5362988114356995,0.6550924181938171,-0.0511058159172534,0.9988155364990234,0.5375393629074097,0.6550273895263672,-0.0826354846358299,0.9991443157196044,0.5555082559585571,0.6025432348251343,0.064780369400978,0.999189019203186,0.5605167746543884,0.6073909997940063,-0.1732318848371505,0.9999438524246216,0.5551580786705017,0.4984915256500244,0.0858953893184661,0.119609534740448,0.5576560497283936,0.504119873046875,-0.1986064612865448,0.9864349365234376,0.556560218334198,0.4226983785629272,0.0297658462077379,0.3025674223899841,0.5432432293891907,0.4165308475494385,-0.1864442527294159,0.971773326396942,0.5597165822982788,0.3957149386405945,0.0219741929322481,0.2874229252338409,0.5437153577804565,0.3883770406246185,-0.2089156806468963,0.9505584239959716,0.5541768670082092,0.3917688727378845,0.0048114554956555,0.2948202788829803,0.5397545695304871,0.3870181739330292,-0.2100138068199157,0.9472422003746032,0.5538838505744934,0.4016191959381103,0.0195808541029691,0.2743252515792846,0.5388182401657104,0.3958404660224914,-0.1855948269367218,0.9218993782997132,0.5504531860351562,0.4212697446346283,0.0684070736169815,0.9974223375320436,0.5558549165725708,0.424886018037796,-0.0684737637639045,0.9978689551353456,0.5491639375686646,0.2799730896949768,0.0798120126128196,0.2887366116046905,0.5556346774101257,0.2800907492637634,-0.0512570776045322,0.7904120087623596,0.5463063716888428,0.1375701278448104,0.1352289468050003,0.3941380083560943,0.5490413904190063,0.1332506090402603,0.0058380588889122,0.8334513902664185,0.5488051176071167,0.1139664947986602,0.1361174285411834,0.5151623487472534,0.5532467365264893,0.1020824685692787,0.0074744331650435,0.7855068445205688,0.525046706199646,0.1126379743218422,0.0831967741250991,0.5883254408836365,0.5278784036636353,0.1047207564115524,-0.061661560088396,0.8588352799415588,hoyeon_stand_normal_01,13.233280666666667,13.203967999999998,13.561722666666668,14.333011666666666,14.919796666666665,14.097333666666666,13.357642333333333,12.616471333333331,11.971542666666666,11.435609666666666,11.397539,10.651778333333333,10.513656666666668,9.452608666666666,9.488886666666668,9.154749666666666,10.472511666666668,12.493968666666667,14.735138666666666,17.180499333333334,18.420505,20.04025233333333,20.412986666666665,20.741951333333333,21.08509533333333,20.66765733333333,9.479696,9.366005666666668,9.662167333333334,9.911845666666666,10.059371666666667,10.231838000000002,10.055889666666667,10.115342,9.981919333333332,9.882655,9.230801333333334,8.966498333333334,8.203265666666667,7.911883666666667,7.665237666666667,8.042346333333333,8.062903666666665,8.971837,9.887254666666664,11.408645333333334,12.109746666666666,13.032856,14.315535666666667,15.152717999999998,15.567404666666668,14.864111333333334,12.773903999999998,13.5557675,13.1394105,13.223227,13.4209585,12.5192025,12.2308845,12.1434655,11.717802,10.82117,10.577747,10.627257,11.1191285,12.35189,13.225562,13.5363125,14.464194,14.926880999999998,14.399557,14.404326,14.455903500000002,14.847783,15.767665,16.5323735,17.083682500000002,16.672438,9.862081,10.252484,10.2621625,9.845903,9.3094325,10.6213205,10.6944445,11.1846585,9.9360195,8.330952,7.159557,6.35235,7.76243,8.8602085,9.353188500000002,9.125704,9.7495855,9.2726555,9.2006095,9.3094325,10.576246,12.050227,12.4200215,13.2909935,13.383388,13.3522575,15.28282,14.434023333333334,11.925839333333334,10.508615333333331,8.821918333333334,8.628042333333333,9.825569,11.748475333333332,13.380618666666663,14.952616666666666,16.507440666666668,17.159213666666666,18.312366666666662,18.86312333333333,20.125742,19.27049966666667,18.66105033333333,16.728063666666667,14.123711,11.060072666666668,7.471145333333333,5.770041,7.299314666666667,10.506714,13.496431,16.487900333333332,9.674514,7.631960999999999,5.942233000000001,5.624323666666666,7.583033,9.518411666666667,12.131802,14.276708666666666,15.715359333333334,16.214384666666668,16.957796666666667,16.427446,15.222889,14.356841333333334,13.213292,12.602082666666666,11.652205666666667,11.340749,10.606228666666668,11.555046666666668,12.248765,13.213292,14.709736333333334,16.236146333333334,16.986572666666664,17.19388066666667
hoyeon_stand_normal_01,1332,444,44.402426229508194,29.998360745314464,10,0.533319354057312,0.6676880717277527,-0.0755553692579269,0.9989994168281556,0.5373961925506592,0.6804327964782715,-0.0673222318291664,0.9982601404190063,0.5382077097892761,0.6809490323066711,-0.0673305168747901,0.9979397654533386,0.5391463041305542,0.6815593838691711,-0.0673034265637397,0.9982617497444152,0.5381622910499573,0.6809911131858826,-0.0915185287594795,0.99851655960083,0.5394282937049866,0.681728720664978,-0.0915548950433731,0.998513638973236,0.5407810807228088,0.6823524832725525,-0.0916299670934677,0.9987119436264038,0.5478246212005615,0.6771636009216309,-0.0158628895878791,0.9958500862121582,0.548423707485199,0.6765152215957642,-0.124820701777935,0.9985705018043518,0.5362997055053711,0.6549739241600037,-0.0530013553798198,0.998830497264862,0.5375391244888306,0.6549001336097717,-0.0845572650432586,0.9991552233695984,0.5555002689361572,0.6024555563926697,0.0645054876804351,0.9991942048072816,0.5605744123458862,0.6073189377784729,-0.1749846786260604,0.9999443292617798,0.5551407337188721,0.4983736276626587,0.0859085619449615,0.1199153140187263,0.557690441608429,0.5040757656097412,-0.2011667937040329,0.9864972829818726,0.5565547943115234,0.4225462973117828,0.0299370903521776,0.3031243979930877,0.5432837605476379,0.4164725244045257,-0.1900282800197601,0.9718143939971924,0.5596811175346375,0.3957109153270721,0.0222972333431243,0.2878297865390777,0.5437700152397156,0.3883784115314483,-0.2128386348485946,0.9505813717842102,0.5540832877159119,0.3917141854763031,0.005010571796447,0.2952595055103302,0.5398102402687073,0.3870117366313934,-0.2140354514122009,0.9472472667694092,0.5537868738174438,0.401473730802536,0.0197137650102376,0.2747122347354889,0.538884162902832,0.3958078026771545,-0.1892629116773605,0.921919286251068,0.550460934638977,0.4207034707069397,0.068631462752819,0.997463047504425,0.5558881163597107,0.424423336982727,-0.0686956644058227,0.9979031682014464,0.5490743517875671,0.2793231606483459,0.0802969560027122,0.290580153465271,0.5556597113609314,0.2792525887489319,-0.0508263185620307,0.7929344177246094,0.5463063716888428,0.1374706029891967,0.13452710211277,0.3981218338012695,0.5492286682128906,0.1330273896455764,0.0058243935927748,0.8365035653114319,0.5488011837005615,0.1139585971832275,0.1352454870939254,0.5189171433448792,0.5532644987106323,0.1007614806294441,0.0072418032214045,0.7886808514595032,0.5250274538993835,0.1126705482602119,0.0817888006567955,0.5930094718933105,0.527877926826477,0.1047167405486106,-0.0626328513026237,0.8614898920059204,hoyeon_stand_normal_01,23.345235,23.769729,22.135944,19.697716,15.652476,12.529964,8.944272,6.082763,5.385165,7.071068,8.602325,10.29563,12.529964,13.892444,16.124515,17.492856,18.601075,19.849433,19.79899,17.691806,15.620499,12.806248,9.219544,6.082763,8.544004,12.206556,9.055385,10.049876,12.0,12.0,12.041595,12.041595,11.045361,10.0,9.055385,8.246211,8.544004,8.944272,9.433981,9.433981,9.433981,10.29563,10.29563,10.29563,9.433981,8.602325,7.81025,8.944272,10.198039,13.0,17.029386,20.0,17.029386,16.03122,16.0,15.033296,13.038405,12.041595,10.198039,8.544004,6.708204,5.656854,5.385165,5.0,6.324555,8.062258,10.0,12.806248,14.866069,17.029386,19.104973,20.615528,21.400935,21.400935,20.808652,18.867962,17.0,13.416408,8.062258,6.0,4.0,1.0,1.414214,4.472136,7.211103,9.219544,10.630146,12.041595,12.206556,11.661904,10.29563,9.848858,8.544004,6.324555,5.09902,3.162278,1.0,2.0,5.0,7.0,10.0,13.038405,15.033296,16.03122,16.278821,14.866069,12.806248,11.18034,9.486833,10.049876,11.0,12.041595,14.035669,15.132746,17.029386,18.027756,19.235384,19.646883,19.924859,19.697716,19.235384,17.492856,14.764823,11.661904,8.246211,7.28011,8.485281,10.816654,14.317821,17.0,8.602325,6.708204,5.09902,5.385165,7.071068,10.0,13.038405,14.422205,16.401219,15.620499,17.029386,16.278821,14.866069,14.21267,13.601471,12.206556,12.206556,11.401754,11.313708,11.313708,12.041595,13.601471,15.0,16.401219,17.029386,17.804494
hoyeon_stand_normal_01,1335,445,44.50243169398907,29.998360745314464,10,0.5333362221717834,0.6675413846969604,-0.0754596516489982,0.9990031123161316,0.5374084711074829,0.6803857684135437,-0.0672448128461837,0.9982669353485109,0.5382201671600342,0.6809078454971313,-0.0672530904412269,0.997949481010437,0.5391581058502197,0.6815223693847656,-0.0672259703278541,0.9982710480690002,0.538171648979187,0.6809297204017639,-0.0914135798811912,0.9985213875770568,0.5394373536109924,0.6816678643226624,-0.0914500728249549,0.9985187649726868,0.5407902598381042,0.6822921633720398,-0.0915253013372421,0.9987149834632874,0.547834038734436,0.6771191358566284,-0.015828525647521,0.9958757162094116,0.5484523177146912,0.6764489412307739,-0.1247242242097854,0.9985722303390504,0.5363233685493469,0.6547829508781433,-0.0529330931603908,0.9988348484039308,0.5375540852546692,0.6546738743782043,-0.0844692662358284,0.999155819416046,0.5555909872055054,0.6024532318115234,0.064699687063694,0.9991982579231262,0.5605732798576355,0.6072829365730286,-0.1751016974449157,0.9999441504478456,0.5551783442497253,0.4983383119106293,0.0864873602986335,0.1202471032738685,0.5576919317245483,0.5040401816368103,-0.2021021246910095,0.9865126013755798,0.5567103624343872,0.4224182665348053,0.0325216464698314,0.3037090897560119,0.5432875752449036,0.4164342284202575,-0.1931839883327484,0.9717889428138732,0.5596321225166321,0.3957026302814483,0.0259578246623277,0.2882232069969177,0.5437701940536499,0.3883572220802307,-0.2161706387996673,0.950552463531494,0.5540506839752197,0.3916565775871277,0.0083805825561285,0.2955824732780456,0.5398078560829163,0.3869510591030121,-0.2168834209442138,0.9472225904464722,0.5537499189376831,0.4013562500476837,0.0223067086189985,0.2749977111816406,0.5388869047164917,0.3957279622554779,-0.192319169640541,0.9218298196792604,0.551227867603302,0.4207372367382049,0.0691579580307006,0.9974707961082458,0.5558815598487854,0.4244551360607147,-0.0692305117845535,0.9979042410850524,0.5491259694099426,0.2792973816394806,0.0801617205142974,0.2904441952705383,0.5555321574211121,0.2791888117790222,-0.0524096824228763,0.7941775918006897,0.5463132858276367,0.1374773532152176,0.1344251930713653,0.3985428810119629,0.5491718053817749,0.1330247968435287,0.0016445753863081,0.8376423120498657,0.5489791035652161,0.1140949726104736,0.135094404220581,0.5196104049682617,0.5532423257827759,0.100744217634201,0.0028138889465481,0.7900781035423279,0.5249829888343811,0.1129625961184501,0.0812202990055084,0.593046247959137,0.5278675556182861,0.1047451123595237,-0.0669433400034904,0.8622645735740662,hoyeon_stand_normal_01,7.81025,8.062258,10.198039,13.928388,16.763055,18.027756,18.973666,18.681542,17.720045,16.492423,15.297059,12.369317,10.440307,8.944272,6.403124,5.385165,7.071068,11.18034,14.422205,19.416488,23.600847,27.45906,30.016662,31.780497,30.675723,28.861739,10.198039,10.049876,10.0,10.198039,9.486833,10.29563,11.661904,10.816654,12.206556,11.401754,10.630146,9.219544,8.485281,7.211103,6.324555,7.071068,7.071068,9.486833,11.7047,13.416408,15.652476,17.464249,18.384776,18.027756,15.811388,13.928388,9.055385,9.219544,9.848858,11.401754,12.041595,13.453624,14.21267,15.0,16.401219,16.643317,17.204651,17.204651,17.204651,17.204651,17.204651,15.811388,15.0,13.038405,11.18034,9.219544,8.062258,9.433981,12.727922,15.620499,18.601075,21.260292,11.401754,14.866069,16.278821,17.804494,17.492856,17.088007,15.524175,13.152946,10.0,7.071068,3.162278,1.0,3.162278,6.324555,7.615773,10.29563,11.401754,14.21267,14.142136,15.620499,15.620499,15.620499,15.0,13.453624,12.041595,10.816654,14.035669,15.0,16.0,16.0,16.03122,15.033296,14.142136,13.152946,11.18034,9.219544,8.246211,6.082763,5.09902,5.0,5.830952,7.615773,10.198039,13.341664,15.297059,18.439089,19.646883,19.924859,20.248457,18.384776,16.552945,13.416408,12.369317,13.601471,15.811388,16.155494,16.155494,15.231546,13.416408,11.7047,9.486833,8.246211,7.0,6.082763,5.830952,6.403124,7.071068,7.81025,9.219544,9.219544,10.630146,10.630146,11.401754,11.401754,10.816654,11.661904,11.7047,11.18034
hoyeon_stand_normal_01,1341,447,44.70244262295082,29.998360745314464,10,0.5333871841430664,0.6669506430625916,-0.0699088349938392,0.9989768266677856,0.5374135375022888,0.6799514293670654,-0.0617350414395332,0.9982033967971802,0.5382241606712341,0.6804822087287903,-0.0617440193891525,0.9978789687156676,0.5391619801521301,0.6811195015907288,-0.0617182999849319,0.9982171654701232,0.5381742119789124,0.680508553981781,-0.0857101753354072,0.9984753131866456,0.5394397377967834,0.6812845468521118,-0.0857411250472068,0.998477578163147,0.5407935380935669,0.681958019733429,-0.0858154222369194,0.9986786842346193,0.547836184501648,0.6768694519996643,-0.0119305066764354,0.9957372546195984,0.5484798550605774,0.6762286424636841,-0.1200353354215622,0.9985105991363524,0.5363948941230774,0.6541257500648499,-0.0480695962905883,0.9987898468971252,0.5376101732254028,0.6540057063102722,-0.0793820321559906,0.999123215675354,0.5555968880653381,0.6024508476257324,0.0662576407194137,0.999178409576416,0.5606976747512817,0.6072501540184021,-0.1701616793870926,0.9999426007270812,0.5551617741584778,0.4983402490615845,0.089467167854309,0.1207456886768341,0.5576950907707214,0.5040490627288818,-0.1972993016242981,0.9864227175712584,0.5566151738166809,0.4223866164684295,0.0408240668475627,0.3031371235847473,0.5432755947113037,0.4163356721401214,-0.1902499347925186,0.9717248678207396,0.5593422055244446,0.3956944942474365,0.0353136323392391,0.2875172793865204,0.5437471270561218,0.388164609670639,-0.2124141901731491,0.9505022764205932,0.5536708235740662,0.3916146755218506,0.0179655831307172,0.2949126660823822,0.5397636294364929,0.3867509067058563,-0.2129932940006256,0.9472097754478456,0.5535624623298645,0.4012894034385681,0.0308939013630151,0.2743744552135467,0.5388743877410889,0.3955068588256836,-0.1893323510885238,0.921672821044922,0.5514535903930664,0.4210520982742309,0.0689420700073242,0.997406005859375,0.5559673309326172,0.4248009324073791,-0.0690161064267158,0.997852861881256,0.5493373274803162,0.2795160710811615,0.071263164281845,0.2897444367408752,0.5555175542831421,0.2792837619781494,-0.0562312752008438,0.7928831577301025,0.5464779138565063,0.1375294029712677,0.1162702888250351,0.3983018398284912,0.5493342280387878,0.1331046372652053,-0.0094916932284832,0.8375711441040039,0.5497739911079407,0.1142368763685226,0.1161092221736908,0.5177537798881531,0.5535572171211243,0.1006367951631546,-0.0090207364410161,0.7906866669654846,0.5250202417373657,0.1132919117808342,0.0632206425070762,0.592703640460968,0.5279677510261536,0.1048682853579521,-0.077428862452507,0.862348198890686,hoyeon_stand_normal_01,11.217277166666666,11.499854166666664,12.804315666666666,15.056558000000004,16.558218833333335,17.14094,17.082893333333335,16.111493,15.328015666666666,14.5960155,13.704903666666668,12.048726166666668,10.987149,9.9654525,8.455496333333333,7.783179499999999,9.179453333333337,12.288199333333337,15.075685333333332,18.71976933333333,21.61939816666667,24.045168166666667,25.620360666666667,26.324219166666666,26.30721733333333,25.31066483333333,9.738239,9.852630166666666,9.982873833333333,10.068274333333331,9.745784,10.454818666666666,11.0498835,10.535395666666666,11.303046833333331,10.8120725,9.964242833333332,9.2366695,8.620044,7.788768833333333,7.356579,7.781978833333333,8.1121685,9.688130666666666,11.470388333333334,12.569853,14.258035166666666,15.806137666666666,16.697297833333334,16.945576333333335,16.274358,14.7957785,17.029386,16.03122,16.03122,15.132746,13.152946,12.369317,10.440307,8.944272,7.211103,5.656854,4.472136,5.0,5.830952,7.81025,9.219544,11.401754,14.422205,16.401219,18.601075,20.0,20.615528,21.260292,20.518285,18.384776,16.278821,12.806248,7.28011,5.09902,3.162278,1.0,2.236068,5.385165,7.615773,10.29563,11.661904,12.206556,12.727922,12.727922,11.401754,10.0,8.602325,7.211103,5.830952,3.605551,2.236068,2.236068,5.09902,8.0,10.0,13.0,15.0,16.0,16.278821,15.132746,12.369317,10.77033,9.433981,9.899495,10.816654,12.529964,13.416408,15.652476,16.643317,17.804494,19.104973,19.849433,20.808652,20.248457,19.235384,17.464249,15.231546,11.18034,8.602325,6.324555,8.062258,11.18034,13.892444,16.643317,9.219544,7.28011,5.830952,5.385165,7.0,9.219544,11.401754,14.56022,15.524175,17.262677,17.262677,16.03122,16.0,14.035669,13.038405,13.038405,11.045361,11.0,11.0,11.18034,12.369317,13.341664,15.524175,16.492423,17.262677,17.464249
hoyeon_stand_normal_01,1344,448,44.80244808743169,29.998360745314464,10,0.5333919525146484,0.6669139862060547,-0.0710277780890464,0.9989755153656006,0.5374151468276978,0.6799312233924866,-0.0627960935235023,0.9981914758682252,0.538225531578064,0.6804558038711548,-0.0628037527203559,0.9978663325309752,0.5391632914543152,0.681086540222168,-0.0627763196825981,0.998207986354828,0.5381748676300049,0.6804937720298767,-0.0868971049785614,0.998468279838562,0.5394402146339417,0.6812679767608643,-0.0869275331497192,0.9984717965126038,0.5407942533493042,0.6819390058517456,-0.0870014056563377,0.9986720681190492,0.5478340983390808,0.676839292049408,-0.012472715228796,0.9957093000411988,0.5484811663627625,0.6762090921401978,-0.1210652366280555,0.9984965920448304,0.5363965630531311,0.654043436050415,-0.0489708855748176,0.99878591299057,0.5376118421554565,0.6539172530174255,-0.0804319381713867,0.9991198778152466,0.5555973649024963,0.6024513840675354,0.0662432983517646,0.999176561832428,0.5607379674911499,0.6072502136230469,-0.1714492291212082,0.999942660331726,0.555136501789093,0.4983444213867187,0.0894815623760223,0.1205644831061363,0.557691216468811,0.5040693879127502,-0.2002466171979904,0.986458957195282,0.5566031336784363,0.4223699569702148,0.0396900810301303,0.3026123940944671,0.5432776212692261,0.4162885844707489,-0.1956962943077087,0.9717413783073424,0.5592114329338074,0.3956862986087799,0.0337798371911048,0.2871342003345489,0.5437488555908203,0.3880444467067718,-0.2187129110097885,0.9505389928817748,0.5535280704498291,0.391599953174591,0.0164359733462333,0.294517457485199,0.5397642254829407,0.386652261018753,-0.2193908840417862,0.9472280740737916,0.553463876247406,0.4012754261493683,0.0296997912228107,0.2740685939788818,0.5388790965080261,0.3954232931137085,-0.1948824524879455,0.9216069579124452,0.5514981150627136,0.4210589230060577,0.0692423284053802,0.9974085092544556,0.5559907555580139,0.4248129427433014,-0.0693132951855659,0.9978489279747008,0.5494069457054138,0.2795400321483612,0.0723427608609199,0.2881163954734802,0.5555508732795715,0.2792932093143463,-0.0562137104570865,0.7941151857376099,0.5466394424438477,0.1375267058610916,0.1178673356771469,0.3976718783378601,0.5494883060455322,0.1330674737691879,-0.0088791977614164,0.8387977480888367,0.549728274345398,0.1111841946840286,0.1177228167653083,0.5180856585502625,0.553823709487915,0.1003639176487922,-0.0082202088087797,0.7925841808319092,0.5249971747398376,0.1134007200598716,0.0649508759379386,0.5932028293609619,0.5279623866081238,0.1048669815063476,-0.0766393691301345,0.8634350895881653,hoyeon_stand_normal_01,14.624304333333331,14.937450333333333,15.410592333333332,16.184728000000003,16.353382666666665,16.254124,15.192120666666668,13.541444,12.935986333333334,12.699608,12.112748333333334,11.728135333333332,11.533991,10.986633,10.507868666666663,10.181194,11.287838666666667,13.396058666666669,15.729165666666663,18.023050666666663,19.63794933333333,20.63127633333333,21.224059333333333,20.86794133333333,21.938711666666663,21.759590666666668,9.278439,9.655384333333332,9.965747666666667,9.938509666666668,10.004735000000002,10.614007333333332,10.437863,10.254137333333333,10.399537666666664,10.222391,9.298339666666664,9.253795000000002,8.754807,8.366434666666667,8.388603,8.492889666666667,9.153269,9.889428333333331,11.236076666666667,11.723298,12.863594333333332,14.148026333333334,15.009819666666669,15.863396666666668,16.737328,15.663169000000002,16.859792,16.148771,15.795756000000004,14.669401666666667,13.985425666666666,12.096582,10.065041666666668,8.497270333333333,7.089474666666667,5.738705666666667,5.1283883333333335,4.857052,5.829268666666667,7.714031333333334,9.795189,11.977239333333335,14.775014333333331,17.328426333333333,19.013034,20.83188966666667,21.56108233333333,21.434712666666663,20.814753,19.11229533333333,17.075768,13.327179999999998,7.778539666666667,6.105613000000001,3.778069333333333,1.1380713333333334,1.804738,5.066013333333333,8.039572999999999,9.877339999999998,11.619416333333334,11.740645,12.416190333333333,12.038537333333332,11.428931333333333,10.388802666666663,8.669919666666667,7.322317000000001,5.602913333333333,3.4284613333333334,1.6666666666666667,1.8834273333333336,4.648090666666667,7.266188,10.137536333333331,12.34697066666667,14.51976,16.071574666666667,14.956252999999998,14.969591,14.491281333333331,14.359886666666668,13.956476333333336,13.759607,12.647215333333335,12.494948333333332,11.892963,11.413777,11.025368333333333,10.279564,9.767696,9.401331,10.877022000000002,12.217804333333332,13.938636666666667,15.134218666666667,16.45590633333333,16.432548,16.403555333333333,16.124049,16.347102000000003,16.352401333333333,16.02877666666667,15.294498333333337,11.21464,11.675965666666665,12.007187666666669,12.809013666666669,13.151540666666667,13.830807666666669,13.652565666666668,13.055207666666668,12.293947,11.276924,10.483864,9.650657333333331,8.750411333333334,8.794252666666667,8.695452666666666,9.350819666666666,9.540432666666668,10.176142666666664,10.6773,10.614020333333334,11.20277,12.199048,12.339638,12.754654666666667,13.212295,14.031315
hoyeon_stand_normal_01,1347,449,44.902453551912565,29.998360745314464,10,0.5334561467170715,0.6668622493743896,-0.0710159391164779,0.9989798069000244,0.5374755859375,0.6798731684684753,-0.0627700611948967,0.9981935024261476,0.5382922291755676,0.6803938746452332,-0.0627777948975563,0.9978692531585692,0.539236307144165,0.681016206741333,-0.0627505108714103,0.9982130527496338,0.5382167100906372,0.6804425716400146,-0.0868934467434883,0.9984715580940248,0.53947514295578,0.6812158226966858,-0.0869238376617431,0.9984753727912904,0.5408194065093994,0.6818821430206299,-0.0869974941015243,0.9986737966537476,0.5478765368461609,0.6767830848693848,-0.0123813832178711,0.9957154393196106,0.5485039949417114,0.676166296005249,-0.1210916116833686,0.9984915852546692,0.5364682674407959,0.6540020704269409,-0.0489377304911613,0.9987890124320984,0.5376729965209961,0.6538625359535217,-0.080431655049324,0.9991201758384703,0.5556549429893494,0.6024966239929199,0.0665037781000137,0.9991799592971802,0.5607732534408569,0.607272207736969,-0.1715127676725387,0.999942421913147,0.5551349520683289,0.4983588755130768,0.0897208526730537,0.1217379346489906,0.5577012896537781,0.5041050910949707,-0.200235515832901,0.9865100383758544,0.5566229224205017,0.4223675429821014,0.0390660762786865,0.3052520751953125,0.5433145761489868,0.4162845313549042,-0.1951657831668853,0.9718771576881408,0.559187114238739,0.3956890106201172,0.0329549461603164,0.2892170250415802,0.5437716245651245,0.3880443871021271,-0.2180875837802887,0.9507547616958618,0.5535110235214233,0.3915941119194031,0.0155267845839262,0.2966293692588806,0.5397887825965881,0.3866402208805084,-0.2187597304582595,0.9474478363990784,0.553443193435669,0.4012727737426758,0.0290098898112773,0.2759737372398376,0.5389261841773987,0.3954209685325622,-0.1943299323320388,0.9218233227729796,0.5515024065971375,0.4211147427558899,0.0692846849560737,0.9974056482315063,0.5559888482093811,0.4249099195003509,-0.0693567916750907,0.9978410601615906,0.5494406819343567,0.2796592712402344,0.0723861977458,0.2880008816719055,0.5555643439292908,0.2793055772781372,-0.0565630346536636,0.7945992946624756,0.5466587543487549,0.1375168859958648,0.1186394840478897,0.3973307609558105,0.5495156645774841,0.1329954713582992,-0.0088856965303421,0.8394211530685425,0.5496206879615784,0.1100373715162277,0.1185957193374633,0.5178281664848328,0.5538818836212158,0.1003506109118461,-0.0082606133073568,0.7933740615844727,0.5249943137168884,0.1134293973445892,0.0654951781034469,0.5931740999221802,0.5279750227928162,0.1048468351364135,-0.0773380845785141,0.8639451861381531,hoyeon_stand_normal_01,8.602325,8.944272,10.440307,13.152946,15.297059,16.278821,16.278821,16.492423,15.524175,14.56022,12.649111,11.401754,9.219544,8.062258,7.071068,5.830952,7.211103,10.440307,13.152946,17.117243,21.095023,24.33105,25.495098,27.202941,26.925824,24.596748,8.544004,8.246211,7.071068,7.0,7.071068,7.615773,8.062258,8.944272,9.433981,9.433981,8.062258,8.602325,7.211103,7.071068,5.830952,6.324555,7.071068,8.0,10.049876,12.165525,13.152946,15.132746,15.132746,15.033296,14.035669,12.165525,8.944272,9.219544,10.0,10.198039,11.7047,13.416408,13.892444,15.0,16.401219,16.401219,17.204651,17.204651,17.204651,17.204651,17.204651,15.811388,14.422205,12.206556,9.899495,7.211103,6.0,7.615773,10.630146,14.142136,16.970563,19.104973,11.18034,13.928388,15.524175,17.262677,17.029386,16.03122,14.142136,11.7047,8.944272,5.830952,2.236068,1.0,4.242641,6.403124,9.219544,11.661904,12.529964,14.317821,15.231546,17.088007,17.088007,16.763055,15.811388,14.866069,13.0,11.661904,16.155494,15.231546,13.0,10.816654,9.899495,9.433981,10.77033,11.7047,13.601471,15.231546,17.464249,17.492856,19.416488,19.849433,19.79899,19.849433,19.416488,17.204651,14.422205,11.401754,8.485281,7.28011,8.246211,11.661904,14.422205,17.204651,9.433981,6.403124,5.0,6.0,7.28011,10.29563,12.529964,15.264338,16.124515,16.155494,17.088007,16.763055,15.297059,14.142136,13.152946,12.165525,12.369317,11.401754,10.440307,11.7047,13.0,13.416408,15.652476,16.552945,17.464249,18.384776
hoyeon_stand_normal_01,1350,450,45.002459016393445,29.998360745314464,10,0.5335155129432678,0.6667642593383789,-0.0711290389299392,0.9989863038063048,0.537516176700592,0.67976313829422,-0.0628801062703132,0.9982005953788756,0.5383369326591492,0.6802874207496643,-0.062887854874134,0.9978793859481812,0.5392864346504211,0.6809108853340149,-0.0628606453537941,0.9982226490974426,0.538253664970398,0.6803343892097473,-0.0869991406798362,0.9984787106513976,0.5395124554634094,0.6811124086380005,-0.0870297774672508,0.9984838366508484,0.5408543944358826,0.6817800998687744,-0.0871033743023872,0.9986782670021056,0.5479262471199036,0.6767008304595947,-0.0124394111335277,0.9957318902015686,0.5485565662384033,0.67609703540802,-0.121132880449295,0.998491644859314,0.5365524888038635,0.6539360880851746,-0.0490373857319355,0.9987950325012208,0.5377616286277771,0.6537761092185974,-0.0805252566933631,0.9991225004196168,0.5556877851486206,0.6025324463844299,0.0666962042450904,0.9991825819015504,0.5608143210411072,0.6072720885276794,-0.1715808659791946,0.999942421913147,0.5551338195800781,0.498354434967041,0.0901218727231025,0.1222919151186943,0.5577191710472107,0.5040472745895386,-0.2002643942832946,0.9865412712097168,0.5566371083259583,0.4223265647888183,0.0392393432557582,0.3058678209781647,0.5433369278907776,0.4162686169147491,-0.1950320452451706,0.9719548225402832,0.5591698884963989,0.3956895768642425,0.0331929437816143,0.2897496819496155,0.5437858700752258,0.3880457282066345,-0.2179602831602096,0.9509116411209106,0.5535001158714294,0.3915857076644897,0.0155606027692556,0.2971661388874054,0.5398244261741638,0.3866260945796966,-0.2186083942651748,0.9476064443588256,0.5534332990646362,0.4012469351291656,0.029114356264472,0.2765421271324157,0.5389878153800964,0.3954078257083893,-0.1941905170679092,0.9219484329223632,0.5515245199203491,0.4213958084583282,0.0697462484240531,0.9974167943000792,0.5559870600700378,0.4251847267150879,-0.0698199346661567,0.9978440403938292,0.5494387149810791,0.2798817455768585,0.0725234895944595,0.2878081500530243,0.5555748343467712,0.2794764935970306,-0.0576342232525348,0.7966746687889099,0.5467503070831299,0.1375617533922195,0.1190519630908966,0.3980473279953003,0.5497813820838928,0.1329950839281082,-0.0104847187176346,0.8415279984474182,0.5496192574501038,0.1094918698072433,0.1190247610211372,0.5192241668701172,0.5542639493942261,0.1003638282418251,-0.0099663948640227,0.7956230044364929,0.5249859690666199,0.113431692123413,0.0658933445811271,0.5942027568817139,0.5279730558395386,0.1048181354999542,-0.0792347192764282,0.8655727505683899,hoyeon_stand_normal_01,25.806976,25.059928,24.166092,21.18962,17.464249,13.341664,9.486833,6.403124,6.708204,8.062258,10.0,12.041595,14.035669,16.03122,18.0,20.024984,21.095023,21.213203,20.615528,19.646883,16.763055,13.601471,10.049876,8.544004,10.630146,15.811388,10.440307,12.649111,13.928388,14.317821,14.764823,15.264338,13.601471,12.206556,11.661904,9.848858,9.486833,10.198039,10.049876,11.045361,11.045361,12.041595,12.041595,12.041595,11.045361,11.0,10.198039,10.77033,12.806248,15.556349,19.104973,21.931712,17.0,17.0,16.124515,15.264338,13.601471,12.206556,9.899495,7.81025,7.211103,5.09902,5.09902,5.0,6.403124,8.062258,9.486833,12.369317,15.297059,17.464249,19.646883,20.880613,21.84033,21.18962,20.615528,18.788294,16.552945,13.892444,7.81025,5.656854,4.242641,1.414214,2.0,5.09902,8.062258,10.0,11.045361,12.165525,13.341664,12.649111,12.083046,11.18034,8.944272,8.062258,5.830952,3.605551,2.0,2.0,4.472136,6.708204,10.29563,12.529964,14.764823,16.124515,15.297059,16.278821,16.278821,17.262677,16.278821,15.297059,14.56022,12.649111,11.7047,10.440307,8.246211,6.082763,5.09902,5.830952,7.211103,8.944272,12.083046,15.231546,18.384776,20.124612,22.36068,22.472205,21.633308,20.808652,18.601075,15.0,12.083046,13.416408,14.764823,15.264338,15.811388,15.811388,14.422205,12.206556,10.29563,7.615773,7.071068,6.0,5.385165,5.830952,6.403124,8.485281,8.485281,9.899495,9.899495,9.899495,11.313708,11.313708,11.401754,10.816654,11.661904,12.649111
hoyeon_stand_normal_01,1353,451,45.10246448087432,29.998360745314464,10,0.5335513353347778,0.6666828989982605,-0.07207603007555,0.9989973306655884,0.5375412702560425,0.6796858906745911,-0.0637833401560783,0.9982206225395204,0.5383646488189697,0.6802151203155518,-0.0637913420796394,0.997903287410736,0.5393165349960327,0.6808403730392456,-0.0637645497918129,0.9982437491416932,0.5382764935493469,0.680250883102417,-0.0878542214632034,0.9984924793243408,0.5395355224609375,0.6810296177864075,-0.0878843963146209,0.9984964728355408,0.540876030921936,0.6816955208778381,-0.0879564210772514,0.9986873269081116,0.5479521155357361,0.6766263842582703,-0.0130919786170125,0.9957863688468932,0.5485846400260925,0.6760364770889282,-0.1216089650988578,0.9985008835792542,0.5366143584251404,0.6538810729980469,-0.0499014630913734,0.998812198638916,0.5378248691558838,0.6537073254585266,-0.0813232585787773,0.9991307258605956,0.5557234883308411,0.6025584936141968,0.0665460675954818,0.9991963505744934,0.5608095526695251,0.6072617769241333,-0.1722045242786407,0.9999424815177916,0.5551326870918274,0.4983592331409454,0.0898602083325386,0.1240680664777755,0.5577182173728943,0.503974437713623,-0.2010403126478195,0.9865360856056212,0.5567563772201538,0.4223268926143646,0.0380514748394489,0.3102000653743744,0.5433394908905029,0.4162531197071075,-0.1960072517395019,0.9720290303230286,0.5592010021209717,0.395700067281723,0.0317337550222873,0.2933875620365143,0.5437878966331482,0.3880419433116913,-0.2192464917898178,0.9510664343833924,0.553581178188324,0.3915834128856659,0.0139518994837999,0.300767570734024,0.5398288369178772,0.3866071999073028,-0.2199820727109909,0.9477629065513612,0.5535759329795837,0.4012440741062164,0.027886290103197,0.2798111736774444,0.5390006303787231,0.3953880965709686,-0.1952324658632278,0.9221369028091432,0.5517187118530273,0.4214092195034027,0.0699029117822647,0.9974459409713744,0.5559901595115662,0.4251948297023773,-0.0699768215417862,0.9978563189506532,0.549436628818512,0.2798108756542206,0.0734617859125137,0.2882034182548523,0.5554923415184021,0.2793826758861542,-0.0575986579060554,0.7981580495834351,0.5467506647109985,0.137505903840065,0.121538870036602,0.3985470831394195,0.5497301816940308,0.1329012513160705,-0.0097348717972636,0.8425542712211609,0.549796998500824,0.1107172295451164,0.1216704547405242,0.520304799079895,0.5540752410888672,0.1003671213984489,-0.0090505303815007,0.7964985370635986,0.524939239025116,0.1134237498044967,0.0682645812630653,0.5944434404373169,0.5279057025909424,0.1048112288117408,-0.0785643681883812,0.8661947846412659,hoyeon_stand_normal_01,8.955558,9.25091,10.8103235,13.076473,15.472067,16.683414,17.175342,16.978336,16.03856,15.106348,13.2707775,11.531829,9.534201,8.303131,6.5769155,5.6622775,6.889636,9.81601,13.0192025,16.420386999999998,20.4743275,24.244636,26.394893,27.4092375,27.4306285,24.7891435,9.626712,8.640901,8.5276925,8.531129,8.4176585,8.7745455,9.2255915,10.147815,10.147815,10.408327,10.0,9.3267625,8.543803,7.81025,6.8071135,6.994157,7.566663,9.0,10.5226805,12.601965,14.0889025,16.124515,16.03122,16.015610000000002,15.516648,13.0192025,18.439089,18.439089,17.029386,15.556349,14.142136,12.806248,10.816654,9.433981,7.615773,6.082763,4.123106,4.242641,4.472136,7.071068,10.0,12.0,14.035669,17.029386,19.026298,20.0,21.0,21.023796,20.024984,18.11077,16.278821,12.369317,7.071068,5.656854,2.828427,2.828427,5.385165,8.246211,10.198039,12.041595,13.0,13.038405,12.165525,12.165525,10.440307,9.219544,7.28011,5.09902,4.0,1.414214,3.162278,5.830952,8.602325,10.816654,13.601471,15.811388,17.204651,13.4705845,17.117243,14.035669,13.0,11.045361,9.848858,9.433981,10.630146,12.041595,14.142136,15.556349,16.970563,18.439089,19.416488,19.723083,21.023796,20.248457,18.681542,18.439089,15.297059,11.401754,8.944272,6.403124,7.0,10.440307,13.928388,16.155494,9.055385,7.0,5.385165,5.830952,7.28011,10.049876,13.038405,15.033296,16.124515,17.117243,17.464249,16.492423,15.524175,14.866069,13.601471,13.0,11.7047,11.7047,11.18034,12.165525,13.038405,14.0,15.0,17.0,18.0,18.027756
hoyeon_stand_normal_01,1356,452,45.20246994535519,29.998360745314464,10,0.533571183681488,0.6665621399879456,-0.0727296322584152,0.9990056753158568,0.5375582575798035,0.6795574426651001,-0.0644094496965408,0.9982334971427916,0.5383840203285217,0.6801015138626099,-0.064417764544487,0.9979203343391418,0.5393382906913757,0.6807392239570618,-0.0643905773758888,0.9982579350471495,0.5382932424545288,0.6800994873046875,-0.0884583741426467,0.9985013604164124,0.5395539999008179,0.6808798313140869,-0.0884885117411613,0.9985055923461914,0.5408954620361328,0.6815486550331116,-0.0885598137974739,0.998692274093628,0.5479785799980164,0.6765438318252563,-0.0135242920368909,0.9958243370056152,0.5486193895339966,0.675961971282959,-0.1219389215111732,0.9985066652297974,0.5366553664207458,0.6538028120994568,-0.0504871271550655,0.9988259077072144,0.5378684401512146,0.6536094546318054,-0.0818756967782974,0.9991376996040344,0.5557572841644287,0.6025676131248474,0.0665273144841194,0.9992040991783142,0.5608071684837341,0.607258141040802,-0.1728689074516296,0.9999428987503052,0.555140495300293,0.4983501434326172,0.0897575914859771,0.1244858875870704,0.5577138066291809,0.5039517283439636,-0.2021990865468979,0.9865977168083192,0.5569905638694763,0.4223223924636841,0.0373226143419742,0.3112227320671081,0.5433401465415955,0.4162378013134002,-0.1982553750276565,0.97213876247406,0.5593239068984985,0.3957022726535797,0.0309470500797033,0.2943121790885925,0.5437844395637512,0.3880335688591003,-0.2219217717647552,0.9512526988983154,0.5536948442459106,0.3915776312351227,0.0130441840738058,0.301626980304718,0.5398299098014832,0.3865850269794464,-0.2225347459316253,0.9479397535324096,0.5537101030349731,0.4012325406074524,0.0271021295338869,0.280610591173172,0.5390030145645142,0.3953689038753509,-0.197497621178627,0.9223286509513856,0.5518478155136108,0.4213961958885193,0.0702987909317016,0.9974825978279114,0.5560435652732849,0.4252037703990936,-0.070371888577938,0.9978804588317872,0.5494368672370911,0.2797637283802032,0.0749049857258796,0.2885335683822632,0.5555265545845032,0.279312789440155,-0.0574729777872562,0.8013679385185242,0.5467579960823059,0.1375061869621276,0.1240626201033592,0.4002368152141571,0.5497381687164307,0.1328490525484085,-0.0088346442207694,0.845182478427887,0.5498897433280945,0.1116606593132019,0.1242840513586998,0.5226628184318542,0.5540794134140015,0.1002416014671325,-0.0081347869709134,0.7992414236068726,0.5247606039047241,0.1134518906474113,0.0708911195397377,0.5965948700904846,0.5278254151344299,0.1048092022538185,-0.0780893489718437,0.8682680130004883,hoyeon_stand_normal_01,8.062258,8.602325,9.899495,12.206556,13.892444,15.264338,15.811388,15.811388,15.0,13.453624,12.041595,10.630146,8.602325,6.708204,6.082763,5.09902,6.403124,9.219544,12.529964,16.124515,19.723083,22.472205,25.0,26.172505,25.495098,23.600847,9.848858,8.544004,9.219544,9.055385,9.0,9.055385,9.219544,10.440307,10.440307,10.440307,10.440307,9.486833,8.544004,7.615773,6.403124,7.071068,6.708204,8.544004,10.440307,12.165525,13.341664,15.297059,15.524175,15.524175,14.56022,12.369317,8.944272,9.055385,10.198039,12.083046,13.038405,15.0,16.278821,16.970563,18.384776,18.384776,19.104973,19.79899,19.104973,19.104973,18.384776,16.970563,14.866069,13.453624,10.816654,8.246211,8.246211,10.0,14.21267,17.204651,20.808652,23.600847,13.601471,17.262677,19.104973,20.0,21.095023,19.416488,17.088007,14.764823,10.816654,7.81025,4.242641,1.0,3.605551,5.656854,8.602325,11.661904,13.416408,15.231546,16.763055,17.720045,17.464249,17.464249,16.492423,15.524175,13.928388,10.816654,14.21267,14.422205,15.811388,15.811388,15.811388,15.620499,14.21267,12.727922,11.313708,9.219544,7.81025,6.403124,5.385165,5.0,6.324555,9.433981,11.661904,14.422205,17.204651,19.416488,20.248457,20.59126,21.023796,19.697716,17.088007,14.866069,11.313708,12.727922,14.21267,15.0,15.0,14.422205,13.038405,11.401754,10.0,7.81025,6.403124,5.385165,5.0,6.082763,6.082763,7.615773,8.544004,9.486833,9.486833,9.486833,10.440307,10.77033,10.77033,10.29563,10.816654,11.313708
hoyeon_stand_normal_01,1359,453,45.30247540983606,29.998360745314464,10,0.5336040258407593,0.6665586233139038,-0.0708415284752845,0.9990036487579346,0.5376124978065491,0.6795545816421509,-0.0623825341463089,0.9982300996780396,0.5384431481361389,0.6800990700721741,-0.0623927600681781,0.9979204535484314,0.5394004583358765,0.680736780166626,-0.0623664148151874,0.9982603192329408,0.5383363962173462,0.680095374584198,-0.0865211337804794,0.9984952211380004,0.5395915508270264,0.6808750629425049,-0.0865494683384895,0.998500406742096,0.5409250259399414,0.6815415620803833,-0.0866201296448707,0.998684585094452,0.5480272173881531,0.6765400767326355,-0.011771710589528,0.9958292841911316,0.5486426949501038,0.6759591698646545,-0.1205226853489875,0.9984951615333556,0.5367011427879333,0.6538026332855225,-0.0487334355711936,0.9988244771957396,0.5379089713096619,0.6536059975624084,-0.0802313610911369,0.9991321563720704,0.5559712052345276,0.6025859117507935,0.068489596247673,0.999204397201538,0.5607739090919495,0.6072587966918945,-0.1724221557378769,0.9999425411224364,0.5552728176116943,0.4983443021774292,0.0909318923950195,0.1240445077419281,0.557689905166626,0.5039495825767517,-0.202114537358284,0.9865917563438416,0.557790994644165,0.4223052263259887,0.0386744178831577,0.3104402422904968,0.5433351397514343,0.4162337183952331,-0.1987600773572921,0.9720411896705629,0.5600008368492126,0.3957030475139618,0.0327196568250656,0.2937403917312622,0.5437686443328857,0.3880302906036377,-0.2225799411535263,0.9511279463768004,0.5544437170028687,0.3915832638740539,0.0147903664037585,0.3009296953678131,0.5398321151733398,0.3865729570388794,-0.222683385014534,0.9477853775024414,0.5544751882553101,0.4012282788753509,0.0284656528383493,0.2799615859985351,0.5390093326568604,0.3953538835048675,-0.1978505998849868,0.921999216079712,0.5522409081459045,0.421405166387558,0.0709661096334457,0.9974997639656068,0.5559953451156616,0.4252589643001556,-0.071044772863388,0.9978825449943542,0.549517810344696,0.2797678709030151,0.0749008953571319,0.2878612577915191,0.5555315613746643,0.2793170809745788,-0.0581186525523662,0.804402768611908,0.5467681884765625,0.137540116906166,0.1238809451460838,0.4008685350418091,0.5497381091117859,0.1328500509262085,-0.0101021770387887,0.8474200963973999,0.5500509738922119,0.1125408485531807,0.1240651980042457,0.5240052938461304,0.5541298389434814,0.1003214791417121,-0.0094927009195089,0.8016567230224609,0.5246993899345398,0.1134627386927604,0.0708467066287994,0.597381591796875,0.5274335741996765,0.1048047691583633,-0.0788950771093368,0.8699212074279785,hoyeon_stand_normal_01,21.213203,20.615528,20.248457,17.0,14.317821,10.77033,8.062258,5.0,5.09902,6.082763,8.544004,9.848858,11.7047,13.601471,15.524175,16.278821,17.262677,18.027756,18.0,17.029386,15.033296,11.0,8.246211,7.81025,9.848858,13.601471,8.544004,10.440307,11.7047,12.083046,12.529964,11.661904,10.816654,9.433981,8.062258,7.615773,7.28011,8.062258,8.062258,8.0,9.0,9.0,9.0,9.0,9.0,8.062258,7.28011,8.062258,8.485281,12.206556,15.811388,18.027756,17.464249,16.552945,15.652476,14.764823,13.892444,12.206556,10.630146,9.219544,6.708204,6.324555,5.09902,5.830952,7.071068,8.062258,10.77033,12.649111,14.56022,16.763055,18.973666,20.880613,21.18962,21.18962,20.615528,18.788294,15.652476,12.529964,8.544004,6.324555,4.123106,2.0,2.0,5.09902,7.28011,9.486833,10.77033,12.083046,11.661904,12.206556,11.401754,9.899495,8.485281,7.071068,5.0,3.605551,1.0,2.236068,4.472136,8.062258,10.77033,13.0,15.231546,16.155494,15.652476,15.231546,13.0,11.18034,10.0,10.198039,10.77033,12.083046,13.416408,15.652476,16.155494,18.027756,19.416488,20.223748,20.024984,20.024984,19.104973,17.262677,15.297059,11.18034,8.0,6.708204,7.615773,10.049876,13.0,16.0,9.219544,8.0,6.082763,6.403124,8.062258,10.77033,12.649111,14.56022,16.155494,17.464249,17.464249,17.0,16.643317,14.422205,13.601471,12.806248,12.206556,11.661904,11.661904,12.083046,13.0,14.866069,14.866069,16.763055,18.027756,18.027756
hoyeon_stand_normal_01,1362,454,45.402480874316936,29.998360745314464,10,0.5336374640464783,0.6666154265403748,-0.0685713812708854,0.9989981055259703,0.5377012491226196,0.6796196699142456,-0.060036826878786,0.9982239007949828,0.5385480523109436,0.6801689267158508,-0.0600480437278747,0.9979171752929688,0.5395171046257019,0.6808018684387207,-0.0600218288600444,0.998259425163269,0.5383899211883545,0.680148184299469,-0.0842357128858566,0.9984846711158752,0.5396311283111572,0.6809189915657043,-0.0842637717723846,0.9984901547431946,0.540949821472168,0.6815734505653381,-0.0843351706862449,0.9986730217933656,0.548109233379364,0.6765888929367065,-0.0096272425726056,0.995823621749878,0.5486600399017334,0.6759845614433289,-0.1186345592141151,0.9984806180000304,0.5367463231086731,0.6538956165313721,-0.0465717799961566,0.9988190531730652,0.5379313826560974,0.6536741852760315,-0.0781426429748535,0.999123215675354,0.556264340877533,0.6026275753974915,0.0708538293838501,0.9992043375968932,0.5607063174247742,0.6072720885276794,-0.1715771555900573,0.999941885471344,0.5554093718528748,0.4983550012111664,0.0922204107046127,0.1233228370547294,0.5576764941215515,0.5039796233177185,-0.2017406672239303,0.9864835143089294,0.5582560896873474,0.422302633523941,0.0394240692257881,0.309952050447464,0.5433362126350403,0.4162640273571014,-0.1982637494802475,0.9717887043952942,0.5603216886520386,0.3957390189170837,0.0335721373558044,0.293521523475647,0.5437673926353455,0.3880677819252014,-0.2218485623598098,0.9507908821105956,0.5547506809234619,0.3915901482105255,0.0156125826761126,0.30059415102005,0.5398454070091248,0.3865802884101867,-0.2221933007240295,0.9474099278450012,0.5547982454299927,0.4012234508991241,0.0291735772043466,0.2795954644680023,0.5390360951423645,0.3953518271446228,-0.1974010169506073,0.921422004699707,0.5527287721633911,0.4214126467704773,0.0714930817484855,0.997511088848114,0.5558897256851196,0.4253028631210327,-0.071573220193386,0.9978779554367064,0.5495816469192505,0.2797723412513733,0.0745056495070457,0.2875761091709137,0.5554991364479065,0.2793211340904236,-0.0597813539206981,0.8071706295013428,0.5467694997787476,0.1375399827957153,0.1220381185412406,0.4017888307571411,0.5497152209281921,0.1328489184379577,-0.013099412433803,0.8494164943695068,0.5500825643539429,0.1128723248839378,0.1219974607229232,0.5251703858375549,0.5541292428970337,0.1003905460238456,-0.0126446671783924,0.8035435080528259,0.5246756076812744,0.113455019891262,0.0687542259693145,0.5980032682418823,0.5272096991539001,0.104787603020668,-0.0819470211863517,0.8713293075561523,hoyeon_stand_normal_01,22.472205,22.825424,21.540659,18.973666,15.524175,12.369317,9.848858,7.211103,7.211103,8.246211,9.055385,11.045361,13.038405,15.132746,16.124515,17.262677,18.681542,19.924859,19.313208,18.384776,16.552945,13.0,10.440307,9.055385,10.29563,13.601471,9.055385,11.18034,12.369317,12.649111,13.0,12.083046,12.083046,10.77033,9.848858,9.486833,8.062258,9.055385,9.0,9.0,10.0,10.0,10.0,10.0,10.0,10.049876,9.219544,9.848858,11.401754,14.21267,16.970563,19.104973,9.219544,9.433981,11.7047,12.165525,14.0,15.033296,16.124515,17.262677,18.439089,18.681542,18.681542,18.681542,18.439089,18.681542,17.464249,16.492423,14.56022,12.649111,9.848858,7.071068,7.28011,9.219544,13.0,16.124515,19.723083,21.470911,12.369317,15.811388,17.888544,18.867962,18.439089,18.384776,15.811388,13.038405,9.486833,6.082763,2.236068,2.236068,4.472136,7.28011,10.049876,13.0,15.033296,16.124515,17.262677,18.439089,18.439089,18.681542,17.464249,15.524175,14.035669,11.045361,16.155494,14.866069,13.0,11.661904,10.0,9.219544,10.29563,10.77033,13.928388,14.866069,16.155494,17.492856,18.027756,19.849433,19.79899,19.849433,19.416488,18.027756,15.264338,11.661904,8.485281,6.324555,6.324555,10.0,13.453624,16.278821,10.0,8.485281,6.403124,7.071068,8.246211,9.848858,13.416408,14.764823,16.552945,16.155494,17.088007,16.763055,16.278821,15.132746,14.142136,13.152946,12.165525,12.165525,11.401754,11.7047,13.0,14.317821,15.652476,16.552945,18.384776,18.384776
hoyeon_stand_normal_01,1365,455,45.502486338797816,29.998360745314464,10,0.5336838960647583,0.6666370034217834,-0.0683536455035209,0.999000608921051,0.537800133228302,0.6796389818191528,-0.059768758714199,0.9982320070266724,0.5386585593223572,0.6801907420158386,-0.0597799085080623,0.9979305863380432,0.5396348834037781,0.6808210015296936,-0.0597532950341701,0.9982717633247375,0.5384565591812134,0.6801605224609375,-0.0839724764227867,0.9984866976737976,0.5396812558174133,0.680927038192749,-0.084000788629055,0.9984918832778932,0.5409812927246094,0.6815764307975769,-0.0840719193220138,0.998671531677246,0.5481812953948975,0.6765962243080139,-0.0091422544792294,0.9958520531654358,0.5486764311790466,0.6759859919548035,-0.1181863322854042,0.9984791278839112,0.5367907881736755,0.653946578502655,-0.0462871082127094,0.998823583126068,0.5379591584205627,0.6537060141563416,-0.0778630748391151,0.9991214871406556,0.5564709901809692,0.6026390194892883,0.0716488733887672,0.9992100596427916,0.5606622695922852,0.6072741150856018,-0.1714209020137787,0.9999417066574096,0.5554856061935425,0.4983550012111664,0.0925331488251686,0.1230186820030212,0.5576714873313904,0.5039830207824707,-0.2017059475183487,0.9864310026168824,0.5586146116256714,0.4222925305366516,0.0392692610621452,0.3103895485401153,0.5433391332626343,0.416275143623352,-0.1980227082967758,0.9716104865074158,0.5608139038085938,0.3957817852497101,0.0333341434597969,0.294078916311264,0.5437716841697693,0.3881030678749084,-0.2216726988554,0.9505338668823242,0.5552822351455688,0.3916370570659637,0.0153928734362125,0.3010822534561157,0.5398847460746765,0.3865922391414642,-0.2218521386384964,0.9471166729927064,0.555250346660614,0.4012208580970764,0.029007276520133,0.2799700498580932,0.5390927195549011,0.3953514695167541,-0.1971186697483062,0.920972466468811,0.552943229675293,0.4214170277118683,0.0720899179577827,0.9975379109382628,0.5557975172996521,0.4253243803977966,-0.0721716582775116,0.9978899359703064,0.549616813659668,0.2797657549381256,0.0748128369450569,0.2873417139053345,0.5554983615875244,0.2793161273002624,-0.0598864629864692,0.8100954294204712,0.5467706918716431,0.1375448703765869,0.1224008500576019,0.4030387103557586,0.5497154593467712,0.1328484416007995,-0.0126316528767347,0.8518982529640198,0.5501163601875305,0.1131735891103744,0.1223580613732338,0.5269243717193604,0.5541154146194458,0.1004147380590438,-0.0121203986927866,0.8060694336891174,0.5246325135231018,0.1135148927569389,0.0690556615591049,0.5993546843528748,0.52704918384552,0.1048467978835105,-0.081548161804676,0.8732216358184814,hoyeon_stand_normal_01,8.246211,8.485281,9.848858,12.649111,14.866069,15.811388,16.763055,16.155494,16.155494,15.231546,13.416408,11.18034,9.848858,8.246211,7.0,5.385165,6.403124,8.544004,12.369317,16.278821,20.223748,23.537205,27.202941,27.856777,27.730849,25.553865,9.219544,8.602325,8.062258,7.615773,8.062258,8.0,9.055385,9.055385,9.219544,9.219544,9.219544,8.246211,7.28011,6.708204,5.0,6.403124,6.324555,8.246211,10.049876,12.041595,13.038405,15.033296,16.124515,15.297059,14.317821,12.165525,12.590919,12.164172999999998,12.382051,12.36552,12.261002,12.509214,12.020889,10.966797,10.8500915,10.1485295,9.7100825,10.2009635,11.3409725,12.0445355,12.6485295,13.33605,13.403209,14.2691085,13.46511,13.478330499999998,13.729779999999998,14.932018499999998,16.0,16.917856999999998,16.8241275,16.5326955,9.6608525,9.9825445,9.7817485,9.933981,10.512181,11.7064605,11.9205315,11.724288,10.830952,9.938658,7.984263,7.9451,8.713379999999999,9.787209,9.757587,10.008403,10.307897,9.93157,9.2574445,9.6033155,10.4852815,11.2781745,12.096006,12.041595,11.988784,16.124515,16.03122,16.03122,13.0,11.18034,9.486833,9.433981,10.630146,12.041595,12.806248,14.866069,15.556349,18.439089,18.601075,19.723083,20.124612,19.313208,19.924859,16.492423,15.297059,11.401754,8.944272,5.656854,7.0,9.486833,13.0,15.231546,10.049876,8.246211,5.830952,6.403124,8.246211,10.0,13.038405,14.0,16.0,17.117243,17.029386,16.124515,16.278821,15.524175,13.601471,12.649111,11.401754,11.18034,11.18034,12.041595,13.0,14.0,16.03122,17.029386,18.0,18.0
hoyeon_stand_normal_01,1368,456,45.60249180327869,29.998360745314464,10,0.5337250828742981,0.6665580868721008,-0.0669522136449813,0.9990090727806092,0.5378381013870239,0.6795513033866882,-0.0582903698086738,0.9982477426528932,0.5386980175971985,0.6801103949546814,-0.0583015792071819,0.997952938079834,0.5396759510040283,0.6807451248168945,-0.0582746788859367,0.998292088508606,0.5384784936904907,0.6800732612609863,-0.0825524255633354,0.9984963536262512,0.5396940112113953,0.6808474659919739,-0.0825796425342559,0.9985020160675048,0.5409867167472839,0.6815023422241211,-0.0826494693756103,0.998677372932434,0.5482025146484375,0.6765554547309875,-0.0076696858741343,0.9958953857421876,0.5486793518066406,0.675946056842804,-0.1169576421380043,0.9984829425811768,0.5368335843086243,0.6539213061332703,-0.0449200123548507,0.9988314509391784,0.5379869341850281,0.6536601781845093,-0.0765701979398727,0.999123513698578,0.5566707849502563,0.6026428937911987,0.0734231397509574,0.9992111921310424,0.560577929019928,0.6072888970375061,-0.171008676290512,0.9999415278434752,0.5555651187896729,0.4983559548854828,0.0945310518145561,0.1222977414727211,0.5576372742652893,0.5040586590766907,-0.2016908526420593,0.9864365458488464,0.558954656124115,0.4222895503044128,0.0416230969130992,0.3097425103187561,0.5433252453804016,0.4162924885749817,-0.1989015042781829,0.9715055227279664,0.5612331628799438,0.3958181142807007,0.0361394919455051,0.2938508987426758,0.5437467694282532,0.388117253780365,-0.222893938422203,0.950393557548523,0.5556043386459351,0.3916617631912231,0.0178933478891849,0.3007549047470093,0.5398827791213989,0.3865917921066284,-0.2225843518972396,0.9469427466392516,0.5555524230003357,0.4012182354927063,0.0312590077519416,0.2796607613563537,0.539094865322113,0.3953489959239959,-0.1978760808706283,0.9206311702728271,0.5535716414451599,0.4214213788509369,0.0728869438171386,0.9975566864013672,0.5557357668876648,0.4253900945186615,-0.0729687884449958,0.9978930950164796,0.5496739149093628,0.279754102230072,0.0744711831212043,0.2871503829956054,0.5554452538490295,0.2793187797069549,-0.0621049590408802,0.8142709136009216,0.5467918515205383,0.1375441551208496,0.1207684427499771,0.405014306306839,0.549736738204956,0.1328399181365966,-0.0171294026076793,0.855231523513794,0.5499036312103271,0.1101031303405761,0.1205516159534454,0.5293097496032715,0.5542317628860474,0.1003940105438232,-0.0169271659106016,0.8094901442527771,0.5246278047561646,0.1135168001055717,0.067385122179985,0.6013774275779724,0.5269044637680054,0.1048733219504356,-0.0864577442407608,0.8757358193397522,hoyeon_stand_normal_01,26.476405,25.96151,24.698178,21.470911,18.35756,14.422205,11.18034,8.246211,7.28011,7.211103,9.899495,12.041595,14.21267,16.278821,17.691806,19.79899,21.260292,22.203603,21.633308,20.59126,18.35756,14.764823,11.401754,8.944272,11.0,15.297059,10.77033,13.601471,14.56022,15.297059,15.132746,15.033296,14.035669,12.041595,11.18034,10.198039,9.848858,10.29563,10.816654,11.401754,11.401754,12.806248,12.206556,12.206556,12.206556,11.401754,10.630146,10.29563,12.369317,15.033296,19.0,22.090722,18.384776,18.384776,17.088007,15.811388,14.56022,12.369317,11.18034,9.0,8.062258,6.324555,5.656854,5.385165,7.071068,8.062258,10.198039,12.649111,14.866069,17.088007,19.313208,21.18962,20.880613,20.880613,20.615528,18.439089,16.278821,13.152946,8.544004,6.708204,4.472136,2.236068,1.414214,4.242641,7.211103,9.433981,10.29563,11.7047,11.7047,11.401754,11.18034,9.055385,8.062258,6.0,5.0,2.0,2.236068,5.385165,8.544004,10.77033,13.0,15.231546,17.464249,16.547539,16.278821,14.317821,12.369317,11.7047,10.0,9.899495,10.816654,12.529964,13.892444,16.124515,17.204651,18.601075,19.104973,20.518285,21.400935,20.248457,19.723083,17.888544,15.231546,12.083046,8.602325,6.708204,7.071068,11.18034,13.892444,16.643317,8.246211,6.708204,5.656854,6.324555,8.062258,10.198039,13.341664,14.56022,16.278821,17.262677,17.117243,17.029386,16.03122,15.0,14.0,13.038405,12.041595,12.0,11.045361,12.165525,13.341664,14.56022,15.524175,16.763055,17.464249,17.262677
hoyeon_stand_normal_01,1371,457,45.70249726775956,29.998360745314464,10,0.5337718725204468,0.6665645241737366,-0.0673969909548759,0.999005913734436,0.5379166007041931,0.6795899868011475,-0.0586841069161891,0.9982455968856812,0.5387824177742004,0.6801530718803406,-0.0586952231824398,0.9979549646377563,0.5397621393203735,0.6807833909988403,-0.0586672872304916,0.9982928037643432,0.5385362505912781,0.6800976991653442,-0.0828934386372566,0.9984900951385498,0.5397390127182007,0.6808650493621826,-0.0829207971692085,0.9984959363937378,0.5410175323486328,0.6815121173858643,-0.0829902067780494,0.9986686706542968,0.5482602715492249,0.6765913963317871,-0.0077843279577791,0.995897650718689,0.5487043857574463,0.6759636998176575,-0.1170840039849281,0.9984728097915648,0.5368737578392029,0.6539835333824158,-0.0452782772481441,0.9988272190093994,0.5380141735076904,0.6537035703659058,-0.0768472626805305,0.9991171956062316,0.5567659735679626,0.6027049422264099,0.0730055645108223,0.9992125630378724,0.5605729222297668,0.6072912216186523,-0.1711094975471496,0.999941349029541,0.555589497089386,0.4984139204025268,0.0943983346223831,0.1216526553034782,0.5576573610305786,0.504096269607544,-0.2017316073179245,0.986364483833313,0.5589261651039124,0.422317236661911,0.0405266284942626,0.3090929687023163,0.543330729007721,0.4162873923778534,-0.1986256688833236,0.9713404774665833,0.5612010359764099,0.3958644866943359,0.034915879368782,0.2936685979366302,0.5437455773353577,0.3881311416625976,-0.2224988043308258,0.9501892328262328,0.5555680394172668,0.3917216956615448,0.0166765935719013,0.3005338907241821,0.5398886203765869,0.3865980803966522,-0.2222906649112701,0.946707248687744,0.5555194616317749,0.4012444317340851,0.030143579468131,0.2794992327690124,0.5391121506690979,0.3953478038311004,-0.1976152956485748,0.9202821254730223,0.5536056756973267,0.4214963316917419,0.0729773491621017,0.9975764751434326,0.5557337999343872,0.4254478514194488,-0.0730574205517768,0.9979050755500792,0.5496623516082764,0.2797662019729614,0.0758028328418731,0.2856833338737488,0.5553568005561829,0.279347151517868,-0.0618983469903469,0.8160219192504883,0.5468021035194397,0.1375751793384552,0.1228917017579078,0.4055064022541046,0.5497338175773621,0.1328521519899368,-0.0163002517074346,0.8571128249168396,0.5501110553741455,0.1115888059139251,0.1227968782186508,0.530855119228363,0.5542320609092712,0.1003979444503784,-0.0160552598536014,0.8117911219596863,0.5246034264564514,0.1136067062616348,0.0701310485601425,0.6023622751235962,0.5269055962562561,0.1049753725528717,-0.0850973129272461,0.877230167388916,hoyeon_stand_normal_01,9.219544,9.219544,11.0,13.038405,15.132746,16.278821,17.117243,17.117243,16.03122,15.0,13.0,12.0,10.049876,8.246211,7.615773,6.403124,7.28011,10.0,13.152946,17.262677,20.396078,24.33105,27.073973,28.017851,27.166155,25.495098,8.062258,8.062258,7.28011,6.708204,7.211103,7.071068,8.602325,9.433981,9.433981,9.433981,9.433981,8.602325,8.062258,6.708204,6.082763,6.0,6.324555,8.544004,10.29563,11.661904,13.038405,15.264338,16.124515,15.652476,15.652476,13.416408,18.384776,18.384776,17.691806,16.278821,14.21267,13.601471,11.661904,8.944272,7.28011,6.0,5.385165,5.656854,6.708204,8.544004,11.18034,13.152946,15.033296,18.11077,20.099751,21.213203,22.203603,21.377558,20.615528,18.681542,16.763055,13.928388,8.602325,6.403124,4.242641,1.414214,2.0,4.472136,7.28011,9.219544,11.18034,12.041595,12.0,12.041595,11.18034,10.198039,8.246211,6.324555,5.09902,3.162278,1.0,2.236068,5.0,7.81025,10.630146,14.142136,15.556349,16.970563,16.278821,14.317821,12.041595,10.049876,9.219544,8.944272,10.816654,12.041595,13.453624,14.866069,16.401219,18.027756,19.235384,19.313208,19.924859,19.416488,19.235384,17.029386,14.035669,11.045361,7.615773,6.403124,8.062258,11.045361,14.317821,17.262677,8.062258,7.0,5.385165,5.656854,7.28011,10.049876,12.041595,14.035669,15.132746,16.278821,16.278821,15.524175,14.866069,13.928388,13.0,12.083046,10.77033,10.440307,10.440307,11.18034,12.041595,14.142136,15.033296,17.029386,17.117243,17.117243
hoyeon_stand_normal_01,1374,458,45.802502732240434,29.998360745314464,10,0.5338370203971863,0.6666001677513123,-0.069331906735897,0.9990083575248718,0.5380308032035828,0.6797100901603699,-0.0606759972870349,0.9982492327690125,0.5389026999473572,0.6802697777748108,-0.0606849789619445,0.9979628324508668,0.5398834347724915,0.6808847188949585,-0.0606547258794307,0.9982969164848328,0.538628339767456,0.6802017688751221,-0.0849179849028587,0.9984911680221558,0.5398157835006714,0.6809503436088562,-0.0849483683705329,0.9984981417655944,0.5410763621330261,0.6815778017044067,-0.0850191935896873,0.9986677765846252,0.5483441948890686,0.6766459941864014,-0.0090663796290755,0.9959065318107604,0.5487624406814575,0.6760143637657166,-0.1184276491403579,0.9984739422798156,0.536925196647644,0.6540637016296387,-0.0469127148389816,0.9988294839859008,0.5380569100379944,0.653778612613678,-0.0785129964351654,0.9991183876991272,0.5567658543586731,0.6027869582176208,0.0728391855955123,0.9992136359214784,0.5605979561805725,0.6073505878448486,-0.1720921546220779,0.9999415278434752,0.5554931163787842,0.4985434710979461,0.0938449427485466,0.1211535632610321,0.5577801465988159,0.5044074654579163,-0.2025098800659179,0.9863688945770264,0.5584734082221985,0.4223155975341797,0.0375883802771568,0.3088526725769043,0.5434697270393372,0.4163059592247009,-0.1985954344272613,0.971275806427002,0.5609658360481262,0.3958601951599121,0.0312608852982521,0.2937503457069397,0.54389488697052,0.3881912231445312,-0.2223951518535614,0.9500983357429504,0.5551921725273132,0.3917188942432403,0.0130211664363741,0.3006391823291778,0.5400559902191162,0.3866412937641144,-0.2223375588655471,0.9465759992599488,0.5548890233039856,0.4012428820133209,0.0270843487232923,0.2796796858310699,0.5392982959747314,0.3953739702701568,-0.1976049095392227,0.9201063513755798,0.553412139415741,0.4215004742145538,0.0730622932314872,0.997602880001068,0.5558018088340759,0.4254528284072876,-0.073138453066349,0.99792742729187,0.5495642423629761,0.2797679901123047,0.0779614448547363,0.2855824828147888,0.5553567409515381,0.2793401777744293,-0.0601585432887077,0.8191367387771606,0.5468010306358337,0.137587621808052,0.1266830116510391,0.4075044393539428,0.5498042702674866,0.1328075975179672,-0.0115433568134903,0.8599780797958374,0.5501316785812378,0.1124838441610336,0.1267769485712051,0.5336630940437317,0.5542415976524353,0.1003717258572578,-0.0110600525513291,0.8150492310523987,0.5243711471557617,0.1140393614768982,0.0740008577704429,0.605255663394928,0.5269032120704651,0.105103850364685,-0.080839067697525,0.8796018362045288,hoyeon_stand_normal_01,21.470911,21.540659,19.646883,17.262677,14.142136,11.045361,8.246211,5.830952,4.472136,6.082763,8.0,10.049876,12.0,14.0,16.0,17.117243,18.248288,18.439089,17.720045,16.763055,14.866069,12.649111,9.055385,7.615773,9.899495,13.601471,8.944272,10.816654,12.206556,12.806248,12.727922,12.041595,11.401754,10.0,9.219544,7.81025,7.211103,7.615773,7.615773,8.246211,9.219544,9.486833,9.486833,9.486833,9.486833,8.246211,8.062258,8.246211,9.433981,12.206556,15.620499,17.804494,18.248288,18.248288,17.117243,16.03122,15.033296,13.0,11.045361,9.219544,7.28011,5.830952,4.242641,4.123106,5.09902,6.403124,9.219544,11.313708,13.453624,16.278821,18.439089,19.849433,20.518285,20.518285,19.79899,17.029386,15.0,12.206556,7.615773,5.830952,4.242641,1.0,2.0,4.472136,7.211103,9.899495,10.630146,12.206556,11.661904,11.661904,11.18034,9.848858,8.544004,6.324555,5.385165,3.162278,1.0,2.236068,5.09902,8.246211,11.18034,13.341664,16.278821,17.262677,15.811388,14.0808455,12.8554905,11.045361,9.5526305,9.0154185,9.8648055,11.146025,12.9223265,14.8432715,15.9679515,17.444271999999998,18.3887285,19.3102745,19.9353155,19.6675675,19.513149,17.5,15.016648,11.0,8.062258,5.743903,6.6814365,10.024938,13.1900345,15.2149025,10.1239575,8.031129,6.6978115,6.45101,7.413437999999999,9.96357,12.8554905,14.3193615,16.008299,16.62211,16.2872215,16.1597765,15.435383000000002,14.0906155,13.211204,12.095934,12.095934,11.631693,11.237515,11.553227,12.8554905,14.317821,15.297059,16.770749000000002,17.951669,17.592146999999997
hoyeon_stand_normal_01,1377,459,45.902508196721314,29.998360745314464,10,0.5339090824127197,0.6666419506072998,-0.0693835541605949,0.99901282787323,0.5381453037261963,0.6798128485679626,-0.0607742667198181,0.9982544779777528,0.5390197038650513,0.6803692579269409,-0.0607826225459575,0.9979700446128844,0.5400004982948303,0.6809718608856201,-0.0607519075274467,0.9983019828796388,0.5387275218963623,0.680304229259491,-0.0850502029061317,0.9984966516494752,0.539901852607727,0.6810431480407715,-0.0850812867283821,0.9985039830207824,0.5411480665206909,0.681657612323761,-0.085152544081211,0.9986724257469176,0.5484343767166138,0.6767159104347229,-0.0091626532375812,0.9959163069725036,0.5488320589065552,0.6760929822921753,-0.1187222078442573,0.9984807968139648,0.5369976758956909,0.6541454792022705,-0.0469418615102767,0.998833417892456,0.5381240844726562,0.6538742184638977,-0.0785867646336555,0.9991231560707092,0.556754469871521,0.6028741002082825,0.0727241039276123,0.9992121458053588,0.5607019066810608,0.6075232625007629,-0.1721019446849823,0.9999417066574096,0.5554117560386658,0.498749166727066,0.09376972168684,0.1210074350237846,0.5580202341079712,0.5049425363540649,-0.2023833245038986,0.9864104390144348,0.5580087900161743,0.422333300113678,0.0370434671640396,0.3088924586772918,0.5435220003128052,0.416394829750061,-0.1970596760511398,0.9712994694709778,0.560817301273346,0.395861953496933,0.0305168721824884,0.2938889563083648,0.5440112948417664,0.3883284032344818,-0.2204363793134689,0.9501177668571472,0.5549001693725586,0.3917209804058075,0.0123687023296952,0.3008258044719696,0.5401366353034973,0.3867678940296173,-0.2204512953758239,0.9465651512145996,0.5543777346611023,0.4013052880764007,0.0265503339469432,0.2799776792526245,0.5393487811088562,0.3954837024211883,-0.195982426404953,0.9200987815856934,0.5529995560646057,0.4215646386146545,0.0730317533016204,0.9976145029067992,0.5558169484138489,0.4254893064498901,-0.0731064081192016,0.9979434609413148,0.5495045185089111,0.2798245549201965,0.0779550522565841,0.2854965031147003,0.5553566813468933,0.2794005572795868,-0.0589937418699264,0.8209258317947388,0.546799898147583,0.1376568228006363,0.1266719847917556,0.4081418812274933,0.5498138070106506,0.1328181773424148,-0.0096530951559543,0.8614763021469116,0.5501468181610107,0.1132278442382812,0.1268009543418884,0.5347571969032288,0.5542423129081726,0.1004848554730415,-0.0090864561498165,0.816696286201477,0.5243006944656372,0.1144735068082809,0.0741615444421768,0.6065409183502197,0.5269184708595276,0.1056548878550529,-0.0786490812897682,0.8808526992797852,hoyeon_stand_normal_01,10.0,10.816654,11.7047,14.142136,16.124515,18.11077,18.11077,18.248288,17.464249,16.492423,14.56022,13.341664,11.18034,9.055385,8.062258,6.708204,7.211103,9.486833,13.038405,17.029386,21.023796,25.079872,28.442925,29.12044,28.79236,26.832816,9.0,9.055385,8.062258,8.544004,8.062258,9.219544,9.899495,10.630146,11.401754,12.041595,10.630146,10.630146,9.219544,8.062258,7.615773,7.071068,8.0,9.219544,11.401754,13.601471,15.811388,16.763055,17.720045,18.439089,17.464249,15.524175,8.602325,8.602325,9.486833,10.049876,12.0,13.038405,14.142136,15.297059,15.524175,16.492423,16.492423,16.492423,16.492423,16.492423,15.524175,14.317821,13.341664,11.401754,8.944272,7.071068,6.082763,8.246211,12.083046,14.764823,17.888544,20.124612,12.041595,14.142136,16.763055,18.384776,17.888544,17.204651,14.866069,12.041595,8.602325,5.830952,2.236068,1.414214,4.123106,7.071068,9.055385,11.045361,13.0,15.033296,16.278821,17.262677,17.464249,17.464249,16.278821,14.142136,13.038405,11.045361,14.142136,15.556349,16.278821,16.970563,16.278821,15.556349,14.866069,12.806248,12.206556,10.0,8.602325,7.071068,5.830952,5.09902,6.082763,8.544004,11.18034,13.892444,17.0,18.35756,20.124612,20.615528,20.615528,18.973666,16.492423,13.341664,12.206556,13.601471,15.0,15.264338,16.124515,14.764823,13.416408,11.661904,9.433981,7.81025,6.403124,6.324555,6.082763,7.071068,7.071068,8.246211,9.219544,10.198039,10.198039,10.198039,11.18034,11.401754,11.401754,11.18034,11.661904,12.206556
hoyeon_stand_normal_01,1380,460,46.00251366120219,29.998360745314464,10,0.533974289894104,0.6667140126228333,-0.0707230418920517,0.9990145564079284,0.5382633209228516,0.6799676418304443,-0.0623323805630207,0.9982572197914124,0.5391424894332886,0.6805253028869629,-0.062339823693037,0.9979737997055054,0.5401249527931213,0.6811193823814392,-0.0623096339404583,0.9983030557632446,0.5388243794441223,0.680449903011322,-0.0865027233958244,0.9984984397888184,0.5399866700172424,0.6811778545379639,-0.0865356177091598,0.998505473136902,0.5412212610244751,0.6817812323570251,-0.0866087824106216,0.9986740350723268,0.548555314540863,0.6768351793289185,-0.0111164599657058,0.9959222674369812,0.5489329695701599,0.6762113571166992,-0.1201304122805595,0.9984849691390992,0.5370983481407166,0.6542394757270813,-0.0483650788664817,0.9988359808921814,0.5382071137428284,0.6539725661277771,-0.0798862278461456,0.999127209186554,0.5567318797111511,0.6029952764511108,0.0695525482296943,0.9992121458053588,0.5608597993850708,0.6076928377151489,-0.1722642034292221,0.99994158744812,0.5553479790687561,0.4988375604152679,0.0903350561857223,0.1214335113763809,0.5582380294799805,0.505053699016571,-0.2020094990730285,0.9863624572753906,0.557815670967102,0.4223402738571167,0.0336678996682167,0.3100917637348175,0.543540358543396,0.4163952171802521,-0.1944327056407928,0.9712120890617372,0.5607233047485352,0.3958629071712494,0.0265543963760137,0.2948779165744781,0.5440319776535034,0.3883315920829773,-0.2171921283006668,0.9499781131744384,0.5547616481781006,0.3917216956615448,0.0088515076786279,0.3018628656864166,0.5401474833488464,0.386769026517868,-0.2176788300275802,0.946401834487915,0.5542156100273132,0.4013116657733917,0.023333590477705,0.2809243500232696,0.5393537282943726,0.3954834640026092,-0.1934189349412918,0.919940948486328,0.5528174638748169,0.4216195344924927,0.0721482411026954,0.997621476650238,0.5559781789779663,0.4255095422267914,-0.0722166672348976,0.9979557394981384,0.5494793057441711,0.2801886796951294,0.0778006389737129,0.286264419555664,0.5553398132324219,0.2797198593616485,-0.0567937418818473,0.8208186626434326,0.5467900037765503,0.1377460807561874,0.1265736520290374,0.4089265167713165,0.5497840642929077,0.1328479200601577,-0.0055491388775408,0.8612922430038452,0.5501224398612976,0.1137011647224426,0.1267490983009338,0.5352457165718079,0.5541673898696899,0.1011263206601142,-0.004701639059931,0.8161764144897461,0.5242614150047302,0.1151945739984512,0.0740449130535125,0.6074351668357849,0.5269450545310974,0.1063387766480445,-0.0738458335399627,0.8807746767997742,hoyeon_stand_normal_01,21.328552,20.984409,19.6722995,17.395405500000003,14.4390205,11.0725035,7.930992,5.828427,5.85486,7.035534,8.828855,10.239671,12.3501545,14.0358505,15.5,17.2144875,17.570078,18.81008,18.186674,17.060632,15.405694,12.2879365,9.609772,7.912056999999999,9.924845,13.75759,8.840095999999999,10.6284805,11.650147,12.541523,12.1555075,12.2879365,11.109204,10.0990195,9.044579,8.0798885,7.671184,7.440659,8.2426405,8.2426405,9.109772,9.4497475,9.47744,9.47744,9.47744,8.609772,8.424268000000001,8.303131,10.024938,12.3847585,15.3445475,17.707081,8.544004,9.055385,10.198039,11.7047,13.416408,13.892444,15.811388,16.401219,16.401219,17.029386,17.804494,17.804494,17.804494,17.804494,17.029386,15.620499,14.21267,12.041595,10.630146,7.615773,7.0,8.944272,12.041595,14.866069,17.691806,19.104973,11.401754,14.142136,16.0,17.029386,17.262677,16.763055,14.317821,12.206556,9.219544,6.403124,3.162278,2.236068,3.605551,5.656854,8.602325,10.816654,12.529964,13.928388,15.811388,16.492423,16.492423,16.278821,15.297059,13.341664,11.7047,10.29563,13.453624,14.21267,15.620499,15.620499,15.620499,14.866069,12.727922,12.041595,10.630146,8.602325,6.403124,5.0,4.123106,4.123106,5.830952,8.602325,10.630146,14.21267,17.029386,19.209373,20.0,20.808652,20.248457,18.35756,16.552945,13.416408,12.529964,13.892444,14.764823,16.552945,15.652476,15.231546,13.928388,12.083046,9.848858,8.062258,6.403124,5.0,5.385165,5.09902,6.0,7.071068,8.062258,8.062258,9.219544,9.219544,10.198039,10.198039,9.219544,9.848858,10.29563,11.401754
hoyeon_stand_normal_01,1383,461,46.10251912568306,29.998360745314464,10,0.5340321063995361,0.6668003797531128,-0.0708445534110069,0.999004364013672,0.5383685827255249,0.6801390051841736,-0.0624755285680294,0.9982379078865052,0.5392473936080933,0.6806918382644653,-0.0624828971922397,0.9979527592658995,0.5402294397354126,0.6812743544578552,-0.0624525360763073,0.9982833862304688,0.5389307141304016,0.6806100010871887,-0.0866378396749496,0.9984804391860962,0.540091335773468,0.6813198328018188,-0.0866706892848014,0.9984880685806274,0.5413245558738708,0.6819090247154236,-0.0867445170879364,0.9986585974693298,0.5486955642700195,0.676946222782135,-0.0112749096006155,0.9958763122558594,0.5490862727165222,0.6763289570808411,-0.1202470138669014,0.9984692335128784,0.5371829271316528,0.6543211340904236,-0.0484879836440086,0.9988232254981996,0.5382928848266602,0.6540642380714417,-0.0800004377961158,0.9991201162338256,0.5567311644554138,0.6030310988426208,0.0693960636854171,0.9992063045501708,0.5609683990478516,0.6078349351882935,-0.1723193824291229,0.9999414682388306,0.5553590655326843,0.4988623857498169,0.0901085585355758,0.1201143637299537,0.5583743453025818,0.5052199959754944,-0.2019946724176406,0.9863122701644896,0.5578328967094421,0.4223687648773193,0.0336497761309146,0.3080905377864837,0.5435596108436584,0.4164025783538818,-0.1945054680109024,0.9710420966148376,0.560759425163269,0.3958788216114044,0.0266004204750061,0.2932692170143127,0.5440521836280823,0.3883437216281891,-0.2173595279455185,0.9496872425079346,0.5547692775726318,0.3917434513568878,0.0089176343753933,0.3002172708511352,0.5401561856269836,0.3867810666561126,-0.2178002446889877,0.9460647702217102,0.5542246699333191,0.4013381600379944,0.0233262088149786,0.279340386390686,0.539356529712677,0.3954906165599823,-0.1934940367937088,0.919508934020996,0.5527879595756531,0.4216249585151672,0.0719904750585556,0.9976280331611632,0.5561014413833618,0.4255189299583435,-0.0720553249120712,0.997964322566986,0.5494770407676697,0.2802927792072296,0.0778175294399261,0.2861404716968536,0.5553370118141174,0.2798190712928772,-0.055905532091856,0.8209376335144043,0.5467901825904846,0.1377762109041214,0.1271415501832962,0.4092597961425781,0.5497837066650391,0.1328494101762771,-0.0039200661703944,0.8614530563354492,0.5501267313957214,0.1138888597488403,0.1273748874664306,0.536195695400238,0.5541680455207825,0.1011880487203598,-0.0029956297948956,0.8163796663284302,0.5242558717727661,0.1156268492341041,0.0744477957487106,0.6081695556640625,0.526959240436554,0.1067250818014144,-0.0723321959376335,0.8810229897499084,hoyeon_stand_normal_01,9.055385,8.246211,10.0,11.313708,13.453624,14.866069,15.556349,15.556349,14.866069,13.453624,12.041595,10.630146,8.485281,7.81025,5.830952,5.0,5.830952,8.485281,12.806248,16.401219,20.615528,24.083189,26.870058,27.658633,28.017851,25.059928,10.0,9.433981,8.944272,8.544004,8.246211,9.0,9.055385,10.049876,10.198039,10.198039,10.198039,10.198039,9.219544,8.246211,7.615773,7.211103,7.071068,8.062258,9.848858,11.18034,13.928388,15.231546,15.231546,16.552945,15.231546,13.0,18.439089,17.804494,17.204651,15.811388,13.892444,12.529964,10.77033,9.486833,8.062258,6.082763,5.385165,5.656854,6.708204,8.062258,11.0,13.038405,15.132746,17.029386,19.104973,21.095023,22.022716,22.022716,21.0,19.026298,16.124515,13.152946,7.81025,6.403124,4.242641,1.414214,1.414214,4.472136,7.28011,9.219544,10.198039,12.041595,12.0,11.045361,10.049876,9.219544,8.246211,6.324555,4.472136,3.162278,2.828427,5.0,8.602325,10.630146,13.453624,15.620499,17.029386,11.147815,15.264338,13.892444,12.083046,9.486833,9.055385,9.219544,9.486833,11.18034,13.416408,14.317821,15.811388,17.464249,18.248288,19.026298,19.0,19.104973,18.248288,16.492423,13.601471,11.18034,7.0,5.830952,7.615773,11.045361,14.035669,16.03122,8.602325,6.708204,5.09902,5.385165,7.071068,9.433981,11.18034,13.416408,14.764823,16.643317,15.811388,15.620499,14.866069,14.142136,12.727922,11.313708,11.313708,10.0,10.0,10.816654,11.661904,13.416408,14.317821,15.652476,17.0,16.643317
hoyeon_stand_normal_01,1386,462,46.20252459016393,29.998360745314464,10,0.5341319441795349,0.6668804883956909,-0.0710171163082122,0.9989900588989258,0.5385242104530334,0.6802821755409241,-0.0626755729317665,0.9982115626335144,0.5393998622894287,0.680831789970398,-0.0626829043030738,0.9979223608970642,0.540379524230957,0.6814075708389282,-0.0626526772975921,0.9982585310935974,0.5390729308128357,0.6807439923286438,-0.0868683531880378,0.998457670211792,0.5402209162712097,0.6814401149749756,-0.0869008973240852,0.998464584350586,0.5414430499076843,0.6820217370986938,-0.0869759395718574,0.9986383318901062,0.5488561391830444,0.6770386099815369,-0.0115772373974323,0.9958083033561708,0.5492236614227295,0.6764377355575562,-0.1207171753048896,0.998444139957428,0.5373232960700989,0.6544190049171448,-0.0486777015030384,0.9988051652908324,0.5384138226509094,0.6541640162467957,-0.0802339240908622,0.9991074800491332,0.5567671656608582,0.6032055616378784,0.0692299753427505,0.9992027282714844,0.5610383749008179,0.6080245971679688,-0.1726865321397781,0.9999411702156068,0.5553833842277527,0.4991049170494079,0.0900199338793754,0.1196038126945495,0.5584527850151062,0.5054140090942383,-0.2020985186100006,0.986255705356598,0.5578610301017761,0.4224661886692047,0.0337217524647712,0.3085079491138458,0.5435621738433838,0.4164471328258514,-0.1948713660240173,0.9710325598716736,0.5607616305351257,0.3958911895751953,0.0267639439553022,0.2936667799949646,0.5440545678138733,0.3883849680423736,-0.2178075313568115,0.9496851563453674,0.5547730326652527,0.3917576670646667,0.0089972959831357,0.3006083071231842,0.5401580333709717,0.3868339359760284,-0.2182590514421463,0.9460518956184388,0.5542422533035278,0.4014422297477722,0.0233738794922828,0.2796261608600616,0.5393545031547546,0.395541101694107,-0.1938641518354416,0.91949200630188,0.5527392625808716,0.4219178557395935,0.0719658210873603,0.9976158738136292,0.5561035871505737,0.4257643520832062,-0.0720312967896461,0.9979575872421264,0.5494428873062134,0.2804396152496338,0.077737420797348,0.2858083844184875,0.555259108543396,0.2799581587314605,-0.0559874698519706,0.8203814625740051,0.5466700196266174,0.1378089189529419,0.1270008087158203,0.4080559611320495,0.5495748519897461,0.1328667253255844,-0.0042084734886884,0.8608601093292236,0.5500030517578125,0.1140607371926307,0.1272157728672027,0.5351582169532776,0.5539910793304443,0.1014115065336227,-0.0033499156124889,0.8155580759048462,0.5242353081703186,0.1156497523188591,0.0744105204939842,0.607053816318512,0.5268595814704895,0.1067187935113906,-0.0724190548062324,0.8805404901504517,hoyeon_stand_normal_01,22.803509,23.021729,21.470911,19.313208,15.811388,11.7047,9.433981,7.071068,7.28011,8.062258,10.049876,12.041595,14.035669,16.03122,18.0,19.026298,21.095023,21.377558,20.615528,19.924859,18.027756,14.56022,12.041595,10.440307,12.806248,16.970563,10.0,11.045361,13.152946,13.601471,13.928388,13.416408,12.529964,11.18034,9.848858,8.544004,8.246211,8.062258,8.062258,9.055385,10.049876,10.049876,10.049876,10.049876,11.045361,10.198039,9.486833,10.29563,11.401754,14.142136,17.691806,20.518285,9.433981,9.219544,10.29563,11.401754,12.165525,14.035669,15.0,16.03122,17.117243,17.117243,18.11077,18.11077,18.027756,18.027756,18.027756,16.03122,15.033296,13.038405,10.198039,7.615773,6.403124,8.246211,11.045361,14.317821,16.492423,19.416488,11.045361,13.152946,15.524175,16.155494,17.0,15.811388,14.21267,12.041595,8.602325,5.385165,2.0,1.414214,4.123106,6.324555,9.219544,11.045361,13.0,15.033296,16.124515,17.262677,17.262677,17.464249,16.492423,15.297059,13.152946,12.0,14.422205,15.620499,16.401219,16.401219,16.401219,15.811388,13.892444,12.529964,12.083046,9.848858,8.062258,6.403124,5.0,5.09902,6.082763,8.544004,10.77033,14.317821,16.552945,19.313208,20.248457,20.880613,19.646883,18.439089,17.262677,14.142136,11.7047,13.601471,14.56022,15.524175,15.297059,14.142136,13.152946,11.18034,9.219544,7.615773,6.403124,5.656854,5.385165,6.082763,7.0,8.0,9.0,10.0,10.0,10.0,11.0,11.0,11.045361,11.18034,11.7047,12.083046
hoyeon_stand_normal_01,1389,463,46.302530054644805,29.998360745314464,10,0.5342077016830444,0.6671085357666016,-0.0709534212946891,0.9989736676216124,0.5386591553688049,0.6806097030639648,-0.0625967010855674,0.9981777667999268,0.5395334362983704,0.6811423301696777,-0.062604047358036,0.9978870749473572,0.540514349937439,0.6817073225975037,-0.0625735893845558,0.9982303977012634,0.5391952991485596,0.6810452342033386,-0.0868334397673606,0.9984313249588012,0.5403327941894531,0.6817068457603455,-0.0868657678365707,0.9984400868415833,0.5415491461753845,0.6822766661643982,-0.086941160261631,0.9986153244972228,0.54900723695755,0.677241325378418,-0.0115425279363989,0.9957261085510254,0.5493427515029907,0.6766486763954163,-0.1207667663693428,0.9984135031700134,0.537421464920044,0.6546439528465271,-0.0486259870231151,0.9987837076187134,0.5384833812713623,0.6544173955917358,-0.0802246406674385,0.9990918040275574,0.5568181276321411,0.6032959818840027,0.0697740763425827,0.9991918802261353,0.5610750913619995,0.6080820560455322,-0.1731400787830352,0.9999409317970276,0.5554467439651489,0.4992311894893646,0.0913174897432327,0.1182758286595344,0.5584836602210999,0.5054944157600403,-0.2028150856494903,0.9862398505210876,0.5579221248626709,0.4225315451622009,0.036331795156002,0.3066495060920715,0.5435559749603271,0.4164638221263885,-0.1976014822721481,0.971027970314026,0.5607659816741943,0.3959041237831116,0.0301975347101688,0.2923391461372375,0.5440464615821838,0.3884033262729645,-0.221161350607872,0.9497218728065492,0.5547720789909363,0.3917774260044098,0.0120165813714265,0.2992382347583771,0.5401486158370972,0.3868625164031982,-0.2211602330207824,0.9460675716400146,0.5542536973953247,0.4014539420604706,0.0258860290050506,0.2784061729907989,0.5393343567848206,0.3955660462379455,-0.1965206116437912,0.9194295406341552,0.5527356863021851,0.4221753776073456,0.0726208984851837,0.997614562511444,0.5560749769210815,0.425987035036087,-0.0726932510733604,0.9979590773582458,0.5494349598884583,0.2805910408496856,0.0776794105768203,0.2856006324291229,0.5551880598068237,0.2801876664161682,-0.0575894266366958,0.8234049677848816,0.546660304069519,0.1378117203712463,0.1268612742424011,0.4094479978084564,0.549501359462738,0.1328554451465606,-0.0083192130550742,0.8633409142494202,0.5500174164772034,0.1140728816390037,0.1270772218704223,0.536561906337738,0.5539668798446655,0.1014188379049301,-0.0077765765599906,0.8179941773414612,0.5241521000862122,0.1156557723879814,0.0742010772228241,0.6088815331459045,0.5266912579536438,0.1067058369517326,-0.0773375555872917,0.8824756145477295,hoyeon_stand_normal_01,21.18962,19.646883,19.235384,17.029386,14.0,11.0,7.071068,5.830952,5.830952,7.28011,9.219544,11.045361,12.165525,14.317821,15.524175,17.720045,18.027756,19.697716,18.788294,17.492856,15.264338,12.529964,9.486833,9.055385,11.18034,15.0,8.544004,10.29563,10.816654,12.041595,12.727922,12.041595,11.401754,10.0,8.602325,7.071068,6.403124,6.708204,7.28011,7.28011,8.246211,9.219544,9.486833,9.486833,9.486833,8.246211,8.062258,8.062258,9.486833,12.529964,15.264338,18.35756,8.944272,10.049876,11.045361,12.369317,13.601471,14.317821,16.124515,16.124515,17.492856,18.027756,18.027756,18.027756,18.027756,17.492856,17.492856,16.124515,15.264338,13.601471,11.313708,8.602325,8.062258,9.486833,12.529964,15.811388,18.601075,20.808652,11.7047,13.601471,16.124515,17.029386,18.11077,16.278821,14.866069,12.529964,8.602325,6.403124,3.162278,1.0,3.605551,6.403124,8.602325,11.661904,12.529964,15.231546,15.811388,16.492423,17.464249,16.492423,15.297059,14.317821,11.7047,10.29563,13.601471,14.422205,15.264338,15.264338,15.811388,15.0,14.21267,12.041595,11.313708,9.899495,8.485281,5.656854,4.472136,4.0,5.385165,7.81025,10.630146,12.727922,15.556349,17.691806,19.209373,20.0,19.416488,18.027756,16.124515,13.416408,12.806248,14.21267,15.620499,16.278821,16.278821,15.556349,14.866069,12.727922,10.630146,8.602325,7.615773,6.324555,6.0,6.082763,7.28011,8.544004,8.544004,9.848858,9.848858,10.77033,10.77033,10.77033,11.18034,10.816654,11.401754,12.041595
hoyeon_stand_normal_01,1392,464,46.402535519125685,29.998360745314464,10,0.5342444777488708,0.6674843430519104,-0.0716295540332794,0.9989586472511292,0.5387604832649231,0.6810315847396851,-0.0633342340588569,0.9981520771980286,0.5396373867988586,0.6815486550331116,-0.0633410736918449,0.9978566765785216,0.5406234264373779,0.6821138262748718,-0.0633108764886856,0.998205304145813,0.5392748713493347,0.6814367175102234,-0.0876537710428237,0.998410701751709,0.5404007434844971,0.6820642948150635,-0.087686650454998,0.9984189867973328,0.5416114330291748,0.6826298832893372,-0.0877640917897224,0.9985988736152648,0.5491060614585876,0.6775227189064026,-0.0123622883111238,0.9956572651863098,0.5494086742401123,0.6769143342971802,-0.1219915151596069,0.9983943104743958,0.5374752283096313,0.6550039052963257,-0.0493103004992008,0.9987664222717284,0.5385056734085083,0.6548402309417725,-0.0810168236494064,0.9990814924240112,0.5568240880966187,0.6033884286880493,0.0692886114120483,0.9991846084594728,0.5611013174057007,0.6081065535545349,-0.1741243302822113,0.9999405741691588,0.555448591709137,0.4993534088134765,0.091001458466053,0.1173262894153595,0.5585202574729919,0.5055073499679565,-0.2030181437730789,0.9861758351325988,0.5578761696815491,0.4225802719593048,0.0355919934809207,0.3057117164134979,0.5435564517974854,0.4164697825908661,-0.197319284081459,0.9709466099739076,0.5606710314750671,0.3959138095378876,0.0292188171297311,0.2915906310081482,0.5440465807914734,0.3884075582027435,-0.2206525802612304,0.9496015310287476,0.5546479821205139,0.3917965888977051,0.0111126136034727,0.2985138595104217,0.5401439070701599,0.3868782818317413,-0.2208327800035476,0.9459325075149536,0.5541099905967712,0.4015246629714966,0.0251249745488166,0.277715802192688,0.5393138527870178,0.3955807983875274,-0.1962508559226989,0.9192565679550172,0.5527307987213135,0.4223257303237915,0.0725554674863815,0.9976049065589904,0.5560932755470276,0.4260793030261993,-0.0726270452141761,0.9979534149169922,0.5494334101676941,0.2806779742240906,0.0776001960039138,0.2857471108436584,0.5551857352256775,0.2803380191326141,-0.0575902089476585,0.8231630325317383,0.5466603636741638,0.1377958953380584,0.1267731934785843,0.4096952676773071,0.5494799017906189,0.1328289657831192,-0.0079324459657073,0.863100528717041,0.5500218868255615,0.1140656694769859,0.1269836127758026,0.5364086627960205,0.5539277195930481,0.1014481261372566,-0.0072826873511075,0.8172997832298279,0.5241498947143555,0.115535594522953,0.0740243196487426,0.608971357345581,0.5267638564109802,0.1065656691789627,-0.077024444937706,0.8823006749153137,hoyeon_stand_normal_01,21.540659,20.880613,20.396078,17.117243,15.033296,12.041595,9.219544,6.708204,7.071068,7.615773,9.486833,11.401754,12.649111,14.56022,15.811388,17.464249,18.788294,19.235384,18.867962,18.027756,15.811388,13.601471,10.77033,10.049876,11.401754,14.317821,9.219544,11.401754,12.083046,13.416408,13.601471,12.806248,12.041595,10.630146,9.219544,8.602325,8.062258,7.28011,8.246211,8.062258,9.055385,10.049876,10.198039,10.198039,10.198039,10.049876,10.0,10.049876,10.77033,13.416408,16.124515,17.888544,17.873900499999998,17.462348,17.2468175,15.458779,14.2299785,12.4467235,10.815073,8.8011625,6.889636,5.733964,4.6708305,4.561553,5.464986,7.4772075,9.81601,12.27735,15.1685925,17.2559945,19.350413000000003,20.6066015,21.584666,21.828025500000003,20.1693055,18.519551,16.658,13.464194,7.440659,5.377937,3.6213205,1.9142135,4.0,7.284022,9.346202,10.700877,12.1240755,12.2857795,12.841455,12.2261815,11.086042,10.1285815,8.551303,6.9701640000000005,4.9286505,2.9953525,2.118034,3.236068,6.0439545,8.348968,11.3245555,13.952237,15.59263,16.643317,13.453624,14.21267,15.0,15.811388,15.620499,14.21267,14.142136,12.727922,10.630146,9.219544,7.81025,6.403124,4.472136,4.0,5.385165,7.211103,10.630146,13.453624,14.866069,18.439089,19.209373,20.0,19.723083,18.35756,15.652476,13.416408,13.453624,14.21267,15.620499,16.401219,16.643317,15.264338,14.422205,13.038405,10.816654,9.219544,7.81025,6.708204,6.082763,7.0,7.071068,8.246211,9.219544,9.219544,10.198039,10.440307,11.18034,11.401754,11.401754,10.77033,11.661904,12.041595
hoyeon_stand_normal_01,1395,465,46.50254098360656,29.998360745314464,10,0.5342706441879272,0.6676869988441467,-0.071604810655117,0.998928427696228,0.5388110280036926,0.6812875270843506,-0.0632759407162666,0.9980985522270204,0.5396863222122192,0.6817852854728699,-0.0632829144597053,0.9977964162826538,0.5406716465950012,0.6823388934135437,-0.0632524043321609,0.9981541037559508,0.5393227338790894,0.6817046999931335,-0.0876471251249313,0.998364508152008,0.5404440760612488,0.6823164820671082,-0.0876799002289772,0.9983732104301452,0.5416523814201355,0.6828815937042236,-0.0877570360898971,0.9985593557357788,0.5491676926612854,0.6776992082595825,-0.0121309729292988,0.9955232739448548,0.5494634509086609,0.677121102809906,-0.1220122128725051,0.9983531832695008,0.5375012755393982,0.6551575064659119,-0.0492417924106121,0.998728096485138,0.5385231375694275,0.6550229787826538,-0.081012986600399,0.9990569949150084,0.5569053292274475,0.6034629344940186,0.070244088768959,0.999171793460846,0.5611059665679932,0.6081995368003845,-0.1747054308652877,0.9999403357505798,0.5554764866828918,0.4994719326496124,0.0916604548692703,0.1147184148430824,0.5585280060768127,0.5056349039077759,-0.2037095576524734,0.9861122369766236,0.5578925609588623,0.4226073622703552,0.0357123091816902,0.3012404441833496,0.5436170101165771,0.4165319204330444,-0.1973566710948944,0.9707251787185668,0.5607367157936096,0.3959163427352905,0.0293267536908388,0.2880493998527527,0.5440911054611206,0.3884247839450836,-0.2207667678594589,0.9492568969726562,0.5546553730964661,0.3917987048625946,0.0111770443618297,0.2948972284793854,0.5401720404624939,0.3868862092494964,-0.2208561152219772,0.945549488067627,0.554109513759613,0.4015263020992279,0.0251980479806661,0.2743832170963287,0.5393423438072205,0.3956039845943451,-0.1962640583515167,0.9187484383583068,0.5527679920196533,0.4222798943519592,0.0729471072554588,0.9976017475128174,0.5561035871505737,0.4260442554950714,-0.0730155929923057,0.9979516267776488,0.5494624972343445,0.2807210385799408,0.0801986157894134,0.2857155799865722,0.5552036166191101,0.2804180383682251,-0.0572038404643535,0.824731707572937,0.5466554760932922,0.1378038376569748,0.1321638375520706,0.4104044139385223,0.5493964552879333,0.1328088492155075,-0.0051440973766148,0.8643962740898132,0.5500215291976929,0.1141432300209999,0.1326054632663726,0.5375943779945374,0.5539356470108032,0.1014455258846283,-0.004173036199063,0.8186782002449036,0.5241478681564331,0.1154531314969062,0.0795134082436561,0.6100967526435852,0.5267751812934875,0.1063965111970901,-0.074060820043087,0.8833826184272766,hoyeon_stand_normal_01,9.055385,8.944272,9.899495,12.206556,13.601471,15.0,15.0,15.0,14.21267,12.806248,11.313708,9.219544,8.602325,6.708204,6.082763,5.385165,7.211103,10.0,13.038405,17.0,21.095023,23.853721,26.400758,27.586228,26.248809,24.413111,9.433981,8.944272,7.615773,7.28011,8.0,8.062258,9.486833,9.486833,10.77033,11.7047,10.77033,10.440307,9.486833,8.544004,7.211103,6.403124,6.403124,7.615773,9.486833,11.18034,13.152946,14.317821,15.297059,14.56022,14.56022,12.369317,18.027756,18.11077,17.117243,16.124515,15.297059,13.341664,11.7047,9.848858,8.062258,6.403124,5.830952,5.09902,6.082763,7.211103,9.219544,11.313708,14.21267,16.278821,18.439089,19.849433,20.518285,21.213203,20.518285,18.439089,16.401219,13.038405,8.0,6.0,4.123106,2.0,1.0,4.123106,6.708204,8.062258,9.433981,10.630146,11.313708,10.630146,10.0,9.433981,7.211103,6.708204,4.472136,2.236068,1.0,3.0,5.0,8.062258,11.045361,13.0,15.033296,17.0,15.297059,14.317821,12.369317,10.77033,9.433981,8.485281,9.433981,11.18034,12.083046,13.892444,15.264338,16.401219,17.029386,18.384776,18.601075,18.867962,18.35756,16.552945,14.317821,11.18034,8.602325,5.830952,7.071068,9.848858,12.529964,15.264338,8.944272,8.062258,5.656854,6.324555,7.071068,9.486833,11.7047,13.0,14.866069,15.811388,15.524175,15.297059,14.142136,13.038405,12.041595,12.0,11.045361,10.049876,10.198039,11.401754,11.7047,13.0,14.866069,16.155494,16.763055,17.720045
hoyeon_stand_normal_01,1398,466,46.60254644808743,29.998360745314464,10,0.5342847108840942,0.6677718162536621,-0.072052851319313,0.9988960027694702,0.538831353187561,0.6813752055168152,-0.063621312379837,0.9980412125587464,0.5397027134895325,0.6818639039993286,-0.0636289864778518,0.9977312088012696,0.5406855940818787,0.682411253452301,-0.0635979995131492,0.9980989098548888,0.5393526554107666,0.6818049550056458,-0.088121511042118,0.9983134269714355,0.5404759049415588,0.682411789894104,-0.0881543830037117,0.9983215928077698,0.5416874289512634,0.682975709438324,-0.0882318541407585,0.99851393699646,0.5492017865180969,0.6777535676956177,-0.0122315920889377,0.99538654088974,0.5495091676712036,0.67718106508255,-0.1226102486252784,0.998306691646576,0.5375043153762817,0.6551998853683472,-0.0495547428727149,0.9986908435821532,0.5385286808013916,0.6550666093826294,-0.0814914405345916,0.9990311861038208,0.5569917559623718,0.6034847497940063,0.0702231302857399,0.999163031578064,0.5611317753791809,0.6082587242126465,-0.1757041364908218,0.9999404549598694,0.555584728717804,0.4994992315769195,0.0914680212736129,0.1126764342188835,0.5585392713546753,0.5056940913200378,-0.2048062682151794,0.9860602021217346,0.5583924055099487,0.4226715862751007,0.0348768681287765,0.2978458404541015,0.5437033176422119,0.4165445566177368,-0.1982101500034332,0.9705979228019714,0.5614766478538513,0.3960045278072357,0.0282784681767225,0.285428524017334,0.5441323518753052,0.3884294927120209,-0.2220305949449539,0.9490588307380676,0.5554392337799072,0.3919073343276977,0.0101873027160763,0.2922082245349884,0.5402525067329407,0.3868885040283203,-0.2219218164682388,0.9453082084655762,0.5548232197761536,0.4015933275222778,0.0243573654443025,0.271905243396759,0.5394454598426819,0.3956091701984405,-0.1970695108175277,0.918423593044281,0.552821695804596,0.4220685362815857,0.0732664689421653,0.9976192712783812,0.5561119914054871,0.4259324371814728,-0.0733347088098526,0.9979678988456726,0.5494650602340698,0.2807007730007171,0.0851257592439651,0.2839876413345337,0.5552047491073608,0.2803979218006134,-0.0538441091775894,0.8253384232521057,0.5466715693473816,0.1378062963485717,0.1411250978708267,0.4101670384407043,0.5493686199188232,0.1327458620071411,0.0031677929218858,0.8651583194732666,0.5500286817550659,0.1142087504267692,0.1420349478721618,0.5387783050537109,0.5538928508758545,0.1014211699366569,0.0046440460719168,0.819909930229187,0.5241449475288391,0.1154513880610466,0.0899084582924842,0.6109156608581543,0.526630699634552,0.1064542531967163,-0.0645360872149467,0.8840962052345276,hoyeon_stand_normal_01,20.024984,20.024984,19.104973,16.278821,13.341664,10.440307,8.062258,6.082763,6.403124,7.211103,8.944272,10.77033,12.083046,14.764823,15.264338,16.643317,18.601075,18.439089,18.384776,17.691806,14.866069,12.727922,9.433981,9.055385,11.18034,14.866069,8.602325,10.630146,12.041595,12.806248,13.038405,13.416408,12.083046,10.440307,8.544004,7.615773,6.403124,7.071068,7.211103,8.062258,8.062258,8.944272,9.433981,9.433981,9.433981,9.433981,8.544004,8.246211,10.0,11.18034,14.317821,17.464249,9.433981,10.440307,11.045361,11.045361,12.165525,13.601471,15.231546,15.231546,16.552945,17.0,17.0,17.888544,17.888544,17.464249,16.552945,16.155494,15.231546,13.0,10.29563,8.485281,7.28011,8.062258,10.77033,14.317821,17.0,19.697716,11.661904,13.416408,16.155494,16.492423,17.117243,16.0,14.142136,11.401754,8.544004,5.385165,2.236068,1.414214,4.242641,7.071068,8.602325,10.816654,12.529964,14.317821,16.155494,16.763055,16.763055,16.492423,16.492423,14.56022,13.0,11.18034,14.5184535,14.644137,14.269655,13.333046,12.556598,12.125828,12.2308845,12.041523,12.385165,12.2434165,11.8234965,11.970861,11.8295645,12.0239825,12.8902395,13.889694,15.246706499999998,15.761236,16.044003500000002,15.590111,14.4345655,13.481688,13.509326,14.6278715,14.8476145,14.897306,11.280604,11.254081,11.180792,11.301688,12.36342,13.330683,13.880609,14.297377,13.662091,12.6377985,11.5547115,11.5232205,10.82117,10.544689,10.1084995,9.905037,10.072652,10.440724,10.725815,11.119817,11.388899,12.096006,12.8031125,13.539631,14.291407499999998,14.54678
hoyeon_stand_normal_01,1401,467,46.7025519125683,29.998360745314464,10,0.5342973470687866,0.6677784323692322,-0.0720862001180648,0.9988747239112854,0.5388495326042175,0.6813760995864868,-0.0636390373110771,0.998003363609314,0.5397189259529114,0.6818646788597107,-0.0636467710137367,0.9976877570152284,0.5407006144523621,0.6824117302894592,-0.0636155754327774,0.9980611205101012,0.5393791794776917,0.6818084716796875,-0.0881640464067459,0.9982802271842957,0.54050612449646,0.6824155449867249,-0.0881968885660171,0.9982879757881165,0.5417206287384033,0.6829792857170105,-0.0882743895053863,0.9984850883483888,0.549224853515625,0.6777539253234863,-0.0122014926746487,0.9952887892723083,0.5495471954345703,0.6771817207336426,-0.1226291730999946,0.9982755780220032,0.537509560585022,0.65520179271698,-0.0495589114725589,0.9986632466316224,0.538533627986908,0.6550647616386414,-0.0815198197960853,0.9990143179893494,0.5570064187049866,0.6034938097000122,0.0703187137842178,0.9991538524627686,0.5611949563026428,0.608298659324646,-0.1757282316684723,0.9999405741691588,0.5556093454360962,0.4995343387126922,0.0914496481418609,0.1109232306480407,0.5586079955101013,0.5058609247207642,-0.2048023492097854,0.9860517382621764,0.5586904883384705,0.4227714240550995,0.0344327837228775,0.2948000729084015,0.5438842177391052,0.4166090190410614,-0.1981432884931564,0.9705016016960144,0.5616806149482727,0.3960422873497009,0.0275479666888713,0.2830028533935547,0.5442354083061218,0.388475626707077,-0.2219480872154235,0.9488523602485656,0.5557529926300049,0.3919728100299835,0.0094791855663061,0.2897632420063019,0.5404337644577026,0.3869353532791137,-0.2218657433986663,0.9450503587722778,0.5551927089691162,0.4016354084014892,0.023889422416687,0.2696599662303924,0.5396625995635986,0.395657479763031,-0.1970112323760986,0.9180708527565002,0.5528776049613953,0.4218447804450989,0.0732589736580848,0.9976341128349304,0.5562764406204224,0.4258782267570495,-0.0733257681131362,0.997982382774353,0.5494526028633118,0.2807371020317077,0.0851959213614463,0.2830498218536377,0.555124819278717,0.2804331183433532,-0.0528340078890323,0.8255658149719238,0.5467244982719421,0.1377963125705719,0.1404883861541748,0.4106291830539703,0.5493667125701904,0.1326845735311508,0.0043637505732476,0.8658292293548584,0.5500911474227905,0.114211767911911,0.1412892788648605,0.5404062271118164,0.5538656711578369,0.1014008224010467,0.0057716998271644,0.820822536945343,0.5241817831993103,0.1154447346925735,0.088712640106678,0.6122552752494812,0.5266543030738831,0.1065445393323898,-0.0638657361268997,0.8847866654396057,hoyeon_stand_normal_01,10.816654,11.401754,13.0,15.132746,17.262677,19.104973,19.104973,19.026298,18.027756,17.0,15.0,14.035669,11.045361,9.219544,8.062258,7.81025,9.486833,12.041595,16.03122,20.099751,25.079872,29.068884,32.015621,33.24154,32.756679,30.083218,10.440307,10.440307,8.544004,7.211103,7.81025,8.062258,9.486833,10.440307,11.401754,12.369317,11.7047,11.7047,10.440307,9.219544,8.062258,8.0,8.246211,8.944272,10.816654,13.038405,15.0,17.204651,18.027756,18.027756,18.027756,15.811388,9.219544,10.77033,11.401754,12.041595,13.038405,14.142136,15.524175,16.492423,16.763055,18.027756,18.027756,18.027756,17.720045,17.720045,17.720045,16.492423,15.524175,13.601471,10.77033,8.602325,7.615773,9.055385,11.401754,14.866069,18.384776,19.924859,12.083046,14.56022,16.278821,17.029386,18.027756,17.262677,14.56022,12.083046,8.602325,5.0,2.236068,1.414214,4.242641,7.211103,10.29563,12.083046,13.601471,15.524175,16.278821,17.262677,18.11077,18.027756,17.117243,15.132746,14.317821,11.7047,13.341664,13.601471,14.56022,15.524175,14.56022,14.317821,13.152946,12.165525,10.049876,9.0,7.0,5.09902,3.605551,3.605551,5.09902,8.0,11.045361,13.152946,16.124515,18.027756,20.024984,20.0,19.026298,18.11077,16.124515,13.152946,13.038405,15.033296,15.132746,16.124515,16.278821,15.297059,14.317821,12.165525,10.049876,8.0,7.071068,6.324555,5.830952,5.656854,6.403124,8.062258,8.062258,8.944272,8.944272,9.848858,9.848858,9.848858,10.77033,10.198039,10.049876,11.0
hoyeon_stand_normal_01,1404,468,46.802557377049176,29.998360745314464,10,0.5343099236488342,0.6677801609039307,-0.0720479264855384,0.9988478422164916,0.5388608574867249,0.6813760995864868,-0.0635946542024612,0.9979572892189026,0.539728045463562,0.681864857673645,-0.0636023730039596,0.9976330399513244,0.5407077074050903,0.6824119091033936,-0.0635708421468734,0.9980133175849916,0.5393946170806885,0.6818094253540039,-0.088157944381237,0.998241126537323,0.540522575378418,0.6824169754981995,-0.0881908908486366,0.9982485175132751,0.5417381525039673,0.6829806566238403,-0.0882686898112297,0.9984525442123412,0.5492340922355652,0.6777559518814087,-0.0119800213724374,0.995162844657898,0.5495665669441223,0.6771833300590515,-0.1226061210036277,0.9982424974441528,0.5375138521194458,0.6552000045776367,-0.0494660250842571,0.998629093170166,0.5385380387306213,0.6550589799880981,-0.0814901664853096,0.9989951252937316,0.557016134262085,0.6034999489784241,0.0708263739943504,0.9991422295570374,0.5612285137176514,0.6083239912986755,-0.1757232248783111,0.9999406337738036,0.5556151866912842,0.4995532035827636,0.0917747318744659,0.1086449027061462,0.5586463809013367,0.5059453845024109,-0.2047289460897445,0.9860429763793944,0.5586868524551392,0.4228232204914093,0.0343853868544101,0.2904407083988189,0.5440350770950317,0.4166731834411621,-0.197549894452095,0.9703708291053772,0.5616267919540405,0.3960464298725128,0.0273796413093805,0.2794559597969055,0.5443280339241028,0.3885309398174286,-0.2213302701711654,0.9485880136489868,0.5557235479354858,0.3919779062271118,0.0093195047229528,0.286192387342453,0.5405799746513367,0.3869819641113281,-0.2212895303964615,0.9447354078292848,0.5551723837852478,0.4016443192958832,0.0238163396716117,0.2664134204387665,0.5398299694061279,0.3957091271877289,-0.1963911801576614,0.9176604747772216,0.5528906583786011,0.4216469526290893,0.0732680559158325,0.997636377811432,0.5564041137695312,0.4257847964763641,-0.0733328685164451,0.997987985610962,0.549392819404602,0.2807711660861969,0.0849571377038955,0.2816502451896667,0.5550886392593384,0.2804508209228515,-0.052780594676733,0.8248543739318848,0.5467895269393921,0.1377982646226883,0.1395221501588821,0.4097985029220581,0.5494097471237183,0.1326825320720672,0.0040017613209784,0.8657459020614624,0.5501579642295837,0.1142579391598701,0.1402241885662078,0.5408262610435486,0.5538710951805115,0.101255252957344,0.0053467163816094,0.821074366569519,0.5242162346839905,0.1154256239533424,0.0873741880059242,0.6123806238174438,0.5266982316970825,0.1065549179911613,-0.0645559951663017,0.8849429488182068,hoyeon_stand_normal_01,8.602325,8.544004,10.0,11.045361,13.152946,14.142136,14.142136,14.035669,14.035669,12.0,11.0,10.0,8.062258,6.082763,5.830952,5.0,6.082763,8.062258,11.18034,14.56022,17.464249,20.396078,22.203603,23.021729,23.021729,21.213203,8.246211,7.28011,6.708204,5.830952,6.403124,6.708204,7.615773,8.544004,9.486833,9.486833,9.486833,9.486833,8.544004,7.28011,7.071068,7.0,6.324555,7.615773,8.944272,10.816654,12.206556,13.601471,14.422205,13.892444,13.892444,11.661904,9.433981,9.219544,9.433981,10.440307,12.165525,13.038405,14.0,15.033296,16.124515,16.124515,17.117243,17.117243,17.117243,17.117243,16.03122,15.033296,14.035669,12.041595,9.219544,7.211103,6.708204,8.0,11.401754,14.56022,17.720045,20.396078,12.0,14.142136,17.464249,18.027756,17.888544,16.643317,15.0,12.727922,9.219544,5.830952,2.236068,1.0,4.123106,6.082763,9.055385,12.0,13.038405,15.132746,16.278821,17.464249,17.464249,17.720045,16.492423,14.317821,13.152946,11.0,15.652476,14.764823,12.083046,10.440307,9.0,9.219544,10.77033,12.529964,13.416408,14.317821,16.155494,17.720045,18.439089,19.104973,19.0,19.026298,19.235384,16.492423,13.341664,10.198039,7.0,5.830952,7.615773,11.045361,14.035669,17.029386,8.944272,7.28011,5.0,5.830952,7.211103,9.848858,12.083046,14.866069,15.231546,17.0,16.124515,15.811388,15.0,14.21267,13.453624,12.041595,10.630146,10.0,10.816654,11.18034,12.083046,13.0,14.866069,17.088007,17.464249,16.552945
hoyeon_stand_normal_01,1407,469,46.902562841530056,29.998360745314464,10,0.5343418121337891,0.6678673624992371,-0.071748599410057,0.99882972240448,0.5389023423194885,0.6814699172973633,-0.0632819235324859,0.9979257583618164,0.5397661924362183,0.6819537281990051,-0.0632897764444351,0.997596561908722,0.5407435894012451,0.6825002431869507,-0.0632578358054161,0.997982382774353,0.5394381284713745,0.6818903684616089,-0.0879044160246849,0.9982150197029114,0.540564239025116,0.6824852824211121,-0.0879374593496322,0.9982225298881532,0.5417796969413757,0.6830430626869202,-0.0880157500505447,0.9984313249588012,0.5492663979530334,0.6777979731559753,-0.0115604158490896,0.9950823783874512,0.5496083498001099,0.6772185564041138,-0.122446209192276,0.9982210993766784,0.5375298261642456,0.6552632451057434,-0.0491376854479312,0.9986079931259156,0.5385525822639465,0.6551181077957153,-0.0812315717339515,0.9989835023880004,0.5570192933082581,0.603509247303009,0.071325734257698,0.9991322159767152,0.5612782835960388,0.6083414554595947,-0.1756863445043563,0.9999406933784484,0.5556167364120483,0.4996062815189361,0.0921364724636077,0.1066956967115402,0.5586922764778137,0.5059985518455505,-0.2046841830015182,0.986034333705902,0.5586827993392944,0.4229512512683868,0.0344008840620517,0.2868162095546722,0.5440953373908997,0.4167532622814178,-0.1970775872468948,0.9702154397964478,0.561610996723175,0.3960572779178619,0.027420399710536,0.2764954268932342,0.5443803071975708,0.3885828256607055,-0.2208076864480972,0.9482927918434144,0.5557069182395935,0.3920314610004425,0.0093698259443044,0.2832188606262207,0.5406680703163147,0.3870434761047363,-0.2208362966775894,0.9443873763084412,0.5551665425300598,0.4018522799015045,0.023844588547945,0.2636772990226745,0.5399236083030701,0.3957895934581756,-0.1959342211484909,0.9172146320343018,0.5528826117515564,0.4215622842311859,0.0732898563146591,0.9976370930671692,0.5564709901809692,0.4257502853870392,-0.073352612555027,0.9979917407035828,0.5493593811988831,0.2807738184928894,0.0843328982591629,0.2805939018726349,0.5550875067710876,0.2804345190525055,-0.0530025288462638,0.8251370787620544,0.5467482805252075,0.1378132402896881,0.1380462795495987,0.409452736377716,0.5494002103805542,0.132683590054512,0.0027662629727274,0.8660434484481812,0.5501166582107544,0.1143016144633293,0.1386657804250717,0.5411942601203918,0.5538610816001892,0.1011396348476409,0.0040091820992529,0.8215482831001282,0.5242034792900085,0.115427516400814,0.0858718603849411,0.612826406955719,0.5266073942184448,0.1066351607441902,-0.0656603872776031,0.8853374719619751,hoyeon_stand_normal_01,9.219544,9.0,10.440307,11.18034,12.529964,13.892444,14.764823,14.764823,13.416408,12.083046,11.7047,9.848858,8.062258,7.211103,5.656854,5.385165,6.082763,7.615773,10.816654,15.0,18.601075,21.633308,22.825424,24.166092,24.041631,21.587033,8.485281,8.485281,7.071068,6.708204,6.324555,7.0,8.062258,9.219544,10.198039,10.049876,10.049876,10.049876,9.055385,8.062258,7.28011,7.615773,7.211103,7.81025,9.219544,10.816654,12.529964,13.892444,14.764823,14.422205,14.422205,13.038405,18.384776,18.384776,17.888544,16.552945,14.764823,13.892444,11.661904,10.0,7.81025,5.830952,4.472136,4.123106,5.0,6.403124,9.433981,12.083046,13.928388,16.552945,18.788294,20.124612,21.095023,21.095023,19.416488,17.804494,15.620499,12.727922,7.071068,5.656854,2.828427,2.236068,5.09902,8.062258,10.0,11.045361,12.165525,12.369317,12.369317,11.7047,9.848858,8.544004,7.615773,5.385165,4.123106,2.236068,3.162278,5.09902,8.246211,10.77033,13.0,15.231546,16.155494,11.09017,16.124515,14.422205,11.661904,10.77033,8.246211,9.0,9.219544,10.77033,12.649111,14.866069,15.811388,16.492423,17.117243,18.0,20.099751,19.235384,18.681542,16.763055,13.928388,11.401754,7.071068,5.385165,6.708204,9.219544,13.038405,15.132746,9.848858,8.246211,6.0,5.830952,7.81025,10.29563,12.529964,14.317821,16.124515,16.124515,16.643317,16.401219,15.0,13.453624,12.727922,12.727922,11.313708,10.630146,10.0,11.661904,12.083046,13.416408,15.231546,16.155494,17.0,17.888544
hoyeon_stand_normal_01,1410,470,47.00256830601093,29.998360745314464,10,0.5343657732009888,0.6680013537406921,-0.0710552111268043,0.9988195896148682,0.5389432907104492,0.6816099882125854,-0.0625946521759033,0.997909665107727,0.539806067943573,0.6820829510688782,-0.062602587044239,0.9975763559341432,0.5407839417457581,0.6826256513595581,-0.0625707656145095,0.9979655742645264,0.5394709706306458,0.6820171475410461,-0.0872952193021774,0.9982023239135742,0.5405910611152649,0.6825940012931824,-0.0873283594846725,0.9982094168663024,0.5418035387992859,0.6831439733505249,-0.0874068960547447,0.9984228610992432,0.5492943525314331,0.6778551340103149,-0.0108834085986018,0.9950346946716307,0.5496228337287903,0.6772688627243042,-0.1220995634794235,0.998214840888977,0.5375463962554932,0.655377209186554,-0.0484577566385269,0.9985967874526978,0.538560688495636,0.6552363038063049,-0.0806471481919288,0.9989801645278932,0.5570246577262878,0.6035153269767761,0.0720838978886604,0.9991248846054076,0.561306893825531,0.6083609461784363,-0.1755968183279037,0.999940812587738,0.5556180477142334,0.4996354281902313,0.0930372476577758,0.1049343720078468,0.5587583780288696,0.5060390830039978,-0.2043341994285583,0.9860262274742126,0.5585532784461975,0.4230564832687378,0.0347971208393573,0.2835317552089691,0.5441921949386597,0.4168248176574707,-0.1956389248371124,0.9700684547424316,0.5613178014755249,0.3960611820220947,0.0277017969638109,0.2738195359706878,0.5444527864456177,0.3886163234710693,-0.2191414088010788,0.948012351989746,0.555435299873352,0.3920429646968841,0.0096350060775876,0.2805308401584625,0.540774405002594,0.3870749771595001,-0.2192365974187851,0.9440582394599916,0.5548902153968811,0.4019864201545715,0.0241818465292453,0.2612353265285492,0.5400419235229492,0.3958317935466766,-0.1944845616817474,0.9168066382408142,0.5529061555862427,0.4214255809783935,0.0732923075556755,0.9976387619972228,0.5565224289894104,0.4256975352764129,-0.0733537822961807,0.9979940056800842,0.5493040680885315,0.2807711064815521,0.0841618105769157,0.2801121771335602,0.5550458431243896,0.2804194390773773,-0.0532661788165569,0.825597882270813,0.5467270612716675,0.1378064602613449,0.1379894614219665,0.4094220697879791,0.5493507385253906,0.1326744705438614,0.0026275096461176,0.8661622405052185,0.550096333026886,0.1143017262220382,0.1385135948657989,0.5414736866950989,0.5538579821586609,0.1010829135775566,0.003851314773783,0.8215885162353516,0.5241907835006714,0.1153950691223144,0.0855012685060501,0.6131964325904846,0.5266052484512329,0.1066633984446525,-0.0658955350518226,0.8855526447296143,hoyeon_stand_normal_01,23.90568,23.930268,22.1471625,19.512492,16.5,12.5207975,9.5526305,7.1619885,6.737096,8.744138,10.6053185,12.6846585,14.7131445,16.4496975,18.206266,19.911164,21.247353500000003,21.095023,20.9408825,19.708244,17.902863,15.1167965,11.893873,11.0,13.7649295,17.232124499999998,10.1445825,12.764982,14.593514,15.3387285,15.978784,15.6394105,14.644137,12.234076,10.408327,8.9109345,7.440659,7.413437999999999,8.0798885,8.7328775,9.7087915,10.8103235,10.8103235,12.0370085,11.5698235,10.8103235,10.6217,10.5226805,11.8855355,13.928388,17.008597,20.156622,8.602325,8.602325,9.486833,10.198039,11.0,12.041595,13.341664,14.56022,14.56022,15.524175,15.524175,16.492423,16.492423,16.492423,15.524175,14.317821,13.341664,11.401754,9.486833,7.81025,6.324555,8.062258,10.77033,13.928388,17.088007,18.973666,12.165525,14.142136,17.0,18.11077,17.464249,16.763055,14.317821,12.529964,9.219544,6.403124,2.828427,1.0,3.162278,6.324555,8.246211,11.18034,12.165525,14.035669,16.0,17.0,17.029386,17.029386,16.03122,14.035669,13.0,11.18034,13.038405,14.0,15.0,15.0,15.0,14.035669,13.152946,12.165525,10.198039,9.219544,7.28011,5.09902,4.123106,3.605551,5.385165,7.28011,10.198039,13.341664,15.297059,17.464249,18.681542,18.973666,19.313208,17.464249,15.652476,13.416408,12.369317,14.317821,14.56022,15.811388,15.811388,15.231546,13.928388,11.7047,10.440307,8.246211,7.0,6.082763,5.385165,5.830952,7.071068,7.81025,8.485281,9.219544,9.219544,10.630146,9.219544,10.0,10.0,10.29563,9.848858,11.401754
hoyeon_stand_normal_01,1413,471,47.1025737704918,29.998360745314464,10,0.5344082117080688,0.6680794358253479,-0.0699248239398002,0.9988031387329102,0.5389890074729919,0.6816775798797607,-0.0614702701568603,0.9978840351104736,0.539850115776062,0.6821397542953491,-0.0614783763885498,0.9975444674491882,0.5408259630203247,0.6826727390289307,-0.0614473633468151,0.9979398250579834,0.5395068526268005,0.6820807456970215,-0.086144357919693,0.9981797933578492,0.5406191945075989,0.682645857334137,-0.0861766636371612,0.99818617105484,0.5418244004249573,0.6831884384155273,-0.0862545147538185,0.998406171798706,0.5493037700653076,0.6778724193572998,-0.009953417815268,0.9949658513069152,0.5496276617050171,0.6773033142089844,-0.1211029514670372,0.9981979131698608,0.5375715494155884,0.6554640531539917,-0.047419499605894,0.9985752105712892,0.5385795831680298,0.6553311347961426,-0.0795811116695404,0.9989681839942932,0.5570327639579773,0.6035242080688477,0.0727703347802162,0.9991171360015868,0.5613111853599548,0.6084158420562744,-0.1748389899730682,0.999940812587738,0.5556194186210632,0.4996940195560455,0.0938429906964302,0.1030488386750221,0.5588055849075317,0.5061636567115784,-0.2035695016384124,0.9859861135482788,0.5584751963615417,0.4231115579605102,0.0360428467392921,0.2799147665500641,0.5442799925804138,0.4168725609779358,-0.1947677284479141,0.969887912273407,0.5611482262611389,0.3960639536380768,0.0291054286062717,0.2707974910736084,0.5445538759231567,0.3886606395244598,-0.218155175447464,0.9476889371871948,0.5551082491874695,0.3920470774173736,0.011022669263184,0.277463287115097,0.540885329246521,0.3871111571788788,-0.2181504815816879,0.9436987638473512,0.5545282363891602,0.4020390212535858,0.0253986902534961,0.2584351599216461,0.5401990413665771,0.3958766758441925,-0.1935921758413314,0.9163647294044496,0.5529464483261108,0.421421468257904,0.0732570961117744,0.9976311922073364,0.5565231442451477,0.4257124066352844,-0.073316603899002,0.9979872107505798,0.549301266670227,0.280997097492218,0.0830160602927208,0.2787891030311584,0.555029571056366,0.2806397080421448,-0.0537753924727439,0.8248339891433716,0.546703040599823,0.1378419399261474,0.1350827366113662,0.4075199365615845,0.5491207242012024,0.1327267736196518,0.0011787913972511,0.8651931285858154,0.5499966740608215,0.114344947040081,0.1354251056909561,0.540055513381958,0.5536584258079529,0.1012400910258293,0.0023666811175644,0.8207218647003174,0.5241767168045044,0.1154696196317672,0.0821188688278198,0.6114073395729065,0.5264525413513184,0.1069062277674675,-0.0672043785452842,0.8848114013671875,hoyeon_stand_normal_01,24.186773,23.853721,23.430749,19.79899,16.970563,12.727922,10.0,7.615773,8.0,9.486833,10.77033,13.416408,14.764823,16.552945,18.384776,20.248457,21.18962,21.84033,21.377558,20.223748,18.248288,15.297059,12.083046,11.313708,13.416408,17.088007,9.848858,12.649111,14.317821,16.124515,16.0,15.132746,14.317821,12.369317,10.198039,9.055385,7.0,7.28011,8.062258,8.602325,9.433981,10.816654,10.816654,11.661904,11.18034,11.18034,10.816654,11.313708,11.661904,14.317821,17.088007,20.248457,10.816654,10.630146,11.18034,12.369317,13.152946,15.033296,16.03122,17.117243,18.248288,18.248288,19.235384,19.235384,19.104973,19.104973,18.11077,17.117243,16.124515,14.142136,11.18034,8.062258,6.708204,9.0,11.401754,15.811388,18.027756,20.880613,12.165525,14.56022,17.088007,17.888544,18.027756,17.804494,15.556349,12.206556,8.944272,6.324555,3.0,1.414214,4.472136,7.28011,10.049876,12.041595,14.0,16.124515,17.262677,18.439089,18.681542,18.681542,17.464249,15.297059,14.142136,12.0,14.317821,15.132746,16.124515,16.124515,16.278821,15.297059,14.56022,12.369317,11.401754,9.486833,7.28011,6.082763,5.09902,5.0,6.403124,8.944272,12.083046,13.928388,17.088007,19.313208,21.023796,21.470911,21.095023,18.867962,17.204651,15.0,11.661904,13.038405,13.601471,15.0,14.21267,14.21267,12.806248,10.630146,8.602325,6.708204,6.082763,5.0,5.385165,5.830952,6.403124,7.071068,8.485281,9.219544,9.219544,10.0,10.630146,9.899495,10.630146,10.0,10.29563,11.7047
hoyeon_stand_normal_01,1416,472,47.202579234972674,29.998360745314464,10,0.5344281792640686,0.6681481003761292,-0.0684418380260467,0.9987894892692566,0.5390039682388306,0.6817383766174316,-0.0600239820778369,0.997863471508026,0.539864182472229,0.68218994140625,-0.0600326210260391,0.9975171685218812,0.5408383011817932,0.6827126145362854,-0.0600026398897171,0.9979180097579956,0.5395144820213318,0.6821411848068237,-0.084575206041336,0.9981599450111388,0.5406225323677063,0.6826961636543274,-0.0846062153577804,0.9981642961502076,0.5418298840522766,0.6832314133644104,-0.0846834629774093,0.9983911514282228,0.5493084192276001,0.6778861880302429,-0.0088662840425968,0.9949129819869996,0.5496295094490051,0.677330732345581,-0.1195317953824997,0.9981818795204164,0.537580668926239,0.6555258631706238,-0.0461059249937534,0.9985550045967102,0.5385860204696655,0.6553998589515686,-0.0781205892562866,0.998956859111786,0.5570356845855713,0.6035280823707581,0.0730979442596435,0.99910968542099,0.5613089203834534,0.6084705591201782,-0.1732003986835479,0.9999405741691588,0.5556246638298035,0.4997210502624511,0.0939540192484855,0.1013368442654609,0.5588276982307434,0.5062795281410217,-0.2018811255693435,0.9859614968299866,0.5584703683853149,0.4231287837028503,0.0364023968577384,0.2770086526870727,0.5443359613418579,0.4169025123119354,-0.1929005831480026,0.9697585105895996,0.5611326694488525,0.3960656523704529,0.0294473338872194,0.2683088779449463,0.5445985794067383,0.3886926174163818,-0.2159575074911117,0.9474012851715088,0.5549547672271729,0.3920385241508484,0.0114672454074025,0.2749344408512115,0.5409249067306519,0.3871323764324188,-0.2158762365579605,0.943391740322113,0.5543602705001831,0.4020435512065887,0.0257924925535917,0.2560278475284576,0.5402241349220276,0.3959067463874817,-0.1916879117488861,0.916025161743164,0.5530019402503967,0.4214219748973846,0.0727893859148025,0.997611939907074,0.5565399527549744,0.4257242977619171,-0.0728438422083854,0.9979718923568726,0.5493000149726868,0.281042218208313,0.0801250413060188,0.2775503993034363,0.5550273656845093,0.2806791067123413,-0.0544064082205295,0.8220285177230835,0.5467014908790588,0.1378503441810608,0.1302989572286605,0.4045069217681885,0.5490526556968689,0.1327599585056305,-0.0006052470998838,0.8624435663223267,0.5499541163444519,0.1143703982234001,0.1304639279842376,0.537308931350708,0.5536020398139954,0.1013710647821426,0.0005636735004372,0.8181096315383911,0.5241954326629639,0.1154626607894897,0.0767031088471412,0.6080026030540466,0.5265804529190063,0.1067626848816871,-0.0688251033425331,0.8827338218688965,hoyeon_stand_normal_01,9.219544,10.0,10.198039,11.7047,13.0,14.317821,14.317821,14.317821,13.928388,12.649111,11.401754,10.440307,8.544004,6.708204,5.656854,5.385165,6.0,8.246211,11.18034,14.764823,17.888544,20.615528,23.4094,23.769729,23.345235,22.022716,8.485281,7.81025,7.211103,6.708204,6.082763,7.0,9.055385,9.055385,10.049876,10.049876,10.049876,10.0,9.055385,8.062258,7.071068,6.708204,6.403124,8.485281,9.219544,10.816654,13.038405,14.422205,15.0,15.0,14.21267,12.806248,13.491546499999998,14.2195445,13.845903,13.3683445,13.75759,13.397644,12.8597875,12.2833635,11.870144,11.600003,11.0586215,11.555385,11.3870485,12.439225,13.2411105,14.222173000000002,14.142136,14.641384,14.055385,14.2349795,13.399601,14.579766,15.413611499999998,15.877857,16.130466,15.5940095,9.495295,9.6291625,9.4185485,8.7693645,9.3094325,10.3754785,10.366867,10.018099,10.062306,8.215263,7.0,6.2297875,7.086491,7.6511535,8.123105500000001,8.564062,8.632272500000001,8.658910500000001,8.4691945,9.486833,11.4594795,12.3789095,13.39282,14.070529,14.4810815,14.0373735,13.928388,15.231546,16.552945,16.552945,16.155494,16.155494,14.866069,13.601471,12.369317,10.198039,9.219544,7.28011,5.830952,5.0,6.324555,9.0,12.041595,14.142136,17.117243,19.104973,21.023796,21.0,21.023796,19.104973,17.262677,15.297059,11.18034,13.152946,14.142136,15.033296,15.0,14.0,13.0,11.0,9.055385,8.246211,6.708204,5.656854,5.830952,6.708204,7.28011,8.246211,9.219544,10.440307,10.440307,10.440307,11.401754,11.401754,11.18034,11.045361,12.0,12.165525
hoyeon_stand_normal_01,1419,473,47.302584699453554,29.998360745314464,10,0.5344719290733337,0.6681355834007263,-0.0685667023062706,0.9988036155700684,0.5390510559082031,0.681715726852417,-0.0601468123495578,0.9978878498077391,0.5399126410484314,0.6821680068969727,-0.0601554363965988,0.9975443482398988,0.5408841967582703,0.682686448097229,-0.0601254031062126,0.9979418516159058,0.539551317691803,0.682123064994812,-0.0846956074237823,0.9981793165206908,0.5406532883644104,0.6826810836791992,-0.0847267732024192,0.998182475566864,0.5418506860733032,0.6832144260406494,-0.0848040282726287,0.9984077215194702,0.5493214130401611,0.6778835654258728,-0.0089570842683315,0.9949694275856018,0.5496326684951782,0.6773312091827393,-0.1196090728044509,0.99819815158844,0.5376173257827759,0.6555260419845581,-0.0462125539779663,0.9985674619674684,0.5386164784431458,0.6553932428359985,-0.0782251432538032,0.9989659786224364,0.5570905208587646,0.6035324931144714,0.0729568749666214,0.999114990234375,0.5612869262695312,0.6084757447242737,-0.1732085794210434,0.9999406337738036,0.5556963086128235,0.4996989369392395,0.0938865840435028,0.1012318506836891,0.558815598487854,0.5062853693962097,-0.201916754245758,0.9859992265701294,0.5588136911392212,0.4230891168117523,0.0364510677754879,0.2777594327926636,0.5443357229232788,0.4168762564659118,-0.1938773542642593,0.9698180556297302,0.5613836646080017,0.3960677087306976,0.0295356791466474,0.2689531445503235,0.544585645198822,0.3886692225933075,-0.2171033471822738,0.947443962097168,0.5551265478134155,0.3920361995697021,0.011541255749762,0.2755759656429291,0.5409179329872131,0.3871020674705505,-0.2169119566679,0.9434452652931212,0.5546039342880249,0.4019848108291626,0.0258601959794759,0.2564882040023803,0.5402138829231262,0.3958607614040375,-0.1926504224538803,0.9160872101783752,0.5531501173973083,0.4214032590389251,0.0726609975099563,0.9976179599761964,0.5565284490585327,0.4257179200649261,-0.0727162435650825,0.9979727268218994,0.5493125915527344,0.281083732843399,0.0788532346487045,0.2773616909980774,0.555014967918396,0.2807516157627105,-0.0552127882838249,0.8209716081619263,0.5467110276222229,0.1379004716873169,0.1288298964500427,0.4033712744712829,0.5490499138832092,0.1328149437904358,-0.002324195113033,0.8612520694732666,0.5499623417854309,0.114440880715847,0.1290061920881271,0.5363216996192932,0.5536368489265442,0.1017871052026748,-0.0012090824311599,0.8166648149490356,0.5242018103599548,0.1154848709702491,0.075182668864727,0.6065654754638672,0.526721715927124,0.1067375168204307,-0.0705023556947708,0.8818532824516296,hoyeon_stand_normal_01,24.083189,24.33105,22.803509,20.248457,17.088007,13.0,10.198039,8.0,7.615773,9.219544,10.630146,12.806248,14.866069,17.029386,19.104973,19.79899,21.260292,22.022716,20.808652,20.248457,18.027756,15.0,12.727922,10.77033,13.038405,17.117243,10.630146,12.806248,14.422205,16.124515,16.155494,15.524175,14.317821,12.165525,10.198039,8.544004,8.062258,7.81025,7.81025,10.0,10.816654,11.401754,11.401754,11.401754,12.041595,11.401754,10.816654,10.77033,12.165525,14.0,18.027756,21.023796,9.219544,8.944272,10.198039,11.0,12.165525,13.341664,13.601471,14.866069,16.155494,16.155494,16.155494,17.464249,17.088007,17.088007,15.811388,14.866069,13.928388,11.7047,9.433981,7.071068,7.071068,9.219544,12.083046,15.652476,18.788294,20.615528,12.649111,15.524175,17.117243,19.0,18.11077,17.464249,15.811388,13.0,9.433981,5.830952,2.828427,1.0,4.472136,6.708204,9.486833,11.401754,13.341664,14.317821,16.124515,17.029386,17.029386,17.0,16.03122,14.035669,13.152946,10.440307,14.317821,15.652476,17.0,17.0,17.0,15.652476,15.231546,13.601471,12.649111,10.440307,8.544004,6.708204,5.656854,5.385165,6.0,9.055385,12.165525,14.317821,17.464249,20.396078,21.213203,22.203603,21.095023,20.024984,18.0,15.033296,12.165525,14.142136,15.132746,15.033296,16.03122,15.0,13.0,11.0,10.049876,7.28011,6.708204,5.656854,5.830952,6.324555,7.071068,8.246211,9.219544,10.198039,10.198039,11.18034,11.18034,11.18034,11.045361,11.0,11.18034,12.369317
hoyeon_stand_normal_01,1422,474,47.40259016393443,29.998360745314464,10,0.5344882607460022,0.6680232286453247,-0.0693174749612808,0.9988202452659608,0.5390598177909851,0.6815932989120483,-0.0608422979712486,0.997914969921112,0.5399230122566223,0.6820589900016785,-0.0608509629964828,0.9975764751434326,0.5408936142921448,0.6825786828994751,-0.0608205534517765,0.9979686737060548,0.5395562648773193,0.6820029616355896,-0.0853714197874069,0.998200297355652,0.5406597256660461,0.6825762987136841,-0.0854019969701767,0.9982020854949952,0.5418564081192017,0.6831084489822388,-0.0854770094156265,0.9984238743782043,0.5493251085281372,0.6778414249420166,-0.0094680739566683,0.9950365424156188,0.5496202111244202,0.6772869825363159,-0.1200633719563484,0.9982163310050964,0.5376402139663696,0.6554626226425171,-0.0468953922390937,0.998584508895874,0.5386279821395874,0.6552866101264954,-0.0788906887173652,0.9989773631095886,0.5571489334106445,0.6035236120223999,0.0723791494965553,0.9991255402565002,0.5612193942070007,0.6084809899330139,-0.1734766066074371,0.9999411702156068,0.5557973384857178,0.4995950758457184,0.0930811241269111,0.1014477685093879,0.5587719678878784,0.5061805844306946,-0.2024123817682266,0.9860756993293762,0.5591674447059631,0.4230007231235504,0.0355216898024082,0.2794226408004761,0.5442827939987183,0.4167573153972626,-0.1953889578580856,0.969978094100952,0.5617751479148865,0.3960696756839752,0.0284710433334112,0.2704785168170929,0.5445170998573303,0.3885518610477447,-0.219042032957077,0.9476577043533324,0.5555197596549988,0.3920370042324066,0.010384501889348,0.2771251499652862,0.5408400297164917,0.3869859278202057,-0.2188850492238998,0.9436726570129396,0.5550458431243896,0.4019343554973602,0.0249243807047605,0.25784832239151,0.5401259660720825,0.3957231342792511,-0.1942206919193267,0.9163949489593506,0.553191065788269,0.4212788939476013,0.072660431265831,0.9976484179496764,0.5565267205238342,0.4255673289299011,-0.0727157294750213,0.9979971051216124,0.5492908358573914,0.2807113230228424,0.0798548236489296,0.277656227350235,0.5549982786178589,0.2803772389888763,-0.0548823326826095,0.8215466737747192,0.5466891527175903,0.1378876864910125,0.1318608671426773,0.4038449227809906,0.5490474104881287,0.1327714323997497,-0.0009301870013587,0.8616924285888672,0.5499622225761414,0.1144440844655036,0.1323182433843612,0.5370761156082153,0.5536331534385681,0.1017872840166091,0.0002976325340569,0.8168984055519104,0.5241960287094116,0.1154654622077941,0.0788837671279907,0.6073001027107239,0.5267687439918518,0.1065488308668136,-0.0691019147634506,0.8822823762893677,hoyeon_stand_normal_01,12.806248,12.649111,14.142136,17.0,19.026298,20.0,20.0,20.024984,19.026298,17.029386,16.124515,14.035669,12.0,10.198039,8.944272,9.219544,10.29563,13.928388,17.464249,21.377558,25.495098,29.614186,33.24154,34.176015,33.54102,31.906112,11.661904,10.29563,9.433981,7.81025,8.062258,8.544004,10.198039,11.18034,12.165525,13.152946,12.369317,12.369317,11.18034,10.198039,9.055385,9.055385,8.246211,10.29563,11.661904,13.601471,16.401219,17.804494,18.601075,19.416488,18.867962,17.204651,17.464249,17.464249,16.155494,14.866069,13.601471,12.369317,10.198039,8.062258,7.0,5.09902,3.605551,4.123106,5.0,7.28011,9.486833,11.18034,14.764823,16.552945,18.788294,19.697716,20.615528,20.248457,19.924859,17.464249,15.297059,12.165525,7.071068,5.09902,3.0,1.414214,2.828427,5.656854,7.81025,10.0,11.661904,12.529964,12.083046,12.083046,11.7047,10.440307,9.219544,7.28011,6.324555,4.123106,2.828427,2.236068,5.0,7.211103,10.29563,12.529964,14.317821,15.652476,13.152946,14.142136,15.297059,16.278821,15.297059,15.132746,14.035669,12.0,11.0,10.049876,8.062258,6.0,4.123106,4.242641,5.385165,8.062258,11.045361,14.0,16.0,18.0,20.024984,20.223748,20.396078,18.439089,16.492423,13.601471,12.041595,14.142136,15.132746,16.278821,16.492423,15.524175,14.56022,12.369317,10.198039,8.062258,7.0,6.082763,5.830952,6.403124,6.403124,7.81025,8.602325,9.433981,9.433981,10.29563,10.816654,10.816654,10.29563,10.77033,10.440307,11.045361
hoyeon_stand_normal_01,1425,475,47.5025956284153,29.998360745314464,10,0.5344982743263245,0.6679225564002991,-0.0690945461392402,0.9988399744033812,0.5390654802322388,0.6814991235733032,-0.060578167438507,0.9979545474052428,0.5399309396743774,0.6819784045219421,-0.0605873093008995,0.9976224303245544,0.5409014225006104,0.6825016140937805,-0.0605569332838058,0.998008131980896,0.5395621061325073,0.6819005608558655,-0.0850760117173194,0.9982301592826844,0.5406635403633118,0.6824857592582703,-0.0851061195135116,0.998229205608368,0.5418527722358704,0.6830161809921265,-0.085179790854454,0.9984472393989564,0.5493269562721252,0.6778098940849304,-0.0093061095103621,0.9951313138008118,0.549586296081543,0.6772369742393494,-0.1197629198431968,0.9982410669326782,0.5376575589179993,0.6554130911827087,-0.0467248298227787,0.9986055493354796,0.5386313199996948,0.655199408531189,-0.0786835253238678,0.9989902973175048,0.5573790669441223,0.6035253405570984,0.0723439455032348,0.9991378784179688,0.5610677003860474,0.6084489822387695,-0.1728927195072174,0.9999411702156068,0.5560210943222046,0.4995301365852356,0.0922118350863456,0.102361261844635,0.5586925745010376,0.5059410333633423,-0.2012634128332138,0.9860528707504272,0.5604228973388672,0.4229986667633056,0.0347471423447132,0.2822942435741424,0.5441904067993164,0.4166101813316345,-0.1931233406066894,0.9699646234512328,0.5640163421630859,0.39630326628685,0.0275184176862239,0.2729256153106689,0.5444446206092834,0.388474553823471,-0.216450423002243,0.9476311206817628,0.5566895604133606,0.3921922147274017,0.0096895601600408,0.2796073853969574,0.5407724380493164,0.3869187831878662,-0.216375395655632,0.9436578750610352,0.5562651753425598,0.4019500613212585,0.0242672525346279,0.2599901854991913,0.5400583148002625,0.3956272900104522,-0.1919461041688919,0.9164077043533324,0.5534517168998718,0.4212667346000671,0.0725768506526947,0.9976719617843628,0.5564327836036682,0.4254944324493408,-0.0726361572742462,0.9980135560035706,0.5493396520614624,0.2806936502456665,0.079870656132698,0.2777291536331177,0.5549863576889038,0.2803743779659271,-0.0546828992664814,0.8199582695960999,0.5466945767402649,0.1378891766071319,0.1319423168897628,0.4040672779083252,0.5490339994430542,0.1327647268772125,-0.0005757882609032,0.8608092069625854,0.549973726272583,0.11444953083992,0.132416546344757,0.536988377571106,0.5535815358161926,0.1018277928233146,0.0006838307599537,0.8158407211303711,0.5242579579353333,0.1154639720916748,0.0791631937026977,0.6072053909301758,0.5269821286201477,0.1064514592289924,-0.0683224499225616,0.8816701173782349,hoyeon_stand_normal_01,20.59126,20.0,18.439089,16.970563,13.453624,10.630146,7.81025,5.385165,5.09902,6.708204,8.062258,9.433981,11.661904,13.892444,14.764823,15.652476,17.464249,18.027756,17.720045,16.492423,14.317821,12.369317,9.848858,7.81025,10.440307,13.152946,8.246211,10.198039,12.041595,13.038405,13.152946,13.341664,12.649111,10.77033,8.544004,7.28011,6.082763,6.082763,6.324555,7.615773,7.615773,8.544004,9.486833,9.486833,9.486833,8.544004,8.062258,7.81025,8.602325,10.77033,13.928388,16.155494,7.81025,8.544004,9.055385,11.045361,12.165525,13.341664,13.928388,15.231546,16.155494,16.552945,17.0,16.552945,16.552945,16.552945,16.552945,15.231546,13.416408,11.18034,9.219544,7.211103,7.0,10.440307,13.416408,16.124515,19.723083,21.470911,13.038405,15.0,17.029386,18.248288,18.681542,17.464249,16.124515,13.601471,10.630146,7.071068,3.605551,2.828427,5.385165,8.544004,10.198039,12.165525,14.142136,15.033296,16.0,16.03122,16.03122,15.0,13.0,12.041595,9.486833,13.678588,14.142136,15.297059,16.278821,16.278821,16.124515,15.132746,14.035669,13.038405,12.0,10.0,8.0,6.082763,5.385165,5.0,6.324555,8.062258,12.041595,14.035669,16.03122,19.026298,20.223748,20.223748,21.377558,18.439089,16.763055,13.601471,11.18034,12.369317,14.317821,14.56022,14.866069,13.928388,12.649111,10.77033,8.544004,7.071068,6.082763,5.385165,5.656854,6.403124,7.211103,8.062258,8.062258,9.433981,9.433981,10.29563,10.29563,10.29563,11.18034,10.440307,11.18034,12.0
hoyeon_stand_normal_01,1428,476,47.60260109289617,29.998360745314464,10,0.5345035195350647,0.6678813099861145,-0.0690504685044288,0.9988514184951782,0.5390586256980896,0.6814706921577454,-0.0605372413992881,0.997979998588562,0.5399262309074402,0.681955873966217,-0.0605464354157447,0.9976508617401124,0.5408980846405029,0.68248051404953,-0.0605164095759391,0.9980324506759644,0.5395424962043762,0.6818629503250122,-0.0850363597273826,0.998251497745514,0.5406355261802673,0.6824519634246826,-0.0850666314363479,0.9982492327690125,0.5418153405189514,0.6829800605773926,-0.0851401165127754,0.9984662532806396,0.5493093729019165,0.6777999997138977,-0.0093257427215576,0.9951913356781006,0.5495384335517883,0.6772136092185974,-0.1197767406702041,0.9982634782791138,0.5376611948013306,0.6553976535797119,-0.0467085503041744,0.9986171722412108,0.5386291742324829,0.6551631093025208,-0.0786655247211456,0.9989991188049316,0.5573785305023193,0.6034772992134094,0.0722210109233856,0.999142050743103,0.5610020756721497,0.6083531975746155,-0.1727506667375564,0.9999411702156068,0.5560572147369385,0.4993365108966827,0.0921095237135887,0.1027166917920112,0.558639645576477,0.5056552886962891,-0.2004472464323043,0.9860716462135316,0.5603983998298645,0.4230087995529175,0.0347657315433025,0.2826584577560425,0.5441340208053589,0.4164867401123047,-0.1907849460840225,0.9700013399124146,0.5638064742088318,0.3963486850261688,0.027536928653717,0.273235410451889,0.544417142868042,0.3883925378322601,-0.2135887593030929,0.9477016925811768,0.556639552116394,0.3922281861305237,0.0098360897973179,0.2799145877361297,0.5407031178474426,0.3868357539176941,-0.2136813700199127,0.9437549710273744,0.5562086701393127,0.4019543826580047,0.0243270676583051,0.2602778375148773,0.5399681925773621,0.3955182731151581,-0.1896020323038101,0.9165645241737366,0.5534517765045166,0.4212896227836609,0.0724841058254242,0.9976674914360046,0.5562354326248169,0.4254728853702545,-0.0725467056035995,0.9980118870735168,0.5493817925453186,0.2807529270648956,0.0796241387724876,0.2772377431392669,0.5549755692481995,0.2804393172264099,-0.0547200925648212,0.8176316022872925,0.5467393398284912,0.137923315167427,0.131042942404747,0.4029518663883209,0.5490394234657288,0.1327680647373199,-0.0009484365000389,0.8590447902679443,0.5500834584236145,0.114598773419857,0.1314815729856491,0.5357235670089722,0.5535937547683716,0.1018840819597244,0.0003016278787981,0.8140026926994324,0.5242579579353333,0.1158848330378532,0.0787172615528106,0.6056904196739197,0.527092456817627,0.1064762696623802,-0.0684182792901992,0.8802577257156372,hoyeon_stand_normal_01,9.219544,9.486833,11.045361,12.0,14.035669,15.033296,16.03122,15.0,15.0,14.035669,12.041595,11.0,10.0,8.246211,7.615773,6.403124,7.615773,10.440307,13.038405,16.03122,19.026298,22.090722,24.33105,25.70992,25.298221,24.166092,8.544004,8.544004,6.708204,6.403124,6.403124,6.708204,7.615773,8.246211,9.486833,9.486833,9.486833,8.544004,8.544004,7.28011,7.071068,6.0,6.324555,6.708204,8.602325,10.630146,12.206556,13.601471,14.422205,15.264338,13.892444,13.038405,9.219544,9.848858,10.049876,11.045361,12.369317,13.928388,15.652476,16.124515,17.492856,18.027756,18.867962,18.867962,18.867962,18.35756,17.492856,16.124515,14.422205,12.206556,9.219544,7.615773,7.071068,10.0,14.142136,17.691806,21.213203,22.671568,14.142136,17.029386,19.026298,20.223748,20.615528,19.313208,17.0,14.422205,10.630146,7.071068,2.828427,1.0,4.472136,7.615773,10.440307,12.649111,14.317821,16.278821,17.117243,18.027756,19.026298,19.026298,18.027756,16.03122,14.142136,11.7047,15.3581505,15.081564,14.940146,13.991760500000002,13.2872255,12.727922,12.218883,12.444647,12.409081,12.1274005,12.405125,12.380342,12.4008265,12.7591425,13.7924235,15.1726035,15.539196,16.3898825,16.383916,15.537259,14.905402,13.897733,14.151953,14.996673,15.344739,15.633644,9.7132755,9.854102,9.792621,10.595312,11.28011,12.3791295,12.8554905,13.3494065,12.882827,11.9854405,11.716255,11.0,10.54951,10.0178345,10.059216,9.5563315,9.5538095,10.0276925,10.050373,11.2095965,11.8256735,12.4579725,13.0047135,14.2340315,14.725936,15.116571
hoyeon_stand_normal_01,1431,477,47.702606557377045,29.998360745314464,10,0.534505307674408,0.6678621768951416,-0.0685966536402702,0.9988574981689452,0.5390501022338867,0.6814334392547607,-0.060058020055294,0.9979941248893738,0.5399208664894104,0.6819219589233398,-0.0600677952170372,0.9976679682731628,0.5408949255943298,0.6824466586112976,-0.0600384399294853,0.9980482459068298,0.5395261645317078,0.6818183064460754,-0.084523320198059,0.9982622265815736,0.5406166315078735,0.6824082136154175,-0.0845533460378646,0.9982595443725586,0.5417926907539368,0.6829308271408081,-0.0846263170242309,0.9984753727912904,0.5492988228797913,0.6777714490890503,-0.0090660657733678,0.9952259659767152,0.549507200717926,0.6771572828292847,-0.1193588972091674,0.9982715249061584,0.5376580953598022,0.655385434627533,-0.0463517978787422,0.9986207485198976,0.5386204123497009,0.6551346778869629,-0.0782645121216774,0.998999834060669,0.557400107383728,0.603460967540741,0.0721942260861396,0.9991435408592224,0.5609182715415955,0.6082589626312256,-0.1722199618816375,0.9999406933784484,0.5561093688011169,0.4992049038410187,0.0921124443411827,0.1029391959309578,0.5585795044898987,0.5053409337997437,-0.2000307887792587,0.9860231876373292,0.5603436231613159,0.4230431020259857,0.0354854352772235,0.282998651266098,0.5440732836723328,0.4163874089717865,-0.1909134835004806,0.9698927402496338,0.5636546015739441,0.3964360356330871,0.0286326687783002,0.2736160457134247,0.5443934798240662,0.3883488774299621,-0.2137766927480697,0.9475773572921752,0.5566953420639038,0.3923036754131317,0.0110650053247809,0.280273288488388,0.540654182434082,0.3867932260036468,-0.2137635052204132,0.9436440467834472,0.5562530159950256,0.4019701182842254,0.0251582898199558,0.2605839669704437,0.5398977994918823,0.3954539895057678,-0.1897172182798385,0.9163962006568908,0.5534530878067017,0.421291172504425,0.0724745094776153,0.9976611733436584,0.5559622049331665,0.4254156053066253,-0.0725384503602981,0.9980031251907348,0.5494002103805542,0.2807642817497253,0.0789934769272804,0.2765567898750305,0.5548524856567383,0.2804809808731079,-0.0553615726530551,0.8165581226348877,0.5468032360076904,0.1379289925098419,0.1291833221912384,0.4024708569049835,0.5490443706512451,0.1327608525753021,-0.0033070126082748,0.8581991791725159,0.5501610636711121,0.1146431118249893,0.1294936686754226,0.5349603295326233,0.5536124110221863,0.1020482629537582,-0.0022448555100709,0.8130638599395752,0.5242590308189392,0.1160744577646255,0.0771239325404167,0.6047877669334412,0.5271484851837158,0.1065197065472602,-0.0703054144978523,0.8795526027679443,hoyeon_stand_normal_01,10.77033,10.0,11.401754,13.892444,15.652476,17.0,17.492856,16.643317,16.643317,15.0,13.601471,12.206556,9.433981,7.615773,7.071068,6.324555,8.602325,10.630146,14.422205,18.027756,23.021729,26.400758,29.068884,29.0,29.206164,26.925824,11.045361,10.0,10.0,9.055385,8.544004,9.433981,10.0,10.630146,12.041595,12.041595,12.041595,10.630146,10.0,9.219544,7.81025,7.211103,7.615773,9.055385,10.0,12.0,15.033296,16.03122,17.0,17.0,17.0,14.0,17.088007,17.088007,16.155494,15.231546,14.317821,11.661904,10.816654,9.219544,6.403124,5.385165,5.0,5.385165,5.656854,8.062258,10.29563,13.0,14.866069,17.088007,19.313208,20.615528,21.931712,21.931712,20.59126,18.867962,16.643317,12.806248,8.544004,6.324555,4.123106,1.0,2.236068,4.472136,7.615773,8.944272,11.18034,12.206556,12.806248,12.041595,11.313708,9.899495,8.485281,7.211103,5.0,3.605551,1.414214,2.0,4.472136,7.28011,10.440307,12.369317,14.56022,16.763055,13.453624,14.21267,15.0,15.620499,15.620499,14.866069,14.142136,12.041595,10.630146,8.602325,7.071068,5.656854,4.472136,4.123106,5.830952,8.602325,11.401754,13.453624,16.401219,18.601075,19.416488,20.248457,20.59126,18.35756,16.552945,14.317821,11.661904,13.892444,14.764823,15.652476,16.552945,15.231546,13.928388,11.7047,9.848858,8.062258,6.403124,5.0,5.09902,6.082763,7.0,7.071068,8.062258,9.055385,9.055385,10.049876,10.049876,10.198039,10.198039,9.848858,10.29563,10.816654
hoyeon_stand_normal_01,1434,478,47.802612021857925,29.998360745314464,10,0.5344897508621216,0.6678870320320129,-0.0686273127794265,0.9988558888435364,0.5390182733535767,0.6814320087432861,-0.0600804053246974,0.9979983568191528,0.5398930907249451,0.6819208264350891,-0.0600899830460548,0.9976714849472046,0.540870726108551,0.6824460029602051,-0.0600602813065052,0.9980524778366088,0.539485514163971,0.6818163990974426,-0.0845619216561317,0.9982653260231018,0.5405767560005188,0.6824063062667847,-0.0845920071005821,0.9982621669769288,0.5417543649673462,0.6829283237457275,-0.0846650674939155,0.9984793663024902,0.5492830872535706,0.6777730584144592,-0.0092829288914799,0.9952380061149596,0.5494754314422607,0.6771511435508728,-0.1193797066807746,0.9982732534408568,0.53763347864151,0.6554064154624939,-0.04638097807765,0.998617947101593,0.5385804772377014,0.6551557779312134,-0.0782864093780517,0.9989966750144958,0.5574102401733398,0.603454053401947,0.0709986016154289,0.9991409778594972,0.5608537793159485,0.6081394553184509,-0.1720535457134246,0.9999397993087769,0.5561903715133667,0.4991534054279327,0.0909826979041099,0.1035572439432144,0.5585306286811829,0.5049615502357483,-0.1993464529514312,0.98593407869339,0.5603023767471313,0.4231478273868561,0.035427950322628,0.2836446464061737,0.54401695728302,0.4162704646587372,-0.1898178905248642,0.9697731137275696,0.5635539293289185,0.3965421020984649,0.0285832658410072,0.2740093767642975,0.5443538427352905,0.3882844448089599,-0.2123447060585022,0.9474099278450012,0.5567333698272705,0.3923996388912201,0.0110637266188859,0.2806389927864074,0.5405938625335693,0.3867450654506683,-0.2124928832054138,0.9434919953346252,0.5563343167304993,0.4020223021507263,0.025142852216959,0.2608043253421783,0.539831817150116,0.3953880965709686,-0.1886564195156097,0.9161939024925232,0.5534518361091614,0.4215886890888214,0.0718089640140533,0.99762761592865,0.5557601451873779,0.4255377352237701,-0.0718815624713897,0.9979763627052308,0.54942786693573,0.2809361517429352,0.0767236575484275,0.2756922543048858,0.5548236966133118,0.2807625532150268,-0.0555600263178348,0.8119239211082458,0.5468337535858154,0.1379635632038116,0.1255871206521988,0.4000774323940277,0.5490467548370361,0.1328051388263702,-0.004249139688909,0.8546280860900879,0.5502262115478516,0.114704743027687,0.1257838457822799,0.5319365859031677,0.5536091923713684,0.1022161319851875,-0.0032479150686413,0.8095406293869019,0.5245358347892761,0.116297110915184,0.0730290934443473,0.6014421582221985,0.52727872133255,0.1066266447305679,-0.071395069360733,0.8766413927078247,hoyeon_stand_normal_01,22.022716,22.627417,20.615528,18.027756,15.264338,11.661904,8.602325,6.403124,6.082763,7.071068,9.219544,10.440307,12.649111,14.56022,15.524175,17.262677,18.248288,18.027756,18.027756,17.0,15.033296,12.0,10.198039,8.062258,9.433981,13.0,10.0,11.045361,12.165525,13.341664,13.341664,12.649111,11.7047,10.440307,9.219544,8.062258,8.0,8.062258,9.219544,9.219544,9.219544,10.198039,10.198039,10.198039,10.198039,9.486833,8.944272,9.219544,10.630146,13.038405,16.124515,18.867962,17.0,17.492856,16.643317,15.0,13.601471,12.041595,10.630146,9.219544,7.615773,6.324555,5.0,5.385165,6.403124,8.062258,10.440307,12.369317,15.297059,17.464249,19.646883,20.615528,21.84033,22.135944,20.248457,18.788294,17.0,13.038405,8.602325,6.708204,4.472136,1.414214,2.0,4.123106,7.071068,9.219544,10.440307,11.7047,12.083046,11.661904,10.816654,10.0,8.602325,6.403124,5.0,2.828427,1.0,2.236068,4.472136,8.062258,10.29563,12.529964,14.764823,15.652476,13.0,14.317821,15.652476,16.552945,15.652476,15.231546,13.928388,13.601471,11.401754,9.486833,8.246211,6.708204,5.0,5.385165,6.082763,9.055385,12.165525,14.142136,17.262677,19.235384,20.099751,21.023796,21.0,20.0,18.027756,15.033296,11.18034,13.152946,14.035669,15.0,15.0,15.0,13.0,12.0,10.049876,8.062258,6.324555,5.830952,5.0,5.385165,6.324555,7.28011,8.246211,9.219544,9.219544,10.440307,10.440307,10.440307,10.198039,10.049876,11.0,11.18034
hoyeon_stand_normal_01,1437,479,47.9026174863388,29.998360745314464,10,0.5344499349594116,0.6678957343101501,-0.0684715136885643,0.9988662600517272,0.5389556884765625,0.6814172863960266,-0.059970449656248,0.9980255961418152,0.5398390889167786,0.6819102168083191,-0.0599804185330867,0.9976996183395386,0.5408247113227844,0.6824401021003723,-0.0599518902599811,0.9980775117874146,0.5394102334976196,0.6818033456802368,-0.0843439996242523,0.9982858896255492,0.5405077338218689,0.682397723197937,-0.0843739286065101,0.9982807636260986,0.5416935086250305,0.6829220652580261,-0.0844468399882316,0.9984984993934632,0.5492615103721619,0.6777750253677368,-0.009301702491939,0.9953027963638306,0.5494343638420105,0.6771413087844849,-0.1191425845026969,0.9982919096946716,0.5376004576683044,0.6554223299026489,-0.0463377721607685,0.9986296892166138,0.5385235548019409,0.655173659324646,-0.07813760638237,0.9990036487579346,0.5574286580085754,0.6034572720527649,0.069934606552124,0.999147653579712,0.5607784390449524,0.6080272197723389,-0.1708800047636032,0.9999388456344604,0.5562775135040283,0.4991417825222015,0.0894394218921661,0.1051821187138557,0.5584738850593567,0.5045953392982483,-0.1971018463373184,0.9858168959617616,0.5602700114250183,0.4231912791728973,0.0349457263946533,0.2867446839809418,0.5439351797103882,0.4162294268608093,-0.1863120645284652,0.9696933031082152,0.563468337059021,0.3965938091278076,0.0280061364173889,0.2763226926326751,0.5442978143692017,0.3882668614387512,-0.2082896530628204,0.947297990322113,0.5568405985832214,0.3924666047096252,0.010763862170279,0.2829345166683197,0.540532648563385,0.3867285251617431,-0.2086383551359176,0.9434253573417664,0.5564892292022705,0.4020524621009826,0.0248013101518154,0.2626655995845794,0.539766252040863,0.395368218421936,-0.1851838380098343,0.9161604046821594,0.5534945726394653,0.421935111284256,0.0703294947743415,0.9975977540016174,0.555591881275177,0.4257569313049316,-0.0704082027077674,0.9979467391967772,0.5494756102561951,0.2812488675117492,0.0725599378347396,0.2762791216373443,0.5547587275505066,0.2812299132347107,-0.0561172030866146,0.8057619333267212,0.5468422770500183,0.1379642337560653,0.1196693480014801,0.3982084989547729,0.5490071177482605,0.1328587383031845,-0.0058751390315592,0.8495684862136841,0.5502356290817261,0.1147133111953735,0.1196760460734367,0.5287798643112183,0.553439736366272,0.1028555408120155,-0.0048737842589616,0.8041024804115295,0.525212824344635,0.1162040159106254,0.066160038113594,0.5975561141967773,0.527673065662384,0.1066060066223144,-0.072851538658142,0.8724266886711121,hoyeon_stand_normal_01,21.641504,21.675507,19.4985765,17.6064505,14.1412385,11.44252,8.154234500000001,5.5,4.977029,6.3638395,7.8390155,9.848858,11.631693,13.446222,15.537863000000002,16.703186000000002,17.6343715,18.6766305,18.206266,17.014693,15.016648,12.0207975,8.424268000000001,7.175589,9.486833,12.6846585,8.988992499999998,10.332756,11.855152,12.298374,12.330952,11.7328825,11.109204,9.937144,8.7745455,8.2800225,7.671184,7.936254,8.2426405,8.609772,9.109772,9.4497475,9.4497475,9.4497475,8.9497475,8.640901,7.671184,7.728657,9.609772,11.9137145,15.030941,17.870572,16.643317,17.0,15.652476,15.231546,14.317821,12.649111,10.440307,9.055385,7.0,5.09902,5.0,4.472136,5.0,7.28011,9.848858,12.529964,15.264338,18.35756,20.124612,21.023796,21.931712,22.847319,21.540659,19.924859,17.464249,14.317821,8.602325,6.403124,4.242641,1.414214,2.0,5.09902,8.246211,10.198039,11.045361,12.041595,13.0,13.038405,12.041595,10.198039,9.219544,8.246211,6.082763,4.123106,2.0,1.0,4.242641,6.403124,9.433981,12.206556,13.601471,15.264338,13.928388,15.231546,16.155494,16.155494,16.155494,15.811388,14.56022,13.601471,12.369317,10.198039,9.219544,7.28011,5.830952,5.0,6.324555,9.0,11.045361,14.142136,16.124515,18.11077,20.024984,21.0,21.0,19.026298,17.117243,14.142136,11.045361,12.041595,14.035669,15.0,15.0,14.035669,13.038405,11.045361,9.0,8.062258,6.324555,5.0,5.830952,6.324555,6.324555,8.246211,8.246211,9.486833,9.486833,10.440307,10.440307,10.440307,11.401754,11.045361,11.0,11.18034
hoyeon_stand_normal_01,1440,480,48.00262295081967,29.998360745314464,10,0.5343416929244995,0.6678897738456726,-0.0696281269192695,0.9988613128662108,0.5388137102127075,0.6813792586326599,-0.0610926859080791,0.9980267882347108,0.5397062301635742,0.681879997253418,-0.061102632433176,0.9977028369903564,0.5407000780105591,0.6824209690093994,-0.0610741898417472,0.9980788230895996,0.5392530560493469,0.6817713975906372,-0.0853102356195449,0.9982821345329284,0.5403589010238647,0.6823770403862,-0.0853407904505729,0.9982782006263732,0.541559636592865,0.6829094290733337,-0.0854133069515228,0.99849534034729,0.5491958856582642,0.6777757406234741,-0.0101950578391551,0.9953143000602722,0.549344003200531,0.6771253943443298,-0.1194245591759681,0.9982872605323792,0.5375033617019653,0.6554225087165833,-0.047464270144701,0.9986250400543212,0.5383931398391724,0.655171811580658,-0.079041801393032,0.9989972710609436,0.5574540495872498,0.6034067273139954,0.0695245116949081,0.9991443157196044,0.5606812834739685,0.607887864112854,-0.1712937802076339,0.999938428401947,0.5564056634902954,0.4990738332271576,0.0890802145004272,0.1048960909247398,0.5583729147911072,0.5042811036109924,-0.1982638984918594,0.9857304096221924,0.5602450966835022,0.4230925142765045,0.0347926244139671,0.28528493642807,0.5438871383666992,0.4161299169063568,-0.1896234601736068,0.9694715738296508,0.563378632068634,0.3965317010879516,0.0279575977474451,0.2750980854034424,0.5442343950271606,0.3882290124893188,-0.2120931446552276,0.9469605088233948,0.5568286776542664,0.3924689888954162,0.01072140596807,0.281652569770813,0.5404968857765198,0.3867031037807464,-0.2126859724521637,0.9430859088897704,0.5565257668495178,0.4020152390003204,0.0246595405042171,0.2614296972751617,0.5397528409957886,0.3953211605548858,-0.1887190788984298,0.91571044921875,0.5536994338035583,0.4219356775283813,0.0703495591878891,0.9975824952125548,0.5555906295776367,0.4257668554782867,-0.0704292058944702,0.9979283809661864,0.5495057702064514,0.2812499701976776,0.0734527260065078,0.2735225856304168,0.5547608733177185,0.2812381982803345,-0.0564542151987552,0.8026033639907837,0.5470060706138611,0.1379297822713852,0.1213606745004654,0.3954513669013977,0.5494054555892944,0.132852703332901,-0.0063150906935334,0.8473852276802063,0.5504158139228821,0.1147134229540824,0.1214013248682022,0.5267062783241272,0.5535483956336975,0.1026569604873657,-0.0054156277328729,0.802710235118866,0.5252127051353455,0.1162013560533523,0.0679668635129928,0.5945354104042053,0.527711033821106,0.1066114008426666,-0.0739818438887596,0.8706783652305603,hoyeon_stand_normal_01,25.238859,25.495098,24.698178,19.924859,17.464249,12.369317,9.486833,5.830952,5.385165,7.071068,9.219544,11.401754,13.601471,16.492423,18.248288,20.099751,21.023796,22.0,21.023796,19.104973,17.262677,14.142136,10.049876,7.211103,10.29563,14.56022,10.630146,12.041595,12.806248,13.601471,13.601471,13.038405,12.206556,10.630146,9.899495,9.219544,9.433981,8.944272,9.848858,10.77033,10.77033,10.77033,10.77033,10.77033,9.848858,9.219544,8.0,8.544004,10.0,14.142136,17.691806,21.213203,17.464249,17.464249,16.552945,15.652476,13.892444,13.038405,11.401754,9.899495,7.81025,6.708204,5.09902,5.09902,5.0,7.211103,8.944272,10.77033,13.601471,15.811388,17.720045,19.924859,19.924859,20.248457,19.697716,17.888544,16.124515,12.206556,8.246211,6.082763,4.0,2.236068,1.0,4.0,7.071068,8.246211,9.486833,11.18034,11.661904,10.816654,10.0,9.219544,7.81025,5.656854,4.242641,2.236068,1.414214,3.0,5.385165,8.544004,10.77033,12.649111,14.866069,15.811388,13.038405,14.142136,14.317821,15.132746,15.132746,14.142136,13.038405,12.0,11.045361,10.049876,7.071068,6.0,4.123106,3.605551,5.09902,8.062258,10.0,13.0,16.0,18.0,20.024984,20.099751,20.223748,18.248288,16.278821,13.341664,12.165525,14.317821,15.524175,15.524175,16.763055,15.811388,13.928388,12.649111,10.440307,8.062258,7.0,6.082763,5.830952,5.656854,6.403124,7.81025,8.602325,9.433981,9.219544,10.0,10.0,9.433981,10.29563,9.848858,10.440307,11.045361
hoyeon_stand_normal_01,1443,481,48.10262841530054,29.998360745314464,10,0.5341659188270569,0.6678792238235474,-0.070471316576004,0.998863935470581,0.538589596748352,0.681328296661377,-0.061997290700674,0.9980406761169434,0.5394949316978455,0.6818376779556274,-0.0620069578289985,0.9977177381515504,0.5405022501945496,0.6823899149894714,-0.0619792826473712,0.998091161251068,0.5389940142631531,0.6817237138748169,-0.0860998928546905,0.9982903599739076,0.5400973558425903,0.6823424100875854,-0.0861306190490722,0.9982855319976808,0.5413078665733337,0.6828847527503967,-0.0862025022506713,0.9985027313232422,0.549036979675293,0.6777755618095398,-0.0112648149952292,0.9953492283821106,0.5491392612457275,0.6771040558815002,-0.1199513375759124,0.998294472694397,0.537326455116272,0.6554219722747803,-0.0483751259744167,0.9986295104026794,0.5381689071655273,0.6551692485809326,-0.0798065364360809,0.9989991784095764,0.5574601888656616,0.6034026741981506,0.0683112144470214,0.9991471171379088,0.5605595707893372,0.6078081727027893,-0.1714025884866714,0.9999382495880128,0.5564671754837036,0.4990738034248352,0.0878579840064048,0.1050798445940017,0.5582925081253052,0.5040955543518066,-0.1983077526092529,0.98561292886734,0.5601160526275635,0.4229254424571991,0.0339704416692256,0.2847770154476166,0.543847918510437,0.4159926772117615,-0.1897993683815002,0.96922767162323,0.5628780722618103,0.3963270783424377,0.0273015815764665,0.2746057212352752,0.5441729426383972,0.3881561458110809,-0.2123904228210449,0.9466090798377992,0.5565198063850403,0.3923132419586181,0.0101214293390512,0.28111532330513,0.5404297113418579,0.3866145312786102,-0.2128880620002746,0.9427433013916016,0.5563755631446838,0.4018278419971466,0.023889172822237,0.2609112858772278,0.5396983623504639,0.3952386975288391,-0.1888533532619476,0.9152843356132508,0.5537668466567993,0.4219502210617065,0.0703411400318145,0.9975732564926147,0.5555887222290039,0.4257782399654388,-0.0704186037182807,0.9979158639907836,0.5495350360870361,0.2812266945838928,0.0738395079970359,0.2715759873390198,0.5547524094581604,0.2812344431877136,-0.0564651824533939,0.7991769909858704,0.547091543674469,0.1376567929983139,0.1217261105775833,0.393147200345993,0.5495031476020813,0.1327491551637649,-0.0061841201968491,0.8446374535560608,0.5505450963973999,0.1145664006471633,0.1217437237501144,0.5244795680046082,0.5535477995872498,0.10260721296072,-0.0052719716913998,0.8004319667816162,0.525337278842926,0.1158053651452064,0.0684839636087417,0.5915329456329346,0.5278063416481018,0.1065086424350738,-0.073838010430336,0.8684155941009521,hoyeon_stand_normal_01,25.96151,26.476405,25.079872,21.0,18.027756,14.035669,10.049876,7.615773,7.071068,7.615773,10.198039,13.152946,15.297059,17.464249,19.416488,20.880613,22.135944,22.847319,22.36068,21.095023,18.867962,15.264338,11.7047,9.0,10.29563,14.866069,10.0,11.661904,12.529964,13.416408,13.416408,12.083046,11.18034,10.29563,9.433981,9.219544,9.219544,9.433981,10.29563,10.29563,11.661904,11.18034,11.661904,10.816654,10.29563,9.848858,9.219544,10.049876,11.7047,15.652476,19.235384,22.36068,13.202272,13.0950535,13.2872255,12.7201535,12.883498,12.6224805,12.647815,11.78865,11.224535,10.6394105,10.7946895,10.752659,11.251204,12.5897505,13.5586215,14.083054999999998,15.083021,15.0966405,14.6121685,13.866,13.915476,15.011358,16.2483885,17.0507265,17.153288500000002,16.6332615,9.732006,9.87967,9.6290135,8.8216585,9.514693,10.6889205,11.6231055,10.3586445,9.7946825,8.54951,7.138831499999999,6.7898695,7.826238,8.634553499999999,9.109772,9.140055,9.0687125,9.7100825,8.6485295,9.3815275,10.184303,11.107256,12.3718595,13.3009075,12.8095745,13.2781745,14.035669,15.0,16.03122,17.029386,16.0,16.0,15.033296,13.152946,12.165525,10.198039,9.055385,7.0,6.082763,5.830952,6.403124,8.944272,11.7047,14.56022,17.720045,18.973666,21.540659,21.540659,21.023796,20.124612,17.492856,15.264338,11.18034,13.341664,14.56022,15.524175,15.811388,14.866069,13.928388,11.7047,9.486833,8.246211,6.0,5.09902,5.0,5.656854,6.403124,8.062258,8.602325,10.0,10.0,10.816654,10.816654,10.816654,10.816654,11.18034,10.77033,11.401754
hoyeon_stand_normal_01,1446,482,48.20263387978142,29.998360745314464,10,0.5340629816055298,0.6678995490074158,-0.071282759308815,0.998869776725769,0.5384619832038879,0.6813297867774963,-0.0628840774297714,0.9980570673942566,0.5393629670143127,0.6818393468856812,-0.0628922954201698,0.997736394405365,0.5403672456741333,0.6823921799659729,-0.0628647878766059,0.9981063604354858,0.5388814806938171,0.6817240715026855,-0.0868620797991752,0.9983043670654296,0.539991557598114,0.6823430061340332,-0.0868937969207763,0.9983007311820984,0.5412116646766663,0.682884693145752,-0.0869661048054695,0.9985170960426332,0.5489027500152588,0.6777817010879517,-0.0122537799179553,0.9953888058662416,0.5490342378616333,0.6771024465560913,-0.1203758493065834,0.9983091354370116,0.5371760129928589,0.6554358601570129,-0.0492358356714248,0.9986380934715272,0.5380319952964783,0.6551867723464966,-0.0805078223347663,0.9990049004554749,0.5573548674583435,0.60336834192276,0.0674009248614311,0.9991468787193298,0.5604814291000366,0.6076838374137878,-0.1714461296796798,0.999938189983368,0.5564643144607544,0.499068945646286,0.0878003910183906,0.1055002436041832,0.558222770690918,0.5040135383605957,-0.1984710991382599,0.9855804443359376,0.5592889189720154,0.4228921830654144,0.0341846793889999,0.2847386300563812,0.5438336730003357,0.415861040353775,-0.1899677217006683,0.9692017436027528,0.5617283582687378,0.3962783515453338,0.0277954097837209,0.2746183276176452,0.5441526770591736,0.3880844712257385,-0.2125530391931533,0.946617841720581,0.5555952191352844,0.392210304737091,0.0105779683217406,0.2811340391635895,0.5403993725776672,0.3865447640419006,-0.2130475640296936,0.9427865743637084,0.5555539727210999,0.401757538318634,0.0241299159824848,0.2609589993953705,0.5396732687950134,0.395191341638565,-0.1889904141426086,0.9153735637664796,0.5537273287773132,0.4221812486648559,0.0703116208314895,0.9975464940071106,0.5555729269981384,0.4259832203388214,-0.0703867971897125,0.99789297580719,0.5496417880058289,0.2812491059303283,0.0722853988409042,0.270347386598587,0.5547544956207275,0.2813076078891754,-0.0578666552901268,0.7970840930938721,0.5471467971801758,0.1375132650136947,0.1170293167233467,0.3917568325996399,0.5495949983596802,0.1327371001243591,-0.0102661550045013,0.8429770469665527,0.5506116151809692,0.114427201449871,0.116681270301342,0.5226888656616211,0.5535791516304016,0.1025644242763519,-0.0097098676487803,0.7990585565567017,0.5255885720252991,0.1157131269574165,0.0632748678326606,0.5894514918327332,0.5278599858283997,0.1065086871385574,-0.0784037038683891,0.866950511932373,hoyeon_stand_normal_01,25.238859,24.698178,23.259407,20.248457,16.763055,12.649111,8.944272,6.403124,6.324555,8.062258,9.219544,12.649111,14.56022,16.492423,18.439089,20.396078,21.213203,22.022716,22.0,20.099751,18.11077,15.033296,11.045361,9.433981,10.29563,14.866069,10.0,11.401754,12.206556,11.661904,11.661904,11.661904,10.29563,8.602325,8.485281,7.81025,8.062258,8.944272,9.486833,9.486833,10.440307,10.440307,9.848858,9.486833,9.486833,8.246211,7.0,7.615773,10.630146,13.453624,18.439089,21.213203,17.804494,17.804494,17.204651,15.264338,14.422205,13.416408,11.18034,9.486833,8.246211,6.0,5.385165,5.0,5.830952,7.071068,9.0,11.045361,14.142136,16.278821,18.248288,20.223748,20.099751,21.023796,20.0,18.027756,16.124515,12.165525,7.211103,5.656854,3.605551,1.0,1.414214,5.0,7.615773,9.486833,10.440307,11.18034,12.165525,11.045361,10.0,9.0,8.0,6.0,5.0,2.0,2.0,3.605551,5.656854,8.485281,10.630146,13.453624,15.620499,17.029386,16.401219,14.422205,13.038405,10.29563,9.219544,9.0,9.219544,11.7047,12.649111,14.866069,15.524175,17.464249,18.11077,19.0,20.099751,19.235384,19.646883,16.763055,14.866069,11.401754,8.062258,6.324555,7.211103,10.198039,14.142136,16.124515,8.602325,6.708204,5.09902,4.472136,7.071068,8.062258,11.18034,13.892444,14.422205,16.643317,15.811388,15.620499,14.866069,13.453624,12.727922,12.041595,10.630146,9.899495,10.0,10.816654,11.661904,13.416408,14.764823,16.552945,18.35756,17.492856
hoyeon_stand_normal_01,1449,483,48.302639344262296,29.998360745314464,10,0.5340090394020081,0.6679120659828186,-0.0741840973496437,0.9988771080970764,0.5383917093276978,0.6813280582427979,-0.0659166052937507,0.9980731010437012,0.5392859578132629,0.681837797164917,-0.0659220144152641,0.9977529644966124,0.5402819514274597,0.6823909878730774,-0.0658944323658943,0.9981193542480468,0.5388238430023193,0.6817225217819214,-0.0898430049419403,0.9983210563659668,0.5399382710456848,0.6823410987854004,-0.0898773223161697,0.998318612575531,0.541161835193634,0.6828813552856445,-0.089951142668724,0.9985344409942628,0.5487889647483826,0.6777821183204651,-0.0150727042928338,0.9954209923744202,0.5489600896835327,0.6770934462547302,-0.1229258030652999,0.998328447341919,0.5370686650276184,0.6554504632949829,-0.052027154713869,0.9986487030982972,0.5379409790039062,0.6552009582519531,-0.0832294300198555,0.9990139603614808,0.5571630001068115,0.6033362150192261,0.0652635022997856,0.9991469979286194,0.560455322265625,0.6075398921966553,-0.1731072068214416,0.9999383687973022,0.5563960671424866,0.4990626573562622,0.0872037038207054,0.1065198928117752,0.5582005977630615,0.503877580165863,-0.1993990391492843,0.9855644106864928,0.5578453540802002,0.4228379130363464,0.0340992286801338,0.2860153615474701,0.5438234806060791,0.4157902896404266,-0.1900494247674942,0.969281792640686,0.5598567724227905,0.3961106538772583,0.027759376913309,0.2757508158683777,0.5441362261772156,0.3880514800548553,-0.2126926630735397,0.9467861652374268,0.5522964000701904,0.3919216394424438,0.0104632666334509,0.282365620136261,0.5403759479522705,0.3865247666835785,-0.2132274210453033,0.9430012106895448,0.552506148815155,0.401638388633728,0.0240038130432367,0.2622179985046386,0.5396478176116943,0.3951843678951263,-0.189208522439003,0.9157127141952516,0.5535115599632263,0.4222697913646698,0.0702797621488571,0.9975115060806274,0.555571436882019,0.426035076379776,-0.0703526735305786,0.9978669285774232,0.5496553778648376,0.2812607884407043,0.0720842182636261,0.2690111696720123,0.5547512173652649,0.2813200652599334,-0.0585557594895362,0.7947860956192017,0.5471559166908264,0.1373870968818664,0.1165801510214805,0.3897681832313537,0.549645185470581,0.1327180713415146,-0.0112646631896495,0.8410195708274841,0.5506073236465454,0.1143181845545768,0.1162166744470596,0.5200154781341553,0.553600549697876,0.102424569427967,-0.0107472473755478,0.7972509264945984,0.5255876183509827,0.1155358180403709,0.0627747252583503,0.5870938897132874,0.5279021859169006,0.1064263582229614,-0.0797297433018684,0.8652454614639282,hoyeon_stand_normal_01,7.071068,7.071068,9.219544,13.0,15.231546,17.464249,17.464249,18.384776,18.027756,17.088007,14.866069,13.601471,11.7047,9.848858,7.211103,5.830952,5.09902,8.062258,12.041595,16.278821,20.518285,24.041631,27.658633,29.410882,29.154759,26.832816,8.062258,8.544004,8.246211,9.0,9.055385,9.219544,10.440307,10.440307,9.848858,9.848858,8.944272,8.062258,6.708204,5.656854,4.472136,5.09902,6.082763,8.544004,11.18034,12.529964,15.652476,16.552945,17.464249,17.088007,15.811388,13.928388,8.602325,9.486833,10.049876,12.041595,13.152946,13.601471,15.231546,16.552945,16.552945,17.888544,17.888544,17.888544,18.788294,17.888544,17.888544,16.552945,15.652476,13.416408,10.816654,9.219544,7.28011,9.219544,12.083046,16.124515,19.235384,21.023796,11.18034,14.035669,17.0,18.11077,18.439089,17.088007,14.764823,12.206556,9.219544,6.403124,3.162278,1.0,4.242641,5.830952,8.944272,10.77033,12.649111,14.56022,15.132746,16.124515,16.03122,16.03122,15.033296,13.152946,12.369317,9.848858,17.204651,15.0,13.453624,12.041595,9.433981,9.486833,10.049876,12.0,13.0,15.0,17.029386,18.11077,19.416488,20.248457,20.615528,20.59126,20.248457,18.601075,15.811388,12.206556,8.944272,7.0,8.062258,10.630146,13.601471,15.811388,8.485281,6.403124,5.385165,5.09902,7.211103,9.219544,12.041595,14.142136,14.866069,15.620499,17.029386,15.811388,15.264338,13.892444,12.529964,12.083046,11.18034,10.816654,10.816654,10.630146,12.727922,12.727922,15.556349,16.970563,18.384776,18.439089
hoyeon_stand_normal_01,1452,484,48.40264480874317,29.998360745314464,10,0.5340002775192261,0.6679075360298157,-0.0743316635489463,0.9988850355148317,0.5383650064468384,0.6812909841537476,-0.0661353170871734,0.9980862736701964,0.5392522811889648,0.6818060278892517,-0.0661405473947525,0.9977633953094482,0.5402393341064453,0.6823648810386658,-0.0661135613918304,0.9981277585029602,0.5388100743293762,0.681688129901886,-0.0899802148342132,0.998335063457489,0.5399289727210999,0.6823132634162903,-0.0900143831968307,0.9983317255973816,0.5411546230316162,0.6828557252883911,-0.0900884047150611,0.9985488653182985,0.5487037897109985,0.6777780055999756,-0.0154588911682367,0.9954424500465392,0.5489267110824585,0.6770718097686768,-0.1229706704616546,0.9983443021774292,0.5370293259620667,0.6554514169692993,-0.0522168986499309,0.9986582398414612,0.5379189848899841,0.655200719833374,-0.0833218991756439,0.9990224242210388,0.5568143129348755,0.6033112406730652,0.0643302649259567,0.9991523623466492,0.56045001745224,0.6075084209442139,-0.1730504930019378,0.9999385476112366,0.5561661124229431,0.4991008639335632,0.0867742151021957,0.1079489886760711,0.5581943392753601,0.5038625001907349,-0.1987868100404739,0.9854697585105896,0.5569736361503601,0.4228248596191406,0.0338373035192489,0.2885342240333557,0.5438178777694702,0.4157668054103851,-0.1881558746099472,0.96930593252182,0.5589767098426819,0.3960757553577423,0.0273570287972688,0.2778042256832123,0.544127345085144,0.3880415260791778,-0.2099964320659637,0.9468502998352052,0.5509939789772034,0.3917978405952453,0.0100657381117343,0.2845431864261627,0.5403585433959961,0.3865176439285278,-0.2111764848232269,0.943111777305603,0.551278293132782,0.4016079902648926,0.0237475633621215,0.2642208635807037,0.5396328568458557,0.395181655883789,-0.1873910874128341,0.915960967540741,0.5530317425727844,0.4223792552947998,0.0695363581180572,0.997484564781189,0.555569052696228,0.4261375069618225,-0.0696035921573638,0.997848629951477,0.5496564507484436,0.2813034951686859,0.0718169137835502,0.2684755027294159,0.5547495484352112,0.2813485562801361,-0.0585107766091823,0.7902981638908386,0.5471555590629578,0.1372765600681305,0.1169618293642997,0.387405514717102,0.5496395826339722,0.1327027082443237,-0.010754445567727,0.8370610475540161,0.5505685210227966,0.114271767437458,0.1167203485965728,0.5167461633682251,0.553593099117279,0.1024471372365951,-0.0102467974647879,0.7931113839149475,0.5257126092910767,0.1149068623781204,0.0633407160639762,0.5839967131614685,0.5279664397239685,0.1060163602232933,-0.0795973762869834,0.8620699644088745,hoyeon_stand_normal_01,7.81025,8.062258,9.219544,11.18034,13.892444,14.764823,15.652476,16.552945,15.231546,14.317821,13.0,10.77033,9.848858,8.062258,6.403124,4.472136,6.082763,8.602325,12.041595,16.278821,20.518285,24.083189,27.202941,28.301943,27.730849,25.632011,9.219544,8.544004,8.944272,9.433981,10.630146,9.899495,10.630146,11.401754,11.401754,11.401754,10.0,9.433981,8.062258,6.708204,6.082763,6.082763,6.324555,8.602325,10.0,12.806248,14.21267,16.401219,17.204651,17.204651,15.811388,13.038405,10.198039,11.0,11.401754,12.083046,13.038405,14.21267,15.556349,16.278821,17.029386,17.029386,18.439089,18.439089,19.104973,19.104973,17.691806,16.970563,15.556349,13.453624,11.401754,8.544004,7.071068,8.602325,12.041595,15.620499,19.209373,22.022716,13.453624,15.556349,18.439089,18.867962,18.788294,18.027756,16.278821,13.038405,9.0,6.082763,2.0,1.414214,4.472136,7.211103,10.0,12.041595,14.142136,16.278821,17.804494,18.601075,18.601075,18.027756,17.204651,15.811388,14.21267,12.041595,16.155494,14.317821,12.529964,10.816654,8.485281,8.944272,9.219544,11.045361,12.041595,14.142136,15.297059,17.720045,18.027756,18.788294,19.723083,19.209373,18.439089,16.970563,14.142136,11.313708,8.062258,6.0,7.211103,10.0,13.038405,16.643317,9.486833,7.615773,5.656854,5.385165,7.071068,8.544004,11.18034,13.416408,15.231546,16.155494,15.811388,15.524175,14.317821,14.142136,13.152946,11.045361,11.045361,10.198039,10.440307,10.77033,11.661904,13.038405,15.264338,16.643317,17.0,17.888544
hoyeon_stand_normal_01,1455,485,48.50265027322404,29.998360745314464,10,0.5339959859848022,0.6679191589355469,-0.0741201117634773,0.99889874458313,0.5383557081222534,0.6812877655029297,-0.0658560395240783,0.998111367225647,0.5392393469810486,0.6818039417266846,-0.0658621788024902,0.9977890849113464,0.5402208566665649,0.6823631525039673,-0.0658347904682159,0.9981491565704346,0.5388050675392151,0.6816819310188293,-0.0897885710000991,0.9983574748039246,0.5399240851402283,0.6823064684867859,-0.0898223221302032,0.9983533024787904,0.5411487221717834,0.6828477382659912,-0.0898966565728187,0.9985701441764832,0.5486499667167664,0.6777785420417786,-0.0151306288316845,0.9954969882965088,0.548895537853241,0.6770650148391724,-0.1229468882083892,0.9983680248260498,0.5370047688484192,0.6554684042930603,-0.0519720949232578,0.9986739158630372,0.5379047393798828,0.6552202701568604,-0.0831917822360992,0.9990344643592834,0.5566995143890381,0.6032883524894714,0.0647462680935859,0.9991581439971924,0.560430645942688,0.607495129108429,-0.1728079169988632,0.9999386072158812,0.5560571551322937,0.4991163909435272,0.0869869217276573,0.1090252697467804,0.5581926107406616,0.5038642287254333,-0.1982894539833068,0.9853389263153076,0.5563948154449463,0.4228241145610809,0.0347186438739299,0.2903985679149627,0.5438086986541748,0.4158190488815307,-0.1863109469413757,0.9691700339317322,0.5559203028678894,0.3959293365478515,0.0283315647393465,0.2793568670749664,0.5441147685050964,0.3880921900272369,-0.2077398747205734,0.94666588306427,0.550225019454956,0.3917366564273834,0.0109589649364352,0.2862063646316528,0.5403459668159485,0.3865461945533752,-0.2089683413505554,0.942951202392578,0.5504776239395142,0.4015911519527435,0.0245973542332649,0.2657759487628937,0.5396245121955872,0.3952063918113708,-0.1854893267154693,0.915831446647644,0.5530111789703369,0.4225716888904571,0.06937126070261,0.9974612593650818,0.5555246472358704,0.4263655245304107,-0.0694357007741928,0.9978288412094116,0.5496702790260315,0.2812909483909607,0.0709749981760978,0.2682384848594665,0.554732620716095,0.2813509404659271,-0.0590524673461914,0.7867593765258789,0.5471567511558533,0.1371179521083831,0.1150744035840034,0.386173278093338,0.5496264696121216,0.1326892226934433,-0.0114039247855544,0.8343116641044617,0.5505660176277161,0.1140881180763244,0.114690788090229,0.5144897699356079,0.5535644292831421,0.1024079173803329,-0.0107748266309499,0.790230929851532,0.5260576009750366,0.1143447458744049,0.0610456131398677,0.5816301107406616,0.528069257736206,0.1059070080518722,-0.079648457467556,0.8597038984298706,hoyeon_stand_normal_01,7.615773,7.071068,8.944272,11.401754,13.453624,15.556349,16.970563,16.278821,16.278821,15.0,13.601471,12.206556,10.0,8.485281,6.403124,4.123106,5.0,6.708204,10.77033,15.524175,18.973666,23.4094,26.0,27.294688,26.627054,24.839485,8.062258,8.246211,7.28011,8.062258,8.602325,9.219544,9.899495,10.630146,10.630146,10.0,10.0,8.602325,7.615773,6.324555,6.0,6.324555,7.211103,9.219544,11.313708,13.453624,14.866069,16.970563,17.691806,17.691806,16.278821,13.453624,17.204651,17.204651,16.643317,16.124515,13.416408,13.0,10.440307,9.219544,8.0,7.071068,5.385165,5.656854,6.708204,8.062258,10.0,12.041595,15.132746,17.117243,19.104973,21.095023,22.090722,22.022716,21.023796,19.104973,16.278821,13.341664,8.944272,6.708204,4.472136,1.414214,1.0,4.472136,6.708204,8.544004,10.440307,11.18034,11.045361,11.0,10.0,9.055385,8.062258,6.082763,4.123106,2.0,1.0,2.828427,5.0,8.602325,10.630146,12.806248,14.21267,16.401219,14.8714415,14.571068,13.669651,13.2100725,12.258301500000002,12.1485295,11.7686825,11.7097205,12.35235,11.888623,11.569974,11.894402,11.124144,11.3159245,12.512492,13.4255785,15.409121,15.0523595,15.526321499999998,15.041648,13.9624295,12.816811,14.338893,14.4931665,15.571068,15.0084795,10.820365,10.833731,10.5982765,10.7501195,11.4021715,12.111412,13.2185765,12.9223265,12.6194295,12.2823855,11.0730895,10.474416,10.474416,10.2686125,9.757226,10.0020395,9.3011625,9.9497475,9.9497475,10.408327,11.239279,11.673309,12.6974845,13.012004999999998,14.154755,14.604048
hoyeon_stand_normal_01,1458,486,48.602655737704914,29.998360745314464,10,0.5339914560317993,0.6679083108901978,-0.0736486837267875,0.9989182353019714,0.5383402109146118,0.6812204122543335,-0.0654816180467605,0.9981420636177064,0.5392201542854309,0.6817380785942078,-0.0654861479997634,0.99782133102417,0.5401977896690369,0.6823010444641113,-0.0654592141509056,0.9981774687767028,0.5387970805168152,0.681613564491272,-0.0894018784165382,0.9983862042427064,0.5399189591407776,0.6822412610054016,-0.0894354879856109,0.998381495475769,0.5411451458930969,0.6827822923660278,-0.0895086675882339,0.9985964298248292,0.5486071705818176,0.6777337789535522,-0.0148658603429794,0.995564341545105,0.5488814115524292,0.6770063042640686,-0.1226813495159149,0.9983965754508972,0.5369845032691956,0.6554594039916992,-0.0515404157340526,0.9986968636512756,0.5378966927528381,0.6552086472511292,-0.0827582776546478,0.9990518093109132,0.5565186142921448,0.603238582611084,0.0650482103228569,0.9991644024848938,0.5604292750358582,0.607490062713623,-0.1725430637598037,0.9999389052391052,0.5558205842971802,0.4991167485713959,0.0885409787297248,0.110149934887886,0.558198869228363,0.5038972496986389,-0.1983097493648529,0.9853240847587584,0.5558544397354126,0.4228222072124481,0.0361371412873268,0.2924807667732239,0.5438141226768494,0.4159027934074402,-0.1868026107549667,0.969190239906311,0.554555356502533,0.3958115577697754,0.0297521091997623,0.2811307311058044,0.5441331267356873,0.3882089853286743,-0.2084436416625976,0.9467164874076844,0.5496208071708679,0.3916884958744049,0.0121862292289733,0.2880838811397552,0.5403645038604736,0.3866333663463592,-0.2095349878072738,0.9430134296417236,0.5496708750724792,0.4016105532646179,0.0259263198822736,0.2676127254962921,0.5396344065666199,0.3952926993370056,-0.1859503239393234,0.9159431457519532,0.5526478886604309,0.4225824773311615,0.0694086104631424,0.9974417090415956,0.5554984211921692,0.4263773560523987,-0.0694727152585983,0.9978099465370178,0.5496379137039185,0.2811454832553863,0.0704634487628936,0.2674627602100372,0.5546837449073792,0.2812511920928955,-0.060052216053009,0.7853156924247742,0.5471484065055847,0.136948212981224,0.1136825084686279,0.384273499250412,0.5496215224266052,0.1326220035552978,-0.0136111490428447,0.8327223062515259,0.5505641102790833,0.113919973373413,0.1132071688771247,0.5123295187950134,0.5535659790039062,0.1021734103560447,-0.0131131205707788,0.7886271476745605,0.5260499119758606,0.1141060516238212,0.0596572682261467,0.5793907642364502,0.5280703902244568,0.105862520635128,-0.0820234939455986,0.858257532119751,hoyeon_stand_normal_01,21.470911,21.540659,19.924859,17.464249,14.142136,11.045361,8.062258,4.472136,3.605551,5.09902,7.28011,9.486833,11.7047,13.601471,15.524175,16.492423,18.248288,19.104973,19.0,18.027756,15.033296,12.041595,8.062258,6.403124,8.544004,13.152946,9.486833,10.440307,12.165525,12.165525,12.165525,11.045361,10.049876,9.219544,8.246211,7.615773,7.211103,7.071068,7.81025,8.602325,8.602325,10.0,10.0,9.219544,8.602325,7.211103,6.324555,6.0,7.615773,10.816654,14.21267,17.804494,10.198039,10.29563,10.630146,11.401754,13.416408,13.928388,15.524175,16.278821,17.262677,18.248288,18.248288,18.11077,18.248288,18.248288,18.248288,16.278821,15.132746,13.152946,10.0,7.28011,7.071068,8.246211,13.0,16.03122,20.024984,23.0,13.416408,16.643317,18.601075,20.518285,19.849433,18.867962,17.0,13.928388,10.440307,6.082763,2.0,1.0,5.0,8.062258,10.440307,12.649111,14.317821,17.0,17.492856,18.867962,19.416488,18.027756,17.492856,15.264338,14.317821,11.401754,16.763055,15.524175,13.341664,10.049876,9.055385,8.544004,9.433981,11.401754,13.453624,14.21267,16.401219,17.492856,18.788294,20.248457,19.646883,20.396078,19.104973,18.027756,15.033296,11.045361,8.246211,7.071068,7.28011,11.045361,14.142136,16.278821,8.246211,7.071068,5.09902,5.0,6.708204,9.219544,12.165525,14.142136,15.297059,15.524175,15.811388,16.155494,14.764823,13.892444,13.038405,11.661904,11.18034,9.848858,10.440307,11.401754,12.165525,14.142136,15.132746,17.117243,18.439089,18.439089
hoyeon_stand_normal_01,1461,487,48.702661202185794,29.998360745314464,10,0.5339900255203247,0.6679092049598694,-0.0732142999768257,0.9989393949508668,0.5383384823799133,0.6812087893486023,-0.0651534348726272,0.9981761574745178,0.5392166376113892,0.6817241311073303,-0.0651570633053779,0.9978583455085754,0.5401918292045593,0.682285726070404,-0.0651308968663215,0.9982092976570128,0.5387983322143555,0.6816030144691467,-0.0890086367726326,0.9984170198440552,0.5399227738380432,0.6822292804718018,-0.0890423730015754,0.9984120726585388,0.5411508679389954,0.6827680468559265,-0.0891148671507835,0.9986248016357422,0.5485919713973999,0.67771315574646,-0.0147657385095953,0.9956443905830384,0.5488802790641785,0.676981508731842,-0.1223369687795639,0.9984283447265624,0.5369789600372314,0.6554598808288574,-0.051202118396759,0.9987231492996216,0.5378966927528381,0.6552082896232605,-0.0823407098650932,0.9990715384483336,0.5563086271286011,0.6032137870788574,0.0652227699756622,0.9991716146469116,0.5604449510574341,0.6074663996696472,-0.172079786658287,0.9999391436576844,0.555453896522522,0.4991097450256347,0.0889614000916481,0.1116028577089309,0.5582088828086853,0.5039052963256836,-0.1977885663509369,0.9853171706199646,0.5547540783882141,0.422814279794693,0.0366843454539775,0.2951205372810364,0.54381263256073,0.4159621596336365,-0.1861369013786316,0.9692295789718628,0.5539178252220154,0.3956589996814728,0.030237216502428,0.2833501398563385,0.5441420674324036,0.3882650136947632,-0.2075909674167633,0.946782886981964,0.5492457151412964,0.3916395604610443,0.0126901576295495,0.2904191613197326,0.540363073348999,0.3866824805736542,-0.2088263779878616,0.9430993795394896,0.5491855144500732,0.4015937447547912,0.0264768581837415,0.2698189616203308,0.5396326780319214,0.3953470289707184,-0.1853081285953521,0.9161186814308168,0.5524680614471436,0.4226719737052917,0.0692643970251083,0.997424840927124,0.5554983615875244,0.4264409244060516,-0.0693248510360717,0.9977952241897584,0.5496342778205872,0.2811118960380554,0.0688660964369773,0.2671826481819153,0.5546464323997498,0.2812338471412658,-0.0607658438384532,0.7832430601119995,0.5471484065055847,0.1369043737649917,0.1106200292706489,0.3830832540988922,0.5496202111244202,0.132636085152626,-0.0152112292125821,0.8307633996009827,0.5506113767623901,0.113788217306137,0.1099912002682685,0.5099949240684509,0.5535544157028198,0.1019936576485633,-0.0148068415001034,0.7864774465560913,0.5260431170463562,0.1140988543629646,0.0563420727849006,0.5776950716972351,0.5280739665031433,0.1059089675545692,-0.0836697518825531,0.8566009998321533,hoyeon_stand_normal_01,7.81025,7.615773,9.055385,11.045361,13.038405,15.033296,15.033296,15.033296,15.0,14.0,13.0,11.0,10.0,8.062258,6.324555,5.0,5.09902,7.071068,10.440307,14.56022,17.720045,20.880613,23.537205,24.186773,24.020824,23.021729,7.071068,7.0,7.0,7.071068,7.615773,8.062258,8.944272,9.433981,9.433981,9.433981,8.602325,7.81025,6.403124,5.830952,5.385165,5.0,6.082763,8.246211,9.486833,11.7047,13.928388,14.866069,15.524175,15.524175,14.56022,12.369317,17.464249,17.464249,16.492423,15.524175,13.928388,13.0,11.18034,9.433981,7.81025,5.830952,5.385165,5.0,5.385165,7.071068,9.219544,11.661904,13.892444,16.124515,18.35756,19.723083,21.095023,20.808652,20.0,18.439089,16.278821,12.727922,6.708204,5.385165,3.162278,3.0,6.082763,8.062258,10.440307,11.7047,12.083046,12.529964,11.661904,10.816654,10.0,8.602325,7.211103,5.0,3.162278,2.236068,3.162278,6.0,9.055385,11.18034,13.152946,16.124515,17.262677,12.808002333333334,12.806248,14.21267,15.620499,15.620499,16.401219,15.0,13.892444,12.529964,11.18034,9.848858,7.615773,5.830952,4.242641,4.123106,6.082763,7.615773,11.18034,13.892444,16.124515,18.788294,19.697716,20.248457,19.924859,18.973666,16.492423,13.341664,12.649111,13.601471,15.524175,16.278821,16.278821,15.132746,14.142136,12.165525,10.198039,8.544004,6.708204,5.656854,5.830952,6.324555,7.071068,7.071068,8.062258,9.055385,10.049876,10.049876,10.049876,10.049876,10.049876,10.049876,10.198039,10.77033
hoyeon_stand_normal_01,1464,488,48.80266666666667,29.998360745314464,10,0.5339911580085754,0.6679075956344604,-0.0731650963425636,0.9989595413208008,0.5383402109146118,0.6812019348144531,-0.065038077533245,0.9982094764709472,0.5392166972160339,0.6817153692245483,-0.0650421231985092,0.9978935718536376,0.540191113948822,0.6822747588157654,-0.0650156959891319,0.9982394576072692,0.5388110876083374,0.6815961003303528,-0.0889350548386573,0.9984463453292848,0.5399401187896729,0.6822207570075989,-0.0889686048030853,0.9984396696090698,0.5411698222160339,0.6827571392059326,-0.0890413001179695,0.9986513257026672,0.5485875010490417,0.6776880025863647,-0.0145890153944492,0.995723307132721,0.548883318901062,0.6769598722457886,-0.1223044171929359,0.9984582662582396,0.5369783639907837,0.6554563641548157,-0.0511223301291465,0.9987486600875854,0.5379046201705933,0.6552014350891113,-0.0823158174753189,0.99909108877182,0.5561792850494385,0.6031979918479919,0.0653171092271804,0.9991796016693116,0.5604553818702698,0.6074637770652771,-0.1719010174274444,0.9999394416809082,0.5553901791572571,0.4991134107112884,0.0887339860200882,0.1129846274852752,0.5582087635993958,0.5039753913879395,-0.197481095790863,0.9853171110153198,0.5547382235527039,0.4228092133998871,0.0355991907417774,0.2978851795196533,0.5438115000724792,0.4160048067569732,-0.1855276376008987,0.9692776799201964,0.5537189245223999,0.3955335915088653,0.0286471880972385,0.2855604290962219,0.5441539287567139,0.3882935047149658,-0.2068923860788345,0.9468254446983336,0.5491304993629456,0.391590416431427,0.0112691633403301,0.2927367389202118,0.5403630137443542,0.3867073953151703,-0.2082476466894149,0.9431539177894592,0.5490488409996033,0.4015832543373108,0.0253973621875047,0.2719570994377136,0.539630651473999,0.3953856825828552,-0.1847231090068817,0.9162989258766174,0.5522125363349915,0.4227052330970764,0.0688615888357162,0.9974132180213928,0.5555062890052795,0.4264566302299499,-0.0689173638820648,0.9977869391441344,0.5495809316635132,0.2811098396778106,0.0688153505325317,0.2664489150047302,0.5546436309814453,0.2812350988388061,-0.0606904365122318,0.7794966697692871,0.5471420884132385,0.1368235200643539,0.1113969013094902,0.3805520534515381,0.5496189594268799,0.1326339989900589,-0.0143936704844236,0.8273034691810608,0.5505604147911072,0.11373932659626,0.110889121890068,0.5063900947570801,0.5534330010414124,0.1018304452300071,-0.0138868782669305,0.7830954194068909,0.5259965658187866,0.1141142696142196,0.0572236329317092,0.5749695897102356,0.5280789136886597,0.1059339791536331,-0.0826814025640487,0.853894054889679,hoyeon_stand_normal_01,22.967056,22.8239105,21.73414,19.0524865,16.015610000000002,12.041595,9.109772,6.0466845,4.6213205,6.085044,7.5,10.5476185,12.54,14.5344825,16.530303,17.5,19.525641,20.099998,19.815731,18.0728955,16.143615,12.985394,9.056067,6.994157,8.3322915,12.2261815,9.5711555,10.975335,11.7216745,11.7216745,11.59017,10.5990195,9.609772,8.650798,7.930992,7.413437999999999,7.440659,8.1477655,8.9109345,9.666738,10.0320635,10.0320635,9.666738,9.666738,9.666738,7.936254,6.994157,7.035534,8.744138,12.144801,15.9679515,19.051673,17.204651,17.204651,16.401219,14.866069,14.142136,12.041595,10.630146,8.602325,6.708204,6.082763,4.0,4.472136,5.0,6.324555,9.219544,11.045361,14.035669,16.03122,18.027756,20.099751,21.095023,21.213203,20.396078,18.681542,15.811388,12.649111,7.071068,5.656854,2.828427,3.162278,5.385165,8.246211,10.049876,12.041595,13.0,13.038405,12.165525,11.18034,10.440307,8.246211,7.28011,5.09902,3.0,1.414214,3.162278,5.385165,8.062258,11.661904,13.038405,15.264338,16.643317,14.214250666666668,17.262677,16.278821,13.341664,11.7047,9.433981,9.899495,10.816654,11.18034,13.416408,15.652476,17.0,18.027756,19.209373,19.849433,21.260292,20.615528,20.248457,18.35756,15.652476,12.529964,9.219544,6.708204,7.071068,10.29563,13.038405,15.811388,8.246211,6.708204,5.656854,5.385165,8.0,10.198039,13.341664,14.317821,16.278821,17.262677,17.117243,17.029386,16.0,14.0,13.0,13.038405,11.045361,11.0,11.18034,11.18034,12.649111,13.601471,15.811388,17.088007,17.720045,18.681542
hoyeon_stand_normal_01,1467,489,48.90267213114754,29.998360745314464,10,0.5339957475662231,0.6679151654243469,-0.0715381279587745,0.9989759922027588,0.5383397936820984,0.6812156438827515,-0.0634173080325126,0.9982362389564514,0.5392134785652161,0.6817245483398438,-0.0634213536977768,0.9979225397109984,0.5401831865310669,0.6822799444198608,-0.0633939206600189,0.9982651472091676,0.5388205647468567,0.6816145181655884,-0.087339736521244,0.9984691739082336,0.5399535298347473,0.6822364330291748,-0.0873714983463287,0.9984614849090576,0.5411857962608337,0.6827702522277832,-0.0874429941177368,0.9986709952354432,0.5485796332359314,0.6776988506317139,-0.0131013663485646,0.995782196521759,0.5488879084587097,0.6769839525222778,-0.1209645047783851,0.9984792470932008,0.5369821190834045,0.6554561853408813,-0.0495506078004837,0.9987695217132568,0.5379313230514526,0.6552061438560486,-0.0807754918932914,0.99910569190979,0.5561822652816772,0.6031942367553711,0.0670146569609642,0.9991873502731324,0.5604551434516907,0.6074900031089783,-0.1713912189006805,0.9999400973320008,0.5553926229476929,0.4991206526756286,0.0899152979254722,0.1134352162480354,0.558201253414154,0.5041688084602356,-0.1975379735231399,0.9853782057762146,0.5547927021980286,0.4228002429008484,0.0363033674657344,0.2989028394222259,0.5437949299812317,0.4160305261611938,-0.1862878501415252,0.9694154858589172,0.5548785328865051,0.3955317437648773,0.0294720903038978,0.2863656282424927,0.544150173664093,0.3882969319820404,-0.2080274224281311,0.947033941745758,0.5497600436210632,0.3915688395500183,0.0119913313537836,0.293536365032196,0.5403567552566528,0.3867084383964538,-0.2091031670570373,0.9433600306510924,0.5496065616607666,0.4015426635742187,0.0260716583579778,0.2727537155151367,0.5396196246147156,0.3953877985477447,-0.1854316592216491,0.916584849357605,0.552174985408783,0.4227314591407776,0.0690635219216346,0.9974207878112792,0.5554826259613037,0.426487922668457,-0.0691201537847518,0.9977916479110718,0.5494873523712158,0.2810913324356079,0.069016620516777,0.2658092975616455,0.5546156764030457,0.2812207043170929,-0.0606071092188358,0.7794513702392578,0.5471372604370117,0.136827141046524,0.1123520210385322,0.3794774711132049,0.5496158599853516,0.1326445341110229,-0.0139451120048761,0.8269134759902954,0.5505601167678833,0.1137484163045883,0.1119274422526359,0.505861759185791,0.5534416437149048,0.1018084734678268,-0.0134072182700037,0.7827768921852112,0.5256426334381104,0.1145245283842086,0.0582356303930282,0.5739574432373047,0.5279833674430847,0.1061119213700294,-0.0821763202548027,0.8535641431808472,hoyeon_stand_normal_01,22.203603,23.021729,21.023796,18.248288,15.297059,11.401754,8.062258,5.09902,4.242641,6.324555,8.062258,10.049876,12.041595,14.142136,16.124515,17.464249,19.646883,20.248457,19.697716,18.788294,16.124515,13.416408,9.486833,7.28011,9.899495,13.601471,10.198039,11.18034,13.038405,13.038405,13.0,12.041595,11.045361,10.0,9.055385,8.246211,7.615773,8.062258,8.602325,9.219544,9.219544,10.630146,10.0,10.0,9.219544,8.485281,7.211103,7.071068,9.055385,11.401754,15.811388,18.973666,17.029386,16.970563,15.556349,14.866069,12.806248,12.206556,10.29563,8.544004,7.28011,5.0,4.472136,5.0,6.324555,8.062258,10.0,12.041595,15.033296,17.029386,19.026298,21.023796,22.0,22.0,21.095023,19.104973,17.262677,13.341664,7.211103,5.0,3.605551,1.0,3.0,6.082763,8.062258,10.0,12.0,13.038405,13.152946,12.165525,11.401754,10.440307,8.544004,7.28011,5.385165,3.162278,2.0,2.236068,4.472136,7.211103,10.0,12.806248,14.21267,15.620499,13.416408,15.231546,16.155494,16.155494,16.552945,16.552945,14.764823,13.892444,12.206556,10.0,8.602325,7.211103,6.082763,5.0,5.830952,7.81025,10.630146,12.806248,15.620499,18.439089,19.849433,19.79899,19.849433,18.439089,16.401219,13.601471,11.401754,12.806248,14.866069,15.556349,14.866069,14.866069,13.453624,11.313708,9.219544,7.81025,6.324555,6.082763,6.082763,6.324555,7.615773,8.944272,8.944272,9.848858,11.18034,11.18034,11.18034,11.18034,11.18034,10.816654,11.313708,11.401754
hoyeon_stand_normal_01,1470,490,49.00267759562841,29.998360745314464,10,0.5339948534965515,0.6678882837295532,-0.0684013441205024,0.998988687992096,0.5383175015449524,0.681210994720459,-0.0601825229823589,0.9982551336288452,0.5391712188720703,0.6817170977592468,-0.0601885393261909,0.9979432225227356,0.5401154160499573,0.6822709441184998,-0.0601611770689487,0.9982845783233644,0.5388203859329224,0.6816122531890869,-0.0841707214713096,0.9984851479530334,0.5399541258811951,0.6822344064712524,-0.0841998159885406,0.9984766244888306,0.5411885380744934,0.6827687621116638,-0.0842697322368621,0.9986846446990968,0.5485109090805054,0.6776981949806213,-0.0100338459014892,0.995824098587036,0.5488877892494202,0.6769905090332031,-0.1181869953870773,0.9984919428825378,0.536977231502533,0.6553919315338135,-0.0464969016611576,0.998782753944397,0.5379355549812317,0.6551728844642639,-0.0778031572699546,0.999114453792572,0.5561842322349548,0.6031719446182251,0.0701231136918068,0.9991888999938964,0.5604499578475952,0.6075389981269836,-0.1699704080820083,0.9999405145645142,0.5554097294807434,0.4991279244422912,0.0925572216510772,0.1131304875016212,0.5581710338592529,0.5044838786125183,-0.1973292678594589,0.9854477047920228,0.5549497008323669,0.4228025674819946,0.0392360091209411,0.2981221079826355,0.5437551140785217,0.4160758256912231,-0.1870105415582656,0.9695146083831788,0.5562343597412109,0.3955745100975036,0.0328406356275081,0.2856378257274627,0.5441256165504456,0.3883053064346313,-0.2092217355966568,0.9471786618232728,0.5507936477661133,0.3915911018848419,0.0152311045676469,0.2927360534667969,0.5403329133987427,0.3867139518260956,-0.2097122073173523,0.9434959292411804,0.5505580306053162,0.4015445113182068,0.0289838332682847,0.2721125781536102,0.5395945310592651,0.3953955173492431,-0.1860164552927017,0.9167332053184508,0.552154541015625,0.4227292537689209,0.0694332495331764,0.9974194765090942,0.5554777383804321,0.4264912605285644,-0.0694933980703353,0.997790515422821,0.5494194030761719,0.2810717821121216,0.0692548081278801,0.2652375102043152,0.5545313358306885,0.2812072336673736,-0.0605896599590778,0.7804510593414307,0.5471087694168091,0.136871188879013,0.1125934273004531,0.3783174157142639,0.5495970845222473,0.1326574832201004,-0.0138184167444705,0.8270004987716675,0.5505333542823792,0.1139142736792564,0.1122108846902847,0.5053993463516235,0.5534703135490417,0.1018153578042984,-0.013266840018332,0.7829014658927917,0.525296151638031,0.1149839237332344,0.0593008399009704,0.572881281375885,0.5278662443161011,0.1061820685863494,-0.0819151550531387,0.8536201119422913,hoyeon_stand_normal_01,25.079872,25.942244,23.853721,21.400935,17.691806,13.453624,9.219544,6.708204,5.09902,6.403124,9.219544,11.401754,14.21267,15.620499,18.439089,19.79899,21.260292,22.022716,21.633308,19.723083,17.0,13.892444,9.899495,8.544004,10.198039,14.866069,11.401754,12.649111,14.866069,15.231546,15.652476,13.892444,13.038405,11.661904,9.848858,9.486833,8.062258,9.055385,9.219544,10.198039,11.401754,11.18034,11.18034,11.18034,11.18034,10.440307,8.944272,8.485281,9.848858,13.341664,17.464249,21.587033,9.433981,10.630146,11.18034,11.7047,12.369317,14.142136,15.033296,15.0,16.0,16.03122,17.029386,17.029386,17.029386,17.029386,17.029386,16.03122,15.033296,13.038405,11.18034,8.544004,7.071068,8.246211,11.0,14.142136,17.262677,19.104973,12.165525,14.56022,16.155494,17.0,17.204651,16.278821,14.866069,11.401754,8.944272,5.09902,2.236068,1.414214,4.123106,7.071068,9.055385,12.0,13.038405,15.132746,15.297059,16.492423,16.763055,15.811388,14.866069,13.601471,12.165525,10.0,13.453624,15.556349,16.278821,16.278821,16.970563,16.278821,14.866069,13.601471,12.206556,10.816654,8.602325,7.071068,5.830952,5.09902,6.082763,8.544004,11.18034,13.416408,17.0,18.788294,19.697716,20.248457,20.248457,18.973666,16.492423,14.317821,11.401754,13.038405,14.764823,15.652476,15.652476,14.317821,13.0,11.18034,9.433981,7.81025,6.403124,5.385165,6.082763,7.0,7.071068,8.246211,9.219544,10.049876,10.049876,11.045361,11.045361,11.18034,11.18034,10.77033,11.18034,11.661904
hoyeon_stand_normal_01,1473,491,49.102683060109285,29.998360745314464,10,0.5340074300765991,0.6678006649017334,-0.0665074363350868,0.9990013241767884,0.5383170247077942,0.6811769604682922,-0.0582377463579177,0.998272716999054,0.5391655564308167,0.6816803812980652,-0.0582449883222579,0.99796324968338,0.5400965809822083,0.6822343468666077,-0.0582184642553329,0.9983035326004028,0.5388408899307251,0.6815900206565857,-0.0822500959038734,0.998500645160675,0.5399826765060425,0.6822160482406616,-0.0822784528136253,0.9984920024871826,0.5412253141403198,0.6827555298805237,-0.0823479890823364,0.9986981749534608,0.548477292060852,0.6776843070983887,-0.0081824855878949,0.9958680272102356,0.5489068627357483,0.676988959312439,-0.116409070789814,0.9985045194625854,0.5369805097579956,0.655278205871582,-0.0446508415043354,0.9987961053848268,0.5379671454429626,0.655079185962677,-0.0759808868169784,0.9991232752799988,0.556176483631134,0.6031515002250671,0.0718238800764083,0.9991890788078308,0.5604442358016968,0.6075541973114014,-0.1688196659088134,0.9999406337738036,0.5554128885269165,0.499127984046936,0.0946894884109497,0.1134773194789886,0.5581140518188477,0.504625141620636,-0.1967502683401107,0.9855363368988036,0.554999053478241,0.4227840304374695,0.0425023585557937,0.298635870218277,0.5437110066413879,0.4161027371883392,-0.1871129721403122,0.9696677923202516,0.5566939115524292,0.395576536655426,0.0364627391099929,0.2859786748886108,0.5441133975982666,0.3883171081542969,-0.209277406334877,0.9474032521247864,0.5509968996047974,0.3915749490261078,0.0187716223299503,0.2930448055267334,0.5403016805648804,0.386720061302185,-0.2098429054021835,0.943723738193512,0.550701379776001,0.4015432596206665,0.032255183905363,0.2725149095058441,0.5395429730415344,0.3954022228717804,-0.186132863163948,0.9170189499855042,0.5521523356437683,0.4227315485477447,0.0696410238742828,0.9974095225334167,0.555476725101471,0.4264963269233703,-0.0697040855884552,0.9977810978889464,0.5494142770767212,0.2810743749141693,0.0694559887051582,0.2651419043540954,0.5544559955596924,0.2812307476997375,-0.0610327906906604,0.7816643118858337,0.5470150709152222,0.1368961781263351,0.1130274757742881,0.3772793710231781,0.5494152903556824,0.132655918598175,-0.0151676218956708,0.8271917700767517,0.5505158305168152,0.1139463633298873,0.1126644164323806,0.504380464553833,0.5534648895263672,0.1018289774656295,-0.0147091643884778,0.7830812335014343,0.5250880718231201,0.1151653006672859,0.0597493574023246,0.5716403722763062,0.5277225375175476,0.1061819866299629,-0.0832230821251869,0.8537141680717468,hoyeon_stand_normal_01,24.698178,25.079872,23.4094,20.615528,17.262677,13.152946,10.440307,7.211103,6.403124,7.071068,9.0,11.0,13.038405,16.03122,18.0,19.026298,21.095023,21.213203,21.587033,20.615528,17.720045,14.56022,11.045361,8.544004,10.630146,14.422205,10.816654,13.601471,14.21267,14.866069,15.556349,15.0,13.601471,12.206556,10.630146,9.219544,8.602325,8.944272,9.486833,10.198039,10.198039,11.401754,11.401754,11.401754,11.401754,10.198039,9.055385,9.219544,10.29563,13.601471,17.691806,20.615528,16.731493,16.6079905,16.2767805,14.7744435,13.7111025,12.1093725,10.307160499999998,8.829554,7.3246675,6.1925825,4.611063,5.151544,5.701562,7.877553499999999,9.81601,12.1242855,14.6755585,17.331857499999998,18.9466335,20.6689075,21.9157955,21.828025500000003,21.0443935,19.262967000000003,16.744613,13.8857225,7.6366805,6.0466845,4.0388435000000005,1.5,2.5811390000000003,5.1029345,7.7631605,9.829925500000002,11.066461,11.7876625,12.5192025,11.6259585,10.725815,9.924845,8.7328775,6.6978115,4.88998,2.8027755,1.7071070000000002,2.236068,5.328427,7.7781745,10.4140925,12.4467235,14.591945,15.78794,17.0,16.0,14.035669,11.18034,9.486833,9.433981,9.899495,11.401754,13.038405,14.422205,15.620499,18.384776,19.104973,20.0,19.723083,20.124612,19.313208,18.027756,15.524175,11.7047,8.944272,6.403124,7.0,9.486833,12.083046,15.652476,9.219544,7.615773,6.403124,6.708204,8.062258,10.049876,12.165525,15.132746,16.03122,17.0,17.0,17.029386,16.124515,15.297059,13.341664,12.369317,12.165525,11.045361,11.0,12.0,13.152946,14.317821,16.278821,18.248288,19.104973,19.104973
hoyeon_stand_normal_01,1476,492,49.202688524590165,29.998360745314464,10,0.5340107083320618,0.6674176454544067,-0.0636838749051094,0.9990119338035583,0.5383001565933228,0.6808795928955078,-0.0554409995675087,0.9982897639274596,0.5391328930854797,0.6813956499099731,-0.0554496124386787,0.9979796409606934,0.5400439500808716,0.681968092918396,-0.0554245263338089,0.9983210563659668,0.5388411283493042,0.6813223361968994,-0.0794302448630333,0.9985138177871704,0.5399839878082275,0.6819803714752197,-0.0794571489095687,0.9985023140907288,0.5412294268608093,0.6825515627861023,-0.0795265510678291,0.9987088441848756,0.5484007596969604,0.6775628328323364,-0.0057759475894272,0.9959102869033812,0.5489073991775513,0.6769136786460876,-0.113943725824356,0.998512327671051,0.5369844436645508,0.6549083590507507,-0.0419788025319576,0.9988073110580444,0.538000762462616,0.6547356843948364,-0.0732856169342994,0.9991300106048584,0.5561828017234802,0.6031278371810913,0.0728324800729751,0.9991939067840576,0.5604330897331238,0.6075794696807861,-0.1660204082727432,0.9999403357505798,0.555432140827179,0.4991098344326019,0.0949416980147361,0.1146682128310203,0.5580727458000183,0.5046321153640747,-0.1934699863195419,0.9855555891990662,0.5551965832710266,0.4227493107318878,0.0425995104014873,0.3016062080860138,0.5436798334121704,0.4161044657230377,-0.1841609477996826,0.9698085784912108,0.5575706958770752,0.3956013321876526,0.0362288728356361,0.2881922125816345,0.5441110730171204,0.3883200585842132,-0.2060627937316894,0.947587549686432,0.5516473650932312,0.3915733695030212,0.0187846384942531,0.295238047838211,0.5402880907058716,0.3867217600345611,-0.2065257579088211,0.9439253211021424,0.5512179136276245,0.4015148282051086,0.0324504747986793,0.2744592130184173,0.5395123362541199,0.3954045474529266,-0.1831135004758834,0.917329728603363,0.5521480441093445,0.4226824641227722,0.0694116279482841,0.9973752498626708,0.5554725527763367,0.4264408349990845,-0.0694772079586982,0.9977493286132812,0.5494202971458435,0.2809647917747497,0.0686371475458145,0.2648952007293701,0.5544509887695312,0.2811505198478699,-0.0610078796744346,0.7777922749519348,0.5469328761100769,0.1368819922208786,0.1121020540595054,0.3738106787204742,0.5493091940879822,0.1326206177473068,-0.0150521844625473,0.8228844404220581,0.5504986047744751,0.1139403656125068,0.1117530092597007,0.5007563233375549,0.5534622669219971,0.1018270105123519,-0.0145343421027064,0.7790355682373047,0.5250842571258545,0.1151541545987129,0.0589452497661113,0.5670807361602783,0.5277230143547058,0.1061046347022056,-0.0829057395458221,0.8501972556114197,hoyeon_stand_normal_01,9.433981,9.055385,10.440307,13.0,15.652476,17.888544,17.888544,17.464249,17.088007,15.811388,13.928388,11.7047,10.77033,8.062258,7.071068,6.324555,7.28011,10.29563,13.601471,18.601075,23.600847,26.627054,30.016662,30.870698,30.675723,27.892651,11.401754,10.440307,9.848858,9.433981,9.899495,10.0,11.661904,12.529964,12.529964,12.083046,12.083046,11.18034,9.848858,8.544004,7.071068,7.071068,7.615773,8.602325,10.630146,13.453624,15.556349,17.691806,18.439089,17.804494,17.804494,15.0,10.0,10.198039,10.29563,11.401754,12.041595,12.806248,13.601471,13.892444,15.264338,15.652476,15.652476,16.124515,16.124515,17.0,16.124515,16.124515,13.892444,12.529964,9.848858,7.071068,6.324555,7.81025,10.77033,13.928388,17.088007,19.697716,12.206556,14.866069,16.278821,17.804494,17.492856,16.155494,14.56022,12.165525,9.0,5.0,2.0,1.0,4.472136,6.708204,9.433981,10.816654,12.806248,14.866069,15.556349,16.278821,17.029386,16.278821,14.866069,13.453624,12.041595,10.29563,13.341664,14.56022,15.811388,15.811388,15.811388,15.524175,14.317821,13.152946,11.045361,10.049876,8.062258,6.082763,5.385165,4.242641,5.09902,7.0,10.0,13.038405,15.033296,17.029386,19.0,19.026298,19.026298,18.11077,15.297059,12.369317,12.041595,13.0,15.033296,15.033296,15.132746,15.132746,13.152946,11.045361,10.0,8.062258,6.324555,5.830952,6.403124,7.211103,7.615773,8.544004,8.944272,9.848858,10.29563,11.18034,11.18034,11.18034,10.77033,10.440307,11.045361,11.045361
hoyeon_stand_normal_01,1479,493,49.30269398907104,29.998360745314464,10,0.5340108871459961,0.6671587824821472,-0.0643991231918335,0.9990239143371582,0.5382760167121887,0.6806060671806335,-0.0561685413122177,0.9983065128326416,0.539098858833313,0.6811447739601135,-0.0561765395104885,0.9979977607727052,0.5400000810623169,0.68175208568573,-0.0561509579420089,0.9983384609222412,0.538840115070343,0.6810750365257263,-0.0801448002457618,0.9985283017158508,0.5399852991104126,0.6817686557769775,-0.0801726430654525,0.9985161423683168,0.5412358045578003,0.6823729872703552,-0.0802425220608711,0.9987209439277648,0.5483757257461548,0.6775186657905579,-0.0063824248500168,0.9959510564804076,0.5489190220832825,0.6768600940704346,-0.1145101860165596,0.9985218644142152,0.5369847416877747,0.6547225117683411,-0.042643453925848,0.9988197088241576,0.5380173325538635,0.654563844203949,-0.0739363133907318,0.999137282371521,0.5561844110488892,0.6031269431114197,0.0725051611661911,0.99919992685318,0.5604425668716431,0.6075989603996277,-0.1661978662014007,0.9999402761459352,0.5554354190826416,0.4991188943386078,0.0945630520582199,0.1162988394498825,0.5580328106880188,0.504706621170044,-0.1935791224241256,0.9855961799621582,0.5555054545402527,0.4227422475814819,0.0422433875501155,0.3049999475479126,0.5436414480209351,0.4161179959774017,-0.1845926791429519,0.9700213670730592,0.5581843256950378,0.3956036865711212,0.0358623303472995,0.290885865688324,0.5440995693206787,0.3883209228515625,-0.2065356373786926,0.947945773601532,0.5522602796554565,0.3915676176548004,0.0184663813561201,0.2979188859462738,0.5402719378471375,0.3867223262786865,-0.2070471346378326,0.944316565990448,0.5518359541893005,0.4014635682106018,0.0321430638432502,0.2768922746181488,0.5394777059555054,0.3954038321971893,-0.1835627406835556,0.9178515672683716,0.5521236658096313,0.4227255880832672,0.0693207532167434,0.997361660003662,0.5554564595222473,0.4264680445194244,-0.0693880766630172,0.9977349042892456,0.5494970083236694,0.2811365723609924,0.0681719109416008,0.2651056051254272,0.5544795989990234,0.2813673615455627,-0.0610528513789176,0.7764037251472473,0.546936571598053,0.1368810534477234,0.1112498790025711,0.3724240064620971,0.5493106245994568,0.1326138377189636,-0.0154298339039087,0.8210532665252686,0.5505557656288147,0.1139419078826904,0.110880471765995,0.4990613162517547,0.553465723991394,0.1022507771849632,-0.0149223646149039,0.777003288269043,0.5250818133354187,0.1152284741401672,0.0581379197537899,0.565131425857544,0.5277506113052368,0.1061112582683563,-0.0830303728580474,0.8486406207084656,hoyeon_stand_normal_01,24.758837,24.839485,23.021729,20.59126,16.552945,13.416408,10.0,7.071068,7.28011,8.062258,10.440307,12.649111,14.56022,16.763055,18.681542,20.615528,21.377558,22.090722,22.022716,21.0,18.0,15.0,11.18034,9.433981,11.661904,15.811388,9.848858,12.529964,13.038405,14.21267,14.866069,14.142136,12.041595,10.630146,9.219544,7.211103,6.708204,7.071068,8.0,9.055385,10.0,11.0,11.045361,11.045361,10.049876,10.0,8.246211,8.944272,9.899495,13.601471,16.643317,20.808652,20.248457,20.248457,19.646883,18.439089,16.278821,15.132746,13.038405,10.0,8.062258,6.708204,5.656854,5.385165,6.082763,8.544004,11.18034,14.422205,18.027756,20.248457,23.323808,25.059928,25.942244,26.832816,26.0,23.086793,19.924859,15.524175,9.055385,7.071068,4.0,1.414214,3.605551,7.071068,10.630146,12.806248,14.422205,15.652476,15.231546,15.231546,13.601471,12.369317,10.440307,9.219544,6.324555,4.472136,2.236068,3.605551,6.403124,9.848858,13.416408,15.652476,18.384776,19.313208,13.8671145,15.903985,16.820476,16.820476,17.044003500000002,16.338729999999998,15.0145805,13.7469575,12.1240755,10.0,8.602325,6.708204,5.385165,5.09902,5.6080585,8.9109345,11.313708,13.79788,16.278821,18.7448745,19.8242115,20.2591425,20.307764,18.601075,16.643317,13.892444,11.661904,13.7469575,14.3174375,15.3387285,15.2781745,14.571068,13.1646965,11.357731,9.3267625,8.503264999999999,6.6978115,6.5413815,6.203659,6.5163795,7.8390155,8.7732985,9.1891265,10.072244,10.998497,11.216117,11.421122,11.421122,10.998497,11.7216745,11.313708,11.804155000000002
hoyeon_stand_normal_01,1482,494,49.40269945355191,29.998360745314464,10,0.5339953899383545,0.6666269898414612,-0.0651918202638626,0.9990370869636536,0.5381842851638794,0.679922342300415,-0.0568859837949276,0.998327910900116,0.5389919877052307,0.680486261844635,-0.0568944253027439,0.9980216026306152,0.5398858189582825,0.6811568737030029,-0.0568695105612278,0.9983589053153992,0.5387935042381287,0.6804637312889099,-0.0807314664125442,0.9985463619232178,0.5399558544158936,0.6812424063682556,-0.0807588770985603,0.9985335469245912,0.5412197709083557,0.681937038898468,-0.0808259770274162,0.9987363219261168,0.548304557800293,0.6772628426551819,-0.0070186392404139,0.9960090517997742,0.5489052534103394,0.6765969395637512,-0.1146358698606491,0.9985393285751344,0.536973237991333,0.6542103886604309,-0.0434373468160629,0.998834490776062,0.5380182862281799,0.6540310978889465,-0.0745755285024643,0.9991477131843568,0.5561859011650085,0.6030654311180115,0.0710009410977363,0.9992061853408812,0.560441792011261,0.6075474619865417,-0.16648530960083,0.9999403953552246,0.555449903011322,0.499030739068985,0.0928990468382835,0.1172522976994514,0.5579395890235901,0.5046406984329224,-0.1938801556825637,0.985638439655304,0.5557836294174194,0.4226850867271423,0.0416242480278015,0.306377112865448,0.5436118841171265,0.416065514087677,-0.1848549395799636,0.970057487487793,0.5585877895355225,0.395599901676178,0.0352555550634861,0.2918726205825805,0.5440943837165833,0.3882546424865722,-0.2067983001470565,0.9479831457138062,0.5525748133659363,0.3915320634841919,0.018124459311366,0.2988817393779754,0.5402613878250122,0.386654794216156,-0.2073416262865066,0.9443843364715576,0.5521842241287231,0.4013788104057312,0.031676311045885,0.2777469158172607,0.5394527912139893,0.3953225910663605,-0.1838362962007522,0.9179961681365968,0.5521466732025146,0.4226981699466705,0.069194920361042,0.997360110282898,0.5554553866386414,0.4263907372951507,-0.0692629441618919,0.9977318048477172,0.5497346520423889,0.2812529802322387,0.0683273822069168,0.2653724253177643,0.5545809864997864,0.2814632952213287,-0.0600333102047443,0.7752386331558228,0.546965479850769,0.136889174580574,0.1123854368925094,0.37123504281044,0.5493101477622986,0.1326117366552353,-0.0132348025217652,0.8193982839584351,0.5504398345947266,0.112787052989006,0.1121870055794715,0.4977255165576935,0.553472101688385,0.102521613240242,-0.0125095108523964,0.7755552530288696,0.5253718495368958,0.1152264773845672,0.0596336014568805,0.5634040236473083,0.5278103947639465,0.1061064973473548,-0.0799765139818191,0.8472490310668945,hoyeon_stand_normal_01,20.248457,21.023796,19.416488,17.204651,14.21267,10.630146,7.211103,5.09902,5.09902,6.403124,8.485281,9.899495,12.041595,14.142136,16.278821,17.029386,18.601075,18.867962,18.35756,17.888544,15.652476,12.529964,10.0,7.615773,10.0,13.152946,9.055385,10.049876,11.18034,12.369317,12.649111,12.083046,11.18034,9.848858,7.615773,7.28011,6.082763,6.082763,6.324555,7.28011,8.544004,9.486833,8.544004,9.486833,8.544004,7.615773,7.211103,7.071068,8.544004,11.401754,14.317821,17.464249,16.278821,16.124515,15.132746,15.033296,13.0,12.041595,10.198039,8.246211,7.615773,6.403124,5.0,5.09902,6.082763,7.615773,10.29563,12.206556,15.0,17.204651,19.416488,21.633308,22.472205,22.825424,22.36068,20.248457,18.027756,14.56022,8.062258,6.082763,4.123106,1.414214,2.828427,5.0,7.81025,9.219544,11.401754,12.206556,11.661904,11.18034,10.77033,9.848858,8.544004,6.324555,5.09902,3.162278,1.414214,2.236068,4.123106,7.28011,9.219544,12.369317,14.317821,15.297059,17.0,14.764823,13.416408,11.7047,9.055385,8.062258,9.848858,11.18034,12.529964,14.764823,16.155494,17.088007,17.720045,18.248288,20.024984,20.024984,18.11077,17.262677,15.297059,11.18034,8.0,5.830952,7.28011,10.049876,13.0,16.0,9.486833,8.246211,6.0,5.830952,7.81025,10.29563,12.083046,13.928388,16.155494,16.552945,17.0,16.643317,14.422205,14.21267,12.806248,12.041595,11.401754,11.401754,11.661904,11.18034,13.0,13.928388,15.811388,17.088007,18.384776,18.384776
hoyeon_stand_normal_01,1485,495,49.502704918032784,29.998360745314464,10,0.5339686274528503,0.6660324335098267,-0.0678811147809028,0.999054491519928,0.5380887389183044,0.6791953444480896,-0.0596763305366039,0.9983607530593872,0.5388985872268677,0.6797652244567871,-0.059683933854103,0.9980570673942566,0.5398046374320984,0.6804796457290649,-0.0596590302884578,0.998387098312378,0.538705587387085,0.6798016428947449,-0.0833123847842216,0.9985726475715636,0.5398805737495422,0.6806545853614807,-0.0833420827984809,0.9985578060150146,0.5411607623100281,0.6814485788345337,-0.0834082812070846,0.99875807762146,0.5482543110847473,0.676910936832428,-0.0096431486308574,0.9960899353027344,0.5488613843917847,0.6762620806694031,-0.1163961589336395,0.9985695481300354,0.5369592905044556,0.6535112261772156,-0.0460528209805488,0.998857855796814,0.5380068421363831,0.6533447504043579,-0.0769395902752876,0.999165177345276,0.5561918020248413,0.6030088663101196,0.0676472559571266,0.999220609664917,0.5604335069656372,0.6075259447097778,-0.1666778177022934,0.9999410510063172,0.555453360080719,0.4988564252853393,0.0883301720023155,0.1187558695673942,0.5579012036323547,0.5044950842857361,-0.1939778178930282,0.9857011437416076,0.5560178756713867,0.422559529542923,0.035184483975172,0.3098107874393463,0.5436089634895325,0.4159171283245086,-0.1831482946872711,0.9702237844467164,0.5588569641113281,0.3955802917480469,0.0278087425976991,0.2946084141731262,0.5440931916236877,0.3881283700466156,-0.204689010977745,0.9481886625289916,0.5527515411376953,0.3914222419261932,0.010853043757379,0.3016481399536133,0.5402587056159973,0.386503517627716,-0.2055462449789047,0.9446362853050232,0.5523739457130432,0.4011886119842529,0.0252344571053981,0.2801595628261566,0.5394502878189087,0.3951389491558075,-0.1821743994951248,0.9184867739677428,0.55213463306427,0.4225546419620514,0.0684787556529045,0.9973731637001038,0.555454432964325,0.4261536598205566,-0.068542942404747,0.997745394706726,0.5497395992279053,0.281150609254837,0.0694465115666389,0.2667809426784515,0.5545815825462341,0.28131765127182,-0.0572700724005699,0.7721922993659973,0.5469530820846558,0.1368888914585113,0.1161188706755638,0.3700733780860901,0.5493149161338806,0.1325617432594299,-0.0068683992139995,0.8160828948020935,0.5502235889434814,0.112011507153511,0.1161955296993255,0.4963580071926117,0.55347740650177,0.1025838181376457,-0.0056641930714249,0.7722213268280029,0.5256642699241638,0.1149580851197242,0.063431017100811,0.5613579154014587,0.5279890298843384,0.10576181858778,-0.0729057639837265,0.8445582985877991,hoyeon_stand_normal_01,22.135944,22.561028,21.213203,19.026298,15.0,12.0,9.055385,6.324555,6.403124,7.28011,9.055385,11.045361,13.152946,15.132746,16.124515,17.262677,19.416488,18.973666,19.313208,18.384776,16.552945,13.0,10.198039,8.062258,9.219544,12.806248,8.602325,10.29563,11.18034,12.083046,12.649111,11.401754,10.198039,8.246211,7.615773,7.211103,6.403124,6.403124,8.062258,8.062258,8.944272,9.433981,9.433981,9.433981,9.433981,8.944272,7.28011,8.0,8.544004,12.529964,15.264338,19.235384,17.029386,17.204651,15.811388,15.264338,13.892444,13.0,11.7047,9.486833,8.062258,7.0,5.09902,5.0,4.472136,6.082763,8.062258,10.440307,13.601471,15.811388,18.027756,19.924859,20.880613,21.587033,20.223748,19.104973,17.029386,13.038405,7.81025,5.656854,3.605551,1.414214,1.414214,4.472136,7.615773,9.219544,10.198039,11.045361,11.0,11.0,10.049876,9.055385,7.071068,6.082763,4.123106,2.0,1.0,3.605551,5.656854,8.485281,10.630146,13.453624,14.866069,16.278821,17.117243,15.132746,13.341664,11.401754,9.433981,8.485281,9.433981,11.18034,12.529964,13.892444,15.811388,17.204651,17.691806,19.104973,19.416488,19.723083,18.788294,17.464249,13.928388,12.083046,8.062258,5.385165,7.071068,9.848858,13.892444,16.124515,9.219544,7.615773,6.403124,5.830952,7.0,9.219544,11.401754,13.601471,15.524175,16.278821,16.124515,16.03122,15.033296,14.0,13.0,12.041595,11.045361,11.0,10.049876,11.18034,12.369317,13.601471,14.56022,16.763055,17.720045,18.439089
hoyeon_stand_normal_01,1488,496,49.60271038251366,29.998360745314464,10,0.5339249968528748,0.665306806564331,-0.0692529305815696,0.9990721940994264,0.5379636287689209,0.6782950162887573,-0.0611186847090721,0.9983900785446168,0.5387678742408752,0.678885281085968,-0.0611249469220638,0.998087763786316,0.5396783351898193,0.6796640753746033,-0.0610999278724193,0.9984114170074464,0.5385655760765076,0.6789122223854065,-0.0847731828689575,0.9985979199409484,0.5397301316261292,0.6798233985900879,-0.0848040357232093,0.9985816478729248,0.5410171151161194,0.6807373762130737,-0.0848697796463966,0.9987793564796448,0.5481231808662415,0.6764520406723022,-0.010814705863595,0.9961550235748292,0.5487300157546997,0.6758278608322144,-0.1176778450608253,0.9985982179641724,0.5369354486465454,0.6527445912361145,-0.0473023317754268,0.9988791942596436,0.5379690527915955,0.652612566947937,-0.0782295688986778,0.9991820454597472,0.5561551451683044,0.602981686592102,0.0666038170456886,0.9992348551750184,0.5604394674301147,0.6075323224067688,-0.1669202893972396,0.9999417662620544,0.5553779006004333,0.4988413453102112,0.0875929147005081,0.1206764578819274,0.5578991174697876,0.5044963955879211,-0.1941190063953399,0.9858011603355408,0.5560054183006287,0.422496885061264,0.0336785390973091,0.3144288957118988,0.5436283349990845,0.4158976376056671,-0.1829306334257125,0.9705019593238832,0.5587332844734192,0.3955295085906982,0.0261878315359354,0.2982932329177856,0.5441471338272095,0.3881144821643829,-0.2044037878513336,0.9485734701156616,0.5526257157325745,0.3913045227527618,0.0088838767260313,0.3054603934288025,0.5402698516845703,0.3864831924438476,-0.205362856388092,0.9450814127922058,0.5522446036338806,0.4010688364505768,0.0235509742051363,0.2836248874664306,0.5394480228424072,0.3951129019260406,-0.181975707411766,0.9191976189613342,0.5519498586654663,0.4224207401275635,0.0680336728692054,0.9973754286766052,0.5554535388946533,0.4259722828865051,-0.0680918544530868,0.997747540473938,0.5497381091117859,0.2809014320373535,0.0694611817598342,0.2698841691017151,0.5545828342437744,0.2809941470623016,-0.0571405477821826,0.771223247051239,0.5469123125076294,0.1368338614702224,0.1162213534116745,0.370341956615448,0.5493167042732239,0.1324750632047653,-0.0069329268299043,0.8143264055252075,0.5502320528030396,0.1124593243002891,0.1162514612078666,0.4959268569946289,0.5534757971763611,0.1026585027575492,-0.0058109448291361,0.7698313593864441,0.5258826017379761,0.1145379021763801,0.063346080482006,0.5606437921524048,0.5282822847366333,0.1052331700921058,-0.073593832552433,0.8430594205856323,hoyeon_stand_normal_01,15.338073,15.4606515,15.9630665,15.656854,15.241505,13.79788,12.387946500000002,10.595312,9.655845,9.928374,10.263438,11.01595,11.336584,11.415801,11.5384855,12.0524865,13.1746185,14.943108,16.919932,17.4937105,17.933981,18.4570865,17.1037185,16.894139,17.772486999999998,19.0805335,9.621299,10.307764,10.310887,11.240921,10.5697455,11.401551,10.5661445,9.8913325,9.044579,8.424268000000001,8.062258,7.6366805,7.4772075,7.435999000000001,7.2201535,7.2817065,8.200877,8.902439000000001,9.521316,9.7434165,10.134407,10.7058605,12.030764,13.777167,15.3581505,15.513112,10.0,10.0,10.29563,10.440307,11.045361,13.0,14.142136,14.317821,15.297059,15.524175,16.492423,16.492423,17.464249,17.464249,17.262677,16.278821,15.297059,12.369317,10.440307,8.062258,6.708204,8.062258,11.7047,15.231546,19.313208,21.84033,13.038405,15.033296,18.11077,18.439089,18.384776,17.0,15.811388,12.041595,9.219544,5.656854,2.236068,1.0,4.123106,7.28011,9.055385,12.041595,13.0,15.033296,16.124515,16.124515,17.262677,16.278821,15.132746,14.035669,13.038405,11.18034,17.029386,15.0,13.453624,12.041595,10.29563,9.486833,10.049876,12.0,14.035669,15.0,17.0,18.11077,18.439089,19.924859,20.615528,20.124612,19.416488,18.027756,15.811388,12.206556,9.486833,7.0,8.602325,10.630146,14.422205,16.643317,9.219544,7.211103,5.09902,5.09902,7.211103,9.899495,12.727922,14.866069,15.556349,16.278821,17.029386,16.401219,14.422205,13.892444,12.529964,12.529964,11.661904,10.816654,10.630146,11.313708,12.727922,14.21267,16.278821,17.691806,18.384776,19.104973
hoyeon_stand_normal_01,1491,497,49.702715846994536,29.998360745314464,10,0.5338549017906189,0.6648876070976257,-0.0703811272978782,0.9990734457969666,0.5378192067146301,0.6778751015663147,-0.0622327364981174,0.9983885288238524,0.538629412651062,0.6785008907318115,-0.0622380599379539,0.9980862140655518,0.539555549621582,0.6793256998062134,-0.0622119978070259,0.9984087944030762,0.5383935570716858,0.678460955619812,-0.0859327837824821,0.9985979199409484,0.5395452380180359,0.6793968081474304,-0.0859637483954429,0.9985822439193726,0.5408370494842529,0.6803619265556335,-0.0860304608941078,0.9987786412239076,0.5480515360832214,0.6762902140617371,-0.0116817923262715,0.9961494207382202,0.5486236214637756,0.6756674647331238,-0.1187031641602516,0.9985965490341188,0.5368820428848267,0.6523152589797974,-0.0483306869864463,0.998878538608551,0.5378837585449219,0.6522314548492432,-0.0793096274137497,0.999182105064392,0.5561570525169373,0.6029489040374756,0.0662953853607177,0.9992363452911376,0.5604302287101746,0.6075283288955688,-0.1676241904497146,0.9999420046806335,0.5553768277168274,0.4987933039665222,0.0876724869012832,0.121319904923439,0.557887613773346,0.5044506192207336,-0.1953939348459243,0.985859215259552,0.5559898614883423,0.4224837124347687,0.0340507701039314,0.3157572448253631,0.543632447719574,0.4158691167831421,-0.1860054433345794,0.9706536531448364,0.5587069988250732,0.395529568195343,0.0268274899572134,0.2995159924030304,0.5441669821739197,0.3881005942821502,-0.2078175991773605,0.9488216042518616,0.5514952540397644,0.3912653028964996,0.009449440985918,0.3067802488803863,0.5402716398239136,0.3864668607711792,-0.2087234854698181,0.9453648328781128,0.5510576367378235,0.4010658860206604,0.0238946639001369,0.2849030196666717,0.5394452810287476,0.3950972557067871,-0.1850977689027786,0.9195663332939148,0.5519381165504456,0.4224523901939392,0.0680448114871978,0.9973515868186952,0.5553767085075378,0.4259772896766662,-0.0681043118238449,0.9977299571037292,0.5497534871101379,0.2808798551559448,0.0695582255721092,0.2706626653671264,0.5545850992202759,0.280939906835556,-0.0572638064622879,0.771881639957428,0.5469214916229248,0.1368384361267089,0.1160260364413261,0.370719313621521,0.5493625998497009,0.1324599683284759,-0.0081756580621004,0.8148724436759949,0.5501754283905029,0.1115540266036987,0.1159579679369926,0.4963542222976684,0.5534974336624146,0.1026358380913734,-0.0073441662825644,0.7705295085906982,0.5258845090866089,0.1146596521139144,0.0628352984786033,0.560933530330658,0.5282822251319885,0.1052883341908454,-0.0757758244872093,0.8433833718299866,hoyeon_stand_normal_01,26.476405,26.172505,24.0,22.090722,17.262677,13.152946,9.0,5.385165,5.0,7.071068,10.0,13.038405,15.033296,17.0,20.024984,21.095023,23.194827,23.537205,22.803509,20.880613,18.973666,14.56022,10.049876,8.544004,10.816654,15.231546,10.198039,12.165525,13.152946,13.341664,12.369317,12.369317,11.18034,10.198039,8.0,8.062258,7.615773,8.062258,9.433981,10.0,10.0,11.401754,10.816654,10.816654,9.433981,7.81025,6.708204,7.0,9.486833,14.317821,18.788294,22.472205,10.630146,10.29563,10.77033,11.18034,12.0,13.038405,13.341664,14.56022,15.524175,15.811388,15.811388,17.088007,16.763055,17.720045,16.763055,16.492423,15.524175,13.601471,10.440307,8.944272,7.211103,8.0,11.18034,15.524175,18.681542,21.587033,13.416408,16.155494,17.720045,18.248288,19.026298,18.027756,15.297059,12.649111,8.544004,6.324555,2.236068,1.0,4.472136,6.708204,9.848858,11.7047,13.601471,14.317821,16.124515,16.124515,17.029386,16.03122,15.132746,14.142136,13.341664,11.7047,14.142136,16.278821,16.278821,17.029386,16.970563,15.556349,14.866069,14.21267,12.206556,10.816654,8.602325,7.071068,5.830952,5.09902,6.082763,8.544004,11.18034,13.892444,16.124515,18.35756,20.124612,20.615528,20.248457,18.973666,16.763055,14.56022,11.401754,13.038405,13.892444,14.764823,15.652476,13.416408,13.416408,11.18034,9.433981,7.81025,6.403124,6.708204,6.082763,7.0,8.062258,8.062258,9.055385,10.049876,10.198039,11.18034,11.045361,11.18034,11.18034,11.7047,12.083046,12.206556
hoyeon_stand_normal_01,1494,498,49.80272131147541,29.998360745314464,10,0.5337926745414734,0.6643845438957214,-0.0703868493437767,0.9990834593772888,0.5376873016357422,0.6773624420166016,-0.0622602850198745,0.9984021186828612,0.5384978652000427,0.6780351996421814,-0.0622653923928737,0.9981006383895874,0.5394279956817627,0.6789147853851318,-0.062239684164524,0.9984211325645448,0.538223147392273,0.6778528690338135,-0.0859550461173057,0.998611867427826,0.5393462777137756,0.6787822246551514,-0.0859855860471725,0.9985961318016052,0.5406253337860107,0.6797854900360107,-0.0860523208975792,0.998790681362152,0.5479655861854553,0.6761155724525452,-0.0118651455268263,0.9961823225021362,0.5484920144081116,0.675506055355072,-0.1188140735030174,0.9986067414283752,0.536823034286499,0.6519501805305481,-0.0483814924955368,0.9988877177238464,0.5377973318099976,0.6519002318382263,-0.0793533697724342,0.9991889595985411,0.5561597347259521,0.6029373407363892,0.0658179745078086,0.9992398619651794,0.5604065656661987,0.6075475215911865,-0.1677105724811554,0.999942183494568,0.5553519129753113,0.4987764656543731,0.0878325402736663,0.1227990388870239,0.5578278303146362,0.5044341087341309,-0.1954077035188675,0.9859150052070618,0.5558254718780518,0.4224983155727386,0.034801535308361,0.3182390332221985,0.5436325073242188,0.4158691167831421,-0.1862186789512634,0.9708372354507446,0.5566530227661133,0.3955217897891998,0.0281472094357013,0.3015641868114471,0.5441690683364868,0.3881219327449798,-0.207947239279747,0.9491071105003356,0.5506561398506165,0.391262799501419,0.0105991829186677,0.3089523017406463,0.5402793288230896,0.3864873945713043,-0.2088232785463333,0.945701777935028,0.5501871109008789,0.4011571109294891,0.0246764216572046,0.2869113087654114,0.5394472479820251,0.3951099812984466,-0.1853030025959015,0.9199939370155334,0.5519489645957947,0.4229611158370971,0.0677947103977203,0.9973198175430298,0.5552641749382019,0.4265939593315124,-0.0678527429699897,0.9977052807807922,0.549810528755188,0.2809498906135559,0.067477136850357,0.2708177864551544,0.5545798540115356,0.2810088992118835,-0.0584905110299587,0.769753634929657,0.5469391942024231,0.136837899684906,0.1098873913288116,0.3695056736469269,0.5493688583374023,0.1324608325958252,-0.012970364652574,0.813164472579956,0.5501842498779297,0.1111366599798202,0.1093719527125358,0.4944100379943847,0.5535141229629517,0.1026657000184059,-0.0125277647748589,0.7691814303398132,0.5260518193244934,0.1146386414766311,0.0557009689509868,0.5590826869010925,0.5283035039901733,0.1052910983562469,-0.0809363275766372,0.841877818107605,hoyeon_stand_normal_01,26.683328,27.294688,25.019992,22.022716,18.11077,14.035669,10.0,6.324555,5.656854,7.28011,10.0,12.0,15.0,17.0,20.0,21.023796,23.086793,24.186773,23.537205,21.84033,18.681542,15.524175,11.045361,7.615773,9.433981,13.928388,10.049876,11.045361,12.165525,12.165525,12.369317,11.18034,10.198039,9.055385,8.062258,8.246211,7.615773,8.602325,9.219544,10.630146,10.630146,11.401754,10.630146,10.630146,9.899495,8.485281,7.615773,8.0,10.440307,14.317821,18.788294,22.472205,18.439089,18.681542,18.973666,17.088007,16.552945,14.764823,13.038405,11.401754,9.899495,7.81025,6.708204,6.0,6.324555,7.81025,10.0,12.529964,15.652476,18.788294,21.023796,23.259407,24.186773,25.059928,23.853721,22.203603,19.849433,15.556349,9.219544,7.071068,5.09902,2.0,1.414214,5.09902,7.615773,9.848858,11.18034,13.038405,12.806248,12.041595,11.313708,9.899495,7.81025,7.071068,4.242641,2.828427,1.414214,4.0,6.082763,9.055385,12.165525,14.142136,16.278821,18.248288,13.0,15.0,16.0,16.0,16.0,15.033296,15.132746,13.152946,11.18034,9.219544,8.062258,6.0,4.123106,4.242641,6.324555,9.219544,11.18034,15.297059,17.262677,19.646883,20.880613,21.18962,21.540659,19.313208,17.464249,14.317821,12.083046,13.416408,14.764823,16.643317,15.811388,14.422205,13.601471,12.206556,9.433981,7.615773,6.082763,6.0,5.385165,5.830952,6.403124,7.071068,8.485281,9.219544,9.899495,10.630146,10.630146,9.899495,10.0,10.29563,10.77033,11.401754
hoyeon_stand_normal_01,1497,499,49.90272677595628,29.998360745314464,10,0.5337172150611877,0.6638452410697937,-0.070868045091629,0.9990842342376708,0.5375425219535828,0.6768178939819336,-0.0628086850047111,0.9984007477760316,0.5383477807044983,0.677523672580719,-0.0628131330013275,0.9980968832969666,0.5392706394195557,0.6784465909004211,-0.0627877935767173,0.9984174966812134,0.5380656123161316,0.6771988272666931,-0.0864635035395622,0.99861341714859,0.5391687750816345,0.6780948042869568,-0.0864937976002693,0.9985977411270142,0.5404378175735474,0.6791162490844727,-0.086561195552349,0.9987927079200744,0.5478588938713074,0.6758638024330139,-0.0126169919967651,0.996173858642578,0.5483896136283875,0.675259530544281,-0.1194153130054473,0.9986055493354796,0.5367715954780579,0.6515133380889893,-0.0489245802164077,0.9988848567008972,0.5377382040023804,0.6515108942985535,-0.0798565596342086,0.9991888403892516,0.5561605095863342,0.6029053926467896,0.0649367421865463,0.9992380738258362,0.5603835582733154,0.6075555682182312,-0.1677568852901458,0.9999422430992126,0.5553465485572815,0.4987408816814422,0.0875551551580429,0.1233702600002288,0.5577528476715088,0.5043405890464783,-0.1955633163452148,0.985946238040924,0.5557658672332764,0.4224346876144409,0.0348346941173076,0.3188691437244415,0.5436417460441589,0.415807157754898,-0.1867031008005142,0.9709843993186952,0.5556921362876892,0.3953879773616791,0.0285568945109844,0.302020400762558,0.5441688895225525,0.3880508840084076,-0.2083239704370498,0.9493348598480223,0.5501578450202942,0.3911279141902923,0.0108810542151331,0.3094898164272308,0.5402770638465881,0.3864023983478546,-0.2091235965490341,0.9459842443466188,0.5497551560401917,0.4010598659515381,0.0247235409915447,0.2874216437339782,0.5394453406333923,0.3950570225715637,-0.1857541650533676,0.9203507900238036,0.5520163178443909,0.4230011403560638,0.06753621250391,0.997280776500702,0.555226743221283,0.4266557991504669,-0.067593440413475,0.9976754784584044,0.549829363822937,0.2809610068798065,0.0671588405966758,0.2720261514186859,0.5545414686203003,0.2810094356536865,-0.0586663484573364,0.768368661403656,0.5469385981559753,0.1368374973535537,0.1097321882843971,0.3692814707756042,0.5493680834770203,0.1324592381715774,-0.0131362192332744,0.811718225479126,0.5501797795295715,0.1110219806432724,0.109245128929615,0.4937207698822021,0.55355304479599,0.1029560193419456,-0.0126378620043396,0.7677410840988159,0.5262731909751892,0.1142585128545761,0.0554985404014587,0.5578376650810242,0.528327226638794,0.1051218435168266,-0.0809164866805076,0.8405677080154419,hoyeon_stand_normal_01,6.403124,6.708204,9.0,11.045361,13.152946,14.142136,15.132746,15.132746,15.132746,13.038405,12.041595,11.045361,9.055385,7.071068,5.385165,4.242641,4.0,6.708204,10.0,13.601471,17.204651,20.808652,22.472205,23.259407,23.769729,20.880613,6.403124,6.403124,6.708204,6.324555,7.071068,8.0,8.062258,8.062258,8.062258,8.062258,7.28011,6.324555,5.385165,5.0,4.472136,5.09902,6.0,8.062258,9.219544,11.401754,13.341664,15.297059,15.132746,15.132746,14.035669,11.045361,13.1954145,12.955715,12.5937485,12.427689,11.993294,11.9275295,11.874627,11.34307,11.4503045,11.514693,11.064203,11.0235675,11.7195445,12.7550785,13.7195445,14.3685835,15.5563495,15.2104785,15.144941499999998,14.4130365,14.143183,14.36546,15.5,17.2235945,18.069263,17.7715355,9.9259225,10.328427,10.5492035,9.4392315,10.458805,11.1313385,11.516648,11.0457355,10.199942,9.24504,7.3026925,6.35235,7.621233,8.5299805,9.081908,9.010956,9.642288,9.3027755,8.405694,9.0622575,10.982496,11.854102,12.779248,13.0420545,13.2038595,13.2319,14.21267,15.0,15.620499,16.401219,15.620499,15.620499,14.866069,13.453624,11.401754,10.0,7.81025,6.403124,5.0,4.0,5.385165,7.211103,10.0,12.806248,15.620499,17.204651,19.416488,19.723083,19.235384,17.888544,15.231546,12.649111,12.041595,14.21267,14.422205,15.811388,16.124515,15.264338,13.892444,13.038405,10.816654,8.485281,7.81025,6.708204,6.082763,7.0,8.062258,8.062258,9.219544,10.198039,10.049876,11.18034,11.18034,11.18034,10.440307,10.77033,10.29563,11.401754
hoyeon_stand_normal_01,1500,500,50.00273224043716,29.998360745314464,10,0.53362637758255,0.663267970085144,-0.0708631202578544,0.9990793466567992,0.5373535752296448,0.6761690974235535,-0.0628053098917007,0.9983848333358764,0.5381431579589844,0.6768585443496704,-0.0628098174929618,0.9980766773223876,0.5390461683273315,0.6777708530426025,-0.0627843812108039,0.9984019994735718,0.5378888845443726,0.6764991879463196,-0.0864685103297233,0.9986040592193604,0.5389850735664368,0.6773518919944763,-0.0864984616637229,0.9985893368721008,0.5402597188949585,0.6783734560012817,-0.0865663811564445,0.9987836480140686,0.5477033853530884,0.6754278540611267,-0.0127041554078459,0.9961318373680116,0.5482816696166992,0.6749168634414673,-0.1195369586348533,0.998587965965271,0.5367136597633362,0.6509873270988464,-0.0489428713917732,0.9988779425621032,0.5376882553100586,0.6510542035102844,-0.0798868462443351,0.9991830587387084,0.5561608672142029,0.6028992533683777,0.0648209750652313,0.9992395043373108,0.5603997707366943,0.6075883507728577,-0.1678230911493301,0.999942421913147,0.5553373098373413,0.4987386167049408,0.0876691117882728,0.124951459467411,0.5576610565185547,0.5043253898620605,-0.1960319429636001,0.9860742092132568,0.5557788014411926,0.4222518503665924,0.036575399339199,0.3218452632427215,0.543620765209198,0.415675938129425,-0.1911720931529998,0.9714271426200868,0.5566875338554382,0.3953417539596557,0.0308750327676534,0.3043918013572693,0.5441237092018127,0.3876493573188782,-0.2134959101676941,0.95005065202713,0.5507562756538391,0.3910204172134399,0.0130167286843061,0.3118626773357391,0.5401996970176697,0.3860700130462646,-0.214100643992424,0.9467701315879822,0.5502815842628479,0.4008775949478149,0.02656065300107,0.2895351648330688,0.5393515229225159,0.3947843015193939,-0.190262421965599,0.9213209748268129,0.5519856810569763,0.4230065941810608,0.0675409659743309,0.9972409009933472,0.5552211403846741,0.4266641438007355,-0.0675994902849197,0.9976402521133424,0.5498380064964294,0.2809579074382782,0.0665577575564384,0.2734226882457733,0.5545403957366943,0.2809878587722778,-0.0595775283873081,0.768123209476471,0.5469332933425903,0.1368370503187179,0.109244130551815,0.368982195854187,0.5494473576545715,0.1324577033519745,-0.0147995296865701,0.8109948039054871,0.5501739978790283,0.1106162890791893,0.1087771505117416,0.4936429560184479,0.5539142489433289,0.1029693633317947,-0.0143675925210118,0.7670182585716248,0.5263499021530151,0.113780103623867,0.0550441779196262,0.556706428527832,0.5283346176147461,0.1047960668802261,-0.0827356129884719,0.8397665619850159,hoyeon_stand_normal_01,7.071068,6.708204,9.219544,11.661904,13.892444,16.124515,16.124515,16.643317,15.811388,15.0,13.601471,11.401754,10.0,8.062258,5.385165,4.123106,4.472136,8.062258,12.0,16.0,19.0,23.086793,25.179357,26.476405,25.96151,23.4094,7.28011,7.615773,7.615773,7.81025,8.485281,9.219544,10.0,10.0,10.29563,9.433981,8.944272,7.615773,6.324555,6.082763,5.09902,5.830952,7.071068,9.433981,11.661904,13.416408,14.764823,16.643317,16.643317,17.204651,15.0,12.206556,16.124515,15.652476,15.231546,14.866069,13.601471,12.369317,11.18034,9.055385,8.062258,7.28011,5.830952,5.656854,6.324555,7.0,9.055385,11.18034,14.56022,16.492423,18.681542,20.615528,21.587033,22.36068,22.090722,20.024984,17.0,14.035669,7.615773,6.708204,4.472136,1.414214,2.236068,3.605551,6.708204,8.544004,9.848858,11.401754,11.18034,11.045361,10.0,9.0,7.0,6.082763,4.123106,2.0,1.0,2.828427,5.830952,8.062258,10.816654,13.038405,14.422205,15.264338,17.029386,15.620499,12.806248,11.18034,9.486833,9.0,10.198039,11.401754,13.601471,15.524175,17.262677,18.11077,19.0,20.099751,20.223748,20.615528,18.973666,18.027756,15.231546,11.401754,8.062258,6.708204,8.602325,11.7047,14.56022,17.720045,9.219544,7.211103,5.09902,5.385165,7.211103,9.219544,12.806248,15.0,15.620499,16.278821,16.970563,16.278821,15.620499,13.601471,12.206556,12.806248,11.401754,12.041595,10.630146,11.401754,13.038405,14.422205,16.643317,17.204651,18.601075,18.601075
hoyeon_stand_normal_01,1503,501,50.102737704918034,29.998360745314464,10,0.5335381627082825,0.6629210114479065,-0.0710422024130821,0.9990791082382202,0.5371819138526917,0.6757450699806213,-0.0629818364977836,0.9983776211738586,0.5379611849784851,0.676423192024231,-0.0629865080118179,0.9980679154396056,0.5388500094413757,0.6773264408111572,-0.062960185110569,0.9983935356140136,0.5377254486083984,0.6760572791099548,-0.086626648902893,0.9986014366149902,0.5388163328170776,0.6768892407417297,-0.0866563394665718,0.998588800430298,0.5400922894477844,0.6779124140739441,-0.0867249593138694,0.9987801313400269,0.5475704669952393,0.675145149230957,-0.0129775488749146,0.9961111545562744,0.5481760501861572,0.6746817827224731,-0.1197473332285881,0.9985795617103576,0.5366479158401489,0.6506910920143127,-0.0491486191749572,0.998876929283142,0.537621796131134,0.6508010029792786,-0.0800795629620552,0.99918133020401,0.5561745166778564,0.6028804183006287,0.0644486099481582,0.9992423057556152,0.5603988766670227,0.607650637626648,-0.1679026037454605,0.9999428987503052,0.5553504228591919,0.4987125992774963,0.0874909162521362,0.1263920366764068,0.5574591159820557,0.5043389797210693,-0.196813017129898,0.9862624406814576,0.5562264323234558,0.4222487211227417,0.0367504134774208,0.3248150944709778,0.5434414744377136,0.4156689941883087,-0.1943815350532531,0.9720014333724976,0.5586908459663391,0.395366907119751,0.0311569105833768,0.306858628988266,0.5438613891601562,0.3875040709972381,-0.2172811031341552,0.9509650468826294,0.5525820851325989,0.3910294771194458,0.0132530461996793,0.3142973780632019,0.5399607419967651,0.3859831094741821,-0.2174839973449707,0.9477562308311462,0.5520996451377869,0.4008718729019165,0.0267755649983882,0.291636198759079,0.5391089916229248,0.3947246670722961,-0.1933737844228744,0.922556221485138,0.5519387722015381,0.4230009019374847,0.0675441324710846,0.9972459673881532,0.5551072359085083,0.4266721904277801,-0.0676042214035987,0.9976450204849244,0.5498387813568115,0.2809747755527496,0.0667218342423439,0.2760531306266784,0.5545517802238464,0.2810038030147552,-0.059416115283966,0.7697626352310181,0.5469496846199036,0.1368425786495208,0.110173188149929,0.3711587190628052,0.549647867679596,0.1324682235717773,-0.0141125079244375,0.812472403049469,0.550244927406311,0.1104988828301429,0.1099130362272262,0.4961951076984405,0.5542700290679932,0.1033149436116218,-0.0136106414720416,0.7683139443397522,0.5264575481414795,0.113386295735836,0.0562840662896633,0.5585790276527405,0.5284067392349243,0.1045159772038459,-0.0817738696932792,0.8409394025802612,hoyeon_stand_normal_01,7.28011,8.246211,9.433981,12.806248,15.620499,16.278821,17.029386,17.029386,16.401219,15.811388,14.422205,12.206556,10.0,8.485281,7.211103,5.09902,5.385165,8.485281,12.206556,16.124515,19.723083,23.323808,25.806976,26.907248,26.870058,24.839485,7.28011,7.071068,7.0,7.28011,7.615773,8.062258,8.602325,8.602325,9.219544,8.485281,7.81025,7.071068,5.0,4.472136,4.0,5.09902,5.830952,8.485281,9.899495,12.727922,14.142136,15.556349,16.278821,16.401219,15.0,12.041595,9.219544,9.433981,10.77033,11.18034,12.041595,13.0,14.142136,15.297059,16.278821,16.492423,17.464249,17.464249,18.439089,18.439089,18.439089,17.262677,16.278821,14.317821,12.369317,8.944272,7.81025,9.219544,11.045361,15.297059,18.439089,21.213203,12.0,14.035669,16.278821,17.720045,17.464249,17.0,15.0,12.727922,8.602325,5.830952,3.0,1.0,3.605551,6.324555,8.246211,10.198039,12.041595,13.0,14.035669,15.132746,15.033296,15.132746,13.038405,13.0,11.045361,10.440307,13.152946,14.317821,15.297059,15.297059,16.278821,15.132746,14.035669,13.0,11.0,9.0,8.0,6.082763,5.385165,5.0,6.324555,9.055385,11.045361,14.035669,17.117243,19.104973,20.223748,21.377558,20.615528,19.646883,17.088007,14.866069,11.045361,13.152946,14.317821,15.524175,14.56022,14.56022,13.601471,11.401754,10.198039,8.062258,7.0,5.385165,5.0,5.656854,6.403124,7.211103,8.062258,8.062258,9.433981,9.433981,10.29563,10.29563,9.848858,10.440307,10.198039,11.0
hoyeon_stand_normal_01,1506,502,50.20274316939891,29.998360745314464,10,0.533440351486206,0.6627817749977112,-0.0710179954767227,0.999068558216095,0.5370410084724426,0.6755538582801819,-0.0629448294639587,0.9983524680137634,0.5378233194351196,0.6762300729751587,-0.0629495307803154,0.9980389475822448,0.5387137532234192,0.6771284937858582,-0.0629227757453918,0.9983691573143004,0.5375639796257019,0.6758400797843933,-0.0866029411554336,0.9985821843147278,0.5386415719985962,0.6766517758369446,-0.0866323858499527,0.9985707402229308,0.5399078726768494,0.6776610612869263,-0.0867014229297638,0.9987622499465942,0.547478973865509,0.6749582886695862,-0.0129429837688803,0.9960485696792604,0.5480468273162842,0.6744982004165649,-0.1197428479790687,0.9985544681549072,0.5365458130836487,0.6505943536758423,-0.0491177104413509,0.9988612532615662,0.5374844074249268,0.6507053971290588,-0.0800663903355598,0.9991692900657654,0.556195080280304,0.6028652191162109,0.0646945610642433,0.999239146709442,0.5603533983230591,0.6077243089675903,-0.1680535674095153,0.9999431371688844,0.5553922653198242,0.4986427128314972,0.0877348184585571,0.1261482834815979,0.5573503375053406,0.5043438673019409,-0.1980057656764984,0.9863607883453368,0.5564143061637878,0.4222208261489868,0.037247110158205,0.3248341083526611,0.5433517098426819,0.4156010746955871,-0.1968826502561569,0.972319722175598,0.559395432472229,0.3953630924224853,0.0318103469908237,0.3069640100002289,0.5437629818916321,0.3873295485973358,-0.2201161235570907,0.9514688849449158,0.5530651211738586,0.3910110294818878,0.0138053623959422,0.3143303990364074,0.539851725101471,0.3858678638935089,-0.2200146168470382,0.948293685913086,0.552544891834259,0.4008090496063232,0.0272405333817005,0.2916072010993957,0.5389875769615173,0.3946354389190674,-0.1957942396402359,0.9231778979301452,0.5520010590553284,0.4228752553462982,0.0677398219704628,0.9972390532493592,0.5549808740615845,0.4266044199466705,-0.0678028538823127,0.997639000415802,0.549847424030304,0.2808853387832641,0.067699909210205,0.2769568562507629,0.5545515418052673,0.2808385193347931,-0.0594001524150371,0.7714316248893738,0.5469624996185303,0.1368394941091537,0.1128750741481781,0.3719794750213623,0.5496851205825806,0.1324616819620132,-0.0136740654706954,0.8137527108192444,0.5502499938011169,0.1102554872632026,0.1127588301897049,0.4977595806121826,0.5543526411056519,0.1033104881644249,-0.0131255434826016,0.7697134017944336,0.5265108942985535,0.1133899688720703,0.0593548007309436,0.5593100786209106,0.5284402370452881,0.1045045405626297,-0.0813283696770668,0.8418944478034973,hoyeon_stand_normal_01,26.832816,26.570661,23.769729,21.377558,17.117243,13.152946,8.246211,5.830952,5.385165,8.062258,10.198039,13.341664,15.524175,17.464249,20.396078,21.213203,23.086793,24.0,23.021729,21.095023,18.11077,15.033296,11.045361,8.602325,11.18034,15.524175,10.198039,11.18034,12.165525,13.038405,12.041595,12.041595,10.049876,9.219544,7.615773,7.211103,7.81025,8.485281,8.602325,9.433981,10.0,10.816654,10.0,10.0,8.602325,8.062258,6.082763,7.28011,10.816654,14.21267,19.209373,23.021729,21.213203,20.518285,19.209373,18.601075,16.643317,14.764823,13.416408,11.7047,9.219544,8.0,6.082763,5.0,5.385165,8.0,11.18034,14.56022,16.763055,20.880613,23.086793,25.96151,27.892651,28.635642,27.294688,25.079872,22.022716,18.027756,9.899495,6.403124,3.605551,1.0,3.162278,6.324555,10.198039,12.041595,14.035669,16.03122,16.124515,15.132746,14.317821,12.369317,10.440307,8.246211,6.324555,4.123106,2.236068,4.123106,7.211103,10.0,13.601471,16.401219,18.439089,19.849433,15.001345,14.7111025,14.632506,13.9785125,12.6226845,12.553666,12.4579725,11.863961,12.156854,11.9497475,11.7592885,11.7601835,11.4556125,11.986833,12.0867295,13.467092999999998,14.328951,15.329137499999998,14.9165845,14.603124,13.6358155,13.208244,13.467092999999998,14.493853,14.6269735,14.613898,10.6651235,10.6766195,10.125617,10.851631,11.806161,11.7426405,12.8679565,12.806248,12.7481075,12.020815,11.8093035,10.972527,10.5413815,10.7111025,10.0547365,9.9540575,10.018099,10.2201535,10.4140925,10.8770075,11.6109675,12.771945,13.1954145,14.104862999999998,14.25423,14.502757
hoyeon_stand_normal_01,1509,503,50.30274863387978,29.998360745314464,10,0.5333652496337891,0.6628051996231079,-0.0707157626748085,0.9990645051002502,0.5369865298271179,0.6755834817886353,-0.0626187175512313,0.9983429312705994,0.5377724766731262,0.6762667894363403,-0.0626235231757164,0.9980278611183168,0.5386684536933899,0.6771693229675293,-0.0625961795449256,0.9983587861061096,0.5375010967254639,0.6758548021316528,-0.086326278746128,0.99857497215271,0.5385764837265015,0.6766666173934937,-0.086355835199356,0.9985640048980712,0.5398424863815308,0.6776784062385559,-0.08642578125,0.9987558126449584,0.5474216938018799,0.6749606132507324,-0.0125836404040455,0.9960238933563232,0.5479686260223389,0.6744987368583679,-0.1195863112807273,0.9985491037368774,0.536406397819519,0.6506195664405823,-0.0487925484776496,0.9988558888435364,0.5373031497001648,0.6507294178009033,-0.0797993913292884,0.9991658329963684,0.5561302304267883,0.6028534770011902,0.0658527091145515,0.9992343187332152,0.5603014230728149,0.607808530330658,-0.1681256890296936,0.9999436736106871,0.5553922057151794,0.4986396431922912,0.0884317681193351,0.1250924319028854,0.5573474764823914,0.5044349431991577,-0.1983260959386825,0.9864612817764282,0.5564476847648621,0.4221585690975189,0.0373207814991474,0.3228169083595276,0.5433580875396729,0.4155895709991455,-0.1961927115917205,0.9725540280342102,0.559547483921051,0.3953616917133331,0.0318498723208904,0.3053289651870727,0.5437670350074768,0.3872914910316467,-0.2192714512348175,0.951812207698822,0.5531767010688782,0.3909860253334045,0.0138230361044406,0.3126115798950195,0.5398501753807068,0.385801762342453,-0.2191590666770935,0.9486439824104308,0.5526701211929321,0.4007748663425445,0.0272746067494153,0.2900893986225128,0.5389865636825562,0.3946161270141601,-0.1950709521770477,0.9236024022102356,0.5519924163818359,0.4228772521018982,0.0680861622095108,0.997240960597992,0.5548778176307678,0.4266051054000854,-0.0681494548916816,0.9976478815078736,0.5498016476631165,0.2808252274990082,0.0691063106060028,0.2780155539512634,0.5545366406440735,0.2806726098060608,-0.0593948811292648,0.7741691470146179,0.5469092130661011,0.1368396282196045,0.1153714135289192,0.3731800615787506,0.549679160118103,0.1324407011270523,-0.0132745942100882,0.8157205581665039,0.5503451228141785,0.1115106716752052,0.11531912535429,0.4994085729122162,0.5543525218963623,0.1032609045505523,-0.01267905626446,0.7714803814888,0.5264681577682495,0.1134264916181564,0.062069371342659,0.5605013966560364,0.5284014344215393,0.1045012846589088,-0.0811044424772262,0.8433488607406616,hoyeon_stand_normal_01,6.403124,7.28011,9.0,11.045361,13.152946,15.132746,15.132746,15.033296,15.033296,14.0,13.0,11.0,9.055385,7.071068,6.708204,5.656854,6.082763,8.062258,11.7047,14.866069,18.384776,21.18962,24.041631,24.515301,24.186773,22.022716,7.81025,7.211103,6.708204,7.28011,7.071068,8.0,8.0,8.062258,8.062258,8.062258,7.071068,6.324555,5.385165,4.472136,3.605551,4.123106,5.0,7.071068,8.246211,10.440307,12.369317,13.341664,15.132746,14.035669,13.038405,11.045361,15.524175,15.811388,14.866069,15.231546,13.416408,11.661904,10.816654,9.219544,7.81025,6.708204,5.09902,5.09902,5.830952,7.071068,10.0,12.529964,15.652476,17.888544,20.124612,21.470911,22.825424,22.472205,22.203603,20.615528,17.691806,14.142136,8.544004,6.324555,4.123106,1.414214,2.236068,4.472136,7.615773,9.433981,10.816654,12.041595,12.041595,11.313708,10.630146,10.0,7.211103,5.830952,4.472136,2.236068,3.0,5.09902,8.062258,10.049876,12.165525,14.142136,15.132746,15.0725315,14.422205,16.124515,16.643317,17.492856,16.643317,15.811388,15.0,13.453624,12.041595,9.899495,8.602325,5.830952,5.09902,5.09902,6.708204,9.219544,12.041595,14.866069,17.691806,20.518285,22.022716,22.203603,22.472205,20.248457,18.35756,15.264338,11.401754,12.806248,15.264338,15.264338,15.652476,14.764823,13.892444,11.661904,9.433981,7.81025,6.403124,5.385165,6.082763,6.082763,7.28011,8.544004,8.544004,9.486833,9.486833,10.440307,10.440307,10.440307,10.77033,11.18034,10.816654,12.041595
hoyeon_stand_normal_01,1512,504,50.40275409836065,29.998360745314464,10,0.5332769155502319,0.66281658411026,-0.0707118213176727,0.9990668892860411,0.5369242429733276,0.6756027340888977,-0.0626073405146598,0.9983487129211426,0.5377210378646851,0.6762893199920654,-0.0626121386885643,0.9980342984199524,0.5386289358139038,0.6771955490112305,-0.0625848397612571,0.9983612298965454,0.5374022126197815,0.6758741736412048,-0.0863333046436309,0.9985786080360411,0.5384613871574402,0.6766942143440247,-0.086363099515438,0.998566746711731,0.5397128462791443,0.6777177453041077,-0.0864330902695655,0.9987579584121704,0.5473672151565552,0.6749687194824219,-0.0125475525856018,0.9960344433784484,0.5478321313858032,0.6745045185089111,-0.11959158629179,0.9985613822937012,0.5362874865531921,0.6506300568580627,-0.048776164650917,0.9988595843315125,0.5371274352073669,0.6507351994514465,-0.0797923505306243,0.9991700649261476,0.5559584498405457,0.6028425693511963,0.0662238597869873,0.999238908290863,0.5602763295173645,0.6079476475715637,-0.1682985126972198,0.999944508075714,0.5552810430526733,0.4986477792263031,0.0884503051638603,0.1247597187757492,0.5573450326919556,0.50453120470047,-0.1983015388250351,0.986533224582672,0.5560582876205444,0.4221035242080688,0.0354901514947414,0.3224301338195801,0.5434798002243042,0.4155879914760589,-0.1939031928777694,0.9726856350898744,0.5565490126609802,0.3950826525688171,0.0292159710079431,0.3049937784671783,0.543868899345398,0.387308120727539,-0.2166697829961776,0.951970875263214,0.551360011100769,0.3907106518745422,0.0110638933256268,0.3123550117015838,0.5399425029754639,0.3857953548431396,-0.2166297882795334,0.948810338973999,0.5511500835418701,0.4006538689136505,0.0251747108995914,0.2900464534759521,0.5391110777854919,0.3946137726306915,-0.1927143633365631,0.9238696098327636,0.551846444606781,0.4228530824184418,0.0682050883769989,0.9972630143165588,0.5548762679100037,0.4265822768211365,-0.068265676498413,0.9976749420166016,0.5496692657470703,0.2804144918918609,0.0718465074896812,0.279357373714447,0.5545513033866882,0.2801698446273803,-0.0581509433686733,0.7758769392967224,0.5468210577964783,0.1367910951375961,0.1197141259908676,0.3743257522583008,0.5496798753738403,0.1323777139186859,-0.0085548656061291,0.8169417977333069,0.5503118634223938,0.1121783480048179,0.1197884231805801,0.5009772777557373,0.5543348789215088,0.1031729280948638,-0.007576486095786,0.7723863124847412,0.526209831237793,0.1134339421987533,0.0663834065198898,0.5617401003837585,0.5283754467964172,0.1044365763664245,-0.076273538172245,0.8443336486816406,hoyeon_stand_normal_01,21.931712,21.095023,20.0,17.029386,14.142136,10.630146,7.81025,5.09902,4.472136,5.656854,7.81025,10.816654,12.806248,14.21267,16.278821,18.384776,19.104973,19.209373,18.601075,17.492856,15.264338,12.206556,9.219544,7.28011,9.219544,13.0,8.062258,9.433981,10.816654,11.401754,11.401754,10.630146,9.219544,8.602325,7.211103,6.708204,6.324555,7.0,7.0,8.062258,9.055385,9.055385,9.055385,9.055385,8.0,7.071068,5.385165,6.403124,8.544004,11.401754,15.297059,18.439089,10.0,9.848858,10.198039,11.0,12.041595,12.165525,13.601471,13.928388,15.231546,16.552945,16.155494,17.088007,17.088007,17.088007,17.088007,16.763055,15.811388,13.601471,10.77033,8.602325,7.615773,9.0,12.369317,15.524175,19.646883,22.561028,13.601471,15.524175,17.262677,18.027756,19.026298,17.262677,15.811388,13.0,9.433981,6.403124,2.828427,1.0,3.605551,5.830952,8.544004,10.440307,12.369317,13.152946,15.132746,15.033296,15.033296,15.033296,14.035669,13.152946,11.401754,10.29563,14.142136,16.124515,16.124515,17.117243,17.117243,16.124515,15.297059,13.341664,12.649111,10.440307,8.246211,7.28011,6.0,4.472136,6.403124,8.062258,11.18034,13.0,16.552945,17.888544,19.235384,20.59126,20.248457,18.601075,16.401219,13.453624,12.165525,13.341664,14.56022,15.811388,16.155494,14.866069,13.928388,11.7047,10.440307,8.062258,7.0,6.324555,6.708204,7.211103,7.81025,8.485281,8.485281,9.899495,11.313708,11.313708,11.313708,12.041595,11.401754,11.661904,11.18034,12.649111
hoyeon_stand_normal_01,1515,505,50.502759562841526,29.998360745314464,10,0.53318190574646,0.6627873182296753,-0.0700665935873985,0.9990644454956056,0.5368131995201111,0.6756061911582947,-0.0618747845292091,0.9983464479446412,0.5376333594322205,0.6762929558753967,-0.0618798471987247,0.9980323314666748,0.5385650396347046,0.6771999001502991,-0.0618524067103862,0.99835866689682,0.5372210741043091,0.6758912205696106,-0.0857192948460578,0.9985761046409608,0.5382530689239502,0.6767169237136841,-0.0857489481568336,0.9985634684562684,0.5394771695137024,0.6777388453483582,-0.0858185514807701,0.9987549185752868,0.5472937822341919,0.6749699115753174,-0.0117126684635877,0.9960252046585084,0.5476431250572205,0.67450350522995,-0.1192736625671386,0.9985623359680176,0.536203145980835,0.6505972146987915,-0.0480989031493663,0.9988545179367064,0.5369799733161926,0.6507096290588379,-0.0792632326483726,0.9991676807403564,0.5559557676315308,0.6028348803520203,0.0673426315188407,0.9992356896400452,0.5601872801780701,0.6080663800239563,-0.1683382838964462,0.9999449849128724,0.5552813410758972,0.4986558556556701,0.0887123048305511,0.1234579309821128,0.5573278069496155,0.504545271396637,-0.1982621550559997,0.9865308403968812,0.5560615062713623,0.4220565557479858,0.0355541557073593,0.3191395103931427,0.5435097217559814,0.4155851900577545,-0.1936479657888412,0.9725745320320128,0.5568761229515076,0.3950753509998321,0.0293157789856195,0.3023170530796051,0.5438801050186157,0.3873093426227569,-0.2164716571569442,0.9518039226531982,0.5514209866523743,0.3906776309013366,0.0112133091315627,0.3096276819705963,0.5399580597877502,0.3857772350311279,-0.215944617986679,0.9486213326454164,0.551226019859314,0.4005917310714721,0.0252444986253976,0.2877605855464935,0.5391448140144348,0.3946033418178558,-0.1922783106565475,0.92358136177063,0.551878809928894,0.4228350520133972,0.0688259825110435,0.9972716569900512,0.5548427104949951,0.4265660345554352,-0.0688881576061248,0.9976881146430968,0.5496684908866882,0.2804062962532043,0.0732821673154831,0.2790464162826538,0.5545503497123718,0.2801492214202881,-0.0581424199044704,0.7787184715270996,0.5468242168426514,0.1367921829223632,0.1205785498023033,0.3750225007534027,0.5496788620948792,0.1323475688695907,-0.0088331056758761,0.8190030455589294,0.5505006313323975,0.1128681525588035,0.120609350502491,0.5024695992469788,0.5543540716171265,0.1031617894768714,-0.007913033477962,0.7744067311286926,0.5261780619621277,0.113493837416172,0.0680946484208107,0.5628674626350403,0.5282793641090393,0.104419432580471,-0.0763554349541664,0.8458682298660278,hoyeon_stand_normal_01,5.830952,7.071068,9.486833,11.18034,13.416408,15.231546,15.231546,15.231546,14.866069,13.928388,12.649111,10.77033,9.848858,8.062258,5.656854,4.472136,5.09902,8.062258,11.401754,14.866069,17.691806,21.260292,22.803509,23.853721,23.706539,21.931712,7.28011,6.324555,7.071068,7.0,7.28011,7.28011,7.615773,8.062258,8.062258,8.062258,7.211103,6.403124,5.0,4.242641,4.123106,4.123106,5.385165,7.211103,8.602325,10.816654,13.038405,13.892444,14.764823,14.317821,13.0,10.29563,10.0,9.219544,10.29563,10.440307,11.18034,12.041595,13.038405,14.142136,14.317821,15.524175,16.492423,16.492423,17.464249,17.464249,17.262677,16.278821,15.297059,13.152946,11.401754,8.062258,6.708204,8.0,12.165525,15.524175,19.646883,22.561028,13.152946,16.278821,17.720045,18.384776,19.235384,18.601075,16.278821,13.453624,9.433981,6.708204,3.162278,3.162278,6.082763,9.0,11.045361,12.041595,14.142136,14.56022,15.524175,15.524175,14.866069,14.317821,13.152946,11.045361,10.198039,11.951866,16.970563,15.556349,12.727922,11.401754,9.848858,9.219544,10.0,11.045361,13.152946,14.142136,16.03122,17.029386,18.11077,18.439089,18.973666,18.384776,18.788294,17.0,14.422205,11.661904,8.544004,6.082763,7.81025,10.816654,13.416408,16.124515,9.433981,6.708204,6.324555,5.09902,7.211103,8.485281,11.401754,13.601471,14.21267,15.620499,14.866069,14.866069,14.866069,13.601471,12.206556,11.661904,10.0,10.630146,9.899495,11.313708,12.206556,13.601471,15.811388,17.204651,17.804494,17.804494
hoyeon_stand_normal_01,1518,506,50.602765027322405,29.998360745314464,10,0.5330595374107361,0.6626675128936768,-0.0692736208438873,0.9990574717521667,0.5365980267524719,0.6755189895629883,-0.0611380599439144,0.9983373284339904,0.5374433398246765,0.6762102842330933,-0.0611435621976852,0.9980202317237854,0.5383996367454529,0.6771275997161865,-0.0611181110143661,0.9983497858047484,0.5369560718536377,0.6758221983909607,-0.0849951952695846,0.9985694289207458,0.5379712581634521,0.6766619682312012,-0.0850244536995887,0.998554825782776,0.5391751527786255,0.6777006387710571,-0.0850937664508819,0.998749315738678,0.5471633672714233,0.6749613285064697,-0.0113633815199136,0.996007800102234,0.5474412441253662,0.6744823455810547,-0.1190097704529762,0.9985558986663818,0.536128044128418,0.6504756212234497,-0.0474625341594219,0.9988431334495544,0.5368638634681702,0.6505954265594482,-0.0786561295390129,0.9991618990898132,0.5559568405151367,0.6028380393981934,0.067285232245922,0.9992278218269348,0.5600956678390503,0.6081258058547974,-0.167811319231987,0.999944508075714,0.5552681088447571,0.4986572265625,0.0886729136109352,0.123386301100254,0.5573049783706665,0.5045174956321716,-0.1962800920009613,0.9864078760147096,0.5557849407196045,0.4220559000968933,0.0360263474285602,0.3178139328956604,0.5435130596160889,0.4155762493610382,-0.1873936206102371,0.9722524285316468,0.555650532245636,0.395049512386322,0.0300840698182582,0.3010174930095672,0.5438811779022217,0.3873243629932403,-0.2087902724742889,0.9512959122657776,0.5504780411720276,0.3906743228435516,0.0122185265645384,0.3083747923374176,0.5399631261825562,0.3857753872871399,-0.2085473835468292,0.948110282421112,0.5502572655677795,0.4005882740020752,0.0258099492639303,0.2867615222930908,0.5391514301300049,0.3946006298065185,-0.185999184846878,0.92290860414505,0.5519810914993286,0.4228953123092651,0.0685719177126884,0.9972222447395324,0.5547860860824585,0.4265964329242706,-0.0686357915401458,0.997655749320984,0.5496688485145569,0.2805558145046234,0.0717128291726112,0.2785829603672027,0.554470419883728,0.2802910804748535,-0.0582445859909057,0.7770159244537354,0.5468158721923828,0.1368474215269088,0.1165407747030258,0.3728281557559967,0.5495465993881226,0.1323777586221695,-0.0104604866355657,0.8168137669563293,0.5504981875419617,0.1136169880628585,0.1163498163223266,0.4995737969875335,0.5542037487030029,0.1031774953007698,-0.0097061730921268,0.772476851940155,0.526175856590271,0.1135814189910888,0.0642624348402023,0.5598824620246887,0.5282673239707947,0.104465901851654,-0.0773286744952201,0.8438410758972168,hoyeon_stand_normal_01,16.439022,16.4785065,16.263455999999998,16.4013445,15.403061,14.7064295,12.810381500000002,11.5547115,10.851631,11.137464,12.135139,11.718197,12.109772,12.207877,12.816811,12.6090645,14.241139,15.895795499999998,18.0292555,19.3016925,19.4649995,20.1111765,18.790549,18.1936065,18.8362075,19.9363905,9.081908,10.0320635,10.32196,10.6305695,10.6305695,10.0320635,10.462888,9.6278055,9.29029,9.1930515,8.3834715,8.303131,8.140055,8.0413815,7.54951,8.1925825,7.853365,8.930063,9.647815,10.296111,10.300324,11.9673825,13.4694735,14.869888,16.692388,17.283618,9.486833,9.433981,8.485281,9.433981,10.77033,11.401754,13.152946,13.0,15.0,16.03122,16.03122,17.029386,17.0,18.0,17.0,16.0,15.033296,13.038405,11.0,8.246211,5.656854,8.246211,11.045361,15.132746,19.104973,22.022716,12.649111,15.652476,17.492856,18.601075,19.104973,17.691806,15.811388,13.892444,9.848858,7.28011,3.162278,3.0,6.082763,8.246211,10.440307,11.7047,13.0,14.764823,15.652476,16.124515,14.764823,14.764823,13.416408,11.7047,11.045361,13.608102,13.928388,15.231546,15.652476,16.552945,16.155494,15.811388,14.56022,13.341664,12.165525,10.198039,8.246211,6.324555,5.385165,5.0,5.09902,8.0,10.049876,13.341664,15.297059,17.262677,19.104973,20.024984,20.0,18.027756,16.03122,13.038405,11.401754,13.341664,15.132746,16.03122,16.03122,15.033296,14.035669,12.041595,10.049876,9.219544,7.615773,6.403124,6.403124,6.708204,7.615773,8.246211,9.486833,10.440307,10.440307,11.401754,11.7047,11.401754,11.18034,11.045361,11.0,11.18034
hoyeon_stand_normal_01,1521,507,50.70277049180328,29.998360745314464,10,0.5329777598381042,0.6624898910522461,-0.0661093816161155,0.999055027961731,0.5364444851875305,0.6753308176994324,-0.0580610372126102,0.9983320832252502,0.5373009443283081,0.6760237216949463,-0.0580684468150138,0.9980128407478333,0.5382694602012634,0.6769512891769409,-0.058045744895935,0.9983466863632202,0.536794126033783,0.6756435036659241,-0.081860527396202,0.998567759990692,0.5378122925758362,0.6764886975288391,-0.0818875208497047,0.9985519647598268,0.5390201210975647,0.677544116973877,-0.081955686211586,0.9987483620643616,0.5470642447471619,0.6749116778373718,-0.0091782538220286,0.996001958847046,0.5473554134368896,0.6744077205657959,-0.1166678667068481,0.9985499382019044,0.5360832214355469,0.6503148674964905,-0.0446486249566078,0.9988366961479188,0.536809504032135,0.6504326462745667,-0.0757992789149284,0.9991586208343506,0.5559585094451904,0.6028349995613098,0.0676784366369247,0.9992195963859558,0.560028076171875,0.6081772446632385,-0.1653123497962951,0.9999438524246216,0.5552653074264526,0.4986635446548462,0.0895904824137687,0.123863510787487,0.557295560836792,0.5045160055160522,-0.1925204694271087,0.9863132834434508,0.5556344985961914,0.422075092792511,0.0404982939362525,0.3171931803226471,0.5435091853141785,0.4155743420124054,-0.1830173134803772,0.9720366597175598,0.5551625490188599,0.3950476348400116,0.0351816900074481,0.3001525998115539,0.543876588344574,0.3873534798622131,-0.2040357440710067,0.9509484171867372,0.549978494644165,0.3906725347042084,0.0175911076366901,0.3075612783432007,0.5399617552757263,0.3857819139957428,-0.203815221786499,0.9477656483650208,0.5496782064437866,0.400665134191513,0.0305040869861841,0.2861308157444,0.5391489863395691,0.3946028351783752,-0.1816362589597702,0.922410249710083,0.5519828796386719,0.4229841232299804,0.0681532472372055,0.9971673488616944,0.5547667145729065,0.4266528487205505,-0.068221814930439,0.9976181983947754,0.5496480464935303,0.2806365489959717,0.0676938295364379,0.2786009609699249,0.5544557571411133,0.2803513407707214,-0.0593625493347644,0.7756303548812866,0.5467206835746765,0.136848509311676,0.1089290007948875,0.3710295855998993,0.54938805103302,0.1323795914649963,-0.0155061138793826,0.8150052428245544,0.5504258275032043,0.1137873753905296,0.1084179580211639,0.4965553879737854,0.5541267395019531,0.1031474024057388,-0.0151607561856508,0.7707019448280334,0.5261074900627136,0.113430269062519,0.0561873465776443,0.5574991703033447,0.5282495617866516,0.1043990850448608,-0.0823388397693634,0.8422960042953491,hoyeon_stand_normal_01,6.403124,6.082763,8.246211,12.083046,14.317821,16.552945,17.464249,16.552945,16.155494,14.866069,13.928388,11.7047,9.848858,8.062258,6.403124,5.385165,5.385165,9.219544,12.806248,16.401219,21.400935,24.839485,27.586228,28.319605,28.600699,26.627054,9.219544,9.433981,8.944272,9.486833,9.055385,10.0,11.045361,11.045361,11.045361,10.049876,9.055385,8.246211,7.28011,5.830952,4.242641,4.472136,6.0,7.28011,10.440307,12.649111,14.56022,15.524175,16.492423,16.278821,15.297059,12.165525,15.811388,15.811388,15.620499,14.866069,13.453624,12.041595,10.816654,9.433981,7.615773,6.082763,5.0,4.472136,5.0,7.615773,9.219544,12.041595,15.033296,17.029386,20.024984,22.090722,23.194827,23.345235,22.561028,20.880613,18.384776,15.231546,7.81025,5.656854,3.605551,1.0,3.0,6.0,8.0,10.049876,12.041595,12.165525,13.341664,12.649111,11.7047,10.77033,8.944272,7.615773,5.385165,3.162278,2.0,3.0,4.123106,7.615773,9.848858,12.529964,13.892444,15.264338,17.464249,16.155494,13.928388,11.401754,10.049876,10.049876,10.440307,11.18034,12.529964,14.764823,16.552945,18.027756,18.681542,20.223748,20.099751,20.0,20.099751,18.248288,15.132746,12.165525,9.0,6.708204,7.211103,10.198039,13.038405,15.033296,10.049876,8.0,6.324555,6.403124,8.062258,9.486833,12.369317,14.317821,15.524175,16.763055,17.088007,16.552945,15.652476,15.264338,13.892444,13.038405,11.661904,11.18034,12.083046,12.649111,13.601471,15.297059,16.492423,17.720045,18.681542,18.973666
hoyeon_stand_normal_01,1524,508,50.80277595628415,29.998360745314464,10,0.5328944325447083,0.6623755693435669,-0.0655001923441886,0.9990485310554504,0.5362889170646667,0.6751990914344788,-0.0574033334851264,0.9983173608779908,0.537140965461731,0.6758910417556763,-0.0574099868535995,0.9979947805404664,0.5381070971488953,0.676823079586029,-0.0573864467442035,0.9983344674110411,0.5366628170013428,0.6755223870277405,-0.0812929049134254,0.99855774641037,0.5376916527748108,0.6763719320297241,-0.0813195258378982,0.9985421299934388,0.5389131307601929,0.6774380803108215,-0.081387884914875,0.9987404942512512,0.5469358563423157,0.6748748421669006,-0.0083210943266749,0.995962917804718,0.5472898483276367,0.6743553876876831,-0.1162178739905357,0.9985357522964478,0.5360111594200134,0.650208055973053,-0.0439655371010303,0.9988237619400024,0.536743700504303,0.650334894657135,-0.0752308443188667,0.9991512894630432,0.5559588670730591,0.6028316020965576,0.0687216818332672,0.9992101788520812,0.5599369406700134,0.6082490682601929,-0.1653732359409332,0.9999435544013976,0.5552642941474915,0.4986745715141296,0.0915815085172653,0.1231207847595214,0.5572623014450073,0.5045707821846008,-0.1929648965597152,0.9862757325172424,0.5555092096328735,0.4220776259899139,0.0434482172131538,0.3149048089981079,0.5435090661048889,0.4155656695365906,-0.1840132623910904,0.9718567132949828,0.5554152727127075,0.3950656950473785,0.0384656451642513,0.2981258928775787,0.5438777804374695,0.3873599767684936,-0.2053765207529068,0.9506633281707764,0.5496548414230347,0.3906700313091278,0.0207190904766321,0.3055168092250824,0.5399636626243591,0.3857811689376831,-0.2053358703851699,0.9474658966064452,0.5492966771125793,0.4007070362567901,0.0334059558808803,0.2843675315380096,0.5391490459442139,0.3946012556552887,-0.1827238351106643,0.9219304323196412,0.5520471334457397,0.4229839444160461,0.0682301744818687,0.9971252679824828,0.5547395944595337,0.4266520738601684,-0.0682993754744529,0.9975835680961608,0.5496434569358826,0.2806321978569031,0.0673549622297287,0.2784640789031982,0.5544454455375671,0.2803498804569244,-0.0605472885072231,0.776465654373169,0.546722948551178,0.1368413269519806,0.1085440963506698,0.3705022633075714,0.5493863821029663,0.1323554664850235,-0.0176651794463396,0.8152152895927429,0.5505136251449585,0.1137896478176117,0.1079868823289871,0.4957969188690185,0.5541595816612244,0.1028297841548919,-0.0174501743167638,0.7710451483726501,0.5260138511657715,0.1134061962366104,0.0554839484393596,0.556692361831665,0.5282244086265564,0.1042855381965637,-0.0850576236844062,0.8423506617546082,hoyeon_stand_normal_01,7.211103,7.615773,9.055385,11.0,13.0,15.033296,15.0,15.0,15.033296,14.035669,13.038405,11.045361,10.0,8.062258,6.324555,5.0,4.123106,7.071068,10.440307,13.928388,17.088007,20.880613,22.803509,24.33105,24.083189,22.0,6.708204,6.324555,6.324555,7.071068,7.0,8.062258,8.246211,8.246211,8.544004,8.544004,7.615773,6.708204,5.830952,5.0,5.0,5.09902,6.0,8.062258,9.219544,11.401754,13.341664,15.297059,15.132746,15.132746,14.142136,12.041595,13.7501405,13.9173985,13.2006095,13.4004195,13.2853845,12.9114705,12.2200795,12.0178345,11.972136,11.655665,11.0569915,11.064203,11.0,12.6055515,12.772002,13.7348465,14.6755585,14.658613,14.7195445,14.3211445,14.3290505,15.6635815,16.6156075,17.394147,18.0,17.5645635,10.0547365,10.5622575,10.662798,10.363711,10.617692,11.563388,11.3457835,11.226812,10.024938,8.4381565,6.708203999999999,7.2817065,7.784798,8.772002,9.330567,8.775345,9.2204635,8.28011,9.023728,9.658886,10.595312,11.752246,11.818647,12.7290015,12.4073495,16.124515,13.341664,14.317821,15.524175,15.524175,16.278821,15.297059,14.142136,13.038405,12.0,10.0,8.0,7.071068,5.385165,5.0,5.385165,8.246211,10.049876,13.038405,15.033296,17.117243,18.248288,19.416488,18.439089,17.464249,15.811388,13.0,11.045361,13.038405,15.033296,16.0,15.0,15.033296,14.035669,12.0,10.0,8.062258,7.28011,6.708204,7.071068,7.211103,8.062258,8.062258,8.944272,9.848858,10.77033,11.18034,11.18034,10.77033,10.77033,10.440307,11.18034,11.0
hoyeon_stand_normal_01,1527,509,50.902781420765024,29.998360745314464,10,0.5328633189201355,0.6623410582542419,-0.0634546428918838,0.9990432858467102,0.5362403392791748,0.6751293540000916,-0.0553750433027744,0.998309850692749,0.537086546421051,0.6758119463920593,-0.0553835742175579,0.9979846477508544,0.5380474925041199,0.6767373085021973,-0.055360872298479,0.9983298778533936,0.5366135835647583,0.6754533648490906,-0.0792811065912246,0.9985519647598268,0.5376366972923279,0.6762940287590027,-0.0793066024780273,0.9985345005989076,0.5388548970222473,0.677355170249939,-0.0793754532933235,0.99873548746109,0.5468618273735046,0.6748279929161072,-0.0068156505003571,0.9959478378295898,0.5472215414047241,0.6743024587631226,-0.1148042678833007,0.9985240697860718,0.535988450050354,0.6501742005348206,-0.0421148687601089,0.998814046382904,0.5367154479026794,0.6503072381019592,-0.0734100043773651,0.9991449117660522,0.5559883117675781,0.6028384566307068,0.0692723169922828,0.9992055296897888,0.5598873496055603,0.6082789301872253,-0.1641187518835067,0.9999428987503052,0.5552807450294495,0.4986961781978607,0.0917546227574348,0.1232706755399704,0.5572452545166016,0.5045792460441589,-0.1915509700775146,0.9862298965454102,0.5555554032325745,0.4220891296863556,0.0434731282293796,0.3149174153804779,0.5435091257095337,0.4155435860157013,-0.1832797080278396,0.9718290567398072,0.5565809607505798,0.3951787948608398,0.0382522828876972,0.2978853285312652,0.5438791513442993,0.3873598575592041,-0.2047329097986221,0.9506326913833618,0.550398051738739,0.3907110393047333,0.0205926485359668,0.3052569329738617,0.5399678945541382,0.3857772648334503,-0.204494222998619,0.9474547505378724,0.5499089956283569,0.4007182419300079,0.0334637388586998,0.2841179668903351,0.539152979850769,0.3945993781089782,-0.1819420456886291,0.9218717217445374,0.5520563125610352,0.4230087995529175,0.0680967792868614,0.997084140777588,0.5546920299530029,0.4266716539859772,-0.0681696832180023,0.9975510239601136,0.5496289134025574,0.2807799279689789,0.0664017796516418,0.2787078320980072,0.5543237924575806,0.2805254757404327,-0.0607356168329715,0.7753811478614807,0.5465884804725647,0.1368347406387329,0.1079737618565559,0.3688441812992096,0.5490676760673523,0.1323480457067489,-0.0175985693931579,0.8133449554443359,0.5503533482551575,0.1138414591550827,0.1074855849146843,0.493252545595169,0.5539179444313049,0.1029982715845108,-0.017272850498557,0.7690227627754211,0.525928795337677,0.1132615730166435,0.0549368262290954,0.5542969703674316,0.5281871557235718,0.1042147502303123,-0.0846792683005333,0.8407671451568604,hoyeon_stand_normal_01,7.81025,8.062258,10.440307,13.416408,15.652476,17.888544,18.788294,18.788294,17.464249,17.088007,14.866069,13.0,11.18034,8.602325,7.071068,5.385165,6.324555,9.899495,14.21267,19.209373,23.430749,27.658633,31.112698,31.890437,31.622777,29.154759,9.219544,10.049876,10.0,10.049876,11.401754,11.7047,12.083046,12.529964,12.529964,11.661904,10.816654,9.433981,7.81025,7.071068,6.708204,7.0,7.28011,9.848858,12.083046,14.764823,17.0,18.788294,19.697716,19.313208,17.088007,13.928388,10.0,10.198039,10.77033,11.661904,11.401754,12.727922,12.806248,13.601471,15.264338,15.264338,16.124515,16.124515,16.124515,17.0,16.643317,16.643317,14.422205,13.038405,10.29563,8.246211,6.082763,7.071068,10.29563,14.317821,17.464249,20.59126,12.206556,14.866069,16.278821,17.204651,17.492856,16.155494,14.56022,11.18034,8.0,5.0,1.0,2.0,5.385165,7.615773,10.29563,11.401754,12.806248,14.866069,16.278821,16.278821,16.401219,15.620499,14.866069,13.453624,12.206556,10.29563,12.649111,13.928388,15.231546,16.155494,15.811388,14.56022,13.341664,12.165525,11.18034,9.055385,7.071068,5.385165,5.0,4.472136,6.082763,8.0,11.045361,14.142136,16.124515,19.026298,20.024984,21.0,21.023796,19.104973,17.117243,14.142136,11.0,12.041595,14.142136,15.297059,15.297059,14.317821,12.369317,11.18034,9.055385,8.0,6.082763,5.385165,5.0,5.830952,5.830952,6.708204,7.615773,8.544004,9.848858,9.848858,9.848858,9.848858,9.486833,10.198039,10.049876,10.049876
hoyeon_stand_normal_01,1530,510,51.002786885245904,29.998360745314464,10,0.5328491926193237,0.6623388528823853,-0.0617362521588802,0.999035120010376,0.5362224578857422,0.6750943660736084,-0.0536686033010482,0.9982970952987672,0.5370627045631409,0.6757718920707703,-0.0536774806678295,0.9979683756828308,0.538016676902771,0.6766922473907471,-0.0536551065742969,0.9983196258544922,0.5365947484970093,0.675405740737915,-0.0775175020098686,0.9985407590866088,0.5376119017601013,0.6762297749519348,-0.0775423794984817,0.998520851135254,0.5388246178627014,0.6772730350494385,-0.077610857784748,0.9987253546714784,0.5468034744262695,0.6747683882713318,-0.0053981812670826,0.9959187507629396,0.5471585988998413,0.6742362976074219,-0.1131784543395042,0.9985066652297974,0.5359724164009094,0.6501715779304504,-0.0405110381543636,0.99879789352417,0.5366962552070618,0.6503062844276428,-0.071739062666893,0.9991340041160583,0.5560623407363892,0.6028616428375244,0.0699419975280761,0.9991987943649292,0.5598171353340149,0.6083161234855652,-0.1625103652477264,0.9999420046806335,0.5553070902824402,0.4987334012985229,0.0918760821223259,0.1228530779480934,0.5572288036346436,0.5045943260192871,-0.189589723944664,0.9860904812812804,0.5555580854415894,0.4220880568027496,0.0434434823691844,0.3138261437416076,0.5435019731521606,0.4155408442020416,-0.1802589893341064,0.9715585112571716,0.5570493936538696,0.3952248692512512,0.0381365530192852,0.2967454791069031,0.5438793897628784,0.3873924314975738,-0.201359286904335,0.9502370357513428,0.5503003597259521,0.3907118439674377,0.0205730162560939,0.3041058778762817,0.5399681925773621,0.3857936561107635,-0.200872391462326,0.9470648765563964,0.5500470399856567,0.400718092918396,0.0334552489221096,0.2830564379692077,0.5391519665718079,0.3946123123168945,-0.1787986159324646,0.921331524848938,0.5521429181098938,0.4230088591575622,0.0678252130746841,0.9970369338989258,0.5546282529830933,0.4266687929630279,-0.0679012089967727,0.9975109100341796,0.549638569355011,0.2808712422847748,0.0660212412476539,0.2787612378597259,0.55427485704422,0.280563086271286,-0.0607088133692741,0.7733343243598938,0.5465699434280396,0.1368473470211029,0.1077984571456909,0.3668979406356811,0.548913300037384,0.1323750764131546,-0.0171970184892416,0.8106263279914856,0.5503214001655579,0.1139880418777465,0.1073431149125099,0.4904967844486236,0.5539001822471619,0.1032845824956893,-0.0167950950562953,0.7663646340370178,0.5260049700737,0.1132118254899978,0.0548269562423229,0.5513498187065125,0.528195321559906,0.104207657277584,-0.084296204149723,0.8385475277900696,hoyeon_stand_normal_01,26.925824,27.513633,24.166092,21.954498,17.492856,13.892444,9.848858,7.071068,5.385165,7.81025,10.29563,12.083046,15.231546,17.888544,20.124612,21.095023,23.853721,23.600847,23.430749,21.931712,19.79899,15.556349,10.816654,8.062258,10.29563,14.21267,10.0,11.401754,12.041595,12.041595,12.041595,10.630146,9.219544,8.602325,7.615773,8.062258,8.0,9.055385,10.198039,10.198039,10.198039,11.18034,10.049876,10.049876,9.219544,8.246211,6.403124,7.615773,10.198039,14.0,19.026298,23.086793,10.29563,10.630146,11.401754,12.529964,12.649111,14.317821,15.033296,16.0,17.0,18.027756,19.026298,19.026298,19.026298,20.024984,20.0,19.0,18.0,16.0,13.038405,9.486833,7.81025,8.246211,12.0,17.117243,21.095023,24.0,12.649111,16.155494,17.888544,20.248457,19.849433,19.104973,16.401219,13.892444,9.848858,7.071068,3.0,1.0,4.123106,7.071068,9.0,11.045361,13.341664,15.524175,15.811388,17.088007,16.155494,16.155494,15.231546,13.601471,13.152946,11.0,14.56022,15.297059,15.297059,16.492423,16.492423,15.811388,14.866069,13.0,12.083046,9.848858,8.544004,6.324555,5.0,5.385165,7.071068,8.602325,12.206556,14.764823,17.492856,19.723083,21.633308,21.400935,21.260292,19.849433,17.691806,14.866069,11.18034,13.038405,13.601471,14.21267,14.866069,14.21267,12.806248,11.401754,10.0,7.211103,6.082763,5.0,5.385165,5.830952,6.403124,7.81025,8.602325,9.219544,10.0,10.0,10.0,10.0,10.630146,10.630146,10.816654,11.18034
hoyeon_stand_normal_01,1533,511,51.102792349726776,29.998360745314464,10,0.5328367948532104,0.6623308658599854,-0.0612992011010646,0.9990355372428894,0.5362093448638916,0.6750480532646179,-0.0532138459384441,0.9982985258102416,0.5370469689369202,0.6757208704948425,-0.0532230921089649,0.9979685544967652,0.5379973649978638,0.676638126373291,-0.0532006025314331,0.9983232021331788,0.5365787148475647,0.6753563284873962,-0.0770677402615547,0.9985409379005432,0.5375902652740479,0.6761716604232788,-0.0770919620990753,0.9985188841819764,0.5387964248657227,0.6772061586380005,-0.0771602913737297,0.9987242221832277,0.5467842817306519,0.6747342944145203,-0.0049950759857892,0.9959264397621156,0.5471225380897522,0.6741927862167358,-0.1128148064017295,0.9984986186027528,0.5359688401222229,0.6501714587211609,-0.0400820188224315,0.9987949132919312,0.5366916656494141,0.6503074765205383,-0.0713259726762771,0.9991298913955688,0.5562616586685181,0.6029031872749329,0.0701001733541488,0.9992040395736694,0.5597769618034363,0.6083710193634033,-0.1622105240821838,0.99994158744812,0.5553621053695679,0.4987441599369049,0.0918075740337371,0.1238733902573585,0.5571619272232056,0.5046053528785706,-0.1896865963935852,0.9861083030700684,0.5561729073524475,0.4220893085002899,0.0431280322372913,0.3160682320594787,0.543429434299469,0.4155508279800415,-0.1813346594572067,0.9716919660568236,0.5586498379707336,0.3953694701194763,0.0377217903733253,0.2983001172542572,0.5438247323036194,0.3874521255493164,-0.2026906460523605,0.9504574537277222,0.5520997643470764,0.3908296823501587,0.0201685819774866,0.305612176656723,0.5399534702301025,0.3858254253864288,-0.2022906988859176,0.9473221302032472,0.5515617728233337,0.400724709033966,0.0331521742045879,0.2842817008495331,0.5391368269920349,0.394632875919342,-0.1799231916666031,0.9216248989105223,0.5522500276565552,0.4230055212974548,0.0675727128982544,0.997022032737732,0.5545183420181274,0.4266718029975891,-0.0676543489098548,0.9974930882453918,0.5496526956558228,0.280882179737091,0.0657743588089943,0.2794628739356994,0.5541498064994812,0.2806020379066467,-0.0606172047555446,0.7709181308746338,0.546562135219574,0.1368203610181808,0.108167715370655,0.3656180799007416,0.5488097071647644,0.1323842257261276,-0.0170756969600915,0.808247983455658,0.5503064393997192,0.1139859482645988,0.1077758818864822,0.4888447523117065,0.553788423538208,0.1035183444619178,-0.0165714025497436,0.7642159461975098,0.5262098908424377,0.1130666807293891,0.0551715679466724,0.5491546988487244,0.5282551646232605,0.1041960641741752,-0.0833958908915519,0.8366461992263794,hoyeon_stand_normal_01,25.612497,25.455844,24.207437,20.808652,17.492856,13.892444,9.433981,6.403124,5.09902,5.385165,8.602325,10.630146,13.453624,15.620499,17.804494,20.0,21.633308,22.825424,21.931712,20.248457,18.027756,14.866069,10.29563,7.211103,9.055385,13.601471,11.401754,12.206556,13.038405,13.038405,12.529964,12.529964,11.661904,10.0,8.485281,8.602325,8.944272,9.486833,10.440307,11.18034,11.401754,11.401754,11.401754,11.401754,10.440307,9.219544,7.071068,7.211103,10.0,13.892444,17.888544,21.095023,10.29563,9.486833,11.18034,11.0,12.165525,12.649111,13.928388,14.317821,14.764823,14.764823,16.124515,16.124515,16.552945,16.552945,16.552945,16.155494,15.231546,13.0,11.18034,7.81025,6.708204,8.062258,10.77033,14.764823,18.384776,21.18962,13.601471,15.811388,17.888544,19.313208,18.681542,17.117243,15.0,13.038405,9.219544,6.082763,2.0,1.0,4.242641,7.211103,9.433981,11.18034,13.416408,14.317821,15.811388,16.763055,16.492423,15.524175,14.56022,13.928388,13.0,10.816654,16.744613,15.577747,12.9040135,10.737984999999998,9.2434165,9.109772,9.675507499999998,11.401754,12.7276795,14.78011,15.970188,17.737401499999997,18.862736,19.6373775,20.016008,19.9353155,19.0393195,17.0586965,14.6589105,11.85235,8.246211,6.3638395,7.0674025,10.410103,13.170832,15.5542235,9.081908,7.343420500000001,5.5908915,5.8941445,7.566663,9.044579,12.1555075,13.7993125,14.851916,16.6378185,15.577747,16.086722,15.1333255,13.9379145,12.9670195,12.1760565,11.146025,10.5399175,11.356596,11.260677,12.501784,14.1051325,15.9656485,17.624144,19.142225,18.354649
hoyeon_stand_normal_01,1536,512,51.20279781420765,29.998360745314464,10,0.5328325629234314,0.6621628403663635,-0.0618594139814376,0.9990273118019104,0.536191999912262,0.6748008131980896,-0.0537611320614814,0.9982842803001404,0.537025511264801,0.6754530668258667,-0.0537699200212955,0.9979504346847534,0.537969708442688,0.676345705986023,-0.0537468045949935,0.9983111023902892,0.536563515663147,0.6751236319541931,-0.0776189640164375,0.9985284805297852,0.53757244348526,0.6759238243103027,-0.0776441320776939,0.9985050559043884,0.5387738347053528,0.6769409775733948,-0.0777126923203468,0.9987125992774964,0.5467586517333984,0.6745560765266418,-0.0052771870978176,0.995891571044922,0.5470981597900391,0.6740507483482361,-0.1130987852811813,0.9984787106513976,0.5359688997268677,0.6500642895698547,-0.0405409298837184,0.998780369758606,0.5367024540901184,0.6502119302749634,-0.0717796832323074,0.9991177320480348,0.55631023645401,0.6029266119003296,0.070049300789833,0.999206006526947,0.5597524642944336,0.6083833575248718,-0.1625607907772064,0.9999411702156068,0.5553732514381409,0.4988040924072265,0.0917903706431388,0.1242803931236267,0.5571025609970093,0.5046370625495911,-0.1900381594896316,0.9861109852790833,0.5562155246734619,0.4221470952033996,0.042911734431982,0.3170256018638611,0.5433727502822876,0.4155609011650085,-0.1814975142478943,0.971737265586853,0.5588573217391968,0.3954933583736419,0.0374992825090885,0.2989471554756164,0.5437820553779602,0.3874836266040802,-0.2029206454753875,0.950547695159912,0.5523285269737244,0.3909233808517456,0.0199324786663055,0.3062480986118316,0.539936363697052,0.3858412802219391,-0.2027640491724014,0.9474397897720336,0.5517685413360596,0.4008387625217438,0.0329331271350383,0.2847655713558197,0.5391152501106262,0.3946479260921478,-0.180168405175209,0.9217060208320618,0.5522826313972473,0.4230287373065948,0.0675289332866668,0.9970003366470336,0.5545151829719543,0.4267009198665619,-0.0676113739609718,0.9974687099456788,0.5497011542320251,0.2809295356273651,0.0655087307095527,0.2789352238178253,0.5541727542877197,0.2806806564331054,-0.0607404299080371,0.7684901356697083,0.5466060638427734,0.1368148028850555,0.1075559556484222,0.3640457987785339,0.548811137676239,0.1324067860841751,-0.0170012842863798,0.8061532378196716,0.5502471923828125,0.1125435829162597,0.1071143448352813,0.4869632422924042,0.5537945032119751,0.1036141961812973,-0.016482837498188,0.7622812986373901,0.5263486504554749,0.1129085198044776,0.0542572624981403,0.5468844771385193,0.5282920598983765,0.1041303798556327,-0.0833750963211059,0.834953248500824,hoyeon_stand_normal_01,6.324555,5.830952,7.071068,9.055385,12.041595,13.152946,14.035669,14.035669,13.038405,12.0,11.0,10.0,8.062258,7.071068,5.385165,3.605551,4.0,6.708204,9.433981,13.601471,17.204651,21.095023,22.825424,23.769729,23.086793,21.587033,7.211103,6.708204,7.28011,8.062258,9.0,9.0,9.0,10.049876,9.055385,9.055385,8.062258,7.071068,6.324555,4.472136,4.242641,5.385165,6.082763,8.0,9.055385,12.041595,13.038405,15.033296,15.033296,15.0,13.0,11.0,16.155494,15.652476,14.764823,14.422205,13.601471,12.041595,9.899495,9.219544,8.062258,6.324555,6.0,6.324555,6.403124,7.81025,9.433981,12.083046,14.866069,17.088007,19.313208,21.540659,21.931712,22.36068,21.954498,20.248457,17.804494,14.21267,8.602325,5.830952,3.605551,1.414214,3.162278,5.09902,8.246211,9.486833,10.77033,12.083046,11.661904,11.661904,10.0,9.219544,7.81025,5.656854,4.242641,1.414214,1.0,3.162278,5.385165,8.544004,10.440307,12.649111,14.56022,15.811388,16.643317,15.811388,13.892444,10.77033,10.198039,10.049876,10.440307,12.083046,14.317821,15.231546,17.088007,18.681542,20.396078,21.095023,21.0,21.023796,20.223748,18.439089,15.524175,12.369317,8.0,6.708204,6.324555,10.049876,14.0,16.0,8.944272,7.615773,6.0,6.708204,8.485281,10.816654,13.038405,15.264338,16.643317,17.204651,17.804494,17.029386,16.278821,15.556349,14.866069,12.727922,12.041595,11.401754,12.206556,13.038405,13.416408,15.231546,16.552945,18.788294,19.235384,19.235384
hoyeon_stand_normal_01,1539,513,51.30280327868852,29.998360745314464,10,0.5328299403190613,0.6620374917984009,-0.0614988394081592,0.999023139476776,0.5361764430999756,0.674637496471405,-0.0533797778189182,0.9982756972312928,0.5370079278945923,0.6752829551696777,-0.053387738764286,0.9979394674301147,0.5379489660263062,0.676164984703064,-0.0533645786345005,0.998306155204773,0.5365487933158875,0.6749654412269592,-0.07725540548563,0.9985204935073853,0.5375553369522095,0.6757570505142212,-0.0772786438465118,0.9984955191612244,0.538752019405365,0.6767613291740417,-0.0773466303944587,0.9987042546272278,0.5467506647109985,0.6744504570960999,-0.0048910928890109,0.9958703517913818,0.5470859408378601,0.6739672422409058,-0.1128254830837249,0.9984554052352904,0.5359768271446228,0.6499960422515869,-0.0401820167899131,0.9987678527832032,0.5367211103439331,0.6501502990722656,-0.071458488702774,0.9991057515144348,0.55646151304245,0.602946400642395,0.070432923734188,0.9992082118988036,0.5597473382949829,0.6084096431732178,-0.162385493516922,0.9999405145645142,0.5554023385047913,0.4988681375980377,0.0921707972884178,0.1249447911977768,0.5570607781410217,0.5048467516899109,-0.1903580874204635,0.9861162304878236,0.5564543008804321,0.4221640527248382,0.0439527034759521,0.318248301744461,0.5433544516563416,0.4156640470027923,-0.1834077686071396,0.9717789888381958,0.5591596961021423,0.3955532312393188,0.0388024896383285,0.2996369004249573,0.5437573790550232,0.3875879943370819,-0.2052521407604217,0.950625777244568,0.5526659488677979,0.3909476399421692,0.0212674103677272,0.3068734109401703,0.5399360656738281,0.3859259188175201,-0.2044864296913147,0.9475364685058594,0.5521281361579895,0.4008370637893677,0.0340446606278419,0.2851620018482208,0.5391153693199158,0.394721657037735,-0.18194679915905,0.9217073917388916,0.5524553060531616,0.4231264889240265,0.0674765929579734,0.996964156627655,0.5544635057449341,0.4269429445266723,-0.0675611123442649,0.997427463531494,0.5497775673866272,0.2809458374977112,0.0647022798657417,0.2786822617053985,0.5540671944618225,0.2807214856147766,-0.0610471703112125,0.7657061219215393,0.5466078519821167,0.136799469590187,0.1061698421835899,0.3626976907253265,0.5487091541290283,0.1324272602796554,-0.0176621917635202,0.8041466474533081,0.5503518581390381,0.1126836836338043,0.1056580692529678,0.4854172766208648,0.5537793040275574,0.1036421582102775,-0.0171938557177782,0.7608876824378967,0.5264623165130615,0.112845778465271,0.0524095147848129,0.5447226166725159,0.5283113718032837,0.1041418612003326,-0.0842819735407829,0.8333343863487244,hoyeon_stand_normal_01,26.400758,26.07681,24.596748,21.540659,18.027756,13.601471,9.848858,5.830952,4.472136,5.385165,7.211103,10.630146,13.453624,15.620499,18.439089,20.0,21.633308,23.323808,22.36068,20.615528,18.384776,14.317821,9.433981,6.708204,8.544004,13.892444,11.0,12.041595,13.038405,13.038405,12.041595,11.045361,10.0,9.055385,8.544004,8.062258,9.219544,9.899495,10.630146,11.401754,11.401754,12.041595,12.041595,10.630146,10.630146,8.602325,7.28011,6.082763,8.602325,13.453624,17.691806,21.213203,10.29563,9.486833,11.045361,11.045361,12.165525,13.341664,13.928388,14.317821,15.652476,16.124515,17.0,17.0,17.0,17.888544,16.552945,16.552945,15.231546,13.416408,10.29563,8.485281,7.28011,9.055385,12.649111,16.155494,19.697716,22.135944,13.416408,15.811388,17.720045,19.235384,19.026298,18.027756,15.297059,12.649111,8.944272,5.830952,2.828427,4.242641,6.403124,8.062258,10.77033,12.649111,13.601471,14.317821,15.132746,15.132746,14.142136,14.142136,12.369317,11.7047,10.0,13.220767,17.029386,15.033296,12.041595,10.198039,8.062258,8.485281,9.433981,10.77033,13.0,14.317821,16.124515,17.492856,18.601075,19.104973,20.518285,20.0,19.723083,17.0,14.764823,11.18034,7.81025,5.09902,6.708204,10.630146,14.142136,16.970563,9.055385,7.0,6.324555,5.0,7.28011,9.055385,12.0,14.0,15.0,16.03122,17.117243,16.278821,15.297059,14.317821,12.369317,12.369317,10.198039,11.18034,11.0,11.045361,12.165525,14.317821,16.278821,16.278821,18.248288,19.104973
hoyeon_stand_normal_01,1542,514,51.4028087431694,29.998360745314464,10,0.5328097939491272,0.6619100570678711,-0.0616143234074115,0.9990173578262328,0.5361216068267822,0.6744757890701294,-0.0534613206982612,0.9982622861862184,0.5369452834129333,0.6751071810722351,-0.0534701086580753,0.997921109199524,0.5378775000572205,0.67596834897995,-0.0534465834498405,0.998294234275818,0.5365092158317566,0.6748183965682983,-0.077326625585556,0.9985098838806152,0.537516713142395,0.6756046414375305,-0.0773511454463005,0.9984830021858216,0.5387119650840759,0.676598846912384,-0.077419675886631,0.998693823814392,0.5467253923416138,0.6743231415748596,-0.0049894456751644,0.9958400130271912,0.5470710396766663,0.6738771200180054,-0.1130136772990226,0.9984344244003296,0.5359748005867004,0.6499031186103821,-0.040267527103424,0.998756229877472,0.5367240309715271,0.6500557661056519,-0.0715150833129882,0.9990960955619812,0.5564797520637512,0.6029534935951233,0.0700150579214096,0.9992116689682008,0.5597499012947083,0.6084550023078918,-0.1625666171312332,0.9999402761459352,0.5554015040397644,0.4989386796951294,0.0920716598629951,0.1262712031602859,0.5570491552352905,0.5049987435340881,-0.1905655860900879,0.9861441850662231,0.5564548373222351,0.4221741855144501,0.0437296777963638,0.3204659521579742,0.5433527231216431,0.4157325327396393,-0.1847125440835952,0.97192120552063,0.5591844320297241,0.3955994248390198,0.0385110601782798,0.3013156056404114,0.5437507629394531,0.3876472413539886,-0.2065671384334564,0.9508678913116456,0.5526946783065796,0.3909733891487121,0.0209672916680574,0.3085508048534393,0.5399377942085266,0.3859723806381225,-0.205854907631874,0.9478140473365784,0.5521558523178101,0.4008604884147644,0.0338063649833202,0.286649227142334,0.5391224026679993,0.3947671949863434,-0.1832625418901443,0.9220131635665894,0.5524567365646362,0.4231974184513092,0.0673708468675613,0.9969297647476196,0.5544458627700806,0.4271081984043121,-0.0674560815095901,0.9973933696746826,0.5498000979423523,0.2810291349887848,0.064757190644741,0.2765028476715088,0.5540655851364136,0.2807984948158264,-0.0610287711024284,0.7608462572097778,0.5466609597206116,0.1367992162704467,0.1063807681202888,0.3587097525596618,0.548707902431488,0.1324613839387893,-0.0174564104527235,0.8000352382659912,0.5505218505859375,0.1128781735897064,0.1059071496129036,0.4817643165588379,0.553789496421814,0.103660948574543,-0.0169743094593286,0.7582135796546936,0.5266377925872803,0.1128483787178993,0.0528725944459438,0.5401260256767273,0.5283859372138977,0.1041633933782577,-0.0842126607894897,0.8300044536590576,hoyeon_stand_normal_01,16.306248500000002,15.9735315,16.394548999999998,16.364248,15.53286,14.405694,13.0161395,11.3724305,10.627257,11.255828,11.875901,12.144801,12.424429,12.725431,12.7496255,13.213317,13.64878,16.083046,17.7874625,19.2073825,20.0214805,19.9276125,19.1732475,18.8097805,19.0089255,19.8178995,8.8078865,9.1055515,9.405125,10.609772,10.5,10.408327,10.330952,9.621299,9.3980565,8.753366499999998,8.377261,8.109049,7.758372,7.2169905,7.6925825,8.236754,9.0138785,9.6414195,10.1535125,10.318296,11.077747,12.0862265,14.003919,15.7450075,16.964504499999997,17.33835,9.848858,10.049876,11.0,11.18034,12.649111,13.0,13.892444,14.422205,15.0,15.0,16.401219,16.401219,17.204651,17.204651,17.204651,17.204651,15.811388,14.422205,12.206556,9.899495,7.615773,8.062258,10.29563,14.422205,16.643317,19.723083,10.816654,13.892444,16.155494,16.763055,17.117243,16.0,14.142136,11.401754,8.544004,5.0,2.236068,1.0,3.605551,6.403124,9.219544,10.0,12.206556,12.529964,14.317821,15.231546,14.866069,14.866069,13.0,12.083046,11.661904,10.630146,13.928388,15.811388,16.763055,17.088007,17.088007,16.155494,15.652476,13.416408,11.661904,10.0,8.602325,6.708204,5.09902,5.09902,6.403124,7.81025,10.816654,13.892444,16.643317,18.027756,20.248457,20.808652,20.615528,18.439089,16.278821,14.142136,12.041595,12.727922,14.142136,14.866069,14.866069,14.21267,12.806248,11.313708,9.899495,7.81025,6.324555,6.082763,6.082763,7.28011,7.615773,8.062258,8.944272,9.848858,10.29563,11.18034,11.18034,11.18034,10.29563,10.630146,11.313708,10.816654
hoyeon_stand_normal_01,1545,515,51.50281420765028,29.998360745314464,10,0.532796323299408,0.6618632078170776,-0.0618102401494979,0.9990227818489076,0.5360881090164185,0.6743924617767334,-0.0537184961140155,0.99826979637146,0.5369062423706055,0.6750132441520691,-0.0537262037396431,0.9979283809661864,0.5378340482711792,0.675861120223999,-0.0537026859819889,0.998302400112152,0.5364869832992554,0.6747440695762634,-0.0775152966380119,0.9985158443450928,0.5374954342842102,0.6755254864692688,-0.0775388032197952,0.998487651348114,0.5386916995048523,0.6765127778053284,-0.0776068866252899,0.9986977577209472,0.5467138886451721,0.674243688583374,-0.0053636943921446,0.9958593845367432,0.547065019607544,0.6738185882568359,-0.1131555810570716,0.9984310269355774,0.5359733700752258,0.6498751044273376,-0.0405025295913219,0.9987598061561584,0.5367252230644226,0.650023341178894,-0.0716858580708503,0.9990968704223632,0.5564809441566467,0.6030013561248779,0.0692751333117485,0.9992195963859558,0.5597517490386963,0.6084907054901123,-0.1627161651849746,0.9999402761459352,0.555402398109436,0.4990499317646026,0.0915038585662841,0.1278808563947677,0.557049036026001,0.5051042437553406,-0.190601497888565,0.986185610294342,0.5564957857131958,0.4221657216548919,0.0435283705592155,0.3236539363861084,0.5433647632598877,0.4157576560974121,-0.1861297786235809,0.9721453189849854,0.5592254996299744,0.3955974876880646,0.0382854826748371,0.3037644624710083,0.543785810470581,0.3876568675041199,-0.208108589053154,0.9512251019477844,0.5527569055557251,0.3909481167793274,0.0207553524523973,0.3109955191612243,0.5399817824363708,0.3859772980213165,-0.2075928300619125,0.9482094645500184,0.5522557497024536,0.4007891416549682,0.0336606688797473,0.2887799143791199,0.53916335105896,0.394779235124588,-0.1847689151763916,0.9225016236305236,0.552466094493866,0.4233965873718261,0.0670997947454452,0.9969183206558228,0.5544436573982239,0.4273504316806793,-0.0671853050589561,0.9973773956298828,0.5498506426811218,0.2811722457408905,0.0642337501049041,0.2761159539222717,0.5541012287139893,0.2809413373470306,-0.061013638973236,0.7575303316116333,0.5467075705528259,0.1367925703525543,0.1056869029998779,0.3568722307682037,0.5488153696060181,0.1324980109930038,-0.0173391327261924,0.7974172234535217,0.5506375432014465,0.1129596307873725,0.1051965653896331,0.4797452092170715,0.5538615584373474,0.1036668866872787,-0.0168461911380291,0.7562721967697144,0.5268429517745972,0.1128000319004058,0.0520107075572013,0.53773432970047,0.5286000370979309,0.1041348725557327,-0.0840670764446258,0.827931821346283,hoyeon_stand_normal_01,8.602325,9.0,11.7047,16.124515,18.867962,21.095023,22.472205,21.954498,21.954498,20.59126,19.235384,16.124515,15.264338,11.401754,9.219544,6.324555,7.28011,10.630146,15.0,21.095023,26.07681,31.064449,35.0,36.124784,36.069378,33.42155,9.433981,9.848858,10.198039,11.0,12.041595,12.165525,13.341664,13.341664,12.649111,12.649111,10.440307,9.486833,6.708204,5.656854,5.385165,6.0,7.615773,10.29563,13.038405,16.643317,19.723083,21.954498,22.36068,21.931712,19.697716,16.552945,11.401754,12.083046,11.661904,12.806248,12.727922,12.806248,13.892444,13.416408,14.317821,15.231546,16.155494,16.552945,17.464249,17.464249,16.552945,16.552945,15.652476,13.416408,11.18034,9.219544,7.071068,7.81025,10.29563,14.764823,17.888544,21.095023,13.341664,15.811388,17.464249,18.35756,17.804494,16.970563,15.0,11.661904,8.062258,4.472136,1.414214,2.0,5.09902,7.28011,10.440307,12.083046,13.416408,14.764823,15.811388,15.811388,15.811388,15.0,14.422205,13.038405,12.083046,11.18034,17.117243,16.124515,13.038405,11.0,9.219544,8.944272,9.219544,11.313708,13.453624,14.866069,15.556349,17.804494,19.416488,19.723083,20.124612,20.248457,19.924859,17.464249,15.297059,12.369317,8.544004,5.656854,7.0,10.440307,13.0,15.231546,9.0,7.071068,6.324555,5.656854,8.544004,10.198039,13.152946,14.142136,16.124515,17.464249,17.464249,16.763055,15.811388,15.231546,13.0,12.649111,11.7047,11.401754,11.401754,12.041595,13.038405,15.0,16.0,18.0,19.026298,18.027756
hoyeon_stand_normal_01,1548,516,51.60281967213115,29.998360745314464,10,0.5327821969985962,0.6618434190750122,-0.0612614005804061,0.9990357756614684,0.5360581278800964,0.6743497252464294,-0.0532503388822078,0.9982929229736328,0.5368725061416626,0.674964964389801,-0.0532581880688667,0.9979527592658995,0.5377979278564453,0.6758059859275818,-0.0532352179288864,0.9983242750167848,0.5364657640457153,0.6747092008590698,-0.076967529952526,0.9985355138778688,0.537475049495697,0.6754885911941528,-0.0769911482930183,0.9985061287879944,0.5386712551116943,0.6764712929725647,-0.0770588219165802,0.9987151622772216,0.5466903448104858,0.6741847991943359,-0.0050435666926205,0.9959129691123962,0.5470453500747681,0.6737706661224365,-0.1124390065670013,0.9984456300735474,0.535965085029602,0.6498619914054871,-0.040030013769865,0.9987733960151672,0.5367229580879211,0.6500027775764465,-0.0711201727390289,0.9991061091423036,0.5564478635787964,0.6030235290527344,0.0692746564745903,0.999226450920105,0.5597489476203918,0.6085260510444641,-0.1613055616617202,0.9999402165412904,0.5553944706916809,0.4991171360015869,0.0914285257458686,0.1293562054634094,0.5570533871650696,0.5052005648612976,-0.188822254538536,0.9862073659896852,0.5565608143806458,0.4221782684326172,0.0434255227446556,0.3261212110519409,0.5433720946311951,0.4158472716808319,-0.1833853870630264,0.9723403453826904,0.559383749961853,0.3956141769886017,0.0381706357002258,0.3053986728191376,0.5438084006309509,0.3877089619636535,-0.2050682753324508,0.9515066742897034,0.5529466271400452,0.3909505009651184,0.0207067802548408,0.3126151859760284,0.5399863123893738,0.3860385119915008,-0.2046955674886703,0.9485241174697876,0.5524394512176514,0.4007827937602997,0.0335285626351833,0.2900664806365967,0.5391637086868286,0.3948559761047363,-0.1820381581783294,0.922924816608429,0.5524266362190247,0.4236496388912201,0.0661189258098602,0.9969034194946288,0.5544409155845642,0.4275531470775604,-0.0662015527486801,0.9973661303520204,0.5498339533805847,0.2811761796474457,0.0623842366039752,0.277128130197525,0.5540977120399475,0.2809453010559082,-0.061003815382719,0.7533056735992432,0.5466822981834412,0.1367924213409423,0.1032966673374176,0.3554221093654632,0.5489034652709961,0.1325656920671463,-0.0172552391886711,0.7937909960746765,0.5506473779678345,0.1130226403474807,0.1027683988213539,0.4772870242595672,0.5538914799690247,0.1037384867668151,-0.0167529471218585,0.7528032660484314,0.5270136594772339,0.1126802340149879,0.0492499247193336,0.5355656147003174,0.5287657976150513,0.1040904894471168,-0.0839777514338493,0.8252188563346863,hoyeon_stand_normal_01,27.073973,27.018512,25.179357,22.36068,18.681542,14.56022,10.198039,7.071068,5.830952,6.708204,9.219544,12.165525,15.132746,17.117243,19.235384,21.377558,22.803509,24.041631,23.769729,21.931712,20.124612,15.652476,11.7047,8.062258,9.219544,13.601471,10.77033,10.77033,12.083046,12.083046,11.18034,10.29563,8.544004,8.246211,7.071068,7.28011,7.615773,8.944272,9.433981,10.29563,11.18034,11.18034,11.18034,9.848858,8.944272,7.81025,6.403124,7.071068,10.049876,14.56022,18.681542,22.561028,9.486833,10.29563,10.816654,11.313708,11.401754,12.529964,13.416408,13.928388,14.866069,15.811388,15.811388,17.088007,17.088007,17.088007,17.464249,16.552945,15.231546,13.416408,11.7047,9.055385,7.28011,8.485281,11.661904,14.764823,18.867962,21.633308,11.7047,15.231546,16.124515,17.204651,17.029386,17.029386,14.422205,11.18034,8.544004,5.09902,2.0,1.0,4.0,6.082763,8.246211,9.486833,11.7047,12.529964,13.892444,13.892444,14.422205,13.601471,13.038405,11.661904,10.77033,10.198039,17.464249,16.155494,13.928388,12.369317,10.049876,9.219544,10.77033,11.661904,13.892444,14.764823,16.552945,18.027756,18.681542,20.396078,21.095023,21.0,20.024984,19.104973,16.124515,13.038405,10.049876,7.615773,8.062258,10.440307,13.152946,16.124515,8.246211,7.071068,5.09902,5.656854,7.615773,9.486833,12.649111,13.601471,15.811388,16.155494,16.552945,15.652476,14.764823,13.892444,13.038405,12.206556,11.661904,11.18034,10.77033,11.7047,13.341664,15.297059,16.492423,17.720045,18.973666,19.313208
hoyeon_stand_normal_01,1551,517,51.70282513661202,29.998360745314464,10,0.5327602028846741,0.6617870330810547,-0.0606921873986721,0.9990494847297668,0.5360139012336731,0.6742680072784424,-0.0526326149702072,0.9983162879943848,0.536820113658905,0.6748732328414917,-0.0526403412222862,0.9979802370071412,0.5377376079559326,0.6757004857063293,-0.0526172183454036,0.9983492493629456,0.5364426374435425,0.6746493577957153,-0.0763222128152847,0.9985551238059998,0.5374556183815002,0.6754307150840759,-0.0763448476791381,0.998525857925415,0.5386536121368408,0.6764124631881714,-0.0764117613434791,0.9987321496009828,0.5466501712799072,0.6741098761558533,-0.0044513586908578,0.9959749579429626,0.5470262765884399,0.6737124919891357,-0.1116488352417945,0.9984606504440308,0.5359458327293396,0.6498176455497742,-0.0394907407462596,0.9987897872924804,0.5367187857627869,0.6499562859535217,-0.0705462172627449,0.9991160035133362,0.5563926100730896,0.6030240058898926,0.0698602497577667,0.9992340207099916,0.5597267150878906,0.6085402369499207,-0.1608749330043792,0.9999405741691588,0.5553991794586182,0.4991109073162079,0.0921621322631836,0.1307280957698822,0.5570487976074219,0.5052202939987183,-0.1889261603355407,0.9862943291664124,0.5566247701644897,0.4221660792827606,0.0449801459908485,0.3279648125171661,0.5433517694473267,0.4158491492271423,-0.1837356090545654,0.9725920557975768,0.559701681137085,0.3956147730350494,0.039702970534563,0.306682288646698,0.5438032746315002,0.3876991868019104,-0.2057726383209228,0.9518943428993224,0.5532196760177612,0.3909507393836975,0.0222425684332847,0.3138076364994049,0.5399391651153564,0.386037528514862,-0.2052660137414932,0.9489336013793944,0.5526428818702698,0.4007664620876312,0.0351733565330505,0.2910831570625305,0.5390900373458862,0.3948580026626587,-0.1823968589305877,0.9234185218811036,0.5524362325668335,0.4237556159496307,0.0661389082670211,0.9969049692153932,0.5544365048408508,0.4276649355888366,-0.0662207305431366,0.997365653514862,0.5498819351196289,0.281209796667099,0.062539517879486,0.276352047920227,0.5541063547134399,0.28099524974823,-0.0612133853137493,0.7518399953842163,0.5466938018798828,0.1367907524108886,0.1034260690212249,0.3532665073871612,0.549009382724762,0.1325814425945282,-0.0181794296950101,0.7919223308563232,0.5506988167762756,0.1130693778395652,0.1029155626893043,0.475343108177185,0.554078221321106,0.1037750020623207,-0.0177293941378593,0.7514849901199341,0.5270128846168518,0.1128326505422592,0.0497638545930385,0.5332829356193542,0.5287724137306213,0.104153499007225,-0.0846682041883468,0.8238231539726257,hoyeon_stand_normal_01,24.186773,25.079872,22.135944,19.646883,16.278821,13.152946,9.219544,5.385165,3.605551,5.09902,6.708204,9.433981,12.206556,13.892444,16.124515,17.492856,19.235384,20.615528,20.248457,18.973666,16.492423,13.601471,8.544004,5.830952,7.071068,12.083046,10.198039,11.401754,12.369317,11.7047,11.401754,10.440307,9.219544,8.0,7.071068,7.615773,8.602325,9.219544,9.899495,10.630146,11.313708,12.041595,10.630146,10.0,9.219544,7.071068,5.830952,6.082763,8.062258,12.041595,16.278821,19.849433,13.462912,14.1074245,14.083054999999998,13.6529665,13.6142265,13.319938,12.7290015,12.279267,12.0428065,11.7932165,11.0679715,11.3815275,11.543805,11.987079,12.9912995,13.486074,14.851916,15.0264515,15.286331,14.651920999999998,14.456709,14.916483,16.038473,16.607699,16.791165499999998,16.4184275,9.5563315,9.571068,9.176301,8.7764725,9.5622575,10.04951,10.363961,9.5,8.876782500000001,7.651723,6.200877,6.3381875,7.2929265,7.772002,7.8817945,8.282752499999999,7.765797500000001,7.8007355,7.964194,9.2204635,10.7989655,11.902327,12.35235,13.125291,13.0232045,12.905694,13.601471,14.21267,15.620499,15.620499,15.0,15.0,13.601471,12.529964,11.18034,8.944272,7.615773,5.830952,4.242641,4.0,5.385165,8.062258,10.816654,13.892444,16.124515,18.35756,20.124612,21.023796,20.615528,19.313208,16.763055,13.601471,12.165525,14.142136,15.132746,16.124515,16.124515,15.033296,14.035669,12.041595,10.049876,8.246211,6.708204,5.830952,5.830952,6.324555,6.324555,7.28011,8.062258,9.219544,9.219544,10.049876,10.049876,10.049876,10.049876,10.049876,10.440307,10.77033
hoyeon_stand_normal_01,1554,518,51.80283060109289,29.998360745314464,10,0.53270024061203,0.6616684198379517,-0.0607883185148239,0.9990589022636414,0.5359175801277161,0.6741480231285095,-0.0527315810322761,0.9983305931091307,0.536714494228363,0.6747393608093262,-0.0527394041419029,0.9979969263076782,0.537621796131134,0.6755445003509521,-0.0527161471545696,0.9983639717102052,0.5363805890083313,0.6745514273643494,-0.0764196068048477,0.9985682964324952,0.5374024510383606,0.6753326654434204,-0.0764424577355384,0.9985398650169371,0.5386051535606384,0.6763098239898682,-0.0765094459056854,0.9987440705299376,0.5465734004974365,0.6739919185638428,-0.0045366105623543,0.9960146546363832,0.5469917058944702,0.6736295819282532,-0.111707903444767,0.9984714388847352,0.5358925461769104,0.6496720314025879,-0.0395840518176555,0.998800814151764,0.5366977453231812,0.6498229503631592,-0.0706375539302825,0.999123513698578,0.5562904477119446,0.602992057800293,0.0698414072394371,0.9992383122444152,0.559722900390625,0.6085506081581116,-0.1608648598194122,0.999940812587738,0.5554056763648987,0.4990648627281189,0.0921773388981819,0.1317323148250579,0.5570442080497742,0.5052241086959839,-0.1889875829219818,0.9863606095314026,0.5566937327384949,0.4221706986427307,0.0453680232167243,0.3289281129837036,0.5433465838432312,0.4158492386341095,-0.1838104724884033,0.9728220701217652,0.5599232316017151,0.3956243097782135,0.0400881171226501,0.3072823584079742,0.54380202293396,0.3876679539680481,-0.2058230489492416,0.9522693753242492,0.5534812211990356,0.390976220369339,0.0226653721183538,0.3143205344676971,0.5399071574211121,0.3860238790512085,-0.2053001075983047,0.949341118335724,0.5528783202171326,0.4007695317268371,0.0356121845543384,0.2914860844612121,0.5390462875366211,0.3948489129543304,-0.1824616342782974,0.9239252209663392,0.5524122714996338,0.4237997233867645,0.0661437809467315,0.9969092607498168,0.5544286370277405,0.4276854395866394,-0.0662261918187141,0.997369349002838,0.5498850345611572,0.2813077867031097,0.0626070350408554,0.2767984867095947,0.5541097521781921,0.2810978889465332,-0.0612215436995029,0.7514305114746094,0.5466911792755127,0.1367967426776886,0.1036625280976295,0.3524974882602691,0.5491028428077698,0.1326292902231216,-0.0181592367589473,0.7908316254615784,0.5506837964057922,0.1132161989808082,0.1031822264194488,0.474506676197052,0.5541537404060364,0.1042049154639244,-0.0176891963928937,0.7503945827484131,0.5269752740859985,0.1129997000098228,0.0501868613064289,0.5323280692100525,0.5287803411483765,0.1042679622769355,-0.0845658257603645,0.8230809569358826,hoyeon_stand_normal_01,8.062258,8.062258,10.816654,14.21267,17.691806,19.104973,20.518285,19.849433,19.849433,19.209373,17.029386,15.620499,13.453624,10.630146,8.602325,6.324555,6.708204,8.602325,13.0,18.973666,23.4094,27.856777,31.780497,33.12099,33.286634,30.610456,8.944272,8.544004,9.055385,10.0,10.198039,10.440307,11.7047,11.7047,12.083046,10.77033,9.848858,8.062258,6.403124,5.0,4.123106,5.09902,7.211103,9.219544,12.041595,15.620499,17.804494,20.0,20.808652,20.248457,18.867962,15.264338,10.198039,9.848858,10.816654,10.630146,11.401754,11.661904,12.083046,13.928388,14.56022,14.56022,15.524175,16.492423,16.763055,17.088007,17.088007,16.155494,15.231546,13.0,10.77033,8.062258,6.324555,8.602325,12.083046,15.811388,19.313208,21.023796,13.341664,14.866069,17.888544,18.027756,18.439089,16.278821,15.0,11.661904,8.944272,5.385165,2.236068,1.414214,4.123106,6.324555,8.544004,10.77033,12.083046,13.416408,14.422205,14.422205,15.0,14.422205,13.038405,12.529964,11.7047,10.198039,14.866069,15.524175,16.492423,16.492423,16.763055,15.811388,15.231546,13.416408,12.529964,10.29563,8.062258,6.708204,6.082763,5.09902,6.403124,7.81025,10.816654,13.892444,16.124515,18.867962,20.248457,20.808652,19.849433,19.104973,16.970563,14.142136,11.661904,13.892444,14.422205,15.0,15.0,14.21267,12.806248,11.401754,10.0,8.062258,7.28011,6.0,6.324555,6.708204,8.062258,8.602325,10.0,10.0,10.816654,10.816654,10.816654,11.401754,11.401754,11.313708,11.401754,11.661904
hoyeon_stand_normal_01,1557,519,51.90283606557377,29.998360745314464,10,0.5325452089309692,0.6615996360778809,-0.0609498955309391,0.9990692138671876,0.5357012152671814,0.6740858554840088,-0.052880834788084,0.99834543466568,0.5364882349967957,0.6746727824211121,-0.0528886057436466,0.9980167746543884,0.5373863577842712,0.6754701137542725,-0.0528650879859924,0.9983789324760436,0.5362253785133362,0.6744888424873352,-0.0765862017869949,0.99858295917511,0.5372679829597473,0.675263524055481,-0.0766093507409095,0.99855774641037,0.5384788513183594,0.6762288212776184,-0.0766763910651207,0.998757541179657,0.5464327931404114,0.6739165782928467,-0.0045708580873906,0.9960541129112244,0.5469219088554382,0.6735638380050659,-0.1118102371692657,0.9984890818595886,0.5357075929641724,0.6495826840400696,-0.0397174693644046,0.9988128542900084,0.5365875959396362,0.6497308611869812,-0.0707875564694404,0.9991328120231628,0.5561485290527344,0.6028285026550293,0.0701105445623397,0.999236524105072,0.5597202777862549,0.6085591912269592,-0.1609610617160797,0.9999414086341858,0.5554072260856628,0.4988129734992981,0.092342622578144,0.1315300464630127,0.5570417046546936,0.5052160024642944,-0.1892514824867248,0.9865074157714844,0.5567312836647034,0.4221467971801758,0.0452883876860141,0.3271947205066681,0.54334557056427,0.4158484935760498,-0.1859150528907776,0.9730483889579772,0.5600696802139282,0.3956305980682373,0.0400037690997123,0.3057869672775268,0.5438022613525391,0.3876434564590454,-0.2083716392517089,0.9525977373123168,0.5536357164382935,0.3909818232059479,0.0225294288247823,0.3127439022064209,0.5398747324943542,0.3860044777393341,-0.2077192515134811,0.9496862888336182,0.5529911518096924,0.4007636606693268,0.0354958660900592,0.2900546193122864,0.5389920473098755,0.3948387801647186,-0.1845837235450744,0.9243263602256776,0.552230715751648,0.4237764477729797,0.06658236682415,0.996918559074402,0.5544102191925049,0.427643746137619,-0.0666650906205177,0.9973844289779664,0.5498837828636169,0.2812190353870392,0.0626812577247619,0.2777751386165619,0.5541883111000061,0.2809987664222717,-0.061680119484663,0.7544795870780945,0.5466811656951904,0.1367855221033096,0.1038986071944236,0.3539759516716003,0.5494205355644226,0.1325749903917312,-0.0191299878060817,0.7929899096488953,0.5506901144981384,0.1132779121398925,0.1034344583749771,0.4764103293418884,0.5553226470947266,0.106310561299324,-0.0187961161136627,0.7523024678230286,0.5268816351890564,0.1130019724369049,0.0503960289061069,0.5342523455619812,0.5287795662879944,0.1042155921459198,-0.0858754143118858,0.8249408602714539,hoyeon_stand_normal_01,25.495098,25.298221,23.769729,21.377558,17.117243,13.152946,9.219544,5.830952,4.472136,6.082763,8.544004,12.083046,14.317821,16.552945,18.788294,20.615528,22.472205,22.803509,23.769729,22.36068,19.235384,15.297059,11.401754,7.071068,9.055385,13.152946,11.18034,11.18034,11.661904,11.661904,10.29563,10.29563,8.944272,7.28011,7.0,6.082763,7.615773,8.062258,9.433981,10.0,10.0,10.816654,9.433981,9.433981,8.062258,6.403124,4.472136,5.09902,8.062258,12.806248,17.204651,21.633308,15.652476,15.652476,15.231546,14.866069,13.601471,12.165525,11.18034,10.0,8.0,7.071068,5.385165,5.0,5.0,6.082763,8.062258,10.198039,12.369317,15.524175,17.720045,19.646883,20.396078,21.213203,20.099751,19.0,16.03122,13.152946,6.082763,5.09902,2.236068,2.828427,5.656854,7.81025,10.0,10.816654,11.18034,11.18034,10.77033,9.486833,8.246211,7.28011,5.385165,3.605551,2.236068,2.236068,4.242641,6.403124,8.602325,10.816654,13.038405,14.422205,15.264338,10.2468345,17.204651,15.0,13.038405,10.77033,9.219544,9.055385,9.486833,12.083046,13.416408,16.155494,17.088007,17.720045,19.416488,20.099751,21.0,21.023796,20.223748,18.248288,15.297059,12.165525,9.0,6.708204,7.615773,11.045361,14.0,16.0,7.81025,5.830952,4.123106,5.385165,7.071068,10.0,12.206556,14.21267,15.620499,16.278821,16.278821,16.278821,14.866069,14.21267,12.806248,12.041595,10.630146,11.313708,10.0,10.816654,12.529964,14.764823,17.0,17.0,18.35756,18.867962
hoyeon_stand_normal_01,1560,520,52.002841530054646,29.998360745314464,10,0.5324222445487976,0.6615782976150513,-0.0629697814583778,0.9990795850753784,0.5355523824691772,0.6740750074386597,-0.0548359155654907,0.9983608722686768,0.5363292098045349,0.6746624112129211,-0.0548428259789943,0.9980352520942688,0.5372160077095032,0.6754593849182129,-0.0548178106546402,0.998391330242157,0.5361322164535522,0.6744704842567444,-0.0786230340600013,0.9985979199409484,0.5371929407119751,0.6752382516860962,-0.0786492079496383,0.9985750913619996,0.5384134650230408,0.6761935949325562,-0.0787166580557823,0.9987715482711792,0.5462816953659058,0.6738622784614563,-0.0058322274126112,0.9960896968841552,0.5468654036521912,0.6735287308692932,-0.1133505776524543,0.9985122084617616,0.5355333685874939,0.6495323777198792,-0.041477620601654,0.9988272190093994,0.5364935398101807,0.649676501750946,-0.0726335123181343,0.9991446733474731,0.5558294057846069,0.6026933789253235,0.069896787405014,0.9992380142211914,0.5597182512283325,0.608564555644989,-0.1629970371723175,0.9999422430992126,0.5553359389305115,0.4987494647502899,0.0921557620167732,0.131082534790039,0.5570206046104431,0.5052172541618347,-0.1916285157203674,0.9866422414779664,0.556617796421051,0.4221316576004028,0.0438122861087322,0.3256736099720001,0.5433374643325806,0.4158586263656616,-0.1877098083496093,0.9732573628425598,0.5599395632743835,0.3956046402454376,0.0383159890770912,0.3045316040515899,0.5437962412834167,0.3876356482505798,-0.2101856619119644,0.952901303768158,0.5535475015640259,0.3909380137920379,0.0206452589482069,0.3114471733570099,0.5398229956626892,0.3859914541244507,-0.2098141014575958,0.9500113129615784,0.5529264211654663,0.4007083773612976,0.0338481776416301,0.2889127433300018,0.5389185547828674,0.3948262333869934,-0.1864716708660125,0.9247759580612184,0.5519980788230896,0.4236981272697449,0.0667982846498489,0.9969400763511658,0.5544441938400269,0.4275453686714172,-0.0668765380978584,0.9974095225334167,0.5498301386833191,0.2811977863311767,0.0629523321986198,0.2794530093669891,0.5542293190956116,0.2809625566005707,-0.061793528497219,0.7573562264442444,0.546561598777771,0.1367852836847305,0.1046211719512939,0.3559126555919647,0.5494716763496399,0.1325701624155044,-0.0189955551177263,0.7950493097305298,0.5505749583244324,0.1134754046797752,0.104151077568531,0.4784534573554992,0.5553430318832397,0.1059161648154258,-0.018638813868165,0.7538108825683594,0.526528000831604,0.1129964441061019,0.0507919527590274,0.5363454818725586,0.5287715196609497,0.1041122302412986,-0.0858457013964653,0.8266156315803528,hoyeon_stand_normal_01,5.830952,6.0,8.062258,10.630146,12.041595,14.142136,14.866069,14.866069,14.21267,13.601471,12.806248,11.401754,9.219544,7.81025,6.403124,4.123106,3.605551,6.708204,9.486833,13.601471,17.720045,21.18962,22.472205,24.596748,24.186773,22.203603,6.082763,7.0,7.071068,7.28011,7.615773,8.944272,8.944272,8.944272,9.433981,8.062258,7.211103,6.403124,5.656854,4.472136,4.0,5.385165,5.830952,7.81025,10.630146,12.041595,14.21267,15.620499,16.401219,15.811388,14.422205,11.661904,10.049876,10.0,10.198039,9.848858,10.29563,11.401754,11.313708,12.806248,13.601471,13.892444,14.422205,15.264338,15.811388,16.643317,16.401219,15.620499,14.866069,12.806248,10.0,7.211103,6.0,7.211103,10.816654,14.422205,18.027756,20.0,12.806248,14.866069,17.029386,18.027756,17.888544,16.155494,14.56022,12.165525,9.0,5.0,2.0,1.414214,3.605551,6.403124,7.81025,9.899495,12.041595,13.453624,13.601471,14.422205,14.422205,14.422205,13.601471,12.041595,11.401754,10.29563,13.038405,13.892444,14.764823,15.264338,15.264338,14.422205,13.601471,12.041595,10.630146,9.219544,7.071068,5.0,4.123106,4.123106,6.403124,8.485281,11.401754,14.21267,17.029386,19.104973,19.79899,21.260292,20.615528,19.209373,17.204651,13.601471,11.401754,13.038405,14.422205,15.264338,16.124515,14.764823,13.416408,11.18034,9.433981,7.81025,6.403124,5.830952,5.09902,6.0,6.082763,7.071068,8.246211,9.219544,9.219544,10.198039,10.198039,10.440307,9.486833,10.29563,10.0,10.630146
hoyeon_stand_normal_01,1563,521,52.10284699453552,29.998360745314464,10,0.5322434306144714,0.6615756750106812,-0.0642839968204498,0.9990847110748292,0.5353468656539917,0.6740728616714478,-0.0561667047441005,0.998368203639984,0.5361106395721436,0.6746596097946167,-0.0561731457710266,0.9980421662330629,0.5369848012924194,0.6754563450813293,-0.0561469197273254,0.998393714427948,0.5359920263290405,0.6744674444198608,-0.0799806341528892,0.9986055493354796,0.5370762944221497,0.6752349734306335,-0.080009177327156,0.9985830783843994,0.5383090376853943,0.6761906743049622,-0.0800778344273567,0.9987793564796448,0.5460841059684753,0.6738402843475342,-0.0068334192037582,0.9961000084877014,0.5467789173126221,0.673520028591156,-0.1145001128315925,0.9985294938087464,0.535295844078064,0.6495227813720703,-0.0426498800516128,0.9988334774971008,0.5363327860832214,0.6496731042861938,-0.0738399848341941,0.9991524815559388,0.5556967258453369,0.6026655435562134,0.0691457763314247,0.9992395043373108,0.5596742630004883,0.6085710525512695,-0.1637893766164779,0.9999430179595948,0.5553234815597534,0.4987562894821167,0.0907749235630035,0.1302282214164734,0.5569689273834229,0.5052193403244019,-0.1917729526758194,0.9866954684257508,0.5565828084945679,0.422196090221405,0.0403997153043746,0.3238224983215332,0.5432121753692627,0.4159027636051178,-0.1861446946859359,0.9733030200004578,0.5599153637886047,0.3956024348735809,0.0342916436493396,0.3030816912651062,0.5436757802963257,0.3876374661922455,-0.2081219106912613,0.9529514908790588,0.5535374879837036,0.3909423053264618,0.0169097688049078,0.3099900782108307,0.5395889282226562,0.3859941363334656,-0.208033874630928,0.9500791430473328,0.552931010723114,0.4007223546504974,0.0304375309497118,0.2875739932060241,0.5386196374893188,0.3948315978050232,-0.1848975270986557,0.9249551296234132,0.5517979264259338,0.4235237240791321,0.0667675584554672,0.9969634413719176,0.5544421672821045,0.4273189604282379,-0.0668437704443931,0.9974383115768432,0.5498197078704834,0.2809976935386657,0.0653590187430381,0.2811417281627655,0.5542680025100708,0.2808573842048645,-0.0597286596894264,0.7577821016311646,0.5465667843818665,0.1367408782243728,0.1095803454518318,0.3576086461544037,0.5495580434799194,0.132566213607788,-0.0130183668807148,0.7953583598136902,0.5505778193473816,0.113486610352993,0.1093966215848922,0.4801377654075622,0.5553220510482788,0.1057342067360878,-0.0122297201305627,0.7539202570915222,0.5265854001045227,0.1128997951745987,0.0563590116798877,0.5383820533752441,0.5288215279579163,0.1040518954396247,-0.0793276652693748,0.8271001577377319,hoyeon_stand_normal_01,25.079872,25.019992,23.194827,20.396078,16.763055,12.369317,9.219544,6.082763,4.242641,6.324555,9.0,12.0,14.0,17.0,19.026298,21.095023,23.194827,23.537205,22.803509,22.135944,18.973666,14.866069,11.18034,8.246211,9.219544,13.416408,10.816654,11.401754,12.206556,11.401754,11.401754,10.0,9.433981,8.062258,7.28011,7.0,7.071068,8.246211,8.544004,9.486833,9.486833,10.440307,10.440307,9.486833,8.246211,6.708204,5.656854,6.082763,9.219544,12.649111,17.720045,21.587033,10.440307,11.045361,11.045361,11.401754,11.7047,12.529964,12.206556,13.453624,14.866069,14.866069,15.620499,16.278821,17.029386,17.029386,17.804494,16.401219,15.811388,14.422205,11.401754,8.485281,6.324555,8.246211,11.18034,15.264338,18.35756,21.023796,13.038405,15.811388,17.691806,18.439089,18.027756,17.0,13.928388,11.401754,8.246211,5.09902,2.236068,2.236068,4.242641,6.403124,9.219544,11.313708,12.041595,14.21267,15.0,15.264338,15.264338,14.422205,14.422205,12.806248,12.727922,11.401754,17.3747155,15.3387285,13.367318,11.631693,9.272002,9.031129,9.757587,11.0725035,13.2887495,15.0488075,16.1821665,17.5756105,18.489366,19.5,20.656477,19.5424085,19.340771,17.873900499999998,15.495292,12.3715525,8.9808765,6.500469,7.385231,10.172753,13.038405,15.921304,9.3011625,7.1410855,6.0777535,6.082763,7.245606499999999,9.8741765,12.062320499999998,14.2652455,15.7551835,16.2171575,16.0451045,15.901498,15.2620875,13.959646,12.77411,12.1860405,10.998497,11.401754,11.167423,11.356596,12.811482000000002,14.183147,16.132169,17.2659305,18.408025,18.4929255
hoyeon_stand_normal_01,1566,522,52.20285245901639,29.998360745314464,10,0.5320864915847778,0.6615837216377258,-0.065072052180767,0.9990904331207277,0.5351836681365967,0.6740771532058716,-0.0568718686699867,0.9983723759651184,0.5359405875205994,0.674660861492157,-0.0568780899047851,0.9980462789535522,0.536809504032135,0.6754556894302368,-0.0568513087928295,0.9983960390090942,0.535866379737854,0.6744769811630249,-0.0807319208979606,0.998612105846405,0.5369684100151062,0.675244927406311,-0.0807595327496528,0.9985907077789308,0.5382136702537537,0.676202118396759,-0.0808274075388908,0.99878591299057,0.5458993315696716,0.6738343834877014,-0.0073372167535126,0.9961033463478088,0.546688437461853,0.6735102534294128,-0.1152255907654762,0.9985402822494508,0.5350732207298279,0.6495182514190674,-0.0433561988174915,0.9988383650779724,0.5361382961273193,0.649669885635376,-0.0746187791228294,0.9991583824157716,0.555654764175415,0.6026577353477478,0.0690520256757736,0.9992388486862184,0.5595947504043579,0.608625590801239,-0.1648531258106231,0.9999439120292664,0.5553207993507385,0.4987710416316986,0.0907805413007736,0.1291401535272598,0.5568497180938721,0.5053275227546692,-0.1943342387676239,0.9868164658546448,0.5566412210464478,0.4225552380084991,0.0405521243810653,0.3213037550449371,0.5429061055183411,0.415958434343338,-0.1907180696725845,0.973425030708313,0.5600097179412842,0.3956319689750671,0.0343729369342327,0.3011988699436188,0.543337881565094,0.3876379132270813,-0.213433563709259,0.9531370401382446,0.5536627173423767,0.3910188972949981,0.0170755963772535,0.3080474734306335,0.5391557812690735,0.3860028684139251,-0.2127153426408767,0.9502733945846558,0.5531259775161743,0.4009684026241302,0.0306051317602396,0.2858809530735016,0.5381216406822205,0.3948486745357513,-0.1893186420202255,0.9251747727394104,0.5517435669898987,0.4234122037887573,0.067369632422924,0.996998369693756,0.5542991757392883,0.4272312521934509,-0.0674466118216514,0.997472882270813,0.5498267412185669,0.2809483706951141,0.0680454894900322,0.2812144160270691,0.5542545914649963,0.2808554172515869,-0.0594697706401348,0.7617335915565491,0.5466362833976746,0.1367367953062057,0.1133623495697975,0.3589880764484405,0.5495403409004211,0.1325393617153167,-0.0127427540719509,0.7985450029373169,0.5506874322891235,0.1135249584913253,0.1133106872439384,0.4828521311283111,0.5552148222923279,0.1057130023837089,-0.0119846826419234,0.7572771310806274,0.5265921950340271,0.1128585562109947,0.0610918924212455,0.5407339930534363,0.5287973284721375,0.1039930880069732,-0.0788329318165779,0.829680323600769,hoyeon_stand_normal_01,5.385165,5.385165,7.211103,11.18034,13.416408,15.231546,15.652476,15.652476,16.124515,14.764823,13.038405,11.661904,9.848858,7.615773,6.082763,3.162278,4.472136,8.0,12.165525,16.278821,20.396078,24.515301,27.166155,28.017851,28.017851,26.172505,8.246211,8.0,9.055385,9.219544,10.440307,10.77033,11.18034,11.18034,10.816654,10.29563,9.433981,7.81025,6.403124,5.0,4.123106,5.09902,5.830952,8.485281,10.630146,13.453624,14.866069,16.970563,17.691806,17.029386,15.620499,12.041595,15.524175,16.492423,14.866069,14.866069,13.0,12.529964,11.661904,10.0,8.485281,6.403124,5.830952,5.09902,5.09902,5.830952,8.485281,10.0,13.038405,15.811388,18.027756,20.0,21.400935,21.260292,21.213203,19.209373,17.204651,13.038405,6.403124,5.0,2.828427,1.414214,3.0,6.0,8.062258,10.198039,11.401754,11.7047,12.083046,11.18034,10.29563,9.433981,8.062258,5.830952,4.123106,3.0,2.828427,4.123106,6.0,9.055385,11.045361,13.038405,14.142136,15.132746,14.035669,15.132746,16.278821,16.278821,16.124515,16.03122,15.0,13.0,12.041595,10.049876,8.062258,7.0,5.385165,5.0,5.385165,8.246211,11.045361,13.038405,16.03122,18.11077,19.235384,20.396078,20.615528,18.681542,16.763055,13.928388,12.041595,13.152946,15.297059,15.297059,15.524175,14.56022,13.341664,12.369317,10.198039,8.0,7.071068,6.708204,6.403124,7.071068,7.211103,8.062258,9.433981,10.29563,10.816654,10.816654,10.816654,11.661904,11.18034,10.77033,11.401754,11.045361
hoyeon_stand_normal_01,1569,523,52.302857923497264,29.998360745314464,10,0.5319528579711914,0.6616508960723877,-0.0660922601819038,0.9990934133529664,0.5350674390792847,0.6741111874580383,-0.0578819960355758,0.9983750581741332,0.5358222723007202,0.6746885776519775,-0.0578876100480556,0.9980474710464478,0.5366882681846619,0.6754795908927917,-0.0578610375523567,0.9983963966369628,0.5357676148414612,0.6745231747627258,-0.0817890688776969,0.9986172318458556,0.5368803143501282,0.675292432308197,-0.0818162336945533,0.9985961318016052,0.5381303429603577,0.6762517094612122,-0.0818837732076644,0.9987918138504028,0.5457583665847778,0.6738262176513672,-0.0082885641604661,0.9961031079292296,0.5465927720069885,0.6735017895698547,-0.1164125427603721,0.9985499382019044,0.5348913669586182,0.6495392322540283,-0.04435296356678,0.9988407492637634,0.5359618067741394,0.6496990919113159,-0.0756794363260269,0.9991632103919984,0.5556454062461853,0.6026557087898254,0.0685804560780525,0.9992343187332152,0.5594596862792969,0.608640730381012,-0.1660392731428146,0.9999444484710692,0.5553185939788818,0.4987748265266418,0.0907356292009353,0.1279859542846679,0.5567188262939453,0.5053378343582153,-0.1957918107509613,0.9869054555892944,0.5566661953926086,0.4227443337440491,0.0406825393438339,0.3184966742992401,0.5427616238594055,0.4159592390060425,-0.1917556375265121,0.9734450578689576,0.5600917935371399,0.3956563174724579,0.0344910286366939,0.2990030348300934,0.5431855320930481,0.3875918686389923,-0.214380457997322,0.9531530141830444,0.5536773204803467,0.3910434246063232,0.017214486375451,0.3057783842086792,0.5389594435691833,0.385984718799591,-0.2135784178972244,0.9502907395362854,0.5531439185142517,0.4010784327983856,0.0307411793619394,0.2838513553142547,0.5378887057304382,0.3948414325714111,-0.1903092861175537,0.9251677393913268,0.5518027544021606,0.4234101176261902,0.0675545483827591,0.997004210948944,0.5540851354598999,0.4272119700908661,-0.0676306188106536,0.997482419013977,0.549850583076477,0.2810865342617035,0.0682136267423629,0.2806622385978699,0.5541839003562927,0.2810967564582824,-0.0595154240727424,0.7636642456054688,0.5466464757919312,0.1368435174226761,0.1131883189082145,0.3585585355758667,0.5494138598442078,0.1325776129961013,-0.0131088178604841,0.7995291948318481,0.5506294369697571,0.11294537037611,0.1130900830030441,0.4832675457000732,0.5550307035446167,0.1057008355855941,-0.012391542084515,0.7582843899726868,0.5266137719154358,0.1130950078368187,0.0608355291187763,0.5406093597412109,0.5287519097328186,0.104102574288845,-0.0792726650834083,0.8302943110466003,hoyeon_stand_normal_01,6.555664,6.5769155,9.081908,11.8731475,14.3972285,16.2171575,17.029285,16.683414,16.683414,15.715943500000002,14.386444999999998,12.345353,10.5352265,8.7147765,6.8071135,4.561553,4.6213205,7.413437999999999,11.357731,15.458779,19.632960500000003,23.557482,26.5594335,27.9449105,27.466895,25.553865,7.54518,7.936254,8.3011625,9.081908,9.486833,10.1285815,10.0234485,9.949367,10.172753,8.9998285,8.062258,7.1055515,5.377937,4.472136,4.3027755,4.7541355,6.1550615,8.7328775,11.240951,13.2909935,15.0903595,17.148458499999997,17.233663999999997,17.0761355,15.472067,12.601965,15.556349,15.556349,14.866069,13.601471,13.038405,12.529964,11.18034,8.544004,7.28011,6.082763,5.09902,4.472136,5.0,6.082763,9.055385,11.0,13.038405,16.03122,18.027756,20.024984,21.0,21.023796,21.213203,19.416488,16.492423,12.649111,6.708204,4.472136,2.236068,1.0,3.162278,6.324555,8.544004,10.198039,11.18034,12.041595,12.041595,11.0,10.049876,9.055385,8.062258,6.0,4.0,3.162278,2.236068,4.123106,5.830952,8.062258,10.816654,12.206556,14.21267,15.0,13.341664,15.132746,16.124515,16.278821,16.278821,15.297059,14.56022,12.649111,11.7047,8.944272,7.615773,6.082763,5.09902,5.0,5.830952,8.544004,11.7047,14.866069,17.088007,19.313208,21.023796,21.470911,21.095023,20.248457,17.204651,14.422205,11.401754,13.601471,14.21267,15.620499,15.556349,14.866069,13.453624,11.313708,9.899495,8.602325,6.708204,5.09902,5.09902,5.385165,6.708204,7.211103,8.602325,8.602325,9.433981,10.0,10.816654,10.816654,9.219544,10.630146,10.816654,11.18034
hoyeon_stand_normal_01,1572,524,52.402863387978144,29.998360745314464,10,0.5318912863731384,0.6616652607917786,-0.0662192553281784,0.9990960955619812,0.5350120663642883,0.6741154193878174,-0.058034498244524,0.998377799987793,0.5357611179351807,0.6746907830238342,-0.0580402389168739,0.9980498552322388,0.5366190671920776,0.6754801869392395,-0.0580138526856899,0.9983978867530824,0.5357255935668945,0.6745285391807556,-0.0818977281451225,0.9986212253570556,0.5368438363075256,0.6752964854240417,-0.0819247812032699,0.9986009001731871,0.5380982756614685,0.6762546300888062,-0.081992320716381,0.9987962245941162,0.5456615090370178,0.673816978931427,-0.0085565960034728,0.996108055114746,0.5465545654296875,0.6734940409660339,-0.1164824217557907,0.9985575675964355,0.5347911715507507,0.6495378017425537,-0.0445251613855361,0.9988454580307008,0.5358716249465942,0.6497001051902771,-0.0757940113544464,0.9991681575775146,0.5556486248970032,0.6026524901390076,0.0684337764978408,0.9992297887802124,0.5593029260635376,0.6086592078208923,-0.166143000125885,0.9999449849128724,0.555323600769043,0.4987322092056274,0.0907192975282669,0.1270600408315658,0.5565899014472961,0.505344808101654,-0.1959029734134674,0.986965537071228,0.5567331910133362,0.422811895608902,0.0408222787082195,0.3161404132843017,0.542648196220398,0.4159369766712188,-0.1919381916522979,0.9734577536582948,0.5602318644523621,0.395670622587204,0.0349325612187385,0.2971515953540802,0.5430509448051453,0.3874861299991607,-0.2145206034183502,0.9531676173210144,0.5537739396095276,0.3910641968250274,0.0175591018050909,0.3038610517978668,0.5388280153274536,0.3859241008758545,-0.2137448340654373,0.9502974152565002,0.5532342195510864,0.4010871648788452,0.0308874268084764,0.2821612060070038,0.5377496480941772,0.3947930634021759,-0.1905093491077423,0.925157368183136,0.5518167614936829,0.4233240187168121,0.067684069275856,0.9970151782035828,0.5539058446884155,0.4270453155040741,-0.0677598267793655,0.9974963068962096,0.5498493909835815,0.281079888343811,0.0682664588093757,0.2803401947021484,0.5541509389877319,0.2810938954353332,-0.0595437809824943,0.7662352323532104,0.5466229319572449,0.1368770897388458,0.1128603741526603,0.3589636385440826,0.5493707060813904,0.1325923204421997,-0.0133531112223863,0.8011767864227295,0.5506847500801086,0.1133526191115379,0.1127164363861084,0.4844637215137481,0.5549400448799133,0.1056530699133873,-0.0126613853499293,0.7599998116493225,0.5263786315917969,0.1133494153618812,0.0605499371886253,0.541486918926239,0.5286427140235901,0.1042105332016944,-0.0795570611953735,0.8315473198890686,hoyeon_stand_normal_01,5.385165,5.0,7.071068,9.055385,12.165525,13.152946,14.142136,14.035669,13.038405,12.041595,12.0,10.0,8.062258,7.071068,5.385165,2.828427,4.123106,6.403124,10.0,13.453624,17.691806,20.615528,22.203603,23.853721,23.706539,21.540659,6.403124,6.403124,7.211103,7.615773,8.544004,9.486833,10.198039,9.219544,9.219544,8.062258,8.062258,7.0,5.09902,4.472136,4.242641,4.472136,6.082763,8.0,10.0,12.0,14.0,15.033296,15.033296,15.132746,14.142136,11.045361,11.18034,12.206556,12.041595,12.041595,13.038405,13.416408,13.928388,14.56022,15.524175,16.492423,16.492423,17.464249,17.720045,17.720045,18.027756,18.027756,17.088007,15.231546,12.649111,9.219544,8.062258,8.602325,11.401754,14.764823,17.888544,21.095023,12.369317,14.142136,16.0,17.117243,16.492423,16.155494,13.416408,10.816654,7.071068,4.242641,1.414214,2.0,5.09902,7.071068,9.055385,11.0,13.038405,14.142136,15.297059,15.524175,15.524175,15.524175,14.317821,13.152946,13.0,12.041595,14.317821,15.132746,16.124515,16.278821,16.278821,15.524175,14.56022,12.649111,11.7047,9.848858,8.544004,6.324555,5.0,5.385165,6.403124,9.433981,11.18034,14.317821,16.552945,19.235384,20.59126,21.095023,20.808652,20.0,17.029386,14.21267,10.29563,11.661904,13.038405,13.601471,14.21267,13.453624,12.806248,10.630146,8.602325,6.708204,6.324555,5.0,5.385165,5.830952,6.403124,7.81025,9.219544,9.219544,9.219544,10.0,10.0,10.630146,10.630146,10.0,10.816654,12.083046
hoyeon_stand_normal_01,1575,525,52.50286885245902,29.998360745314464,10,0.5318688750267029,0.6616782546043396,-0.0664547383785247,0.999100148677826,0.5349999070167542,0.6741183400154114,-0.058264710009098,0.9983858466148376,0.5357465744018555,0.6746922731399536,-0.0582707859575748,0.9980580806732178,0.5366005301475525,0.6754803657531738,-0.0582447238266468,0.9984037280082704,0.5357178449630737,0.6745288968086243,-0.082128919661045,0.9986281394958496,0.5368374586105347,0.6752957105636597,-0.0821562185883522,0.9986075162887572,0.538092851638794,0.6762512922286987,-0.0822236612439155,0.998802661895752,0.5456066131591797,0.6737872362136841,-0.0087633673101663,0.9961256980895996,0.5465273261070251,0.6734645962715149,-0.1166815385222435,0.9985713362693788,0.5347477793693542,0.6495418548583984,-0.0447538755834102,0.998852789402008,0.5358339548110962,0.6497042775154114,-0.0760182067751884,0.9991747736930848,0.5556467771530151,0.6026481986045837,0.0683754310011863,0.9992303252220154,0.5591899752616882,0.6086648106575012,-0.1664192080497741,0.9999454617500304,0.555312991142273,0.4987262189388275,0.0906595811247825,0.1262510418891906,0.5564731359481812,0.5053473114967346,-0.1957855969667434,0.9869945645332336,0.5567343235015869,0.4229330420494079,0.0407251678407192,0.3145875632762909,0.5425658822059631,0.4159276485443115,-0.1918412297964096,0.9734218120574952,0.5602375268936157,0.3956990540027618,0.0349414907395839,0.296049565076828,0.5429872274398804,0.3874650597572326,-0.2143736183643341,0.9531187415122986,0.5537948608398438,0.3911011219024658,0.0174898691475391,0.3027092814445495,0.5387559533119202,0.3859131038188934,-0.2136202901601791,0.9502454996109008,0.5532580614089966,0.4012217223644256,0.030768571421504,0.281211793422699,0.53765869140625,0.3947865068912506,-0.1903970837593078,0.9251341223716736,0.5518229007720947,0.4232214987277984,0.0678450092673301,0.997032880783081,0.5538384318351746,0.4268774390220642,-0.0679200664162635,0.9975131750106812,0.5498321056365967,0.2810615301132202,0.0690405517816543,0.2801141738891601,0.5539835691452026,0.2810818552970886,-0.0594582110643386,0.7681125402450562,0.5466156601905823,0.136885181069374,0.1141270026564598,0.3589192926883697,0.5492732524871826,0.1325921863317489,-0.0130123645067214,0.8020477890968323,0.550723135471344,0.113666757941246,0.1140503585338592,0.4849588871002197,0.554714024066925,0.1056383922696113,-0.0122648738324642,0.7606745362281799,0.5263713002204895,0.1135641708970069,0.0620905719697475,0.5417133569717407,0.5285786986351013,0.1042160466313362,-0.0789965465664863,0.832129955291748,hoyeon_stand_normal_01,23.345235,22.803509,21.633308,19.235384,15.652476,12.083046,9.433981,5.656854,5.09902,5.385165,8.062258,10.0,12.206556,13.601471,16.401219,18.027756,19.723083,20.124612,20.615528,19.313208,17.088007,13.601471,9.848858,6.403124,7.0,10.77033,9.055385,9.055385,10.049876,10.049876,10.049876,8.062258,8.246211,6.708204,7.211103,7.071068,7.211103,8.062258,8.944272,8.944272,8.944272,10.29563,9.433981,8.944272,8.062258,6.324555,6.0,6.708204,8.485281,12.206556,15.811388,19.209373,15.620499,15.811388,15.811388,13.892444,14.317821,12.083046,11.401754,10.198039,9.055385,7.071068,6.324555,5.830952,6.403124,7.28011,9.055385,12.0,14.0,17.0,20.0,21.023796,23.021729,23.194827,22.36068,20.615528,17.720045,14.866069,7.615773,5.385165,3.162278,2.0,2.236068,4.472136,7.28011,9.219544,10.198039,11.045361,11.045361,11.0,10.0,9.055385,7.071068,5.09902,4.123106,2.0,1.0,3.605551,5.656854,8.485281,9.899495,12.727922,14.866069,14.866069,14.317821,15.524175,16.492423,16.492423,16.492423,16.278821,15.132746,14.035669,12.041595,10.0,9.0,7.071068,5.385165,5.0,6.324555,8.0,11.0,14.035669,16.03122,19.026298,20.0,21.023796,20.099751,19.104973,16.278821,13.341664,12.0,14.035669,15.132746,16.278821,16.278821,15.297059,14.317821,12.165525,11.045361,9.0,7.28011,6.708204,6.403124,6.403124,8.062258,8.062258,9.848858,10.29563,11.18034,11.661904,11.661904,12.083046,11.7047,11.401754,12.165525,12.0
hoyeon_stand_normal_01,1578,526,52.60287431693989,29.998360745314464,10,0.531863808631897,0.6616834998130798,-0.0650619715452194,0.9991153478622437,0.5349982976913452,0.6741182208061218,-0.056935504078865,0.9984127283096312,0.5357450842857361,0.6746917366981506,-0.0569437555968761,0.9980880618095398,0.5365993976593018,0.6754785776138306,-0.0569194108247756,0.9984293580055236,0.5357151627540588,0.6745278835296631,-0.080686368048191,0.998651683330536,0.5368344187736511,0.675291895866394,-0.0807125940918922,0.9986302256584167,0.5380897521972656,0.676243245601654,-0.0807789489626884,0.998823583126068,0.545585572719574,0.6737421154975891,-0.0079701468348503,0.9961906671524048,0.5465160012245178,0.6734337210655212,-0.1154593005776405,0.9985958337783812,0.5347335338592529,0.6495423913002014,-0.0435971431434154,0.9988722205162048,0.5358250141143799,0.6497067213058472,-0.074736513197422,0.9991887807846068,0.5556228160858154,0.6026475429534912,0.0683744922280311,0.9992364645004272,0.5591669082641602,0.6086704134941101,-0.1646580100059509,0.99994558095932,0.5552884340286255,0.4987357258796692,0.0906605944037437,0.1273701786994934,0.5564054846763611,0.505348801612854,-0.192616268992424,0.9870268106460572,0.5567466616630554,0.423258364200592,0.0411745458841323,0.3165320754051208,0.5423821806907654,0.4159362018108368,-0.1870107054710388,0.9735383987426758,0.5602712035179138,0.3957887291908264,0.0353277251124382,0.2975629866123199,0.5428333878517151,0.3874623477458954,-0.2090298235416412,0.9533045291900636,0.5538747310638428,0.3912150859832763,0.0179761294275522,0.3042346835136413,0.5385919213294983,0.3859136998653412,-0.2084937095642089,0.9504553079605104,0.5533703565597534,0.4014790058135986,0.0313018225133419,0.2825592756271362,0.5374748706817627,0.3947905898094177,-0.1856104582548141,0.925441026687622,0.5517950057983398,0.4232374727725982,0.0673036500811576,0.9970481991767884,0.5538352131843567,0.4269028306007385,-0.0673801600933075,0.9975254535675048,0.5498219728469849,0.2811304628849029,0.0668405294418335,0.2811867296695709,0.5539790987968445,0.2811914384365082,-0.059486947953701,0.7677341103553772,0.5465348958969116,0.1368844211101532,0.1100378930568695,0.358870655298233,0.5492035150527954,0.1325957477092743,-0.013540300540626,0.8010996580123901,0.5506994724273682,0.1138581782579422,0.1098218634724617,0.4843648970127105,0.5544849634170532,0.1058637350797653,-0.0127980476245284,0.7591021060943604,0.5263721942901611,0.1136118620634079,0.0575705245137214,0.5415827631950378,0.5285741090774536,0.1042302474379539,-0.0792228356003761,0.831493079662323,hoyeon_stand_normal_01,7.211103,8.246211,11.18034,14.56022,17.720045,19.924859,20.615528,20.615528,19.646883,18.439089,17.464249,15.297059,13.341664,10.77033,8.062258,6.403124,7.0,9.848858,13.601471,19.849433,24.083189,28.425341,32.202484,33.615473,33.54102,31.016125,9.899495,9.219544,9.433981,9.848858,10.440307,11.18034,11.045361,12.041595,11.0,11.0,10.0,8.062258,6.082763,5.385165,5.0,5.09902,7.071068,9.219544,12.369317,14.56022,17.464249,19.416488,19.235384,19.104973,18.11077,15.132746,14.764823,15.652476,14.317821,13.928388,12.649111,11.401754,10.049876,9.0,7.071068,6.324555,5.830952,5.0,6.324555,8.0,10.198039,12.369317,14.56022,17.720045,19.646883,21.587033,22.36068,22.203603,22.090722,20.0,17.029386,14.142136,8.0,6.0,4.0,2.236068,3.162278,5.385165,7.615773,9.848858,10.77033,11.7047,11.401754,11.18034,10.049876,9.055385,8.0,6.0,5.0,3.162278,1.414214,2.828427,5.0,7.81025,10.0,11.401754,13.038405,14.422205,13.152946,14.142136,15.297059,15.297059,15.132746,15.132746,13.038405,12.0,10.0,8.0,7.0,5.09902,4.472136,5.0,6.324555,8.062258,11.045361,14.035669,16.03122,18.11077,19.235384,20.396078,19.646883,18.681542,16.763055,13.601471,10.440307,12.369317,13.601471,14.866069,15.231546,13.928388,13.0,10.77033,8.544004,7.28011,6.0,5.09902,5.0,5.656854,6.403124,7.211103,7.211103,8.062258,9.433981,9.433981,10.0,9.433981,8.944272,9.848858,10.440307,10.049876
hoyeon_stand_normal_01,1581,527,52.70287978142076,29.998360745314464,10,0.5318608283996582,0.6616905927658081,-0.0642269402742385,0.9991331100463868,0.535001814365387,0.6741188764572144,-0.0561392419040203,0.9984444975852966,0.5357486009597778,0.6746916174888611,-0.0561483576893806,0.9981250166893004,0.5366026163101196,0.6754777431488037,-0.056124560534954,0.9984606504440308,0.5357143878936768,0.6745271682739258,-0.0798113867640495,0.99867844581604,0.5368322730064392,0.6752883791923523,-0.079836793243885,0.9986562728881836,0.5380871891975403,0.6762352585792542,-0.0799025818705558,0.9988464117050172,0.5455836057662964,0.6737037897109985,-0.0074421931058168,0.9962661862373352,0.5465078949928284,0.6734104752540588,-0.1146220415830612,0.9986202716827391,0.5347303152084351,0.6495464444160461,-0.0428786017000675,0.9988936185836792,0.5358205437660217,0.6497129797935486,-0.0739323794841766,0.9992032051086426,0.555614709854126,0.6026513576507568,0.0683191791176796,0.9992462396621704,0.5591644644737244,0.6086753606796265,-0.1633575707674026,0.99994558095932,0.5552789568901062,0.498788058757782,0.090590663254261,0.1295129954814911,0.5563886165618896,0.5053524374961853,-0.1909674853086471,0.9870687127113342,0.5568422675132751,0.4234700500965118,0.0412646755576133,0.3211202919483185,0.5422810912132263,0.4159995913505554,-0.1855230927467346,0.9737477898597716,0.5603151917457581,0.3958465456962585,0.0353549011051654,0.3013078570365906,0.5427398085594177,0.3874916136264801,-0.2075181752443313,0.9536311030387878,0.5540170669555664,0.3913138806819916,0.0179947521537542,0.3080352544784546,0.5385018587112427,0.3859624564647674,-0.2070594578981399,0.950811803340912,0.5536255240440369,0.4016301333904266,0.0314259119331836,0.2858947813510895,0.5373777151107788,0.394855260848999,-0.1841549128293991,0.9259253740310668,0.5517532229423523,0.4234030246734619,0.0667676031589508,0.997070610523224,0.5538347363471985,0.4271081686019897,-0.0668457746505737,0.9975433349609376,0.5498038530349731,0.281266987323761,0.0648077502846717,0.282582938671112,0.553975522518158,0.2814183831214905,-0.0596858933568,0.7667959928512573,0.5464346408843994,0.1368846893310547,0.1066480055451393,0.3593608438968658,0.5491009950637817,0.1326021701097488,-0.0146176656708121,0.8003040552139282,0.5505828857421875,0.1139991506934166,0.1062962040305137,0.4837879538536072,0.5542362928390503,0.1062789931893348,-0.0139604043215513,0.757407546043396,0.5263747572898865,0.1137927621603012,0.0535611845552921,0.5419936776161194,0.5285732746124268,0.1043239831924438,-0.0803902596235275,0.8310458660125732,hoyeon_stand_normal_01,7.81025,7.071068,9.486833,13.0,16.552945,17.888544,18.788294,18.788294,18.384776,17.088007,15.811388,13.601471,10.77033,8.944272,7.071068,5.385165,5.385165,9.899495,13.601471,19.416488,24.413111,28.600699,31.890437,32.526912,32.649655,29.410882,9.433981,9.848858,10.198039,11.045361,12.0,12.041595,13.152946,13.152946,12.369317,12.369317,10.440307,9.486833,7.615773,6.403124,5.830952,6.082763,8.062258,10.440307,12.649111,15.811388,18.027756,19.924859,20.880613,20.615528,18.439089,14.317821,13.527115,13.673692,12.8012725,13.127132499999998,13.2460145,13.034793,12.595183,12.3327635,11.857367,12.140055,11.5,12.1065495,12.145834,12.849397,14.1111375,14.7736475,15.709507,16.1597765,15.698127,15.121670000000002,14.9882265,15.9404045,16.858176999999998,18.5,18.964553,18.3071705,11.2875365,11.5605515,11.765205000000002,11.198039,12.1286505,12.013149,12.1668725,11.1985245,9.842436,8.8631545,7.282016,6.385165,7.160497,8.2800225,8.5299805,9.415476,8.603511000000001,8.8801215,8.846517500000001,10.2124775,11.323921,12.366508,13.0638395,13.321633,14.1231045,13.65719,14.866069,16.278821,17.029386,17.691806,16.970563,16.278821,15.620499,14.21267,12.206556,10.0,9.219544,7.071068,5.830952,5.09902,6.082763,8.544004,11.661904,13.892444,17.492856,19.235384,21.023796,21.023796,20.615528,19.313208,16.763055,14.56022,10.816654,13.038405,14.764823,15.652476,15.231546,15.231546,13.0,12.083046,9.848858,8.602325,7.071068,5.830952,6.082763,7.0,8.062258,9.055385,9.055385,10.049876,11.045361,11.045361,11.045361,11.18034,11.18034,11.7047,12.083046,11.661904
hoyeon_stand_normal_01,1584,528,52.80288524590164,29.998360745314464,10,0.5318623185157776,0.6616949439048767,-0.0642255544662475,0.999128520488739,0.5350189805030823,0.674117386341095,-0.0561421997845172,0.998434603214264,0.5357653498649597,0.6746886372566223,-0.0561512745916843,0.9981110692024232,0.5366188287734985,0.6754722595214844,-0.0561274550855159,0.998449981212616,0.5357211828231812,0.6745239496231079,-0.0798174366354942,0.998671293258667,0.5368357300758362,0.6752815842628479,-0.0798428505659103,0.9986476302146912,0.5380898714065552,0.6762235164642334,-0.0799087211489677,0.9988400936126708,0.5455823540687561,0.673656702041626,-0.0074828993529081,0.9962424635887146,0.5465022325515747,0.673373818397522,-0.1146634593605995,0.9986104369163512,0.5347393155097961,0.649548351764679,-0.0428789593279361,0.9988868236541748,0.5358240008354187,0.6497131586074829,-0.0739350393414497,0.9991987347602844,0.5556218028068542,0.6027007102966309,0.0676861628890037,0.9992467164993286,0.5591787695884705,0.6087033152580261,-0.1633368283510208,0.9999452829360962,0.5552698969841003,0.4989080429077148,0.0898858830332756,0.1306924074888229,0.5563859939575195,0.5053560733795166,-0.1908755898475647,0.9870814085006714,0.5569557547569275,0.423583060503006,0.0410629846155643,0.3238100707530975,0.5422620177268982,0.4160025715827942,-0.1852677464485168,0.9739129543304444,0.5604842901229858,0.3959230780601501,0.035165000706911,0.3034841120243072,0.5427290201187134,0.3874912559986114,-0.2071895152330398,0.9539057612419128,0.5543066263198853,0.3914619386196136,0.0178438704460859,0.3102169036865234,0.5384889841079712,0.3859616219997406,-0.2068005055189132,0.9511201977729796,0.5539098978042603,0.4018113613128662,0.0312710180878639,0.2877816557884216,0.5373628735542297,0.3948557078838348,-0.183908000588417,0.9263585209846495,0.5517808198928833,0.4234225153923034,0.0663586184382438,0.9970521926879884,0.553834855556488,0.4271124005317688,-0.0664376392960548,0.9975313544273376,0.5497983694076538,0.2813346683979034,0.064447596669197,0.2830918729305267,0.5539574027061462,0.281431496143341,-0.0596981309354305,0.764093279838562,0.5463813543319702,0.1369673460721969,0.1066407263278961,0.3579072952270508,0.5489926934242249,0.1326342672109604,-0.0146373761817812,0.7976405620574951,0.5501775741577148,0.1137658208608627,0.1063282638788223,0.481685072183609,0.5540831089019775,0.106325626373291,-0.0139793595299124,0.7544440627098083,0.5264147520065308,0.1138216182589531,0.053682617843151,0.5401656627655029,0.5286100506782532,0.1043137237429618,-0.0804240927100181,0.8289046883583069,hoyeon_stand_normal_01,6.708204,7.071068,9.433981,12.041595,14.866069,16.278821,17.691806,17.029386,17.029386,15.620499,15.0,12.806248,11.401754,9.899495,7.211103,5.385165,4.472136,7.211103,11.18034,15.231546,20.248457,23.769729,26.832816,28.301943,28.017851,25.495098,7.615773,7.28011,8.062258,8.0,8.246211,8.246211,9.486833,8.944272,8.944272,8.062258,8.062258,7.211103,5.656854,4.472136,4.123106,4.123106,5.830952,7.81025,9.899495,12.727922,14.21267,15.620499,16.401219,16.401219,15.811388,12.206556,10.816654,10.630146,11.401754,11.18034,11.7047,12.369317,13.152946,14.035669,15.033296,16.0,17.0,17.0,17.0,18.027756,18.027756,17.117243,16.124515,14.142136,11.045361,9.055385,7.211103,8.062258,11.18034,15.033296,18.11077,21.587033,13.601471,16.278821,18.11077,19.0,19.235384,17.464249,15.231546,12.529964,9.433981,5.830952,2.236068,2.0,5.09902,7.071068,9.055385,11.045361,13.0,15.033296,16.124515,16.124515,17.262677,16.278821,15.132746,14.035669,13.0,12.165525,16.492423,15.297059,13.341664,12.041595,9.055385,9.848858,10.816654,12.041595,13.453624,15.620499,17.204651,18.027756,19.235384,19.313208,20.880613,20.396078,20.223748,18.11077,15.033296,12.041595,8.246211,6.403124,8.062258,11.045361,14.317821,16.492423,8.246211,7.071068,5.09902,5.656854,6.708204,10.440307,12.369317,14.317821,16.763055,16.763055,17.088007,16.155494,15.231546,14.317821,12.529964,12.529964,11.661904,11.18034,10.440307,11.401754,12.165525,14.142136,16.124515,17.117243,18.248288,18.439089
hoyeon_stand_normal_01,1587,529,52.90289071038252,29.998360745314464,10,0.5318751335144043,0.661692202091217,-0.0652260929346084,0.9991275668144226,0.535035252571106,0.67409747838974,-0.0572112202644348,0.9984330534934998,0.5357829332351685,0.6746667623519897,-0.0572192296385765,0.9981091618537904,0.5366388559341431,0.6754474639892578,-0.0571945458650589,0.998447835445404,0.5357288122177124,0.6744998097419739,-0.0808329060673713,0.9986695647239684,0.5368403196334839,0.6752491593360901,-0.08085947483778,0.9986460208892822,0.5380929708480835,0.6761797070503235,-0.0809272453188896,0.9988382458686828,0.5455886721611023,0.6735954880714417,-0.0085783889517188,0.996242344379425,0.5464975237846375,0.6733277440071106,-0.1154940873384475,0.9986075162887572,0.5347803235054016,0.6495458483695984,-0.0438675507903099,0.9988872408866882,0.5358606576919556,0.6497055888175964,-0.0748442932963371,0.999198853969574,0.5556472539901733,0.6027014255523682,0.0664376690983772,0.9992491006851196,0.55918949842453,0.60870760679245,-0.1637276113033294,0.9999452829360962,0.5552746653556824,0.4988639056682586,0.0883315056562423,0.1318250447511673,0.5563837289810181,0.505126416683197,-0.1912233978509903,0.987123429775238,0.5569806694984436,0.4232721328735351,0.0396795831620693,0.3266519904136657,0.5422790050506592,0.4158712327480316,-0.1859595030546188,0.9741023778915404,0.5605222582817078,0.3958064317703247,0.033704325556755,0.3058156073093414,0.5427430272102356,0.3873430788516998,-0.2078992426395416,0.9541946053504944,0.5543746948242188,0.3913537859916687,0.0164496432989835,0.3125539720058441,0.5385240912437439,0.3858217298984527,-0.2078141123056411,0.9514322280883788,0.5539656281471252,0.4015321433544159,0.0299405381083488,0.2897917926311493,0.5374143123626709,0.3947183489799499,-0.1847181022167205,0.9268186688423156,0.5518515706062317,0.4233666062355041,0.0662553906440734,0.9970512986183168,0.5538365244865417,0.4270191192626953,-0.0663339421153068,0.9975338578224182,0.5497976541519165,0.2812523543834686,0.0644972175359726,0.2839930355548858,0.5539266467094421,0.2812631726264953,-0.0592235140502452,0.7627366185188293,0.5463707447052002,0.1369699239730835,0.1071836650371551,0.3578331172466278,0.5489835739135742,0.1326308697462082,-0.0135773010551929,0.7964518070220947,0.550204873085022,0.1140460297465324,0.1069487184286117,0.4815269410610199,0.5540804266929626,0.1062560528516769,-0.0128811476752161,0.753258466720581,0.5264827609062195,0.1138161569833755,0.0543276704847812,0.5397486686706543,0.5286141633987427,0.1042986810207367,-0.0794399008154869,0.8278786540031433,hoyeon_stand_normal_01,5.830952,6.324555,9.055385,12.369317,14.56022,16.492423,17.464249,17.262677,17.262677,15.297059,14.142136,13.152946,11.18034,9.486833,6.708204,5.656854,5.0,7.615773,11.401754,15.620499,20.518285,24.207437,27.202941,28.301943,28.178006,26.0,8.062258,8.602325,7.81025,8.602325,8.944272,9.486833,9.486833,10.198039,9.219544,9.055385,8.062258,7.0,6.0,4.123106,3.605551,4.472136,6.0,7.071068,10.198039,12.165525,14.142136,16.124515,17.029386,16.0,15.0,12.041595,10.77033,10.816654,10.630146,11.401754,13.038405,13.416408,13.928388,14.866069,15.524175,16.492423,16.492423,17.464249,17.464249,18.681542,17.720045,16.763055,16.763055,14.866069,12.369317,10.049876,8.544004,8.485281,12.529964,16.155494,19.697716,22.825424,13.152946,15.524175,17.088007,17.888544,18.027756,17.029386,14.866069,12.206556,8.944272,6.324555,3.162278,4.123106,6.0,8.062258,10.198039,11.401754,13.928388,14.317821,15.652476,14.764823,14.764823,14.317821,13.0,11.401754,10.049876,13.100597,16.763055,14.56022,12.369317,11.18034,9.055385,8.544004,8.602325,10.630146,11.401754,13.601471,15.811388,16.124515,17.464249,18.027756,19.416488,19.235384,18.027756,17.0,14.0,11.0,7.28011,5.0,6.082763,10.049876,13.152946,15.297059,9.219544,8.062258,6.082763,5.830952,7.211103,9.486833,11.401754,13.601471,14.866069,15.811388,16.155494,16.552945,14.764823,13.892444,13.038405,12.206556,10.816654,11.18034,10.77033,11.401754,12.369317,13.152946,15.132746,16.278821,17.262677,18.439089
hoyeon_stand_normal_01,1590,530,53.00289617486339,29.998360745314464,10,0.5319238901138306,0.6616812348365784,-0.0666178986430168,0.9991223216056824,0.5350806713104248,0.6740597486495972,-0.0586782880127429,0.9984230399131776,0.535828173160553,0.6746258735656738,-0.0586845315992832,0.998097598552704,0.53668612241745,0.6754012107849121,-0.0586591325700283,0.9984382390975952,0.5357585549354553,0.6744529604911804,-0.0822653621435165,0.9986585974693298,0.5368639230728149,0.6751881241798401,-0.0822920277714729,0.9986340403556824,0.5381147265434265,0.6760998964309692,-0.0823609083890914,0.9988262057304382,0.5456106066703796,0.6735114455223083,-0.0099799484014511,0.9962190985679626,0.5465033650398254,0.6732633113861084,-0.116742230951786,0.998588800430298,0.5348845720291138,0.6495349407196045,-0.0452052429318428,0.9988797307014464,0.5359566807746887,0.6496888995170593,-0.0761319175362587,0.9991919994354248,0.5557275414466858,0.6027249097824097,0.0650811865925788,0.9992539882659912,0.559205949306488,0.6087116599082947,-0.1643305569887161,0.9999448657035828,0.5552853345870972,0.4988353550434112,0.0868951752781868,0.133180096745491,0.556395947933197,0.5049880146980286,-0.1921920180320739,0.987076222896576,0.5569928288459778,0.422738254070282,0.0380238071084022,0.3308173418045044,0.5424257516860962,0.4157739281654358,-0.1874289214611053,0.9741615056991576,0.5605095028877258,0.3956190943717956,0.0319417007267475,0.3092531859874725,0.5429070591926575,0.387290358543396,-0.2094023525714874,0.9543050527572632,0.5543734431266785,0.3911574482917785,0.0146241039037704,0.3160249590873718,0.5387747287750244,0.3857629895210266,-0.2095854431390762,0.9515563249588012,0.5539643168449402,0.4011838436126709,0.0282616857439279,0.292817085981369,0.5377086400985718,0.3946696519851684,-0.1863061040639877,0.9270068407058716,0.551887571811676,0.4233045876026153,0.0660812556743621,0.9970434904098512,0.5538261532783508,0.4269391596317291,-0.0661592409014701,0.9975190162658693,0.5497875213623047,0.2811579406261444,0.0646508187055587,0.2850823700428009,0.5539129376411438,0.2811155319213867,-0.0585276409983634,0.7606245875358582,0.5463634729385376,0.1369271278381347,0.1084510311484336,0.357681930065155,0.5489813089370728,0.1326157748699188,-0.0118061546236276,0.7946665287017822,0.5502153038978577,0.1141124814748764,0.1082977056503295,0.4811573624610901,0.554078996181488,0.1061746701598167,-0.0109813595190644,0.751480221748352,0.5266889929771423,0.1135301440954208,0.0553598999977111,0.5389107465744019,0.5286825299263,0.1042442470788955,-0.0777589231729507,0.8263192772865295,hoyeon_stand_normal_01,26.400758,27.513633,25.70992,22.203603,18.027756,14.142136,10.049876,6.324555,3.605551,5.09902,7.615773,10.29563,13.038405,16.124515,18.35756,20.124612,21.931712,22.472205,21.84033,21.587033,18.248288,14.317821,9.486833,5.0,7.28011,12.083046,10.77033,12.083046,12.083046,12.083046,12.083046,10.77033,10.440307,9.219544,8.0,8.246211,8.544004,9.848858,10.29563,10.816654,12.206556,12.206556,11.661904,10.816654,10.0,7.81025,7.211103,6.0,9.486833,13.038405,18.027756,21.954498,15.132746,15.297059,14.317821,13.601471,12.649111,12.083046,10.29563,9.433981,7.81025,7.211103,6.324555,6.082763,6.324555,7.211103,10.0,11.313708,14.866069,16.970563,19.104973,21.213203,21.931712,22.022716,21.400935,20.248457,17.492856,14.317821,8.062258,5.830952,3.605551,2.236068,2.236068,4.472136,7.615773,8.944272,10.29563,10.816654,11.401754,10.630146,9.899495,9.219544,7.81025,6.403124,4.242641,2.828427,1.414214,3.0,5.0,8.0,10.0,12.041595,13.038405,14.035669,14.7262815,15.185804,14.706083,13.5293425,12.515466,12.687519000000002,12.763588,12.560554,12.6316875,12.5808495,12.7486085,12.532882,11.983491,12.1541965,13.1746185,13.8298415,14.7088645,15.121527999999998,15.1167965,14.714755,13.847327,13.3491455,13.732603,14.893265,15.2457455,15.621028,9.9540575,9.963013,10.0,10.502832,10.8102495,11.716107,12.579162,12.821533,12.7620875,12.1705395,11.7794655,11.0622575,10.059216,10.354102,10.1055515,10.031129,10.239671,9.7419285,10.5073465,11.109204,12.1555075,12.372521,13.0241,13.734601,15.0346755,14.84483
hoyeon_stand_normal_01,1593,531,53.10290163934426,29.998360745314464,10,0.5319854021072388,0.661687433719635,-0.0638382956385612,0.9991260766983032,0.5351520776748657,0.6740586161613464,-0.0558494590222835,0.9984289407730104,0.5359010100364685,0.6746246814727783,-0.0558576732873916,0.9981053471565248,0.5367616415023804,0.6754001975059509,-0.0558332577347755,0.9984478950500488,0.5358158946037292,0.674447774887085,-0.0795125663280487,0.9986616373062134,0.536918044090271,0.6751784682273865,-0.0795360133051872,0.9986361265182496,0.5381730198860168,0.6760852336883545,-0.079604297876358,0.998827338218689,0.5456642508506775,0.6735016703605652,-0.0075685996562242,0.996239423751831,0.5465430021286011,0.6732544898986816,-0.1146392896771431,0.998581886291504,0.5350190997123718,0.6495382785797119,-0.0426110439002513,0.9988849759101868,0.5360727906227112,0.6496909260749817,-0.0736352354288101,0.999192714691162,0.5558240413665771,0.6027363538742065,0.0668068975210189,0.99926096200943,0.5592097043991089,0.6087092757225037,-0.1629302054643631,0.9999442100524902,0.5552991628646851,0.4987821280956268,0.0892003625631332,0.1349164694547653,0.5564014911651611,0.5048176050186157,-0.1910357773303985,0.9870084524154664,0.5569959878921509,0.4224607348442077,0.0419880151748657,0.3353717029094696,0.5425058007240295,0.4157014191150665,-0.187202975153923,0.9742016792297364,0.5604962706565857,0.3955453932285309,0.0361704602837562,0.3129613101482391,0.5429738759994507,0.3872438371181488,-0.2092816680669784,0.9543849229812622,0.554366409778595,0.3910838365554809,0.0186713151633739,0.31974658370018,0.5388690829277039,0.3857290148735046,-0.2094393521547317,0.951633632183075,0.5539608001708984,0.4010181725025177,0.0322164483368396,0.2961263954639435,0.5378387570381165,0.394646555185318,-0.1860985159873962,0.9270830750465392,0.5519040822982788,0.4233095645904541,0.0660858675837516,0.9970401525497437,0.5538254380226135,0.4269402623176574,-0.0661640986800193,0.9975020289421082,0.5497890114784241,0.2811583578586578,0.0638620257377624,0.2851532697677612,0.5539329648017883,0.2811053693294525,-0.0594488568603992,0.7590951323509216,0.5463675260543823,0.1368483155965805,0.1059698164463043,0.356607973575592,0.5489800572395325,0.1325989663600921,-0.0151817081496119,0.7933409214019775,0.5502728223800659,0.1140771806240081,0.1055879741907119,0.4795677363872528,0.5540772080421448,0.1056415438652038,-0.0146703841164708,0.7501420378684998,0.5267819762229919,0.1130811274051666,0.0525924377143383,0.5376165509223938,0.5286881327629089,0.1041580438613891,-0.0817869901657104,0.8252567052841187,hoyeon_stand_normal_01,24.041631,23.345235,22.090722,20.0,16.03122,12.041595,9.0,5.09902,4.242641,5.09902,7.071068,10.198039,12.369317,14.317821,16.278821,18.11077,19.104973,20.0,20.024984,18.11077,16.278821,13.152946,9.0,5.830952,7.28011,12.041595,9.219544,10.198039,11.18034,11.18034,11.18034,10.198039,9.055385,9.0,8.062258,7.28011,8.062258,8.602325,8.602325,10.0,10.0,10.0,10.0,10.0,9.219544,7.071068,6.708204,7.0,9.486833,12.083046,16.124515,19.697716,11.0,11.401754,11.7047,12.529964,12.806248,14.142136,14.21267,15.0,15.811388,16.643317,18.027756,18.027756,18.601075,18.601075,18.601075,17.804494,17.029386,14.866069,12.806248,10.29563,8.062258,8.544004,11.401754,15.556349,18.384776,21.260292,11.7047,14.317821,16.643317,17.029386,17.691806,15.811388,13.416408,11.7047,8.246211,5.09902,2.0,2.0,4.123106,7.28011,8.544004,11.18034,12.529964,14.422205,15.0,15.620499,15.620499,15.620499,14.21267,13.601471,12.529964,11.7047,15.465222249999998,15.141068333333331,14.352064833333332,13.158696083333332,12.3471845,11.963013,12.168099833333333,12.356897,12.762755583333332,12.73071625,13.418317583333334,13.476519166666666,13.1375645,13.564574749999998,14.36979875,14.925163583333337,15.516040916666666,15.922412666666666,15.24921325,14.379222666666667,12.988126,12.021824250000002,12.459726666666668,14.182760166666668,15.190896083333334,15.797485666666669,9.60166025,9.436160166666667,9.152077666666669,9.5052365,10.054929416666669,11.426505,12.2848765,12.992685333333332,13.080469416666666,12.80758525,12.47347925,11.75962925,11.117708833333332,11.043618,10.596923083333332,10.428184833333331,10.147277333333331,10.007168750000002,10.623999916666666,11.046380333333332,12.071898916666663,12.745951333333334,13.437531833333331,14.400062833333331,15.463637416666664,15.670054833333332
hoyeon_stand_normal_01,1599,533,53.30291256830601,29.998360745314464,10,0.5320347547531128,0.6617268323898315,-0.0626374334096908,0.999134123325348,0.5352309346199036,0.6740713715553284,-0.0547333285212516,0.9984497427940368,0.5359894037246704,0.674644410610199,-0.0547423027455806,0.9981256127357484,0.5368601679801941,0.6754308938980103,-0.0547187514603138,0.9984683990478516,0.535870373249054,0.6744468212127686,-0.0783298015594482,0.9986754655838012,0.5369692444801331,0.675173819065094,-0.0783536732196807,0.998645544052124,0.5382251143455505,0.6760786175727844,-0.0784218683838844,0.9988376498222352,0.5457471013069153,0.6734923720359802,-0.0068536545149981,0.9962942600250244,0.5465894937515259,0.6732377409934998,-0.1136168986558914,0.9985898733139038,0.5351612567901611,0.6495617032051086,-0.0415563695132732,0.9989000558853148,0.5361768007278442,0.6497100591659546,-0.0724811404943466,0.9992008805274964,0.5559790134429932,0.6027835011482239,0.0671958848834037,0.9992767572402954,0.5592049956321716,0.6086943745613098,-0.1616995632648468,0.9999437928199768,0.5553585886955261,0.4987721145153045,0.0889764726161956,0.137980967760086,0.5564022660255432,0.5045760273933411,-0.1885924786329269,0.987076997756958,0.5572066903114319,0.4222124218940735,0.0414256528019905,0.3429810702800751,0.5425980091094971,0.4155237078666687,-0.1829862892627716,0.9746522903442384,0.5607654452323914,0.3955531716346741,0.0350438021123409,0.3188464045524597,0.5430931448936462,0.3870688378810882,-0.2046916335821151,0.9550737738609314,0.554576575756073,0.3910720646381378,0.0178085621446371,0.3255895674228668,0.5389305949211121,0.3855663239955902,-0.2048785835504531,0.9523735642433168,0.5541330575942993,0.4009345769882202,0.0317162796854972,0.301177054643631,0.537916898727417,0.3945061564445495,-0.1818465292453766,0.9282004237174988,0.5518602728843689,0.4233737587928772,0.0650094524025917,0.9970184564590454,0.5538168549537659,0.4269589483737945,-0.0650915578007698,0.997469425201416,0.5497413277626038,0.2812017202377319,0.0627874657511711,0.2865671217441559,0.5540251135826111,0.2811251878738403,-0.0591815635561943,0.7508440017700195,0.5463533997535706,0.1367573738098144,0.1056870147585868,0.3525817096233368,0.5490354299545288,0.132567673921585,-0.0138232428580522,0.7845166325569153,0.5501344799995422,0.114203929901123,0.1054043471813201,0.4743432402610779,0.554123044013977,0.1056339815258979,-0.0129700833931565,0.7411556839942932,0.526928186416626,0.112708106637001,0.0523340888321399,0.5315360426902771,0.5288643836975098,0.1038300916552543,-0.0797616317868232,0.8181548118591309,hoyeon_stand_normal_01,12.268749333333332,12.41234,13.873728666666668,14.907553000000002,15.500943666666666,15.610787000000002,15.093739,13.814865666666668,12.696217,12.562992,12.065571333333333,11.663591666666669,11.404559666666666,10.942932999999998,9.871409,9.461721666666667,10.369687,12.296110333333331,15.297098999999998,17.94090033333333,19.96932333333333,21.438904666666662,21.663719,21.598682333333333,22.00762033333333,22.023632666666668,8.808064666666667,9.353233,9.573101333333334,9.597987333333334,10.055618333333332,10.146769,10.260888333333334,9.768552666666666,9.126620666666666,9.033250666666666,8.705881,7.830807333333333,7.208954000000001,6.596640333333333,6.348619333333335,6.974830666666667,7.480102333333334,8.570655333333335,10.273112333333335,11.202182666666666,12.086801,13.359885,14.463197,15.187196333333333,15.814262333333332,15.180739666666668,10.815073,11.421122,11.893873,11.965859,12.601965,13.5902705,14.106335,14.571068,15.5542235,15.970188,16.8858385,17.6452165,18.0653195,18.4246815,17.931876000000003,17.859159,16.262867,14.571068,12.1860405,9.2155525,7.936254,8.744138,11.156854,14.828084,18.6600715,21.477754,12.4278335,14.78011,15.840432,17.402247,17.3050495,15.8398345,14.244304,11.18034,8.3011625,4.6708305,1.825141,1.2071070000000002,4.561553,6.994157,9.2155525,11.531829,13.073956,14.177403,15.2948225,15.4330345,14.9330345,14.9330345,14.071068,13.2460145,12.2879365,10.975335,16.204162999999998,15.096332666666669,13.998046666666667,12.788049666666666,12.178903,11.238507,11.572611666666669,12.153239999999998,12.893823666666664,12.880583,14.08802666666667,14.420156333333331,14.291638,14.974953,15.564979,16.02048566666667,16.323217333333332,16.723297333333335,15.38163,14.043690333333332,12.128925,10.694503000000005,11.186850333333334,13.472255333333337,15.136046666666669,15.973943333333333,9.249263,8.909307333333333,8.304155333333334,8.507641,9.299609333333333,11.136902999999998,11.990591,13.163837666666666,13.398851333333331,13.444631,13.167493000000002,12.457001,12.176201666666666,11.733134,11.088294666666668,10.825240666666668,10.054883666666669,10.272409,10.740653333333332,10.983556666666669,11.988290333333332,13.119381666666667,13.850963666666663,15.065524666666668,15.892599333333331,16.495279666666665
hoyeon_stand_normal_01,1602,534,53.402918032786886,29.998360745314464,10,0.5320430994033813,0.6617278456687927,-0.0616203881800174,0.9991377592086792,0.5352408289909363,0.6740697622299194,-0.0537285320460796,0.9984574317932128,0.5360008478164673,0.6746437549591064,-0.0537375845015049,0.9981326460838318,0.5368739366531372,0.6754307150840759,-0.0537142865359783,0.9984762072563172,0.5358774662017822,0.6744411587715149,-0.0773113071918487,0.9986811876296996,0.5369764566421509,0.6751654148101807,-0.0773341953754425,0.998650074005127,0.5382333397865295,0.6760672926902771,-0.0774017050862312,0.9988424181938172,0.5457669496536255,0.6734867095947266,-0.0060702911578118,0.9963145852088928,0.5466024875640869,0.6732312440872192,-0.1127582043409347,0.9985914826393129,0.5351892709732056,0.6495615839958191,-0.040614478290081,0.9989054799079896,0.5362014770507812,0.6497096419334412,-0.0715264528989791,0.99920392036438,0.5560882091522217,0.6027834415435791,0.0676699876785278,0.9992827773094176,0.5591970682144165,0.6086917519569397,-0.161050871014595,0.9999437928199768,0.5554121136665344,0.498743861913681,0.0894179716706276,0.1386653035879135,0.5563988089561462,0.5045496225357056,-0.1881986707448959,0.9871233701705932,0.5572742223739624,0.4220868945121765,0.0423110388219356,0.3445275127887726,0.5426139831542969,0.4154785275459289,-0.1830208301544189,0.9748421907424928,0.5608142018318176,0.3955512046813965,0.0360600426793098,0.3198377788066864,0.5431087613105774,0.3870291709899902,-0.2048072069883346,0.9553593993186952,0.5546319484710693,0.3910642564296722,0.018891317769885,0.3265297412872314,0.5389560461044312,0.3855316340923309,-0.2048704922199249,0.952682614326477,0.5541983842849731,0.4008705914020538,0.0326190777122974,0.3018929660320282,0.5379544496536255,0.3944745659828186,-0.1818562448024749,0.9286349415779114,0.5518879294395447,0.4234148561954498,0.0649404823780059,0.99701189994812,0.5537919998168945,0.4269872903823852,-0.0650242865085601,0.9974561333656312,0.549737811088562,0.2812496721744537,0.0624908730387687,0.2874180972576141,0.5540505647659302,0.2811509966850281,-0.0591891519725322,0.7479555606842041,0.5463564395904541,0.1367479264736175,0.1054155528545379,0.3514116704463959,0.5490590333938599,0.1325681656599044,-0.0138326911255717,0.7816013097763062,0.5501289367675781,0.1142967194318771,0.1051323562860488,0.4726647734642029,0.5541768670082092,0.1056303605437278,-0.0129841016605496,0.7383816838264465,0.5271283984184265,0.1122550815343856,0.0519838370382785,0.5294925570487976,0.5289636254310608,0.1036086753010749,-0.0797587856650352,0.815904438495636,hoyeon_stand_normal_01,23.853721,23.706539,21.540659,18.973666,15.524175,12.369317,7.28011,4.472136,3.162278,5.385165,7.81025,10.0,12.806248,15.0,17.204651,18.867962,20.59126,21.023796,20.615528,18.973666,16.763055,12.649111,8.944272,6.708204,8.062258,13.0,10.198039,11.18034,11.18034,11.18034,11.18034,10.198039,9.055385,8.0,7.28011,7.615773,7.211103,7.81025,9.219544,9.899495,9.899495,9.899495,9.899495,9.219544,7.81025,6.403124,5.385165,5.385165,7.81025,12.041595,16.278821,19.79899,16.278821,15.556349,15.620499,14.21267,13.601471,13.038405,11.18034,9.848858,8.246211,7.071068,7.071068,6.324555,6.403124,7.211103,9.848858,11.401754,14.317821,16.492423,19.416488,20.880613,22.135944,22.472205,21.931712,20.59126,18.867962,15.0,7.28011,6.324555,3.162278,1.414214,2.0,4.123106,7.28011,8.246211,10.198039,11.045361,11.0,10.0,9.055385,8.062258,7.071068,5.09902,4.0,2.236068,2.0,3.605551,5.830952,7.81025,10.0,12.806248,14.21267,15.620499,13.928388,15.231546,16.552945,16.552945,16.552945,16.155494,14.866069,13.341664,11.401754,9.219544,7.28011,6.324555,5.0,5.385165,7.071068,9.0,12.041595,14.142136,17.117243,19.104973,21.023796,22.0,21.023796,20.024984,18.11077,14.142136,11.045361,13.038405,14.0,15.0,15.033296,15.033296,13.038405,12.0,10.0,8.062258,6.324555,5.830952,5.656854,5.830952,6.324555,7.28011,8.246211,9.486833,9.486833,9.486833,10.440307,10.440307,10.198039,10.049876,11.0,11.18034
hoyeon_stand_normal_01,1605,535,53.50292349726776,29.998360745314464,10,0.5320473313331604,0.6617180109024048,-0.0612711831927299,0.9991393089294434,0.5352445840835571,0.6740565299987793,-0.0533040389418602,0.9984615445137024,0.5360053181648254,0.6746322512626648,-0.0533135086297988,0.9981371760368348,0.5368796586990356,0.6754204630851746,-0.0532902255654335,0.9984809160232544,0.5358815789222717,0.6744195222854614,-0.0769570991396904,0.9986841082572936,0.5369819402694702,0.6751391291618347,-0.0769802406430244,0.998652994632721,0.5382416844367981,0.6760357618331909,-0.0770476907491684,0.998844563961029,0.5457845330238342,0.6734759211540222,-0.0054209576919674,0.996324062347412,0.5466264486312866,0.6732162237167358,-0.1124196797609329,0.9985941648483276,0.5352058410644531,0.649531364440918,-0.040195170789957,0.9989085793495178,0.5362226963043213,0.6496753692626953,-0.0711966827511787,0.9992051124572754,0.5560914874076843,0.6027565598487854,0.0687301307916641,0.999285876750946,0.559205949306488,0.6086540222167969,-0.1611029356718063,0.9999438524246216,0.5554149746894836,0.4986703395843506,0.0903259813785553,0.1386663317680359,0.5564016103744507,0.5044823884963989,-0.1883802264928817,0.9871418476104736,0.5572844743728638,0.4219224154949188,0.0427027530968189,0.344788134098053,0.5426390767097473,0.4154590368270874,-0.1832625120878219,0.9749296307563782,0.560813307762146,0.3955212831497192,0.0365535467863082,0.3199261426925659,0.5431358218193054,0.38702592253685,-0.205083355307579,0.9554836750030518,0.5546314716339111,0.3910031318664551,0.0192525070160627,0.3266054689884186,0.5389940142631531,0.385527491569519,-0.2051136642694473,0.95281720161438,0.5541983246803284,0.4007439911365509,0.032939825206995,0.3019278645515442,0.5379973649978638,0.3944717049598694,-0.1820838749408722,0.928810179233551,0.5517319440841675,0.4233464896678924,0.06521687656641,0.9970141649246216,0.5538014769554138,0.4269101619720459,-0.0653022229671478,0.99745512008667,0.5496860146522522,0.2811225354671478,0.0625653564929962,0.2876799404621124,0.5540974736213684,0.2810687720775604,-0.0597088374197483,0.7476428151130676,0.5463407039642334,0.1367076635360717,0.1055511683225631,0.3507598638534546,0.5491376519203186,0.1325547695159912,-0.0147214718163013,0.7810150384902954,0.550116777420044,0.1143187582492828,0.1052735522389411,0.4720943570137024,0.5543774366378784,0.1055388450622558,-0.0139482701197266,0.7375473976135254,0.527172863483429,0.1115549132227897,0.0521729066967964,0.5286575555801392,0.5289958119392395,0.1031521931290626,-0.0808161422610282,0.8155552744865417,hoyeon_stand_normal_01,6.0,5.656854,7.28011,11.045361,13.038405,15.033296,16.124515,16.124515,15.132746,14.142136,13.152946,11.18034,10.049876,8.0,6.082763,4.242641,5.09902,7.28011,12.083046,16.124515,20.59126,24.596748,27.856777,28.160256,27.658633,25.317978,8.246211,7.615773,8.944272,8.602325,9.899495,10.630146,10.0,10.816654,10.816654,10.816654,9.433981,8.062258,6.324555,5.09902,4.123106,5.0,5.830952,7.615773,9.848858,12.649111,14.866069,15.811388,16.155494,16.552945,14.764823,12.083046,15.264338,15.811388,15.0,14.866069,13.453624,12.806248,10.816654,9.433981,8.544004,7.071068,6.0,5.385165,6.403124,7.211103,9.486833,11.401754,14.142136,17.262677,19.235384,21.377558,22.561028,22.803509,23.086793,21.540659,18.788294,15.264338,8.485281,6.403124,4.242641,1.414214,2.236068,4.123106,7.071068,9.055385,10.198039,11.401754,10.77033,10.77033,10.29563,9.433981,7.211103,5.830952,3.605551,2.236068,1.0,3.162278,5.385165,7.615773,9.848858,12.083046,13.416408,14.764823,14.21267,15.620499,17.029386,17.029386,17.029386,16.401219,15.0,13.038405,12.529964,10.29563,8.944272,6.403124,5.656854,5.09902,6.082763,8.544004,11.18034,14.764823,16.552945,18.788294,20.615528,21.18962,20.880613,19.646883,17.464249,14.317821,11.18034,13.0,14.56022,15.524175,14.56022,14.317821,13.341664,11.401754,9.486833,8.062258,6.403124,5.830952,6.324555,6.082763,7.0,8.0,9.0,10.0,11.0,11.0,11.0,11.0,11.045361,11.18034,11.7047,12.083046
hoyeon_stand_normal_01,1611,537,53.702934426229504,29.998360745314464,10,0.5320540070533752,0.661628246307373,-0.0612271167337894,0.999137043952942,0.5352482199668884,0.6739374399185181,-0.0532141290605068,0.9984597563743592,0.5360090136528015,0.6745063662528992,-0.053223218768835,0.9981335401535034,0.5368840098381042,0.6752811670303345,-0.0531995259225368,0.9984785318374634,0.5358868837356567,0.6742871403694153,-0.0768979489803314,0.9986812472343444,0.5369910001754761,0.6749883890151978,-0.0769217386841774,0.998650074005127,0.5382578372955322,0.6758588552474976,-0.0769893825054168,0.998842477798462,0.5458024740219116,0.6733525991439819,-0.0050049028359353,0.99631667137146,0.5466752648353577,0.6730602979660034,-0.1121630370616912,0.9985941648483276,0.5352209806442261,0.6493687629699707,-0.0400562807917594,0.998907506465912,0.5362523198127747,0.6494967937469482,-0.0710927248001098,0.9992040395736694,0.5560798645019531,0.6027259826660156,0.0695633366703987,0.999286949634552,0.5592308044433594,0.6086263060569763,-0.1611505150794983,0.9999441504478456,0.5554115176200867,0.4985458254814148,0.0907274037599563,0.137827917933464,0.5564160943031311,0.504445493221283,-0.1883928179740905,0.9871772527694702,0.5572038888931274,0.4216865003108978,0.0425723455846309,0.3433282077312469,0.5427839756011963,0.415454626083374,-0.1827279180288314,0.9750110507011414,0.5605275630950928,0.395398885011673,0.0363570228219032,0.3185420334339142,0.5433061718940735,0.387039840221405,-0.2045331299304962,0.9555849432945251,0.5543181896209717,0.3907985091209411,0.0190783385187387,0.3252232372760772,0.5391721129417419,0.3855277895927429,-0.2044441252946853,0.9529181122779846,0.553880512714386,0.4004729390144348,0.0327783823013305,0.3006961941719055,0.5381790995597839,0.3944751024246216,-0.1815054714679718,0.928994596004486,0.5515825748443604,0.4232503473758697,0.0655580088496208,0.9970061779022216,0.5538387894630432,0.4268203973770141,-0.0656434148550033,0.9974520802497864,0.5496476292610168,0.2811192274093628,0.0629595965147018,0.2858675718307495,0.5542974472045898,0.281023770570755,-0.059874277561903,0.7454042434692383,0.5463380813598633,0.1367067247629165,0.1056873649358749,0.3478651940822601,0.5492079257965088,0.1325586289167404,-0.0151180913671851,0.7787591218948364,0.5501378774642944,0.1144516393542289,0.1053627654910087,0.4700896143913269,0.5545107126235962,0.1052575781941413,-0.0144116627052426,0.7360823154449463,0.5272001028060913,0.1112691015005111,0.0525239519774913,0.5259138941764832,0.5290030241012573,0.1024850010871887,-0.0812557265162468,0.8140433430671692,hoyeon_stand_normal_01,10.692219875,10.598159625,11.531895250000002,13.547538875,14.260073625,14.873218375,14.494050125,13.761143125,12.75167075,12.383176375,12.420369375,11.442697,11.091966625,10.140026875,9.33250975,8.15850225,8.8140825,11.00085825,14.353073375,17.117606625,19.867780875,21.866033,23.188348,22.758452875,22.759578875,22.184186875,8.312225625,8.257256875,9.2441465,9.18347875,9.863127375,9.943704375,9.448785375,9.67922975,9.5012785,9.390264,8.6175345,8.008245625,6.74478925,6.00611425,5.387439125,6.18688725,7.078428625,8.41188025,9.614631500000002,11.364283125,12.525699875,13.578595,14.653306375,15.760452625,15.485378375,14.386059875,10.816654,11.313708,12.806248,11.661904,13.0,13.601471,14.317821,15.132746,15.033296,16.03122,17.029386,18.027756,18.027756,18.11077,18.11077,18.248288,16.278821,15.297059,12.165525,9.0,7.615773,8.602325,10.77033,14.317821,18.439089,20.880613,12.369317,15.132746,16.0,17.117243,16.492423,16.155494,13.892444,10.816654,7.81025,5.0,1.414214,2.236068,4.472136,7.28011,9.219544,11.045361,13.0,14.035669,15.132746,15.297059,15.297059,15.297059,14.142136,13.038405,12.041595,11.18034,14.21267,15.0,16.401219,16.401219,16.401219,15.620499,14.866069,12.727922,11.313708,9.219544,8.485281,6.403124,5.385165,5.0,6.708204,8.602325,11.401754,14.866069,17.029386,19.209373,21.400935,21.633308,21.095023,19.723083,17.0,14.317821,10.77033,13.0,13.928388,14.56022,14.56022,14.56022,12.369317,11.401754,9.486833,7.615773,6.403124,5.0,5.385165,5.0,6.0,7.071068,8.062258,9.055385,9.055385,10.049876,10.049876,10.049876,10.198039,9.848858,10.29563,11.401754
hoyeon_stand_normal_01,1617,539,53.90294535519126,29.998360745314464,10,0.5320611596107483,0.661651074886322,-0.0606741569936275,0.9991485476493835,0.535269558429718,0.6739365458488464,-0.0525842830538749,0.9984789490699768,0.5360264182090759,0.6745014786720276,-0.0525942668318748,0.9981557726860046,0.536899983882904,0.6752716302871704,-0.0525705963373184,0.9984974265098572,0.5359171628952026,0.6742748618125916,-0.0762183293700218,0.9986962080001832,0.5370238423347473,0.6749650239944458,-0.0762414932250976,0.998665690422058,0.5382971167564392,0.6758246421813965,-0.0763076618313789,0.9988551139831544,0.5458422303199768,0.6733022928237915,-0.004276602063328,0.9963629245758056,0.546720564365387,0.6729958653450012,-0.1111845523118972,0.998607337474823,0.535221517086029,0.6493668556213379,-0.0394862405955791,0.9989221692085266,0.5362568497657776,0.6494882106781006,-0.0704691335558891,0.999212086200714,0.556090772151947,0.6027283668518066,0.0700719654560089,0.999292492866516,0.5592327117919922,0.6086169481277466,-0.1606192290782928,0.999944269657135,0.555424690246582,0.4985475838184356,0.0913278758525848,0.1388077437877655,0.5563881397247314,0.5046271085739136,-0.1884220093488693,0.9872605800628662,0.5573133230209351,0.4215453863143921,0.0433757901191711,0.345527172088623,0.5427420735359192,0.4155130982398987,-0.1835747063159942,0.975308358669281,0.560576319694519,0.3953540623188019,0.0373968854546546,0.3200972080230713,0.5432935953140259,0.3870435059070587,-0.2059244811534881,0.9560281038284302,0.5543901324272156,0.3907047510147095,0.0199553314596414,0.3267383575439453,0.5391587615013123,0.3855286836624145,-0.2054663598537445,0.9533842206001282,0.5540008544921875,0.4003489315509796,0.0335646830499172,0.3020541071891784,0.5381507873535156,0.3944840729236603,-0.1823048442602157,0.9296095967292786,0.5515041947364807,0.4232170283794403,0.0656006410717964,0.9970359802246094,0.5538069009780884,0.4267877042293548,-0.0656862184405326,0.9974688291549684,0.5495433211326599,0.281051903963089,0.0630149915814399,0.2872609496116638,0.554294228553772,0.2809770405292511,-0.0600971467792987,0.7474216818809509,0.5463020205497742,0.1366960853338241,0.1057066172361373,0.3481525778770447,0.5492082238197327,0.1325577497482299,-0.0156443044543266,0.7798711061477661,0.5497865080833435,0.1131230443716049,0.1053850799798965,0.4709815680980682,0.5545093417167664,0.1053740829229354,-0.014962488785386,0.7365612983703613,0.5272396802902222,0.110861450433731,0.0525120608508586,0.5262588262557983,0.5290049314498901,0.1022067368030548,-0.081693448126316,0.8150953054428101,hoyeon_stand_normal_01,15.38443975,15.53946525,15.783680500000004,16.049716749999998,15.48174225,14.71314075,12.86358525,11.39777125,10.3705955,10.62421675,11.68779275,11.705054,12.13405725,12.28005375,12.5822565,12.0743635,12.529145,14.7216065,16.62310075,18.11069825,19.14430175,19.135318,18.519919,17.35664975,17.86052475,19.05039575,8.37824025,8.89874075,9.544021,9.7646325,9.82675975,9.25726275,8.89757075,8.5418055,8.185903,7.963874000000001,7.801088000000001,7.9542332500000015,7.1650235,6.9132085,6.6517722500000005,7.3737745,8.32590525,9.2079875,9.380405,10.07945525,10.18533075,11.345802,13.15111875,14.96796025,16.20593375,16.689073750000002,13.02273775,13.3878105,13.324918,12.99253925,12.715020499999998,12.165781999999998,12.051681,11.693033,11.1777215,11.1684545,10.914682249999998,11.0514175,11.517532,12.2091035,13.438966999999998,13.77232675,14.984590249999998,15.546003,15.436368,14.711952750000002,14.81472775,15.28934125,16.54219875,17.50531,17.932992499999997,17.95928575,10.13950575,10.04939525,9.83127275,9.47225425,10.1625575,10.56649575,11.053952250000002,10.72167925,9.71708675,8.48403475,6.828595,6.1154340000000005,7.15138775,7.887604,8.16244625,8.45349825,8.4725855,8.03791075,8.2821085,9.61079875,10.280101,11.57720675,12.08318775,12.68227775,12.84293425,12.76160225,16.50546725,15.0939855,13.87486025,12.390343,10.956978,10.41257325,10.816302749999998,11.959989,12.57743475,13.77184125,14.275481499999998,14.631738249999998,15.487163499999998,16.038459,16.946330500000002,17.117164,17.51516125,16.92564925,15.058548750000002,13.66061425,11.54236925,9.83034975,10.73279625,12.99543225,14.6291245,15.79840925,9.36878875,8.54639025,7.6535515,7.765591,8.91848625,10.7665435,11.975398,13.43989375,13.93000675,14.00397425,13.88012925,13.246865,12.4918885,11.884613,11.5418605,10.85632525,10.52725475,10.4079925,10.86052875,11.0811545,12.206727999999998,13.08537425,14.17507625,15.5835505,16.44886775,16.82988575
hoyeon_stand_normal_01,1620,540,54.00295081967213,29.998360745314464,10,0.5320759415626526,0.6616449952125549,-0.0590404048562049,0.9991328716278076,0.5353037118911743,0.673923134803772,-0.0507866628468036,0.998444676399231,0.5360572934150696,0.6744853258132935,-0.0507984943687915,0.9981196522712708,0.5369299650192261,0.675251841545105,-0.0507733784615993,0.9984657764434814,0.5359548926353455,0.6742504239082336,-0.0744150057435035,0.9986672401428224,0.5370635986328125,0.674926221370697,-0.0744381844997406,0.9986408352851868,0.5383414626121521,0.6757674217224121,-0.0745051652193069,0.9988299012184144,0.5458808541297913,0.6732489466667175,-0.0022799815051257,0.9962800145149232,0.5467646718025208,0.672920823097229,-0.1090831980109214,0.9985783100128174,0.5352237820625305,0.6493390202522278,-0.0378193259239196,0.9988998174667358,0.5362655520439148,0.6494647264480591,-0.0687828138470649,0.99919456243515,0.5561172962188721,0.6027303338050842,0.0727490484714508,0.9992779493331908,0.5592193603515625,0.6086173057556152,-0.1600222140550613,0.9999442100524902,0.5554431080818176,0.4986139237880707,0.0931936502456665,0.1372629851102829,0.5563645958900452,0.504973828792572,-0.1884779185056686,0.9873348474502563,0.5576671361923218,0.4215541481971741,0.0445655807852745,0.3427146375179291,0.54267418384552,0.4157372713088989,-0.1868345737457275,0.9754266142845154,0.5608856678009033,0.3953642249107361,0.0390755161643028,0.3180479109287262,0.5432608127593994,0.38713538646698,-0.2100126594305038,0.9562113881111144,0.5546889901161194,0.3907057046890259,0.0213053449988365,0.3246467709541321,0.5391353964805603,0.3855963945388794,-0.2088963985443115,0.953554630279541,0.5543197393417358,0.4003507494926452,0.0346447192132473,0.3002336025238037,0.5381025671958923,0.3945691883563995,-0.1854416728019714,0.929768979549408,0.5514987111091614,0.4230119884014129,0.0668558105826377,0.9970393776893616,0.5537807941436768,0.4266427755355835,-0.0669391676783561,0.99747633934021,0.5494522452354431,0.2807367146015167,0.0637329369783401,0.2882580459117889,0.5543155074119568,0.2807312309741974,-0.0612575635313987,0.7540256381034851,0.5463007092475891,0.1366989761590957,0.1060795783996582,0.3513778150081634,0.5493441224098206,0.1324892044067382,-0.018711557611823,0.7856480479240417,0.5500536561012268,0.113243818283081,0.1057067662477493,0.4748952686786651,0.5553852319717407,0.1068886518478393,-0.0184033513069152,0.7419704794883728,0.5269337892532349,0.1108797490596771,0.0533888824284076,0.5306473970413208,0.528954267501831,0.1022003293037414,-0.0852265655994415,0.8197690844535828,hoyeon_stand_normal_01,24.515301,25.0,23.4094,21.023796,17.0,12.529964,7.615773,5.09902,4.242641,6.082763,9.0,12.0,14.0,16.0,19.026298,21.095023,23.194827,23.345235,23.537205,21.84033,18.681542,14.56022,10.198039,6.324555,8.544004,13.152946,10.198039,11.18034,12.165525,12.165525,11.18034,9.219544,8.544004,6.708204,7.071068,7.211103,7.28011,8.246211,9.219544,10.198039,10.198039,10.198039,10.198039,9.219544,8.246211,6.082763,4.123106,4.472136,8.062258,12.041595,17.029386,21.0,15.297059,14.56022,13.601471,13.0,12.529964,10.816654,10.0,8.485281,7.81025,5.830952,5.09902,5.0,5.830952,7.071068,8.602325,11.661904,13.416408,16.124515,18.35756,20.59126,21.633308,21.633308,20.615528,19.104973,16.970563,13.453624,6.403124,5.0,2.828427,1.414214,3.162278,6.082763,8.246211,10.440307,11.7047,12.083046,12.529964,11.661904,10.816654,9.219544,7.81025,6.403124,5.0,2.236068,1.414214,3.162278,6.0,8.062258,10.049876,12.041595,14.142136,14.142136,13.928388,15.231546,16.155494,17.464249,16.155494,15.811388,15.524175,13.341664,12.165525,10.049876,9.055385,7.071068,5.385165,4.242641,5.09902,8.0,11.045361,13.152946,16.124515,18.11077,20.024984,21.0,21.023796,19.104973,16.124515,13.152946,12.165525,14.142136,16.03122,16.03122,16.0,15.0,14.0,12.041595,10.049876,9.219544,7.615773,6.403124,6.403124,7.211103,7.615773,8.544004,9.486833,10.440307,10.77033,11.7047,12.083046,11.7047,10.440307,11.18034,11.045361,11.18034
hoyeon_stand_normal_01,1623,541,54.102956284153,29.998360745314464,10,0.532093346118927,0.6616402268409729,-0.0591966696083545,0.999125838279724,0.5353427529335022,0.673916757106781,-0.0509523376822471,0.9984240531921388,0.5360967516899109,0.6744780540466309,-0.0509635396301746,0.998099684715271,0.5369738340377808,0.6752437949180603,-0.0509379357099533,0.9984477758407592,0.5360029935836792,0.6742393970489502,-0.0745997205376625,0.99865061044693,0.53711998462677,0.6749099493026733,-0.0746231377124786,0.9986289143562316,0.5384109020233154,0.6757458448410034,-0.0746902897953987,0.9988160729408264,0.5459427237510681,0.6732251644134521,-0.0023509515449404,0.9962295889854432,0.5468346476554871,0.6728865504264832,-0.1092813909053802,0.9985590577125548,0.5352267622947693,0.6493169069290161,-0.037945631891489,0.9988890290260316,0.53628009557724,0.6494462490081787,-0.0689337402582168,0.9991857409477234,0.5561156868934631,0.6026868224143982,0.0733553320169448,0.9992707371711732,0.5592126250267029,0.6086157560348511,-0.1602631509304046,0.9999447464942932,0.5554493069648743,0.4986234307289123,0.0946004763245582,0.1366735845804214,0.5563432574272156,0.5052541494369507,-0.1906172633171081,0.9874883890151978,0.5577858686447144,0.4215122759342193,0.0461949184536933,0.341918796300888,0.5426478981971741,0.4157993793487549,-0.1919867247343063,0.975736439228058,0.5621613264083862,0.3953102529048919,0.0411029942333698,0.3178150057792663,0.5432433485984802,0.387137770652771,-0.2156944423913955,0.9566992521286012,0.5547438263893127,0.3906393647193908,0.0231717340648174,0.3244026899337768,0.5391275882720947,0.3856008946895599,-0.2146563231945037,0.9540360569953918,0.5544050335884094,0.4002737402915954,0.0362495779991149,0.3001225888729095,0.5380913615226746,0.3945769667625427,-0.1906550377607345,0.9303467869758606,0.5515194535255432,0.4227868020534515,0.0680917203426361,0.9970771074295044,0.5537807941436768,0.4265150427818298,-0.0681752935051918,0.9975125789642334,0.5493665933609009,0.2802620828151703,0.0653023868799209,0.2872414290904999,0.5542956590652466,0.2803049087524414,-0.0614538937807083,0.7594798803329468,0.5464238524436951,0.1367332637310028,0.10762619972229,0.3536749184131622,0.5495942831039429,0.1324426233768463,-0.0189995933324098,0.7914454340934753,0.5507223606109619,0.1133007481694221,0.1072534099221229,0.4787553548812866,0.5562088489532471,0.1072514057159423,-0.018776161596179,0.7483575344085693,0.5268434882164001,0.1116120070219039,0.0558254942297935,0.5346459150314331,0.5288861393928528,0.1024707481265068,-0.085569329559803,0.8245738744735718,hoyeon_stand_normal_01,24.5862525,24.781599,23.1066015,20.776216,16.494211999999997,13.1488525,8.866522,6.082763,3.924096,5.85486,8.031129,10.524938,13.0192025,15.016648,17.570078,19.525641,21.0612335,22.1996435,22.336913000000003,20.569031000000003,17.9841665,14.9286395,10.1239575,5.85486,7.245606499999999,11.8731475,9.1670695,9.6278055,10.3349125,10.462122,9.994937,8.829554,8.007670000000001,6.820601,5.8941445,6.1622775,7.0725105,8.140055,9.1231055,9.6231055,10.2434165,10.7434165,9.6231055,9.6231055,8.640055,7.385231,5.415476,5.9568575,8.5588215,12.703861,16.654103499999998,20.62905,11.661904,11.7047,12.369317,13.038405,13.0,14.142136,14.317821,14.56022,15.811388,17.088007,17.088007,18.027756,18.027756,18.973666,18.973666,17.720045,18.439089,15.524175,13.601471,10.77033,9.219544,9.848858,12.041595,16.03122,20.099751,22.0,13.453624,15.811388,18.35756,19.313208,19.646883,18.248288,16.0,13.152946,10.198039,6.324555,2.236068,1.0,4.242641,6.403124,8.602325,11.661904,12.083046,13.928388,14.56022,15.524175,16.492423,15.297059,14.317821,13.601471,12.083046,11.401754,14.142136,16.03122,17.029386,17.029386,18.027756,17.117243,16.278821,14.317821,12.369317,10.440307,9.486833,7.071068,6.0,4.472136,6.403124,7.615773,10.77033,13.601471,16.763055,18.973666,20.248457,21.540659,21.023796,19.235384,17.492856,14.422205,11.7047,13.416408,14.764823,16.124515,15.264338,15.264338,13.892444,12.529964,9.848858,8.544004,7.071068,7.071068,6.708204,7.211103,7.81025,9.219544,9.219544,10.630146,10.630146,11.401754,12.041595,12.041595,11.313708,11.401754,11.661904,11.7047
hoyeon_stand_normal_01,1626,542,54.20296174863388,29.998360745314464,10,0.5321153998374939,0.6616352796554565,-0.0598546266555786,0.99912291765213,0.5353895425796509,0.6739104986190796,-0.0515425167977809,0.9984174966812134,0.5361442565917969,0.6744706034660339,-0.0515530630946159,0.998094916343689,0.5370255708694458,0.6752344965934753,-0.0515265800058841,0.9984421133995056,0.5360602140426636,0.6742239594459534,-0.0751929059624672,0.99864262342453,0.5371864438056946,0.6748830676078796,-0.0752168893814086,0.998623251914978,0.5384911894798279,0.6757044196128845,-0.0752840042114257,0.998808741569519,0.5460087060928345,0.6731889247894287,-0.0026093458291143,0.9962192177772522,0.5469123721122742,0.6728408336639404,-0.1094902083277702,0.9985522627830504,0.5352393388748169,0.6492810249328613,-0.0384889245033264,0.9988856315612792,0.5363157391548157,0.6494178771972656,-0.0694622322916984,0.999180555343628,0.5560897588729858,0.6026495099067688,0.0730958431959152,0.9992700815200806,0.5591963529586792,0.6085934638977051,-0.161201924085617,0.999945104122162,0.5554507374763489,0.4986580312252044,0.0943988859653472,0.1363366544246673,0.5563284754753113,0.5053967237472534,-0.1920652091503143,0.9875761270523072,0.5578566193580627,0.4215089976787567,0.0459743179380893,0.341446042060852,0.5426450967788696,0.4158884584903717,-0.1925863921642303,0.9759087562561036,0.5621515512466431,0.3952944278717041,0.0407474189996719,0.3177296221256256,0.5432418584823608,0.3871791958808899,-0.2160667777061462,0.9569701552391052,0.5547910332679749,0.3906368315219879,0.0229133572429418,0.3242807388305664,0.5391278862953186,0.3856479525566101,-0.2152933776378631,0.9543035626411438,0.5544846057891846,0.4002705514431,0.0360578671097755,0.3001013398170471,0.5380918979644775,0.3946390151977539,-0.1913276463747024,0.9306821823120116,0.5515807867050171,0.4227965474128723,0.0684584304690361,0.9971073269844056,0.5538974404335022,0.4265482723712921,-0.0685406103730201,0.9975391030311584,0.5493295788764954,0.2802701294422149,0.0657698437571525,0.2853708267211914,0.55427086353302,0.280309110879898,-0.0617148466408252,0.7616772651672363,0.546454668045044,0.1369142979383468,0.1081291586160659,0.3536478877067566,0.5496405959129333,0.1324635446071624,-0.0189978703856468,0.7941006422042847,0.5506642460823059,0.1123604401946067,0.1077529862523078,0.480019748210907,0.5561763048171997,0.1064412742853164,-0.0187206342816352,0.7514933943748474,0.5268221497535706,0.1120080351829528,0.0562347508966922,0.5354665517807007,0.5288705825805664,0.1025734767317771,-0.0855650752782821,0.8267635703086853,hoyeon_stand_normal_01,25.298221,25.079872,22.825424,20.248457,17.204651,12.806248,8.602325,5.09902,4.472136,6.708204,9.486833,11.401754,14.56022,16.492423,19.924859,21.18962,22.847319,23.259407,23.323808,21.633308,19.416488,15.811388,11.18034,7.071068,9.219544,13.601471,10.29563,11.18034,12.529964,12.083046,12.083046,10.77033,9.848858,8.062258,7.071068,7.211103,7.28011,8.062258,9.055385,9.055385,10.049876,11.045361,10.049876,10.198039,9.055385,7.0,5.385165,5.656854,8.246211,12.041595,17.117243,21.213203,16.763055,16.492423,16.278821,15.132746,14.035669,13.0,12.041595,10.198039,9.486833,7.615773,7.211103,6.403124,7.615773,8.062258,10.0,12.165525,14.56022,17.464249,19.646883,21.587033,22.36068,23.194827,23.086793,21.0,19.026298,15.132746,7.28011,6.324555,4.123106,1.414214,2.828427,5.0,7.211103,9.219544,10.630146,11.313708,11.401754,10.816654,9.433981,8.944272,6.708204,5.385165,3.605551,1.414214,2.236068,4.472136,6.324555,9.486833,11.7047,13.601471,14.866069,16.155494,14.422205,15.652476,17.0,17.0,17.0,16.643317,15.0,14.21267,12.806248,10.630146,8.602325,6.708204,5.09902,5.09902,6.403124,9.219544,12.041595,14.866069,17.691806,19.79899,21.213203,22.671568,22.022716,20.0,18.027756,15.0,10.816654,13.038405,13.892444,14.764823,15.231546,14.317821,13.0,11.18034,8.944272,7.211103,5.656854,5.385165,5.0,6.082763,7.28011,8.544004,8.544004,9.486833,9.219544,10.440307,10.440307,10.440307,10.77033,10.29563,10.816654,11.313708
hoyeon_stand_normal_01,1629,543,54.30296721311476,29.998360745314464,10,0.532151997089386,0.66160649061203,-0.0599155314266681,0.9991250038146972,0.5354329943656921,0.6738879680633545,-0.0516220927238464,0.998418629169464,0.5361878871917725,0.6744441390037537,-0.0516325049102306,0.9980999827384948,0.5370721817016602,0.6752029061317444,-0.0516061522066593,0.9984455704689026,0.5361100435256958,0.6741911172866821,-0.0752755180001258,0.9986422061920166,0.5372411608695984,0.6748386025428772,-0.0752995312213897,0.9986257553100586,0.5385531783103943,0.675649106502533,-0.0753666907548904,0.9988079071044922,0.5460652112960815,0.6731486320495605,-0.0027040168642997,0.9962272644042968,0.5469661951065063,0.6728028059005737,-0.1096153706312179,0.9985496401786804,0.5352823734283447,0.6492139101028442,-0.0385576263070106,0.998888909816742,0.5363816618919373,0.6493587493896484,-0.0695365667343139,0.9991804361343384,0.5560762882232666,0.6025512218475342,0.0732554197311401,0.9992687702178956,0.5591956377029419,0.6085379719734192,-0.1612628102302551,0.9999452829360962,0.5554547905921936,0.4986222982406616,0.0949409827589988,0.1361781507730484,0.5563269257545471,0.5054017901420593,-0.1923183798789978,0.9876466393470764,0.5578588247299194,0.4213271141052246,0.046509638428688,0.3410378396511078,0.5426514744758606,0.4158908426761627,-0.193266361951828,0.976037323474884,0.5620103478431702,0.3951298892498016,0.0412841215729713,0.3176279664039612,0.54324871301651,0.3871827125549316,-0.2168124318122863,0.9571639895439148,0.5547853708267212,0.3905456960201263,0.0233763102442026,0.3241513669490814,0.5391435623168945,0.3856501579284668,-0.2161311507225036,0.9544820189476012,0.5544842481613159,0.4001489281654358,0.0365492887794971,0.3000568449497223,0.5381137132644653,0.3946443200111389,-0.192069724202156,0.9308536052703856,0.5516337156295776,0.4227707087993622,0.0687606632709503,0.997128129005432,0.5539938807487488,0.4265466630458832,-0.0688409730792045,0.9975540041923524,0.5492740869522095,0.2802275419235229,0.0657320022583007,0.2839710116386413,0.5542632937431335,0.2802670300006866,-0.0625466778874397,0.7644731402397156,0.5465294122695923,0.1369290798902511,0.1077790111303329,0.3541915714740753,0.5498453378677368,0.1324608325958252,-0.0206392277032136,0.7971612811088562,0.5506675243377686,0.1108850911259651,0.1073232218623161,0.4816557765007019,0.5566117763519287,0.1073182001709938,-0.0205058343708515,0.7548731565475464,0.5268226861953735,0.1120571121573448,0.0557196512818336,0.5369644165039062,0.5288687944412231,0.1025944650173187,-0.0878066793084144,0.8292936682701111,hoyeon_stand_normal_01,8.062258,8.602325,10.816654,13.0,15.231546,17.464249,18.384776,17.464249,17.464249,16.552945,14.764823,13.416408,12.083046,9.486833,7.071068,5.09902,5.656854,8.246211,12.0,17.0,21.0,25.0,28.071338,29.274562,28.861739,26.248809,7.28011,6.324555,6.708204,7.81025,7.81025,8.062258,8.944272,9.848858,9.848858,9.486833,8.544004,7.28011,6.082763,5.0,4.472136,5.0,6.708204,8.544004,11.401754,13.601471,15.811388,17.088007,17.464249,17.464249,16.552945,13.416408,10.816654,12.041595,12.041595,12.206556,12.529964,12.649111,13.341664,14.142136,14.142136,15.132746,16.124515,16.124515,17.117243,17.117243,17.262677,16.278821,15.297059,14.317821,12.165525,9.0,7.615773,8.485281,11.18034,14.866069,18.027756,19.697716,13.0,15.524175,17.262677,18.027756,18.027756,16.492423,14.866069,12.083046,8.944272,5.830952,2.236068,2.0,4.123106,7.071068,9.055385,11.045361,13.0,14.035669,15.132746,15.297059,15.297059,15.297059,14.142136,13.038405,12.041595,11.18034,13.038405,14.142136,15.132746,16.124515,16.124515,15.033296,15.0,13.0,12.041595,10.049876,8.062258,6.0,4.123106,4.242641,5.385165,7.071068,11.045361,13.038405,16.03122,18.11077,19.235384,20.396078,20.615528,18.973666,15.811388,13.0,12.165525,13.341664,15.524175,15.524175,15.811388,14.866069,13.601471,12.649111,10.440307,8.062258,7.0,6.324555,5.830952,6.403124,7.071068,7.81025,9.219544,10.0,10.0,10.630146,10.630146,10.0,10.816654,10.29563,10.440307,11.18034
hoyeon_stand_normal_01,1632,544,54.40297267759563,29.998360745314464,10,0.532193124294281,0.66156405210495,-0.0622746869921684,0.9991200566291808,0.5354681015014648,0.6738615036010742,-0.0539686419069767,0.9984108805656432,0.5362207889556885,0.6744153499603271,-0.0539771951735019,0.9980931878089904,0.5371045470237732,0.6751694083213806,-0.0539503768086433,0.998438000679016,0.5361500382423401,0.6741437911987305,-0.077718399465084,0.9986333847045898,0.537284791469574,0.6747734546661377,-0.0777440071105957,0.9986186623573304,0.5386025309562683,0.675564706325531,-0.0778117105364799,0.9987993240356444,0.546104371547699,0.6731047630310059,-0.0044215032830834,0.996211588382721,0.5470197200775146,0.6727433800697327,-0.1116989180445671,0.9985431432724,0.5353329181671143,0.6491196751594543,-0.0406659431755542,0.9988858699798584,0.5364521741867065,0.6492718458175659,-0.0717427209019661,0.999176263809204,0.5560702681541443,0.6024897694587708,0.0729176774621009,0.999268352985382,0.5591951608657837,0.6084595322608948,-0.1633462309837341,0.9999454617500304,0.5554637908935547,0.4985994100570678,0.0948659107089042,0.1355216056108474,0.5563323497772217,0.5053856372833252,-0.1942900568246841,0.9877035617828368,0.5578625798225403,0.4212417900562286,0.0454097501933574,0.3402025103569031,0.542706310749054,0.4158865809440613,-0.1941123753786087,0.9761487245559692,0.5617679953575134,0.3950692415237427,0.0400728955864906,0.3172489404678345,0.5432842969894409,0.3872030675411224,-0.217467650771141,0.9573498964309692,0.5547081232070923,0.390509158372879,0.022053737193346,0.3237507939338684,0.539199948310852,0.3856618702411651,-0.217041939496994,0.9546687602996826,0.5544135570526123,0.4001107215881347,0.0353400744497776,0.2997381389141083,0.538180410861969,0.3946618735790252,-0.1929756999015808,0.931086540222168,0.5516688823699951,0.422716736793518,0.0689197406172752,0.9971340894699096,0.5540992021560669,0.426509290933609,-0.0689973831176757,0.9975550770759584,0.5492255687713623,0.2801639139652252,0.0659169778227806,0.2824029326438904,0.5542636513710022,0.2801823914051056,-0.062797799706459,0.7653654217720032,0.5465341210365295,0.1369310021400451,0.1080328896641731,0.3538010120391845,0.5499573349952698,0.1324311792850494,-0.0203775893896818,0.7983037829399109,0.5506395101547241,0.1102387607097625,0.1075578480958938,0.4821120798587799,0.5568206310272217,0.1079196408390998,-0.0201728846877813,0.7563340663909912,0.5268079042434692,0.1120556816458702,0.0556999221444129,0.5369592905044556,0.5288457870483398,0.1025858893990516,-0.087556853890419,0.830242395401001,hoyeon_stand_normal_01,7.0,6.403124,8.944272,12.649111,14.56022,16.763055,18.027756,17.088007,17.088007,15.231546,13.928388,11.7047,9.486833,8.246211,6.0,5.0,6.324555,9.055385,14.035669,18.11077,23.086793,27.018512,30.016662,30.149627,30.413813,27.892651,8.544004,8.062258,8.602325,9.219544,9.433981,9.848858,10.77033,10.77033,10.77033,10.77033,9.486833,9.486833,7.28011,6.0,5.09902,5.0,5.830952,8.544004,10.77033,13.601471,15.811388,17.088007,18.384776,17.888544,16.552945,13.0,15.872507,15.537863000000002,14.8432715,14.446222,13.435016,12.216311,11.401754,10.0990195,8.9998285,7.671184,7.175589,6.45101,6.555664,7.7130115,9.5595195,11.7216745,14.228937,16.8363515,19.221393,20.9518375,22.503556,22.516124,21.7593725,20.221572,18.094635,14.370013,7.671184,6.203659,3.642692,1.825141,2.618034,4.785578,6.889636,8.9998285,10.2450915,10.7201535,11.1128505,10.6217,9.63471,8.123105500000001,7.140055,5.1925825,3.0811390000000003,1.5,1.7071070000000002,4.1828735,6.117038,9.081908,10.905243,13.435016,14.815446,15.2592725,13.0,14.035669,15.033296,16.03122,16.0,15.0,14.035669,13.152946,11.18034,9.219544,8.246211,6.082763,5.0,4.472136,5.0,7.28011,10.440307,13.341664,15.524175,17.720045,18.973666,19.313208,19.697716,17.888544,16.124515,13.038405,12.165525,13.152946,14.317821,15.297059,15.524175,14.56022,13.601471,12.369317,10.198039,8.062258,7.0,6.324555,5.830952,6.403124,7.071068,7.81025,9.219544,9.219544,9.219544,10.0,10.630146,10.630146,10.0,10.29563,10.77033,11.18034
hoyeon_stand_normal_01,1635,545,54.5029781420765,29.998360745314464,10,0.5322113633155823,0.6615017056465149,-0.0657715201377868,0.999123752117157,0.5354775786399841,0.6738274097442627,-0.0574805662035942,0.9984163641929626,0.5362290740013123,0.6743794083595276,-0.0574869886040687,0.9981021881103516,0.5371118783950806,0.6751282811164856,-0.0574586205184459,0.998442530632019,0.5361648201942444,0.6740926504135132,-0.0813527107238769,0.9986377358436584,0.5373020172119141,0.6747085452079773,-0.08138008415699,0.9986251592636108,0.5386226773262024,0.6754844188690186,-0.0814480781555175,0.998802363872528,0.5461167693138123,0.6730483174324036,-0.0072368634864687,0.996224582195282,0.547049880027771,0.6726813316345215,-0.1150598898530006,0.9985511898994446,0.5353601574897766,0.6490068435668945,-0.0438812896609306,0.9988941550254822,0.5364950895309448,0.6491621136665344,-0.0751059055328369,0.9991813898086548,0.5559638142585754,0.6022620797157288,0.0717286095023155,0.9992687106132508,0.5591946244239807,0.6082887649536133,-0.1664673835039138,0.9999459981918336,0.5554571151733398,0.4984522461891174,0.0943619534373283,0.1346772313117981,0.556334912776947,0.5052962303161621,-0.1975195258855819,0.9877678751945496,0.5577744245529175,0.4211927354335785,0.0433727651834487,0.338593065738678,0.542751133441925,0.4158842861652374,-0.1968389898538589,0.976203978061676,0.5612766742706299,0.3950454890727997,0.0377839170396328,0.3162684738636017,0.5433070063591003,0.3872531950473785,-0.2203077524900436,0.957458198070526,0.5545072555541992,0.3905044794082641,0.019652834162116,0.3227839171886444,0.5392487645149231,0.3857000470161438,-0.2201423794031143,0.9547594785690308,0.5542294383049011,0.4001048505306244,0.0331599898636341,0.298987865447998,0.5382471680641174,0.394702285528183,-0.1957959234714508,0.9311667680740356,0.551646888256073,0.4224731624126434,0.0692837014794349,0.9971613883972168,0.5542281270027161,0.4263333082199096,-0.0693561658263206,0.9975758790969848,0.5491675138473511,0.2800263166427612,0.0670861527323722,0.2809538841247558,0.5543622374534607,0.2800531387329101,-0.0627538040280342,0.7680502533912659,0.5465496182441711,0.136932834982872,0.1097992807626724,0.3549212515354156,0.5501078963279724,0.1324290186166763,-0.0199577305465936,0.8013207912445068,0.5506022572517395,0.1094178333878517,0.1093537658452987,0.4843717217445373,0.5570555329322815,0.1082921549677848,-0.0197918731719255,0.7595862746238708,0.5268040299415588,0.1120572462677955,0.0568446591496467,0.539264976978302,0.5288447737693787,0.1025900989770889,-0.087251953780651,0.8327634930610657,hoyeon_stand_normal_01,8.062258,7.615773,8.485281,11.661904,13.416408,15.652476,16.124515,17.0,16.124515,15.264338,13.892444,11.661904,10.29563,8.944272,6.324555,4.123106,5.0,7.071068,11.0,16.03122,20.024984,24.0,27.018512,28.284271,27.658633,26.248809,8.062258,7.28011,7.615773,7.211103,8.485281,8.602325,9.433981,10.29563,10.29563,10.29563,8.944272,8.544004,7.28011,6.082763,5.09902,5.830952,7.071068,8.602325,10.29563,13.416408,15.652476,17.0,17.492856,18.027756,15.811388,13.038405,11.0,11.18034,11.7047,12.083046,13.038405,12.806248,13.453624,14.866069,15.620499,15.811388,16.401219,17.804494,17.804494,18.439089,18.439089,17.691806,16.278821,14.866069,12.806248,10.29563,8.062258,9.219544,11.661904,15.0,19.209373,21.633308,12.529964,15.264338,16.401219,18.384776,17.804494,17.492856,15.231546,12.369317,9.219544,6.0,2.0,1.0,4.123106,6.324555,8.062258,10.816654,12.206556,13.453624,14.142136,14.866069,14.21267,14.21267,13.453624,12.041595,11.401754,10.77033,17.0,15.264338,13.038405,10.77033,8.246211,8.062258,8.544004,10.29563,12.529964,14.764823,16.155494,17.088007,17.720045,18.248288,20.024984,19.0,19.104973,17.117243,14.142136,11.045361,8.0,5.830952,6.324555,10.0,13.038405,15.132746,9.433981,7.615773,6.082763,5.385165,7.071068,10.0,12.206556,14.422205,15.811388,16.401219,17.029386,16.278821,14.142136,13.453624,12.041595,12.041595,11.313708,10.630146,10.0,11.18034,12.083046,13.928388,15.231546,17.464249,17.464249,19.235384
hoyeon_stand_normal_01,1638,546,54.60298360655737,29.998360745314464,10,0.5322275757789612,0.6614499092102051,-0.0670898109674453,0.9991244077682496,0.5354848504066467,0.67379230260849,-0.0588196776807308,0.9984182715415956,0.5362346172332764,0.6743409037590027,-0.0588255003094673,0.9981064796447754,0.5371159315109253,0.6750825047492981,-0.0587977394461631,0.9984443783760072,0.5361756682395935,0.6740474700927734,-0.0827070921659469,0.998638153076172,0.5373145937919617,0.6746549606323242,-0.0827341452240943,0.9986267685890198,0.5386377573013306,0.6754220724105835,-0.0828019008040428,0.998801290988922,0.5461225509643555,0.6729886531829834,-0.0085127241909503,0.996231734752655,0.5470727682113647,0.6726266145706177,-0.1164375320076942,0.9985533952713012,0.5353837609291077,0.6489339470863342,-0.0451656989753246,0.998898983001709,0.5365289449691772,0.6490939855575562,-0.076415330171585,0.999183177947998,0.5559023022651672,0.6021638512611389,0.0708515793085098,0.9992702603340148,0.5591952204704285,0.6082004308700562,-0.1675136536359787,0.9999462962150574,0.555435061454773,0.4984073638916015,0.0940132141113281,0.1341870576143264,0.5563395023345947,0.5052838921546936,-0.1985076069831848,0.9877941608428956,0.557661235332489,0.4211700856685638,0.0426570698618888,0.3377560377120971,0.5427743792533875,0.4158812463283539,-0.1977881491184234,0.9762202501296996,0.560808002948761,0.3950420916080475,0.0370219275355339,0.3158899843692779,0.5433130860328674,0.3873029947280884,-0.2212251871824264,0.957509696483612,0.5543174743652344,0.3905009031295776,0.0188563857227563,0.3224086761474609,0.5392974615097046,0.3857392072677612,-0.2210989743471145,0.9547954797744752,0.5540810823440552,0.4001010656356811,0.0324188023805618,0.2987655103206634,0.5383240580558777,0.3947429656982422,-0.1967592239379882,0.9311675429344176,0.5516263246536255,0.4224209487438202,0.0694509595632553,0.9971725940704346,0.5542888045310974,0.4263108670711517,-0.0695215612649917,0.9975796341896056,0.5491297841072083,0.2799833714962005,0.0673197135329246,0.2791261374950409,0.5544131398200989,0.2800280749797821,-0.0628003850579261,0.7692791819572449,0.5465862154960632,0.1369395554065704,0.1099903732538223,0.3546395897865295,0.5502285361289978,0.1324340850114822,-0.0198059026151895,0.8028319478034973,0.5505974292755127,0.1090258508920669,0.1095400974154472,0.4851626753807068,0.5571824312210083,0.1086667701601982,-0.0196009632200002,0.7614335417747498,0.5268032550811768,0.1120641604065895,0.0568835660815238,0.5396620035171509,0.5288442969322205,0.1026124283671379,-0.0872310847043991,0.8339428305625916,hoyeon_stand_normal_01,7.211103,7.071068,9.433981,12.806248,15.620499,17.804494,17.804494,17.804494,17.204651,15.811388,14.422205,13.601471,10.630146,9.219544,6.708204,6.0,7.211103,10.630146,14.422205,19.235384,24.186773,27.784888,30.232433,32.015621,31.827661,29.068884,8.944272,8.544004,8.246211,8.0,8.062258,9.486833,9.848858,11.18034,11.18034,10.29563,10.29563,8.602325,7.211103,5.656854,4.472136,5.0,5.385165,8.062258,10.816654,12.806248,15.0,16.643317,17.492856,17.0,15.652476,12.529964,15.524175,14.317821,14.317821,13.038405,12.0,11.045361,10.198039,9.219544,7.615773,7.211103,6.403124,6.708204,6.082763,8.062258,9.219544,11.7047,14.317821,16.552945,18.788294,20.615528,21.540659,22.135944,21.587033,20.223748,18.11077,14.035669,7.28011,6.324555,4.123106,1.414214,2.828427,5.656854,7.81025,9.899495,10.630146,11.401754,11.661904,11.661904,9.848858,9.486833,7.28011,6.324555,4.123106,2.236068,1.0,3.162278,5.385165,8.544004,10.77033,12.649111,13.928388,14.866069,17.691806,15.620499,13.453624,11.401754,8.062258,8.246211,9.0,10.198039,12.369317,14.317821,15.132746,17.029386,18.0,19.104973,20.396078,19.646883,19.313208,17.464249,14.317821,12.083046,8.246211,5.09902,6.403124,9.486833,12.165525,15.297059,9.899495,7.81025,5.385165,6.0,7.615773,10.0,12.041595,14.866069,15.620499,16.401219,16.643317,16.124515,14.764823,14.317821,12.529964,12.083046,11.18034,10.816654,10.0,10.630146,12.041595,14.21267,16.401219,17.029386,18.439089,19.104973
hoyeon_stand_normal_01,1641,547,54.70298907103825,29.998360745314464,10,0.5322388410568237,0.6614193320274353,-0.0674589648842811,0.9991303086280824,0.5354949235916138,0.6737712621688843,-0.0591885261237621,0.9984296560287476,0.5362430214881897,0.6743162274360657,-0.0591949038207531,0.9981220364570618,0.5371221303939819,0.6750513315200806,-0.0591674372553825,0.9984553456306458,0.5361839532852173,0.6740196347236633,-0.0830428227782249,0.9986466765403748,0.537321150302887,0.6746202111244202,-0.0830696895718574,0.9986363053321838,0.5386426448822021,0.6753796935081482,-0.0831367969512939,0.9988075494766236,0.5461248755455017,0.6729334592819214,-0.0089646754786372,0.9962635040283204,0.5470771789550781,0.6725725531578064,-0.1167502850294113,0.9985644817352296,0.5353968143463135,0.6488839983940125,-0.0455748848617076,0.9989095330238342,0.5365434288978577,0.649045467376709,-0.0767829939723014,0.9991896152496338,0.5558627843856812,0.6020368337631226,0.0701489299535751,0.9992743730545044,0.5591985583305359,0.6081158518791199,-0.1676565259695053,0.999946653842926,0.5554333329200745,0.4982892572879791,0.0932376086711883,0.1340228021144867,0.5563364624977112,0.5052042007446289,-0.1984439194202423,0.9878499507904052,0.5576154589653015,0.4211673438549042,0.0414533503353595,0.3375262022018432,0.5427752733230591,0.4158806502819061,-0.1975422352552414,0.9762677550315856,0.5606454014778137,0.39503875374794,0.0356378145515918,0.3159995079040527,0.5433099865913391,0.3873389363288879,-0.2209412753582,0.9575863480567932,0.5543009638786316,0.3905026614665985,0.017510287463665,0.3225409090518951,0.5393202304840088,0.3857575356960296,-0.2208154201507568,0.9548603892326356,0.5540705919265747,0.4000987112522125,0.0312203746289014,0.2990047037601471,0.5383630394935608,0.3947579860687256,-0.1965088546276092,0.9312337636947632,0.5515851974487305,0.4222546815872192,0.0694746896624565,0.9971978664398192,0.5543065667152405,0.4261973798274994,-0.0695441588759422,0.9975973963737488,0.5490740537643433,0.279952198266983,0.06763456761837,0.2775934040546417,0.5544483661651611,0.2800215482711792,-0.0626960843801498,0.7707017064094543,0.5465987920761108,0.1369509547948837,0.1105783805251121,0.3546821177005768,0.5503002405166626,0.1324337422847747,-0.0191441252827644,0.804518461227417,0.5505781769752502,0.1088070347905159,0.1101622581481933,0.4863329827785492,0.5572330951690674,0.1089145019650459,-0.0189098939299583,0.763428807258606,0.5268031358718872,0.1120644137263298,0.0574478171765804,0.5405758023262024,0.5288438200950623,0.1026266440749168,-0.0869466587901115,0.8353397250175476,hoyeon_stand_normal_01,25.612497,25.806976,24.186773,21.023796,17.088007,13.0,8.944272,5.656854,5.0,6.708204,9.433981,12.041595,15.0,17.804494,20.0,21.633308,22.472205,23.706539,23.259407,22.472205,19.313208,16.155494,11.661904,8.062258,9.055385,13.601471,9.0,11.0,12.0,12.0,12.041595,11.045361,10.049876,8.0,7.071068,6.708204,6.403124,7.211103,8.602325,8.944272,9.433981,10.816654,10.0,10.0,8.602325,6.708204,6.082763,6.324555,8.485281,13.601471,17.804494,21.260292,15.0,15.0,13.892444,13.416408,12.083046,11.7047,10.198039,9.055385,8.0,7.071068,5.830952,5.656854,5.830952,7.28011,10.049876,12.0,14.035669,17.029386,19.026298,21.0,22.022716,22.090722,22.203603,20.396078,17.720045,13.928388,7.0,6.0,4.0,1.414214,3.162278,5.830952,8.062258,10.29563,11.18034,11.7047,12.369317,11.18034,10.049876,9.0,8.0,6.0,4.0,2.236068,1.0,2.828427,5.656854,7.81025,10.630146,12.041595,14.21267,15.0,17.012866000000002,15.410617,12.9010285,11.1128505,8.828855,8.5731645,9.2255915,10.3349125,12.4575895,14.006922,15.5107815,16.932734,17.925207999999998,19.102391,19.4115495,19.7229365,19.2223785,17.160947,15.016648,11.7216745,8.365746000000001,6.2429435,6.849268,10.2285695,12.9114705,15.298321,8.623105500000001,7.385231,5.283598,5.377937,7.343420500000001,9.353188500000002,11.3750305,13.4833965,14.8331555,15.328460499999998,15.410617,15.328460499999998,14.2979445,12.843758,11.85235,11.3750305,10.410103,10.319173,10.319173,10.9078455,12.041523,14.1589105,15.826238,16.7764725,18.206266,18.247773
hoyeon_stand_normal_01,1644,548,54.802994535519126,29.998360745314464,10,0.5322550535202026,0.6613224148750305,-0.067960500717163,0.9991317391395568,0.5355036854743958,0.6737000346183777,-0.059657797217369,0.99843567609787,0.5362491011619568,0.6742395758628845,-0.0596649907529354,0.9981306791305542,0.5371251702308655,0.6749624013900757,-0.0596383213996887,0.9984610080718994,0.5361935496330261,0.6739332675933838,-0.0834890082478523,0.9986494183540344,0.5373300313949585,0.6745198369026184,-0.0835156142711639,0.9986395835876464,0.5386502146720886,0.6752601265907288,-0.0835819542407989,0.998808205127716,0.5461280345916748,0.6728238463401794,-0.0094238733872771,0.9962812066078186,0.5470894575119019,0.6724505424499512,-0.1171010881662368,0.998568832874298,0.5354229211807251,0.6487510204315186,-0.0460847243666648,0.998914897441864,0.5365712642669678,0.648927628993988,-0.0772611871361732,0.9991917610168456,0.5558518767356873,0.6019811034202576,0.0693004578351974,0.9992796182632446,0.5592184066772461,0.6080580949783325,-0.1677683740854263,0.999946653842926,0.5554301738739014,0.4981536865234375,0.0920347496867179,0.1340859830379486,0.5563193559646606,0.5050103664398193,-0.1982018649578094,0.9878075122833252,0.5575494170188904,0.4211700856685638,0.0402493551373481,0.3377909362316131,0.5427740216255188,0.4158779084682464,-0.1969070434570312,0.9761534929275512,0.5603564977645874,0.3950198590755462,0.0343350507318973,0.3164871335029602,0.5433025360107422,0.387357085943222,-0.2202148586511612,0.9574275612831116,0.5542165637016296,0.3905000984668731,0.0163072925060987,0.3230484426021576,0.5393410921096802,0.3857654631137848,-0.2200682610273361,0.9546862840652466,0.5540156960487366,0.4000942707061767,0.0300718825310468,0.299516886472702,0.5384014844894409,0.3947608768939972,-0.195857435464859,0.930978775024414,0.5515380501747131,0.4220015704631805,0.0694712921977043,0.9972187280654908,0.554324209690094,0.4260817468166351,-0.0695404708385467,0.9976047277450562,0.5490407943725586,0.2798662781715393,0.0677985176444053,0.2761793136596679,0.5544469952583313,0.2800077497959137,-0.0626333057880401,0.7713150978088379,0.5465977191925049,0.1369568407535553,0.1107874363660812,0.3546788692474365,0.5502936244010925,0.13243468105793,-0.0186093375086784,0.8054219484329224,0.5504872798919678,0.1085629239678382,0.1103733852505683,0.4871887266635895,0.5572166442871094,0.1092430651187896,-0.0183064136654138,0.7644902467727661,0.5268024206161499,0.1120482385158538,0.0576886609196662,0.5410537719726562,0.5288261771202087,0.102627545595169,-0.0862928852438926,0.8360665440559387,hoyeon_stand_normal_01,26.019224,27.166155,24.515301,21.84033,18.027756,13.601471,10.198039,7.071068,5.830952,6.708204,9.486833,12.369317,15.297059,17.262677,20.615528,21.84033,24.041631,24.698178,24.166092,22.825424,20.59126,17.0,12.083046,8.0,10.0,13.601471,9.486833,10.77033,12.083046,12.529964,12.529964,10.816654,10.816654,8.944272,7.615773,7.071068,7.071068,7.28011,8.544004,9.848858,11.18034,11.18034,10.77033,10.77033,9.848858,8.062258,7.071068,7.28011,10.0,14.142136,18.248288,22.203603,16.278821,16.124515,16.03122,15.033296,14.0,13.038405,12.165525,10.198039,8.544004,8.062258,6.403124,6.708204,7.28011,8.0,9.219544,11.7047,13.928388,16.155494,19.313208,21.18962,22.135944,22.803509,21.587033,20.223748,18.027756,15.0,7.28011,6.082763,4.123106,1.414214,2.236068,4.472136,7.211103,8.602325,10.630146,11.313708,10.630146,10.630146,9.433981,8.602325,6.708204,5.385165,3.605551,1.414214,1.414214,4.123106,6.324555,9.219544,11.401754,13.341664,15.524175,16.492423,18.027756,15.0,13.038405,11.18034,9.219544,9.0,10.198039,10.77033,13.928388,15.231546,16.763055,17.464249,19.235384,20.024984,21.0,20.099751,19.416488,18.439089,15.524175,12.369317,9.0,6.708204,7.211103,10.198039,14.142136,16.124515,7.81025,5.830952,5.09902,5.385165,7.071068,10.0,12.206556,14.422205,16.401219,15.620499,17.029386,15.556349,14.142136,13.453624,12.806248,11.401754,10.630146,10.630146,10.0,11.18034,12.529964,14.317821,16.552945,17.888544,18.35756,19.723083
hoyeon_stand_normal_01,1647,549,54.903,29.998360745314464,10,0.532295286655426,0.6612668633460999,-0.065836988389492,0.999139368534088,0.5355314016342163,0.6736608743667603,-0.0574780739843845,0.9984509348869324,0.5362751483917236,0.6742003560066223,-0.0574876777827739,0.9981494545936584,0.5371482372283936,0.6749227046966553,-0.0574631132185459,0.9984787106513976,0.5362191796302795,0.6738879084587097,-0.0813139751553535,0.998661994934082,0.5373555421829224,0.6744705438613892,-0.0813378989696502,0.9986523985862732,0.5386734008789062,0.6752070188522339,-0.0814022943377494,0.9988189935684204,0.5461412668228149,0.6728008985519409,-0.0077934698201715,0.996325671672821,0.547116219997406,0.6724078059196472,-0.1154597178101539,0.9985781311988832,0.5354923009872437,0.648707926273346,-0.0442032776772975,0.9989263415336608,0.5366409420967102,0.6488834023475647,-0.0753901749849319,0.999198317527771,0.55589759349823,0.6019662022590637,0.0696125924587249,0.9992831349372864,0.5592191815376282,0.6079898476600647,-0.166067287325859,0.9999464154243468,0.555465817451477,0.4980390071868896,0.0922322943806648,0.1351337730884552,0.5563172698020935,0.5047470927238464,-0.1959718763828277,0.9878078103065492,0.5576185584068298,0.4211816787719726,0.0419391579926013,0.3388268649578094,0.5427576899528503,0.4158514440059662,-0.1951589882373809,0.9761150479316713,0.560442328453064,0.3950399756431579,0.0360870100557804,0.3171639740467071,0.5432878732681274,0.3873626887798309,-0.2183440327644348,0.957338273525238,0.5545507073402405,0.390608936548233,0.0183606222271919,0.3237360119819641,0.5393479466438293,0.3857680857181549,-0.2181898951530456,0.9545833468437196,0.5542694330215454,0.4001171588897705,0.0319485329091548,0.3001558184623718,0.5384166836738586,0.394759327173233,-0.1941293329000473,0.930788516998291,0.5515381097793579,0.4219740033149719,0.0693745464086532,0.9972218871116638,0.5542764067649841,0.4260731041431427,-0.069446176290512,0.997602641582489,0.5490372180938721,0.2798811197280884,0.0666743516921997,0.2747174501419067,0.554448664188385,0.280042827129364,-0.0626123026013374,0.7704193592071533,0.5466028451919556,0.136979192495346,0.1085354164242744,0.3533470034599304,0.5502968430519104,0.1324341744184494,-0.0189981330186128,0.8049556016921997,0.5504618287086487,0.1084716543555259,0.1080634146928787,0.4863357841968536,0.5572577118873596,0.1093204170465469,-0.0187468118965625,0.764542281627655,0.526740312576294,0.1122108399868011,0.0556927695870399,0.5400100946426392,0.5287947654724121,0.1026858910918235,-0.0865053310990333,0.8357679843902588,hoyeon_stand_normal_01,7.071068,6.708204,10.0,13.038405,15.811388,17.204651,18.027756,17.804494,17.204651,16.401219,15.0,12.206556,10.816654,8.944272,7.28011,6.082763,7.071068,10.29563,13.601471,18.681542,22.803509,27.202941,29.732137,30.870698,30.88689,28.017851,9.0,8.062258,8.246211,7.615773,7.81025,9.219544,9.219544,10.630146,10.0,10.0,8.602325,8.602325,7.211103,5.385165,4.0,4.472136,5.656854,7.81025,10.29563,13.038405,15.264338,16.643317,17.204651,17.029386,15.620499,12.806248,11.18034,12.206556,13.453624,13.453624,13.601471,13.892444,14.764823,15.231546,15.811388,15.811388,16.763055,16.763055,17.720045,18.027756,18.027756,17.088007,16.155494,15.231546,12.649111,10.198039,8.062258,9.433981,11.401754,14.422205,17.492856,20.248457,13.038405,15.033296,16.278821,16.763055,17.464249,16.124515,14.21267,11.313708,7.81025,4.472136,1.0,2.236068,5.09902,7.071068,10.0,12.041595,13.152946,14.56022,15.811388,16.155494,15.231546,14.317821,13.928388,12.649111,11.045361,11.045361,13.416408,13.892444,15.264338,15.264338,15.264338,14.764823,13.0,11.7047,11.401754,9.219544,7.28011,5.385165,5.0,4.472136,5.0,8.246211,10.440307,13.601471,15.811388,17.720045,19.416488,20.396078,19.104973,18.11077,16.03122,14.0,12.165525,14.142136,15.132746,16.124515,16.03122,15.033296,13.0,12.041595,10.049876,8.246211,6.708204,5.830952,5.656854,5.830952,7.28011,7.28011,8.246211,9.486833,9.486833,10.440307,10.440307,10.198039,10.198039,10.049876,10.049876,10.198039
hoyeon_stand_normal_01,1650,550,55.00300546448087,29.998360745314464,10,0.5323319435119629,0.661231279373169,-0.0644875466823577,0.9991419315338136,0.5355585813522339,0.6736356616020203,-0.0561621449887752,0.9984536170959472,0.5363010168075562,0.6741741895675659,-0.0561724975705146,0.9981522560119628,0.5371726155281067,0.6748958230018616,-0.056148525327444,0.9984831213951112,0.5362461805343628,0.6738601922988892,-0.0799604207277298,0.9986650943756104,0.5373843908309937,0.6744412183761597,-0.0799831077456474,0.9986558556556702,0.538702666759491,0.675177812576294,-0.0800471529364585,0.9988223314285278,0.5461653470993042,0.6727819442749023,-0.0067135267890989,0.9963365793228148,0.547152578830719,0.6723829507827759,-0.1142217740416526,0.998577356338501,0.5355561375617981,0.6486673951148987,-0.0429558530449867,0.9989312887191772,0.5367123484611511,0.6488391160964966,-0.0740975439548492,0.9992011189460754,0.5559322834014893,0.6019242405891418,0.0700554475188255,0.9992815256118774,0.5592305660247803,0.6079524159431458,-0.1648474186658859,0.999946117401123,0.5554651021957397,0.4978931546211242,0.0926853865385055,0.1351117491722107,0.5562994480133057,0.5046591758728027,-0.1950976401567459,0.9877887964248656,0.5575863122940063,0.4211815595626831,0.0433171354234218,0.3381675481796264,0.5427494049072266,0.4158258736133575,-0.1948733329772949,0.976003110408783,0.5603160262107849,0.3950569629669189,0.0376090966165065,0.3164302706718445,0.543275773525238,0.3873654305934906,-0.2180498093366623,0.9571235179901124,0.5545357465744019,0.3906319737434387,0.0199691671878099,0.3230215311050415,0.5393503308296204,0.3857736587524414,-0.2178634107112884,0.9543432593345642,0.5542463660240173,0.4001206457614898,0.0333746448159217,0.2994883060455322,0.5384203195571899,0.3947585225105285,-0.1938557028770446,0.93041729927063,0.5515373945236206,0.4216565191745758,0.06914933770895,0.9972152709960938,0.5542375445365906,0.4258496761322021,-0.069219522178173,0.9975912570953368,0.5490304231643677,0.2797593474388122,0.0653741881251335,0.2737763822078705,0.5544494390487671,0.2799573242664337,-0.0626035258173942,0.7702884078025818,0.546603262424469,0.1369438171386718,0.106213130056858,0.3527415990829468,0.5502762198448181,0.1323451846837997,-0.0194170083850622,0.8050862550735474,0.5506936311721802,0.1106478199362754,0.1056247130036354,0.4862319231033325,0.5569709539413452,0.105143241584301,-0.0192413870245218,0.7652013301849365,0.5266925692558289,0.1121716722846031,0.0528879649937152,0.539685070514679,0.5286816954612732,0.1026767417788505,-0.0870814695954322,0.8359650373458862,hoyeon_stand_normal_01,6.082763,7.615773,8.485281,11.401754,13.601471,15.0,15.0,15.620499,15.620499,14.21267,13.453624,11.401754,10.0,8.062258,6.324555,5.0,5.0,7.211103,10.77033,14.56022,17.720045,20.880613,23.4094,24.596748,24.186773,23.021729,7.071068,6.0,6.082763,5.830952,6.403124,7.071068,7.81025,7.81025,8.602325,8.062258,7.211103,6.403124,5.385165,4.123106,4.123106,3.605551,5.0,7.211103,9.433981,11.18034,13.038405,14.422205,14.422205,15.0,14.21267,11.401754,17.088007,16.763055,16.492423,15.297059,14.142136,13.038405,11.0,10.049876,8.246211,7.615773,5.830952,5.656854,5.385165,7.0,8.246211,10.77033,13.0,16.552945,18.384776,20.248457,21.18962,20.880613,20.615528,19.235384,17.117243,13.0,7.0,5.0,3.0,3.605551,5.830952,8.602325,10.630146,12.041595,12.041595,12.206556,11.661904,10.29563,8.944272,7.615773,5.385165,3.605551,2.236068,2.236068,4.472136,6.708204,9.848858,12.083046,14.317821,15.231546,16.155494,12.8027905,18.384776,16.278821,13.453624,11.401754,9.433981,8.246211,9.0,11.045361,13.152946,15.132746,17.029386,18.0,19.026298,19.416488,20.615528,20.248457,19.697716,18.788294,16.124515,12.529964,9.486833,6.082763,7.071068,9.848858,13.601471,15.811388,10.630146,8.062258,6.324555,6.082763,8.062258,10.630146,12.727922,15.556349,16.278821,17.029386,17.804494,17.204651,15.264338,13.892444,13.416408,12.529964,11.661904,11.661904,11.401754,11.313708,13.453624,14.21267,16.401219,17.804494,19.849433,19.849433
hoyeon_stand_normal_01,1653,551,55.103010928961744,29.998360745314464,10,0.5323598980903625,0.6611789464950562,-0.0642194375395774,0.9991523623466492,0.5355848073959351,0.6735938191413879,-0.0559371970593929,0.9984719157218932,0.5363290905952454,0.6741263270378113,-0.0559475757181644,0.9981736540794371,0.5372024178504944,0.6748409271240234,-0.0559241510927677,0.9985020160675048,0.5362640619277954,0.6738235950469971,-0.079741284251213,0.9986807107925416,0.53739994764328,0.6744030714035034,-0.0797637030482292,0.9986709356307985,0.5387155413627625,0.675139307975769,-0.0798270627856254,0.9988358020782472,0.5461986660957336,0.6727281212806702,-0.0066242786124348,0.9963802099227904,0.5471684336662292,0.6723421812057495,-0.114164151251316,0.998589813709259,0.535635769367218,0.6485970616340637,-0.0427355207502841,0.998942494392395,0.5367825627326965,0.648773729801178,-0.0738951489329338,0.9992092847824096,0.5560976266860962,0.6019191145896912,0.0700608864426612,0.9992847442626952,0.5592313408851624,0.6079421043395996,-0.164652019739151,0.9999457597732544,0.5554806590080261,0.49783456325531,0.0926840379834175,0.1355075538158416,0.5562288165092468,0.5046318769454956,-0.194795936346054,0.9877499341964722,0.5575858950614929,0.4211803078651428,0.0434053875505924,0.3386106491088867,0.5426743030548096,0.4158159792423248,-0.1936203986406326,0.9758352041244508,0.5602964758872986,0.395064502954483,0.0377339832484722,0.3165625035762787,0.5432243943214417,0.3873726427555084,-0.2165974676609039,0.9568353295326232,0.55452960729599,0.3906334042549133,0.0200640615075826,0.3231954276561737,0.5393449068069458,0.3857921361923218,-0.2161531150341034,0.9540401697158812,0.5542277097702026,0.4001181721687317,0.0334542207419872,0.2996150553226471,0.5384171605110168,0.3947600722312927,-0.1924752742052078,0.9299546480178832,0.5516124963760376,0.421192467212677,0.0688561052083969,0.9972376823425292,0.5542194247245789,0.4255129396915436,-0.0689270868897438,0.99760240316391,0.5489365458488464,0.2794248163700104,0.0649440735578537,0.2749862670898437,0.5541974306106567,0.2796933948993683,-0.0624771825969219,0.7717226147651672,0.5463912487030029,0.1367912739515304,0.1062758266925811,0.3546071052551269,0.5499578714370728,0.1322155445814132,-0.0190478935837745,0.8065378069877625,0.5507053136825562,0.1115091517567634,0.1057279482483863,0.4873425960540771,0.5566969513893127,0.1057020053267479,-0.0188138838857412,0.765894889831543,0.5266990065574646,0.1104329377412796,0.0528402999043464,0.5414009094238281,0.5286051034927368,0.1024729758501052,-0.0865871086716651,0.8371685743331909,hoyeon_stand_normal_01,15.419928,15.203872,15.405125,15.1976905,14.4043925,13.465174,11.910104,10.6117675,10.132169,9.9876035,11.0192025,11.330952,11.7169905,11.8078865,12.0552595,12.2859435,13.5220775,15.311643,16.920165,18.1242285,19.513878,19.4434465,18.682097,18.029349,19.080128,20.198417,9.056067,10.1231055,10.772002,10.5503315,11.1289745,10.6925345,10.59017,10.433265,9.408327,8.943861,8.524877,7.906714,8.4176585,7.7720495,7.815073,7.864583,7.828427,8.905125,9.7169905,10.5076225,10.5517735,11.8571925,13.2120975,14.7006095,16.086722,16.5273525,15.297059,15.132746,14.142136,14.0,12.0,11.045361,10.049876,9.219544,7.615773,5.830952,5.0,4.472136,5.0,6.324555,8.062258,10.0,12.806248,15.0,17.804494,19.416488,21.095023,21.954498,21.023796,19.313208,16.763055,13.341664,6.324555,5.385165,3.605551,2.0,3.605551,5.830952,8.602325,10.0,12.041595,12.727922,12.041595,11.401754,10.816654,9.433981,8.062258,6.708204,5.0,2.828427,2.0,2.828427,5.385165,7.28011,10.440307,12.649111,14.56022,14.56022,13.038405,15.033296,16.03122,16.03122,16.124515,16.124515,15.297059,13.341664,11.7047,10.440307,8.544004,7.28011,5.0,5.385165,5.656854,8.062258,10.29563,13.0,16.155494,17.464249,18.788294,20.124612,19.723083,18.867962,15.811388,13.601471,11.7047,13.0,14.317821,15.231546,15.652476,14.764823,12.529964,11.18034,9.486833,8.246211,7.0,6.324555,6.708204,7.211103,7.81025,8.485281,9.219544,9.899495,10.630146,11.313708,11.313708,11.313708,10.630146,10.816654,11.18034,10.440307
hoyeon_stand_normal_01,1656,552,55.203016393442624,29.998360745314464,10,0.532376766204834,0.6610893607139587,-0.0650426596403122,0.999156415462494,0.5355949997901917,0.6735210418701172,-0.0567714758217334,0.998475968837738,0.5363396406173706,0.674045741558075,-0.0567810088396072,0.9981783032417296,0.5372130870819092,0.6747483611106873,-0.0567572377622127,0.9985064268112184,0.5362723469734192,0.673761785030365,-0.0806657597422599,0.9986855387687684,0.5374081134796143,0.674344003200531,-0.0806887969374656,0.998676061630249,0.5387237668037415,0.6750831604003906,-0.0807524174451828,0.9988398551940918,0.5462188720703125,0.6726570129394531,-0.0072314236313104,0.99638694524765,0.5471867322921753,0.6722807288169861,-0.1151881292462349,0.99859356880188,0.5356908440589905,0.6484910249710083,-0.0434276796877384,0.9989470839500428,0.5368297100067139,0.6486877202987671,-0.0747062191367149,0.9992130398750304,0.5561894774436951,0.6018643975257874,0.0699835196137428,0.9992838501930236,0.5592342615127563,0.6079283356666565,-0.1658130139112472,0.9999458193778992,0.5555193424224854,0.4976959824562073,0.0927789285778999,0.1347999721765518,0.5561457872390747,0.5045725703239441,-0.1968819946050644,0.987777054309845,0.5577186346054077,0.4211695790290832,0.0436517857015132,0.3370414674282074,0.5425930619239807,0.4157391488552093,-0.1965486854314804,0.975776195526123,0.5603907108306885,0.3950610756874084,0.0381586365401744,0.3152670264244079,0.5431279540061951,0.3873517215251922,-0.2200403064489364,0.9567373991012572,0.5547196269035339,0.3906364440917969,0.0203091204166412,0.3218849301338196,0.5393257737159729,0.3857882618904114,-0.2193798571825027,0.953929603099823,0.5544279217720032,0.4001147747039795,0.0336447805166244,0.2984586954116821,0.5384088158607483,0.3947288393974304,-0.195353478193283,0.9297278523445128,0.5516718626022339,0.4206888973712921,0.0689494237303733,0.997264325618744,0.5541926026344299,0.425128161907196,-0.0690202340483665,0.997617483139038,0.5489073991775513,0.2789943218231201,0.0659348592162132,0.2760888338088989,0.5541601181030273,0.2794204652309418,-0.0622816942632198,0.7752529978752136,0.5463934540748596,0.1365431249141693,0.1095658540725708,0.3573265969753265,0.5499226450920105,0.1318554133176803,-0.0178194399923086,0.8098239898681641,0.5509566068649292,0.1119467914104461,0.1092619150876998,0.4899437427520752,0.5566809773445129,0.1058579459786415,-0.0174626670777797,0.7684856653213501,0.5266969203948975,0.1092748045921325,0.0561023950576782,0.5444760918617249,0.5284063816070557,0.1021896749734878,-0.0855528563261032,0.8397150635719299,hoyeon_stand_normal_01,7.071068,6.403124,8.544004,11.18034,14.142136,16.278821,16.278821,17.262677,16.278821,15.297059,14.317821,12.369317,10.198039,8.0,6.082763,5.0,6.324555,9.055385,13.341664,17.720045,22.803509,26.683328,29.427878,31.144823,30.0,28.071338,8.944272,8.062258,8.602325,8.485281,9.433981,9.848858,10.440307,11.401754,11.401754,11.401754,10.198039,9.219544,8.062258,6.0,5.09902,5.0,5.830952,7.615773,10.198039,12.369317,15.297059,16.492423,17.720045,17.720045,16.763055,13.601471,11.18034,11.401754,12.041595,12.806248,13.038405,13.416408,13.928388,13.928388,14.56022,15.524175,16.492423,16.278821,17.464249,17.464249,17.720045,16.763055,15.811388,13.928388,11.401754,9.055385,7.28011,8.485281,13.038405,16.552945,19.235384,21.954498,14.035669,16.0,18.11077,19.646883,19.313208,17.888544,15.811388,12.041595,9.219544,6.403124,2.828427,1.414214,4.0,7.0,9.0,11.18034,13.341664,14.56022,14.866069,15.231546,15.652476,15.652476,14.317821,12.649111,11.18034,11.045361,13.038405,14.764823,15.652476,15.652476,16.124515,15.264338,14.422205,12.806248,12.041595,9.899495,7.81025,6.403124,4.472136,4.0,5.830952,7.81025,10.630146,12.806248,15.620499,17.691806,19.104973,20.518285,19.849433,18.601075,15.811388,13.038405,12.041595,13.453624,15.620499,16.401219,15.811388,15.811388,13.601471,12.206556,10.630146,8.485281,7.211103,6.324555,6.082763,7.071068,7.28011,8.246211,9.486833,10.440307,10.440307,11.401754,11.401754,11.401754,10.77033,10.29563,10.816654,11.313708
hoyeon_stand_normal_01,1659,553,55.3030218579235,29.998360745314464,10,0.5323929190635681,0.6610554456710815,-0.067068763077259,0.9991613030433656,0.5356045961380005,0.6734941601753235,-0.0586856193840503,0.9984808564186096,0.5363500118255615,0.6740143299102783,-0.0586936362087726,0.998185932636261,0.5372239947319031,0.674712061882019,-0.0586676076054573,0.9985130429267884,0.5362794995307922,0.6737468838691711,-0.0827399343252182,0.9986907839775084,0.5374143719673157,0.6743342876434326,-0.0827637165784835,0.9986817836761476,0.5387294888496399,0.6750756502151489,-0.0828278213739395,0.9988430738449096,0.5462333559989929,0.6726385354995728,-0.0084197185933589,0.9963946342468262,0.5471934080123901,0.6722726225852966,-0.1170536503195762,0.9985949397087096,0.5357481241226196,0.6484602093696594,-0.0451291464269161,0.998951494693756,0.5368767380714417,0.6486616730690002,-0.0766110271215438,0.9992157220840454,0.556315004825592,0.6018565893173218,0.0698937028646469,0.9992865324020386,0.5592347979545593,0.6079211235046387,-0.1681634485721588,0.9999462366104126,0.5555925369262695,0.4976079165935516,0.0928359180688858,0.1341618001461029,0.5560864806175232,0.5044915080070496,-0.2004204392433166,0.987845778465271,0.558007001876831,0.4211536049842834,0.0436447523534297,0.3360722661018371,0.5424935221672058,0.4156128764152527,-0.2016705572605133,0.9757900238037108,0.5606992840766907,0.3950608372688293,0.0381785593926906,0.3146205842494964,0.5430505871772766,0.3873026669025421,-0.2258325219154358,0.9567734003067015,0.5550923943519592,0.3906489610671997,0.0202981866896152,0.321224570274353,0.539313018321991,0.3857593238353729,-0.2251056730747223,0.953950583934784,0.5547683238983154,0.4001124799251556,0.0336394906044006,0.2979200780391693,0.5384009480476379,0.3946558237075805,-0.2004955559968948,0.9296631813049316,0.5517076253890991,0.4202273786067962,0.0697879865765571,0.9973047375679016,0.5541694164276123,0.4247571527957916,-0.0698622912168502,0.9976450800895692,0.5488916635513306,0.2788369953632355,0.0694737434387207,0.2758288085460663,0.5541038513183594,0.2793745398521423,-0.0617780536413192,0.7795501947402954,0.5463963747024536,0.136510893702507,0.1154429540038108,0.3597575724124908,0.5498687028884888,0.1317144036293029,-0.0158400479704141,0.8142096996307373,0.5510960817337036,0.1123474240303039,0.1153619736433029,0.4931235909461975,0.5566555261611938,0.105932779610157,-0.0153845502063632,0.7727501392364502,0.5263831615447998,0.1093331053853035,0.0624788217246532,0.5481549501419067,0.5281035304069519,0.1021113842725753,-0.083835169672966,0.8432459831237793,hoyeon_stand_normal_01,7.81025,7.071068,8.246211,11.18034,13.416408,15.264338,16.124515,16.124515,15.652476,14.317821,13.0,11.18034,9.848858,8.602325,6.403124,5.09902,5.385165,7.81025,12.041595,16.401219,20.0,24.839485,26.870058,29.068884,28.017851,26.07681,8.246211,8.062258,8.0,7.071068,8.544004,8.944272,9.433981,10.0,10.630146,10.0,10.0,9.219544,7.071068,6.403124,5.385165,6.082763,6.324555,7.615773,10.29563,12.206556,14.422205,16.643317,17.0,17.0,15.652476,13.416408,16.552945,16.155494,14.866069,14.56022,13.341664,12.165525,11.045361,10.0,8.062258,7.28011,6.403124,6.403124,6.324555,8.062258,10.049876,12.165525,14.317821,17.262677,19.416488,20.396078,22.203603,22.090722,22.022716,19.026298,17.117243,13.152946,7.071068,6.082763,3.0,1.0,2.236068,4.242641,7.211103,8.602325,10.29563,11.18034,10.77033,10.440307,9.219544,8.062258,7.071068,5.09902,3.0,1.414214,1.414214,3.605551,6.708204,8.944272,11.18034,13.416408,14.764823,15.652476,17.0,15.652476,13.416408,11.7047,9.219544,9.055385,10.440307,11.7047,13.0,15.231546,17.088007,17.720045,18.439089,19.026298,21.0,20.099751,19.235384,17.464249,15.524175,12.165525,10.0,7.615773,7.81025,10.77033,13.341664,16.278821,8.544004,6.082763,5.09902,5.656854,7.211103,9.848858,13.0,13.928388,15.652476,15.652476,17.0,16.643317,14.422205,13.601471,11.401754,12.041595,11.401754,10.816654,10.29563,10.77033,12.649111,13.928388,15.811388,18.027756,18.384776,18.384776
hoyeon_stand_normal_01,1662,554,55.40302732240437,29.998360745314464,10,0.532401442527771,0.6610243916511536,-0.0675078332424163,0.99915611743927,0.5356076955795288,0.6734650731086731,-0.059084165841341,0.9984675645828248,0.5363530516624451,0.6739827394485474,-0.0590921379625797,0.998172402381897,0.5372278094291687,0.674679160118103,-0.0590655133128166,0.9985021352767944,0.5362825989723206,0.6737279295921326,-0.0832010060548782,0.998680591583252,0.5374174118041992,0.674319326877594,-0.0832254663109779,0.9986724257469176,0.5387336015701294,0.6750661730766296,-0.0832903236150741,0.9988333582878112,0.546244740486145,0.6726307272911072,-0.0086104273796081,0.9963605403900146,0.5472036600112915,0.67226642370224,-0.1174867674708366,0.9985823035240172,0.5357808470726013,0.6484376788139343,-0.0454789288341999,0.9989439845085144,0.5369094014167786,0.6486375331878662,-0.0770325288176536,0.9992101192474364,0.5563687086105347,0.6018419861793518,0.0700068995356559,0.9992821216583252,0.5592368245124817,0.6078985929489136,-0.1690504848957061,0.9999464154243468,0.5556182861328125,0.4975438416004181,0.0931642279028892,0.1328305453062057,0.5560398697853088,0.504428505897522,-0.2014780342578888,0.9878775477409364,0.558097779750824,0.4211442172527313,0.0437023714184761,0.3333366513252258,0.5424373149871826,0.4155522286891937,-0.2024237364530563,0.975694179534912,0.5608115792274475,0.3950598537921905,0.0383341945707798,0.3124760389328003,0.5430106520652771,0.3872811794281006,-0.2265784442424774,0.9566330313682556,0.5551914572715759,0.3906528055667877,0.0203632693737745,0.3190433084964752,0.5393051505088806,0.3857503533363342,-0.2258781343698501,0.953781008720398,0.5548304319381714,0.4001099467277527,0.0336620397865772,0.2960335314273834,0.5383940935134888,0.3946224749088287,-0.20125612616539,0.9293621182441713,0.5517410635948181,0.419603943824768,0.0705008059740066,0.9973234534263612,0.5541635155677795,0.424211710691452,-0.0705749988555908,0.9976561665534972,0.5488332509994507,0.2786895930767059,0.0712112635374069,0.2749754190444946,0.554063081741333,0.2792968153953552,-0.0615802295506,0.7835992574691772,0.5463970899581909,0.136482372879982,0.1174087077379226,0.3611600995063782,0.5497568845748901,0.131581038236618,-0.0153363542631268,0.8180040121078491,0.5511000752449036,0.1126385629177093,0.117327757179737,0.4953564405441284,0.5564867854118347,0.1059743463993072,-0.0148998517543077,0.7766905426979065,0.525898814201355,0.1095548793673515,0.0647195056080818,0.5508541464805603,0.5277443528175354,0.1021293550729751,-0.0834604576230049,0.8462947607040405,hoyeon_stand_normal_01,7.615773,7.211103,9.219544,12.0,14.035669,16.03122,17.029386,17.029386,17.0,15.0,14.035669,12.0,10.0,8.062258,6.324555,5.656854,5.09902,8.246211,12.529964,17.0,21.470911,25.495098,29.154759,29.410882,29.832868,27.294688,8.485281,7.81025,7.615773,8.246211,8.0,9.055385,10.049876,11.18034,11.18034,11.18034,10.198039,9.219544,8.246211,6.708204,5.0,5.830952,6.082763,9.0,11.045361,13.152946,16.124515,18.11077,19.026298,18.0,17.0,14.0,13.5111265,14.1412385,14.23377,13.833147,13.8361585,13.6412015,13.4694735,12.334259499999998,12.584327,11.944272,11.943657,11.630215,12.117692,12.7799695,13.648821,14.67878,15.246428,16.0622575,15.708204,14.7201535,14.5401845,14.766866,16.072205,17.541380500000002,17.905694,17.377307000000002,10.024934,10.141762,10.062306,9.933981,11.6662395,11.647559,11.772002,11.0511055,9.862172,8.5703075,6.5207975,7.0,8.024937999999999,8.5588215,9.1301485,9.365937,8.964193999999999,8.944272,9.0622575,10.327567,11.2371345,12.622821,13.333046,13.5089395,13.8245555,13.5207975,13.0,14.866069,15.811388,17.464249,16.155494,15.652476,14.764823,13.892444,12.206556,10.816654,8.602325,6.708204,6.082763,6.082763,6.708204,8.602325,12.041595,14.142136,16.278821,19.104973,20.615528,20.808652,20.808652,19.416488,17.492856,14.764823,11.18034,11.661904,13.038405,13.601471,15.0,13.601471,12.806248,11.401754,9.433981,8.062258,6.082763,6.0,6.082763,6.708204,6.708204,8.062258,8.602325,9.433981,9.433981,10.29563,10.29563,10.29563,10.816654,10.630146,10.630146,10.816654
hoyeon_stand_normal_01,1665,555,55.50303278688524,29.998360745314464,10,0.5324066281318665,0.6609175205230713,-0.0684060826897621,0.9991528391838074,0.5356130003929138,0.6733621954917908,-0.0599858537316322,0.9984577298164368,0.5363579988479614,0.6738801002502441,-0.0599930807948112,0.9981622099876404,0.5372322201728821,0.6745759844779968,-0.0599650852382183,0.9984926581382751,0.5362880825996399,0.6736395359039307,-0.0841407477855682,0.9986736178398132,0.5374228358268738,0.6742380261421204,-0.0841662883758544,0.9986655116081238,0.5387389659881592,0.6749902367591858,-0.0842316895723342,0.9988260865211488,0.5462493896484375,0.6726025938987732,-0.0092744715511798,0.996330201625824,0.5472103357315063,0.6722305417060852,-0.1183655634522438,0.9985751509666444,0.5358092784881592,0.6483551859855652,-0.0462641790509223,0.9989379048347472,0.5369356274604797,0.6485437750816345,-0.0778726562857627,0.9992066025733948,0.556396484375,0.6018170118331909,0.0699156150221824,0.9992821216583252,0.5592368841171265,0.6078698039054871,-0.1698262691497802,0.9999468922615052,0.5556228160858154,0.4974955916404724,0.0929958373308181,0.1315923631191253,0.5559839010238647,0.5043776631355286,-0.2018152177333831,0.987898290157318,0.5581377148628235,0.4210931658744812,0.0425335839390754,0.3306865394115448,0.5423761010169983,0.4154941737651825,-0.201486736536026,0.975543737411499,0.5608900785446167,0.3950552344322204,0.0370801724493503,0.3103495240211487,0.5429980754852295,0.3872608542442322,-0.2254281342029571,0.9564027786254884,0.5552259683609009,0.3906540274620056,0.019037514925003,0.3169216811656952,0.5392993092536926,0.3857428431510925,-0.2247773855924606,0.9535202980041504,0.5548368096351624,0.4000995755195617,0.0323846712708473,0.2942136824131012,0.5383792519569397,0.3945995271205902,-0.2003052681684494,0.9289723634719848,0.5517322421073914,0.419146716594696,0.0707691982388496,0.997365176677704,0.5541021823883057,0.4237153828144073,-0.0708445310592651,0.9976914525032043,0.5487689971923828,0.2785389721393585,0.0745541006326675,0.274812251329422,0.5540867447853088,0.2792448401451111,-0.0590930096805095,0.7873531579971313,0.5464314818382263,0.1364817768335342,0.1229912489652633,0.363471657037735,0.5497618317604065,0.1315479576587677,-0.0097456406801939,0.821862518787384,0.5510905981063843,0.1130553111433982,0.1231931298971176,0.4983779489994049,0.556415855884552,0.1062337830662727,-0.0089883375912904,0.7805942893028259,0.5255467295646667,0.1101379320025444,0.070913441479206,0.5546672940254211,0.5277062058448792,0.1023149266839027,-0.0772289112210273,0.8495590686798096,hoyeon_stand_normal_01,6.324555,5.0,7.28011,10.0,12.0,13.0,14.0,14.0,13.038405,12.041595,11.045361,10.049876,8.0,7.071068,5.385165,4.242641,5.09902,8.062258,11.401754,14.866069,18.027756,21.84033,23.537205,25.179357,25.079872,23.021729,7.81025,7.071068,7.211103,6.708204,7.28011,8.062258,9.0,9.0,9.055385,9.055385,9.055385,7.071068,7.071068,5.09902,4.472136,4.242641,4.123106,6.0,8.0,10.0,12.0,13.0,14.0,14.035669,13.038405,11.045361,10.440307,12.041595,12.041595,12.165525,13.601471,14.317821,14.764823,15.264338,16.643317,17.204651,18.027756,18.027756,18.027756,18.867962,18.35756,17.0,16.124515,13.892444,12.206556,9.899495,8.544004,9.055385,12.649111,16.155494,19.313208,22.135944,12.041595,14.21267,16.124515,17.464249,17.720045,16.278821,14.0,11.045361,8.246211,4.472136,1.414214,2.0,5.0,6.403124,9.219544,11.313708,12.806248,14.422205,14.764823,15.652476,15.231546,14.317821,13.416408,12.529964,12.041595,11.401754,17.464249,16.552945,14.317821,11.661904,9.899495,9.433981,10.77033,12.369317,13.341664,14.56022,17.088007,18.384776,19.235384,20.248457,20.615528,19.849433,19.104973,18.439089,15.620499,12.041595,9.219544,7.28011,7.615773,10.0,13.453624,16.278821,8.062258,6.403124,5.830952,6.0,8.246211,10.77033,13.416408,14.317821,16.155494,17.088007,16.763055,15.524175,15.524175,14.317821,13.341664,12.165525,11.18034,11.401754,11.7047,12.529964,13.038405,14.422205,16.124515,17.492856,19.235384,19.235384
hoyeon_stand_normal_01,1668,556,55.60303825136612,29.998360745314464,10,0.5324121117591858,0.6608136296272278,-0.068661443889141,0.9991435408592224,0.5356155037879944,0.6732603311538696,-0.0601989552378654,0.9984365701675416,0.5363618731498718,0.6737870573997498,-0.0602054856717586,0.9981399178504944,0.5372369289398193,0.6744939088821411,-0.060176957398653,0.9984743595123292,0.5362841486930847,0.6735463738441467,-0.0844108536839485,0.9986570477485656,0.5374173521995544,0.6741538047790527,-0.0844360813498497,0.9986492991447448,0.5387318730354309,0.6749105453491211,-0.0845018103718757,0.9988101720809937,0.5462531447410583,0.6725961565971375,-0.0094048269093036,0.9962745308876038,0.5472156405448914,0.6722038388252258,-0.1187788099050521,0.9985541701316832,0.5358191728591919,0.6483105421066284,-0.0464788004755973,0.9989213347434998,0.5369393825531006,0.6484718918800354,-0.078167125582695,0.9991949796676636,0.5565003752708435,0.6017900109291077,0.0699879676103591,0.999277651309967,0.559234082698822,0.6078651547431946,-0.1705203205347061,0.9999471306800842,0.5556663870811462,0.4973904192447662,0.09322539716959,0.1297534704208374,0.5559254884719849,0.5042731761932373,-0.2030584663152694,0.9878860116004944,0.5584316253662109,0.4208156168460846,0.0428656972944736,0.3264921009540558,0.5423228144645691,0.4153123795986175,-0.2030912190675735,0.9753079414367676,0.5613558888435364,0.3950350284576416,0.037724744528532,0.3069843351840973,0.5429673790931702,0.3871341347694397,-0.2272367179393768,0.9560545086860656,0.5554710626602173,0.390625536441803,0.0195547416806221,0.3135011196136474,0.5392696261405945,0.3856260776519775,-0.2263087183237075,0.9531379342079164,0.5549999475479126,0.4000148475170135,0.0326792187988758,0.2911939918994903,0.5383490920066833,0.3944310843944549,-0.2018160074949264,0.9283446669578552,0.5519580245018005,0.4189461767673492,0.0714647322893142,0.997389793395996,0.5539357662200928,0.4235259294509887,-0.0715439096093177,0.9977086186408995,0.5487382411956787,0.2784526348114013,0.0758638828992843,0.2737143635749817,0.5540508031845093,0.2791917026042938,-0.0589644499123096,0.7907137274742126,0.5465848445892334,0.1364811509847641,0.1243742853403091,0.3648981153964996,0.5497813820838928,0.1314941346645355,-0.0098987082019448,0.8254624009132385,0.5511947274208069,0.113275721669197,0.1245734244585037,0.5009658932685852,0.5563981533050537,0.1063486486673355,-0.009170820005238,0.7844700813293457,0.5253890752792358,0.1107152625918388,0.0724513605237007,0.5574438571929932,0.5276627540588379,0.102547101676464,-0.0772752985358238,0.8524909615516663,hoyeon_stand_normal_01,24.758837,24.083189,23.021729,21.095023,17.0,13.416408,9.433981,6.403124,5.09902,6.324555,9.433981,11.401754,13.601471,16.401219,18.601075,21.095023,21.954498,23.706539,23.259407,22.472205,19.924859,15.811388,12.083046,7.81025,9.055385,13.152946,9.848858,10.77033,11.7047,12.369317,12.369317,11.18034,10.198039,8.246211,6.324555,6.403124,5.656854,6.708204,7.615773,9.486833,9.486833,9.486833,9.848858,9.848858,8.544004,8.246211,7.0,6.708204,8.485281,12.206556,16.643317,20.808652,15.811388,15.811388,15.231546,14.317821,13.038405,12.206556,10.630146,9.219544,7.81025,6.708204,6.082763,6.082763,6.708204,7.81025,9.219544,12.206556,14.422205,17.492856,19.416488,20.808652,22.203603,22.022716,21.931712,20.518285,17.804494,13.601471,8.485281,5.656854,3.605551,1.0,3.162278,5.09902,8.246211,9.219544,10.440307,11.7047,11.18034,10.29563,10.0,8.602325,7.81025,5.656854,4.242641,2.236068,1.0,3.162278,5.385165,8.246211,10.440307,12.369317,14.56022,15.524175,17.464249,16.155494,13.0,11.18034,9.219544,8.602325,8.944272,10.440307,12.369317,13.601471,14.866069,17.088007,17.888544,19.416488,19.849433,19.79899,19.104973,17.204651,14.422205,12.206556,9.219544,7.615773,7.28011,9.433981,12.806248,15.0,8.602325,7.071068,6.403124,5.09902,7.071068,8.944272,11.661904,13.038405,14.764823,15.652476,15.652476,14.866069,14.866069,13.601471,12.369317,11.18034,10.440307,10.440307,10.77033,11.18034,11.661904,14.422205,15.264338,18.027756,18.867962,19.235384
hoyeon_stand_normal_01,1671,557,55.703043715847,29.998360745314464,10,0.5324162244796753,0.6607304215431213,-0.0685009509325027,0.9991368651390076,0.5356189608573914,0.6731541752815247,-0.0600529946386814,0.9984190464019777,0.5363656282424927,0.6736908555030823,-0.060059618204832,0.9981210231781006,0.5372409224510193,0.6744100451469421,-0.0600313208997249,0.9984597563743592,0.5362854599952698,0.6734488606452942,-0.0842390283942222,0.9986437559127808,0.5374179482460022,0.6740664839744568,-0.0842640548944473,0.9986366629600524,0.5387313961982727,0.6748296618461609,-0.0843298062682151,0.998798370361328,0.5462585687637329,0.6725863218307495,-0.0093497661873698,0.996228814125061,0.5472202301025391,0.6721811890602112,-0.1186679899692535,0.9985346794128418,0.535828173160553,0.6482906341552734,-0.046362929046154,0.9989070892333984,0.5369440317153931,0.6484307050704956,-0.0780242681503295,0.9991850852966307,0.556575357913971,0.6017786264419556,0.0700216814875602,0.9992745518684388,0.5592311024665833,0.6078596115112305,-0.1703037768602371,0.9999471306800842,0.5556767582893372,0.497305303812027,0.093554213643074,0.1286518424749374,0.5558798313140869,0.5041802525520325,-0.2028440535068512,0.9878645539283752,0.5584558248519897,0.4206840097904205,0.0441609472036361,0.3238321542739868,0.5422581434249878,0.41522017121315,-0.2031004875898361,0.9751145243644714,0.5614001154899597,0.3949557244777679,0.0394625402987003,0.3047899305820465,0.5429186224937439,0.3870731294155121,-0.2271600216627121,0.9557762742042542,0.5554805994033813,0.3905780613422394,0.0212959609925746,0.3112722933292389,0.5392281413078308,0.3855555355548858,-0.2261925786733627,0.952835738658905,0.5549994707107544,0.3999062478542328,0.0340247601270675,0.2892078161239624,0.5383050441741943,0.3943302035331726,-0.2018050551414489,0.9278246760368348,0.5522758960723877,0.4188077747821808,0.0714573860168457,0.9974098801612854,0.5536929368972778,0.4234205782413482,-0.0715376138687133,0.9977202415466307,0.5487314462661743,0.2783893644809723,0.0749494135379791,0.2729198932647705,0.5537512898445129,0.2791661918163299,-0.0589710213243961,0.7929703593254089,0.5466648936271667,0.1364450752735138,0.1223155036568641,0.3662298023700714,0.5497172474861145,0.1314906328916549,-0.0104970466345548,0.8281075358390808,0.5512306690216064,0.113299623131752,0.122393861413002,0.5030617117881775,0.5561177730560303,0.1065512001514434,-0.0098206819966435,0.7873896360397339,0.5253021121025085,0.1110705286264419,0.0701478198170661,0.5595996379852295,0.5275704264640808,0.1029150485992431,-0.0777096524834632,0.8546578288078308,hoyeon_stand_normal_01,26.248809,26.400758,24.186773,21.633308,17.804494,12.806248,9.433981,6.082763,5.385165,7.81025,10.29563,12.529964,14.764823,17.0,19.723083,21.633308,23.600847,24.839485,23.345235,21.931712,20.518285,16.278821,11.401754,9.219544,10.77033,15.264338,10.0,11.401754,13.453624,13.453624,13.453624,12.041595,10.630146,9.219544,7.81025,6.708204,7.071068,8.0,9.055385,9.055385,10.049876,11.045361,11.045361,11.045361,10.0,8.246211,6.708204,7.211103,9.219544,13.152946,18.11077,22.203603,15.811388,14.866069,14.317821,13.416408,12.529964,10.816654,9.219544,8.485281,7.211103,5.385165,5.09902,5.385165,5.656854,7.211103,8.944272,12.083046,13.928388,16.552945,18.788294,21.023796,21.470911,21.095023,20.248457,19.209373,16.278821,12.727922,7.071068,4.242641,2.828427,1.414214,3.162278,7.071068,9.219544,10.440307,11.7047,12.083046,12.083046,11.661904,10.816654,10.0,7.81025,6.403124,5.0,2.236068,1.414214,3.0,6.082763,8.062258,10.198039,12.369317,14.317821,15.524175,17.194795499999998,15.495292,13.435029,11.8415125,9.619951,9.219544,10.340011,11.330952,12.946222,14.632169,16.1023255,17.778166,19.1190395,20.116979,20.665512,19.7262915,19.496287,17.3929975,15.184082,12.603278,8.988992499999998,7.1410855,7.905125,10.5352265,13.7649295,16.1821665,8.7328775,7.245606499999999,5.377937,5.2420925,7.6055515,9.2675785,12.27735,14.3671085,15.495292,16.698031999999998,16.2928675,16.0,15.016648,13.81857,13.038405,11.9137145,11.168612499999998,10.5226805,10.8377535,11.7396165,12.6916295,14.006922,16.056461,17.2468175,18.9277885,18.81008
hoyeon_stand_normal_01,1674,558,55.80304918032787,29.998360745314464,10,0.5324199795722961,0.6606971025466919,-0.0663429796695709,0.9991265535354614,0.5356184840202332,0.6730881333351135,-0.0579928755760192,0.9983943700790404,0.5363643169403076,0.6736304759979248,-0.0579999610781669,0.9980923533439636,0.5372384190559387,0.6743583679199219,-0.0579724982380867,0.9984382390975952,0.5362853407859802,0.6733936071395874,-0.082073800265789,0.9986245036125184,0.5374180674552917,0.6740184426307678,-0.082097515463829,0.9986187219619752,0.5387314558029175,0.6747878193855286,-0.0821636691689491,0.9987833499908448,0.5462485551834106,0.6725788712501526,-0.0081037757918238,0.9961698055267334,0.5472181439399719,0.6721748113632202,-0.1169908195734024,0.9985109567642212,0.5358326435089111,0.6482800245285034,-0.0445297136902809,0.9988899230957032,0.5369501709938049,0.6484250426292419,-0.0760667622089386,0.9991732239723206,0.5565740466117859,0.6017667055130005,0.0706753805279731,0.999267041683197,0.5592315196990967,0.607854962348938,-0.1687211990356445,0.9999470114707948,0.5556714534759521,0.4972355663776397,0.0944839268922805,0.1274779736995697,0.555865466594696,0.5041751861572266,-0.2017175555229187,0.9878469109535216,0.558455228805542,0.4205990433692932,0.0465882048010826,0.3209015727043152,0.5422341823577881,0.4152007400989532,-0.2029158622026443,0.9750136733055116,0.5613977909088135,0.3949333727359772,0.0422229133546352,0.302354097366333,0.5429073572158813,0.38705575466156,-0.2269627302885055,0.9556362628936768,0.5554720759391785,0.3905468583106994,0.0241809301078319,0.3087928593158722,0.5392065048217773,0.3855450749397278,-0.2259479910135269,0.952681303024292,0.5549681782722473,0.3998341262340545,0.0365680232644081,0.2870180606842041,0.5382720232009888,0.3943165242671966,-0.2017184644937515,0.9275470972061156,0.5523039698600769,0.4187708795070648,0.0714258104562759,0.9974165558815002,0.5535392761230469,0.4234190285205841,-0.0715069994330406,0.9977222681045532,0.5487452745437622,0.2783856689929962,0.0730795934796333,0.2716686427593231,0.5537260174751282,0.2791619598865509,-0.0593294464051723,0.794604480266571,0.5467760562896729,0.1363824009895324,0.1177922636270523,0.3662314713001251,0.5497168898582458,0.131487637758255,-0.0128202987834811,0.8295827507972717,0.5512483716011047,0.1133020892739296,0.1176243126392364,0.5037040114402771,0.5560376644134521,0.1066033765673637,-0.0123230116441845,0.7892640829086304,0.5252075791358948,0.1113511696457862,0.0660042315721511,0.5600467324256897,0.5274905562400818,0.103210836648941,-0.079096183180809,0.8558749556541443,hoyeon_stand_normal_01,6.403124,6.324555,8.062258,10.440307,12.649111,13.928388,14.866069,14.56022,13.601471,13.341664,12.369317,10.440307,9.486833,7.615773,6.403124,5.0,6.0,8.544004,11.18034,15.264338,18.867962,21.954498,24.166092,25.298221,25.96151,23.345235,8.246211,7.28011,8.062258,7.0,7.28011,8.544004,8.944272,8.944272,9.433981,8.944272,8.062258,7.211103,5.830952,5.0,3.605551,4.123106,5.09902,6.324555,7.615773,10.29563,12.529964,13.416408,15.231546,14.866069,13.601471,10.77033,11.045361,11.401754,11.18034,12.206556,12.041595,12.727922,13.601471,14.422205,15.264338,16.124515,17.0,17.0,17.492856,17.492856,18.027756,15.811388,15.811388,13.038405,10.29563,8.246211,7.071068,7.81025,10.816654,15.264338,18.027756,20.808652,13.416408,15.264338,17.204651,17.691806,17.691806,16.643317,14.317821,11.7047,8.246211,5.09902,1.0,2.236068,5.385165,7.615773,9.848858,12.529964,13.038405,15.0,15.620499,16.278821,16.278821,15.556349,14.866069,13.601471,12.529964,11.7047,13.341664,14.142136,16.124515,16.278821,16.278821,15.297059,14.56022,13.601471,10.77033,8.944272,7.615773,6.324555,5.0,4.472136,5.656854,8.062258,11.18034,14.317821,16.552945,19.235384,20.59126,21.095023,20.808652,20.0,17.804494,14.21267,11.18034,13.038405,14.422205,15.811388,15.620499,15.0,13.601471,11.401754,10.0,8.062258,6.324555,5.0,5.09902,5.830952,7.211103,7.211103,8.602325,8.602325,10.0,10.0,10.816654,10.0,9.899495,10.630146,10.816654,11.18034
hoyeon_stand_normal_01,1677,559,55.90305464480874,29.998360745314464,10,0.5324232578277588,0.6606889963150024,-0.0663431361317634,0.9991169571876526,0.5356203317642212,0.6730782389640808,-0.0579883642494678,0.9983738660812378,0.5363642573356628,0.6736196279525757,-0.0579953677952289,0.9980702996253968,0.5372346043586731,0.674346387386322,-0.0579677671194076,0.99841970205307,0.5362898111343384,0.6733829975128174,-0.0820705220103263,0.9986070394515992,0.5374256372451782,0.674006462097168,-0.0820942819118499,0.99860280752182,0.5387416481971741,0.6747743487358093,-0.082160472869873,0.9987687468528748,0.5462218523025513,0.6725677847862244,-0.0080401059240102,0.9961177110671996,0.5472166538238525,0.6721622347831726,-0.116939477622509,0.9984920024871826,0.5358240008354187,0.6482871770858765,-0.0445203930139541,0.9988746643066406,0.5369518399238586,0.6484187841415405,-0.07605841755867,0.999162495136261,0.5565744042396545,0.6017606258392334,0.0713096782565116,0.9992611408233644,0.5592148303985596,0.6078619360923767,-0.1687464118003845,0.999947190284729,0.5556729435920715,0.4972018301486969,0.0955174043774604,0.1258649379014969,0.5558628439903259,0.5041791200637817,-0.2018455862998962,0.9878457188606262,0.5584506392478943,0.420525312423706,0.0476769134402275,0.3178253173828125,0.5422322154045105,0.4151864051818847,-0.2029642462730407,0.974910855293274,0.5613940358161926,0.3948327600955963,0.0434110835194587,0.3000560700893402,0.5429049134254456,0.3870365619659424,-0.2270264625549316,0.9554948806762696,0.5554196238517761,0.3904704749584198,0.0252383276820182,0.3064425885677337,0.5392003655433655,0.38551926612854,-0.2260067164897918,0.9525159597396852,0.5548884868621826,0.3997386991977691,0.0375888720154762,0.2849429547786712,0.5382595658302307,0.3942939639091491,-0.2017222791910171,0.9272728562355042,0.5524366497993469,0.4187402129173279,0.0716715157032013,0.997441291809082,0.5534505248069763,0.4234175384044647,-0.0717530697584152,0.9977391362190248,0.5487984418869019,0.2783847451210022,0.0732829645276069,0.2702334523200989,0.5536264181137085,0.2791606485843658,-0.0594127215445041,0.797360360622406,0.5469036102294922,0.1363879591226577,0.1185098215937614,0.3673253357410431,0.5497010946273804,0.1314990520477295,-0.0129058677703142,0.8323754668235779,0.5508311986923218,0.1102821454405784,0.1183849200606346,0.5055431127548218,0.5559384822845459,0.1066876947879791,-0.0124146686866879,0.7923465967178345,0.5251204371452332,0.1118009909987449,0.0666488707065582,0.5619096159934998,0.5273072123527527,0.1036183312535286,-0.0793529823422432,0.8581588268280029,hoyeon_stand_normal_01,14.8758585,13.427374,13.8926705,15.0346755,14.177403,13.3773305,12.5897505,11.1081315,10.750761,11.217172,11.031129,11.6670175,11.5642035,11.9921835,11.4163595,11.574855,12.7496255,14.1231055,16.6329205,17.692388,19.220737,20.04219,19.7732865,18.7177605,19.38857,20.740665,9.219544,9.192388,9.6162355,9.787209,10.4442935,10.0990195,10.1324525,9.4278055,8.724242499999999,8.854102000000001,8.0413815,8.0,7.0,7.0725105,6.7637605,7.0,7.04951,8.5,9.0,10.0547365,10.2092305,11.014693,12.640055,14.0373735,15.581983,15.6433465,10.440307,11.18034,11.0,11.18034,12.369317,12.649111,13.416408,13.892444,14.422205,15.0,15.0,15.811388,15.811388,16.643317,16.643317,15.264338,14.764823,12.529964,10.816654,8.485281,6.324555,8.246211,11.18034,15.264338,18.35756,21.023796,14.142136,15.620499,17.492856,18.788294,18.027756,17.464249,15.132746,12.0,9.055385,5.09902,2.0,1.414214,4.242641,7.071068,9.219544,11.401754,13.038405,14.317821,15.231546,16.155494,15.811388,14.866069,13.928388,12.083046,11.401754,9.899495,17.464249,16.155494,13.928388,11.661904,9.219544,9.219544,9.848858,10.440307,12.369317,14.56022,15.811388,17.464249,19.235384,19.416488,20.0,20.518285,19.849433,18.439089,16.401219,12.806248,9.219544,6.324555,7.28011,10.0,12.041595,14.866069,9.219544,8.485281,6.708204,6.082763,7.28011,9.848858,11.661904,13.892444,15.264338,16.552945,16.552945,15.811388,15.524175,14.56022,13.341664,12.369317,11.401754,11.401754,10.77033,11.18034,12.529964,13.892444,16.643317,17.492856,18.35756,19.235384
hoyeon_stand_normal_01,1680,560,56.00306010928961,29.998360745314464,10,0.5324105620384216,0.6606808304786682,-0.0666080862283706,0.9991117715835572,0.5355913043022156,0.6730722784996033,-0.0582693852484226,0.9983632564544678,0.5363253951072693,0.6736131906509399,-0.0582756288349628,0.9980584383010864,0.5371819734573364,0.6743391752243042,-0.0582479052245616,0.9984092116355896,0.5362804532051086,0.6733750104904175,-0.082334354519844,0.9985995888710022,0.5374196767807007,0.6739962697029114,-0.0823587402701377,0.9985961318016052,0.5387380719184875,0.6747624278068542,-0.0824251472949981,0.9987630844116212,0.546132504940033,0.6725620627403259,-0.0082600880414247,0.996089518070221,0.5471850037574768,0.6721500754356384,-0.1170586124062538,0.9984863996505736,0.5357964634895325,0.6482839584350586,-0.0447591133415699,0.9988654255867004,0.5369378328323364,0.6484102606773376,-0.0762675553560257,0.999157965183258,0.5564576983451843,0.6017564535140991,0.0711873471736908,0.9992533922195436,0.5591922998428345,0.6078583002090454,-0.168780043721199,0.9999472498893738,0.5556148886680603,0.4971967339515686,0.0954420194029808,0.1245405152440071,0.5558599233627319,0.5041511654853821,-0.2018141597509384,0.9877909421920776,0.5578444004058838,0.4204736351966858,0.0475576370954513,0.3143262267112732,0.5422297716140747,0.4151784777641296,-0.2006003260612487,0.9746732115745544,0.5606536269187927,0.394689679145813,0.043178241699934,0.2972837090492248,0.5429049730300903,0.3870338797569275,-0.2238436192274093,0.9551506638526917,0.5543860197067261,0.3902702331542969,0.025051986798644,0.3036631047725677,0.5391992926597595,0.3855117559432983,-0.2232598215341568,0.9521475434303284,0.5538190603256226,0.3995961546897888,0.0374623909592628,0.2825789749622345,0.5382554531097412,0.3942866921424866,-0.1994019001722335,0.92677503824234,0.5524230599403381,0.4189349412918091,0.0716296806931495,0.9974352121353148,0.553447961807251,0.4236009418964386,-0.071710892021656,0.9977365732192992,0.5487889051437378,0.2785118818283081,0.0730367377400398,0.2686181664466858,0.5536097884178162,0.2792091965675354,-0.0600724816322326,0.7980585098266602,0.5469051003456116,0.1364551335573196,0.1169438585639,0.3668404519557953,0.5497169494628906,0.1315815895795822,-0.0147796962410211,0.8332189917564392,0.5503898859024048,0.1090202257037162,0.1166557073593139,0.5053613781929016,0.5557255148887634,0.1040991321206092,-0.0144081553444266,0.7934936881065369,0.5250064134597778,0.1127079650759697,0.0649394914507865,0.5617762804031372,0.5273061394691467,0.1039788872003555,-0.0815176591277122,0.8588213324546814,hoyeon_stand_normal_01,8.602325,9.0,11.7047,14.764823,17.0,19.235384,20.59126,20.124612,19.235384,17.888544,16.552945,14.764823,12.529964,10.816654,9.219544,6.708204,7.071068,9.433981,13.453624,18.439089,23.430749,27.586228,31.144823,33.42155,32.449961,30.016662,8.544004,8.246211,9.0,9.055385,9.219544,10.77033,10.77033,11.18034,11.18034,10.29563,9.433981,8.062258,6.403124,5.0,5.09902,5.09902,6.708204,9.433981,12.206556,15.0,17.204651,18.867962,19.723083,19.235384,17.888544,14.764823,10.29563,11.401754,12.041595,12.206556,12.529964,13.0,14.56022,14.317821,15.132746,16.124515,16.124515,17.117243,17.117243,18.248288,17.262677,16.492423,15.297059,13.341664,11.18034,8.062258,6.708204,8.062258,11.401754,15.297059,18.439089,20.880613,12.041595,14.317821,15.811388,16.552945,16.643317,15.620499,13.453624,10.816654,6.708204,4.123106,1.0,2.236068,5.09902,7.071068,10.0,12.041595,13.152946,14.56022,14.866069,15.231546,15.231546,14.866069,13.601471,12.369317,11.045361,11.045361,17.804494,16.401219,13.601471,11.661904,10.440307,10.049876,10.049876,12.369317,13.341664,14.56022,16.492423,18.248288,20.099751,21.0,21.213203,20.396078,20.880613,17.720045,16.155494,12.649111,9.055385,6.324555,7.211103,10.440307,13.341664,16.278821,8.062258,6.708204,6.0,6.324555,7.81025,10.0,12.806248,14.422205,16.401219,17.804494,17.029386,16.970563,16.278821,14.866069,14.21267,12.206556,12.041595,11.313708,12.041595,12.206556,13.892444,15.264338,16.124515,18.35756,19.723083,18.867962
hoyeon_stand_normal_01,1683,561,56.10306557377049,29.998360745314464,10,0.5323769450187683,0.6607493758201599,-0.0683460757136344,0.999110460281372,0.5355309844017029,0.6731071472167969,-0.0599881336092948,0.9983597993850708,0.5362384915351868,0.6736557483673096,-0.0599928684532642,0.998055636882782,0.5370633602142334,0.6743947267532349,-0.059964083135128,0.9984050393104552,0.5362691283226013,0.6733985543251038,-0.0840171426534652,0.9985977411270142,0.537416398525238,0.6740218997001648,-0.0840429961681366,0.9985952973365784,0.5387391448020935,0.6747997999191284,-0.0841094180941581,0.998761773109436,0.5459765791893005,0.672573447227478,-0.0095493886619806,0.996078073978424,0.5471678376197815,0.672165036201477,-0.1181408613920211,0.9984890818595886,0.5356906652450562,0.6483906507492065,-0.0463231652975082,0.998863399028778,0.5368843078613281,0.6484756469726562,-0.0777678713202476,0.9991581439971924,0.5563300251960754,0.6017497181892395,0.0706772282719612,0.9992504119873048,0.5591589212417603,0.6078589558601379,-0.1698500663042068,0.9999477863311768,0.555551290512085,0.4971828460693359,0.095353677868843,0.1230280324816703,0.5558450818061829,0.5041427612304688,-0.2021749317646026,0.987782895565033,0.5573251247406006,0.4203260540962219,0.0474778860807418,0.3106872737407684,0.5422189235687256,0.4151561558246612,-0.2006865888833999,0.9745231866836548,0.5600944757461548,0.3944579660892486,0.0429672524333,0.294490247964859,0.5428925156593323,0.386999249458313,-0.2239692211151123,0.9549391269683838,0.5535857677459717,0.3900196850299835,0.0249067954719066,0.3008526265621185,0.5391708612442017,0.3854601383209228,-0.2234503328800201,0.9519186615943908,0.5529729127883911,0.3993855118751526,0.0374250970780849,0.2802026569843292,0.538213849067688,0.394242525100708,-0.1995067000389099,0.926469385623932,0.5524157285690308,0.4190625548362732,0.0717711523175239,0.9974514842033386,0.553447425365448,0.4237022399902344,-0.0718511417508125,0.9977524876594543,0.5487871170043945,0.2785380184650421,0.0733870342373848,0.2671081125736236,0.5536364912986755,0.2792236804962158,-0.0601285509765148,0.8000518083572388,0.5468997955322266,0.1365613937377929,0.1178109869360923,0.3671526908874511,0.5497523546218872,0.1316993087530136,-0.0147554175928235,0.8350551128387451,0.5505034327507019,0.1110424920916557,0.1175686344504356,0.5063189268112183,0.555688202381134,0.1028362214565277,-0.0143699161708354,0.795552134513855,0.5246905088424683,0.1133797094225883,0.0657037496566772,0.562860906124115,0.5272367596626282,0.1042039170861244,-0.0815237015485763,0.8603370189666748,hoyeon_stand_normal_01,6.403124,6.082763,9.219544,11.7047,14.866069,15.811388,16.763055,16.763055,16.492423,15.524175,14.56022,12.649111,11.401754,9.848858,7.211103,5.0,5.0,6.708204,10.630146,14.866069,19.104973,23.345235,26.172505,28.425341,28.017851,26.41969,7.211103,7.071068,7.81025,8.062258,8.544004,9.486833,10.198039,10.198039,9.219544,9.055385,8.062258,7.0,5.0,3.162278,3.605551,4.123106,5.0,8.246211,10.198039,12.369317,14.317821,16.278821,17.117243,16.03122,15.033296,12.041595,10.816654,11.7047,12.165525,12.041595,13.038405,13.152946,14.317821,14.866069,15.231546,16.155494,16.155494,17.464249,17.464249,18.027756,17.088007,17.088007,15.811388,13.601471,11.7047,8.602325,7.211103,8.0,11.401754,14.866069,18.027756,20.615528,12.529964,15.231546,16.763055,17.262677,17.029386,16.03122,13.341664,10.440307,6.708204,3.605551,1.0,2.236068,5.0,7.211103,10.29563,12.083046,13.928388,14.56022,15.524175,15.297059,15.297059,15.297059,14.317821,13.601471,12.083046,10.816654,14.317821,15.811388,16.763055,16.763055,16.763055,15.524175,15.297059,13.152946,12.041595,10.049876,9.055385,7.28011,5.385165,5.656854,6.324555,9.219544,11.045361,14.035669,17.029386,19.026298,20.099751,21.213203,20.396078,19.416488,16.763055,14.56022,10.049876,12.041595,14.035669,14.0,14.035669,14.035669,13.038405,11.045361,9.0,7.071068,6.324555,5.830952,6.403124,6.708204,7.615773,8.544004,8.544004,9.486833,9.848858,10.77033,10.77033,10.77033,10.440307,11.18034,11.045361,12.041595
hoyeon_stand_normal_01,1686,562,56.203071038251366,29.998360745314464,10,0.5323127508163452,0.6609017252922058,-0.0696450993418693,0.9991174936294556,0.5354350805282593,0.6732127070426941,-0.0613239258527755,0.9983739852905272,0.5360984206199646,0.6737680435180664,-0.0613273717463016,0.9980719685554504,0.5368756055831909,0.6745145916938782,-0.0612991452217102,0.9984174370765686,0.5362467169761658,0.67347651720047,-0.0852579772472381,0.998610258102417,0.5374075770378113,0.6740894913673401,-0.0852843970060348,0.9986079931259156,0.5387395024299622,0.674864649772644,-0.0853498131036758,0.998773455619812,0.5457615256309509,0.6725859642028809,-0.0107921278104186,0.9961139559745787,0.5471457242965698,0.6721673011779785,-0.118955485522747,0.9985076189041138,0.5354673266410828,0.648566722869873,-0.0475851148366928,0.9988731741905212,0.5367622375488281,0.6485997438430786,-0.0789051428437233,0.9991666078567504,0.5560340285301208,0.601743221282959,0.0695640668272972,0.9992527961730956,0.5591370463371277,0.6078649163246155,-0.1702935099601745,0.9999483823776244,0.5553746819496155,0.4971775710582733,0.0951154977083206,0.122596226632595,0.5558418035507202,0.5042003989219666,-0.2020841538906097,0.987786054611206,0.556743860244751,0.4202598333358764,0.0473487563431263,0.3090784549713135,0.5422192811965942,0.4151517748832702,-0.2003366202116012,0.9744073748588562,0.5594769716262817,0.3942820429801941,0.0428144596517086,0.2932334244251251,0.5428948998451233,0.3869918882846832,-0.223400205373764,0.9547430872917176,0.5527946352958679,0.3898108899593353,0.0247298534959554,0.2996165156364441,0.539169430732727,0.3854300379753113,-0.2230618447065353,0.9517149329185486,0.5521595478057861,0.3992366790771484,0.0372784323990345,0.2792491614818573,0.538204550743103,0.3942283987998962,-0.1991939395666122,0.9262341856956482,0.5522451400756836,0.4195635318756103,0.0717495009303093,0.997464120388031,0.553453266620636,0.4241056442260742,-0.0718294382095336,0.9977652430534364,0.548777163028717,0.2788636088371277,0.0733098089694976,0.2654476165771484,0.5536394715309143,0.2794561088085174,-0.0602537728846073,0.800219714641571,0.5468934178352356,0.1367507874965667,0.1176604926586151,0.3660204112529754,0.5497527718544006,0.1319825053215026,-0.0147909773513674,0.8350760340690613,0.5505053997039795,0.1126440539956092,0.1173994168639183,0.505539059638977,0.5555439591407776,0.1028023958206176,-0.0143815884366631,0.7958058714866638,0.5246058106422424,0.1138536408543586,0.0654298961162567,0.5618270635604858,0.5272365212440491,0.1044408902525901,-0.0815420448780059,0.8603324890136719,hoyeon_stand_normal_01,24.33105,24.083189,23.0,20.099751,17.262677,13.152946,9.055385,6.0,5.0,5.385165,7.0,10.049876,12.165525,14.142136,16.124515,19.026298,20.024984,21.023796,21.095023,20.223748,17.464249,14.317821,10.049876,6.324555,6.708204,11.045361,10.29563,10.29563,10.816654,10.816654,10.29563,9.433981,7.615773,7.28011,7.0,7.28011,8.544004,8.944272,10.29563,10.29563,11.18034,11.18034,10.77033,9.848858,8.944272,7.211103,6.403124,6.082763,9.219544,13.0,17.088007,20.248457,15.620499,15.556349,14.866069,14.21267,13.038405,12.529964,10.77033,9.486833,8.062258,7.0,6.324555,5.830952,6.403124,7.615773,10.198039,12.041595,15.0,17.0,19.0,21.023796,22.090722,22.203603,22.36068,19.646883,17.088007,13.928388,7.81025,5.656854,3.605551,1.0,3.0,5.09902,8.062258,9.0,11.0,11.045361,11.18034,11.401754,9.486833,8.544004,6.324555,5.385165,3.162278,2.0,1.0,3.605551,6.403124,8.602325,11.401754,12.806248,15.0,15.620499,13.928388,15.231546,16.552945,17.464249,16.155494,16.155494,14.866069,13.601471,12.369317,10.198039,8.246211,6.324555,5.830952,5.0,6.082763,9.0,12.041595,14.142136,17.117243,19.104973,21.023796,21.023796,21.023796,20.024984,17.117243,14.142136,11.18034,12.041595,14.035669,14.0,15.0,14.035669,13.038405,11.0,9.0,8.062258,6.324555,5.0,5.830952,6.708204,6.324555,8.246211,9.219544,9.486833,10.198039,10.440307,11.401754,10.440307,10.198039,11.045361,11.0,11.18034
hoyeon_stand_normal_01,1689,563,56.30307650273224,29.998360745314464,10,0.5321745276451111,0.6609501838684082,-0.0699845850467681,0.999114751815796,0.5352219939231873,0.6732442378997803,-0.0616951249539852,0.9983685612678528,0.5358412861824036,0.6738038063049316,-0.0616980120539665,0.9980656504631042,0.5365757346153259,0.6745538115501404,-0.0616699084639549,0.9984114766120912,0.5361335873603821,0.6734970211982727,-0.0855550691485405,0.9986072182655334,0.5373173952102661,0.6741064190864563,-0.0855810865759849,0.9986063241958618,0.5386744141578674,0.6748795509338379,-0.0856463015079498,0.9987716674804688,0.5454575419425964,0.6725841760635376,-0.0111747914925217,0.9961010813713074,0.5470459461212158,0.6721647381782532,-0.1190401688218116,0.9985076189041138,0.5351917743682861,0.6486595869064331,-0.0479296073317527,0.9988717436790466,0.5365629196166992,0.6486583948135376,-0.0791589170694351,0.9991665482521056,0.5558116436004639,0.6017406582832336,0.0692720860242843,0.9992480278015136,0.5591052770614624,0.6079308390617371,-0.1702810972929,0.9999489188194276,0.5552327632904053,0.4972455203533172,0.0951472073793411,0.1214894875884056,0.5558525919914246,0.5045183897018433,-0.2021427750587463,0.9877920746803284,0.5562164783477783,0.4202543795108795,0.0484605282545089,0.3060238361358642,0.5422837138175964,0.4151667058467865,-0.2012261897325515,0.9743596315383912,0.5588982105255127,0.394204705953598,0.04429791867733,0.2908163070678711,0.5429601669311523,0.3869892060756683,-0.2244452834129333,0.9546650648117064,0.5521277189254761,0.3896948397159576,0.025988332927227,0.2972029149532318,0.5391908884048462,0.3854168951511383,-0.2240981608629226,0.9516264200210572,0.5515239834785461,0.399177074432373,0.0383361466228961,0.277238130569458,0.5382176041603088,0.3942244350910187,-0.2001197934150695,0.9260908961296082,0.5520737767219543,0.4203741252422333,0.0717434510588646,0.9974677562713624,0.5534466505050659,0.4247851073741913,-0.0718229785561561,0.9977698922157288,0.5487744212150574,0.2793141305446625,0.0729826018214225,0.26380455493927,0.5537964701652527,0.2797548472881317,-0.0608714558184146,0.8015365600585938,0.546913743019104,0.1368259489536285,0.1163448318839073,0.3656347692012787,0.5499830842018127,0.1321834921836853,-0.0161709077656269,0.8362687230110168,0.5502857565879822,0.1103167906403541,0.1159658581018447,0.5056400299072266,0.5560382604598999,0.1051418706774711,-0.0158264860510826,0.79730623960495,0.5245998501777649,0.113903634250164,0.063718244433403,0.561713457107544,0.527256190776825,0.1045568734407424,-0.0833514705300331,0.8612295389175415,hoyeon_stand_normal_01,23.021729,23.194827,20.615528,18.681542,14.866069,11.7047,8.246211,5.0,4.242641,6.082763,8.0,10.0,13.0,15.0,17.0,19.026298,21.095023,21.213203,21.377558,19.646883,17.720045,14.56022,10.198039,7.28011,7.211103,11.401754,9.433981,10.29563,10.29563,10.29563,8.944272,8.062258,6.403124,6.403124,5.385165,6.082763,7.0,8.0,9.055385,9.055385,9.055385,10.0,9.0,9.0,7.0,5.09902,3.605551,5.09902,8.062258,12.369317,16.278821,19.104973,16.6394105,16.6394105,15.715943500000002,15.0,13.9070705,12.628943,11.247024,9.7434165,8.154234500000001,7.3078865,6.0413815,5.2420925,5.743903,7.259227,8.5952415,10.9078455,13.78011,16.3815275,18.486833,20.1367205,21.317841,21.5724575,20.9334945,18.774752,17.146329,13.435016,6.5210275,4.3573885,2.9953525,3.3027755,5.6925825,8.272002,10.2450915,11.18034,11.2235575,11.35235,10.385165,8.9998285,8.503264999999999,6.3954835,4.736068,3.0811390000000003,1.7071070000000002,2.5,4.297621,7.245606499999999,9.353188500000002,11.553227,13.7649295,15.4260225,15.8879965,15.949660000000002,13.416408,15.264338,16.124515,16.124515,16.124515,15.652476,14.317821,13.0,11.7047,9.486833,7.615773,5.830952,5.0,5.09902,7.0,9.219544,12.369317,14.56022,17.720045,19.646883,21.587033,22.36068,22.203603,20.099751,18.027756,15.033296,11.18034,12.041595,14.035669,15.0,15.033296,14.0,13.038405,11.0,10.0,8.062258,6.324555,5.0,5.0,5.830952,6.324555,7.071068,8.246211,9.219544,9.219544,9.219544,10.198039,10.198039,10.049876,10.0,11.045361,10.440307
hoyeon_stand_normal_01,1692,564,56.40308196721311,29.998360745314464,10,0.5320220589637756,0.6609546542167664,-0.0699144676327705,0.9991095066070556,0.5350070595741272,0.6732455492019653,-0.0616197027266025,0.9983577728271484,0.5356101393699646,0.6738057732582092,-0.0616234503686428,0.9980544447898864,0.5363304018974304,0.6745566129684448,-0.061595682054758,0.9984011650085448,0.5359677672386169,0.673498809337616,-0.0855104476213455,0.9985995888710022,0.5371606349945068,0.6741095185279846,-0.0855365172028541,0.9986007809638976,0.5385247468948364,0.6748844981193542,-0.0856017395853996,0.9987655878067015,0.5452085137367249,0.6725800037384033,-0.0111468937247991,0.99607253074646,0.5468734502792358,0.6721607446670532,-0.1189056485891342,0.9985007047653198,0.5349827408790588,0.6486753821372986,-0.047876838594675,0.9988637566566468,0.5363698601722717,0.6486673951148987,-0.079144187271595,0.9991614818572998,0.5556781888008118,0.6017428636550903,0.069657102227211,0.9992395639419556,0.5590494871139526,0.608066201210022,-0.1702385395765304,0.9999493956565856,0.5551416277885437,0.497314453125,0.0961709097027778,0.1202524751424789,0.5558683276176453,0.5049769878387451,-0.2022572159767151,0.9878469109535216,0.5560359358787537,0.4202154576778412,0.0505586862564086,0.302993893623352,0.5423544645309448,0.4151814579963684,-0.2025127708911895,0.9744452834129332,0.5586710572242737,0.3941119015216827,0.0469426065683364,0.2884670794010162,0.5430361032485962,0.3869868516921997,-0.2260394692420959,0.9548088908195496,0.5519265532493591,0.3895519375801086,0.0283576343208551,0.2948170006275177,0.5392174124717712,0.3853923380374908,-0.2254232764244079,0.9517694115638732,0.5513256788253784,0.3990825712680816,0.0403710603713989,0.275239884853363,0.5382391810417175,0.3942198753356933,-0.2013495862483978,0.9262359738349916,0.5520741939544678,0.4207053482532501,0.0719233900308609,0.997463881969452,0.5534507632255554,0.4250787794589996,-0.0720029100775718,0.9977704286575316,0.5487445592880249,0.2793802917003631,0.072829857468605,0.2625520825386047,0.5537958741188049,0.2797562777996063,-0.0621641390025615,0.8038269877433777,0.5469149947166443,0.1368314772844314,0.1155182644724845,0.3658600747585296,0.5500932335853577,0.1321854442358017,-0.0186640284955501,0.8382882475852966,0.5505229234695435,0.1114931404590606,0.1150605678558349,0.5062216520309448,0.5563436150550842,0.1060001850128173,-0.0184707324951887,0.7995755076408386,0.524566650390625,0.1140268817543983,0.0628846660256385,0.5622221231460571,0.5272579789161682,0.1046079844236373,-0.0862578153610229,0.8627694249153137,hoyeon_stand_normal_01,25.317978,25.019992,23.0,21.095023,17.117243,13.152946,9.0,5.09902,3.605551,6.0,8.246211,11.401754,13.601471,15.811388,18.973666,20.880613,22.561028,23.345235,23.194827,22.090722,19.026298,16.03122,11.18034,7.211103,7.28011,12.041595,11.18034,12.083046,11.7047,10.77033,9.848858,8.944272,7.211103,6.403124,6.324555,7.0,8.062258,9.055385,10.198039,10.049876,11.045361,11.045361,10.049876,9.0,8.0,6.082763,3.605551,5.0,8.544004,13.0,17.088007,20.880613,16.401219,15.811388,15.264338,14.764823,13.0,11.7047,10.198039,9.055385,8.0,7.28011,5.830952,5.656854,6.324555,8.062258,10.049876,12.165525,15.297059,18.439089,20.396078,22.36068,23.194827,24.083189,23.021729,22.022716,18.11077,15.132746,7.28011,5.385165,3.162278,1.414214,4.123106,7.615773,9.486833,11.401754,13.341664,13.152946,13.038405,13.0,11.045361,10.049876,8.062258,7.071068,4.0,2.0,1.0,3.605551,6.403124,8.485281,11.313708,14.142136,15.556349,16.278821,13.341664,14.142136,15.132746,15.132746,15.297059,14.317821,13.601471,12.649111,10.77033,9.848858,7.615773,6.324555,5.0,4.123106,5.0,7.211103,9.848858,13.0,15.231546,17.464249,19.235384,19.723083,18.867962,18.027756,16.401219,13.601471,11.7047,13.0,13.928388,15.231546,15.652476,14.764823,13.892444,12.529964,10.29563,8.544004,7.28011,7.0,6.082763,6.708204,7.211103,7.81025,8.602325,9.219544,9.219544,10.0,10.630146,10.630146,10.630146,10.0,10.816654,10.77033
hoyeon_stand_normal_01,1695,565,56.50308743169399,29.998360745314464,10,0.5318921208381653,0.6609538197517395,-0.0657751187682151,0.9991171360015868,0.534846305847168,0.6732435822486877,-0.0573629699647426,0.9983701109886168,0.5354501008987427,0.6738038659095764,-0.0573664344847202,0.9980711936950684,0.5361718535423279,0.6745547652244568,-0.0573371760547161,0.9984163641929626,0.5358150005340576,0.6734969615936279,-0.0812753438949585,0.998610496520996,0.5370069742202759,0.6741084456443787,-0.081298217177391,0.9986140727996826,0.5383710861206055,0.6748849153518677,-0.0813621580600738,0.9987767338752748,0.5450692772865295,0.6725769639015198,-0.0076639484614133,0.9960997104644777,0.5467024445533752,0.6721571087837219,-0.1156432628631591,0.9985083341598512,0.5348473191261292,0.6486817002296448,-0.0440669283270835,0.998867690563202,0.5362061858177185,0.6486722826957703,-0.0753976255655288,0.9991641640663148,0.5556938648223877,0.6017855405807495,0.0722551494836807,0.9992365837097168,0.5588699579238892,0.6081691980361938,-0.1682268977165222,0.9999497532844543,0.5551885962486267,0.4973428845405578,0.0985288769006729,0.1196658089756965,0.5558642148971558,0.5052111744880676,-0.2011898010969162,0.9878979921340942,0.5563308596611023,0.4201664328575134,0.0548385344445705,0.3017843961715698,0.5423535108566284,0.4151962995529175,-0.2023811787366867,0.9745278358459472,0.5591427683830261,0.394090324640274,0.0518259294331073,0.2876880168914795,0.543035626411438,0.3869774937629699,-0.2258958667516708,0.95497328042984,0.5522478818893433,0.3895130753517151,0.033195786178112,0.2939417362213135,0.5392124056816101,0.3853668868541717,-0.2253217846155166,0.951929807662964,0.551622211933136,0.3990333676338196,0.0447547473013401,0.2744942605495453,0.5382315516471863,0.3942170441150665,-0.2012925893068313,0.9263521432876588,0.5525416731834412,0.4211241006851196,0.0720621719956398,0.9974710941314696,0.5533076524734497,0.4254279136657715,-0.0721453726291656,0.9977763891220092,0.5489085912704468,0.2794111669063568,0.0715039744973182,0.2621572613716125,0.5537495017051697,0.2797680199146271,-0.0637659803032875,0.8071905970573425,0.5469796657562256,0.1368364691734314,0.1124541535973548,0.3670713007450104,0.5500937700271606,0.1321861147880554,-0.0228411387652158,0.8409348130226135,0.5505247116088867,0.1098918914794921,0.1118764877319336,0.5072520971298218,0.5564031600952148,0.1067683845758438,-0.0228753518313169,0.8023964166641235,0.524544358253479,0.1143069043755531,0.0604505017399787,0.5636806488037109,0.5272525548934937,0.1048507019877433,-0.089723490178585,0.8647760152816772,hoyeon_stand_normal_01,5.830952,5.385165,7.071068,9.848858,12.083046,14.317821,14.764823,14.764823,15.231546,14.317821,13.416408,12.083046,10.29563,8.062258,6.403124,3.605551,3.162278,5.0,8.544004,12.649111,16.763055,20.880613,23.4094,24.166092,25.059928,22.472205,4.472136,5.0,6.403124,7.211103,8.062258,8.944272,9.848858,8.944272,8.944272,7.615773,6.708204,5.385165,3.162278,2.236068,3.162278,4.0,6.082763,8.246211,10.198039,13.152946,14.142136,16.124515,16.124515,16.03122,14.035669,11.0,16.492423,15.297059,15.132746,14.035669,13.0,12.041595,10.049876,9.219544,7.615773,5.830952,5.0,5.385165,5.09902,7.615773,9.433981,12.206556,14.21267,16.401219,19.209373,20.808652,22.472205,22.825424,22.36068,20.615528,17.088007,13.601471,6.082763,4.0,2.236068,2.236068,4.242641,7.211103,9.219544,11.313708,13.453624,12.806248,13.038405,12.529964,11.18034,9.848858,8.062258,6.708204,4.472136,2.828427,2.0,4.242641,6.708204,8.544004,10.77033,12.649111,14.866069,15.811388,15.503116,14.9330345,14.363961,13.408327,12.472136,12.625382000000002,12.516648,12.6592355,13.153830500000002,12.6653925,13.086313999999998,12.5,12.593868,13.02735,13.9133155,14.5963645,15.701208,16.224382,16.2077655,15.528356,14.917536000000002,14.1281335,14.6405805,15.652476,16.6118145,16.1761725,9.495295,9.3862205,9.0368035,9.9825445,10.6345965,11.401551,12.5207975,12.456233,12.521591,11.3457835,11.2006095,10.455204,10.1265785,9.774649,9.466544,10.170107,9.7094895,10.1253175,10.315073,10.656854,11.0207975,11.726812,13.2185765,13.662508,14.231068,15.0305615
hoyeon_stand_normal_01,1698,566,56.603092896174864,29.998360745314464,10,0.5317413806915283,0.6609499454498291,-0.0644150301814079,0.9991214275360109,0.5346609354019165,0.6732378005981445,-0.0559747964143753,0.998376727104187,0.5352641344070435,0.6737973690032959,-0.0559784919023513,0.998080313205719,0.5359863042831421,0.6745467782020569,-0.0559490546584129,0.9984242916107178,0.5356486439704895,0.6734923124313354,-0.0798677504062652,0.9986172914505004,0.5368465781211853,0.6741054058074951,-0.0798907130956649,0.9986230134963988,0.5382125973701477,0.6748826503753662,-0.0799547061324119,0.9987847805023192,0.5449263453483582,0.6725686192512512,-0.0063465465791523,0.9961154460906982,0.5465666055679321,0.6721516847610474,-0.1142628565430641,0.9985144138336182,0.5346692800521851,0.6486837267875671,-0.0427477285265922,0.9988686442375184,0.5360262393951416,0.6486726999282837,-0.0740479081869125,0.999165654182434,0.5556640625,0.6017612218856812,0.0731736570596695,0.9992297291755676,0.558753252029419,0.6081830263137817,-0.1670219004154205,0.9999499917030334,0.5551871061325073,0.4973413646221161,0.0991822555661201,0.1188520193099975,0.5558168292045593,0.5053437948226929,-0.200334146618843,0.9879231452941896,0.55634605884552,0.4200827479362488,0.0554273352026939,0.2997255325317383,0.5423650145530701,0.4151952564716339,-0.2022685259580612,0.9745343923568726,0.5591604709625244,0.3940094411373138,0.0523168481886386,0.2861178815364837,0.5430557131767273,0.3869467973709106,-0.2258474379777908,0.9549887776374816,0.552300214767456,0.3893804550170898,0.0338331386446952,0.2922979593276977,0.5392141342163086,0.3853064477443695,-0.2249664962291717,0.95193612575531,0.5516811609268188,0.3989326059818268,0.0453879237174987,0.2730337381362915,0.5382317304611206,0.3941942751407623,-0.2010739892721176,0.926301896572113,0.55260169506073,0.4211860001087188,0.0720607712864875,0.9974725246429444,0.5532233119010925,0.4254665076732635,-0.0721440017223358,0.9977794289588928,0.5489928126335144,0.2793993055820465,0.0706978291273117,0.2618800401687622,0.5537152886390686,0.2797576785087585,-0.0640518218278884,0.8096753358840942,0.5470594167709351,0.1367672681808471,0.1115352436900138,0.3681576251983642,0.550094485282898,0.13210991024971,-0.0230129174888134,0.8430341482162476,0.5510339736938477,0.1106577590107917,0.1109737157821655,0.5083974003791809,0.5564144253730774,0.1069226264953613,-0.0230098329484462,0.804749608039856,0.5247519612312317,0.1143049001693725,0.0596542246639728,0.5647803544998169,0.5272589325904846,0.1048960238695144,-0.0897755622863769,0.8663297891616821,hoyeon_stand_normal_01,23.021729,23.430749,21.931712,19.104973,16.278821,12.806248,8.485281,5.830952,4.0,4.242641,5.385165,8.246211,10.440307,13.341664,15.297059,17.464249,18.681542,19.924859,19.924859,19.313208,17.464249,13.416408,9.486833,5.0,4.472136,9.0,9.219544,10.0,8.602325,8.602325,7.81025,5.656854,4.472136,4.0,4.472136,6.403124,7.81025,8.485281,9.219544,9.899495,9.899495,9.899495,9.219544,7.81025,7.071068,5.0,3.0,4.242641,8.062258,12.083046,15.652476,19.235384,10.29563,11.7047,12.165525,13.038405,13.0,13.152946,13.341664,14.866069,14.866069,15.652476,15.652476,15.652476,16.552945,16.552945,17.888544,16.552945,16.155494,13.928388,11.18034,9.219544,7.211103,8.0,11.7047,15.231546,18.788294,21.540659,14.764823,17.088007,19.646883,20.223748,20.0,17.117243,15.297059,11.7047,8.944272,4.472136,1.414214,2.236068,5.830952,8.062258,9.848858,13.0,13.601471,15.297059,16.124515,17.117243,16.124515,16.03122,15.132746,13.341664,11.7047,10.816654,13.341664,15.297059,16.278821,16.278821,16.278821,15.297059,14.56022,12.649111,10.77033,9.848858,8.544004,6.324555,6.0,5.385165,5.656854,8.062258,10.77033,13.0,16.155494,18.384776,19.697716,20.124612,19.723083,18.867962,17.204651,13.601471,11.18034,13.0,14.764823,15.264338,15.264338,14.422205,13.038405,11.661904,9.433981,7.615773,7.071068,6.0,6.324555,6.708204,6.403124,7.81025,8.485281,9.219544,10.630146,10.630146,10.630146,11.313708,9.899495,11.401754,11.661904,11.18034
hoyeon_stand_normal_01,1701,567,56.70309836065574,29.998360745314464,10,0.5315922498703003,0.6609450578689575,-0.0657268539071083,0.999119758605957,0.5345180630683899,0.6732286214828491,-0.0574054941534996,0.9983682632446288,0.5351314544677734,0.6737856864929199,-0.0574080944061279,0.9980708956718444,0.5358631610870361,0.6745321154594421,-0.0573776364326477,0.9984129667282104,0.5354970097541809,0.6734858751296997,-0.0811764076352119,0.9986140727996826,0.5366953611373901,0.6741004586219788,-0.0812023058533668,0.9986214637756348,0.5380574464797974,0.6748793721199036,-0.081268586218357,0.9987832307815552,0.5448185801506042,0.6725406050682068,-0.0075095579959452,0.996095597743988,0.5464357733726501,0.6721423268318176,-0.1149257645010948,0.99851793050766,0.5345092415809631,0.6486808061599731,-0.043919451534748,0.99886816740036,0.5358582735061646,0.6486672163009644,-0.0750579759478569,0.9991684556007384,0.5552734732627869,0.6015549898147583,0.0722002685070037,0.9992271065711976,0.5587520003318787,0.6081777215003967,-0.1671482771635055,0.9999507665634156,0.5549735426902771,0.4973159730434418,0.0984176471829414,0.1187655553221702,0.5557823777198792,0.5054156184196472,-0.200337141752243,0.9879873394966124,0.5557553172111511,0.4200446009635925,0.0531144142150878,0.298913300037384,0.5423696637153625,0.4151938259601593,-0.202189639210701,0.9746701717376708,0.5582348108291626,0.3937973380088806,0.0493713803589344,0.2855685949325561,0.5430759787559509,0.3868330717086792,-0.2257408946752548,0.9551904201507568,0.5504274964332581,0.3890392184257507,0.0309548396617174,0.2918010950088501,0.5392120480537415,0.3851847350597381,-0.2248843759298324,0.9521458745002748,0.5510092377662659,0.3987696170806885,0.043027140200138,0.2727531492710113,0.5382217764854431,0.3941178917884826,-0.2010520100593567,0.9266432523727416,0.5522300601005554,0.4210809171199798,0.0719881877303123,0.99749094247818,0.5532615780830383,0.4253670573234558,-0.0720688924193382,0.9978063702583312,0.548937201499939,0.2791497111320495,0.0718400925397872,0.2622687220573425,0.5537516474723816,0.279406875371933,-0.0621257200837135,0.8116311430931091,0.547049343585968,0.1366823613643646,0.1156870648264885,0.3694577813148498,0.5500948429107666,0.1318159252405166,-0.0172313991934061,0.844788670539856,0.551066517829895,0.111325703561306,0.1154935657978057,0.5100834965705872,0.5564109086990356,0.1069609671831131,-0.0168365519493818,0.8067288398742676,0.5247518420219421,0.114307053387165,0.0641188696026802,0.5666096806526184,0.5272781252861023,0.1048664450645446,-0.0840240865945816,0.8677681088447571,hoyeon_stand_normal_01,22.671568,24.207437,21.633308,19.723083,16.124515,12.529964,8.602325,5.0,3.0,4.242641,6.708204,9.848858,11.7047,14.866069,17.088007,18.384776,20.248457,21.931712,21.023796,20.124612,18.35756,14.764823,11.18034,6.082763,5.0,9.219544,11.18034,11.045361,11.045361,10.049876,8.062258,6.324555,4.472136,3.605551,4.123106,6.082763,7.28011,8.246211,9.486833,9.486833,9.486833,10.440307,9.219544,8.246211,7.071068,4.123106,2.236068,3.605551,7.211103,11.401754,16.401219,19.849433,12.041595,12.041595,13.152946,13.601471,13.928388,14.764823,14.422205,15.620499,16.278821,16.278821,16.970563,17.691806,17.691806,18.384776,18.384776,16.970563,16.970563,15.556349,12.041595,9.433981,7.071068,8.544004,11.401754,15.556349,19.104973,21.931712,14.21267,16.970563,17.804494,18.867962,18.384776,17.720045,15.132746,11.0,8.062258,4.123106,3.162278,6.708204,8.602325,10.630146,12.727922,14.866069,16.401219,16.643317,17.492856,17.492856,16.124515,15.264338,13.601471,12.041595,11.661904,13.2185765,13.453624,14.866069,15.556349,16.278821,15.556349,15.556349,14.21267,12.806248,12.206556,10.0,8.602325,6.403124,5.0,4.123106,5.09902,7.615773,10.816654,13.601471,15.811388,17.204651,20.248457,20.59126,20.124612,18.788294,16.155494,13.928388,11.401754,13.601471,15.264338,16.124515,16.124515,15.652476,14.317821,13.416408,10.29563,8.602325,7.071068,7.211103,6.324555,6.082763,7.0,8.062258,9.055385,10.049876,10.049876,10.049876,11.045361,11.045361,11.401754,11.401754,10.77033,11.661904
hoyeon_stand_normal_01,1704,568,56.80310382513661,29.998360745314464,10,0.5314666628837585,0.6609432101249695,-0.0684790536761283,0.9991114139556884,0.5344398021697998,0.6732265949249268,-0.0601974688470363,0.9983516931533812,0.5350720882415771,0.6737838983535767,-0.0601983144879341,0.9980502724647522,0.5358175039291382,0.6745309233665466,-0.0601661838591098,0.9983894228935242,0.5353680849075317,0.6734840869903564,-0.0840771198272705,0.9986042976379396,0.5365498661994934,0.6741011142730713,-0.0841068252921104,0.998612940311432,0.5378909707069397,0.6748863458633423,-0.0841758176684379,0.99877667427063,0.5447490811347961,0.6725362539291382,-0.0094376765191555,0.9960402846336364,0.5462895035743713,0.6721422672271729,-0.117322489619255,0.9985207915306092,0.5343962907791138,0.6486850380897522,-0.0462949946522712,0.9988580346107484,0.5356902480125427,0.648667573928833,-0.077556125819683,0.9991672039031982,0.5549657344818115,0.6014147996902466,0.0711615979671478,0.999220073223114,0.5587508082389832,0.6081764101982117,-0.1689866632223129,0.9999514818191528,0.5548022985458374,0.4973658323287964,0.0965883210301399,0.1174486950039863,0.555770754814148,0.5055901408195496,-0.2008831053972244,0.9880391955375672,0.5553850531578064,0.4201064705848694,0.0471487380564212,0.2954603433609009,0.5423750281333923,0.4152693152427673,-0.2004202306270599,0.974669337272644,0.5576086044311523,0.3937862813472748,0.0423330403864383,0.282732218503952,0.5430766940116882,0.3868297338485718,-0.2236141264438629,0.9551537036895752,0.549537718296051,0.3889990150928497,0.0239729452878236,0.2890242636203766,0.5392057299613953,0.3851791322231293,-0.2231340259313583,0.952103555202484,0.5498355031013489,0.3987624645233154,0.0368266776204109,0.2703514993190765,0.5382170081138611,0.3941131234169006,-0.1992534697055816,0.9266589283943176,0.5516897439956665,0.4210778176784515,0.0719816163182258,0.9975038170814514,0.5533302426338196,0.4253648221492767,-0.0720607191324234,0.9978318810462952,0.5488547086715698,0.2791496515274048,0.0748126581311225,0.2629323005676269,0.553752601146698,0.2793903946876526,-0.0599514469504356,0.8126645684242249,0.5470529198646545,0.136682778596878,0.1218302398920059,0.3711682260036468,0.5500970482826233,0.1318195909261703,-0.0107598137110471,0.8462257981300354,0.5511168241500854,0.1118959039449691,0.1219146624207496,0.5122563242912292,0.5563008785247803,0.1050790920853614,-0.009931175969541,0.8081323504447937,0.5250391364097595,0.1143040880560875,0.0698872357606887,0.5689723491668701,0.5273770689964294,0.1048675701022148,-0.0777793377637863,0.8690906167030334,hoyeon_stand_normal_01,14.7558565,13.7856125,15.100354500000002,15.448644,15.0373405,14.3631815,13.486014,11.513878,10.131912,9.735872,10.5982765,11.334208,11.323431500000002,11.1846585,11.6672125,10.7462115,10.92191,13.124707,14.681542,16.692388,18.077747,19.009996,18.35213,17.263449,17.4996755,18.6014705,7.0772025,8.37904,8.432817499999999,8.640901,8.850607,8.250387,8.2245985,7.76243,7.5,7.6511535,8.0282305,7.6588925,7.2817065,6.2201535,6.801292500000001,7.7201535,8.634553499999999,9.7087915,10.216528,10.341112,9.972835,11.1336255,12.7540485,14.815073,15.9330345,16.192388,16.278821,15.556349,15.620499,14.21267,13.601471,11.661904,11.18034,9.486833,8.246211,7.0,6.082763,5.830952,5.656854,7.615773,9.486833,11.18034,14.142136,17.117243,19.104973,21.095023,22.36068,22.36068,21.84033,20.248457,18.384776,14.764823,7.211103,5.0,2.236068,1.0,3.162278,5.385165,7.28011,9.055385,11.045361,11.0,11.045361,11.18034,9.219544,8.246211,7.28011,5.385165,3.162278,2.0,1.0,3.605551,6.403124,9.219544,10.630146,12.806248,14.21267,15.620499,15.297059,13.341664,12.369317,9.848858,8.602325,7.81025,9.433981,10.77033,12.083046,13.928388,15.652476,17.0,17.204651,18.439089,19.104973,19.209373,18.027756,16.643317,14.764823,11.661904,7.81025,5.385165,6.708204,10.0,13.453624,16.278821,9.055385,7.28011,5.830952,5.0,6.082763,8.062258,11.18034,13.341664,14.317821,15.297059,16.124515,16.03122,15.033296,14.0,13.038405,12.041595,11.045361,10.0,10.049876,11.18034,11.401754,12.649111,13.928388,15.811388,16.763055,17.464249
hoyeon_stand_normal_01,1707,569,56.90310928961748,29.998360745314464,10,0.5313815474510193,0.6609389185905457,-0.0679474398493766,0.9991023540496826,0.5344041585922241,0.673224687576294,-0.059687178581953,0.9983346462249756,0.5350512862205505,0.6737821102142334,-0.0596887469291687,0.9980294108390808,0.5358060002326965,0.6745301485061646,-0.0596572943031787,0.9983698725700378,0.5352888107299805,0.6734821796417236,-0.083585686981678,0.9985938668251038,0.5364569425582886,0.6740999817848206,-0.0836159214377403,0.9986037611961364,0.5377798080444336,0.6748881936073303,-0.0836854130029678,0.9987705945968628,0.54472815990448,0.6725331544876099,-0.0091467266902327,0.9959961771965028,0.546189546585083,0.6721430420875549,-0.1170764788985252,0.9985191822052002,0.5343362092971802,0.648685872554779,-0.0458674579858779,0.9988476037979126,0.5355949997901917,0.6486673951148987,-0.0771394222974777,0.9991641640663148,0.55476975440979,0.6012986302375793,0.071223609149456,0.9992069005966188,0.5587441325187683,0.608134925365448,-0.1687445491552353,0.9999516010284424,0.5546613931655884,0.4973887801170349,0.0965705886483192,0.1161794289946556,0.5557234287261963,0.5056478977203369,-0.2002444416284561,0.9880295991897584,0.5550387501716614,0.4202177822589874,0.0472344420850276,0.2917320430278778,0.5423648357391357,0.4152769446372986,-0.1977039128541946,0.9745275378227234,0.557367205619812,0.3937819302082062,0.0425267778337001,0.2796396911144256,0.5430689454078674,0.3868046104907989,-0.2204942852258682,0.9549141526222228,0.5491060614585876,0.3889987766742706,0.0241997223347425,0.2859375476837158,0.539117693901062,0.3851584494113922,-0.2200342118740081,0.9518445134162904,0.549101710319519,0.3987889587879181,0.0369446761906147,0.2676666676998138,0.538094699382782,0.3940868377685547,-0.1964726150035858,0.9263637065887452,0.5515134334564209,0.4210811555385589,0.0719176605343818,0.9974839091300964,0.5533304810523987,0.425365000963211,-0.0719936564564704,0.9978265762329102,0.5488430857658386,0.2791524231433868,0.0741906389594078,0.2628346383571625,0.5536784529685974,0.2794088125228882,-0.0602878257632255,0.8136008977890015,0.5470502376556396,0.1366777718067169,0.1193327754735946,0.3713370263576507,0.5500103235244751,0.1318221092224121,-0.0127949500456452,0.8468919992446899,0.551022469997406,0.1105282455682754,0.119155429303646,0.5123962759971619,0.556044340133667,0.1040225103497505,-0.0122275594621896,0.8089043498039246,0.5250875949859619,0.1145182698965072,0.067432589828968,0.5691490769386292,0.5273776650428772,0.1051611602306366,-0.0798760876059532,0.8695542216300964,hoyeon_stand_normal_01,4.472136,3.162278,6.403124,10.630146,12.806248,15.620499,16.401219,17.029386,17.029386,15.620499,14.866069,12.806248,11.401754,9.433981,7.615773,5.0,4.242641,6.082763,10.049876,15.132746,19.235384,23.194827,27.166155,28.017851,28.0,27.073973,5.830952,7.071068,9.219544,10.0,11.661904,13.038405,12.529964,12.529964,11.661904,10.816654,9.433981,6.708204,4.472136,3.0,2.236068,4.0,6.082763,8.246211,10.440307,13.601471,15.524175,16.492423,17.262677,17.117243,15.132746,12.165525,10.29563,10.77033,12.369317,12.165525,13.038405,13.0,14.035669,14.142136,14.317821,15.524175,15.811388,16.763055,16.763055,16.763055,17.720045,16.492423,16.492423,14.56022,12.649111,10.29563,8.485281,8.544004,11.0,14.142136,18.11077,21.023796,12.083046,14.56022,16.124515,17.0,17.117243,15.524175,13.0,10.816654,7.81025,4.242641,1.0,2.236068,5.0,7.211103,8.944272,10.77033,12.369317,13.152946,14.142136,15.033296,15.0,14.0,12.041595,11.18034,10.77033,10.0,17.029386,15.033296,13.038405,11.18034,9.848858,10.0,11.313708,12.206556,14.21267,15.620499,17.691806,18.384776,19.849433,20.808652,21.954498,21.023796,20.248457,18.973666,15.811388,12.649111,8.944272,7.211103,8.0,10.77033,14.317821,17.0,9.0,7.071068,5.385165,5.0,7.071068,10.0,13.038405,15.033296,16.03122,17.0,18.027756,17.117243,16.124515,15.297059,14.317821,13.601471,12.369317,12.165525,11.045361,12.0,13.038405,14.142136,15.132746,17.117243,18.11077,18.027756
hoyeon_stand_normal_01,1710,570,57.00311475409836,29.998360745314464,10,0.531321108341217,0.660931408405304,-0.0701904073357582,0.9990981817245485,0.5343871712684631,0.6732215881347656,-0.0620425976812839,0.9983292818069458,0.5350444316864014,0.6737805604934692,-0.0620451420545578,0.9980216026306152,0.5358042120933533,0.6745287179946899,-0.062015626579523,0.99835866689682,0.5352382659912109,0.6734782457351685,-0.0859184190630912,0.9985928535461426,0.5363968014717102,0.6740982532501221,-0.0859506353735923,0.9986034035682678,0.5377063751220703,0.6748877167701721,-0.0860202088952064,0.9987714290618896,0.5447220206260681,0.6725301742553711,-0.0115031730383634,0.9959807991981506,0.5461212396621704,0.6721436381340027,-0.1192865446209907,0.9985318779945374,0.5343081951141357,0.6486856341362,-0.0480868555605411,0.9988491535186768,0.5355421304702759,0.6486669182777405,-0.0793112516403198,0.9991697072982788,0.5543548464775085,0.6011216640472412,0.0688069313764572,0.9991999864578248,0.558745801448822,0.6080567240715027,-0.1699853092432022,0.9999518990516664,0.5539597272872925,0.4973879754543304,0.0934162884950637,0.1158803924918174,0.5557003021240234,0.505648672580719,-0.2004613727331161,0.9880452156066896,0.5535405874252319,0.4202406406402588,0.0424048788845539,0.2898089587688446,0.5423452258110046,0.4152716100215912,-0.1965253800153732,0.974457859992981,0.5545700192451477,0.3936052918434143,0.0371150113642215,0.2779965996742248,0.5430490970611572,0.3867490291595459,-0.2190737724304199,0.9547744393348694,0.5484529137611389,0.3889925479888916,0.0189116857945919,0.2843567728996277,0.5390482544898987,0.3851311504840851,-0.2189384251832962,0.9516951441764832,0.5482743382453918,0.3987872302532196,0.0320697836577892,0.266403317451477,0.5380088686943054,0.3940490782260895,-0.1953544616699218,0.9262670278549194,0.550900399684906,0.4210788011550903,0.0716390460729599,0.997473418712616,0.5533862709999084,0.4253619909286499,-0.0717088133096695,0.9978305101394652,0.5486235022544861,0.2791569530963897,0.0741377994418144,0.264014184474945,0.5535956621170044,0.2794179618358612,-0.0597439222037792,0.8143528699874878,0.5467979907989502,0.1366827934980392,0.1198000609874725,0.3722515702247619,0.5497205257415771,0.1318233013153076,-0.0117287626489996,0.8470638394355774,0.5509526133537292,0.1114542111754417,0.1196994632482528,0.5126695036888123,0.5558406710624695,0.1053936854004859,-0.011081289499998,0.8086576461791992,0.5250607132911682,0.1145175546407699,0.0677739456295967,0.5699435472488403,0.5273721218109131,0.105162389576435,-0.0789187997579574,0.8696113228797913,hoyeon_stand_normal_01,22.561028,22.203603,21.095023,19.0,15.0,12.041595,8.0,5.09902,3.605551,5.09902,6.708204,9.433981,12.206556,14.422205,16.643317,18.867962,21.095023,21.470911,21.023796,20.615528,18.027756,14.866069,10.29563,6.403124,6.082763,9.433981,10.0,11.0,10.049876,9.055385,8.0,7.0,5.385165,5.0,4.472136,6.082763,7.071068,8.0,9.0,9.0,10.049876,10.049876,9.055385,8.246211,7.071068,5.0,3.162278,3.0,6.708204,11.18034,15.231546,18.384776,11.401754,13.038405,13.0,14.142136,14.317821,14.866069,15.652476,16.124515,16.643317,17.204651,18.027756,18.601075,18.601075,19.416488,19.416488,18.867962,18.027756,16.643317,13.601471,11.313708,8.944272,9.055385,12.083046,15.652476,19.235384,22.36068,13.601471,16.124515,17.464249,18.681542,18.248288,17.0,15.132746,11.401754,7.615773,5.0,2.0,3.162278,5.0,7.81025,10.630146,12.206556,13.892444,15.652476,16.155494,16.155494,15.811388,15.811388,14.866069,13.416408,11.401754,11.313708,13.341664,14.56022,15.811388,15.811388,16.763055,15.524175,14.317821,13.152946,12.165525,10.049876,8.062258,7.28011,5.830952,5.0,6.324555,9.055385,11.0,14.035669,16.0,19.026298,20.0,21.023796,20.099751,19.235384,17.262677,14.317821,11.045361,12.0,14.0,15.033296,15.033296,14.142136,13.152946,11.045361,9.055385,8.0,6.082763,5.830952,5.0,5.830952,6.324555,7.28011,8.544004,9.486833,9.486833,10.440307,10.77033,10.440307,11.401754,11.18034,11.045361,11.045361
hoyeon_stand_normal_01,1713,571,57.10312021857924,29.998360745314464,10,0.5312605500221252,0.6609296798706055,-0.0724498406052589,0.9990914463996888,0.5343666672706604,0.6732216477394104,-0.064413882791996,0.9983172416687012,0.5350350737571716,0.6737836599349976,-0.0644163861870765,0.998004674911499,0.5358009338378906,0.6745373606681824,-0.0643877610564231,0.9983395338058472,0.5351814031600952,0.6734780073165894,-0.0883238986134529,0.9985868334770204,0.5363290309906006,0.6741020083427429,-0.0883569419384002,0.998596727848053,0.5376242995262146,0.6748998165130615,-0.0884272083640098,0.9987675547599792,0.5447168350219727,0.6725406050682068,-0.0136831272393465,0.995947241783142,0.5460509657859802,0.6721624732017517,-0.1216413751244545,0.9985398650169371,0.5342819094657898,0.6486939191818237,-0.0502210855484008,0.9988483786582948,0.53548663854599,0.6486737728118896,-0.0814874917268753,0.9991742372512816,0.5539880990982056,0.6009986996650696,0.0668202266097068,0.9991987347602844,0.5587694644927979,0.6080029010772705,-0.1715107709169387,0.9999523758888244,0.553330659866333,0.4973878562450409,0.0912649407982826,0.1159401014447212,0.5556844472885132,0.5056436657905579,-0.2007220536470413,0.9880546927452089,0.552428662776947,0.4202757179737091,0.0389886125922203,0.2889080345630646,0.5423443913459778,0.4152702093124389,-0.1950571238994598,0.97441166639328,0.5529283881187439,0.3934891819953918,0.0331239067018032,0.277121901512146,0.5430492758750916,0.3867187798023224,-0.217405617237091,0.9546526074409484,0.5478383898735046,0.3889860808849334,0.0150337647646665,0.2836129665374756,0.5390347242355347,0.3851171135902405,-0.2176559269428253,0.9515733122825624,0.5475806593894958,0.3987925350666046,0.0286189094185829,0.2658446133136749,0.5379854440689087,0.3940342962741852,-0.1939687579870224,0.9262263178825378,0.5503016114234924,0.4210672676563263,0.0712054446339607,0.9974749088287354,0.5535587668418884,0.4253373742103576,-0.0712681636214256,0.9978464245796204,0.5484525561332703,0.2791577279567718,0.0749097615480423,0.2653369307518005,0.5535982251167297,0.2794175446033478,-0.0580772086977958,0.81357741355896,0.5466222167015076,0.1366565972566604,0.1223949268460273,0.3729444444179535,0.5495507121086121,0.1318233609199524,-0.0073126764036715,0.8464546799659729,0.5506998300552368,0.1120655164122581,0.1224997714161872,0.5124101638793945,0.5552096962928772,0.1040423959493637,-0.0063595259562134,0.8076148629188538,0.5250563621520996,0.1145166978240013,0.0699842497706413,0.5707488656044006,0.5274187922477722,0.1051575690507888,-0.0747138783335685,0.8692395687103271,hoyeon_stand_normal_01,5.0,3.605551,5.0,8.544004,10.77033,12.649111,13.928388,13.928388,13.928388,12.649111,11.7047,10.77033,8.544004,6.708204,5.0,3.605551,2.236068,5.385165,9.219544,13.341664,17.262677,20.615528,22.803509,24.351591,23.769729,22.36068,4.0,5.385165,6.708204,8.062258,9.433981,10.0,10.0,10.0,9.433981,8.602325,6.403124,5.656854,3.605551,2.0,2.828427,4.472136,6.324555,8.246211,11.18034,13.341664,14.317821,15.524175,15.811388,15.811388,13.928388,11.7047,16.124515,15.297059,14.56022,13.601471,13.0,11.18034,10.29563,8.602325,7.071068,5.830952,5.385165,5.0,5.385165,6.403124,9.219544,10.816654,13.892444,16.124515,18.867962,20.248457,22.203603,22.803509,22.022716,20.518285,17.691806,15.0,6.403124,5.0,2.236068,1.414214,4.123106,7.071068,9.219544,10.77033,12.083046,12.529964,13.038405,12.206556,11.401754,9.219544,8.485281,6.403124,5.0,2.236068,2.236068,3.162278,6.0,8.0,11.045361,13.038405,14.035669,15.132746,13.0,14.035669,15.033296,15.0,15.0,15.033296,13.038405,12.165525,10.198039,8.246211,7.071068,6.0,4.123106,4.242641,5.385165,8.246211,11.18034,14.317821,16.492423,19.646883,19.924859,21.18962,20.248457,19.313208,17.464249,14.317821,11.401754,12.649111,14.866069,15.231546,15.231546,14.317821,13.416408,11.18034,9.848858,7.615773,6.082763,5.0,4.472136,5.0,5.656854,6.403124,7.211103,8.602325,9.219544,9.219544,10.0,10.0,9.433981,10.29563,10.77033,10.198039
hoyeon_stand_normal_01,1716,572,57.20312568306011,29.998360745314464,10,0.5312249064445496,0.6609125137329102,-0.0727521106600761,0.9990827441215516,0.5343526005744934,0.6732114553451538,-0.0646973699331283,0.9983001351356506,0.5350282788276672,0.6737760901451111,-0.0646997913718223,0.9979830980300904,0.5357983708381653,0.6745323538780212,-0.0646710246801376,0.998317539691925,0.5351468324661255,0.6734679341316223,-0.0886275544762611,0.9985763430595398,0.5362892746925354,0.6740960478782654,-0.0886599943041801,0.998586356639862,0.5375794172286987,0.6748978495597839,-0.088730402290821,0.9987594485282898,0.5447117686271667,0.6725389361381531,-0.0139390872791409,0.995899260044098,0.546005129814148,0.6721631288528442,-0.1219907328486442,0.9985401034355164,0.5342724323272705,0.6486925482749939,-0.0505150482058525,0.9988431930541992,0.5354651212692261,0.6486724019050598,-0.0818074569106102,0.9991748332977296,0.5537850856781006,0.600944459438324,0.0666205659508705,0.99919331073761,0.5587865114212036,0.6079826354980469,-0.1719095855951309,0.999952793121338,0.5529643297195435,0.4973878562450409,0.0910282805562019,0.1155249401926994,0.5556819438934326,0.5056407451629639,-0.2010273784399032,0.9880519509315492,0.5518423318862915,0.4202545583248138,0.0388528145849704,0.2871295511722564,0.5423479676246643,0.415273368358612,-0.1952897608280182,0.9743407368659972,0.5521557331085205,0.3932902812957763,0.0331553071737289,0.2755867838859558,0.5430605411529541,0.38669553399086,-0.2177656590938568,0.9545194506645204,0.5473777651786804,0.3889241218566894,0.0149845797568559,0.2821768820285797,0.5390333533287048,0.385105162858963,-0.2179602682590484,0.951426923274994,0.5470410585403442,0.3987797200679779,0.0284599438309669,0.2647053301334381,0.5379802584648132,0.3940253257751465,-0.1942046731710434,0.9261063933372498,0.5500087141990662,0.4210323095321655,0.0711435005068779,0.9974688291549684,0.5536627173423767,0.425320565700531,-0.0712046697735786,0.997853696346283,0.5483360290527344,0.2791384160518646,0.0751602426171302,0.266075998544693,0.5536773204803467,0.2794064879417419,-0.0579313300549984,0.8138298988342285,0.546542763710022,0.1366404294967651,0.1224194020032882,0.3739262521266937,0.5495237708091736,0.1318210810422897,-0.0078555382788181,0.8467710018157959,0.5506314039230347,0.1123640835285186,0.122476078569889,0.5128028392791748,0.5550578236579895,0.1025223135948181,-0.0070342295803129,0.8076946139335632,0.5249980688095093,0.1145743951201438,0.0699832662940025,0.5721504092216492,0.5274310111999512,0.1051574200391769,-0.0754480436444282,0.8695536255836487,hoyeon_stand_normal_01,5.385165,5.385165,8.062258,11.7047,14.866069,17.088007,18.027756,18.384776,18.384776,17.088007,16.155494,14.866069,12.649111,10.440307,8.062258,6.082763,3.605551,6.0,9.848858,14.764823,19.235384,24.596748,27.313001,28.79236,28.160256,26.683328,6.403124,6.708204,8.246211,10.049876,11.0,12.0,12.0,12.0,11.0,10.0,8.0,6.0,4.123106,2.236068,2.236068,3.605551,6.403124,9.219544,12.041595,14.866069,16.970563,18.384776,18.439089,18.439089,16.401219,12.806248,10.319173,10.59017,11.0226805,12.267421,12.509214,12.8245555,13.0192025,13.5089395,14.052557,14.3174375,14.644137,16.0451045,16.0451045,16.0451045,16.8363515,15.4424185,15.4424185,14.052557,11.4291245,9.609772,8.0798885,8.062258,10.975335,14.593514,17.95815,20.3963695,13.129936,15.0652035,17.1023255,18.192658,17.9245125,16.7609045,14.0889025,11.09017,8.303131,4.785578,1.2071070000000002,1.2071070000000002,4.736068,6.737096,8.8524125,11.109204,11.661904,14.0906155,14.317821,15.5107815,14.866069,14.23377,13.464194,11.855152,10.408327,9.5595195,17.117243,16.124515,13.038405,11.0,10.198039,8.944272,10.0,12.041595,12.727922,14.142136,16.278821,17.804494,19.416488,20.124612,20.615528,19.924859,20.615528,18.439089,16.124515,12.165525,9.486833,6.403124,7.071068,9.219544,12.649111,14.866069,10.0,8.062258,6.324555,5.656854,7.615773,9.055385,12.0,14.0,16.03122,17.029386,17.117243,17.262677,16.492423,14.866069,13.928388,13.601471,11.7047,11.401754,11.18034,12.165525,13.038405,14.0,16.0,17.0,18.0,18.027756
hoyeon_stand_normal_01,1719,573,57.30313114754098,29.998360745314464,10,0.53116774559021,0.6609051823616028,-0.0725423470139503,0.9990756511688232,0.5343179702758789,0.6732085347175598,-0.0644412115216255,0.9982864856719972,0.5350074768066406,0.6737746596336365,-0.0644439086318016,0.9979658126831056,0.5357876420021057,0.6745317578315735,-0.0644154474139213,0.9983011484146118,0.535084068775177,0.6734635233879089,-0.0884036347270011,0.9985682368278505,0.5362186431884766,0.6740942001342773,-0.0884352847933769,0.9985780715942384,0.537495493888855,0.6748976111412048,-0.0885054543614387,0.998753309249878,0.5447090268135071,0.6725401282310486,-0.0137445498257875,0.9958662986755372,0.5459345579147339,0.6721670627593994,-0.1219581514596939,0.998540461063385,0.5342468023300171,0.6486954689025879,-0.0503375530242919,0.9988388419151306,0.5354222655296326,0.6486743688583374,-0.0816743299365043,0.9991748332977296,0.5536540746688843,0.6009109020233154,0.0667429864406585,0.9991897344589232,0.5587871074676514,0.6079397201538086,-0.1720258593559265,0.9999529123306274,0.5528156757354736,0.4973883032798767,0.0912694931030273,0.1154879331588745,0.5556790232658386,0.5056111812591553,-0.2013434618711471,0.9880250096321106,0.5515851378440857,0.4201939105987549,0.0395842678844928,0.2862982153892517,0.5423477292060852,0.4152728617191314,-0.1954081952571869,0.9742352962493896,0.5518437623977661,0.3931572735309601,0.0341041758656501,0.2748526632785797,0.5430623292922974,0.3866816163063049,-0.218024730682373,0.954351246356964,0.547165036201477,0.3888925015926361,0.0158982127904891,0.2815099656581878,0.5390322804450989,0.3851008713245392,-0.2180260568857193,0.9512490034103394,0.5468054413795471,0.3987709879875183,0.0292120836675167,0.2642416059970855,0.5379708409309387,0.3940216302871704,-0.1942757070064544,0.9259162545204164,0.5498568415641785,0.4210093915462494,0.0711379200220108,0.9974541068077089,0.5537025928497314,0.4253093600273132,-0.0711989849805831,0.9978479743003844,0.5483194589614868,0.2791363894939422,0.0750138536095619,0.2663243412971496,0.5536797046661377,0.279406189918518,-0.0580614618957042,0.8140090703964233,0.5464932322502136,0.1366692781448364,0.1218862533569336,0.3733724951744079,0.5494068264961243,0.1318685561418533,-0.0086834160611033,0.8464319705963135,0.5505985021591187,0.1127446591854095,0.1218954846262931,0.5117771029472351,0.5549043416976929,0.1020326390862464,-0.0079422257840633,0.8071610331535339,0.5248321890830994,0.1147359833121299,0.0694911703467369,0.5716696977615356,0.5274314284324646,0.1051557213068008,-0.0760806053876876,0.8691704273223877,hoyeon_stand_normal_01,4.242641,5.09902,7.211103,9.899495,12.727922,14.142136,14.866069,15.556349,14.866069,14.142136,12.727922,12.041595,10.630146,9.219544,7.211103,4.123106,3.162278,4.472136,8.062258,12.041595,16.0,20.024984,22.090722,23.194827,23.537205,21.84033,4.472136,5.656854,7.211103,8.062258,8.544004,9.486833,9.486833,9.486833,8.544004,7.615773,6.708204,5.385165,3.162278,1.0,2.0,3.162278,5.385165,7.615773,9.848858,12.083046,13.0,15.231546,14.866069,14.56022,13.601471,10.440307,10.77033,11.18034,12.041595,13.038405,13.152946,13.341664,13.601471,13.928388,14.317821,15.652476,16.124515,16.643317,17.492856,17.492856,17.492856,17.0,16.124515,14.764823,13.038405,10.630146,8.602325,8.062258,11.401754,13.928388,17.464249,20.248457,12.529964,14.317821,16.763055,17.262677,17.029386,15.033296,13.341664,10.77033,7.211103,4.242641,2.0,2.236068,5.0,7.071068,9.433981,10.816654,12.083046,13.928388,14.56022,15.524175,14.317821,14.317821,12.369317,11.7047,10.29563,9.899495,12.727922,13.453624,14.866069,14.866069,14.866069,14.142136,13.453624,12.806248,10.816654,9.433981,7.211103,5.656854,4.472136,4.0,5.385165,8.062258,10.816654,13.601471,16.401219,18.601075,20.248457,20.59126,20.59126,19.235384,17.464249,13.928388,11.661904,13.416408,15.231546,16.155494,16.155494,14.866069,13.601471,12.649111,10.77033,8.544004,7.211103,5.656854,5.385165,6.082763,6.0,7.0,8.062258,9.055385,9.055385,10.049876,10.049876,10.049876,10.049876,10.440307,9.848858,10.816654
hoyeon_stand_normal_01,1722,574,57.403136612021854,29.998360745314464,10,0.5311153531074524,0.6608917713165283,-0.0722586587071418,0.999068319797516,0.5342925190925598,0.6732023358345032,-0.064114473760128,0.9982773065567015,0.5349929332733154,0.6737713813781738,-0.0641167685389518,0.9979540705680848,0.5357807278633118,0.6745306253433228,-0.0640888586640358,0.9982905387878418,0.5350304245948792,0.6734535694122314,-0.0881565809249877,0.9985609650611876,0.5361537337303162,0.6740871667861938,-0.0881881937384605,0.9985699653625488,0.53741455078125,0.6748934984207153,-0.0882585421204567,0.998747169971466,0.5447049736976624,0.6725391149520874,-0.0134578505530953,0.9958422780036926,0.5458545684814453,0.6721668243408203,-0.1218952983617782,0.9985405802726746,0.5342189073562622,0.6486963629722595,-0.0500668846070766,0.998833179473877,0.5353742241859436,0.6486743688583374,-0.0814952403306961,0.9991726875305176,0.5536395311355591,0.6008867025375366,0.067258246243,0.9991896152496338,0.558773934841156,0.6079092025756836,-0.1719326227903366,0.999953031539917,0.5528119206428528,0.4973863959312439,0.0916188061237335,0.1152305379509925,0.5556774139404297,0.5056102275848389,-0.2013611793518066,0.9879896640777588,0.5515592694282532,0.4201793968677521,0.0401291437447071,0.2857475578784942,0.5423585176467896,0.4152723848819732,-0.1956010609865188,0.9741104245185852,0.551761269569397,0.393080472946167,0.0347532778978347,0.2744981646537781,0.5430911183357239,0.3866778612136841,-0.2182700037956237,0.9541730880737304,0.5470321178436279,0.3888526856899261,0.0166011918336153,0.2811968922615051,0.5390424728393555,0.3850964307785034,-0.2182133197784423,0.951062262058258,0.5466417670249939,0.3987673819065094,0.0298160184174776,0.2640970647335052,0.5379713177680969,0.3940162062644958,-0.1944584399461746,0.925705075263977,0.5498607158660889,0.4210062325000763,0.0712951570749282,0.9974448084831238,0.5536884665489197,0.4253064692020416,-0.0713578462600708,0.9978404641151428,0.5483180284500122,0.2791479825973511,0.0749274790287017,0.266084760427475,0.5536499619483948,0.2794086337089538,-0.0588488653302192,0.8146180510520935,0.5464938282966614,0.1366398632526397,0.1215758025646209,0.3726271092891693,0.5493811964988708,0.131850317120552,-0.010284979827702,0.8463776707649231,0.5505999326705933,0.1129195764660835,0.1215732246637344,0.511012613773346,0.554833173751831,0.1020364537835121,-0.0095417778939008,0.8069879412651062,0.5247855186462402,0.1148022934794426,0.0691754072904586,0.5705550312995911,0.5274063348770142,0.1051812022924423,-0.0772779285907745,0.8688903450965881,hoyeon_stand_normal_01,22.090722,22.203603,20.396078,18.681542,14.56022,11.7047,7.28011,4.0,2.828427,5.0,7.28011,9.848858,12.083046,14.317821,16.552945,18.384776,19.313208,20.248457,20.880613,19.646883,17.464249,14.317821,9.486833,5.656854,6.082763,8.944272,11.18034,11.18034,10.29563,10.29563,8.944272,6.324555,5.09902,5.09902,5.0,6.403124,8.062258,8.944272,8.944272,9.848858,10.29563,10.29563,8.944272,8.062258,7.211103,4.472136,3.0,3.162278,7.071068,11.18034,15.132746,18.027756,16.552945,16.124515,15.264338,15.0,13.453624,12.727922,11.401754,10.0,8.944272,7.28011,7.071068,6.082763,5.830952,7.071068,8.062258,9.848858,12.649111,15.811388,18.027756,20.248457,20.615528,21.931712,21.470911,19.723083,17.204651,14.21267,6.403124,4.472136,2.236068,3.162278,6.082763,8.062258,10.0,11.045361,11.18034,11.401754,10.440307,9.848858,8.544004,6.708204,4.472136,3.162278,1.0,2.0,4.123106,6.708204,9.848858,12.083046,13.928388,15.231546,16.155494,10.3580745,16.56787,16.227352500000002,13.910416,10.975335,10.0990195,9.1374645,10.3679685,11.7047,13.464194,15.231546,16.3542195,18.519551,19.8324725,20.419638,21.1184995,21.142044,20.8552755,18.832388,16.461069000000002,12.601965,9.109772,6.5163795,6.994157,10.408327,13.2460145,15.7057835,8.881774,6.9596535,5.9907045,5.2420925,7.440659,10.2201535,12.4278335,14.644137,16.106303500000003,17.2837745,17.578027499999997,17.116619999999998,16.278821,15.3268975,14.1241695,12.903124,12.041595,11.6776515,12.205456,12.2879365,12.843758,14.541322,15.903985,17.232124499999998,18.371168,18.192658
hoyeon_stand_normal_01,1725,575,57.50314207650273,29.998360745314464,10,0.53105628490448,0.6608893275260925,-0.0726093053817749,0.999072015285492,0.534261167049408,0.6732028722763062,-0.0644824281334877,0.9982864260673524,0.5349721908569336,0.6737753748893738,-0.0644848495721817,0.9979643821716307,0.5357677340507507,0.6745395660400391,-0.0644574537873268,0.9982972741127014,0.5349733233451843,0.6734529733657837,-0.0885064601898193,0.998569667339325,0.5360845327377319,0.6740903854370117,-0.08853779733181,0.9985782504081726,0.5373267531394958,0.6749022603034973,-0.0886076539754867,0.9987542629241944,0.5446928143501282,0.6725515127182007,-0.013860922306776,0.9958685636520386,0.5457474589347839,0.6721840500831604,-0.1222637742757797,0.998555064201355,0.5341826677322388,0.6487205624580383,-0.0504358857870101,0.9988428354263306,0.5353243350982666,0.6486930847167969,-0.0818463712930679,0.999180555343628,0.5534477829933167,0.6007751822471619,0.0667565613985061,0.9991928935050964,0.5587789416313171,0.6078065633773804,-0.17222660779953,0.9999531507492064,0.5526293516159058,0.4973486363887787,0.0915232598781585,0.1163434088230133,0.5556800961494446,0.5055723786354065,-0.2015908062458038,0.9879987239837646,0.5512090921401978,0.4201829433441162,0.04012081772089,0.2874799370765686,0.5424320697784424,0.4152712821960449,-0.1956837773323059,0.9741578698158264,0.5511376261711121,0.3930432200431824,0.0347424484789371,0.2759858965873718,0.5431805849075317,0.386673092842102,-0.218434527516365,0.9542511701583862,0.5466735363006592,0.3888437449932098,0.0164654571563005,0.2828117609024048,0.5391270518302917,0.3850901424884796,-0.2182573229074478,0.9511493444442748,0.5463119149208069,0.3987659811973572,0.0297627449035644,0.2657395005226135,0.5380489826202393,0.3940115571022033,-0.1944856792688369,0.925868034362793,0.5496701002120972,0.4210161864757538,0.0712717995047569,0.9974421858787536,0.5537673830986023,0.425323873758316,-0.0713341534137725,0.997840404510498,0.5482736229896545,0.2791886031627655,0.0744026973843574,0.266324371099472,0.5536996722221375,0.2794120907783508,-0.059352122247219,0.8145188689231873,0.5464759469032288,0.1366398930549621,0.1201855093240737,0.3722251653671264,0.5494472980499268,0.1318452805280685,-0.0114921582862734,0.8460652828216553,0.5500352382659912,0.1108695343136787,0.1200701370835304,0.5099881887435913,0.5548561215400696,0.1017497256398201,-0.010844437405467,0.8063759207725525,0.5247288346290588,0.1148728355765342,0.0675226002931594,0.5700805187225342,0.527417778968811,0.1051731407642364,-0.0790490955114364,0.8685445189476013,hoyeon_stand_normal_01,4.123106,2.828427,6.0,9.055385,11.18034,13.152946,14.142136,14.142136,14.142136,13.152946,12.041595,11.18034,9.219544,8.246211,5.385165,4.242641,4.0,5.830952,9.899495,13.601471,17.204651,20.615528,23.430749,25.455844,24.758837,23.430749,5.0,6.082763,7.28011,8.544004,9.848858,10.29563,10.29563,10.29563,10.29563,8.944272,7.211103,6.403124,4.242641,3.605551,3.162278,2.828427,5.830952,7.615773,9.848858,12.083046,13.416408,14.764823,14.764823,15.264338,13.892444,10.816654,11.045361,11.045361,12.165525,11.7047,12.529964,13.038405,14.21267,14.866069,14.866069,14.866069,16.278821,16.278821,16.970563,17.691806,17.691806,16.970563,16.278821,14.866069,12.041595,8.602325,7.071068,7.615773,10.0,14.142136,17.691806,20.615528,13.038405,15.620499,16.970563,17.804494,17.492856,16.155494,13.601471,11.18034,8.0,4.0,1.0,2.236068,5.830952,8.062258,10.0,12.041595,13.453624,14.866069,15.620499,16.401219,15.811388,15.811388,15.0,12.806248,12.041595,10.816654,15.297059,14.317821,12.165525,10.049876,9.055385,8.544004,9.433981,10.630146,12.727922,14.142136,15.0,17.204651,18.35756,18.384776,19.924859,19.416488,19.235384,17.117243,15.033296,12.165525,8.246211,7.071068,7.28011,10.049876,13.152946,16.278821,9.055385,7.071068,5.09902,4.242641,5.385165,8.062258,10.0,13.038405,14.035669,15.132746,15.297059,15.297059,13.601471,13.0,12.083046,10.77033,10.77033,9.486833,10.440307,10.198039,11.045361,13.038405,15.033296,16.03122,17.117243,16.124515
hoyeon_stand_normal_01,1728,576,57.603147540983606,29.998360745314464,10,0.5309855937957764,0.6608814001083374,-0.0726400762796402,0.9990773797035216,0.5342226028442383,0.673201322555542,-0.064487487077713,0.9982954263687134,0.5349456667900085,0.6737744808197021,-0.0644900277256965,0.9979754090309144,0.5357502698898315,0.6745395064353943,-0.0644625276327133,0.9983046054840088,0.5349077582359314,0.67345130443573,-0.0885273367166519,0.9985789060592652,0.5360077023506165,0.6740896701812744,-0.0885582417249679,0.9985874891281128,0.5372317433357239,0.6749032139778137,-0.0886278599500656,0.9987612962722778,0.5446716547012329,0.6725518703460693,-0.0138075239956378,0.995891809463501,0.5456318259239197,0.6721897125244141,-0.1223014891147613,0.9985669255256652,0.5341394543647766,0.6487225294113159,-0.05044911429286,0.9988510012626648,0.5352702736854553,0.6486943364143372,-0.0818863213062286,0.9991869330406188,0.5532891154289246,0.6007390022277832,0.0667885914444923,0.9991965889930724,0.5587891936302185,0.6077917218208313,-0.1723886430263519,0.9999532103538512,0.5524484515190125,0.4973467290401459,0.0916396677494049,0.1177097633481025,0.5556877255439758,0.5055714845657349,-0.2020936459302902,0.9880504012107848,0.5509797930717468,0.4201957881450653,0.0403999686241149,0.290080189704895,0.5424983501434326,0.415292352437973,-0.1970592141151428,0.9743202328681946,0.5507487654685974,0.3930297195911407,0.0350898243486881,0.2781983613967895,0.543258547782898,0.3866836130619049,-0.2199601978063583,0.9545087814331056,0.5464757680892944,0.388838529586792,0.0167066734284162,0.2851545810699463,0.5392167568206787,0.385090708732605,-0.2200375646352768,0.9514264464378356,0.5461657643318176,0.3987731635570526,0.0300167277455329,0.2680067718029022,0.5381409525871277,0.3940124213695526,-0.1959804594516754,0.9262510538101196,0.5495548248291016,0.4210216701030731,0.0712724924087524,0.9974389672279358,0.553850531578064,0.425339013338089,-0.0713348388671875,0.9978401064872742,0.548251211643219,0.2792245149612427,0.0737555548548698,0.2676118612289428,0.5537679195404053,0.2794138193130493,-0.0604895539581775,0.8155995607376099,0.5463998317718506,0.1366681456565857,0.1187957599759101,0.3731009364128113,0.549453854560852,0.1318553239107132,-0.0138691067695617,0.8469950556755066,0.550038754940033,0.1121148392558097,0.1185781508684158,0.5102486610412598,0.554894208908081,0.1016589924693107,-0.0134059470146894,0.8068400025367737,0.5245803594589233,0.1151472255587577,0.0657236576080322,0.5709551572799683,0.5274844765663147,0.1051743403077125,-0.0823051258921623,0.8692013621330261,hoyeon_stand_normal_01,25.238859,25.059928,24.166092,20.615528,18.027756,13.601471,9.486833,5.0,3.162278,4.242641,7.211103,10.29563,13.038405,15.811388,18.027756,20.808652,22.203603,23.430749,23.345235,22.627417,19.79899,16.278821,10.630146,7.28011,7.211103,11.401754,11.661904,12.529964,12.529964,11.18034,9.433981,8.602325,6.403124,5.385165,6.0,7.28011,8.544004,9.848858,11.18034,12.083046,11.7047,11.7047,11.401754,10.440307,8.246211,6.324555,4.242641,4.123106,7.81025,12.041595,16.278821,21.213203,10.440307,11.18034,11.661904,12.806248,13.453624,13.453624,14.422205,14.764823,15.652476,16.552945,16.552945,17.464249,17.464249,18.384776,18.384776,17.888544,16.552945,15.652476,13.0,10.198039,8.062258,8.602325,12.206556,16.124515,19.723083,22.472205,13.892444,16.643317,18.439089,19.104973,18.601075,17.888544,14.866069,12.369317,9.055385,5.09902,2.236068,1.414214,4.0,7.28011,9.848858,11.18034,13.038405,14.21267,14.866069,15.556349,15.556349,14.866069,13.453624,11.401754,11.18034,10.198039,16.155494,15.231546,13.0,10.440307,9.0,8.246211,8.944272,11.18034,13.038405,15.264338,16.552945,17.088007,18.973666,19.416488,20.099751,20.024984,20.024984,18.11077,15.132746,12.041595,9.055385,5.830952,7.28011,10.0,14.142136,16.124515,10.77033,8.246211,6.0,5.385165,7.211103,9.848858,11.7047,13.601471,15.811388,16.155494,16.552945,16.124515,15.264338,14.422205,13.601471,12.806248,11.401754,10.816654,10.29563,10.77033,11.7047,13.601471,15.524175,16.492423,16.763055,18.027756
hoyeon_stand_normal_01,1731,577,57.70315300546448,29.998360745314464,10,0.5308854579925537,0.6608595252037048,-0.0723818242549896,0.999071717262268,0.5341576337814331,0.6731995940208435,-0.0641807913780212,0.9982897043228148,0.5348928570747375,0.6737735867500305,-0.0641833916306495,0.99796861410141,0.5357086658477783,0.6745392680168152,-0.0641558021306991,0.9982978105545044,0.5348218679428101,0.673449695110321,-0.0882566645741462,0.9985733032226562,0.5359132885932922,0.6740896701812744,-0.0882873907685279,0.998581051826477,0.5371255874633789,0.6749076247215271,-0.0883575230836868,0.9987552165985109,0.5446544885635376,0.6725600957870483,-0.0134307509288191,0.9958765506744384,0.5455325841903687,0.6722014546394348,-0.1221024915575981,0.9985644817352296,0.5340530276298523,0.6487203240394592,-0.0501666106283664,0.9988483786582948,0.535154402256012,0.6486918330192566,-0.0816517546772956,0.999184787273407,0.5532907247543335,0.600712776184082,0.0671274214982986,0.9991980195045472,0.5587882995605469,0.6077878475189209,-0.1722800135612487,0.999953269958496,0.552460789680481,0.4973301589488983,0.0917059332132339,0.1179544404149055,0.5556944608688354,0.5055996179580688,-0.2020878195762634,0.9879926443099976,0.5510733127593994,0.4201941192150116,0.0404580309987068,0.2906738817691803,0.5425474643707275,0.4152969717979431,-0.1972963809967041,0.9742724895477296,0.550972044467926,0.3929957449436188,0.0351611636579036,0.2787245213985443,0.5433253645896912,0.386680543422699,-0.2202951312065124,0.9544675946235656,0.5465654730796814,0.3888282477855682,0.0167550351470708,0.2857311964035034,0.5393082499504089,0.3850868642330169,-0.2202997952699661,0.9513766169548036,0.5462570786476135,0.3987714946269989,0.0300675425678491,0.2685988545417785,0.5382274985313416,0.3940089344978332,-0.1962051391601562,0.9261786937713624,0.5495517253875732,0.4210191071033478,0.0713114365935325,0.997441291809082,0.5538472533226013,0.4253391325473785,-0.0713743194937706,0.9978421926498412,0.5482728481292725,0.2793023288249969,0.0738667100667953,0.2676856815814972,0.5537840723991394,0.2794822752475738,-0.060488037765026,0.8160431385040283,0.5463993549346924,0.1366791576147079,0.1190458685159683,0.3734804689884186,0.5494325757026672,0.1318710148334503,-0.0137519650161266,0.8474648594856262,0.5497612357139587,0.1106083393096923,0.118858017027378,0.5109974145889282,0.5548677444458008,0.1016772091388702,-0.013259720057249,0.807252824306488,0.524554967880249,0.1151595637202262,0.0661639422178268,0.5712623000144958,0.5274831056594849,0.105178102850914,-0.0820451751351356,0.8694559335708618,hoyeon_stand_normal_01,24.758837,25.612497,24.413111,21.095023,17.492856,13.892444,9.433981,5.656854,3.162278,4.242641,6.708204,8.544004,11.7047,14.56022,16.763055,18.681542,20.248457,21.540659,21.540659,19.697716,17.888544,14.764823,9.848858,5.0,4.472136,10.0,10.198039,10.049876,10.049876,9.055385,8.062258,6.082763,4.472136,3.605551,5.0,6.324555,7.615773,8.944272,9.848858,10.77033,10.77033,10.77033,9.486833,8.544004,7.615773,5.385165,3.605551,4.472136,7.81025,12.806248,16.401219,20.615528,16.124515,16.124515,15.811388,14.21267,13.453624,11.313708,10.0,8.602325,7.615773,6.324555,5.0,4.472136,5.0,6.708204,8.246211,10.198039,13.038405,16.124515,18.11077,20.223748,21.377558,21.377558,20.880613,18.973666,16.552945,13.416408,6.403124,3.605551,1.414214,1.0,4.123106,7.071068,9.055385,11.0,12.041595,13.152946,12.369317,11.401754,10.77033,9.848858,7.615773,6.324555,4.123106,2.0,2.236068,4.123106,6.324555,8.944272,11.7047,13.928388,15.231546,15.652476,16.552945,15.231546,13.416408,10.816654,9.219544,8.062258,9.486833,10.198039,12.165525,14.142136,16.278821,17.720045,18.384776,20.124612,20.248457,20.808652,19.849433,17.691806,15.556349,12.041595,8.602325,6.082763,6.403124,10.0,13.038405,16.124515,9.848858,8.062258,5.656854,5.385165,7.071068,9.848858,12.083046,14.764823,15.652476,16.155494,17.088007,16.763055,15.524175,15.297059,13.152946,13.152946,12.165525,11.401754,10.77033,10.77033,12.529964,13.892444,15.264338,16.643317,18.35756,18.35756
hoyeon_stand_normal_01,1734,578,57.80315846994535,29.998360745314464,10,0.5308388471603394,0.6607635617256165,-0.0681384280323982,0.999056875705719,0.5341306328773499,0.673169732093811,-0.0597561448812484,0.9982630610466005,0.5348686575889587,0.6737473011016846,-0.0597595684230327,0.997938632965088,0.5356871485710144,0.6745144128799438,-0.0597320087254047,0.9982736110687256,0.5347936749458313,0.6734209656715393,-0.0839760228991508,0.9985504746437072,0.5358837246894836,0.6740697026252747,-0.08400409668684,0.9985580444335938,0.5370942950248718,0.6748946309089661,-0.0840741321444511,0.9987342953681946,0.544641375541687,0.6725518703460693,-0.0090913781896233,0.9958091378211976,0.5454913973808289,0.6722005009651184,-0.1184377521276474,0.9985421299934388,0.534004271030426,0.6486533284187317,-0.0459814816713333,0.9988277554512024,0.5351133346557617,0.6486254930496216,-0.0776582956314086,0.9991692304611206,0.5532312989234924,0.6006736755371094,0.0713664144277572,0.9991960525512696,0.558788537979126,0.6078082919120789,-0.1701101213693618,0.9999530911445618,0.5524538159370422,0.4973349571228027,0.0958415120840072,0.1174985542893409,0.555700957775116,0.5058138370513916,-0.2007890194654464,0.9879150986671448,0.5510615706443787,0.4202027916908264,0.0445935651659965,0.289894163608551,0.5426326990127563,0.4153752624988556,-0.1967303454875946,0.9741387963294984,0.5509226322174072,0.3929686248302459,0.0397352166473865,0.2781994044780731,0.5434123873710632,0.3867432475090027,-0.2198045551776886,0.9543077945709229,0.5464531779289246,0.3888099491596222,0.0211698450148105,0.285246342420578,0.539393424987793,0.3851359784603119,-0.2195529639720916,0.9511900544166564,0.5461447238922119,0.3987668752670288,0.0341566540300846,0.2683102190494537,0.5383965969085693,0.3940379917621612,-0.1955555379390716,0.9258775115013124,0.5495404601097107,0.4210104644298553,0.0716904774308204,0.9974374175071716,0.5538485050201416,0.4253484606742859,-0.0717556104063987,0.9978353977203368,0.5482731461524963,0.2792503535747528,0.0741438195109367,0.2662107050418854,0.5537732243537903,0.2794809937477112,-0.0608040653169155,0.8163136839866638,0.5465644001960754,0.1366744190454483,0.1190549507737159,0.3726029396057129,0.5494424700737,0.1318597495555877,-0.0144764799624681,0.848038911819458,0.5497710108757019,0.1095149219036102,0.1188640743494033,0.5109885334968567,0.5549072027206421,0.1015698835253715,-0.0140011925250291,0.8082667589187622,0.5245535373687744,0.1151453182101249,0.0664189085364341,0.5707165598869324,0.5274223685264587,0.1051573082804679,-0.0823248252272605,0.869890570640564,hoyeon_stand_normal_01,5.061553,4.88998,7.566663,10.5990195,13.202493,15.342367499999998,16.320709,16.8174725,16.8174725,15.717532,14.686442,13.202493,11.7216745,9.842436,7.245606499999999,4.736068,3.5811390000000003,5.743903,9.609772,13.901614,17.9393505,22.640898,24.8243915,26.0051575,26.9073515,25.1076465,5.6925825,6.082763,7.8078865,8.640901,9.937144,10.3679685,11.260677,10.532979999999998,10.532979999999998,9.2155525,7.413437999999999,5.6080585,3.605551,1.825141,2.1213205,3.817207,5.7117875,8.2789505,10.9513695,13.515797,15.2148355,16.9544755,17.299841,16.6118145,15.0264515,12.331387,16.278821,14.866069,14.21267,13.601471,13.038405,11.18034,9.848858,9.219544,8.062258,6.0,5.385165,5.0,5.830952,7.28011,9.055385,12.0,14.0,17.0,19.0,21.023796,23.086793,23.194827,22.36068,20.615528,18.027756,15.231546,7.28011,5.09902,3.0,1.414214,4.123106,6.324555,8.544004,10.440307,12.165525,12.165525,12.041595,12.0,11.0,9.055385,8.062258,6.082763,5.0,3.0,1.414214,3.162278,5.0,7.81025,10.630146,12.041595,14.21267,15.556349,16.278821,14.142136,12.727922,11.401754,8.944272,9.486833,10.0,11.0,13.038405,15.033296,16.0,17.029386,18.248288,19.646883,20.248457,19.697716,19.723083,17.492856,16.124515,12.529964,9.486833,8.0,8.062258,11.401754,14.422205,16.643317,8.602325,6.708204,5.09902,5.09902,6.403124,8.602325,11.661904,13.038405,14.422205,15.620499,16.278821,15.556349,14.866069,14.21267,12.806248,12.806248,11.401754,11.313708,10.630146,10.630146,12.806248,13.601471,15.811388,16.401219,17.029386,17.691806
hoyeon_stand_normal_01,1737,579,57.90316393442623,29.998360745314464,10,0.5307819843292236,0.6606826782226562,-0.0686267167329788,0.9990429878234864,0.5340799689292908,0.6731293201446533,-0.0603431835770607,0.9982386827468872,0.5348226428031921,0.6737073063850403,-0.0603472143411636,0.9979091882705688,0.5356459021568298,0.674472451210022,-0.0603205971419811,0.9982449412345886,0.5347527265548706,0.6733865141868591,-0.0843700170516967,0.9985284209251404,0.5358498692512512,0.6740429997444153,-0.0843988582491874,0.9985340237617492,0.5370655655860901,0.6748732328414917,-0.0844687670469284,0.9987125992774964,0.5446208715438843,0.6725240349769592,-0.0095788398757576,0.9957522749900818,0.5454673171043396,0.6721883416175842,-0.1185147911310195,0.998524844646454,0.5339544415473938,0.6485995650291443,-0.0464305654168129,0.9988099336624146,0.5350785851478577,0.6485609412193298,-0.0778835043311119,0.9991574287414552,0.5531432628631592,0.6006599068641663,0.0698965936899185,0.9991973042488098,0.5587929487228394,0.6078144311904907,-0.1697845607995987,0.9999528527259828,0.5523961782455444,0.497342437505722,0.093692809343338,0.117927648127079,0.5556871891021729,0.5058839321136475,-0.199008896946907,0.9877457022666932,0.551074743270874,0.4202552437782287,0.0413140468299388,0.2904797196388244,0.5426501035690308,0.4154296219348907,-0.1915075778961181,0.9738536477088928,0.5509535670280457,0.3929677903652191,0.0354153998196125,0.2786662876605987,0.5434130430221558,0.3868071436882019,-0.2137705385684967,0.9538618922233582,0.5464707612991333,0.3888058662414551,0.0173470638692379,0.2858404517173767,0.5394095182418823,0.3851681351661682,-0.2141536921262741,0.9507319331169128,0.5461887717247009,0.3988043963909149,0.0309989433735609,0.2688817977905273,0.5384399890899658,0.3940482139587402,-0.1904607117176056,0.9253588318824768,0.5491532683372498,0.4209764003753662,0.0709139555692672,0.9974324703216552,0.5538815259933472,0.4253335893154144,-0.0709709152579307,0.9978359937667848,0.5479865670204163,0.2792570888996124,0.0747060775756836,0.2657238245010376,0.5537219643592834,0.2794846296310425,-0.0583112724125385,0.8121752142906189,0.54655522108078,0.1366992443799972,0.1213069781661033,0.3710328340530395,0.5494392514228821,0.1319128721952438,-0.0080207725986838,0.8452296257019043,0.5497801899909973,0.1114161983132362,0.1213752850890159,0.5094809532165527,0.554867148399353,0.1015933528542518,-0.0069846734404563,0.8055189847946167,0.524553120136261,0.1149957478046417,0.0691951662302017,0.5693058967590332,0.5274462103843689,0.1048321723937988,-0.0745570808649063,0.8678566813468933,hoyeon_stand_normal_01,23.600847,23.430749,22.627417,19.849433,17.029386,12.806248,8.485281,5.0,3.0,4.472136,7.28011,10.198039,12.165525,15.297059,17.464249,19.646883,20.615528,23.086793,22.472205,21.931712,18.788294,15.231546,10.77033,6.0,6.403124,10.440307,11.313708,12.041595,11.313708,10.630146,9.899495,7.81025,6.708204,5.09902,6.082763,6.708204,7.81025,9.219544,10.0,10.630146,10.630146,10.816654,10.816654,9.433981,8.062258,5.656854,3.605551,3.605551,6.708204,10.77033,15.231546,20.124612,11.0,12.369317,13.928388,13.892444,14.422205,14.866069,16.278821,17.029386,17.204651,18.027756,18.867962,18.867962,19.416488,20.248457,20.248457,19.416488,18.027756,16.643317,13.892444,10.77033,8.062258,9.219544,12.206556,17.0,20.59126,23.853721,14.422205,17.0,19.313208,20.615528,19.235384,18.0,16.124515,12.649111,8.944272,5.0,2.0,3.0,6.324555,8.062258,10.630146,12.727922,14.866069,16.401219,16.643317,17.492856,17.0,16.124515,14.422205,13.038405,11.313708,10.29563,14.21267,14.866069,15.620499,15.620499,16.401219,15.0,14.422205,13.038405,11.661904,10.29563,8.944272,7.211103,5.656854,5.385165,6.0,8.246211,10.440307,13.928388,16.155494,18.027756,19.924859,20.615528,20.615528,18.439089,16.278821,14.142136,12.041595,14.21267,15.0,15.811388,16.643317,15.264338,15.264338,13.038405,10.816654,9.219544,7.81025,7.211103,6.324555,7.071068,7.0,8.062258,9.055385,10.049876,10.049876,11.045361,11.045361,11.18034,11.18034,11.401754,11.7047,11.661904
hoyeon_stand_normal_01,1740,580,58.003169398907104,29.998360745314464,10,0.5307559967041016,0.6606783270835876,-0.0696027129888534,0.9990301132202148,0.5340643525123596,0.673126757144928,-0.0614800900220871,0.998213231563568,0.5348008275032043,0.6737053990364075,-0.0614846684038639,0.9978761672973632,0.5356188416481018,0.6744706034660339,-0.0614593625068664,0.9982128739356996,0.5347496867179871,0.6733850836753845,-0.0853449180722236,0.9985072612762452,0.5358470678329468,0.6740455627441406,-0.0853752642869949,0.9985110759735109,0.5370686054229736,0.6748805046081543,-0.0854457691311836,0.9986931085586548,0.5446135401725769,0.6725133657455444,-0.01064043212682,0.9956863522529602,0.5454683899879456,0.6721857786178589,-0.1188697516918182,0.9985106587409972,0.5339161157608032,0.6485981345176697,-0.047345258295536,0.9987927675247192,0.5350623726844788,0.6485491991043091,-0.0786000713706016,0.9991484880447388,0.5529190301895142,0.6006300449371338,0.0681734457612037,0.999197483062744,0.5588276982307434,0.6078344583511353,-0.1697169989347458,0.9999525547027588,0.552234411239624,0.4973537921905517,0.0924471393227577,0.1183698698878288,0.555702269077301,0.5059466361999512,-0.1980245858430862,0.9876210689544678,0.5508518815040588,0.4202615320682525,0.0399274639785289,0.2914497554302215,0.542724609375,0.4155029356479645,-0.1886635273694992,0.973697304725647,0.5506676435470581,0.3929542303085327,0.033681645989418,0.2793850898742676,0.5434362292289734,0.3869555592536926,-0.2105141729116439,0.9535827040672302,0.5462734699249268,0.388798177242279,0.0156658459454774,0.2867336571216583,0.5394847393035889,0.385258138179779,-0.211189717054367,0.950460970401764,0.5460325479507446,0.398803561925888,0.0296133048832416,0.2697142660617828,0.5385596752166748,0.3940656185150146,-0.1876581460237503,0.9251089692115784,0.5487598776817322,0.4207306206226349,0.0698176771402359,0.997432291507721,0.5540217161178589,0.4251680970191955,-0.0698669180274009,0.9978410601615906,0.5473746657371521,0.2792196869850158,0.0749463140964508,0.2665925323963165,0.5536454916000366,0.279426634311676,-0.0562234595417976,0.8082219958305359,0.546373188495636,0.1367011815309524,0.1231178566813469,0.3703193366527557,0.5494152903556824,0.1319393366575241,-0.0033000989351421,0.8423840999603271,0.5496766567230225,0.1127606630325317,0.1233702600002288,0.5079848170280457,0.5547904372215271,0.1016102507710456,-0.0019516220781952,0.8022420406341553,0.5245786905288696,0.1146102175116539,0.0709679201245307,0.5685582756996155,0.5275346040725708,0.1045692935585975,-0.0694245249032974,0.8659530282020569,hoyeon_stand_normal_01,5.0,4.472136,7.0,11.18034,14.317821,16.278821,17.262677,17.262677,17.262677,16.278821,15.297059,13.341664,12.369317,10.440307,7.615773,5.656854,4.123106,5.830952,10.0,14.422205,18.867962,23.323808,26.627054,27.802878,28.319605,26.870058,6.324555,7.0,8.062258,9.486833,10.77033,10.77033,11.18034,11.18034,11.18034,9.848858,8.544004,6.708204,4.472136,2.828427,2.236068,3.605551,5.385165,8.246211,10.440307,12.369317,15.524175,16.763055,17.464249,16.552945,15.231546,12.083046,15.3387285,14.78011,14.370013,12.841455,12.062320499999998,10.885165,9.63471,8.154234500000001,7.3078865,5.751072000000001,5.328427,5.1925825,5.5908915,7.531129,9.353188500000002,11.7047,14.1231045,17.044003500000002,19.050751,21.106708,22.033828,22.4697265,22.200679,20.309913,17.6452165,14.5178345,7.071068,5.04951,2.9142135,2.0811390000000003,4.455595,6.859556,9.2675785,11.0,11.7216745,11.9137145,12.1242855,10.8103235,9.96357,9.0154185,6.8023325,5.2774495,3.179587,1.618034,1.618034,4.081139,6.2281165000000005,8.757634,11.4059625,12.216311,14.035262,14.866069,16.492423,15.524175,14.317821,12.041595,11.045361,9.486833,10.29563,12.206556,13.601471,15.0,16.643317,18.35756,19.697716,20.248457,20.615528,20.223748,20.099751,18.027756,16.0,13.038405,9.219544,7.211103,7.28011,10.0,13.152946,16.278821,10.049876,8.0,6.082763,5.830952,7.615773,9.219544,12.165525,14.142136,16.278821,17.464249,17.720045,16.763055,16.155494,15.652476,14.764823,13.416408,12.083046,12.083046,12.083046,12.649111,13.341664,14.317821,15.132746,17.262677,18.439089,18.439089
hoyeon_stand_normal_01,1743,581,58.10317486338798,29.998360745314464,10,0.5307273864746094,0.6606739163398743,-0.0698032528162002,0.998997449874878,0.5340431332588196,0.6731213331222534,-0.0616960525512695,0.998155951499939,0.534777820110321,0.6736987829208374,-0.061700489372015,0.9978079199790956,0.5355954766273499,0.6744622588157654,-0.0616755075752735,0.9981534481048584,0.5347424149513245,0.6733831167221069,-0.0855394080281257,0.9984588027000428,0.5358436703681946,0.6740444898605347,-0.0855698585510253,0.998461127281189,0.5370671153068542,0.6748807430267334,-0.085640862584114,0.998650848865509,0.5446042418479919,0.6724957227706909,-0.0108369849622249,0.995547890663147,0.5454651117324829,0.6721729636192322,-0.1189251989126205,0.9984660744667052,0.5338764786720276,0.6485906839370728,-0.0475321263074874,0.9987476468086244,0.5350427627563477,0.6485348343849182,-0.0787472873926162,0.999119520187378,0.5528923869132996,0.6006277203559875,0.0679545253515243,0.9991886615753174,0.5588281750679016,0.6078370809555054,-0.1696904003620147,0.999951720237732,0.5521519184112549,0.4974577724933624,0.0923504456877708,0.1178767085075378,0.5557063221931458,0.505972683429718,-0.1979825645685196,0.9874199628829956,0.5505572557449341,0.4203908443450928,0.040080115199089,0.2902753055095672,0.542765736579895,0.4155920743942261,-0.1886544525623321,0.9733131527900696,0.5502537488937378,0.3929476737976074,0.0339912585914135,0.2784584462642669,0.5434501767158508,0.3871033489704132,-0.2104769647121429,0.952996790409088,0.5459212064743042,0.3888110220432281,0.0159113947302103,0.2859108746051788,0.5395262241363525,0.3853791356086731,-0.2110747396945953,0.9498642086982728,0.5456993579864502,0.3988595604896545,0.0297616124153137,0.2690270543098449,0.5386218428611755,0.3940930366516113,-0.1876354813575744,0.924372375011444,0.5487688183784485,0.4207188785076141,0.0697346404194831,0.9973989129066468,0.5540344715118408,0.4251590669155121,-0.0697842389345169,0.997812032699585,0.5473676919937134,0.2793008089065552,0.0752896890044212,0.265604019165039,0.5535279512405396,0.2795274555683136,-0.0562456622719764,0.8042460083961487,0.5463742017745972,0.1368314325809478,0.1232050433754921,0.3685165643692016,0.5493472218513489,0.1322973221540451,-0.0043244445696473,0.8395658135414124,0.549694299697876,0.1135890558362007,0.1233916506171226,0.5059605240821838,0.5546503067016602,0.1016519889235496,-0.0031160609796643,0.7999282479286194,0.5248081088066101,0.1146169379353523,0.0711167752742767,0.566408634185791,0.5275871753692627,0.1046280190348625,-0.0703817978501319,0.8638038039207458,hoyeon_stand_normal_01,25.612497,26.172505,24.083189,21.400935,17.804494,14.422205,10.0,5.656854,3.0,3.605551,6.324555,9.219544,12.369317,14.317821,17.464249,19.646883,21.84033,22.135944,22.847319,21.023796,18.788294,15.231546,10.77033,6.082763,6.708204,11.18034,11.313708,11.313708,11.313708,10.630146,8.485281,7.81025,6.324555,6.0,6.324555,7.211103,8.602325,10.630146,11.313708,12.041595,11.401754,11.401754,11.401754,10.0,8.602325,6.403124,4.472136,4.472136,7.81025,12.529964,17.888544,21.095023,15.620499,15.0,14.422205,13.892444,12.083046,10.77033,9.219544,8.062258,7.0,6.324555,5.830952,5.656854,5.385165,8.062258,10.049876,11.18034,14.317821,17.464249,19.416488,21.377558,22.36068,22.203603,22.022716,20.0,18.027756,14.142136,6.708204,4.472136,2.236068,1.0,3.162278,6.324555,9.219544,10.198039,12.165525,12.041595,12.0,12.041595,10.049876,10.198039,8.062258,6.082763,4.123106,2.0,1.0,3.605551,5.656854,8.485281,9.899495,12.727922,14.142136,14.866069,16.03122,14.035669,12.165525,10.198039,8.944272,9.219544,10.0,10.816654,13.038405,14.422205,15.811388,16.401219,17.691806,18.439089,20.248457,19.235384,18.788294,17.088007,14.866069,12.083046,8.602325,5.830952,8.062258,10.77033,13.892444,16.124515,9.219544,7.28011,5.830952,5.0,6.082763,8.062258,11.18034,13.341664,14.317821,15.297059,15.132746,16.03122,15.033296,13.038405,12.041595,12.165525,11.045361,11.045361,10.0,11.045361,12.165525,13.341664,14.317821,15.524175,16.278821,17.262677
hoyeon_stand_normal_01,1746,582,58.20318032786885,29.998360745314464,10,0.5306826233863831,0.6607313752174377,-0.069997414946556,0.9989687204360962,0.5340303182601929,0.6731945276260376,-0.0618398450314998,0.9981062412261964,0.5347674489021301,0.6737770438194275,-0.0618443414568901,0.997750997543335,0.535587728023529,0.6745471358299255,-0.0618192516267299,0.9981048107147216,0.5347326397895813,0.6734814643859863,-0.0857254937291145,0.9984166622161864,0.5358355641365051,0.674170196056366,-0.0857557728886604,0.9984190464019777,0.5370620489120483,0.6750298142433167,-0.08582703769207,0.9986132979393004,0.5446024537086487,0.6725404262542725,-0.0108943553641438,0.9954304695129396,0.5454538464546204,0.6722155809402466,-0.1190882474184036,0.9984257221221924,0.5338062047958374,0.6486440300941467,-0.0476911924779415,0.9987109303474426,0.5349727869033813,0.648585319519043,-0.0789539143443107,0.9990949034690856,0.5529103875160217,0.6006443500518799,0.0679676383733749,0.999178409576416,0.5588005185127258,0.607851505279541,-0.1698825657367706,0.9999510645866394,0.5521581768989563,0.4975129961967468,0.0923593044281005,0.1171775683760643,0.5556894540786743,0.5059801936149597,-0.1986644268035888,0.9872786402702332,0.5505849719047546,0.4204196333885193,0.0401764251291751,0.2883775532245636,0.5427678823471069,0.4155947268009186,-0.1896159201860427,0.9729467630386353,0.5502634644508362,0.3929200768470764,0.0342586487531662,0.276926577091217,0.5434471964836121,0.3871108591556549,-0.2115369439125061,0.9524452686309814,0.5458838939666748,0.3888034224510193,0.016177725046873,0.284390777349472,0.5395327210426331,0.3853824436664581,-0.2120742946863174,0.9492763876914978,0.5456814169883728,0.3988591432571411,0.0298576857894659,0.2677396833896637,0.5386363863945007,0.39407879114151,-0.188593327999115,0.9235748648643494,0.5488795042037964,0.4206442236900329,0.0699592903256416,0.9973734021186828,0.5540246963500977,0.4250852465629577,-0.0700110867619514,0.9977869987487792,0.5473548173904419,0.2793399393558502,0.0763753876090049,0.2644769549369812,0.5534158945083618,0.2795915305614471,-0.0564453676342964,0.8034761548042297,0.546380341053009,0.1368666738271713,0.1243738681077957,0.3674668073654175,0.5493413209915161,0.1323294192552566,-0.0052813300862908,0.8389879465103149,0.5497516393661499,0.1138325110077858,0.1245401874184608,0.5052962899208069,0.5546252727508545,0.101668581366539,-0.0041995462961494,0.7998851537704468,0.5247211456298828,0.1148278340697288,0.0726090893149375,0.5653883814811707,0.5275707840919495,0.1047513261437416,-0.0715934708714485,0.8632935881614685,hoyeon_stand_normal_01,5.0,4.123106,7.071068,10.630146,13.453624,15.620499,17.029386,17.029386,17.029386,16.401219,15.620499,14.21267,12.206556,10.816654,8.062258,5.385165,3.162278,4.123106,8.246211,13.601471,18.027756,22.135944,25.0,26.683328,27.45906,25.079872,6.082763,6.324555,7.211103,9.219544,9.899495,10.630146,11.401754,11.401754,10.630146,9.219544,7.81025,6.403124,3.605551,2.236068,1.414214,3.0,5.385165,8.544004,10.440307,12.649111,14.56022,16.492423,17.464249,17.262677,15.132746,12.165525,10.049876,10.77033,11.661904,11.401754,12.727922,12.806248,13.892444,14.764823,15.231546,16.155494,16.155494,17.088007,17.088007,18.384776,17.464249,17.464249,15.652476,14.317821,12.083046,9.055385,7.28011,7.071068,11.18034,14.866069,18.973666,21.540659,13.0,16.124515,17.204651,19.104973,17.691806,16.643317,14.317821,11.7047,8.246211,5.09902,1.0,2.0,5.09902,7.28011,9.848858,12.083046,13.892444,14.422205,16.401219,17.029386,17.029386,16.278821,15.0,13.601471,12.529964,11.7047,13.152946,14.142136,14.035669,15.132746,15.132746,14.317821,13.341664,12.369317,10.77033,9.486833,7.615773,6.324555,5.0,4.472136,5.656854,8.062258,9.848858,12.649111,15.231546,17.464249,18.788294,19.235384,19.723083,18.027756,15.811388,13.601471,12.165525,13.341664,14.56022,15.811388,15.811388,15.231546,14.317821,13.0,10.77033,8.544004,7.071068,6.0,5.385165,5.830952,6.403124,7.071068,8.485281,9.219544,9.219544,9.899495,9.899495,10.630146,10.630146,10.816654,10.29563,11.7047
hoyeon_stand_normal_01,1749,583,58.30318579234972,29.998360745314464,10,0.5306793451309204,0.6606836915016174,-0.0697010681033134,0.9989464282989502,0.5340139269828796,0.6731691956520081,-0.0615121163427829,0.9980700612068176,0.5347517132759094,0.6737543940544128,-0.0615171454846859,0.9977073669433594,0.5355733036994934,0.6745268702507019,-0.0614919997751712,0.9980680346488952,0.5347188711166382,0.6734606623649597,-0.0854129344224929,0.9983855485916138,0.5358231067657471,0.6741545796394348,-0.0854428857564926,0.9983878135681152,0.5370509624481201,0.6750178933143616,-0.0855137258768081,0.9985869526863098,0.5445939898490906,0.6725360751152039,-0.0107780946418643,0.9953436255455016,0.5454419255256653,0.6722108721733093,-0.1189431846141815,0.9983971118927002,0.5338026881217957,0.6485917568206787,-0.047498483210802,0.9986822605133056,0.5349693894386292,0.6485297679901123,-0.0787724778056144,0.99907648563385,0.5530295968055725,0.6006839871406555,0.0679743513464927,0.9991684556007384,0.5587520599365234,0.607850968837738,-0.169517233967781,0.9999500513076782,0.5522187352180481,0.4975164234638214,0.0922335907816886,0.1165078729391098,0.5556248426437378,0.5059382319450378,-0.1982743144035339,0.9870787858963012,0.5506926774978638,0.4204578697681427,0.0402237623929977,0.2866111099720001,0.5427500605583191,0.4155901372432709,-0.1892332881689071,0.972491979598999,0.5503627061843872,0.3929161727428436,0.0343038253486156,0.275417685508728,0.5434078574180603,0.3871102333068847,-0.2110704034566879,0.9517623782157898,0.5459204912185669,0.3888002932071686,0.016397263854742,0.2828707993030548,0.539525032043457,0.38538259267807,-0.2113211005926132,0.9485673308372498,0.5457159280776978,0.398862212896347,0.0298859421163797,0.2663170993328094,0.5386317372322083,0.3940624296665191,-0.1881073117256164,0.9226583242416382,0.5490794777870178,0.4206351041793823,0.0699373632669448,0.9973447918891908,0.5539553165435791,0.4250780344009399,-0.0699910074472427,0.9977567791938782,0.5473653078079224,0.279355525970459,0.0754901841282844,0.2642517983913421,0.5533750653266907,0.2796630561351776,-0.0565193518996238,0.8019013404846191,0.5463618636131287,0.1368551850318908,0.1219728738069534,0.3668001592159271,0.5492459535598755,0.1323647201061248,-0.0063851024024188,0.8374929428100586,0.5498347878456116,0.1138812750577926,0.1219397112727165,0.5042842030525208,0.5545766949653625,0.1017938405275344,-0.0053790239617228,0.7986566424369812,0.524739146232605,0.1147078797221183,0.0701308771967887,0.5639330148696899,0.5275800228118896,0.1047614216804504,-0.0718132182955741,0.8620139360427856,hoyeon_stand_normal_01,4.472136,3.605551,5.385165,9.219544,11.401754,13.341664,14.317821,14.56022,14.56022,13.341664,12.369317,11.18034,9.219544,8.062258,6.0,4.123106,4.123106,6.324555,10.29563,13.892444,17.492856,21.954498,24.596748,25.079872,25.632011,23.086793,5.09902,6.0,7.071068,9.055385,10.198039,10.198039,10.440307,10.440307,10.198039,9.219544,7.28011,6.324555,4.472136,3.605551,3.0,3.605551,5.656854,7.81025,10.630146,12.041595,14.142136,15.556349,15.556349,15.620499,14.21267,10.630146,15.297059,15.132746,14.142136,14.0,13.0,11.045361,10.198039,8.544004,8.062258,6.403124,6.403124,6.324555,6.0,8.246211,9.848858,11.661904,14.422205,17.204651,19.416488,21.095023,23.323808,22.825424,23.259407,21.18962,18.681542,15.524175,7.071068,6.082763,3.0,1.0,2.828427,5.656854,8.485281,9.899495,11.401754,12.206556,11.661904,11.18034,10.77033,9.486833,7.28011,6.324555,4.123106,2.236068,1.0,3.162278,5.09902,8.246211,10.440307,12.369317,14.56022,15.524175,16.1966145,15.6286305,15.0084795,14.5622575,13.161276999999998,12.516648,12.59017,12.6846585,12.821533,12.905694,13.2321245,13.153226,12.7050745,13.0,14.246923,14.8786035,16.008641,16.982352,16.627739,16.011603,15.8304445,14.7179155,14.8374505,15.246773999999998,15.6963185,15.702914,9.29694,9.640055,9.0192025,9.307136,10.767935,11.6310465,12.523182,12.554364,12.687519000000002,12.2764725,11.5413815,11.014241,10.405694,10.701562,10.460437,10.5346985,10.0519265,10.173013,10.303088,10.978767,11.856019,12.3067255,13.462912,13.952278,14.645149,15.6384895
hoyeon_stand_normal_01,1752,584,58.4031912568306,29.998360745314464,10,0.5306799411773682,0.6603639125823975,-0.0692415237426757,0.9989281892776488,0.5339931845664978,0.6729426980018616,-0.0611084178090095,0.998033881187439,0.5347137451171875,0.673521101474762,-0.0611139424145221,0.9976627230644226,0.5355201363563538,0.6742681264877319,-0.0610892809927463,0.9980304837226868,0.5347163677215576,0.6732333302497864,-0.0848897323012352,0.998357892036438,0.5358306169509888,0.6739233732223511,-0.0849198848009109,0.9983617663383484,0.5370824933052063,0.6747758984565735,-0.0849901810288429,0.998565137386322,0.5445668697357178,0.6723736524581909,-0.0106761613860726,0.995263934135437,0.5454849004745483,0.6720851063728333,-0.1182809174060821,0.9983736872673036,0.5338079929351807,0.6481890678405762,-0.0471946820616722,0.9986629486083984,0.5350215435028076,0.6480934619903564,-0.078319177031517,0.9990635514259338,0.5530233979225159,0.6006816029548645,0.0679672434926033,0.9991574287414552,0.5587515234947205,0.6078425645828247,-0.1684330254793167,0.9999494552612304,0.5521935224533081,0.4975479245185852,0.0923550054430961,0.1164996623992919,0.555607795715332,0.5059462785720825,-0.1964813321828842,0.9869491457939148,0.5507094264030457,0.4206183552742004,0.0427893921732902,0.2854243516921997,0.5427415370941162,0.4156197309494018,-0.1875397115945816,0.97224622964859,0.5503938794136047,0.3929505050182342,0.0374279655516147,0.2742716670036316,0.5434003472328186,0.3871351480484009,-0.2091798782348632,0.9513756632804872,0.5459391474723816,0.3888174295425415,0.0196819920092821,0.2817489504814148,0.5395166873931885,0.3854106664657593,-0.2095396518707275,0.9481724500656128,0.5457382202148438,0.3989225327968597,0.0326567851006984,0.2653304636478424,0.5386179685592651,0.3940695226192474,-0.1864625066518783,0.9221876859664916,0.5490752458572388,0.4206576347351074,0.0696283429861068,0.9973076581954956,0.5539638996124268,0.4251029193401336,-0.0696811899542808,0.9977295994758606,0.5473540425300598,0.2793869078159332,0.0729912146925926,0.2644272148609161,0.553483247756958,0.2796744704246521,-0.0570714622735977,0.80057293176651,0.5463608503341675,0.1369198858737945,0.1173465177416801,0.36586794257164,0.5492918491363525,0.132481649518013,-0.0095557328313589,0.8360794186592102,0.5496934056282043,0.1116727590560913,0.1171275675296783,0.5027127861976624,0.5546752214431763,0.1017730608582496,-0.0088647585362195,0.7972774505615234,0.5247408747673035,0.1146037504076957,0.0653617978096008,0.5626845359802246,0.5275884866714478,0.104759894311428,-0.0754839554429054,0.8608657121658325,hoyeon_stand_normal_01,24.839485,24.758837,22.671568,20.615528,17.204651,13.038405,8.602325,5.0,3.162278,5.0,7.615773,10.440307,13.601471,15.524175,18.681542,19.924859,22.472205,22.847319,23.259407,21.470911,19.235384,15.652476,10.77033,7.0,7.071068,11.7047,12.041595,11.401754,11.401754,10.630146,9.219544,7.81025,6.708204,6.082763,6.082763,7.615773,8.062258,10.0,10.0,10.816654,10.816654,10.816654,10.29563,10.29563,8.062258,5.830952,3.605551,3.605551,8.062258,12.529964,17.0,21.095023,9.899495,10.816654,10.77033,11.401754,12.165525,13.0,13.038405,13.152946,14.317821,15.524175,15.524175,16.492423,16.492423,17.464249,17.464249,16.278821,15.132746,14.142136,11.18034,8.944272,7.071068,8.062258,11.045361,15.297059,18.248288,21.095023,13.0,15.524175,18.248288,18.027756,18.027756,16.278821,14.56022,11.18034,8.062258,5.0,1.414214,2.0,4.472136,7.615773,9.486833,11.401754,13.152946,15.132746,15.0,16.0,16.0,15.033296,15.0,13.038405,11.18034,10.77033,17.262677,15.297059,14.56022,11.7047,10.816654,10.630146,10.816654,12.529964,13.892444,16.124515,18.027756,19.416488,19.849433,21.213203,21.400935,21.633308,20.59126,20.124612,16.552945,13.416408,10.0,6.708204,8.062258,11.18034,14.764823,17.0,8.544004,7.615773,5.656854,6.324555,7.0,10.440307,12.649111,14.866069,16.492423,17.464249,17.262677,17.117243,16.124515,15.033296,14.0,13.0,12.0,12.0,12.165525,12.369317,13.341664,14.56022,15.811388,17.720045,18.681542,18.439089
hoyeon_stand_normal_01,1755,585,58.50319672131148,29.998360745314464,10,0.5306781530380249,0.6600995063781738,-0.068844623863697,0.99891459941864,0.5339739322662354,0.6727564930915833,-0.0606464110314846,0.9980098605155944,0.5346835851669312,0.673326849937439,-0.060651883482933,0.9976329803466796,0.5354810953140259,0.6740487217903137,-0.0606262795627117,0.998004913330078,0.5347136855125427,0.6730481386184692,-0.0844956487417221,0.9983389377593994,0.5358293652534485,0.6737375259399414,-0.0845261365175247,0.9983430504798888,0.5370892882347107,0.6745849847793579,-0.0845961198210716,0.9985496997833252,0.544538676738739,0.6722447276115417,-0.0101739969104528,0.9951998591423036,0.5455014705657959,0.6719841957092285,-0.1179897785186767,0.9983593821525574,0.5338152050971985,0.6478429436683655,-0.0467808879911899,0.9986466765403748,0.5350523591041565,0.6477420926094055,-0.0779784545302391,0.9990532398223876,0.5530741810798645,0.6006524562835693,0.0687436684966087,0.9991515874862672,0.5587307810783386,0.6078056693077087,-0.1683732569217682,0.9999492168426514,0.5522300601005554,0.4975462853908539,0.0926950052380561,0.1156780943274498,0.5555568933486938,0.5059263706207275,-0.1965562552213668,0.986836075782776,0.5508993864059448,0.4206535816192627,0.0429445169866085,0.2829732894897461,0.5427149534225464,0.4156210422515869,-0.1877441555261612,0.971973717212677,0.550895631313324,0.3929841518402099,0.0376234985888004,0.2721438109874725,0.5433799028396606,0.3871311247348785,-0.2095910906791687,0.9509830474853516,0.5462350249290466,0.3888360857963562,0.0198825616389513,0.2795613408088684,0.5394850969314575,0.3854112029075622,-0.2097655236721038,0.947763204574585,0.5459465384483337,0.3989551961421966,0.0328145623207092,0.2633210718631744,0.538568377494812,0.3940638601779938,-0.186598002910614,0.9216713309288024,0.5491399765014648,0.4205285310745239,0.0697049275040626,0.9972997307777404,0.553924560546875,0.4248911142349243,-0.0697589814662933,0.9977226853370668,0.5473558306694031,0.2792416214942932,0.0736261680722236,0.2648207247257232,0.5534775257110596,0.2794743776321411,-0.0571753978729248,0.8007274270057678,0.5463602542877197,0.1369174867868423,0.11919417232275,0.3663703203201294,0.5492969751358032,0.1324698328971862,-0.0092393197119236,0.8360841870307922,0.5497956871986389,0.1122762411832809,0.1191396340727806,0.5034856796264648,0.554681122303009,0.1017880514264106,-0.0084552876651287,0.7973167300224304,0.524742841720581,0.1145792379975318,0.0677825212478637,0.5629324316978455,0.5275881886482239,0.1047926619648933,-0.0749725028872489,0.8608801364898682,hoyeon_stand_normal_01,5.385165,4.242641,7.615773,11.7047,14.866069,16.763055,17.720045,18.027756,18.027756,16.763055,15.811388,13.601471,12.369317,10.198039,8.062258,5.09902,4.472136,7.071068,11.7047,15.652476,20.124612,24.596748,28.231188,29.732137,30.083218,27.658633,6.403124,7.615773,8.544004,10.198039,11.045361,12.041595,12.0,12.0,11.0,10.0,9.0,7.0,5.09902,3.162278,2.236068,3.605551,6.403124,8.485281,11.313708,13.453624,15.556349,17.029386,17.804494,17.204651,15.811388,12.206556,17.204651,17.029386,17.029386,15.556349,14.142136,13.453624,11.401754,10.29563,8.944272,7.28011,6.0,6.324555,5.830952,7.211103,8.544004,11.401754,14.317821,16.278821,19.416488,20.615528,21.84033,23.4094,21.540659,20.124612,17.492856,14.422205,6.403124,4.242641,2.828427,3.162278,6.324555,8.246211,10.049876,11.045361,11.0,12.041595,11.18034,9.219544,8.246211,7.28011,5.09902,4.0,2.236068,2.0,4.123106,6.708204,9.433981,11.661904,13.892444,15.264338,16.643317,12.665275,16.124515,14.142136,12.165525,11.0,9.219544,8.944272,9.219544,10.630146,12.727922,14.866069,15.620499,17.204651,18.867962,18.788294,20.248457,19.646883,19.416488,17.117243,15.033296,12.165525,8.246211,6.403124,7.071068,10.198039,13.341664,15.524175,10.049876,8.0,6.082763,5.0,6.324555,8.062258,11.045361,13.0,15.033296,16.03122,16.124515,15.297059,15.524175,14.56022,12.649111,13.0,10.77033,10.77033,10.440307,11.18034,12.041595,13.038405,15.033296,16.0,17.029386,18.11077
hoyeon_stand_normal_01,1758,586,58.60320218579235,29.998360745314464,10,0.5306760668754578,0.659957766532898,-0.0688734501600265,0.9989118576049804,0.533946692943573,0.6726417541503906,-0.0606441535055637,0.9979996085166932,0.5346468091011047,0.6732099056243896,-0.060649387538433,0.9976211786270142,0.5354379415512085,0.6739228963851929,-0.0606230832636356,0.997994899749756,0.5347052812576294,0.6729332804679871,-0.0845228135585784,0.998332381248474,0.5358256101608276,0.6736247539520264,-0.0845531001687049,0.9983373284339904,0.5370886921882629,0.6744738817214966,-0.0846228674054145,0.9985440969467164,0.544496476650238,0.6721821427345276,-0.0100679816678166,0.995169460773468,0.5455027222633362,0.6719378232955933,-0.1180306300520896,0.9983516335487366,0.5338181257247925,0.6476548314094543,-0.046789314597845,0.9986413717269896,0.5350633859634399,0.6475683450698853,-0.0780163630843162,0.9990501403808594,0.553227961063385,0.6006377339363098,0.069207064807415,0.9991509914398192,0.5586534738540649,0.6077830791473389,-0.168469563126564,0.9999494552612304,0.5523330569267273,0.4975224137306213,0.0931105315685272,0.1149808838963508,0.5554688572883606,0.5058921575546265,-0.1976635605096817,0.9868329167366028,0.5518705248832703,0.4206443727016449,0.0432108119130134,0.2810539603233337,0.5426856875419617,0.4156066477298736,-0.1913960576057434,0.971892237663269,0.5515563488006592,0.3929825127124786,0.0380302108824253,0.2706062197685241,0.5433381199836731,0.3870981931686401,-0.2141426652669906,0.9508787989616394,0.5466851592063904,0.3888346254825592,0.0201762095093727,0.2779476940631866,0.5394388437271118,0.385380357503891,-0.2138569951057434,0.9476423859596252,0.5463579893112183,0.3989201784133911,0.0330563858151435,0.2618381083011627,0.5385151505470276,0.3940119743347168,-0.1901771426200866,0.9214731454849244,0.5493833422660828,0.4204251766204834,0.0702087804675102,0.9973158836364746,0.5537026524543762,0.4247089326381683,-0.0702671036124229,0.9977338314056396,0.5473805665969849,0.2790420353412628,0.0755434930324554,0.2649165987968445,0.5534237623214722,0.27924445271492,-0.0572265423834323,0.8026883602142334,0.5464452505111694,0.1369135379791259,0.1226031258702278,0.3676343858242035,0.549321711063385,0.1324585378170013,-0.0088821882382035,0.8379603028297424,0.550176739692688,0.1125722080469131,0.1227224022150039,0.5057875514030457,0.5546903610229492,0.1017975807189941,-0.0080588720738887,0.7995815277099609,0.5247306227684021,0.1146109774708747,0.0716401860117912,0.5645923018455505,0.5275623798370361,0.1049460172653198,-0.0746418386697769,0.8623703718185425,hoyeon_stand_normal_01,24.5781685,25.352076,23.670347,21.0952365,17.0761355,13.0827625,9.031129,5.04951,2.828427,3.8643285,6.403124,9.3267625,12.2200795,15.1685925,17.6345905,20.1171915,21.9151905,23.0475115,23.0809675,21.39809,19.2034145,15.298321,10.848692,6.0777535,5.9907045,10.5352265,11.3750305,11.631693,11.44252,10.4841845,9.271109,7.6231055,6.1622775,5.415476,6.117038,7.615773,8.3951075,9.829925500000002,10.7998965,11.7748285,11.7748285,11.7748285,10.9210305,9.829925500000002,8.866522,6.082763,3.5811390000000003,3.162278,6.994157,11.893873,16.405694,20.7892975,14.866069,13.928388,14.317821,12.529964,12.206556,11.401754,9.899495,7.81025,6.708204,6.324555,5.0,5.385165,5.656854,7.211103,8.944272,11.7047,13.601471,16.763055,18.973666,20.248457,21.540659,21.931712,21.470911,19.723083,17.204651,14.21267,6.403124,5.0,2.828427,1.414214,4.0,6.082763,8.062258,10.198039,11.401754,11.7047,12.083046,11.18034,10.29563,9.433981,7.81025,6.403124,4.472136,2.236068,1.414214,3.0,5.09902,8.246211,10.440307,12.369317,13.601471,14.56022,16.124515,16.124515,13.152946,12.0,10.049876,9.486833,10.29563,11.401754,12.727922,14.866069,16.401219,18.027756,19.235384,19.697716,20.248457,19.646883,20.396078,18.11077,16.124515,13.152946,9.486833,6.403124,7.28011,10.0,12.165525,15.297059,10.0,8.062258,6.324555,5.656854,7.28011,9.055385,11.0,13.038405,15.0,16.03122,17.117243,16.278821,16.492423,14.866069,13.928388,12.649111,11.7047,11.401754,11.401754,11.18034,13.038405,14.0,15.0,17.029386,18.027756,17.029386
hoyeon_stand_normal_01,1761,587,58.70320765027322,29.998360745314464,10,0.5306496024131775,0.659898579120636,-0.0696520432829856,0.9989003539085388,0.5338598489761353,0.6725931763648987,-0.0612494349479675,0.9979713559150696,0.534558892250061,0.6731637120246887,-0.0612539537250995,0.9975911378860474,0.535354495048523,0.673879086971283,-0.0612250007688999,0.9979670643806458,0.5346329808235168,0.6728836894035339,-0.0853201225399971,0.9983140230178832,0.5357635617256165,0.673579216003418,-0.0853507667779922,0.9983214735984802,0.5370388031005859,0.6744322776794434,-0.0854205712676048,0.9985281229019164,0.5444276928901672,0.6721756458282471,-0.0102014895528554,0.9950917959213256,0.5454822778701782,0.6719340085983276,-0.1188276261091232,0.9983368515968324,0.5338042378425598,0.6475912928581238,-0.0473361983895301,0.9986248016357422,0.5350521206855774,0.647510290145874,-0.0788010284304618,0.9990408420562744,0.5533165335655212,0.6006275415420532,0.0695786774158477,0.9991465210914612,0.5585626363754272,0.6077572703361511,-0.1703172177076339,0.9999500513076782,0.5523969531059265,0.4974837601184845,0.0934458076953888,0.1133943125605583,0.5553715229034424,0.5058507919311523,-0.2011412680149078,0.9869316220283508,0.5518696904182434,0.4206390678882599,0.0431383810937404,0.2772902250289917,0.5426584482192993,0.4155964851379394,-0.1967821270227432,0.971950888633728,0.5516279339790344,0.392981082201004,0.0380195006728172,0.2676409780979156,0.5433111786842346,0.3870777487754822,-0.2201904952526092,0.950990915298462,0.5467178821563721,0.388834148645401,0.0200607907027006,0.2749193012714386,0.5393945574760437,0.3853654265403747,-0.2196900397539138,0.9477474093437196,0.5463774800300598,0.3989066779613495,0.0329028107225894,0.2591858208179474,0.5384573340415955,0.3939941823482513,-0.1955410838127136,0.9215722680091858,0.5495079159736633,0.420301079750061,0.071777768433094,0.9973358511924744,0.5536205768585205,0.424538642168045,-0.071841187775135,0.997754454612732,0.5473835468292236,0.2790373861789703,0.0792094245553016,0.2648817002773285,0.5534422993659973,0.2792361378669739,-0.0572789683938026,0.8070215582847595,0.546453058719635,0.1369355767965316,0.1276517063379287,0.3696619272232055,0.5493658185005188,0.1324404627084732,-0.0086930310353636,0.8419196605682373,0.5502640008926392,0.1129786521196365,0.1278631389141082,0.5090866088867188,0.5547293424606323,0.1015589907765388,-0.0078836567699909,0.8041253685951233,0.5245290994644165,0.1147745177149772,0.0766954869031906,0.567775309085846,0.527553915977478,0.1049496084451675,-0.0747080743312835,0.8655704259872437,hoyeon_stand_normal_01,24.515301,25.179357,23.021729,20.0,17.029386,13.038405,9.055385,5.09902,2.828427,4.123106,7.211103,9.219544,12.041595,14.21267,17.804494,20.0,21.633308,21.954498,21.954498,21.023796,18.788294,15.231546,10.29563,5.830952,6.324555,10.630146,11.0,11.0,11.0,10.0,9.0,7.071068,6.708204,5.656854,6.708204,8.246211,9.055385,10.049876,11.045361,11.045361,11.045361,11.045361,11.045361,10.198039,8.062258,6.0,4.123106,4.0,7.28011,12.083046,16.155494,19.924859,15.811388,15.811388,15.231546,14.317821,13.416408,11.661904,10.816654,9.219544,7.81025,6.403124,5.385165,5.0,5.385165,6.403124,8.602325,10.29563,13.416408,15.652476,17.888544,19.723083,21.095023,21.633308,20.615528,19.104973,16.970563,13.453624,6.403124,4.472136,1.414214,1.0,4.0,6.0,8.062258,10.049876,11.18034,11.401754,11.7047,10.77033,9.848858,8.944272,6.708204,5.385165,4.123106,3.0,2.828427,4.123106,6.0,8.062258,10.198039,12.369317,14.317821,15.297059,12.369317,13.601471,14.56022,14.56022,15.524175,14.317821,13.152946,12.041595,10.049876,9.055385,7.071068,6.082763,4.472136,5.0,6.324555,9.055385,11.045361,14.0,16.0,19.026298,20.099751,21.213203,20.223748,19.416488,17.464249,14.317821,10.0,12.0,14.035669,15.132746,15.132746,14.142136,13.152946,11.18034,9.055385,8.062258,6.082763,5.385165,5.0,5.0,5.830952,6.324555,7.615773,8.544004,8.944272,9.848858,9.848858,9.848858,9.486833,10.198039,11.045361,10.0
hoyeon_stand_normal_01,1764,588,58.803213114754094,29.998360745314464,10,0.5306302309036255,0.659845232963562,-0.0698669329285621,0.998889148235321,0.5337941646575928,0.6725483536720276,-0.0614354349672794,0.997949481010437,0.5344946384429932,0.6731181144714355,-0.0614397004246711,0.9975682497024536,0.5352960824966431,0.6738331317901611,-0.0614101365208625,0.9979457259178162,0.5345790982246399,0.6728463768959045,-0.0855833515524864,0.9982994198799132,0.5357180237770081,0.6735489368438721,-0.0856144204735755,0.99830824136734,0.5370018482208252,0.6744087934494019,-0.0856847241520881,0.9985158443450928,0.544390082359314,0.6721734404563904,-0.0102787567302584,0.995034158229828,0.5454658269882202,0.6719322800636292,-0.1192661672830581,0.9983268976211548,0.5338003635406494,0.6475421190261841,-0.0475098602473735,0.9986087679862976,0.5350490212440491,0.6474691033363342,-0.0790736898779869,0.9990323781967164,0.5534093976020813,0.6006234288215637,0.069622702896595,0.9991381764411926,0.5584770441055298,0.6077221632003784,-0.1709301471710205,0.999950349330902,0.5524447560310364,0.4974339306354522,0.093444600701332,0.1120409816503524,0.5553178191184998,0.5057812333106995,-0.2016701996326446,0.9870085120201112,0.5518227815628052,0.4205312728881836,0.0426619872450828,0.2740638852119446,0.5426318049430847,0.4155660271644592,-0.1965216696262359,0.9719630479812622,0.551629364490509,0.3928801715373993,0.0376070477068424,0.2650402784347534,0.5432902574539185,0.387062519788742,-0.2196108847856521,0.9510144591331482,0.5466974377632141,0.3887436091899872,0.0194855984300375,0.2722964584827423,0.5393378734588623,0.3853415250778198,-0.2192616313695907,0.9477733373641968,0.5463199019432068,0.3987567722797394,0.032308105379343,0.256911039352417,0.5383779406547546,0.3939638435840606,-0.1952993273735046,0.9216046333312988,0.5495679378509521,0.4202834665775299,0.0720868930220604,0.9973241090774536,0.5535739660263062,0.4245210886001587,-0.0721515566110611,0.9977540373802184,0.5473669171333313,0.2790780663490295,0.0788241475820541,0.2641307115554809,0.553449809551239,0.2792558968067169,-0.0577808581292629,0.8088546395301819,0.5464009642601013,0.1370480209589004,0.1267540454864502,0.3694551587104797,0.5494003295898438,0.132475197315216,-0.0096448110416531,0.8435578942298889,0.5502505898475647,0.1136925965547561,0.1269207745790481,0.5092726945877075,0.5547500848770142,0.1013687252998352,-0.0089784543961286,0.8061968684196472,0.5243720412254333,0.1150112375617027,0.075616255402565,0.5682679414749146,0.5275580883026123,0.1049792543053627,-0.0766248553991317,0.866904616355896,hoyeon_stand_normal_01,4.123106,3.0,6.708204,9.433981,11.661904,13.892444,14.764823,14.764823,14.764823,13.892444,12.529964,11.661904,10.0,7.81025,6.403124,4.472136,4.472136,5.830952,9.486833,13.601471,17.464249,21.587033,24.041631,25.632011,25.079872,23.706539,6.324555,6.708204,8.602325,9.219544,9.899495,11.313708,11.313708,11.313708,9.899495,9.219544,7.81025,6.403124,4.472136,3.162278,2.236068,3.162278,6.082763,8.0,10.0,12.0,14.035669,15.033296,15.132746,15.132746,14.317821,11.18034,10.440307,10.29563,10.630146,10.630146,12.206556,12.529964,13.0,13.601471,14.56022,15.297059,15.297059,16.278821,17.464249,17.720045,17.720045,17.088007,15.811388,14.866069,11.7047,9.219544,7.28011,8.485281,11.18034,16.155494,19.313208,22.36068,14.035669,16.124515,17.720045,18.384776,18.35756,17.204651,14.142136,11.401754,8.062258,5.385165,2.236068,1.0,4.0,6.0,9.055385,11.18034,12.369317,13.601471,14.317821,15.652476,15.652476,14.764823,14.317821,12.649111,12.369317,11.045361,14.035669,15.033296,16.03122,16.03122,16.03122,15.033296,14.0,13.038405,11.045361,9.055385,8.0,6.0,5.385165,5.0,6.708204,9.219544,12.165525,14.142136,17.262677,19.416488,20.615528,21.84033,21.18962,20.248457,17.088007,14.866069,11.18034,13.341664,14.56022,15.811388,15.231546,15.231546,13.928388,12.083046,9.848858,8.246211,6.082763,5.09902,4.472136,5.0,6.403124,7.211103,7.211103,8.602325,8.602325,10.0,10.0,10.0,10.29563,10.77033,10.440307,11.18034
hoyeon_stand_normal_01,1767,589,58.903218579234974,29.998360745314464,10,0.5306140780448914,0.6598138809204102,-0.0698336809873581,0.9988848567008972,0.5337483286857605,0.6725164651870728,-0.0613840445876121,0.9979430437088012,0.534449577331543,0.6730859279632568,-0.0613881833851337,0.9975602626800536,0.5352544784545898,0.6738010048866272,-0.0613584965467453,0.9979383945465088,0.5345384478569031,0.6728211045265198,-0.085546925663948,0.9982950091362,0.5356817245483398,0.673529326915741,-0.0855777636170387,0.9983028769493104,0.5369694828987122,0.6743941903114319,-0.0856479257345199,0.9985116720199584,0.5443555116653442,0.6721710562705994,-0.010206714272499,0.9950116276741028,0.5454380512237549,0.6719309687614441,-0.1192574054002761,0.9983252286911012,0.533789873123169,0.6475135684013367,-0.0474734380841255,0.998600959777832,0.5350399613380432,0.6474517583847046,-0.0790542811155319,0.9990283250808716,0.5535613894462585,0.6006105542182922,0.0699900463223457,0.9991350173950196,0.5583507418632507,0.6077145338058472,-0.1709339618682861,0.9999507069587708,0.5527592301368713,0.4972786903381347,0.0934884846210479,0.1106884777545929,0.5552257299423218,0.5057317614555359,-0.2016692757606506,0.987029492855072,0.5518312454223633,0.4204990863800049,0.0425086058676242,0.2709888815879822,0.542517364025116,0.4155183732509613,-0.1962195336818695,0.971875250339508,0.5517416000366211,0.3927875757217407,0.0374791473150253,0.2624505162239074,0.5431755781173706,0.3870011568069458,-0.2191903442144394,0.9508692026138306,0.546774685382843,0.3886418342590332,0.0193286463618278,0.269644021987915,0.5392021536827087,0.3852686882019043,-0.2188465148210525,0.94762521982193,0.5463839173316956,0.3986158967018127,0.0321272350847721,0.2545115351676941,0.5382177829742432,0.3938938677310943,-0.194981962442398,0.9213991165161132,0.5497541427612305,0.4200817048549652,0.072184257209301,0.9973214268684388,0.553430438041687,0.4243399798870086,-0.0722511634230613,0.9977553486824036,0.5473760366439819,0.2790609896183014,0.0790230929851532,0.2635366916656494,0.553446352481842,0.2792454063892364,-0.0577887333929538,0.8093687891960144,0.5464008450508118,0.1370664536952972,0.1273664236068725,0.3690476715564728,0.5494007468223572,0.1324810087680816,-0.0089350789785385,0.8439878821372986,0.5502623319625854,0.114181250333786,0.1275687366724014,0.509782612323761,0.5547786951065063,0.1013738140463829,-0.0081084929406642,0.8070639967918396,0.524383008480072,0.1150699406862258,0.0760483741760253,0.5679576396942139,0.5275783538818359,0.1050413697957992,-0.0756258890032768,0.8672516942024231,hoyeon_stand_normal_01,25.806976,26.07681,25.059928,22.36068,18.384776,13.928388,10.77033,5.830952,3.605551,2.828427,5.385165,9.219544,11.401754,14.317821,17.464249,19.646883,21.84033,22.135944,22.472205,21.540659,18.788294,15.652476,10.77033,5.0,4.472136,10.049876,11.045361,11.045361,11.045361,10.0,8.0,7.071068,5.830952,5.0,6.082763,7.0,9.055385,10.198039,11.18034,11.18034,12.165525,12.165525,11.18034,10.198039,8.062258,6.324555,3.605551,4.123106,7.211103,12.041595,16.970563,20.518285,11.543478,11.2235575,11.291047,12.144801,12.883163499999998,13.2038595,13.673034,15.0488075,15.8879965,16.582137000000003,17.2144875,17.916125,18.38908,18.8761485,19.2090905,18.24005,17.429553499999997,15.6044125,12.5207975,9.3267625,7.1934065,8.6485415,12.3715525,15.962697,19.9624295,23.2155645,12.973186,15.8216585,17.416939999999997,18.3983895,18.2334225,17.0229005,15.0488075,12.0254325,8.640901,5.04951,2.0,1.5,4.7541355,6.8023325,8.955558,11.673309,12.9670195,14.632506,15.2716775,16.3249425,16.7124965,15.621028,15.3069445,13.99613,13.0832885,11.9147255,13.341664,14.866069,14.866069,15.811388,15.524175,14.56022,14.317821,12.165525,11.18034,9.055385,7.071068,6.324555,5.0,5.0,6.082763,9.0,12.0,14.035669,17.029386,19.0,21.023796,22.090722,21.213203,20.223748,17.262677,14.317821,11.045361,13.038405,14.0,16.0,15.033296,15.033296,13.038405,12.041595,10.049876,8.0,6.082763,4.472136,4.242641,5.0,6.324555,6.324555,7.28011,8.246211,9.486833,9.486833,10.77033,10.440307,10.198039,10.198039,11.045361,11.045361
hoyeon_stand_normal_01,1770,590,59.003224043715846,29.998360745314464,10,0.5305860638618469,0.6597651839256287,-0.0689650252461433,0.9988799691200256,0.533672571182251,0.6724697947502136,-0.0605014003813266,0.997933864593506,0.5343722105026245,0.6730378270149231,-0.0605058744549751,0.9975485801696776,0.5351779460906982,0.6737518906593323,-0.0604773350059986,0.997930645942688,0.5344699025154114,0.6727837920188904,-0.0846489369869232,0.9982897043228148,0.535616934299469,0.6734979152679443,-0.0846781283617019,0.9982972145080566,0.5369049906730652,0.6743664741516113,-0.0847473815083503,0.9985079765319824,0.5442836880683899,0.6721643805503845,-0.0097211273387074,0.9949894547462464,0.5453848242759705,0.6719249486923218,-0.1187455356121063,0.9983173608779908,0.5337733626365662,0.6474736928939819,-0.046777032315731,0.9985898733139038,0.5350256562232971,0.6474254131317139,-0.0783596187829971,0.9990207552909852,0.5536680221557617,0.600612998008728,0.0701032951474189,0.9991280436515808,0.5581955313682556,0.6077085137367249,-0.1703421473503112,0.9999504089355468,0.552790641784668,0.4972291588783264,0.0935724973678588,0.110279880464077,0.55513995885849,0.5056747198104858,-0.2014836817979812,0.9870571494102478,0.5518360137939453,0.4205544590950012,0.0433542132377624,0.2692776322364807,0.5422680974006653,0.4155187904834747,-0.1959735751152038,0.9718695282936096,0.5518983006477356,0.3927853405475616,0.0387607030570507,0.2608509659767151,0.5429496765136719,0.3869915604591369,-0.2188753336668014,0.9508665800094604,0.5468986630439758,0.3886384665966034,0.0206125304102897,0.2679956555366516,0.5389487743377686,0.3852541744709015,-0.2187118232250213,0.9476542472839355,0.5464683771133423,0.3986111283302307,0.0330421291291713,0.2529881596565246,0.5379037261009216,0.3938837349414825,-0.1947556287050247,0.9213797450065612,0.5498331785202026,0.4202152490615845,0.072117194533348,0.9972880482673644,0.5531200170516968,0.4244101047515869,-0.0721882879734039,0.9977283477783204,0.5474364161491394,0.2792308330535888,0.076661616563797,0.2632251381874084,0.55335932970047,0.2794383764266968,-0.058912519365549,0.8087278604507446,0.5463897585868835,0.1371169239282608,0.1231055408716201,0.3677588701248169,0.5493329167366028,0.1325570493936538,-0.0115493079647421,0.8431218266487122,0.5502519011497498,0.1146239563822746,0.1231133267283439,0.5086337924003601,0.5547652840614319,0.1022431030869484,-0.0107913939282298,0.8066039085388184,0.5246167778968811,0.1151229962706565,0.0712941735982894,0.5658507943153381,0.5276010632514954,0.1052502542734146,-0.0777034983038902,0.8664615750312805,hoyeon_stand_normal_01,27.0,27.073973,25.179357,22.36068,19.416488,14.56022,10.198039,6.0,3.605551,4.0,6.324555,8.944272,12.529964,15.264338,17.492856,19.723083,21.470911,23.259407,22.847319,21.18962,18.973666,14.56022,10.77033,5.0,5.385165,9.899495,10.77033,10.77033,9.848858,9.848858,8.544004,6.082763,5.09902,5.0,5.830952,7.615773,9.486833,10.440307,11.401754,11.401754,11.401754,11.401754,10.77033,9.486833,8.246211,6.082763,3.605551,5.09902,9.055385,13.341664,18.439089,22.203603,11.18034,11.401754,12.041595,12.206556,12.529964,13.0,13.601471,14.317821,15.132746,16.124515,16.124515,17.117243,18.11077,18.248288,18.439089,18.439089,16.492423,15.524175,12.369317,10.0,8.544004,9.219544,12.083046,16.155494,20.248457,23.259407,13.152946,16.03122,17.029386,18.439089,18.027756,16.552945,14.422205,12.041595,8.485281,5.0,2.236068,1.0,4.123106,7.071068,9.0,11.045361,13.038405,14.317821,14.56022,15.811388,15.811388,14.866069,14.56022,13.341664,12.041595,11.045361,15.264338,14.422205,12.206556,10.630146,8.602325,8.544004,10.198039,11.045361,12.041595,14.035669,16.124515,17.262677,18.681542,19.313208,20.59126,19.723083,19.416488,17.029386,14.866069,11.401754,8.062258,6.0,7.81025,10.816654,13.892444,16.124515,9.848858,7.615773,5.656854,4.472136,5.09902,8.062258,10.816654,13.038405,15.264338,16.124515,16.552945,16.155494,15.231546,14.56022,13.341664,12.165525,11.18034,10.440307,10.77033,11.18034,11.661904,13.601471,15.0,16.401219,17.204651,18.027756
hoyeon_stand_normal_01,1773,591,59.10322950819672,29.998360745314464,10,0.5305065512657166,0.6597609519958496,-0.0668106004595756,0.998880922794342,0.5335586667060852,0.6724603176116943,-0.0583650693297386,0.9979391694068908,0.5342456698417664,0.6730237603187561,-0.0583711750805377,0.9975511431694032,0.5350431799888611,0.6737324595451355,-0.0583450272679328,0.9979361295700072,0.5343961119651794,0.6727777719497681,-0.0824443399906158,0.998295247554779,0.5355548858642578,0.6734920144081116,-0.0824721902608871,0.9983012676239014,0.5368539690971375,0.674360454082489,-0.08254075050354,0.9985150694847108,0.5441819429397583,0.6721503734588623,-0.0082437507808208,0.9950059056282043,0.5453478693962097,0.671918511390686,-0.1170115694403648,0.9983216524124146,0.5336911082267761,0.647453784942627,-0.0449084006249904,0.9985892176628112,0.5349661111831665,0.6474161744117737,-0.0764211192727088,0.999020516872406,0.553687334060669,0.6006094813346863,0.070395715534687,0.9991233348846436,0.5580853819847107,0.6076920628547668,-0.1682795733213424,0.9999498128890992,0.5528104305267334,0.4971256852149963,0.0936899185180664,0.110535554587841,0.5550304651260376,0.5056150555610657,-0.1987399905920028,0.9870343804359436,0.552312433719635,0.4206519424915313,0.0443619266152381,0.2685685753822326,0.5420738458633423,0.4155184328556061,-0.1928700357675552,0.9718007445335388,0.5520566701889038,0.3927891254425049,0.0398071482777595,0.2599117457866668,0.5427774786949158,0.3869887888431549,-0.2152777314186096,0.9507452249526978,0.5471324920654297,0.3886396288871765,0.021897317841649,0.2669996321201324,0.538773775100708,0.3852500915527344,-0.2146840840578079,0.9475646018981934,0.5466928482055664,0.3986773192882538,0.0342009887099266,0.2519758939743042,0.5376958847045898,0.3938807845115661,-0.1915011405944824,0.9212439060211182,0.5498577356338501,0.4202987253665924,0.0713182389736175,0.9972480535507202,0.552927553653717,0.424487292766571,-0.0713934674859047,0.99769526720047,0.547562301158905,0.2794640362262726,0.0726779699325561,0.2635065615177154,0.5532214641571045,0.279733657836914,-0.0596302598714828,0.8060822486877441,0.5463694334030151,0.1371711492538452,0.1176800280809402,0.3659469485282898,0.5490821599960327,0.1326844245195388,-0.0130821857601404,0.8403047919273376,0.5502492785453796,0.1148606315255165,0.1175830736756324,0.5066496133804321,0.5546184778213501,0.103276252746582,-0.012319266796112,0.8039842247962952,0.5248032808303833,0.1152637898921966,0.0655543506145477,0.5625796914100647,0.5276046991348267,0.105666235089302,-0.0787916034460067,0.8640342354774475,hoyeon_stand_normal_01,4.0,4.123106,7.28011,10.77033,13.928388,16.155494,17.464249,18.384776,17.088007,16.155494,15.231546,13.928388,12.083046,9.433981,7.071068,4.472136,4.123106,7.211103,11.7047,15.811388,20.880613,25.0,27.513633,30.083218,29.966648,27.294688,7.0,8.246211,9.486833,10.77033,12.529964,13.416408,13.416408,12.529964,11.661904,10.29563,8.062258,7.211103,4.242641,3.162278,2.236068,4.472136,6.324555,9.219544,12.369317,14.56022,16.492423,17.720045,18.973666,18.027756,16.155494,13.0,10.816654,9.899495,10.816654,11.18034,11.7047,12.369317,13.038405,14.0,15.033296,15.033296,16.03122,17.029386,17.0,18.0,18.0,17.029386,16.03122,15.132746,12.041595,9.055385,7.211103,8.944272,11.401754,16.124515,19.235384,22.561028,12.369317,15.132746,16.0,17.117243,17.464249,16.155494,14.317821,10.816654,7.81025,5.0,1.414214,1.0,4.123106,6.082763,9.055385,10.049876,12.0,13.038405,14.142136,15.132746,15.297059,14.317821,13.152946,13.038405,12.0,11.18034,16.492423,14.317821,12.165525,11.045361,9.055385,8.544004,9.433981,11.401754,12.806248,14.21267,15.811388,17.492856,17.888544,19.313208,19.646883,20.223748,19.104973,17.0,15.0,12.041595,8.062258,5.656854,7.071068,10.049876,13.341664,16.278821,10.198039,8.062258,6.082763,5.0,6.708204,8.246211,11.045361,14.035669,15.132746,15.132746,16.492423,15.811388,15.811388,14.317821,13.0,12.529964,11.18034,11.18034,10.77033,11.401754,12.165525,13.152946,15.132746,16.124515,17.117243,18.248288
hoyeon_stand_normal_01,1776,592,59.20323497267759,29.998360745314464,10,0.5303765535354614,0.659762978553772,-0.0672117918729782,0.99887353181839,0.5334195494651794,0.6724547147750854,-0.0587399452924728,0.9979274868965148,0.5340985059738159,0.6730188727378845,-0.0587471090257167,0.9975316524505616,0.5348950624465942,0.6737293004989624,-0.0587219707667827,0.9979209303855896,0.5343037843704224,0.672773003578186,-0.0828638225793838,0.9982886910438538,0.5354816913604736,0.6734881401062012,-0.0828922465443611,0.9982937574386596,0.5367985367774963,0.6743572950363159,-0.0829617828130722,0.9985118508338928,0.5441190004348755,0.6721468567848206,-0.0086206970736384,0.9949758648872375,0.545323371887207,0.671916127204895,-0.1175814047455787,0.9983197450637816,0.5335504412651062,0.6474515199661255,-0.0452992990612983,0.9985835552215576,0.5348541736602783,0.6474164724349976,-0.0768748596310615,0.9990180134773254,0.5536887645721436,0.600584089756012,0.0698958486318588,0.9991198778152466,0.5580233931541443,0.6076472401618958,-0.1686097830533981,0.9999494552612304,0.5528138875961304,0.4970755577087402,0.0933158323168754,0.1105041056871414,0.5549763441085815,0.5055340528488159,-0.1988377124071121,0.9870161414146424,0.5526611804962158,0.4207886159420013,0.0441420190036296,0.2678417265415191,0.5418967008590698,0.4155136346817016,-0.1928869783878326,0.9717755913734436,0.5542542934417725,0.3929490745067596,0.0395376272499561,0.2590206563472748,0.5426293015480042,0.3869734406471252,-0.2153109163045883,0.9506980180740356,0.5473571419715881,0.3886586129665375,0.0217179581522941,0.2660324573516845,0.5386388301849365,0.3852426409721374,-0.2147081345319748,0.9475523233413696,0.5469273328781128,0.3987772166728973,0.0340273566544055,0.2509330809116363,0.537530779838562,0.3938743770122528,-0.1915090084075927,0.9212332367897034,0.5498296022415161,0.4202160835266113,0.0709881410002708,0.9972276091575624,0.5528727769851685,0.424416035413742,-0.0710639208555221,0.997676432132721,0.5476360321044922,0.2795943319797516,0.0729974061250686,0.2653316855430603,0.5532024502754211,0.2798731029033661,-0.0593579821288585,0.805237352848053,0.5463290810585022,0.1372122764587402,0.1190996915102005,0.3656233847141266,0.5488073229789734,0.1327215433120727,-0.0109009584411978,0.8388072848320007,0.5502125024795532,0.114976592361927,0.1193237602710723,0.5060850977897644,0.5544757843017578,0.1038747802376747,-0.0097904335707426,0.80223149061203,0.5248742699623108,0.1152120009064674,0.0668606609106063,0.5610942840576172,0.5275934338569641,0.1056639775633812,-0.076279729604721,0.8626651167869568,hoyeon_stand_normal_01,23.769729,24.041631,22.472205,19.697716,16.552945,12.529964,9.486833,6.082763,3.605551,4.472136,7.0,9.055385,12.165525,14.317821,16.278821,18.248288,21.213203,21.213203,21.095023,20.024984,18.0,15.0,10.0,5.385165,4.123106,8.544004,9.899495,9.899495,9.899495,8.485281,7.81025,6.403124,5.09902,4.123106,5.0,5.656854,7.81025,8.602325,8.602325,10.0,10.0,10.0,8.602325,7.81025,6.403124,4.472136,2.236068,4.472136,8.0,12.041595,16.03122,20.099751,15.264338,14.764823,14.764823,14.317821,13.0,11.7047,10.198039,9.055385,8.0,6.082763,5.385165,5.656854,5.385165,7.071068,9.055385,11.18034,14.317821,17.464249,19.416488,21.213203,23.194827,24.083189,23.0,21.023796,19.104973,15.297059,7.071068,5.09902,3.0,1.414214,2.236068,5.385165,7.615773,9.848858,10.77033,10.440307,11.18034,11.18034,10.049876,9.055385,8.0,6.0,5.0,3.162278,2.236068,2.236068,4.242641,7.071068,9.219544,11.401754,12.806248,13.601471,17.262677,15.132746,13.038405,12.0,10.198039,9.848858,10.816654,12.041595,13.453624,15.620499,17.204651,18.027756,19.235384,19.697716,21.18962,20.615528,20.396078,19.104973,16.124515,12.165525,9.486833,7.071068,8.246211,11.045361,14.142136,16.278821,9.219544,7.071068,5.09902,5.656854,6.324555,9.219544,12.041595,14.142136,16.124515,17.262677,17.464249,16.763055,15.811388,15.231546,13.0,13.0,12.083046,11.7047,11.18034,12.165525,13.038405,14.035669,16.03122,17.029386,18.11077,18.248288
hoyeon_stand_normal_01,1779,593,59.30324043715847,29.998360745314464,10,0.530297577381134,0.6597524285316467,-0.06732939183712,0.998863935470581,0.5333419442176819,0.6724411249160767,-0.0588762760162353,0.9979094862937928,0.5340173244476318,0.6730005741119385,-0.058883249759674,0.9975072145462036,0.5348142385482788,0.6737057566642761,-0.0588577352464199,0.9979022741317748,0.5342508554458618,0.6727598905563354,-0.0829880386590957,0.9982750415802002,0.5354393124580383,0.6734732389450073,-0.083016537129879,0.9982799887657166,0.5367681980133057,0.6743404269218445,-0.0830862149596214,0.998501718044281,0.5440952181816101,0.6721284985542297,-0.0087043680250644,0.9949330687522888,0.5453130602836609,0.6719010472297668,-0.1176282688975334,0.9983041286468506,0.5334635376930237,0.6474217176437378,-0.0453955009579658,0.9985731840133668,0.5347859263420105,0.6474050283432007,-0.0769558772444725,0.9990103840827942,0.5537125468254089,0.6005830764770508,0.0698026567697525,0.9991182684898376,0.5579304099082947,0.6076363325119019,-0.1686029732227325,0.9999488592147828,0.5528227686882019,0.4970811009407043,0.0932404249906539,0.111023761332035,0.5549205541610718,0.5055388808250427,-0.1988475173711776,0.9869716167449952,0.5530397891998291,0.4211471378803253,0.0440911836922168,0.2688870131969452,0.5417144298553467,0.415530115365982,-0.1930544227361679,0.971771001815796,0.5556129813194275,0.3932015299797058,0.0394415035843849,0.2597479522228241,0.5425005555152893,0.3869712650775909,-0.2156028151512146,0.9506946206092834,0.5477408170700073,0.3887998461723327,0.021593727171421,0.2667046785354614,0.5385189056396484,0.3852559924125671,-0.2149315625429153,0.947567880153656,0.5473167300224304,0.399065762758255,0.0339763388037681,0.2513399720191955,0.5373910665512085,0.3938971161842346,-0.1916685253381729,0.9212204217910768,0.5498354434967041,0.4202140867710113,0.0706354603171348,0.9972190856933594,0.5528194904327393,0.4244158565998077,-0.0707116648554802,0.9976640939712524,0.547699511051178,0.2796751260757446,0.0730151981115341,0.2668895721435547,0.5531734824180603,0.2799549102783203,-0.0591489113867282,0.8046329021453857,0.5463042855262756,0.1372178196907043,0.1194832101464271,0.3662112057209015,0.5486629605293274,0.1327690184116363,-0.0103073511272668,0.8379995226860046,0.550195574760437,0.1149870678782463,0.1196666583418846,0.506436824798584,0.5543004870414734,0.1043275892734527,-0.0091761220246553,0.8012440800666809,0.5249646306037903,0.1152491569519043,0.0673398450016975,0.5607617497444153,0.5276059508323669,0.1059164628386497,-0.0755716040730476,0.8619482517242432,hoyeon_stand_normal_01,4.472136,5.0,8.544004,13.601471,16.763055,18.973666,19.924859,19.924859,19.924859,18.973666,18.027756,15.811388,13.601471,11.18034,9.0,6.082763,4.472136,7.071068,12.083046,17.492856,22.472205,26.925824,30.88689,32.202484,32.310989,30.675723,7.81025,8.944272,10.440307,12.369317,13.341664,15.297059,15.297059,14.142136,13.152946,11.18034,9.219544,7.071068,5.0,3.162278,2.0,4.472136,7.211103,10.0,13.453624,15.620499,17.804494,20.0,20.808652,19.723083,17.492856,13.892444,11.045361,12.041595,12.369317,11.7047,12.529964,13.038405,13.453624,14.142136,14.866069,15.0,16.401219,17.204651,17.204651,17.804494,18.439089,17.691806,16.970563,15.556349,12.727922,10.0,7.28011,7.28011,10.0,14.142136,18.384776,20.615528,12.649111,15.231546,16.124515,16.401219,16.970563,15.0,13.416408,10.77033,7.28011,4.123106,1.0,2.236068,5.09902,7.615773,9.848858,11.661904,13.601471,14.21267,15.620499,15.556349,15.556349,15.556349,14.866069,13.453624,13.038405,12.083046,17.204651,15.811388,14.3174375,11.698377,10.6284805,9.949367,10.7998965,12.205456,13.247305,14.846483,16.770749000000002,18.396156,19.499325,20.52439,20.9022315,21.1978425,20.4403065,19.0393195,16.2171575,13.0513675,9.3267625,7.175589,7.343420500000001,10.385165,13.5275475,16.056461,9.081908,7.7130115,6.203659,5.6925825,6.889636,9.3267625,11.921836,14.4534795,15.840432,16.461069000000002,16.802934999999998,16.8363515,16.5769505,15.160586,14.815446,13.435016,12.405484,11.8517495,11.8517495,12.206556,12.9223265,14.815446,15.495292,17.014693,18.6535255,19.0386675
hoyeon_stand_normal_01,1782,594,59.40324590163935,29.998360745314464,10,0.5301735997200012,0.6597499847412109,-0.066599890589714,0.9988631010055542,0.5332249999046326,0.6724360585212708,-0.0580928064882755,0.9979081749916076,0.533903956413269,0.6729958653450012,-0.0581012926995754,0.9975058436393738,0.5347088575363159,0.6737015247344971,-0.058074951171875,0.9979013800621032,0.5341514945030212,0.6727557182312012,-0.0821903496980667,0.9982746243476868,0.5353513956069946,0.673470139503479,-0.0822189301252365,0.9982818365097046,0.5366857051849365,0.6743365526199341,-0.0822886526584625,0.9985032677650452,0.5440294742584229,0.6721189022064209,-0.0079531921073794,0.9949311017990112,0.5452491641044617,0.6718893051147461,-0.1167763546109199,0.9983047842979432,0.5333232283592224,0.6474189758300781,-0.0447128973901271,0.998573124408722,0.5346522927284241,0.6474030017852783,-0.0762517005205154,0.9990097880363464,0.5537143349647522,0.6005808711051941,0.0702881515026092,0.999113917350769,0.5577954649925232,0.6076251864433289,-0.1682048439979553,0.9999484419822692,0.552850604057312,0.4970793128013611,0.0933517441153526,0.1110342293977737,0.5548831224441528,0.5055440664291382,-0.1986542046070099,0.9870097637176514,0.553533673286438,0.4214524328708648,0.0440996102988719,0.2688333988189697,0.5415993332862854,0.4155926704406738,-0.1931820958852768,0.9718421101570128,0.556722104549408,0.393529862165451,0.0393954254686832,0.2596988081932068,0.5424216985702515,0.3869988322257995,-0.2159190773963928,0.9507845044136048,0.549829363822937,0.3891425132751465,0.021519873291254,0.2665781378746032,0.5384442806243896,0.3853358626365661,-0.2151017636060714,0.9476643204689026,0.5493349432945251,0.3993494808673858,0.0339784659445285,0.2510527074337005,0.537298858165741,0.3939838409423828,-0.1917759925127029,0.9213110208511353,0.5498254895210266,0.4201751351356506,0.0706321820616722,0.9972158670425416,0.552804708480835,0.4244104027748108,-0.070708192884922,0.997658908367157,0.5477011799812317,0.2797658443450928,0.072726584970951,0.2690838277339935,0.5531806349754333,0.2800455093383789,-0.0594379231333732,0.8067648410797119,0.5463038682937622,0.1372232437133789,0.1190127357840538,0.3684321939945221,0.5487584471702576,0.1328039169311523,-0.01171834487468,0.8393754363059998,0.5502267479896545,0.1150097846984863,0.1190970912575721,0.5082331299781799,0.5543901324272156,0.1044502481818199,-0.010856183245778,0.8022650480270386,0.5249994993209839,0.1153079941868782,0.0669226348400116,0.5627018809318542,0.5276107788085938,0.1060731336474418,-0.0775566175580024,0.8630393743515015,hoyeon_stand_normal_01,28.442925,29.12044,27.513633,23.769729,20.124612,16.552945,10.77033,6.324555,4.123106,4.123106,7.071068,10.440307,13.601471,16.155494,18.973666,21.18962,23.086793,23.769729,24.738634,23.345235,20.223748,16.124515,11.18034,5.830952,5.09902,11.401754,12.041595,11.313708,11.313708,10.630146,8.602325,6.708204,5.09902,5.385165,6.403124,7.81025,9.433981,10.816654,11.661904,12.206556,13.038405,13.038405,10.816654,10.816654,8.062258,6.708204,4.0,4.472136,9.055385,14.0,19.026298,24.083189,12.041595,12.369317,12.083046,12.529964,12.806248,13.453624,14.21267,14.422205,16.124515,17.0,17.888544,17.888544,19.235384,19.723083,19.723083,19.416488,17.804494,16.401219,13.601471,10.29563,8.246211,8.544004,11.313708,15.620499,19.209373,21.931712,11.401754,13.928388,15.264338,16.401219,15.556349,15.0,12.529964,10.77033,7.28011,4.0,1.0,2.0,5.0,7.071068,9.486833,10.77033,12.529964,13.892444,15.264338,15.811388,16.401219,15.0,15.0,13.892444,13.0,12.369317,12.041595,14.142136,15.132746,14.142136,15.132746,14.035669,13.038405,12.0,10.0,9.0,7.0,6.082763,4.472136,5.0,6.324555,8.062258,11.0,14.0,17.0,19.026298,20.099751,21.213203,20.396078,19.235384,17.464249,14.317821,10.440307,12.649111,13.928388,15.231546,15.652476,14.764823,13.416408,11.18034,9.848858,7.615773,6.082763,5.0,4.472136,5.0,5.656854,6.403124,7.211103,8.062258,8.602325,10.0,10.0,10.0,9.433981,9.848858,10.440307,11.045361
hoyeon_stand_normal_01,1785,595,59.50325136612022,29.998360745314464,10,0.5300673246383667,0.659758448600769,-0.0666302666068077,0.99886292219162,0.5331192016601562,0.6724334955215454,-0.0581280216574668,0.9979099035263062,0.5337987542152405,0.6729923486709595,-0.0581362284719944,0.9975058436393738,0.534607470035553,0.6736980676651001,-0.05811033770442,0.9979013204574584,0.5340558290481567,0.6727519631385803,-0.0822100341320037,0.9982761740684508,0.5352611541748047,0.6734665632247925,-0.0822387710213661,0.9982831478118896,0.536597490310669,0.6743332743644714,-0.0823085606098175,0.998505711555481,0.5439453125,0.6721156239509583,-0.0079938629642128,0.9949297904968262,0.5451869964599609,0.6718832850456238,-0.1168402805924415,0.9983075261116028,0.5331916809082031,0.6474165320396423,-0.0447393916547298,0.9985734820365906,0.5345070958137512,0.6474042534828186,-0.0763032436370849,0.9990107417106628,0.5537160634994507,0.600579023361206,0.07023436576128,0.9991162419319152,0.557652473449707,0.6076131463050842,-0.1682448387145996,0.999948263168335,0.5528719425201416,0.4970774948596954,0.093118704855442,0.1111043542623519,0.55484938621521,0.5055205821990967,-0.1986709982156753,0.9869981408119202,0.553610622882843,0.4216547608375549,0.043466605246067,0.2692191004753113,0.5415327548980713,0.4156055450439453,-0.1928571909666061,0.9718226790428162,0.5568292737007141,0.3937145173549652,0.0385732054710388,0.2600608170032501,0.5423656702041626,0.3869982957839966,-0.2155407816171646,0.9507552981376648,0.5497322082519531,0.389244943857193,0.0207890141755342,0.2668936848640442,0.5383782982826233,0.3853507936000824,-0.2147974371910095,0.9476436972618104,0.5492472052574158,0.3995417356491089,0.0333749502897262,0.2512136995792389,0.5372245907783508,0.3939959406852722,-0.1914558857679367,0.9213038682937622,0.5498453974723816,0.4201042950153351,0.0706152096390724,0.9972251653671264,0.5526803731918335,0.4243192076683044,-0.0706912353634834,0.997663915157318,0.5477193593978882,0.2797583639621734,0.0733090490102768,0.2701082229614258,0.5531285405158997,0.2800313234329223,-0.0589330643415451,0.8069103360176086,0.5463496446609497,0.1372260153293609,0.1205312460660934,0.3695800602436065,0.5487956404685974,0.1328103691339492,-0.0101649509742856,0.8395124673843384,0.5503397583961487,0.1150102317333221,0.1207154467701911,0.5093435049057007,0.5543749928474426,0.1044727340340614,-0.0091754402965307,0.8023949861526489,0.5250476002693176,0.1154012680053711,0.0689060911536216,0.5634887218475342,0.5276134014129639,0.1063659116625785,-0.0755676254630088,0.8631681203842163,hoyeon_stand_normal_01,23.769729,24.596748,23.323808,20.248457,17.204651,13.601471,9.433981,5.385165,4.0,3.605551,6.082763,8.0,11.045361,13.038405,16.03122,18.027756,20.0,21.0,21.023796,19.104973,17.117243,14.142136,9.055385,5.09902,4.123106,8.544004,9.899495,8.485281,9.219544,8.485281,7.071068,5.830952,5.09902,4.123106,5.0,7.071068,7.81025,9.219544,10.0,10.0,10.0,10.0,9.219544,8.602325,7.211103,5.385165,3.0,5.0,8.246211,12.369317,16.492423,19.646883,11.313708,11.401754,11.18034,11.7047,12.369317,13.038405,14.0,15.033296,16.124515,17.262677,17.262677,18.248288,19.104973,19.104973,20.024984,19.0,18.027756,16.03122,14.0,11.045361,8.944272,9.433981,12.649111,16.278821,20.396078,24.041631,13.601471,16.124515,17.464249,17.720045,18.11077,17.0,14.142136,11.401754,8.544004,5.385165,2.236068,2.236068,4.472136,6.708204,8.944272,10.77033,12.649111,14.317821,14.142136,16.124515,16.03122,15.033296,15.132746,14.142136,13.341664,12.083046,14.56022,16.155494,16.155494,17.088007,16.155494,15.811388,15.524175,13.341664,12.165525,11.18034,9.219544,7.28011,5.830952,5.0,7.28011,9.0,12.041595,14.035669,17.117243,19.026298,21.023796,22.0,22.022716,20.099751,18.11077,15.132746,11.18034,12.041595,14.035669,15.0,15.0,14.035669,13.038405,12.041595,10.0,8.062258,6.324555,5.830952,6.403124,6.708204,6.324555,8.544004,8.544004,9.486833,10.440307,10.440307,10.440307,11.401754,11.401754,11.045361,11.0,12.041595
hoyeon_stand_normal_01,1788,596,59.60325683060109,29.998360745314464,10,0.5299615859985352,0.6597835421562195,-0.0667511224746704,0.9988667964935304,0.5330221652984619,0.672441840171814,-0.0582535862922668,0.9979204535484314,0.5337055325508118,0.673001229763031,-0.0582614503800869,0.9975133538246156,0.5345198512077332,0.6737101674079895,-0.0582352876663208,0.997909426689148,0.5339578986167908,0.6727533340454102,-0.0823372080922126,0.9982863664627076,0.5351638197898865,0.6734663248062134,-0.0823659896850586,0.998292088508606,0.5364990830421448,0.6743322610855103,-0.0824357345700264,0.9985169172286988,0.5438449382781982,0.6721133589744568,-0.0080512901768088,0.9949479699134828,0.5450988411903381,0.6718809008598328,-0.116903081536293,0.998315930366516,0.5330583453178406,0.6474198698997498,-0.0448247045278549,0.9985774159431458,0.5343477725982666,0.6474109292030334,-0.0763828232884407,0.9990150928497314,0.5537136197090149,0.6005941033363342,0.0692184790968895,0.9991173148155212,0.5574820041656494,0.6075999736785889,-0.1681044995784759,0.9999473094940186,0.5528748035430908,0.4970930814743042,0.0919637456536293,0.1121884658932685,0.5548437237739563,0.5054714679718018,-0.1977436989545822,0.9869204759597778,0.5536315441131592,0.4219101667404175,0.0427031852304935,0.2719707190990448,0.5415153503417969,0.4156065881252289,-0.1906094551086425,0.9717898964881896,0.5569108724594116,0.393871545791626,0.0376407504081726,0.2622130811214447,0.5423551797866821,0.3869973421096802,-0.2127449065446853,0.9506916403770448,0.549672544002533,0.3893353343009949,0.0199575703591108,0.2690624594688415,0.5383654236793518,0.3853526413440704,-0.2121560275554657,0.9476115107536316,0.5492096543312073,0.399756908416748,0.0326895490288734,0.2529418468475342,0.5372089147567749,0.3939972817897796,-0.1891815215349197,0.921289086341858,0.5498415231704712,0.4201012849807739,0.0695602893829345,0.9972054958343506,0.5524388551712036,0.4243012368679046,-0.0696366876363754,0.9976431727409364,0.5477237701416016,0.2797855138778686,0.0709759667515754,0.2730180323123932,0.553030252456665,0.2800410389900207,-0.058991190046072,0.8050260543823242,0.5462973117828369,0.137195274233818,0.1170932203531265,0.3708910644054413,0.54866623878479,0.1328144967555999,-0.0105290571227669,0.8376046419143677,0.5502923727035522,0.1149818375706672,0.1171117797493934,0.50935298204422,0.5542672872543335,0.1050210893154144,-0.0095474906265735,0.7997825741767883,0.5252366065979004,0.1152274534106254,0.0648137480020523,0.563252329826355,0.527705192565918,0.1063801497220993,-0.0757856145501136,0.8615202903747559,hoyeon_stand_normal_01,14.227078,14.605385,15.0789305,15.6242285,15.294307,14.723814,12.786694999999998,11.064203,9.632727,10.01561,10.6789255,11.761251,11.85235,11.964194,12.5751325,12.1794155,12.6763745,13.8510565,15.688779,17.218209,18.2749295,18.3536185,17.905268,16.5169465,16.72953,17.915129,9.340932,9.416294,9.885165,9.7683545,9.7132755,9.6182965,9.124144,8.9982385,8.791732,9.1301485,8.5952415,8.547442499999999,7.621233,7.004383499999999,6.708203999999999,7.7114905,8.063291,9.178944,9.178944,9.6388045,9.632169,10.5577265,12.6023255,14.2006095,15.9477275,15.700877,11.401754,11.045361,11.0,11.18034,11.7047,12.083046,13.038405,13.601471,14.21267,14.866069,16.278821,16.278821,17.691806,17.804494,17.804494,17.204651,16.643317,15.264338,13.038405,9.219544,6.708204,8.062258,11.18034,15.264338,18.35756,21.023796,12.529964,14.422205,16.278821,17.029386,17.204651,15.652476,13.928388,11.18034,8.062258,5.09902,1.0,1.414214,5.0,7.211103,9.219544,11.313708,12.041595,14.21267,14.422205,15.264338,15.264338,15.264338,14.422205,12.806248,12.727922,11.401754,17.804494,16.401219,13.601471,11.661904,10.440307,10.049876,11.045361,12.165525,13.341664,15.524175,17.262677,18.248288,20.024984,22.022716,21.213203,21.587033,21.84033,19.313208,17.464249,13.928388,10.198039,7.071068,7.071068,9.848858,13.341664,16.492423,9.433981,7.615773,6.082763,6.324555,7.81025,10.0,11.661904,14.422205,15.264338,17.204651,17.204651,17.029386,16.278821,15.556349,14.866069,13.453624,12.727922,12.041595,12.041595,12.206556,13.038405,14.764823,16.124515,17.888544,18.867962,18.867962
hoyeon_stand_normal_01,1791,597,59.70326229508196,29.998360745314464,10,0.5298596620559692,0.6598539352416992,-0.066931314766407,0.9988527297973632,0.5329118967056274,0.6724700331687927,-0.0584387592971324,0.997894048690796,0.5335909724235535,0.6730309724807739,-0.0584458783268928,0.997481107711792,0.5344048738479614,0.6737473607063293,-0.0584184303879737,0.9978821277618408,0.5338684916496277,0.6727772951126099,-0.0825289115309715,0.998265266418457,0.5350810885429382,0.6734917759895325,-0.082557588815689,0.9982722997665404,0.5364231467247009,0.6743618249893188,-0.0826279670000076,0.9985008835792542,0.5437285304069519,0.6721366047859192,-0.0082522891461849,0.9948732256889344,0.5450255870819092,0.6718981862068176,-0.1171460300683975,0.9982911348342896,0.5329192280769348,0.6474493741989136,-0.0450094006955623,0.99855375289917,0.534199595451355,0.6474570035934448,-0.0765747502446174,0.9990004301071168,0.5537403225898743,0.6006034016609192,0.0691766738891601,0.9991101026535034,0.5573676228523254,0.6076120138168335,-0.1682700514793396,0.9999468326568604,0.5531113147735596,0.4970928728580475,0.0919959619641304,0.1113527715206146,0.5548033118247986,0.5054683089256287,-0.1982222199440002,0.9868491888046264,0.5537557601928711,0.4220072329044342,0.0429740436375141,0.2709130346775055,0.5414933562278748,0.4155612885951996,-0.1920788884162902,0.971707046031952,0.5572417974472046,0.3939543664455414,0.0381474643945694,0.2614124715328216,0.5423281192779541,0.386946827173233,-0.214461863040924,0.9505799412727356,0.5504306554794312,0.3894857168197632,0.0204249843955039,0.2681836783885956,0.5383300185203552,0.3853253126144409,-0.2136909663677215,0.9475070834159852,0.5498354434967041,0.3998579978942871,0.0329768247902393,0.2519339919090271,0.5371753573417664,0.3939636647701263,-0.1906119287014007,0.9211090207099916,0.550103485584259,0.4201038479804992,0.0695831924676895,0.9971930980682372,0.5522827506065369,0.424299031496048,-0.0696592703461647,0.997627854347229,0.547822892665863,0.2798607647418976,0.0712665393948555,0.2737390995025635,0.5529777407646179,0.2801035642623901,-0.0590058080852031,0.8045642375946045,0.5463806390762329,0.1372829526662826,0.1175454705953598,0.3721182942390442,0.5486710667610168,0.1330820918083191,-0.0105347223579883,0.8375176191329956,0.5504818558692932,0.1150255054235458,0.1175836399197578,0.510563850402832,0.5542894601821899,0.1051166206598281,-0.0095559824258089,0.7996478080749512,0.5256317853927612,0.1152322739362716,0.0653675496578216,0.563822865486145,0.5278682112693787,0.1065585240721702,-0.0758003294467926,0.8614270091056824,hoyeon_stand_normal_01,5.0,3.605551,6.082763,9.486833,12.083046,15.231546,15.231546,16.552945,16.155494,15.231546,13.928388,13.0,11.18034,8.944272,6.403124,3.605551,3.162278,5.385165,9.219544,14.142136,19.235384,23.345235,26.476405,26.925824,27.513633,25.632011,5.09902,6.324555,7.615773,9.433981,10.816654,11.661904,11.661904,10.816654,10.816654,8.602325,7.211103,5.656854,3.605551,3.0,3.605551,5.385165,7.28011,9.219544,12.165525,14.317821,16.278821,18.439089,18.681542,17.720045,15.811388,12.649111,15.132746,16.124515,15.297059,14.56022,13.601471,13.0,12.083046,10.29563,8.602325,7.81025,6.403124,6.324555,6.0,7.28011,8.062258,10.630146,14.142136,16.278821,19.104973,20.518285,22.022716,22.203603,22.472205,20.124612,18.384776,14.56022,6.324555,4.123106,2.236068,2.236068,5.09902,6.324555,8.544004,8.944272,9.433981,10.0,9.219544,8.485281,7.071068,5.656854,5.0,3.605551,2.0,2.828427,4.123106,6.082763,8.0,10.0,12.0,13.0,15.0,11.628453,16.401219,15.0,12.806248,10.630146,9.433981,9.486833,10.049876,12.0,14.0,15.0,17.029386,18.248288,19.416488,20.248457,20.615528,20.59126,20.248457,18.601075,16.401219,12.206556,9.848858,7.0,8.062258,11.401754,14.422205,17.492856,8.485281,7.071068,4.472136,5.0,6.708204,9.219544,11.313708,14.142136,14.866069,15.620499,16.401219,16.643317,15.264338,13.416408,12.083046,12.529964,11.661904,11.661904,10.816654,11.401754,12.041595,14.142136,15.556349,16.970563,18.439089,18.439089
hoyeon_stand_normal_01,1794,598,59.80326775956284,29.998360745314464,10,0.5296987891197205,0.6599724292755127,-0.0674764737486839,0.9988459348678588,0.5327486395835876,0.6725251078605652,-0.0590101294219493,0.997880220413208,0.5334184765815735,0.6730883717536926,-0.0590161271393299,0.9974647164344788,0.5342299938201904,0.6738157272338867,-0.0589879937469959,0.9978703260421752,0.5337443947792053,0.672835648059845,-0.0830819383263588,0.998254656791687,0.5349715352058411,0.6735588312149048,-0.0831098109483718,0.9982637763023376,0.5363271832466125,0.674441397190094,-0.0831795930862426,0.9984936714172364,0.5435612797737122,0.6721929907798767,-0.0088520525023341,0.994839072227478,0.5449326634407043,0.6719542741775513,-0.1176669299602508,0.9982752203941344,0.5327163338661194,0.6475329995155334,-0.0455666817724704,0.998542845249176,0.533990204334259,0.6475650072097778,-0.0771077647805213,0.9989926218986512,0.5537406206130981,0.6006175875663757,0.0690625086426734,0.9991018772125244,0.5572855472564697,0.607661783695221,-0.1687401980161667,0.9999465346336364,0.5532400012016296,0.4971088469028473,0.0923318862915039,0.1106223538517952,0.5547999739646912,0.5055129528045654,-0.1997936517000198,0.9868144989013672,0.5538383722305298,0.422073096036911,0.0454975590109825,0.2693209052085876,0.541484534740448,0.41555055975914,-0.1970612555742263,0.9716516733169556,0.5574368834495544,0.3940077424049377,0.0415085591375827,0.2601768970489502,0.542323112487793,0.3869234025478363,-0.2200736552476883,0.9505174160003662,0.5507853031158447,0.389571338891983,0.0234877206385135,0.2668324410915375,0.5383152365684509,0.3853146433830261,-0.219143345952034,0.9474396109580994,0.5501044392585754,0.3999118506908417,0.0355049185454845,0.2506300806999206,0.5371538996696472,0.3939517438411712,-0.1956597864627838,0.9209184050559998,0.5501890182495117,0.4203880727291107,0.0697868391871452,0.9971809387207032,0.552215576171875,0.4245549142360687,-0.0698629543185234,0.9976111054420472,0.5478751063346863,0.2802297174930572,0.0711656808853149,0.2728273868560791,0.5529305338859558,0.2805502116680145,-0.0604675263166427,0.8053803443908691,0.5465664267539978,0.1373636424541473,0.1162227690219879,0.372047871351242,0.548740565776825,0.1333207637071609,-0.0145084513351321,0.8380692601203918,0.5506803393363953,0.1126948446035385,0.1160605251789093,0.510731041431427,0.5543534755706787,0.1051709353923797,-0.0139099359512329,0.8001896142959595,0.5256687998771667,0.1155595630407333,0.0640386641025543,0.5634497404098511,0.5278691649436951,0.1070614159107208,-0.0804106891155242,0.8616786599159241,hoyeon_stand_normal_01,4.472136,4.0,5.830952,9.219544,11.313708,13.453624,14.142136,14.142136,14.142136,13.453624,12.041595,10.630146,9.219544,7.81025,5.830952,3.0,2.828427,6.082763,9.0,13.0,17.029386,21.0,23.021729,24.083189,24.33105,22.561028,5.830952,6.708204,8.544004,9.486833,10.440307,10.440307,11.401754,10.440307,9.486833,8.246211,7.28011,6.082763,4.0,3.605551,3.162278,5.0,6.082763,8.246211,10.440307,12.649111,14.56022,15.524175,16.492423,16.278821,14.142136,11.18034,12.020815,11.811451,11.693448,11.893873,12.509214,12.6916295,13.5178345,14.0178345,14.5178345,15.581983,16.0778675,16.5769505,17.514693,18.513878,18.513149,17.570078,17.1460315,15.6560585,13.0956755,10.049876,8.5952415,8.543803,11.44252,15.195122,19.6190335,21.9506695,13.129936,14.9330345,16.664583,17.044003500000002,16.790215,15.328460499999998,13.076473,10.524938,7.640055,4.561553,2.118034,2.118034,4.9286505,6.708204,8.955558,11.237515,12.1769055,13.4715675,14.80744,14.637441,15.6286305,15.1333255,14.7195975,13.7353835,13.2887495,11.855152,12.369317,13.341664,15.297059,15.297059,15.524175,14.56022,13.928388,12.083046,11.18034,8.944272,7.615773,5.385165,4.0,3.605551,5.0,7.615773,9.848858,13.0,15.231546,17.464249,18.788294,19.235384,19.723083,18.027756,15.811388,12.806248,11.18034,13.416408,14.764823,15.264338,15.264338,15.0,13.601471,12.206556,10.816654,8.944272,7.28011,6.082763,5.09902,6.324555,6.708204,7.211103,8.062258,8.602325,8.602325,10.0,10.0,10.0,10.630146,10.630146,10.0,11.18034
hoyeon_stand_normal_01,1797,599,59.90327322404372,29.998360745314464,10,0.5294913053512573,0.6601940393447876,-0.0676150098443031,0.9988427758216858,0.5325619578361511,0.6726549863815308,-0.059108417481184,0.9978744387626648,0.5332193374633789,0.6732259392738342,-0.0591146573424339,0.997460961341858,0.5340253114700317,0.6739696264266968,-0.0590861625969409,0.997868001461029,0.5336122512817383,0.6729602217674255,-0.0831837207078933,0.9982483983039856,0.5348597168922424,0.6736912727355957,-0.0832112655043602,0.9982597827911376,0.5362321138381958,0.6745836734771729,-0.0832806900143623,0.9984886646270752,0.5433810949325562,0.6722856163978577,-0.0089131537824869,0.9948323369026184,0.5448458194732666,0.6720437407493591,-0.1177282705903053,0.9982644319534302,0.5324567556381226,0.6476880311965942,-0.0457004122436046,0.9985358715057372,0.5337400436401367,0.6477521061897278,-0.0772419944405555,0.9989856481552124,0.5537320375442505,0.600623369216919,0.0690638497471809,0.9990975856781006,0.5571473836898804,0.6076867580413818,-0.1689824759960174,0.999946355819702,0.5534442067146301,0.4971224069595337,0.0923950374126434,0.1103355437517166,0.5547200441360474,0.5055558085441589,-0.200374573469162,0.986828088760376,0.5542852878570557,0.4221528172492981,0.0458683520555496,0.2688707113265991,0.5414726734161377,0.4155393540859222,-0.1986163109540939,0.9716655611991882,0.5580343008041382,0.3941457867622375,0.0418816357851028,0.259880006313324,0.5423110127449036,0.386906087398529,-0.2219261676073074,0.9505378007888794,0.5516461133956909,0.3897630870342254,0.0238573476672172,0.2664321959018707,0.5383010506629944,0.3853071331977844,-0.2209754139184951,0.947457790374756,0.55097895860672,0.4000252187252044,0.0358772911131382,0.2501600980758667,0.5371418595314026,0.3939413428306579,-0.1972557008266449,0.9208642244338988,0.550216019153595,0.4204440414905548,0.0700812712311744,0.9971792101860046,0.5522146224975586,0.4246080815792084,-0.0701592043042182,0.9976050853729248,0.5478775501251221,0.2803699672222137,0.071287989616394,0.2725417017936706,0.5529194474220276,0.2806919515132904,-0.0606133453547954,0.8066474199295044,0.5465725660324097,0.1374619752168655,0.1166581064462661,0.3726256787776947,0.5487924814224243,0.1334074884653091,-0.0145808951929211,0.8390425443649292,0.5507137775421143,0.1134023144841194,0.1165397688746452,0.5115079879760742,0.5544256567955017,0.1051655560731887,-0.0139900110661983,0.8011656403541565,0.5256734490394592,0.1156688407063484,0.0645120665431022,0.5641376972198486,0.5278709530830383,0.1071527078747749,-0.0807060003280639,0.8623974323272705,hoyeon_stand_normal_01,5.0,3.605551,6.708204,10.440307,13.601471,14.866069,15.811388,17.088007,16.155494,14.866069,13.928388,12.649111,10.440307,9.219544,6.082763,4.123106,3.162278,6.324555,10.29563,15.264338,19.723083,24.186773,25.942244,28.231188,27.856777,25.96151,6.708204,7.28011,9.055385,10.049876,12.0,12.0,12.0,12.0,11.0,10.0,8.0,6.082763,4.123106,2.828427,3.0,5.09902,7.211103,8.602325,12.206556,14.21267,16.401219,17.204651,18.027756,16.643317,16.124515,12.529964,15.132746,15.132746,15.033296,14.0,13.038405,12.165525,11.18034,9.486833,8.544004,6.708204,5.656854,4.472136,5.0,6.324555,8.944272,10.816654,14.422205,16.643317,19.416488,21.095023,22.825424,23.259407,22.472205,20.880613,17.464249,14.142136,5.830952,3.605551,2.236068,2.236068,3.605551,6.708204,8.062258,10.0,11.401754,12.041595,11.313708,10.630146,10.0,9.219544,7.81025,6.403124,5.0,3.162278,3.162278,4.242641,5.830952,7.615773,9.486833,11.401754,13.341664,14.317821,13.453624,14.866069,15.556349,16.278821,16.278821,15.620499,15.0,13.038405,11.661904,9.433981,8.062258,5.830952,5.0,4.123106,5.09902,7.615773,10.29563,13.038405,15.811388,18.027756,19.723083,20.59126,19.697716,18.788294,17.088007,13.928388,11.661904,13.416408,13.928388,15.811388,15.811388,15.811388,13.601471,12.649111,10.77033,8.944272,7.211103,6.403124,5.830952,6.324555,7.071068,8.0,9.0,10.0,10.0,10.0,11.0,11.0,11.045361,10.198039,10.440307,11.661904
hoyeon_stand_normal_01,1800,600,60.00327868852459,29.998360745314464,10,0.5292312502861023,0.6603701114654541,-0.0668491646647453,0.9988384246826172,0.5323547124862671,0.6727592349052429,-0.0583568774163723,0.9978676438331604,0.5330185294151306,0.6733362674713135,-0.0583643242716789,0.9974554777145386,0.5338363647460938,0.6740936636924744,-0.0583362653851509,0.9978636503219604,0.5334247946739197,0.6730619072914124,-0.0823846831917762,0.9982420206069946,0.5346953272819519,0.6738009452819824,-0.0824120715260505,0.9982553124427797,0.5360807776451111,0.6747027635574341,-0.0824813395738601,0.9984842538833618,0.5432162880897522,0.6723540425300598,-0.0084576606750488,0.9948276281356812,0.5447143316268921,0.6721153259277344,-0.1170392706990242,0.9982566833496094,0.5322049260139465,0.6478189826011658,-0.0450716763734817,0.998528778553009,0.53346848487854,0.6479112505912781,-0.0765434354543685,0.9989801049232484,0.5536705255508423,0.6006188988685608,0.0692889913916587,0.9990900754928588,0.557024359703064,0.6076996922492981,-0.1683346629142761,0.9999459385871888,0.5535632371902466,0.497133731842041,0.0926033407449722,0.1101494655013084,0.5546495318412781,0.5056122541427612,-0.1994007527828216,0.9867774248123168,0.5543320178985596,0.4222119152545929,0.0464777275919914,0.2680888772010803,0.5414449572563171,0.4155163168907165,-0.1976551860570907,0.9715507626533508,0.5580501556396484,0.3942120373249054,0.0425037890672683,0.2592354118824005,0.5422815680503845,0.3868804275989532,-0.2208535075187683,0.9503678679466248,0.5517551302909851,0.389880508184433,0.0245867539197206,0.2657009065151214,0.5382698774337769,0.3853000998497009,-0.2197337001562118,0.9472812414169312,0.5511066317558289,0.4000906944274902,0.0365354306995868,0.2494473308324813,0.5371125936508179,0.3939326107501983,-0.1962568014860153,0.9205846190452576,0.5502252578735352,0.4204664230346679,0.0700890943408012,0.997172474861145,0.5522163510322571,0.424637109041214,-0.0701668187975883,0.9975996613502502,0.547878086566925,0.2804620265960693,0.0710542276501655,0.2727176249027252,0.5529167652130127,0.2807552218437195,-0.0607931576669216,0.8074958920478821,0.5465696454048157,0.1375202536582946,0.1160340011119842,0.3730878531932831,0.5487949252128601,0.1334326267242431,-0.0151910874992609,0.8393989205360413,0.5507209897041321,0.1138854324817657,0.1158908978104591,0.5117272138595581,0.5544899106025696,0.1051909476518631,-0.014642140828073,0.8012999296188354,0.5256929993629456,0.1157451197504997,0.0642330572009086,0.5642827749252319,0.5278745889663696,0.1071927323937416,-0.0811231136322021,0.8625856041908264,hoyeon_stand_normal_01,24.041631,23.537205,21.213203,19.104973,16.03122,12.0,8.062258,4.472136,3.162278,5.09902,7.615773,10.816654,12.206556,15.264338,17.492856,18.867962,20.59126,21.470911,21.931712,20.248457,18.027756,14.866069,10.77033,7.071068,6.0,9.848858,10.440307,10.440307,10.440307,9.486833,8.544004,6.708204,5.656854,5.830952,6.082763,7.0,8.062258,9.055385,9.055385,10.049876,10.049876,10.049876,9.055385,8.062258,7.071068,4.123106,2.828427,4.123106,8.062258,11.661904,16.124515,20.124612,14.317821,14.317821,13.601471,13.0,12.083046,11.661904,10.0,9.219544,7.81025,7.211103,5.385165,5.0,5.09902,6.708204,8.485281,10.630146,13.601471,15.0,18.601075,20.615528,21.931712,22.627417,22.022716,20.0,17.492856,14.764823,5.0,3.605551,2.0,2.236068,4.123106,6.082763,8.062258,10.198039,10.440307,11.7047,10.77033,9.848858,8.944272,8.062258,6.708204,5.830952,4.472136,3.0,2.828427,4.123106,6.082763,8.0,10.049876,12.041595,13.152946,14.142136,17.691806,16.278821,14.21267,11.661904,9.848858,9.219544,10.049876,11.18034,13.341664,15.297059,17.262677,19.104973,20.0,21.095023,21.377558,21.84033,21.18962,19.697716,16.552945,13.0,9.486833,7.071068,7.071068,9.848858,13.341664,15.524175,8.602325,6.708204,6.324555,6.082763,7.211103,9.899495,11.401754,14.21267,15.620499,16.278821,16.970563,16.278821,15.620499,15.0,13.601471,12.206556,11.401754,11.401754,11.313708,12.041595,13.601471,15.811388,15.811388,18.027756,19.209373,19.209373
hoyeon_stand_normal_01,1803,601,60.10328415300546,29.998360745314464,10,0.5289298295974731,0.6605017781257629,-0.0655433386564254,0.998823881149292,0.5320843458175659,0.6728445291519165,-0.0570862405002117,0.9978445172309875,0.5327450037002563,0.6734299063682556,-0.0570948161184787,0.9974287748336792,0.5335643291473389,0.6742020845413208,-0.0570676103234291,0.9978429079055786,0.5331833362579346,0.6731408834457397,-0.0811159610748291,0.9982224702835084,0.5344770550727844,0.6738855242729187,-0.0811430588364601,0.99823659658432,0.5358701348304749,0.6747915148735046,-0.0812126547098159,0.9984687566757202,0.5429755449295044,0.6724063158035278,-0.0075361100025475,0.9947826862335204,0.5445471405982971,0.6721656322479248,-0.1160831004381179,0.9982374310493468,0.5319088101387024,0.6479189395904541,-0.0438821986317634,0.9985111355781556,0.5331729650497437,0.6480239033699036,-0.0753464624285698,0.998967707157135,0.5535748600959778,0.6006043553352356,0.0698961243033409,0.999077320098877,0.5569511651992798,0.6077046990394592,-0.1673786640167236,0.9999454617500304,0.553618848323822,0.4971432685852051,0.0929877460002899,0.109416127204895,0.5546005964279175,0.5056904554367065,-0.1977370083332061,0.9866441488265992,0.5543610453605652,0.4222161471843719,0.0473350621759891,0.2655047476291656,0.5414369106292725,0.4155085980892181,-0.1942775249481201,0.9712308645248412,0.5580001473426819,0.3942224681377411,0.0433788485825061,0.2569253742694855,0.5422693490982056,0.3868480324745178,-0.2170064598321914,0.9498801827430724,0.5517132878303528,0.3898940980434418,0.0256908498704433,0.2632902264595032,0.5382519364356995,0.3852788805961609,-0.2158466428518295,0.9467613697052002,0.5511037707328796,0.4000930488109588,0.0374758429825305,0.2472592145204544,0.5371009111404419,0.3939217031002044,-0.1928075700998306,0.919848084449768,0.5502238869667053,0.4204761683940887,0.070096455514431,0.9971655011177064,0.5522159337997437,0.4246614277362823,-0.0701739639043808,0.9975975155830384,0.5478855967521667,0.2804645895957947,0.0711234733462333,0.2716545462608337,0.5529155135154724,0.2807463705539703,-0.0603521429002285,0.8067087531089783,0.5465731024742126,0.1375819891691208,0.1161547973752021,0.3723556697368622,0.548797070980072,0.1335083991289138,-0.0145373251289129,0.8387043476104736,0.5508102774620056,0.1141759306192398,0.1160757392644882,0.5110418796539307,0.5545253157615662,0.105099506676197,-0.0139651400968432,0.8009103536605835,0.525711178779602,0.1158429011702537,0.0652064830064773,0.5633410811424255,0.5278780460357666,0.1072345748543739,-0.0798015892505645,0.8620124459266663,hoyeon_stand_normal_01,7.615773,7.28011,10.198039,14.56022,18.027756,20.248457,20.880613,20.880613,20.880613,19.646883,17.464249,15.524175,13.341664,10.77033,8.062258,5.0,5.09902,9.219544,14.21267,18.601075,23.600847,28.600699,32.649655,33.941125,33.301652,31.400637,9.219544,10.29563,11.7047,12.649111,14.56022,14.56022,15.524175,14.317821,13.341664,12.165525,10.198039,9.055385,6.082763,5.830952,5.830952,7.071068,9.0,12.041595,15.132746,18.11077,21.095023,22.090722,23.021729,22.0,20.024984,16.03122,13.416408,13.928388,13.601471,14.142136,14.035669,14.0,14.035669,15.132746,15.297059,16.278821,16.278821,17.464249,18.248288,18.248288,19.104973,19.026298,18.0,17.0,14.0,12.041595,9.848858,9.899495,12.529964,16.552945,18.788294,21.954498,11.401754,13.0,15.264338,14.21267,14.866069,13.038405,10.29563,8.544004,5.09902,2.236068,1.414214,3.605551,5.830952,7.211103,9.219544,11.313708,12.041595,13.601471,14.422205,14.764823,14.764823,14.764823,13.892444,13.601471,13.453624,12.041595,16.03122,14.142136,12.041595,10.049876,8.544004,8.602325,9.219544,10.816654,12.206556,14.422205,15.811388,17.691806,19.104973,19.416488,20.248457,19.235384,19.313208,17.088007,14.56022,11.7047,8.062258,5.830952,7.071068,10.29563,13.892444,16.124515,8.062258,6.082763,5.09902,4.242641,5.385165,8.062258,10.049876,12.041595,14.035669,15.132746,14.317821,14.317821,13.601471,12.649111,11.7047,10.77033,9.486833,9.219544,9.055385,10.049876,11.0,13.038405,15.033296,17.029386,18.0,18.0
hoyeon_stand_normal_01,1806,602,60.20328961748634,29.998360745314464,10,0.5287929177284241,0.6606079936027527,-0.0635078772902488,0.9988179206848145,0.5319238901138306,0.6729164123535156,-0.0550099834799766,0.9978437423706056,0.5325738191604614,0.6735133528709412,-0.0550189986824989,0.9974278807640076,0.5333831906318665,0.6743038892745972,-0.0549930706620216,0.9978452920913696,0.533042848110199,0.6732084155082703,-0.0790364295244216,0.9982175827026368,0.5343372225761414,0.6739583611488342,-0.0790625885128974,0.998230278491974,0.5357216596603394,0.6748670935630798,-0.0791308507323265,0.998465061187744,0.5428250432014465,0.6724777221679688,-0.0056588724255561,0.994788408279419,0.544427752494812,0.6722115874290466,-0.1141461953520774,0.9982321858406068,0.5317654609680176,0.6480006575584412,-0.0419231168925762,0.9985020756721495,0.533031165599823,0.6481194496154785,-0.0733704343438148,0.9989601373672484,0.5535735487937927,0.60061115026474,0.0715244859457016,0.99907124042511,0.5568245649337769,0.6077030897140503,-0.1657571792602539,0.9999449849128724,0.5536887645721436,0.4972280859947204,0.0938437208533287,0.1086766198277473,0.5544834136962891,0.505730152130127,-0.1951118260622024,0.9864577054977416,0.5544030666351318,0.422209084033966,0.048430822789669,0.2628790140151977,0.5414029955863953,0.4155040979385376,-0.1885561496019363,0.9707522988319396,0.5579508543014526,0.3942241370677948,0.0444957464933395,0.2544635236263275,0.5422025322914124,0.3868406414985657,-0.2105879336595535,0.9491472244262696,0.5516401529312134,0.3898951709270477,0.0270581040531396,0.2607312798500061,0.5381929278373718,0.3852696418762207,-0.2094373553991317,0.9459932446479796,0.5510593056678772,0.4000100791454315,0.0386449806392192,0.2449250221252441,0.5370628833770752,0.393915593624115,-0.1869932115077972,0.918827474117279,0.5503808856010437,0.4205875396728515,0.0701005309820175,0.9971596002578736,0.5522049069404602,0.4247733652591705,-0.0701772049069404,0.9975956082344056,0.5479695796966553,0.2804736793041229,0.0711743682622909,0.2701625823974609,0.5528910756111145,0.2807929217815399,-0.0601654760539531,0.8046700954437256,0.5465717911720276,0.1375994682312011,0.1164294779300689,0.3711767494678497,0.5487715005874634,0.1335754990577697,-0.0143327806144952,0.8370738625526428,0.5508201718330383,0.1143855974078178,0.1163612157106399,0.5096055865287781,0.5544508099555969,0.1050958931446075,-0.013711541891098,0.7996225953102112,0.5257200598716736,0.115897811949253,0.0653304904699325,0.5615307092666626,0.5278833508491516,0.1072736456990242,-0.0786683484911918,0.8607146739959717,hoyeon_stand_normal_01,26.0955265,26.341664,24.114202,21.3054145,17.6452165,13.076473,9.1374645,6.117038,5.6080585,7.035534,9.63471,12.407318,14.4390205,17.012866000000002,19.375928,20.709937,22.1018015,23.054261,22.056719,21.1184995,18.138022,15.1485295,11.5226805,8.303131,9.3267625,12.509214,9.5526305,10.5476185,11.045361,11.543478,11.045361,10.5476185,9.609772,8.7996945,8.154234500000001,8.5731645,8.7147765,9.3267625,9.609772,10.0,10.315073,10.630146,9.9497475,9.609772,8.1477655,7.259227,6.1622775,7.343420500000001,9.924429,14.3792565,18.6535255,22.5820945,14.405694,13.897151,13.4856895,12.7290015,12.863961,12.255474,11.739356,11.4739145,11.1900395,11.361772,10.9885155,11.415476,11.574855,12.36798,13.0253525,13.870841,14.9852815,15.2781745,15.363961,15.327565,14.8195135,15.68034,16.4943935,17.395464,17.7460025,18.0790755,8.0823505,8.189102,8.0,8.796625,10.2614615,10.206366,10.1324525,9.315073,8.200877,7.684417000000001,6.948986,7.209367999999999,7.164718499999999,7.671184,7.963874000000001,8.014495499999999,7.7114905,8.100341499999999,8.5,9.5,10.623386,11.6276065,12.315073,12.903124,13.682808,13.2909935,14.752705999999998,15.134468666666669,15.244774,15.004052666666666,14.290019333333332,13.751437666666666,13.324263,12.268097666666668,12.146719666666664,11.101162333333336,10.904496,10.186997333333334,9.955791,9.914665333333334,10.451523333333332,11.860642,13.494149333333334,15.005827666666669,16.202213333333336,16.294464666666666,16.30527066666667,15.84028,15.945757999999998,15.822500666666668,15.357341333333332,14.431771333333336,10.078079,10.703461333333337,11.114144666666666,11.306430666666666,12.136743333333332,12.120789666666669,12.044637,11.917776666666668,11.261438333333333,10.031186333333334,9.709734666666668,9.113544,8.743845333333335,8.801041333333332,9.377775333333334,9.523445,9.818423,10.081667,10.830720333333332,10.981284666666667,11.451767666666669,12.151948,12.167068333333331,12.629948333333331,13.168349666666666,13.666056666666668
hoyeon_stand_normal_01,1809,603,60.303295081967214,29.998360745314464,10,0.5286960601806641,0.6608010530471802,-0.0674530416727066,0.9988200068473816,0.531816840171814,0.6730424761772156,-0.0591886192560195,0.997849941253662,0.5324326753616333,0.6736375689506531,-0.0591938309371471,0.9974366426467896,0.5331984758377075,0.6744252443313599,-0.0591652728617191,0.997846782207489,0.5329944491386414,0.6733629703521729,-0.0828030779957771,0.9982219338417052,0.5342939496040344,0.6741230487823486,-0.0828348398208618,0.9982356429100036,0.5356828570365906,0.6750267744064331,-0.0829050913453102,0.9984695911407472,0.5426278710365295,0.6724908947944641,-0.009091299958527,0.994812786579132,0.5443950295448303,0.6722341179847717,-0.1158062666654586,0.9982476830482484,0.5316177606582642,0.6481775641441345,-0.0455770455300807,0.998509168624878,0.5329253077507019,0.6482981443405151,-0.0764663070440292,0.998967170715332,0.552979052066803,0.6006029844284058,0.0689323768019676,0.9990687370300292,0.5568236112594604,0.6077041625976562,-0.1664486080408096,0.9999457597732544,0.5532915592193604,0.4973111748695373,0.0913465991616249,0.107906237244606,0.5544924139976501,0.5057563781738281,-0.1954418122768402,0.986474633216858,0.5542110800743103,0.4221013188362121,0.0431528128683567,0.260126918554306,0.5415275692939758,0.4155032038688659,-0.1883253008127212,0.9706465601921082,0.5573636293411255,0.3942233622074127,0.038032166659832,0.2521259486675262,0.5422788858413696,0.3869085609912872,-0.2101357132196426,0.9489260911941528,0.5500974059104919,0.3898871839046478,0.020931689068675,0.2584047317504883,0.5382389426231384,0.3852912783622741,-0.2098003476858139,0.9457560777664183,0.5497378706932068,0.3999924957752228,0.0333169065415859,0.242812231183052,0.5371514558792114,0.3939258456230163,-0.1870183199644088,0.9186684489250184,0.5500723719596863,0.4207802712917328,0.0699106603860855,0.997178554534912,0.5523792505264282,0.4249703586101532,-0.0699811354279518,0.9976288080215454,0.5478843450546265,0.2805463671684265,0.0723874941468238,0.268634170293808,0.5529835224151611,0.2808219194412231,-0.0579443611204624,0.8027172088623047,0.5465241074562073,0.1376330107450485,0.1178418919444084,0.370469331741333,0.5489464402198792,0.13360595703125,-0.0094518540427088,0.8361126780509949,0.5507602691650391,0.1145183145999908,0.1177941635251045,0.5084083676338196,0.5544697046279907,0.1046167463064193,-0.0086289849132299,0.7992779612541199,0.5256571769714355,0.1162667796015739,0.0665137320756912,0.5618214011192322,0.5278843641281128,0.1078747063875198,-0.0747722908854484,0.8603912591934204,hoyeon_stand_normal_01,26.683328,26.248809,24.166092,21.470911,17.492856,13.038405,9.848858,7.0,7.615773,9.219544,11.313708,13.453624,15.556349,16.970563,18.439089,20.0,20.808652,20.248457,19.723083,18.35756,16.124515,13.601471,10.630146,9.848858,11.045361,14.035669,10.29563,13.0,14.866069,15.524175,16.278821,15.132746,14.142136,13.038405,11.18034,10.440307,9.848858,10.29563,10.0,11.401754,11.401754,11.401754,11.401754,11.401754,11.401754,10.630146,10.0,10.77033,13.152946,16.0,20.0,23.021729,16.552945,16.552945,16.155494,14.866069,14.56022,13.341664,12.165525,11.045361,9.0,8.062258,7.28011,6.708204,6.403124,6.708204,9.219544,11.045361,13.0,16.0,18.027756,20.024984,22.203603,22.36068,21.84033,19.313208,17.464249,13.892444,3.162278,1.0,1.414214,3.162278,6.324555,8.062258,9.433981,10.630146,10.630146,11.313708,10.630146,9.219544,8.602325,7.81025,5.656854,5.0,4.123106,4.0,4.472136,6.403124,8.485281,10.0,12.206556,13.601471,15.264338,16.643317,19.209373,17.204651,14.422205,12.041595,9.219544,8.944272,9.055385,10.0,12.041595,13.038405,15.0,17.029386,18.11077,18.681542,18.973666,19.313208,19.235384,17.492856,15.264338,11.661904,8.544004,7.071068,7.211103,10.0,12.529964,14.764823,6.708204,5.656854,4.472136,6.082763,7.615773,10.29563,13.892444,14.764823,17.0,16.552945,17.088007,15.811388,14.56022,13.341664,11.18034,10.440307,9.486833,8.944272,8.602325,9.899495,12.041595,14.21267,16.401219,18.439089,19.79899,20.518285
hoyeon_stand_normal_01,1812,604,60.40330054644809,29.998360745314464,10,0.5287367105484009,0.6626028418540955,-0.071250207722187,0.998860776424408,0.5318542718887329,0.6750471591949463,-0.0632970184087753,0.997919738292694,0.5324353575706482,0.6755073070526123,-0.0632995590567588,0.997515857219696,0.5331811904907227,0.6760952472686768,-0.0632734522223472,0.9979119300842284,0.5331642627716064,0.6753642559051514,-0.0864485949277877,0.9982820749282836,0.5345047116279602,0.676022469997406,-0.0864851176738739,0.998296082019806,0.5360230803489685,0.6767622232437134,-0.0865557193756103,0.9985257387161256,0.542291522026062,0.6730810403823853,-0.0125676793977618,0.9949811100959778,0.5446265339851379,0.6729591488838196,-0.1171782538294792,0.9983176589012146,0.5315640568733215,0.6499738693237305,-0.049075860530138,0.9985640048980712,0.5329293012619019,0.6500503420829773,-0.0793647840619087,0.9990081787109376,0.5499172806739807,0.6002355217933655,0.0660566464066505,0.9990720748901368,0.5571686625480652,0.6077059507369995,-0.1665260940790176,0.9999470114707948,0.5515577793121338,0.4976152777671814,0.0914589688181877,0.1095012053847312,0.5550858378410339,0.5058602690696716,-0.1935653090476989,0.986668586730957,0.5524167418479919,0.4222186505794525,0.0450055338442325,0.2609726786613464,0.5418429970741272,0.4156426191329956,-0.1823955476284027,0.9707876443862916,0.5539345145225525,0.3942940235137939,0.0393426157534122,0.2525866329669952,0.5424900650978088,0.3873920440673828,-0.2032945454120636,0.948955237865448,0.5484139323234558,0.3900957405567169,0.0226475317031145,0.2589609324932098,0.5383831858634949,0.3856441974639892,-0.2043872475624084,0.9457695484161376,0.5480371713638306,0.4003198444843292,0.0353757143020629,0.2433995455503463,0.5373539328575134,0.3942301571369171,-0.1814920902252197,0.91896253824234,0.5482011437416077,0.4208181500434875,0.0685980319976806,0.9972116351127625,0.553394079208374,0.4250042736530304,-0.0686541348695755,0.9976834654808044,0.5475441813468933,0.2806545495986938,0.072316750884056,0.2685821652412414,0.5530350804328918,0.2808329463005066,-0.055925540626049,0.8004295229911804,0.5464837551116943,0.1379466652870178,0.1178920343518257,0.3706057965755462,0.5491437911987305,0.1337408721446991,-0.0058859405107796,0.8342165350914001,0.550660252571106,0.114994078874588,0.1178229674696922,0.5057187080383301,0.5545291900634766,0.1043913587927818,-0.004889354109764,0.7964004874229431,0.5249430537223816,0.1173048689961433,0.0666078925132751,0.5634700059890747,0.5277878642082214,0.1088109016418457,-0.0716719105839729,0.859473705291748,hoyeon_stand_normal_01,20.880613,20.615528,18.35756,16.643317,13.601471,10.0,7.615773,6.0,6.708204,8.602325,10.630146,12.041595,12.806248,13.601471,15.264338,15.264338,16.124515,15.652476,14.764823,13.892444,13.038405,12.041595,11.401754,11.18034,12.649111,14.142136,10.0,12.529964,13.928388,14.317821,15.033296,14.0,12.165525,10.198039,8.062258,6.0,6.324555,6.403124,7.071068,8.485281,9.219544,10.0,10.816654,10.816654,10.29563,9.433981,9.219544,8.602325,9.486833,11.18034,15.033296,17.117243,11.045361,12.041595,12.165525,13.601471,13.928388,14.317821,14.764823,15.264338,15.264338,15.811388,15.811388,16.643317,16.643317,17.0,17.0,15.652476,14.317821,12.529964,10.29563,8.485281,7.28011,9.0,12.369317,15.524175,18.439089,20.223748,14.317821,14.866069,15.652476,15.264338,14.866069,12.727922,10.0,7.211103,4.242641,2.236068,2.828427,5.830952,7.615773,8.944272,10.816654,13.601471,14.21267,15.556349,16.278821,16.278821,16.401219,15.620499,14.21267,13.453624,12.806248,11.661904,11.661904,13.0,14.866069,15.231546,15.231546,15.231546,13.416408,12.529964,11.661904,10.0,8.602325,6.708204,5.385165,5.09902,5.385165,7.81025,9.899495,12.041595,14.866069,16.970563,18.384776,19.104973,18.439089,17.804494,15.811388,13.038405,13.601471,15.264338,17.492856,18.35756,17.888544,16.552945,14.317821,12.083046,9.433981,7.211103,5.830952,5.09902,6.082763,7.28011,8.544004,9.486833,10.77033,11.7047,12.369317,13.341664,13.341664,12.165525,12.369317,10.77033,10.29563,10.0
hoyeon_stand_normal_01,1815,605,60.50330601092896,29.998360745314464,10,0.5296943783760071,0.6664456725120544,-0.1072261705994606,0.9989603757858276,0.5326967835426331,0.6783419251441956,-0.0954337567090988,0.9981022477149964,0.5329490900039673,0.6785218119621277,-0.0954306051135063,0.9977295994758606,0.5333967804908752,0.6787474751472473,-0.0954082310199737,0.9980868697166444,0.5348150134086609,0.6785982847213745,-0.1168017908930778,0.9984333515167236,0.5364403128623962,0.6788170337677002,-0.1168495863676071,0.9984458684921264,0.5381254553794861,0.6790215969085693,-0.1169037297368049,0.998656153678894,0.5420424938201904,0.6742240190505981,-0.0252872146666049,0.9954004883766174,0.5463094711303711,0.673588216304779,-0.1215458065271377,0.9984694719314576,0.5316170454025269,0.653624415397644,-0.0780215412378311,0.9986793398857116,0.5336780548095703,0.6533800363540649,-0.1057439595460891,0.9990893602371216,0.5467762351036072,0.6000721454620361,0.066148892045021,0.9990875720977784,0.5572969913482666,0.6077212691307068,-0.166094496846199,0.999949038028717,0.5501025319099426,0.4996088743209839,0.0980041697621345,0.1154623329639434,0.5577338933944702,0.5083687901496887,-0.1796040534973144,0.9872213006019592,0.5524699687957764,0.4231312870979309,0.0464174263179302,0.2666570842266083,0.5435677170753479,0.4207330346107483,-0.1638843417167663,0.9712979197502136,0.5556260347366333,0.3953255116939544,0.0394029431045055,0.2561443746089935,0.5441564321517944,0.3913578391075134,-0.1833335012197494,0.949357807636261,0.5502151250839233,0.3911268413066864,0.0226136706769466,0.262882262468338,0.5394148230552673,0.3892669677734375,-0.1871595531702041,0.946251630783081,0.5489309430122375,0.4017824828624725,0.0363319627940654,0.2466352730989456,0.5383622050285339,0.3975070714950561,-0.1636004447937011,0.9204347133636476,0.5475608706474304,0.4206525683403015,0.0683186948299408,0.9972627758979796,0.5540269613265991,0.4248940348625183,-0.068364717066288,0.997771680355072,0.5475610494613647,0.2805566787719726,0.0636633113026619,0.2766764760017395,0.5530744791030884,0.2808150053024292,-0.0624285861849784,0.8030774593353271,0.5464296340942383,0.1381221264600753,0.1080215126276016,0.3788754343986511,0.5487677454948425,0.1338177323341369,-0.0142020341008901,0.8359853625297546,0.5504440069198608,0.1150563955307006,0.1076249703764915,0.5062493085861206,0.5542367696762085,0.1034855917096138,-0.0134927434846758,0.793982744216919,0.5246845483779907,0.1170438379049301,0.0532296150922775,0.5706778168678284,0.5276876091957092,0.1086771339178085,-0.0838263481855392,0.8613590598106384,hoyeon_stand_normal_01,17.096365499999997,17.4272795,17.357751,16.345903,15.012029,13.9014865,11.7153745,10.3485105,9.571068,9.5262385,9.346202,9.3904555,9.032514,9.4007865,9.1589105,10.7703295,12.2866525,13.5612845,14.8662225,15.78794,15.573079,15.409121,15.4719405,14.3049465,14.804419,14.706083,14.1740085,14.385268,14.881317500000002,14.24346,13.5207975,11.734825,11.3198895,10.5476185,11.0,11.046895,11.14094,11.772002,12.940039,12.490802,12.951538,13.0112605,13.0112605,12.27735,12.27735,11.7201535,11.4436315,10.481598,11.460073,12.665275,14.866069,15.702914,5.830952,7.071068,9.0,12.041595,13.152946,14.317821,14.56022,14.866069,14.866069,15.231546,14.317821,14.317821,13.416408,13.416408,12.529964,11.661904,10.0,8.485281,6.708204,7.0,8.062258,10.630146,14.142136,17.029386,19.104973,20.518285,14.866069,16.552945,18.027756,17.804494,16.970563,15.620499,13.038405,9.848858,6.324555,3.162278,3.0,6.0,9.0,11.045361,13.038405,14.142136,16.278821,17.720045,17.720045,18.027756,17.088007,16.155494,13.928388,10.440307,8.062258,8.8723335,12.041595,13.0,14.035669,14.142136,15.132746,15.033296,14.035669,13.0,11.045361,10.049876,9.055385,8.0,7.0,5.385165,5.830952,6.403124,9.433981,11.18034,13.0,15.231546,16.552945,17.888544,17.492856,16.124515,14.422205,12.206556,15.132746,17.262677,18.681542,18.973666,18.973666,18.027756,16.155494,13.928388,10.440307,8.062258,7.071068,5.830952,7.071068,7.211103,8.944272,11.18034,11.661904,13.892444,14.422205,15.0,15.0,14.21267,14.21267,13.601471,12.529964,11.7047
hoyeon_stand_normal_01,1818,606,60.60331147540983,29.998360745314464,10,0.530038058757782,0.6685963869094849,-0.145758181810379,0.9990596175193788,0.5328458547592163,0.6797996759414673,-0.1319474130868911,0.998282253742218,0.5329803824424744,0.679774284362793,-0.1319357454776764,0.9979425668716432,0.5333808064460754,0.6797559857368469,-0.1319105327129364,0.9982626438140868,0.5353050827980042,0.6803022623062134,-0.1510302573442459,0.9985831379890442,0.53702712059021,0.6804673075675964,-0.1510839462280273,0.9985944628715516,0.5388361811637878,0.6805776953697205,-0.151123821735382,0.9987847208976746,0.541086733341217,0.6745948791503906,-0.0494283325970172,0.9958168864250184,0.5471198558807373,0.6742598414421082,-0.1349467784166336,0.998616337776184,0.5316174626350403,0.6556524634361267,-0.1123249679803848,0.9987961649894714,0.5341414213180542,0.6556650400161743,-0.1371163427829742,0.999172031879425,0.5427227020263672,0.5980764031410217,0.0542571134865284,0.9990909099578856,0.5591607689857483,0.607674241065979,-0.1658643335103988,0.999951720237732,0.5496648550033569,0.4999597072601318,0.0955574885010719,0.1233627349138259,0.5619207620620728,0.5083691477775574,-0.1716237515211105,0.9879493713378906,0.5518572926521301,0.4231521785259247,0.0456014201045036,0.2784392833709717,0.545785129070282,0.4200832545757293,-0.1601114422082901,0.9724158644676208,0.5554454922676086,0.3953199088573456,0.0375998169183731,0.2647420167922973,0.5467590093612671,0.391140341758728,-0.1790408641099929,0.9506812691688538,0.5501097440719604,0.3908695578575134,0.0194787420332431,0.2722577750682831,0.5414546132087708,0.3891541361808777,-0.1842096447944641,0.9477110505104064,0.5488494634628296,0.4017659723758697,0.0353130660951137,0.2546995878219604,0.5405780076980591,0.3974137604236603,-0.1603023558855056,0.9231180548667908,0.5446279048919678,0.4206267893314361,0.0640265122056007,0.9973854422569276,0.5562459230422974,0.4248943328857422,-0.0640661194920539,0.997918665409088,0.5456255674362183,0.2805945873260498,0.0509127117693424,0.2949885725975036,0.5531332492828369,0.2808501124382019,-0.0624754428863525,0.8091702461242676,0.5459274053573608,0.1396814733743667,0.0965785607695579,0.4001490175724029,0.5487034320831299,0.1350377649068832,-0.014233605004847,0.8421943783760071,0.5498798489570618,0.116218015551567,0.0964549481868743,0.5131211280822754,0.5542219281196594,0.1029329448938369,-0.0137283885851502,0.7930668592453003,0.524712860584259,0.1170442998409271,0.0400109738111496,0.5895815491676331,0.528282105922699,0.1084580272436142,-0.0861084535717964,0.8669499158859253,hoyeon_stand_normal_01,20.615528,20.0,17.204651,13.601471,10.0,7.071068,5.385165,5.09902,6.403124,8.485281,10.630146,12.041595,13.453624,14.21267,15.0,14.422205,13.892444,12.529964,10.29563,8.602325,5.830952,5.0,6.708204,10.0,13.453624,15.620499,9.055385,12.041595,16.124515,18.439089,20.880613,21.931712,21.470911,21.633308,20.0,17.691806,14.866069,13.453624,10.816654,8.944272,8.246211,8.0,9.055385,9.486833,12.083046,13.416408,14.422205,15.811388,17.804494,19.209373,19.849433,21.260292,6.082763,9.055385,11.401754,13.601471,14.866069,16.155494,16.552945,17.0,17.0,16.643317,16.643317,15.811388,15.811388,15.0,14.21267,12.041595,10.630146,9.433981,7.28011,7.28011,8.602325,11.401754,15.0,18.027756,20.0,21.400935,14.317821,16.643317,17.804494,16.970563,16.401219,13.892444,11.7047,8.246211,5.0,2.236068,2.236068,4.472136,7.28011,9.219544,11.045361,13.0,14.0,16.03122,16.124515,17.262677,16.278821,16.278821,14.317821,12.165525,10.049876,6.082763,11.661904,13.038405,13.601471,14.422205,13.601471,13.601471,13.038405,11.661904,10.77033,9.486833,7.615773,6.708204,5.0,4.472136,6.082763,7.0,9.055385,12.165525,14.142136,16.124515,18.11077,18.027756,18.0,17.0,15.033296,13.038405,14.317821,16.155494,18.027756,18.973666,18.681542,18.439089,16.278821,14.317821,11.401754,9.486833,7.211103,5.656854,5.385165,7.071068,8.0,9.0,10.0,12.0,12.0,13.038405,13.038405,13.038405,13.038405,12.0,12.041595,11.18034
hoyeon_stand_normal_01,1821,607,60.70331693989071,29.998360745314464,10,0.5307630896568298,0.6702702641487122,-0.1688044369220733,0.999150276184082,0.5331219434738159,0.6806624531745911,-0.152846872806549,0.998446762561798,0.533032238483429,0.6804695129394531,-0.1528359204530716,0.998137593269348,0.5333402156829834,0.6802952885627747,-0.1528153419494629,0.9984235763549804,0.5361965894699097,0.6812130808830261,-0.1697879880666732,0.9987198710441588,0.5380725264549255,0.6811882853507996,-0.1698369085788726,0.9987301826477052,0.5401228070259094,0.6811014413833618,-0.169870987534523,0.998901903629303,0.539572536945343,0.6747673153877258,-0.0605985671281814,0.996195375919342,0.5485184788703918,0.6743202209472656,-0.136844128370285,0.9987499713897704,0.5316269397735596,0.6572184562683105,-0.1319987922906875,0.9989027976989746,0.5350024700164795,0.6572250723838806,-0.1538709998130798,0.9992471933364868,0.5385590195655823,0.5971625447273254,0.0521874874830246,0.9990788698196412,0.561203122138977,0.6085450053215027,-0.1614233404397964,0.9999544024467468,0.5494174957275391,0.5013844966888428,0.0971550792455673,0.1319766640663147,0.567195475101471,0.5110158920288086,-0.1650449633598327,0.98874831199646,0.5500576496124268,0.4240354895591736,0.0493071191012859,0.2919909060001373,0.5556077361106873,0.4200522005558014,-0.1684302687644958,0.9740886092185974,0.55451500415802,0.3954306542873382,0.0408976040780544,0.2745493650436401,0.5568434596061707,0.3916742205619812,-0.188841313123703,0.9531485438346864,0.5501077771186829,0.3910447359085083,0.0209282375872135,0.2828240394592285,0.5481583476066589,0.3891683518886566,-0.1892658621072769,0.9503795504570008,0.5487183332443237,0.4024445414543152,0.0386509150266647,0.2643868327140808,0.5470364689826965,0.3975498378276825,-0.1681337207555771,0.927303433418274,0.5432325005531311,0.4202885627746582,0.0643001273274421,0.9974839091300964,0.5583980679512024,0.4247528910636902,-0.0643513053655624,0.9980515241622924,0.5454484224319458,0.2801803946495056,0.0539907924830913,0.3102158308029175,0.5567236542701721,0.280846893787384,-0.0622020363807678,0.8172409534454346,0.5466297268867493,0.1406096965074539,0.1025961562991142,0.4200415909290313,0.5511106252670288,0.1356433928012848,-0.0122862076386809,0.8499753475189209,0.549896776676178,0.1120000556111335,0.1024539023637771,0.5215305089950562,0.5588283538818359,0.1074528694152832,-0.0118736233562231,0.7950085997581482,0.5250198841094971,0.1171184703707695,0.048036865890026,0.6072185039520264,0.5292747020721436,0.108453094959259,-0.0849379375576973,0.8736128807067871,hoyeon_stand_normal_01,27.313001,27.513633,26.925824,24.186773,20.024984,16.0,12.0,8.062258,4.472136,4.123106,6.082763,8.544004,11.7047,13.601471,15.811388,17.464249,18.439089,18.248288,18.11077,16.124515,14.035669,11.18034,8.944272,7.211103,9.055385,12.0,17.0,18.384776,18.973666,18.439089,17.262677,15.297059,13.341664,11.7047,11.401754,11.313708,13.601471,14.422205,15.264338,16.643317,17.204651,17.804494,17.029386,16.278821,15.556349,13.453624,11.401754,8.944272,10.0,12.083046,16.643317,21.095023,19.416488,18.601075,16.401219,14.866069,12.041595,10.0,8.062258,6.324555,5.0,3.605551,3.162278,5.0,6.324555,8.944272,10.816654,13.038405,15.811388,17.204651,18.601075,18.601075,18.601075,17.804494,16.401219,13.601471,11.401754,7.81025,5.0,4.472136,5.385165,7.0,9.219544,11.18034,13.038405,12.806248,13.453624,13.453624,12.806248,10.816654,9.433981,7.211103,5.385165,3.162278,1.0,1.414214,3.605551,6.403124,9.433981,13.038405,15.264338,17.492856,18.867962,18.867962,17.088007,17.088007,15.231546,12.369317,11.18034,10.0,10.198039,10.77033,11.18034,13.0,14.866069,15.811388,17.464249,18.248288,19.026298,19.0,19.026298,17.117243,15.132746,12.165525,10.0,7.28011,7.211103,9.486833,12.165525,14.035669,9.848858,7.28011,6.082763,6.403124,9.433981,12.083046,15.231546,17.464249,19.235384,20.59126,20.248457,19.209373,18.439089,16.970563,15.556349,13.453624,12.041595,11.401754,10.0,10.29563,11.7047,13.341664,14.317821,16.278821,18.681542,17.720045
hoyeon_stand_normal_01,1824,608,60.80332240437159,29.998360745314464,10,0.5320313572883606,0.6705698370933533,-0.1809174865484237,0.9992327094078064,0.5334650874137878,0.6806607246398926,-0.1638686954975128,0.99859619140625,0.5330531597137451,0.6803991198539734,-0.1638680547475814,0.9983147978782654,0.533126950263977,0.6801708936691284,-0.1638635545969009,0.9985694289207458,0.537624716758728,0.6812453269958496,-0.1784950792789459,0.9988439679145812,0.5398653149604797,0.6811780333518982,-0.178532212972641,0.9988533854484558,0.5423490405082703,0.6810367107391357,-0.1785589605569839,0.999008297920227,0.5366919040679932,0.6743216514587402,-0.0650277212262153,0.9965392351150512,0.5501812696456909,0.6741309762001038,-0.1329304426908493,0.998871386051178,0.5316784381866455,0.6577373743057251,-0.141703113913536,0.9989968538284302,0.5363171696662903,0.657477080821991,-0.1603841036558151,0.9993146657943726,0.5339828133583069,0.5950243473052979,0.054004680365324,0.999031901359558,0.5636516809463501,0.6089215874671936,-0.1484747380018234,0.9999567866325378,0.5479048490524292,0.5032856464385986,0.1054815500974655,0.1296420097351074,0.5707920789718628,0.5152316093444824,-0.156105950474739,0.9894790649414062,0.5430728197097778,0.428026407957077,0.054281111806631,0.2858810722827911,0.563492476940155,0.4215185940265655,-0.1717708855867386,0.975527048110962,0.5433371067047119,0.4000217020511627,0.0469373501837253,0.2688682675361633,0.5656506419181824,0.3938249051570892,-0.1937903016805648,0.9551377892494202,0.5423908233642578,0.3962679505348205,0.0245549846440553,0.2775570452213287,0.5560435056686401,0.3909113705158233,-0.2020962089300155,0.952587068080902,0.5421648621559143,0.4073844254016876,0.0426315665245056,0.2596980333328247,0.5544368028640747,0.3991117477416992,-0.174977570772171,0.9308329820632936,0.5425185561180115,0.4192303419113159,0.0615763217210769,0.9975762963294984,0.5616800785064697,0.4244616329669952,-0.0616234876215457,0.9981703162193298,0.5441072583198547,0.2802470624446869,0.0314326360821723,0.3240526914596557,0.5586146712303162,0.2806394398212433,-0.0689504295587539,0.8238817453384399,0.5476608276367188,0.1417238861322403,0.0704178735613823,0.4444113075733185,0.5525678992271423,0.1357904374599456,-0.0276151299476623,0.8566508293151855,0.5505560636520386,0.1102587580680847,0.0693842694163322,0.5313969254493713,0.5607717037200928,0.109449490904808,-0.0283498261123895,0.794809103012085,0.5258482098579407,0.1170354336500167,0.0099009852856397,0.6267836093902588,0.5316930413246155,0.1078725978732109,-0.1048010438680648,0.8794649243354797,hoyeon_stand_normal_01,21.0,21.023796,19.235384,17.464249,13.601471,10.440307,6.324555,4.0,3.605551,6.0,8.062258,10.049876,13.038405,14.0,16.03122,17.117243,17.464249,16.763055,15.811388,13.928388,10.440307,7.071068,5.830952,7.615773,11.401754,14.317821,10.049876,12.0,14.035669,14.142136,14.56022,13.601471,11.7047,10.77033,8.544004,8.062258,7.071068,7.615773,8.062258,8.944272,9.433981,10.816654,10.29563,10.29563,10.29563,8.602325,8.485281,8.062258,9.055385,12.0,14.035669,17.262677,4.081139,6.889636,9.1891265,11.401754,13.79788,14.587716,16.3102495,16.919572000000002,17.249861,17.534482,17.324017,17.1035515,16.1415065,15.590351,14.564801,12.615773,10.739333,7.409573,4.782701,5.0,7.8366965,10.514599,14.3972285,17.720045,20.1312055,21.7095185,14.940146,17.366774,19.0356645,19.991127,19.465856,18.024687,16.404253999999998,13.558171,10.1324525,7.8390155,6.0,5.8694395,8.145306000000001,9.6162355,11.993294,13.7111025,15.342367499999998,16.7462115,17.6763965,18.3983245,18.3983245,17.232124499999998,15.628623,13.545092,10.5693405,7.2166385,11.045361,12.369317,14.56022,14.56022,15.297059,15.297059,15.132746,13.038405,12.0,10.0,9.0,7.0,5.09902,5.0,5.830952,7.28011,10.049876,13.038405,15.033296,18.11077,19.104973,20.223748,20.396078,19.646883,17.720045,14.56022,12.529964,14.764823,15.264338,17.204651,16.401219,15.0,13.601471,11.401754,9.433981,6.708204,5.0,5.385165,5.830952,7.071068,7.81025,9.219544,10.630146,11.401754,12.041595,12.727922,12.041595,12.041595,11.313708,10.630146,9.433981,9.486833
hoyeon_stand_normal_01,1827,609,60.90332786885246,29.998360745314464,10,0.5345087051391602,0.6714373826980591,-0.1913017928600311,0.9993083477020264,0.5340083837509155,0.6808052659034729,-0.1742266714572906,0.9987342357635498,0.5330677032470703,0.6804078817367554,-0.1742337793111801,0.998480260372162,0.5326792001724243,0.6800828576087952,-0.1742434799671173,0.9987088441848756,0.5398250818252563,0.6815635561943054,-0.1849566400051117,0.9989576935768129,0.542585015296936,0.6814477443695068,-0.1849831640720367,0.9989661574363708,0.5456498265266418,0.681248664855957,-0.1849916130304336,0.9991055130958556,0.5338783860206604,0.6737250685691833,-0.0738847255706787,0.996874451637268,0.5526577234268188,0.6741322875022888,-0.1288284361362457,0.9989821314811708,0.5322441458702087,0.6587501168251038,-0.1525352299213409,0.9990930557250975,0.5391265153884888,0.65868079662323,-0.1664532572031021,0.9993804097175598,0.5274579524993896,0.5897220969200134,0.036424197256565,0.9990671873092652,0.5683807134628296,0.6089293360710144,-0.1274108588695526,0.9999574422836304,0.5329012274742126,0.5010043382644653,0.0858563333749771,0.1611504554748535,0.5750448107719421,0.5149916410446167,-0.1411617696285247,0.989986538887024,0.5261477828025818,0.4271837770938873,0.0230861976742744,0.3297380805015564,0.5702479481697083,0.4212964475154876,-0.1856542974710464,0.976575493812561,0.52403724193573,0.3986082375049591,0.0126345288008451,0.3075556457042694,0.5727249979972839,0.3937520086765289,-0.2126891016960144,0.9565004706382751,0.5239011645317078,0.3959417939186096,-0.0153944054618477,0.3172307908535003,0.565514326095581,0.3910801112651825,-0.2222266644239425,0.954153060913086,0.5260317921638489,0.4071646332740783,0.0093765733763575,0.2981771826744079,0.5633214116096497,0.399163156747818,-0.1903014183044433,0.9334694147109984,0.5410653948783875,0.4191537499427795,0.0528908409178257,0.9976745843887328,0.5657616257667542,0.4244677126407623,-0.0529021881520748,0.9982945322990416,0.5408850312232971,0.2818786203861236,0.043648712337017,0.3717293739318847,0.5650551915168762,0.2801277041435241,-0.0620638020336627,0.8385419249534607,0.5457237958908081,0.1519449204206466,0.0986746326088905,0.488185703754425,0.5567408800125122,0.1356998234987259,-0.0080213025212287,0.8687290549278259,0.550798237323761,0.1261038929224014,0.1006716638803482,0.5583968758583069,0.5622891187667847,0.1110140681266784,-0.0083306850865483,0.798879861831665,0.5258347988128662,0.1227704212069511,0.0254378970712423,0.6554920077323914,0.5412968397140503,0.1025935858488082,-0.0968356505036354,0.888611376285553,hoyeon_stand_normal_01,23.706539,23.259407,21.023796,17.888544,14.317821,11.18034,6.324555,3.0,2.0,5.385165,8.944272,11.661904,14.422205,17.0,20.124612,21.023796,23.259407,23.769729,22.472205,20.248457,17.088007,11.7047,7.071068,1.414214,5.0,9.433981,8.062258,8.062258,7.071068,5.09902,3.162278,2.0,3.605551,6.324555,8.246211,10.198039,11.18034,13.152946,13.152946,13.152946,13.152946,12.165525,10.198039,9.055385,7.0,4.123106,1.0,5.0,8.602325,13.416408,17.888544,20.59126,8.062258,8.062258,8.485281,9.848858,11.401754,13.152946,15.0,16.03122,16.03122,17.029386,17.117243,17.117243,17.117243,16.124515,15.132746,14.142136,11.18034,9.219544,5.830952,4.472136,5.385165,8.485281,12.041595,15.0,17.804494,20.615528,13.152946,15.033296,17.029386,17.262677,16.763055,15.231546,13.892444,10.0,7.81025,5.385165,3.162278,4.0,6.324555,8.944272,10.816654,12.806248,14.866069,15.556349,17.691806,17.691806,18.439089,17.029386,16.278821,14.866069,12.806248,10.29563,11.401754,12.727922,14.142136,15.556349,15.556349,15.556349,14.866069,13.601471,12.206556,10.29563,9.433981,7.211103,5.656854,4.472136,5.0,7.28011,9.848858,12.529964,14.764823,17.0,18.788294,19.697716,20.248457,18.973666,17.720045,14.56022,13.341664,15.297059,16.278821,17.117243,17.117243,15.033296,14.035669,12.041595,9.055385,7.28011,5.830952,5.830952,6.324555,7.071068,8.062258,9.055385,10.049876,11.045361,12.165525,12.165525,12.369317,12.369317,11.401754,10.049876,10.0,9.219544
hoyeon_stand_normal_01,1830,610,61.00333333333333,29.998360745314464,10,0.5391179323196411,0.6718646287918091,-0.2160925418138504,0.9993759393692015,0.5369538068771362,0.6808313727378845,-0.2005318105220794,0.9988569617271424,0.5350466370582581,0.6803537011146545,-0.2005376070737838,0.9986276626586914,0.5337504148483276,0.6800057888031006,-0.2005567997694015,0.9988330602645874,0.5436773896217346,0.6818714737892151,-0.2087493687868118,0.9990580081939696,0.5466517806053162,0.6818849444389343,-0.2087833434343338,0.9990655779838562,0.5495761632919312,0.6817426085472107,-0.2087933868169784,0.999190866947174,0.5339623093605042,0.6730325818061829,-0.1043230667710304,0.9971740245819092,0.5555039048194885,0.6743866801261902,-0.141877219080925,0.9990783929824828,0.5356603264808655,0.6592785120010376,-0.1792201548814773,0.9991807341575624,0.5442351698875427,0.6597398519515991,-0.1901584267616272,0.9994395971298218,0.5237103700637817,0.5887056589126587,-0.009933415800333,0.99913889169693,0.5737695097923279,0.6080814599990845,-0.1217318400740623,0.999954104423523,0.5215456485748291,0.49985471367836,0.0444857291877269,0.2250173538923263,0.58002108335495,0.5134733319282532,-0.1148869767785072,0.9900768995285034,0.5166833400726318,0.4217232763767242,-0.017997708171606,0.3838153481483459,0.5793985724449158,0.421209841966629,-0.1684619039297104,0.976323127746582,0.5148304104804993,0.39468714594841,-0.0325467623770237,0.3564726114273071,0.582353413105011,0.3942587971687317,-0.1942317634820938,0.9555115699768066,0.5163503289222717,0.394136905670166,-0.0608978159725666,0.3666390478610992,0.5762766003608704,0.3917386531829834,-0.2125230282545089,0.9534738659858704,0.5184358954429626,0.4039854705333709,-0.0313153080642223,0.3477765917778015,0.5744555592536926,0.399685651063919,-0.1757390052080154,0.9336645007133484,0.5380658507347107,0.4212151169776916,0.0372764393687248,0.9977657198905944,0.5671283006668091,0.4262408912181854,-0.0373010598123073,0.9983695149421692,0.537479043006897,0.2846141755580902,0.0144601073116064,0.4133874475955963,0.5660814046859741,0.2808349430561065,-0.0602370128035545,0.8460327982902527,0.542263388633728,0.1554503589868545,0.1037544757127761,0.5184584259986877,0.5604112148284912,0.1380269527435302,0.0207470972090959,0.87375408411026,0.5504526495933533,0.1384863555431366,0.1095871105790138,0.559712827205658,0.5643103718757629,0.1221926659345626,0.023429837077856,0.7754121422767639,0.5288748145103455,0.1223733127117157,0.0331781581044197,0.671597421169281,0.552653431892395,0.0972409546375274,-0.0767646357417106,0.8899316191673279,hoyeon_stand_normal_01,7.81025,7.28011,8.0,9.219544,10.440307,11.7047,11.7047,12.369317,12.165525,12.041595,11.0,10.049876,8.246211,7.28011,5.385165,2.0,2.0,5.385165,8.944272,13.416408,18.384776,21.18962,25.0,25.495098,25.179357,24.020824,7.615773,8.062258,9.0,9.055385,10.440307,9.848858,9.848858,10.29563,9.433981,9.219544,8.485281,7.81025,7.211103,7.615773,7.28011,8.062258,9.0,10.049876,11.045361,12.165525,13.152946,13.341664,14.317821,13.601471,12.649111,10.77033,21.540659,21.540659,19.924859,18.681542,16.492423,14.317821,12.165525,10.049876,8.0,5.09902,3.605551,3.0,4.472136,7.071068,10.0,12.206556,15.0,17.204651,18.601075,20.0,20.0,19.209373,17.029386,14.866069,12.041595,8.485281,7.071068,5.0,3.162278,3.0,5.0,7.615773,10.440307,11.18034,13.038405,13.038405,14.0,13.038405,12.041595,10.049876,9.055385,7.071068,5.09902,2.0,1.0,3.605551,6.708204,10.29563,13.416408,15.652476,18.788294,20.124612,16.4184275,16.3773065,16.1821665,15.2881055,14.008972,13.4189415,12.8597875,12.501784,11.855152,11.733142,11.857367,11.6622775,11.7064605,12.1046865,12.951725,14.2591425,14.9247165,15.81974,16.262867,15.458509,15.327565,14.772002,15.011898,14.898314,15.222897,15.6286305,10.309594,9.930107,9.170832,9.6589105,11.102197,12.479395,13.6255375,14.342456,14.5330005,14.1854115,13.4644905,12.402309,12.169198,11.8329005,10.920475,10.825721,10.2927995,10.266097,9.96357,10.77033,11.216117,12.1859005,12.5990195,14.1924955,14.513878,15.5167435
hoyeon_stand_normal_01,1833,611,61.1033387978142,29.998360745314464,10,0.5469881296157837,0.6723765134811401,-0.2024371027946472,0.9994356632232666,0.5428231954574585,0.6811845302581787,-0.188968077301979,0.9989629983901978,0.5405483245849609,0.6806091070175171,-0.1889729350805282,0.99875670671463,0.5385496616363525,0.6801823377609253,-0.1889843642711639,0.9989414215087892,0.5505833029747009,0.6821849942207336,-0.1941645145416259,0.999141812324524,0.5535775423049927,0.6821313500404358,-0.1941871047019958,0.9991485476493835,0.5559475421905518,0.6820043325424194,-0.1941951811313629,0.9992603659629822,0.5342236757278442,0.6729970574378967,-0.1006656140089035,0.9974377751350404,0.5594835877418518,0.6745350956916809,-0.1303352862596511,0.999151647090912,0.542061984539032,0.659781813621521,-0.1684567034244537,0.9992589950561525,0.5523369908332825,0.6607080101966858,-0.1755170375108719,0.999491274356842,0.5217006206512451,0.5893374085426331,-0.026005383580923,0.9992197155952454,0.5781404376029968,0.6062007546424866,-0.0837066173553466,0.999949872493744,0.5156221389770508,0.4994563460350036,0.0190302822738885,0.2973383963108063,0.5849103927612305,0.5104498267173767,-0.0671344026923179,0.9895923137664796,0.5090670585632324,0.4212400317192077,-0.0507556684315204,0.4413830041885376,0.5868895649909973,0.4211721420288086,-0.1284291297197342,0.9752582311630248,0.5054299235343933,0.3937745690345764,-0.0696650072932243,0.4130727350711822,0.5890828967094421,0.3943040370941162,-0.1529205441474914,0.9531747102737428,0.5086861848831177,0.3935230374336242,-0.0979764014482498,0.4230051338672638,0.5839452743530273,0.3924161791801452,-0.1732020676136016,0.951635718345642,0.5115200877189636,0.4026452600955963,-0.0640074536204338,0.404789000749588,0.5816709995269775,0.4004711210727691,-0.1374475955963134,0.9325861930847168,0.5337785482406616,0.4215305149555206,0.0177684687077999,0.9979190230369568,0.5670957565307617,0.4261069595813751,-0.0177707709372043,0.998454451560974,0.5318939089775085,0.284450352191925,-0.0114051979035139,0.4644672274589538,0.5649436116218567,0.2806376218795776,-0.0454755686223506,0.8534136414527893,0.5377794504165649,0.1534826010465622,0.0896107405424118,0.5575087070465088,0.5597065687179565,0.1379809379577636,0.0492972359061241,0.8769433498382568,0.5420787334442139,0.1354349851608276,0.0946185514330864,0.5616185665130615,0.5635014176368713,0.1214415207505226,0.0527908466756343,0.7453001737594604,0.5299142599105835,0.1186198219656944,-0.0046057822182774,0.6939701437950134,0.5557329058647156,0.0933200269937515,-0.0525919795036315,0.8901768326759338,hoyeon_stand_normal_01,12.649111,13.928388,15.231546,13.928388,13.0,11.7047,9.486833,6.708204,5.0,3.605551,4.0,5.385165,8.062258,10.816654,13.038405,16.124515,19.235384,21.023796,21.540659,21.540659,19.924859,16.278821,11.045361,6.324555,4.123106,7.81025,16.155494,18.384776,18.788294,17.888544,16.552945,14.764823,11.661904,9.219544,5.0,4.123106,4.242641,6.708204,8.246211,10.198039,11.18034,12.369317,13.341664,13.341664,13.341664,12.369317,11.18034,9.055385,7.0,5.0,6.324555,8.0,19.646883,19.924859,18.973666,18.384776,17.088007,15.231546,13.0,11.18034,8.944272,6.403124,4.242641,3.0,4.242641,6.708204,9.848858,13.0,16.552945,17.888544,20.59126,21.633308,21.400935,19.849433,19.104973,14.866069,12.041595,8.602325,4.123106,2.0,1.414214,4.123106,8.0,10.198039,12.369317,13.928388,14.317821,14.764823,13.892444,11.661904,10.816654,9.433981,7.615773,6.324555,4.0,4.472136,5.0,7.28011,9.219544,12.041595,14.0,16.03122,17.117243,18.248288,12.806248,13.038405,13.892444,14.764823,14.764823,15.264338,14.422205,12.806248,11.401754,10.0,8.602325,7.211103,6.324555,6.082763,7.28011,8.944272,11.661904,13.601471,15.811388,18.027756,19.723083,20.59126,20.59126,19.235384,16.552945,14.317821,13.453624,15.620499,16.401219,17.492856,17.0,16.124515,14.764823,12.083046,10.29563,7.211103,5.0,4.123106,5.09902,6.324555,8.062258,9.433981,10.29563,11.18034,12.083046,12.649111,12.649111,12.369317,12.649111,11.7047,11.18034,11.401754
hoyeon_stand_normal_01,1836,612,61.20334426229508,29.998360745314464,10,0.5525648593902588,0.6755622625350952,-0.2238480448722839,0.9994892477989196,0.5480884909629822,0.6844560503959656,-0.212250605225563,0.9990562200546264,0.5453395247459412,0.6838212013244629,-0.2122517675161361,0.9988712072372437,0.5428141951560974,0.6831066608428955,-0.2122638523578643,0.9990376830101012,0.5558445453643799,0.6844964027404785,-0.2131824195384979,0.9992145895957948,0.5583322644233704,0.6839807629585266,-0.2131989598274231,0.9992209076881408,0.560808539390564,0.6835010647773743,-0.2132187187671661,0.9993207454681396,0.5366966724395752,0.6744397282600403,-0.1307221949100494,0.9976743459701538,0.5628069639205933,0.6755087971687317,-0.1348245441913604,0.9992057085037231,0.5469914674758911,0.6629219651222229,-0.1924498379230499,0.999329388141632,0.5574254989624023,0.6635991334915161,-0.1937370598316192,0.9995368719100952,0.52080237865448,0.5897813439369202,-0.0642996504902839,0.9992923140525818,0.5799938440322876,0.6043200492858887,-0.0824668183922767,0.9999427795410156,0.5121493935585022,0.4996221959590912,-0.0174218621104955,0.3648889064788818,0.5864450335502625,0.5070598125457764,-0.0514835007488727,0.9881991744041444,0.5045785307884216,0.4205330312252044,-0.07717115432024,0.4935001134872436,0.591984212398529,0.4206933379173279,-0.1090393513441085,0.9723880887031556,0.500773012638092,0.3929180204868316,-0.0948546975851059,0.4641705751419067,0.594348669052124,0.3938682675361633,-0.1300627440214157,0.9478094577789308,0.5045386552810669,0.392677903175354,-0.1220246627926826,0.4738860130310058,0.5898290872573853,0.3922816216945648,-0.153298795223236,0.947051763534546,0.5076071619987488,0.4013057649135589,-0.089316077530384,0.4562941789627075,0.5874742865562439,0.40043905377388,-0.119442842900753,0.9288042783737184,0.5308581590652466,0.4239708483219147,0.0043986239470541,0.998045802116394,0.5671418309211731,0.4267218112945556,-0.0044272881932556,0.9985162615776062,0.5298139452934265,0.2843421101570129,-0.0290710516273975,0.5123818516731262,0.56476891040802,0.2823761403560638,-0.0335615426301956,0.8593766689300537,0.5351241230964661,0.1530782133340835,0.0751305893063545,0.5939035415649414,0.559439480304718,0.1379045248031616,0.0627833381295204,0.877350926399231,0.5368228554725647,0.1336538642644882,0.0797592103481292,0.5544260740280151,0.5628604888916016,0.1251197308301925,0.0665028318762779,0.71294105052948,0.5331708192825317,0.1105787083506584,-0.0268559865653514,0.7140722870826721,0.5572689175605774,0.0923051983118057,-0.0398069471120834,0.8876393437385559,hoyeon_stand_normal_01,14.56022,11.7047,8.944272,5.0,4.123106,4.472136,5.656854,7.211103,8.062258,9.848858,9.486833,10.440307,10.440307,10.198039,10.198039,8.062258,6.0,4.472136,5.0,8.544004,13.416408,17.888544,22.36068,25.079872,26.570661,26.248809,3.0,3.605551,5.09902,8.0,11.0,14.0,16.03122,17.029386,17.262677,16.492423,15.524175,13.601471,11.7047,8.544004,6.324555,3.162278,1.414214,3.162278,6.708204,10.29563,13.416408,16.552945,17.464249,19.313208,20.248457,18.973666,15.556349,16.401219,17.204651,16.643317,16.643317,15.264338,13.892444,11.661904,10.29563,8.544004,7.071068,5.09902,5.830952,6.403124,8.944272,12.083046,14.317821,17.0,18.35756,19.416488,20.0,19.849433,17.691806,15.620499,13.601471,10.29563,2.0,1.0,2.828427,6.403124,8.485281,10.630146,12.206556,12.529964,13.0,11.7047,10.440307,9.219544,7.28011,5.385165,4.242641,3.162278,5.0,6.324555,8.544004,9.848858,12.083046,13.416408,14.317821,14.764823,15.264338,16.401219,19.209373,18.027756,15.811388,12.806248,10.630146,8.602325,8.544004,9.219544,11.045361,12.041595,14.142136,15.297059,16.492423,17.088007,18.384776,18.35756,18.867962,17.204651,15.0,12.206556,9.433981,7.28011,6.324555,7.81025,10.630146,12.806248,9.219544,7.211103,6.082763,6.082763,8.062258,10.0,12.806248,15.0,16.401219,16.643317,17.0,16.552945,14.866069,13.601471,12.369317,11.401754,10.440307,9.848858,9.433981,10.0,11.313708,13.453624,15.620499,17.029386,19.79899,20.518285
hoyeon_stand_normal_01,1839,613,61.30334972677596,29.998360745314464,10,0.555890679359436,0.6776126623153687,-0.2128155082464218,0.9995368123054504,0.5520762205123901,0.6866915822029114,-0.2016158252954483,0.9991382360458374,0.5493171811103821,0.6863756775856018,-0.2016207724809646,0.998972713947296,0.5464494228363037,0.6857183575630188,-0.2016324698925018,0.999123215675354,0.5595577359199524,0.685881495475769,-0.2013980597257614,0.9992772936820984,0.5618916749954224,0.6850464940071106,-0.2014148235321045,0.9992823600769044,0.5637381076812744,0.6841791272163391,-0.2014413774013519,0.9993716478347778,0.5400518774986267,0.6770318746566772,-0.1229622364044189,0.9978866577148438,0.5652717351913452,0.6758333444595337,-0.1234127357602119,0.999241590499878,0.5498026013374329,0.6650141477584839,-0.1826088726520538,0.99939227104187,0.5604091882705688,0.6651281714439392,-0.1823306232690811,0.9995768070220948,0.5196888446807861,0.5937880277633667,-0.0625137239694595,0.9993582367897034,0.5811349749565125,0.6030282974243164,-0.0648400858044624,0.999932825565338,0.5108278393745422,0.5014980435371399,-0.0227359700947999,0.4265505075454712,0.5882815718650818,0.505906879901886,-0.0323613099753856,0.9855257868766784,0.5013184547424316,0.4206029176712036,-0.083931066095829,0.5414899587631226,0.5944331884384155,0.42063108086586,-0.0881092026829719,0.9673017263412476,0.4979627430438995,0.3928797543048858,-0.1023895591497421,0.5122141242027283,0.5975969433784485,0.3937840461730957,-0.1077264100313186,0.939078450202942,0.5023349523544312,0.3925922214984894,-0.1289299875497818,0.5215112566947937,0.592359721660614,0.3921627700328827,-0.1316368281841278,0.9392657279968262,0.5051600933074951,0.4010522365570068,-0.095680683851242,0.5046254992485046,0.5897731781005859,0.4003736078739166,-0.09885835647583,0.9215482473373412,0.5293211340904236,0.4246305227279663,0.0014959726249799,0.9981558918952942,0.5676169991493225,0.4266837835311889,-0.0015375997172668,0.9985694289207458,0.5286383032798767,0.2839970290660858,-0.0331893414258956,0.5561306476593018,0.5660528540611267,0.2823460102081299,-0.0312458034604787,0.8662586808204651,0.5340835452079773,0.1522873640060424,0.0764992013573646,0.6278990507125854,0.5595261454582214,0.1370672583580017,0.0674818307161331,0.880098283290863,0.5355178117752075,0.1324104517698288,0.0814934223890304,0.5516364574432373,0.5615297555923462,0.1228442192077636,0.0715796574950218,0.6890878677368164,0.5349001288414001,0.1074946969747543,-0.0239549372345209,0.7337352633476257,0.5583210587501526,0.0911507457494735,-0.0337540358304977,0.8877072930335999,hoyeon_stand_normal_01,14.907735,13.3210355,12.013149,11.0,10.5,10.035534,9.823843,8.7481195,7.8403975,7.1879405,6.503199,6.3381875,7.3350875,7.68997,9.0276925,9.5226805,9.6622775,10.828427,11.0413815,12.609772,14.5,14.7764725,15.332702,14.585937,14.7253055,15.8153985,9.451305,10.75484,11.51561,12.5,13.5374455,13.5943075,12.609772,11.6622775,10.095832,9.6433965,10.5640055,10.9719945,10.700877,9.972879,9.183075,7.9451,7.071068,8.205899500000001,8.516635,9.3011625,8.903124,8.612801000000001,10.327567,13.034202,15.4769095,17.088007,19.924859,20.880613,18.681542,18.439089,16.124515,16.03122,15.033296,15.297059,15.524175,16.763055,17.720045,17.720045,18.439089,18.248288,18.11077,17.0,16.0,13.038405,10.0,7.615773,7.071068,9.486833,12.165525,15.132746,17.464249,18.973666,17.464249,18.384776,19.723083,19.209373,17.691806,14.21267,10.0,6.403124,3.162278,3.605551,7.81025,10.0,12.806248,14.142136,15.620499,17.204651,16.643317,17.492856,17.0,16.124515,16.643317,15.0,15.556349,15.811388,17.0,18.384776,14.317821,16.278821,17.262677,17.464249,17.464249,16.763055,15.811388,13.928388,13.0,10.77033,8.544004,7.28011,6.0,5.385165,7.071068,10.0,13.038405,15.264338,18.867962,21.095023,23.021729,23.430749,23.430749,22.671568,19.104973,15.556349,11.661904,13.038405,13.892444,14.422205,14.422205,13.601471,12.206556,10.816654,8.944272,7.28011,6.0,6.082763,6.708204,7.211103,7.81025,9.219544,9.219544,10.0,10.0,10.0,10.0,10.0,10.630146,10.0,10.816654,11.7047
hoyeon_stand_normal_01,1842,614,61.40335519125683,29.998360745314464,10,0.5587185621261597,0.6803496479988098,-0.2160357683897018,0.9995789527893066,0.5544884204864502,0.6889321804046631,-0.2054391950368881,0.999210000038147,0.5516592860221863,0.6886729001998901,-0.2054449468851089,0.9990627765655518,0.5487508177757263,0.6881819367408752,-0.2054652571678161,0.9991992712020874,0.5620039701461792,0.6878988146781921,-0.2041752487421035,0.9993304014205932,0.5638176202774048,0.6869333386421204,-0.2041917890310287,0.9993342757225036,0.5653890371322632,0.6858275532722473,-0.2042195051908493,0.9994133710861206,0.5422057509422302,0.6790918707847595,-0.1283368319272995,0.9980783462524414,0.5666639804840088,0.6766302585601807,-0.1229955181479454,0.999264359474182,0.5520705580711365,0.6672042608261108,-0.1862330883741378,0.999448537826538,0.5624863505363464,0.6670483350753784,-0.1845598071813583,0.9996113181114196,0.5197765231132507,0.59820955991745,-0.0681806728243827,0.9994184374809264,0.581957995891571,0.6023932695388794,-0.062460146844387,0.9999203085899352,0.5100890398025513,0.5072295665740967,-0.0243752487003803,0.4825750589370727,0.589166522026062,0.5053388476371765,-0.0240970887243747,0.980827808380127,0.5004671812057495,0.4225437343120575,-0.0801823362708091,0.5851626396179199,0.5948590636253357,0.42059525847435,-0.0772823467850685,0.9584819078445436,0.4964289367198944,0.393467515707016,-0.0977223813533783,0.556334376335144,0.5978668928146362,0.393727034330368,-0.0957399904727935,0.9255847334861756,0.5013799667358398,0.393328845500946,-0.1243972107768058,0.5651653409004211,0.5935025811195374,0.3920750319957733,-0.1209223419427871,0.9269255995750428,0.5045087933540344,0.4015867114067077,-0.0916496217250824,0.548984706401825,0.5910137891769409,0.4002920389175415,-0.0885696038603782,0.9097368121147156,0.5288788676261902,0.4272930026054382,-0.0003700785164255,0.9982433915138244,0.5687084794044495,0.4282142221927643,0.00032524697599,0.9985991716384888,0.528184711933136,0.2839405834674835,-0.0341041684150695,0.5960301756858826,0.5667764544487,0.2832340598106384,-0.0305527653545141,0.8723780512809753,0.5327423214912415,0.150785207748413,0.0737044289708137,0.6588344573974609,0.5591021180152893,0.1366630643606186,0.0655670240521431,0.8821618556976318,0.5339174270629883,0.1314954161643982,0.0784412622451782,0.5443142056465149,0.5590078234672546,0.121520385146141,0.0692585930228233,0.6657659411430359,0.5348940491676331,0.1041264906525611,-0.0292779114097356,0.7509956359863281,0.5581677556037903,0.0899024233222007,-0.0365886911749839,0.8869794607162476,hoyeon_stand_normal_01,21.377558,22.803509,21.84033,20.248457,17.088007,13.928388,10.440307,7.071068,5.09902,4.242641,4.0,5.385165,8.062258,10.630146,12.727922,15.620499,17.804494,20.0,21.400935,21.400935,20.0,16.643317,13.928388,11.0,11.18034,14.21267,13.892444,15.811388,16.492423,16.03122,15.0,12.165525,9.486833,5.830952,3.162278,2.828427,5.0,7.28011,9.848858,11.661904,12.206556,14.21267,14.142136,14.142136,12.806248,11.401754,8.602325,5.0,1.0,5.0,10.0,15.033296,16.552945,16.643317,15.811388,15.0,14.866069,13.453624,12.727922,10.630146,10.0,8.062258,7.28011,6.0,7.28011,8.062258,10.0,12.806248,14.21267,17.204651,19.416488,19.723083,20.124612,19.313208,17.720045,16.492423,13.152946,10.049876,5.0,3.0,1.0,3.605551,6.403124,9.433981,11.18034,11.7047,12.649111,12.165525,12.041595,10.0,8.0,7.0,5.09902,3.605551,3.605551,4.0,6.082763,9.219544,10.440307,12.369317,14.56022,15.524175,15.811388,17.088007,15.132746,16.278821,16.278821,16.278821,16.278821,15.132746,15.033296,13.038405,12.0,10.0,8.062258,7.071068,5.830952,6.403124,6.708204,9.486833,12.165525,15.132746,17.262677,19.235384,20.396078,20.615528,20.880613,18.973666,16.763055,13.928388,13.0,14.866069,16.492423,17.464249,17.262677,16.278821,15.132746,14.035669,11.045361,10.198039,7.615773,5.830952,5.656854,5.830952,6.324555,8.246211,9.219544,9.219544,11.401754,11.7047,12.649111,12.649111,12.369317,13.152946,13.152946,14.0
hoyeon_stand_normal_01,1845,615,61.5033606557377,29.998360745314464,10,0.5629863739013672,0.679622232913971,-0.2023274898529052,0.9996170997619628,0.558478593826294,0.6888615489006042,-0.1926628202199936,0.9992757439613342,0.5554431676864624,0.6888280510902405,-0.1926676481962204,0.9991445541381836,0.5524933338165283,0.6885233521461487,-0.1926865726709365,0.9992685914039612,0.5646829605102539,0.6877356171607971,-0.1921509802341461,0.9993799924850464,0.5662370920181274,0.6868517994880676,-0.192170962691307,0.9993825554847716,0.5680423974990845,0.6858505606651306,-0.1921966969966888,0.999453067779541,0.5445217490196228,0.6797419786453247,-0.1216449663043022,0.9982513189315796,0.5675370693206787,0.6771827340126038,-0.1085752621293068,0.999286413192749,0.556606650352478,0.6670364141464233,-0.1744315177202224,0.9994992017745972,0.5652018785476685,0.6666860580444336,-0.1740911155939102,0.9996423721313475,0.5202848315238953,0.6008297204971313,-0.0653885081410408,0.999472677707672,0.5834373235702515,0.6018615961074829,-0.0506977811455726,0.9999142289161682,0.5110164880752563,0.5079056620597839,-0.0277762953191995,0.5331053733825684,0.5906247496604919,0.5053442716598511,-0.011893824674189,0.975655734539032,0.5038487911224365,0.4228372275829315,-0.0808948427438736,0.6239335536956787,0.5956098437309265,0.4205524325370788,-0.0624724216759204,0.9488573670387268,0.4995968043804168,0.3938133120536804,-0.0984793007373809,0.5947410464286804,0.5985009074211121,0.3936715722084045,-0.0803954675793647,0.9112501740455629,0.5046823024749756,0.3943771719932556,-0.1234879493713378,0.603219211101532,0.5938130617141724,0.3920061290264129,-0.1042376086115837,0.9135790467262268,0.507534384727478,0.4023726880550384,-0.0915694162249565,0.5875488519668579,0.5913875102996826,0.400300920009613,-0.0733003467321395,0.8966317176818848,0.5306104421615601,0.4294260442256927,-0.0010835978901013,0.9983536005020142,0.5712708234786987,0.4298817217350006,0.0010165241546928,0.9986602067947388,0.5288317203521729,0.284485787153244,-0.0401406176388263,0.6297633647918701,0.5677816867828369,0.2836568355560303,-0.0300616361200809,0.8763832449913025,0.5319815278053284,0.150237038731575,0.0553152672946453,0.6851423978805542,0.5588180422782898,0.1366518884897232,0.0586646683514118,0.8818992376327515,0.5332865118980408,0.1322638392448425,0.0592461079359054,0.5367845296859741,0.5576229095458984,0.1210861057043075,0.0619042851030826,0.6412811279296875,0.5345852375030518,0.1032050028443336,-0.0462671071290969,0.765251100063324,0.5575461983680725,0.0890212282538414,-0.040074173361063,0.8842500448226929,hoyeon_stand_normal_01,19.697716,21.470911,20.248457,18.601075,15.0,12.206556,8.944272,6.082763,5.09902,5.656854,7.211103,9.848858,11.7047,13.341664,15.297059,17.262677,19.416488,20.396078,21.587033,21.587033,19.416488,17.117243,14.035669,12.649111,13.453624,16.401219,14.317821,15.231546,16.124515,15.0,13.453624,11.661904,8.944272,5.09902,2.0,1.0,4.0,6.0,9.055385,10.440307,10.77033,11.18034,11.661904,11.401754,10.630146,8.485281,5.656854,3.605551,2.828427,7.071068,11.18034,15.297059,16.124515,16.552945,15.811388,14.56022,15.524175,14.317821,13.152946,11.045361,10.049876,9.055385,7.28011,6.708204,7.071068,8.062258,9.848858,12.369317,14.56022,17.720045,18.973666,20.615528,21.023796,19.723083,18.601075,17.029386,14.142136,10.630146,6.708204,4.472136,1.414214,2.236068,5.385165,7.615773,9.433981,11.661904,12.806248,12.041595,12.041595,10.630146,8.602325,7.211103,6.403124,5.0,3.162278,4.123106,6.403124,7.071068,10.0,12.041595,13.601471,15.620499,16.401219,16.643317,16.278821,15.556349,14.142136,12.806248,11.661904,12.083046,11.401754,13.341664,14.317821,15.297059,16.763055,18.027756,19.313208,20.59126,21.095023,20.615528,19.849433,18.384776,15.556349,13.453624,10.0,8.062258,9.486833,12.206556,14.21267,17.691806,10.29563,8.944272,7.28011,6.082763,7.81025,9.219544,12.206556,15.264338,17.204651,17.804494,18.384776,18.384776,17.691806,16.401219,15.811388,13.892444,13.038405,13.038405,12.206556,12.806248,12.041595,13.453624,14.142136,15.620499,16.278821,16.970563
hoyeon_stand_normal_01,1848,616,61.60336612021858,29.998360745314464,10,0.566864013671875,0.6791162490844727,-0.1769454032182693,0.9996529817581176,0.562715470790863,0.6884346008300781,-0.1741776168346405,0.9993408918380736,0.5603095293045044,0.6885154247283936,-0.1741890013217926,0.9992236495018004,0.5575317144393921,0.6884636878967285,-0.1742156594991684,0.999335765838623,0.5675550699234009,0.6874138116836548,-0.1628220528364181,0.9994317889213562,0.5689947009086609,0.6866182088851929,-0.1628270745277404,0.99943345785141,0.5703220963478088,0.6857231855392456,-0.1628287732601165,0.9994967579841614,0.5476313233375549,0.6799103021621704,-0.1133519187569618,0.9984171986579896,0.5680290460586548,0.6776803135871887,-0.079152725636959,0.9993290901184082,0.5618308782577515,0.6666725277900696,-0.1599549353122711,0.9995468258857728,0.5682888031005859,0.6662935614585876,-0.144104927778244,0.9996736645698548,0.5213929414749146,0.6035179495811462,-0.066233143210411,0.999522626399994,0.5842263102531433,0.6008642315864563,-0.0239071864634752,0.999913215637207,0.5124856233596802,0.5084782838821411,-0.0458727665245533,0.5787808299064636,0.5915333032608032,0.5048341155052185,0.0196160562336444,0.9701082706451416,0.5084375739097595,0.4236147701740265,-0.1042387560009956,0.6589638590812683,0.5983225107192993,0.4212405085563659,-0.0334383510053157,0.942336916923523,0.5052743554115295,0.394431471824646,-0.1245499923825264,0.6293655037879944,0.6018756031990051,0.3944764137268066,-0.0514520779252052,0.901113986968994,0.5088762640953064,0.3954617381095886,-0.1472512930631637,0.6374171376228333,0.5977985262870789,0.3930695950984955,-0.0748354271054267,0.904346525669098,0.5112490057945251,0.4035608470439911,-0.1140510663390159,0.6219852566719055,0.5953463912010193,0.4012964963912964,-0.0445824675261974,0.8874857425689697,0.5310603380203247,0.4307958483695984,-0.0047595337964594,0.9984669089317322,0.5733715891838074,0.4301945269107818,0.0047045988030731,0.998740017414093,0.5295194387435913,0.2861423790454864,-0.045028768479824,0.6629065275192261,0.5686101913452148,0.2837264537811279,-0.0272476691752672,0.8841952681541443,0.5298803448677063,0.1526410728693008,0.0588386058807373,0.7124723792076111,0.5586687326431274,0.1366322338581085,0.0662654787302017,0.8879268765449524,0.5321727395057678,0.1391038447618484,0.0638243854045867,0.5456910729408264,0.5566733479499817,0.1217028051614761,0.0702215731143951,0.6344293355941772,0.5282319188117981,0.1043126657605171,-0.0381280519068241,0.7830139398574829,0.5568556189537048,0.0890973880887031,-0.0285699777305126,0.888532817363739,hoyeon_stand_normal_01,9.219544,6.0,3.605551,4.123106,5.830952,8.602325,10.630146,11.313708,12.041595,12.041595,11.401754,10.816654,10.816654,9.848858,8.544004,7.071068,5.09902,3.605551,7.071068,10.77033,15.652476,19.235384,23.259407,25.079872,26.0,24.698178,1.414214,2.236068,4.242641,6.403124,9.433981,11.18034,12.083046,12.649111,12.369317,12.165525,11.045361,9.0,7.0,5.09902,3.162278,1.0,2.828427,5.09902,8.062258,11.045361,14.0,16.0,18.027756,18.248288,18.248288,16.278821,14.7890695,14.8662225,14.281289999999998,13.9330345,13.3007355,12.841455,12.408327,12.12642,11.551144,11.4740975,10.6201745,10.595017,11.1213205,12.1622775,13.62365,13.652427499999998,14.637441,14.641384,14.080179,13.1532555,13.188779,14.338893,15.3234415,15.8981755,16.019579,14.632673,8.931705000000001,9.6184795,9.658886,10.3132635,10.6117675,11.1055515,11.1289745,9.8427655,8.7422585,7.330952,6.708203999999999,7.934675,8.3834715,9.0154185,8.8631545,8.9069,8.2769445,8.066372999999999,9.1802915,11.1081315,12.0586215,13.0622575,14.1394105,14.7620875,15.28011,15.3824115,14.56022,14.56022,12.369317,11.18034,10.0,10.049876,10.440307,10.77033,12.083046,14.317821,14.866069,16.763055,18.439089,19.104973,19.0,19.026298,19.104973,17.262677,14.317821,11.045361,9.055385,7.211103,8.944272,11.18034,14.142136,17.117243,9.848858,6.708204,5.09902,3.605551,5.830952,9.219544,12.165525,14.317821,15.524175,16.763055,17.088007,16.552945,16.124515,14.422205,14.21267,12.806248,11.401754,10.0,10.0,10.29563,10.77033,11.401754,12.369317,14.317821,15.524175,15.524175
hoyeon_stand_normal_01,1851,617,61.703371584699454,29.998360745314464,10,0.5704532861709595,0.6786964535713196,-0.1022538393735885,0.999683678150177,0.5654948353767395,0.6887583136558533,-0.1010459959506988,0.9993977546691896,0.5635417699813843,0.6890502572059631,-0.1010823100805282,0.9992933869361876,0.5612148642539978,0.6892696022987366,-0.1011164933443069,0.999395489692688,0.570179283618927,0.6876872777938843,-0.0887059643864631,0.9994738101959229,0.5710899233818054,0.6870772838592529,-0.088695041835308,0.9994732141494752,0.5719425678253174,0.686423122882843,-0.0886841118335723,0.9995310306549072,0.5501422882080078,0.6805683970451355,-0.0702196210622787,0.9985678195953368,0.5681888461112976,0.6788362860679626,-0.0133777847513556,0.99935781955719,0.5655625462532043,0.6667407155036926,-0.0901614502072334,0.9995892643928528,0.5711268186569214,0.6662748456001282,-0.0735761746764183,0.9996998310089112,0.5222849249839783,0.6064720749855042,-0.0533305332064628,0.9995691776275636,0.5842427015304565,0.5990017652511597,0.0369322821497917,0.9999085068702698,0.5145155191421509,0.5108423233032227,-0.0581722445785999,0.620060920715332,0.5901728868484497,0.5042752623558044,0.0772987082600593,0.9510464668273926,0.5123105645179749,0.4236205518245697,-0.1110744103789329,0.691459596157074,0.6006919145584106,0.4222080707550049,0.0242762081325054,0.930485725402832,0.5093514919281006,0.394227921962738,-0.1337632685899734,0.6628139019012451,0.6052901148796082,0.3956027030944824,0.0089568318799138,0.8864753246307373,0.5154623985290527,0.3953581750392914,-0.1497493088245391,0.6701656579971313,0.6027800440788269,0.3941279649734497,-0.0158847607672214,0.8908291459083557,0.5185863971710205,0.4035358130931854,-0.1179873943328857,0.6551103591918945,0.5999191403388977,0.4022580981254577,0.0119893075898289,0.8743829727172852,0.5351778864860535,0.4310227036476135,-0.0170957520604133,0.998581886291504,0.5753961801528931,0.4302026331424713,0.0170950908213853,0.9988113641738892,0.5302926898002625,0.2852137088775635,-0.0506035014986991,0.691112220287323,0.5699266791343689,0.2826473116874695,-0.0147932237014174,0.8848053216934204,0.5251985788345337,0.1520479321479797,0.036607090383768,0.7348683476448059,0.5585523843765259,0.1368169039487838,0.0707354620099067,0.8849178552627563,0.5267156958580017,0.1385382860898971,0.0402873679995536,0.5385668277740479,0.5555571913719177,0.1220588982105255,0.0745168626308441,0.6151968240737915,0.5261433124542236,0.1026331037282943,-0.0578447692096233,0.795074999332428,0.5568765997886658,0.089510440826416,-0.0138864070177078,0.8835882544517517,hoyeon_stand_normal_01,12.806248,7.071068,3.162278,4.472136,8.062258,12.0,14.035669,16.124515,17.262677,17.262677,17.464249,16.492423,15.811388,14.866069,13.0,9.848858,6.403124,4.0,7.211103,12.649111,18.681542,24.738634,29.12044,31.622777,33.24154,31.780497,3.162278,6.082763,9.055385,12.165525,14.142136,15.297059,16.492423,16.763055,16.763055,14.866069,12.649111,10.77033,8.544004,6.324555,3.0,1.0,3.605551,7.071068,11.313708,14.866069,18.384776,21.213203,22.671568,23.430749,23.430749,21.400935,7.615773,9.433981,11.401754,12.727922,13.453624,15.0,14.764823,15.231546,14.866069,15.524175,15.297059,15.132746,14.035669,14.0,13.038405,11.18034,10.198039,7.615773,5.0,4.0,5.656854,9.433981,13.416408,16.552945,19.697716,21.931712,13.341664,14.866069,16.552945,16.643317,16.401219,14.142136,12.206556,9.848858,7.0,5.830952,6.708204,9.055385,10.198039,12.649111,13.928388,15.652476,15.652476,17.0,17.492856,16.643317,16.124515,13.892444,11.661904,8.944272,6.082763,3.605551,12.083046,12.649111,13.341664,13.601471,13.341664,13.341664,12.649111,11.7047,9.848858,8.544004,7.615773,6.082763,5.0,5.385165,6.403124,8.602325,11.661904,13.892444,16.124515,18.867962,20.248457,21.633308,21.400935,20.0,17.804494,14.21267,12.206556,14.21267,16.278821,16.970563,16.970563,15.620499,15.0,12.206556,10.0,7.81025,5.656854,4.472136,4.123106,5.385165,5.830952,7.211103,8.602325,10.0,10.0,11.401754,12.206556,12.206556,11.401754,10.630146,11.313708,11.401754
hoyeon_stand_normal_01,1854,618,61.80337704918033,29.998360745314464,10,0.5733879208564758,0.678445041179657,-0.0445492528378963,0.9997122287750244,0.5690439939498901,0.6885863542556763,-0.0469111539423465,0.9994515776634216,0.5667166113853455,0.6889427900314331,-0.0469624064862728,0.999358296394348,0.5646278262138367,0.6892896294593811,-0.0469965003430843,0.999451220035553,0.5725045800209045,0.6875495910644531,-0.0312626250088214,0.9995163083076476,0.573115885257721,0.6870303750038147,-0.0312386248260736,0.9995139241218568,0.5737558007240295,0.686535656452179,-0.0312261693179607,0.9995672702789308,0.5532956719398499,0.6810643672943115,-0.0351189821958541,0.9987066388130188,0.5684142708778381,0.6799153685569763,0.0366688407957553,0.999397337436676,0.5690060257911682,0.6666736602783203,-0.0391012392938137,0.9996281862258912,0.5731631517410278,0.6660911440849304,-0.0184287261217832,0.9997245669364928,0.5246245861053467,0.6112704277038574,-0.0536695718765258,0.9996119141578674,0.5832381844520569,0.5982303023338318,0.0933214277029037,0.9999076724052428,0.5166528224945068,0.5154384970664978,-0.0783478692173957,0.6573917269706726,0.5886656641960144,0.4998498857021332,0.126170352101326,0.912337064743042,0.5199353098869324,0.4235782623291015,-0.1165758222341537,0.721327543258667,0.6000506281852722,0.4220903515815735,0.073051705956459,0.9170587062835692,0.5164121389389038,0.3938043117523193,-0.1389865577220916,0.6944925785064697,0.605012834072113,0.395469456911087,0.061053168028593,0.8724273443222046,0.5229979753494263,0.3949515521526336,-0.1501600593328476,0.701103687286377,0.6032044887542725,0.394002228975296,0.0376000963151454,0.8778568506240845,0.5264098644256592,0.4032652974128723,-0.1209526285529136,0.6867983937263489,0.6004931330680847,0.4021807312965393,0.0607941597700119,0.8621556758880615,0.538672149181366,0.4306080043315887,-0.0404185391962528,0.9986917972564696,0.5755683779716492,0.4289407432079315,0.0404295213520526,0.9988771080970764,0.5330626368522644,0.2801423668861389,-0.0586970187723636,0.7125998735427856,0.5694683790206909,0.277220070362091,0.0173612274229526,0.8694864511489868,0.525431752204895,0.1442509442567825,0.0089912237599492,0.7519579529762268,0.5553475618362427,0.1385677605867386,0.0889772549271583,0.8713693618774414,0.522786021232605,0.130140796303749,0.0111289639025926,0.5253459811210632,0.5489188432693481,0.1249683499336242,0.0922697484493255,0.6014920473098755,0.5320371389389038,0.0965467691421508,-0.0778857320547103,0.8036859631538391,0.5566430687904358,0.0898693725466728,0.0225445292890071,0.8736340403556824,hoyeon_stand_normal_01,26.305893,27.073973,25.0,23.086793,20.223748,16.278821,12.165525,9.055385,6.082763,5.0,5.09902,6.0,8.062258,11.401754,13.601471,15.811388,17.720045,19.416488,20.223748,20.099751,19.0,16.03122,12.0,7.071068,5.0,8.0,12.206556,11.401754,10.630146,10.0,8.062258,8.246211,8.0,8.246211,9.486833,11.18034,12.529964,13.416408,14.764823,14.764823,14.317821,15.231546,13.928388,13.601471,12.649111,10.77033,8.062258,7.211103,9.055385,12.165525,15.811388,20.615528,17.029386,16.401219,14.422205,13.416408,11.7047,9.219544,8.0,6.082763,4.472136,3.605551,3.0,3.605551,5.0,6.708204,9.219544,11.045361,14.0,16.03122,18.11077,19.235384,20.396078,20.396078,19.416488,18.439089,15.524175,12.369317,6.708204,5.656854,4.123106,5.09902,6.403124,8.602325,9.848858,11.7047,12.369317,12.165525,13.038405,12.0,11.045361,10.049876,8.246211,7.28011,5.830952,5.0,5.0,6.324555,8.062258,10.0,13.453624,15.556349,16.970563,17.691806,16.03122,14.035669,13.038405,11.0,9.055385,8.544004,9.433981,10.0,11.401754,13.601471,14.422205,15.264338,16.552945,17.088007,18.681542,19.416488,18.248288,17.117243,15.033296,12.041595,9.486833,6.403124,7.071068,10.049876,13.341664,16.492423,9.486833,7.071068,4.123106,5.0,7.071068,11.0,14.0,16.03122,18.11077,18.248288,18.681542,18.384776,16.552945,15.652476,13.892444,13.601471,12.206556,10.816654,8.944272,9.486833,10.198039,11.045361,13.038405,14.0,16.0,16.03122
hoyeon_stand_normal_01,1857,619,61.9033825136612,29.998360745314464,10,0.5757912397384644,0.6783304810523987,-0.0124018397182226,0.9997377395629884,0.5715168714523315,0.6884720325469971,-0.017749959602952,0.9995002150535583,0.5695975422859192,0.6887404918670654,-0.0178036596626043,0.9994169473648072,0.5672590732574463,0.6890547871589661,-0.0178280659019947,0.9995014667510986,0.574259340763092,0.6874872446060181,0.0003919448936358,0.9995572566986084,0.5746439099311829,0.686935305595398,0.0004131171444896,0.9995534420013428,0.5749805569648743,0.6864553093910217,0.0004064414242748,0.999602198600769,0.556212306022644,0.681507408618927,-0.0203268881887197,0.9988319277763368,0.5684309005737305,0.6803626418113708,0.0610968470573425,0.9994420409202576,0.5710277557373047,0.6665202379226685,-0.012285322882235,0.9996623992919922,0.574432373046875,0.6659234762191772,0.0112276207655668,0.9997460842132568,0.5285382866859436,0.6141908168792725,-0.0672601759433746,0.9996503591537476,0.5816797614097595,0.596672773361206,0.1227349266409874,0.9999071955680848,0.5240446329116821,0.5180419087409973,-0.1105497553944587,0.6911826133728027,0.5869888067245483,0.492581844329834,0.1541569232940673,0.8636181354522705,0.5276627540588379,0.4272157251834869,-0.1436021476984024,0.7485264539718628,0.5973756909370422,0.4164777994155884,0.1112788766622543,0.8977420926094055,0.5241832137107849,0.395039439201355,-0.1653485149145126,0.7236785292625427,0.6024250388145447,0.3916782438755035,0.105095773935318,0.8533254265785217,0.5311893820762634,0.3960330486297607,-0.1720086932182312,0.7295624017715454,0.6013405323028564,0.3906131982803345,0.0823056772351265,0.8599256873130798,0.5340542197227478,0.4042529761791229,-0.1457753777503967,0.7160131931304932,0.5985809564590454,0.3981139063835144,0.099114328622818,0.8450686931610107,0.5395117402076721,0.429836094379425,-0.0541706681251525,0.9987636804580688,0.5744898319244385,0.4244697988033294,0.0541696771979332,0.9989054799079896,0.5396233201026917,0.2775833308696747,-0.0626229867339134,0.7336841225624084,0.569135844707489,0.2756109833717346,0.0373386889696121,0.8521022200584412,0.5268146395683289,0.1380975693464279,-0.0218385830521583,0.768165647983551,0.5487700700759888,0.1371771991252899,0.0853954553604126,0.8553870320320129,0.5250207781791687,0.1206060349941253,-0.0217662137001752,0.5378963351249695,0.5415711998939514,0.1220598295331001,0.0867274701595306,0.5968815684318542,0.5456370711326599,0.09637051820755,-0.1001338884234428,0.8137938380241394,0.5568270087242126,0.0915112271904945,0.0266372952610254,0.8628963232040405,hoyeon_stand_normal_01,26.925824,28.160256,26.305893,24.083189,20.0,16.03122,12.041595,9.055385,6.708204,6.403124,7.28011,9.055385,11.045361,13.038405,15.033296,16.03122,18.11077,19.235384,19.646883,18.973666,17.088007,14.866069,11.401754,8.0,7.211103,9.433981,12.806248,12.806248,12.206556,12.206556,11.401754,11.313708,11.401754,10.816654,11.18034,13.0,13.0,14.317821,14.317821,14.317821,14.317821,14.764823,14.764823,14.764823,13.038405,12.083046,10.440307,10.0,12.369317,14.764823,18.35756,22.825424,3.0,1.0,4.0,7.071068,9.486833,11.7047,13.416408,15.264338,16.643317,17.804494,18.439089,19.104973,19.849433,19.416488,18.867962,17.492856,16.552945,13.0,10.440307,6.082763,2.236068,5.0,10.0,14.764823,18.788294,21.931712,11.7047,14.317821,16.124515,18.027756,19.209373,18.439089,17.691806,16.401219,13.892444,13.0,10.198039,9.055385,7.615773,7.071068,8.944272,10.440307,11.18034,13.038405,14.0,15.0,16.0,17.029386,16.03122,15.033296,12.0,9.0,12.529964,13.038405,13.601471,13.601471,13.601471,13.038405,11.661904,10.29563,9.433981,8.062258,6.403124,5.656854,4.472136,5.09902,7.071068,9.486833,11.7047,14.866069,17.088007,19.313208,21.18962,21.84033,21.587033,19.646883,18.439089,14.56022,13.601471,14.56022,16.278821,17.262677,17.117243,16.124515,15.033296,12.041595,10.049876,8.062258,5.385165,3.605551,3.162278,4.0,5.09902,7.28011,8.246211,9.219544,9.055385,10.049876,11.045361,11.045361,11.045361,11.18034,11.18034,11.7047
hoyeon_stand_normal_01,1860,620,62.00338797814207,29.998360745314464,10,0.5777785778045654,0.6756652593612671,0.0060911611653864,0.9997610449790956,0.5731889009475708,0.6865628361701965,-0.003314288565889,0.9995459914207458,0.5717304944992065,0.6868739128112793,-0.0033675658050924,0.9994718432426452,0.5698321461677551,0.6874613761901855,-0.0033896353561431,0.9995483756065368,0.5757627487182617,0.6858872175216675,0.0181476082652807,0.999596357345581,0.5758692622184753,0.6857286691665649,0.0181712377816438,0.9995916485786438,0.5758600234985352,0.6856337189674377,0.0181465819478034,0.9996352791786194,0.5591697692871094,0.6813764572143555,-0.0198749769479036,0.9989467859268188,0.5683092474937439,0.6802774667739868,0.0753747150301933,0.9994880557060242,0.5724300742149353,0.664722740650177,0.0016862540505826,0.9996939301490784,0.5754945278167725,0.664137065410614,0.0292619746178388,0.9997661113739014,0.5334867835044861,0.6160435676574707,-0.0906825363636016,0.9996851682662964,0.5745950937271118,0.5966715216636658,0.1503879278898239,0.999902069568634,0.529845118522644,0.5231099724769592,-0.1583898961544037,0.7218732833862305,0.5795049071311951,0.4930501282215118,0.1829449087381363,0.7997323274612427,0.5357835292816162,0.4324767291545868,-0.2036990672349929,0.7733777165412903,0.5950474143028259,0.4144725203514099,0.1451876759529113,0.8572959899902344,0.5331491827964783,0.4000490605831146,-0.2288250774145126,0.7507147192955017,0.6016947627067566,0.3898083567619324,0.1438217610120773,0.8149440288543701,0.5410743355751038,0.4018233716487884,-0.231313407421112,0.7559608817100525,0.597639799118042,0.3892945647239685,0.1212349310517311,0.8224530220031738,0.5430803894996643,0.4102514088153839,-0.2038760036230087,0.7432964444160461,0.5950524210929871,0.3969168961048126,0.1331485956907272,0.8087882995605469,0.5413035750389099,0.4258728921413421,-0.0728902816772461,0.9988462328910828,0.574276328086853,0.420021116733551,0.0728736966848373,0.9989190101623536,0.5458678603172302,0.2734125852584839,-0.0819814279675483,0.7560164332389832,0.5689773559570312,0.2723853290081024,0.0697342157363891,0.8298737406730652,0.5359302163124084,0.1192878559231758,-0.0659568980336189,0.7867658734321594,0.5473802089691162,0.1298673897981643,0.1052712872624397,0.8391311168670654,0.5266607999801636,0.0959276929497718,-0.0682467073202133,0.5707801580429077,0.5384026169776917,0.1066168919205665,0.1054123938083648,0.604659914970398,0.5656850337982178,0.0897334665060043,-0.1423535048961639,0.8275976181030273,0.5691177845001221,0.0919573009014129,0.0566999204456806,0.8566005825996399,hoyeon_stand_normal_01,25.96151,26.476405,25.079872,22.0,18.248288,14.142136,11.18034,7.071068,5.0,5.830952,8.246211,10.198039,12.165525,14.317821,15.297059,16.492423,17.720045,17.088007,17.088007,16.155494,13.928388,11.7047,10.049876,8.246211,10.0,12.806248,12.206556,13.038405,13.416408,13.0,12.649111,10.77033,9.848858,8.602325,8.485281,9.433981,10.29563,11.18034,12.083046,12.083046,12.529964,13.892444,13.038405,13.601471,12.206556,10.816654,9.848858,9.219544,10.198039,13.0,17.888544,21.023796,5.656854,4.123106,2.828427,5.09902,7.071068,8.544004,10.29563,13.038405,14.21267,15.556349,16.278821,17.804494,18.601075,19.416488,18.867962,18.35756,17.0,14.317821,10.440307,7.071068,3.605551,6.0,9.433981,13.601471,17.691806,21.213203,8.944272,11.7047,14.317821,16.124515,18.027756,18.11077,17.262677,15.811388,14.317821,12.206556,9.899495,8.062258,7.071068,6.324555,7.81025,9.219544,10.29563,12.083046,13.928388,14.866069,15.811388,16.763055,15.811388,14.866069,13.0,11.18034,13.152946,13.038405,11.18034,10.440307,9.848858,10.29563,10.816654,11.401754,12.041595,13.453624,15.0,15.264338,17.0,17.464249,18.027756,17.720045,18.248288,16.278821,14.142136,11.401754,8.944272,7.81025,8.062258,12.165525,14.56022,17.720045,10.440307,7.28011,5.09902,2.828427,6.0,9.055385,12.165525,15.132746,17.029386,19.0,19.026298,18.248288,17.464249,15.811388,14.866069,14.317821,12.083046,11.18034,9.848858,10.440307,10.198039,10.049876,11.0,12.041595,13.038405,13.152946
hoyeon_stand_normal_01,1866,622,62.20339890710383,29.998360745314464,10,0.5802192091941833,0.6743503212928772,0.0037287203595042,0.9997837543487548,0.5762940049171448,0.6857661008834839,-0.0112033346667885,0.9996041655540466,0.5746849775314331,0.686217725276947,-0.011232622899115,0.9995489120483398,0.5729618072509766,0.6869763731956482,-0.0112330904230475,0.9996153712272644,0.5778037905693054,0.6854420900344849,0.0131406020373106,0.9996352195739746,0.5774208307266235,0.6855286955833435,0.0131652066484093,0.9996203184127808,0.576849639415741,0.6856119632720947,0.0131358783692121,0.9996581673622132,0.5630021691322327,0.6819308996200562,-0.0467554740607738,0.999132513999939,0.5678403973579407,0.681364893913269,0.0588603168725967,0.9995031356811525,0.5748488903045654,0.6640977263450623,-0.0071779037825763,0.9997292160987854,0.577079713344574,0.6636651754379272,0.0239087957888841,0.9997568726539612,0.5453892946243286,0.6228742599487305,-0.1230118498206138,0.999744474887848,0.5588788390159607,0.6070598363876343,0.139355182647705,0.9997702240943908,0.5436927080154419,0.5310893654823303,-0.1658145934343338,0.7744473218917847,0.563055694103241,0.5083193778991699,0.1697961241006851,0.6635238528251648,0.5516756176948547,0.4385368227958679,-0.1759469658136367,0.8159510493278503,0.5720848441123962,0.425430029630661,0.1365058869123459,0.7247093319892883,0.5500715374946594,0.4034631848335266,-0.1996866762638092,0.796911895275116,0.5760613679885864,0.4003930687904358,0.1410085558891296,0.6908842921257019,0.5578002333641052,0.4053890407085418,-0.1966229379177093,0.801045298576355,0.5774036049842834,0.400265634059906,0.1186708062887191,0.6979749202728271,0.5597140192985535,0.4147367477416992,-0.172877088189125,0.7897900938987732,0.575923502445221,0.4078894853591919,0.125647485256195,0.6881293058395386,0.5543110966682434,0.4241061210632324,-0.0784782469272613,0.9988033771514891,0.5658042430877686,0.4194777905941009,0.0784351155161857,0.9983721375465392,0.5660098791122437,0.2735165357589721,-0.0673018768429756,0.7825332880020142,0.564777672290802,0.2718693912029266,0.0728940218687057,0.7259231209754944,0.5590537190437317,0.1087050214409828,-0.0456030257046222,0.8093244433403015,0.5540297627449036,0.1204219385981559,0.1005125045776367,0.7555122971534729,0.5484616160392761,0.0847161561250686,-0.0467438958585262,0.6306381225585938,0.5429141521453857,0.0929502993822097,0.1004937142133712,0.5912638902664185,0.5859561562538147,0.0841111838817596,-0.1066031530499458,0.8433765172958374,0.58379727602005,0.0940744131803512,0.0556006282567977,0.8024249076843262,hoyeon_stand_normal_01,18.080282666666665,16.331588333333332,14.868411333333333,15.573771666666667,16.307908666666666,16.421242333333332,16.336108333333332,15.620391,15.424106333333334,14.95601,13.987520333333334,12.735043333333332,11.291382,10.827280666666669,10.567115,10.846886333333336,11.918988333333331,13.583141666666668,15.278877666666666,17.453837333333336,19.672705,21.475001,23.336928666666665,23.638831666666665,24.159722,23.190750666666663,9.734764333333333,8.499387,7.051442000000001,7.0955976666666665,9.821501,11.343978666666668,13.040873333333332,12.891328,13.307224666666665,12.467425,12.101197999999998,11.908902333333335,11.202087333333331,10.072333,8.60683,7.447898333333334,6.192243333333333,7.971742,10.229938333333331,12.998202999999998,15.552830666666663,17.785433666666666,19.657106,21.05559333333333,22.61477233333333,21.97947233333333,10.815644,10.5640055,10.9777335,10.5580295,11.035534,11.2898365,11.576473,11.247024,11.1465405,10.5652045,10.132169,10.3027755,10.525411,11.894147,13.0002745,14.4330015,15.702914,16.165159,15.898916,15.211469,14.0046705,14.2686025,16.204943,17.253986,17.6064505,17.404338499999998,9.2201535,9.842436,10.8318645,11.0278,10.5577265,9.2574445,10.2009635,10.252484,10.3880875,10.1445825,9.59017,8.9932295,8.330952,8.4497085,8.535534,8.881774,9.05294,9.30484,8.903124,8.5205485,7.9330345,8.5510685,9.342403,10.1548375,10.755381,10.965952,12.925775,12.890497666666668,12.748751666666664,12.185797,11.764732666666667,11.219901,10.992295333333333,10.810317333333336,10.619969,9.914614666666669,9.617398,8.775919,8.854065,8.944543333333334,9.736457666666666,11.614170333333334,13.028080666666668,14.642316333333332,15.732809333333334,15.920790333333334,16.042210999999998,15.860477666666668,16.534779666666665,16.563242666666667,16.707815,15.644905,12.557722666666663,12.626575333333331,13.221199,13.535070666666668,13.641023666666667,14.699778333333333,14.494755,13.883590666666665,12.736618333333334,11.019528666666668,10.359491999999998,9.492931333333331,8.417782,8.157378666666666,8.840518666666666,8.465207666666666,9.367018,9.814499666666668,9.741342,10.225681,10.854773333333334,11.513188,11.779075,11.993078333333337,12.519082666666668,13.225252666666668
hoyeon_stand_normal_01,1869,623,62.3034043715847,29.998360745314464,10,0.5798248648643494,0.6734582185745239,-0.0086805270984768,0.9998014569282532,0.5762456059455872,0.685254693031311,-0.0232746545225381,0.9996391534805298,0.5747168660163879,0.6858134269714355,-0.0232982225716114,0.9995898008346558,0.5730628371238708,0.6866546869277954,-0.0232995320111513,0.9996504783630372,0.5775569081306458,0.6850428581237793,0.0005814890610054,0.9996649622917176,0.5771125555038452,0.6852971315383911,0.0006085467757657,0.9996489882469176,0.576483428478241,0.685541033744812,0.0005969703197479,0.9996840953826904,0.5630796551704407,0.6821461915969849,-0.051134169101715,0.9992164969444276,0.5676253437995911,0.6817029118537903,0.0464005060493946,0.9995372891426086,0.5745270252227783,0.6634157299995422,-0.0190474912524223,0.9997515678405762,0.5764668583869934,0.6631125211715698,0.011458427645266,0.9997721314430236,0.5474929213523865,0.6255906820297241,-0.1324742436408996,0.9997698664665222,0.5532316565513611,0.6118519902229309,0.1262417137622833,0.9997605681419371,0.5491608381271362,0.5337342023849487,-0.1677514463663101,0.7969275116920471,0.5602768659591675,0.5138850808143616,0.1503159403800964,0.6092450022697449,0.5590741038322449,0.439718633890152,-0.1626188606023788,0.8342084884643555,0.5669937133789062,0.4276275634765625,0.1146779283881187,0.667576253414154,0.5576360821723938,0.4037830829620361,-0.1863730251789093,0.8168132305145264,0.5691518187522888,0.4000702202320099,0.1189661100506782,0.6370760202407837,0.5654247999191284,0.4051532745361328,-0.1822632104158401,0.8205015063285828,0.5695896148681641,0.3996267020702362,0.0967164486646652,0.6438105702400208,0.5669784545898438,0.4141962826251983,-0.159316599369049,0.809980571269989,0.5696374177932739,0.4079179167747497,0.1040956303477287,0.6352867484092712,0.557878315448761,0.4238454401493072,-0.0782297626137733,0.9988424181938172,0.560046374797821,0.4192855656147003,0.078176699578762,0.9983109831809998,0.5683519244194031,0.2727564871311188,-0.0659902468323707,0.7932546734809875,0.5606417059898376,0.2700910866260528,0.0779782086610794,0.678727388381958,0.5625333786010742,0.1073140725493431,-0.0410160049796104,0.8195257782936096,0.5556575655937195,0.1172113642096519,0.1101468428969383,0.7184043526649475,0.5546993017196655,0.0850105881690979,-0.0409948155283927,0.6605455279350281,0.5438795685768127,0.0916387066245079,0.110637329518795,0.5851911902427673,0.5856055021286011,0.0822158232331276,-0.0947588831186294,0.8511297702789307,0.581994354724884,0.0921841263771057,0.067782312631607,0.7763258814811707,hoyeon_stand_normal_01,14.317821,11.401754,10.049876,11.18034,11.401754,11.7047,12.083046,12.083046,12.083046,11.18034,10.29563,9.433981,9.219544,9.219544,9.219544,8.602325,8.544004,9.219544,11.0,12.165525,15.811388,18.973666,21.18962,23.769729,24.33105,24.083189,9.433981,7.211103,5.830952,2.828427,3.162278,5.0,8.602325,9.433981,11.18034,12.649111,12.369317,12.041595,11.0,9.055385,7.071068,5.0,3.0,2.828427,5.09902,8.0,11.0,14.035669,16.278821,18.681542,19.313208,17.464249,9.848858,7.81025,6.403124,6.0,6.708204,8.485281,10.0,12.529964,14.317821,15.811388,16.763055,18.681542,19.924859,19.924859,18.973666,18.973666,16.155494,13.928388,10.440307,6.0,3.605551,6.324555,11.18034,15.264338,18.867962,21.954498,9.219544,12.529964,14.866069,16.492423,18.11077,18.027756,17.117243,14.317821,12.649111,9.848858,6.403124,3.605551,2.236068,4.123106,6.082763,8.0,10.198039,12.369317,14.56022,15.524175,16.492423,16.492423,16.278821,15.132746,15.033296,13.038405,12.083046,13.416408,13.892444,13.892444,13.892444,13.416408,13.0,11.18034,9.848858,8.544004,7.615773,5.830952,5.656854,5.385165,6.0,8.246211,11.401754,13.928388,17.088007,19.313208,21.18962,21.84033,21.84033,20.615528,18.439089,14.56022,13.416408,15.652476,17.088007,17.720045,17.720045,16.492423,15.297059,13.341664,10.440307,8.246211,6.708204,5.0,4.472136,5.09902,6.082763,7.0,8.062258,9.055385,10.049876,10.0,11.0,11.0,12.0,12.041595,11.18034,12.369317
hoyeon_stand_normal_01,1872,624,62.40340983606557,29.998360745314464,10,0.5795925259590149,0.6734829545021057,-0.0075715044513344,0.9998160004615784,0.5761111974716187,0.6853872537612915,-0.0224279295653104,0.9996691346168518,0.574652910232544,0.6860063672065735,-0.0224513746798038,0.999625563621521,0.5730562210083008,0.6869065761566162,-0.0224542822688817,0.9996810555458068,0.5772082209587097,0.6852430701255798,0.0018794691422954,0.999688982963562,0.5766791105270386,0.6856310963630676,0.0019114543683826,0.999671459197998,0.5759889483451843,0.6861383318901062,0.001901586423628,0.9997041821479796,0.5629608035087585,0.6836650967597961,-0.0533763021230697,0.9992912411689758,0.5675250291824341,0.6836332678794861,0.0469566956162452,0.9995614290237428,0.5744170546531677,0.6636981964111328,-0.0189651045948267,0.9997702836990356,0.5760917663574219,0.6633774638175964,0.0121469460427761,0.9997832775115968,0.5480607748031616,0.6282261610031128,-0.1349084973335266,0.999792754650116,0.5503762364387512,0.6149114370346069,0.1269188225269317,0.9997487664222716,0.5535100102424622,0.5330169796943665,-0.1676860302686691,0.8171555995941162,0.5585283041000366,0.5166130065917969,0.1520501226186752,0.5587607622146606,0.5652611255645752,0.4391874670982361,-0.1541247218847274,0.8506199717521667,0.563776433467865,0.4316164553165436,0.1169804483652114,0.6139762997627258,0.566026508808136,0.4037140905857086,-0.1773863583803177,0.8346776366233826,0.5656980276107788,0.4011422395706177,0.1217890977859497,0.5872089862823486,0.5717828273773193,0.40491983294487,-0.1733874380588531,0.8379624485969543,0.5679470896720886,0.4005037546157837,0.0995331779122352,0.5936658382415771,0.5718777179718018,0.4136570394039154,-0.1507730185985565,0.828065037727356,0.5669177770614624,0.4092767834663391,0.1064193919301033,0.5861167311668396,0.5590870976448059,0.4254131317138672,-0.0788422524929046,0.9988783597946168,0.5590794086456299,0.4212545752525329,0.0787773951888084,0.9982607960700988,0.566696286201477,0.2730841040611267,-0.0661829188466072,0.8052557110786438,0.5583055019378662,0.2706969082355499,0.0778241828083992,0.6415365934371948,0.5617536306381226,0.1079925075173378,-0.0406685471534729,0.8309094309806824,0.5559045076370239,0.1174231544137001,0.1123637706041336,0.6912762522697449,0.5536224842071533,0.0877786800265312,-0.0404640324413776,0.6882345080375671,0.5448415279388428,0.0931392982602119,0.1130930334329605,0.5827252268791199,0.5842695236206055,0.0817965194582939,-0.0937224999070167,0.8598179221153259,0.5793086290359497,0.0920109078288078,0.0688251107931137,0.7590056657791138,hoyeon_stand_normal_01,26.0,23.4094,19.924859,17.262677,16.0,15.132746,14.56022,13.0,13.416408,13.038405,13.453624,12.727922,12.806248,14.422205,14.422205,13.892444,13.416408,11.7047,11.0,13.0,16.401219,22.022716,28.425341,32.202484,34.985711,35.341194,16.278821,13.601471,10.0,6.403124,6.0,8.602325,12.806248,16.401219,19.723083,21.023796,22.135944,21.587033,20.223748,19.026298,16.0,14.035669,10.0,7.071068,6.403124,8.246211,13.038405,18.027756,23.086793,27.294688,29.832868,29.12044,8.062258,6.708204,6.403124,8.246211,10.049876,11.401754,13.0,14.764823,16.643317,18.601075,19.209373,20.615528,20.615528,20.615528,20.615528,18.439089,17.691806,14.866069,10.630146,6.708204,4.472136,7.28011,12.165525,16.124515,20.099751,22.090722,10.0,13.038405,16.278821,17.720045,19.313208,19.235384,18.027756,16.278821,13.453624,10.816654,7.615773,5.0,3.605551,4.0,6.324555,8.062258,10.0,12.206556,13.453624,15.620499,15.620499,16.278821,15.620499,15.0,13.038405,11.18034,11.313708,12.041595,13.453624,12.806248,14.21267,13.453624,12.041595,11.313708,9.899495,8.485281,7.81025,6.403124,5.830952,6.082763,6.082763,8.544004,11.18034,14.422205,16.643317,18.867962,21.095023,21.954498,21.470911,21.470911,19.235384,16.552945,12.041595,12.806248,14.422205,15.264338,14.764823,14.317821,12.083046,10.77033,8.544004,6.708204,5.0,3.605551,3.0,4.123106,5.385165,6.324555,7.615773,8.544004,9.219544,9.219544,10.198039,10.198039,10.198039,10.440307,9.848858,10.29563
hoyeon_stand_normal_01,1878,626,62.60342076502732,29.998360745314464,10,0.5784103870391846,0.6749324202537537,-0.0181044302880764,0.999843180179596,0.5749279856681824,0.6872594952583313,-0.0329207703471183,0.99972403049469,0.573517382144928,0.687909722328186,-0.0329416133463382,0.9996898174285888,0.5719850063323975,0.6887445449829102,-0.0329542718827724,0.9997361302375792,0.5759609937667847,0.687252938747406,-0.0083311712369322,0.9997348785400392,0.5754743814468384,0.6877976059913635,-0.0082955844700336,0.9997166395187378,0.574914276599884,0.6885261535644531,-0.0082906037569046,0.9997451305389404,0.5622111558914185,0.6862615942955017,-0.0711653381586074,0.9994215369224548,0.5660907626152039,0.6865727305412292,0.0369971543550491,0.9996162056922911,0.5733148455619812,0.6650124192237854,-0.0299382898956537,0.9998062252998352,0.574940025806427,0.6646941304206848,0.0014387188712134,0.999809503555298,0.5489369034767151,0.6284685134887695,-0.1449711471796035,0.9998318552970886,0.5468355417251587,0.6173381805419922,0.1159952878952026,0.999736487865448,0.5574272274971008,0.5298283696174622,-0.1719575971364975,0.8517354726791382,0.5550953149795532,0.5177039504051208,0.1415164470672607,0.4718405902385711,0.5731294751167297,0.4377634227275848,-0.1467106342315673,0.8786064982414246,0.5639057159423828,0.4332697689533233,0.105783611536026,0.5193156599998474,0.5760164260864258,0.4026655554771423,-0.1693130880594253,0.8650134801864624,0.56700599193573,0.4030549526214599,0.1097766980528831,0.498668372631073,0.5798435807228088,0.4035029411315918,-0.166874349117279,0.8675974011421204,0.5703664422035217,0.4014816582202911,0.0871918350458145,0.5045843124389648,0.5792881846427917,0.4118848443031311,-0.1435925960540771,0.858607828617096,0.5685226321220398,0.4102796912193298,0.0950374156236648,0.4985860586166382,0.5632298588752747,0.4311118721961975,-0.0766938552260398,0.9989436864852904,0.5586577653884888,0.4276759326457977,0.0766468942165374,0.9981954097747804,0.5697779059410095,0.2745736837387085,-0.0654545500874519,0.8232660889625549,0.558144748210907,0.2755822837352752,0.0760654136538505,0.5757273435592651,0.561499834060669,0.1074340417981147,-0.0340389721095562,0.8482269644737244,0.5555264949798584,0.1181568950414657,0.1139509826898574,0.6390534043312073,0.5524514317512512,0.0868945643305778,-0.0333002693951129,0.7316383719444275,0.5452883839607239,0.093351811170578,0.1148427203297615,0.5703713297843933,0.5852509140968323,0.0840340480208396,-0.0900923237204551,0.8721877336502075,0.57830411195755,0.0932624191045761,0.068005196750164,0.7224071621894836,hoyeon_stand_normal_01,22.6326709375,21.158531312500003,18.9062271875,16.946276625,15.58969525,14.5257133125,13.7421579375,12.4483013125,12.488572,12.139107875,12.294858375,11.976674375,11.982501125,13.1160108125,13.323969375,13.2476575,13.3611059375,12.7624595,12.604735625,13.8629660625,15.8772859375,18.9712855625,22.399155375,24.4984050625,26.252502625,26.6635611875,13.91988725,12.9066483125,11.37036075,9.310739,9.0345634375,10.467088125,12.804616,14.582298875,16.2574655,16.7716330625,17.2090563125,16.5558678125,15.4745675,14.6850611875,13.0448628125,12.0656943125,9.9933620625,8.7000876875,8.6069731875,9.944338062500002,12.9004411875,16.190339625,19.3030828125,22.10706675,24.04038775,23.97702525,7.81025,6.324555,5.385165,6.403124,8.062258,9.486833,12.165525,13.152946,15.033296,16.0,17.0,18.0,18.0,18.027756,18.0,17.0,15.0,13.038405,9.219544,5.830952,5.09902,8.062258,12.806248,17.029386,19.849433,22.022716,10.198039,12.649111,15.231546,17.0,18.027756,18.439089,16.970563,15.0,11.661904,9.848858,6.324555,4.0,1.414214,3.605551,5.830952,8.062258,10.29563,12.083046,13.928388,15.811388,16.763055,16.763055,16.763055,15.811388,14.317821,12.529964,10.77033,12.083046,13.416408,14.764823,14.764823,14.317821,13.928388,12.649111,11.401754,9.486833,8.246211,6.324555,5.0,4.472136,6.082763,8.062258,11.18034,13.601471,16.763055,19.924859,21.84033,23.769729,23.769729,22.561028,20.396078,17.464249,12.0,14.035669,15.132746,15.132746,15.297059,14.317821,12.369317,10.440307,8.246211,6.082763,5.0,3.162278,3.605551,4.472136,5.09902,6.082763,7.071068,8.246211,8.544004,8.544004,8.944272,8.944272,8.544004,9.219544,9.055385,9.055385
hoyeon_stand_normal_01,1884,628,62.80343169398907,29.998360745314464,10,0.5777599811553955,0.6774325370788574,-0.0170497260987758,0.9998605847358704,0.5742197632789612,0.6891024708747864,-0.0316950194537639,0.9997648596763612,0.572873055934906,0.6898414492607117,-0.0317142866551876,0.9997379779815674,0.5714375972747803,0.6907170414924622,-0.0317214094102382,0.9997774958610536,0.5752353072166443,0.6891103386878967,-0.0072065563872456,0.9997677206993104,0.5748642086982727,0.6897740960121155,-0.0071769398637115,0.9997479319572448,0.5745853185653687,0.6906209588050842,-0.0071814707480371,0.9997743368148804,0.5620109438896179,0.6878617405891418,-0.0718953385949134,0.9995234608650208,0.5649235844612122,0.6881028413772583,0.0364746488630771,0.9996535778045654,0.5727053880691528,0.667547345161438,-0.0296601820737123,0.9998300075531006,0.574345052242279,0.6674094200134277,0.0016592642059549,0.999824583530426,0.5494610071182251,0.6282921433448792,-0.1395903378725052,0.999862790107727,0.5450043082237244,0.6186228394508362,0.1101893037557601,0.9997144341468812,0.5581799149513245,0.5287760496139526,-0.1645230650901794,0.8795281052589417,0.5536214709281921,0.5180569291114807,0.1316875964403152,0.397754818201065,0.5715622305870056,0.4358248114585876,-0.1415417492389679,0.9006519317626953,0.5610876083374023,0.4318817555904388,0.0959030389785766,0.4379609227180481,0.5728299021720886,0.4005926549434662,-0.1634307652711868,0.8881943225860596,0.5616315603256226,0.4022214114665985,0.0999325141310691,0.4234254956245422,0.5772028565406799,0.4006103277206421,-0.1555608361959457,0.8901053071022034,0.5667625665664673,0.4010932445526123,0.0772940218448638,0.428548127412796,0.5771288275718689,0.408606469631195,-0.1362725794315338,0.881012499332428,0.5665286779403687,0.4095239341259002,0.0852875709533691,0.4238187372684479,0.5637198686599731,0.4340170919895172,-0.0717927515506744,0.9989011287689208,0.557733416557312,0.4303656220436096,0.0717426538467407,0.9980146884918212,0.5707979202270508,0.2765118181705475,-0.0625287666916847,0.8302478194236755,0.5586272478103638,0.2794035375118255,0.0718363374471664,0.517482340335846,0.5621755123138428,0.1088963821530342,-0.027285199612379,0.8531111478805542,0.5541355013847351,0.1188689768314361,0.1104306876659393,0.5837897658348083,0.5527494549751282,0.0885190665721893,-0.0260974280536174,0.7649539709091187,0.5440540313720703,0.0952047631144523,0.1116240322589874,0.5535632371902466,0.583761990070343,0.0884372591972351,-0.0766406804323196,0.8735228180885315,0.5771009922027588,0.0975887849926948,0.0657416731119155,0.6733709573745728,hoyeon_stand_normal_01,19.265341875,18.907662625,17.887595375,16.62987625,15.1793905,13.918680625,12.924095875,11.896602625,11.560736,11.23981075,11.13609275,11.22542675,11.15875425,11.809816625,12.22573375,12.602871,13.305803875,13.820219,14.20947125,14.725932125,15.353352875,15.919855125000002,16.372969750000003,16.794326124999998,17.51929425,17.985928375,11.5609535,12.211825625,12.7407215,12.218354,12.069126875,12.33185125,12.802984,12.76337875,12.791848,12.519470124999998,12.282168625,11.524702625,10.725387,10.343824375,10.089725625,10.095719625,9.986724125,10.329107375,10.810822375,11.642465125,12.762477375,14.35292325,15.519372625,16.9194455,18.2479075,18.8336105,12.68120525,12.47649125,12.078539875,11.993497125,12.247248249999998,12.473294374999998,12.548742625,12.648521125,12.589544,12.457655875,11.930405625,11.509736125,11.916912625,12.906428875,14.151106249999998,15.148451,16.332652500000002,16.6174385,16.024854375,15.212456625000002,13.99638,14.745581125,16.173067875,17.518960125,18.051727125,17.726241374999997,9.505265,10.167307125,10.686120375000002,10.207774625,10.194656,10.802870125,11.15205275,11.574147,11.073134625,9.994444375,8.689931125,7.224213375,5.841217125,6.304337749999999,6.8212495,7.4752165,7.542448500000001,7.911054999999999,7.882561125,7.872804125,9.022853125,10.486548875,11.717004500000002,12.507079,12.95909875,12.8668095,13.596914714285717,13.422804428571428,13.315582285714289,12.819524142857144,12.060833857142857,11.660430571428572,11.409648571428573,11.510184285714288,11.63507542857143,11.655026,11.328133285714284,10.828914571428571,10.888768428571428,10.974539714285712,11.977026,13.653144,15.21097685714286,16.38184257142857,17.275563285714288,17.111577,16.791180714285716,16.213058857142858,16.123854857142856,17.143570714285712,17.664903285714285,17.265216285714285,10.680256857142856,10.561541857142858,10.795864285714286,10.903477,11.988193999999998,12.623274285714286,12.892177571428572,12.731418,11.780624714285713,10.937451571428571,10.254385571428571,9.565354714285714,8.877547571428572,8.705406857142858,8.487020285714285,8.99537657142857,8.891138,9.060056285714284,9.235950857142855,9.44458042857143,9.94959542857143,10.700952142857144,11.299806142857143,11.894012714285711,12.392865142857143,12.846531
hoyeon_stand_normal_01,1887,629,62.90343715846994,29.998360745314464,10,0.5775803327560425,0.6786381602287292,-0.0168239716440439,0.9998695850372314,0.5740590691566467,0.6899728775024414,-0.0313844718039035,0.9997837543487548,0.5727455019950867,0.6906981468200684,-0.0314029119908809,0.9997598528862,0.5713457465171814,0.691581130027771,-0.0314072333276271,0.9997962117195128,0.5750402808189392,0.6899557709693909,-0.0067046945914626,0.9997838139533995,0.5747044682502747,0.6906212568283081,-0.0066771651618182,0.9997638463974,0.5745525360107422,0.6915146708488464,-0.0066863787360489,0.9997888803482056,0.5620041489601135,0.6886023879051208,-0.0713144540786743,0.9995678663253784,0.5645449757575989,0.6889793276786804,0.0376072898507118,0.9996740221977234,0.5725340247154236,0.6688835024833679,-0.0294354185461998,0.9998416900634766,0.5741737484931946,0.6687715649604797,0.0021434361115098,0.999833643436432,0.5498101115226746,0.6287540793418884,-0.1403695493936538,0.999876081943512,0.5439156889915466,0.6196531653404236,0.1120747700333595,0.9997084736824036,0.5578388571739197,0.5284554958343506,-0.1682213991880417,0.8914176821708679,0.552743673324585,0.5182979106903076,0.1324385702610016,0.3673045039176941,0.5701149106025696,0.4335649609565735,-0.1446844190359115,0.9102280139923096,0.5612930059432983,0.4315374791622162,0.096786543726921,0.403994470834732,0.570253312587738,0.3990039825439453,-0.1681595146656036,0.8984714150428772,0.5626345276832581,0.4019443988800049,0.1017513424158096,0.3918820023536682,0.5744669437408447,0.3978665173053741,-0.1600194126367569,0.900116503238678,0.564834713935852,0.4005041420459747,0.0782841145992279,0.3966576755046844,0.5746448636054993,0.4065428376197815,-0.1399619877338409,0.8912107348442078,0.5650056004524231,0.4093064665794372,0.0859270840883255,0.3926500082015991,0.563118040561676,0.4344812035560608,-0.0718456804752349,0.99886292219162,0.555092453956604,0.4309779703617096,0.0718003138899803,0.997897446155548,0.5709902048110962,0.2775692045688629,-0.0618389286100864,0.8342362642288208,0.5578345656394958,0.2802171409130096,0.0722940415143966,0.4933033585548401,0.5625270009040833,0.1099025160074234,-0.0258824508637189,0.854902982711792,0.5536607503890991,0.1193253397941589,0.1099597215652465,0.5582718253135681,0.5535370707511902,0.0896074250340461,-0.0246304515749216,0.7800024747848511,0.5440871715545654,0.0955211743712425,0.1111285164952278,0.5463434457778931,0.5839126706123352,0.0903720632195472,-0.0718571841716766,0.8734682202339172,0.5770385265350342,0.0983286947011947,0.0655461251735687,0.648786723613739,hoyeon_stand_normal_01,23.430749,22.803509,21.095023,19.235384,15.652476,12.529964,9.433981,7.071068,6.708204,7.071068,9.055385,11.0,13.0,15.0,16.03122,17.262677,18.439089,18.681542,18.384776,17.464249,15.652476,13.0,10.440307,9.0,9.848858,12.206556,10.049876,10.198039,11.401754,12.649111,13.0,14.866069,15.524175,15.297059,15.297059,15.132746,14.035669,13.038405,12.041595,11.045361,10.049876,10.198039,9.219544,9.486833,9.848858,10.816654,11.401754,12.727922,14.866069,17.029386,19.209373,21.260292,14.764823,15.264338,15.811388,15.0,15.0,14.21267,12.727922,11.313708,9.219544,7.81025,5.830952,4.123106,3.605551,4.472136,7.071068,10.0,13.0,17.029386,19.026298,21.095023,22.203603,22.36068,21.587033,18.973666,17.088007,13.0,7.0,6.082763,4.472136,2.828427,1.414214,4.123106,5.09902,7.28011,8.544004,9.848858,10.29563,9.433981,8.602325,8.602325,7.81025,6.403124,5.0,4.123106,3.0,2.828427,4.123106,6.0,8.062258,9.219544,11.401754,12.649111,13.038405,14.422205,15.0,15.811388,14.422205,14.422205,13.416408,12.083046,10.77033,8.544004,7.615773,5.830952,4.242641,4.123106,5.09902,8.544004,11.18034,13.416408,17.888544,19.697716,21.540659,22.472205,22.135944,20.880613,19.416488,16.492423,13.152946,15.132746,15.132746,16.278821,16.278821,14.317821,13.341664,10.198039,9.0,6.082763,5.385165,5.0,5.385165,6.324555,8.062258,9.055385,9.219544,10.198039,11.045361,11.18034,11.045361,11.045361,11.045361,10.049876,10.198039,10.440307
hoyeon_stand_normal_01,1890,630,63.00344262295082,29.998360745314464,10,0.5773677229881287,0.6794668436050415,-0.0207424480468034,0.9998737573623656,0.5738450288772583,0.6908020973205566,-0.0345656611025333,0.9997972846031188,0.5725070834159851,0.6915115714073181,-0.0345859751105308,0.9997764229774476,0.5710844397544861,0.6924083828926086,-0.0345927961170673,0.999810516834259,0.5749908089637756,0.6908093094825745,-0.0105464132502675,0.9997926354408264,0.5744301676750183,0.6914968490600586,-0.0105188461020588,0.9997711181640624,0.5739604830741882,0.6924447417259216,-0.0105297975242137,0.9997960329055786,0.5617913603782654,0.689319372177124,-0.0763716772198677,0.9996054172515868,0.5637224316596985,0.6898229122161865,0.0351652540266513,0.9996817708015442,0.5723329782485962,0.6697623133659363,-0.0312101207673549,0.9998489022254944,0.574083149433136,0.6696585416793823,-0.0012526896316558,0.9998360276222228,0.5491195321083069,0.6286649107933044,-0.1461909115314483,0.9998878836631776,0.5440048575401306,0.6202499270439148,0.1102790087461471,0.999695897102356,0.5573390126228333,0.5276508927345276,-0.174255833029747,0.9020504355430604,0.553148090839386,0.518149733543396,0.1330117881298065,0.339483380317688,0.5692509412765503,0.4319808781147003,-0.1515378654003143,0.9186177253723145,0.562341034412384,0.4323429465293884,0.0971826091408729,0.3730386793613434,0.5688807964324951,0.3982276916503906,-0.1756267249584198,0.9072296619415284,0.5637763142585754,0.4022129476070404,0.1024225577712059,0.3629919588565826,0.5730016827583313,0.3964669406414032,-0.1689421385526657,0.9086108803749084,0.5658324956893921,0.4006741940975189,0.0787904560565948,0.3675175309181213,0.573369562625885,0.4054937660694122,-0.1476329714059829,0.8995386362075806,0.564929723739624,0.4097142219543457,0.0861932411789894,0.3642149269580841,0.5620168447494507,0.4347781240940094,-0.0733174756169319,0.998799204826355,0.5543963313102722,0.4317457675933838,0.0732845887541771,0.9977245926856996,0.5697287917137146,0.2788940072059631,-0.0621067434549331,0.8363360166549683,0.5574566721916199,0.2780132889747619,0.0749247148633003,0.467974841594696,0.5623176097869873,0.1106548085808754,-0.0256587397307157,0.8560180068016052,0.55367112159729,0.1195049583911895,0.114479660987854,0.5329487323760986,0.5533924698829651,0.0903192460536956,-0.024317817762494,0.7917906045913696,0.5441738367080688,0.0958829149603843,0.1158900335431099,0.5365725755691528,0.5841140151023865,0.0907713398337364,-0.0731474235653877,0.8725561499595642,0.5774614214897156,0.0986852943897247,0.0695239230990409,0.626116156578064,hoyeon_stand_normal_01,22.090722,22.36068,20.615528,18.027756,15.231546,12.083046,8.544004,7.071068,5.09902,6.403124,8.485281,10.0,11.401754,13.453624,15.556349,16.278821,17.804494,18.867962,18.35756,17.464249,15.231546,12.083046,9.433981,7.81025,8.062258,11.0,9.433981,9.433981,9.899495,10.630146,11.401754,12.806248,12.806248,13.453624,14.142136,13.453624,13.453624,12.041595,11.401754,10.630146,9.219544,9.219544,9.219544,8.602325,9.433981,8.944272,10.198039,11.045361,13.0,16.03122,18.027756,20.024984,12.529964,12.206556,11.313708,9.433981,9.219544,10.0,11.401754,13.0,14.317821,17.0,17.888544,19.235384,20.124612,21.931712,21.540659,20.880613,19.646883,17.464249,13.341664,9.486833,5.0,5.0,8.944272,12.806248,16.401219,19.416488,9.055385,12.369317,13.928388,15.652476,15.811388,15.620499,13.453624,11.401754,9.433981,6.708204,3.162278,1.0,2.236068,4.123106,6.082763,8.062258,10.0,12.0,13.038405,14.035669,15.033296,15.0,15.0,15.033296,15.132746,14.317821,12.369317,13.601471,14.56022,14.866069,14.56022,13.341664,13.341664,11.18034,10.049876,9.0,7.0,5.09902,4.123106,2.828427,5.09902,7.0,9.055385,12.165525,15.132746,18.11077,20.024984,21.023796,21.0,20.024984,18.11077,15.132746,14.142136,15.297059,16.278821,17.464249,16.492423,15.524175,13.341664,12.369317,9.055385,8.0,6.082763,5.830952,5.656854,6.708204,7.615773,8.544004,9.486833,10.77033,10.77033,11.7047,10.77033,11.7047,10.440307,11.401754,11.045361,11.045361
hoyeon_stand_normal_01,1893,631,63.103448087431694,29.998360745314464,10,0.577260434627533,0.6796868443489075,-0.0228337012231349,0.9998765587806702,0.5737273693084717,0.691210925579071,-0.0358294956386089,0.999808430671692,0.5724387764930725,0.6919156312942505,-0.0358523093163967,0.9997907280921936,0.5710417032241821,0.6928538680076599,-0.0358594506978988,0.9998229146003724,0.5745434165000916,0.6912252306938171,-0.0125647820532321,0.9997984766960144,0.5738109946250916,0.6919125318527222,-0.0125369224697351,0.9997751712799072,0.5731191635131836,0.6928920745849609,-0.0125474166125059,0.9998002052307128,0.5616827011108398,0.6900365352630615,-0.079599529504776,0.999638855457306,0.56289142370224,0.6903521418571472,0.0342122353613376,0.999683916568756,0.5720532536506653,0.6699628829956055,-0.0320379622280597,0.999854862689972,0.5733063817024231,0.6697651743888855,-0.0029933317564427,0.9998361468315125,0.5489162802696228,0.6291922330856323,-0.15024334192276,0.9998986721038818,0.5441409945487976,0.620840847492218,0.1112767830491066,0.9996867775917052,0.5564847588539124,0.5275034308433533,-0.1813734620809555,0.911673367023468,0.5541427731513977,0.5183813571929932,0.1376388967037201,0.3153547942638397,0.5685194730758667,0.431973397731781,-0.1647515445947647,0.9263185262680054,0.5633288025856018,0.4342223107814789,0.1000967025756836,0.347466766834259,0.5686852335929871,0.398131400346756,-0.1898747980594635,0.9154306650161744,0.5639527440071106,0.4035924077033996,0.1051133498549461,0.3391606509685516,0.5732871890068054,0.3964266180992126,-0.1841177344322204,0.916597843170166,0.5669226050376892,0.4014141261577606,0.0811692774295806,0.3435834944248199,0.5735711455345154,0.4054653942584991,-0.1612250953912735,0.907547414302826,0.5659282803535461,0.4115310907363891,0.0888587608933448,0.3408554792404175,0.5612029433250427,0.4353594779968261,-0.0756025835871696,0.9987652897834778,0.5546132922172546,0.4324089288711548,0.0755847692489624,0.9975913166999816,0.5687960982322693,0.2824020683765411,-0.0647656619548797,0.8391233682632446,0.5576192140579224,0.2832329869270324,0.0779701098799705,0.4437734186649322,0.561690628528595,0.1108452305197715,-0.0287102479487657,0.8578080534934998,0.5536401271820068,0.1217242926359176,0.1182892173528671,0.5093191266059875,0.552838921546936,0.0907104611396789,-0.027371222153306,0.8019291758537292,0.5439438223838806,0.0977113023400306,0.119794063270092,0.5267010927200317,0.5841726660728455,0.0909992754459381,-0.0796213373541832,0.8723886609077454,0.5782517194747925,0.1002857312560081,0.0729722157120704,0.6062217950820923,hoyeon_stand_normal_01,23.430749,23.600847,22.472205,20.124612,17.088007,13.928388,10.77033,8.062258,6.403124,6.324555,8.0,10.049876,12.165525,14.035669,16.03122,18.0,19.026298,20.223748,20.615528,18.973666,17.088007,13.928388,10.440307,8.0,7.211103,11.401754,10.440307,11.401754,11.401754,11.18034,12.041595,13.038405,14.035669,14.035669,14.035669,14.035669,13.038405,13.038405,12.041595,12.041595,11.045361,11.0,11.0,10.049876,10.049876,10.198039,9.848858,10.816654,12.806248,14.866069,17.804494,20.615528,15.556349,16.278821,16.401219,16.401219,15.811388,15.811388,13.892444,12.529964,11.18034,8.544004,7.071068,6.082763,5.0,6.708204,9.219544,11.045361,15.033296,18.11077,21.213203,23.345235,23.537205,23.769729,23.086793,21.540659,18.384776,14.764823,8.485281,6.403124,5.0,2.236068,2.0,5.0,7.0,8.0,9.055385,10.198039,10.198039,9.219544,9.219544,7.28011,7.28011,5.09902,4.123106,3.0,2.236068,3.0,5.385165,7.615773,9.433981,11.401754,12.806248,13.1589105,15.524175,14.317821,12.165525,11.045361,9.055385,9.486833,9.848858,10.816654,12.206556,13.892444,14.764823,16.552945,17.088007,18.439089,19.235384,19.026298,18.027756,17.029386,15.132746,12.165525,9.0,5.830952,6.708204,10.0,14.142136,17.117243,8.602325,6.708204,5.0,5.656854,9.433981,12.529964,15.652476,17.0,18.867962,18.867962,18.601075,17.804494,16.278821,15.556349,14.142136,13.453624,11.313708,10.630146,10.29563,10.77033,11.7047,12.369317,14.317821,15.297059,16.492423,16.492423
hoyeon_stand_normal_01,1896,632,63.20345355191257,29.998360745314464,10,0.576501727104187,0.6801891922950745,-0.0230438597500324,0.9998765587806702,0.5727978348731995,0.6920543313026428,-0.0368136316537857,0.9998162388801576,0.5715757608413696,0.6927784085273743,-0.0368357338011264,0.9998013973236084,0.5702822208404541,0.6937453150749207,-0.0368438996374607,0.9998322129249572,0.5732586979866028,0.6920540928840637,-0.0124632250517606,0.999800443649292,0.5723752379417419,0.6927419304847717,-0.0124353813007473,0.9997746348381042,0.5714750289916992,0.6937218904495239,-0.012448625639081,0.9998002648353576,0.5611429810523987,0.6908926367759705,-0.0792399570345878,0.9996671080589294,0.5616300702095032,0.6910063028335571,0.0349739901721477,0.9996800422668456,0.571189284324646,0.6705029606819153,-0.0329284146428108,0.999857485294342,0.5718867778778076,0.6701218485832214,-0.0029975618235766,0.999832272529602,0.5487506985664368,0.6294867992401123,-0.1499212086200714,0.9999082684516908,0.5435342788696289,0.6210583448410034,0.112643115222454,0.9996780157089232,0.555853545665741,0.5273236632347107,-0.1814521849155426,0.920290470123291,0.5543516278266907,0.5190747380256653,0.1389049887657165,0.2940191924571991,0.568062961101532,0.43193319439888,-0.165973961353302,0.933148205280304,0.5638101696968079,0.4359818398952484,0.10050630569458,0.3242241144180298,0.5686131715774536,0.3980996310710907,-0.1914591193199157,0.9225969910621644,0.5643433928489685,0.4052290618419647,0.1055598706007003,0.3175755441188812,0.5734826922416687,0.3963942527770996,-0.1858123987913131,0.9235549569129944,0.5675610303878784,0.4026603698730469,0.081234835088253,0.3218535780906677,0.5737262964248657,0.4053978621959686,-0.1626144498586654,0.9144070744514464,0.5665728449821472,0.4134016036987304,0.0891153365373611,0.3197112679481506,0.5589962601661682,0.4357277750968933,-0.0760625079274177,0.9987029433250428,0.5541303157806396,0.4328056871891022,0.0760501995682716,0.9974417090415956,0.5685943961143494,0.2830778956413269,-0.0663444623351097,0.8378576636314392,0.5574296116828918,0.2808514237403869,0.0779087990522384,0.4185789227485657,0.561237633228302,0.1111054047942161,-0.0297690108418464,0.855366587638855,0.5540172457695007,0.1220251843333244,0.1186399012804031,0.483075886964798,0.5526520609855652,0.0914826542139053,-0.0282963644713163,0.8104743957519531,0.5444495677947998,0.0990260615944862,0.1201852187514305,0.5142079591751099,0.5836049318313599,0.0909138172864914,-0.0807937681674957,0.8686479330062866,0.5788401961326599,0.1001640111207962,0.0727224871516227,0.582338809967041,hoyeon_stand_normal_01,16.7869195,16.2610405,16.279359499999998,15.9030645,15.121527999999998,14.4329045,12.6226845,11.6757605,10.8216585,10.9777335,10.9179455,11.317976000000002,11.7424,11.9485505,12.501772,12.020815,12.8086525,13.862745,15.816654,17.401964999999997,18.1638165,18.627131,18.2095995,17.552469000000002,17.494041,18.09017,9.994937,10.651295,11.2358965,11.733142,11.708204,11.733142,11.631693,11.44252,10.8103235,10.198039,10.1178625,9.7201535,9.2512825,8.866522,9.0154185,9.460407,9.353188500000002,10.12899,10.4929335,11.4074975,11.7426405,12.6334545,14.1224005,15.47872,16.5769505,17.4279415,15.132746,15.297059,16.278821,16.492423,15.524175,14.56022,13.601471,11.7047,9.848858,8.062258,6.403124,4.472136,4.0,5.830952,8.485281,11.313708,14.866069,17.691806,19.79899,21.931712,22.671568,22.803509,22.203603,21.095023,17.888544,14.317821,8.246211,6.082763,4.123106,2.236068,1.0,2.828427,5.656854,7.071068,8.485281,9.899495,9.899495,10.0,9.219544,8.602325,7.81025,7.211103,6.403124,5.656854,3.605551,3.0,2.828427,4.472136,6.324555,8.062258,10.0,12.0,11.7047,13.0,13.416408,13.416408,13.416408,13.0,11.7047,10.440307,9.219544,7.071068,6.324555,5.385165,4.242641,4.123106,5.0,7.071068,11.18034,13.341664,16.278821,18.11077,20.099751,22.022716,22.0,21.0,18.0,16.03122,13.341664,15.297059,17.464249,17.720045,17.720045,15.811388,13.928388,11.7047,9.219544,7.071068,5.09902,4.472136,5.0,5.385165,7.28011,8.246211,8.246211,9.219544,10.440307,10.440307,11.7047,11.401754,10.198039,10.198039,10.0,10.198039
hoyeon_stand_normal_01,1899,633,63.30345901639344,29.998360745314464,10,0.5753639936447144,0.6805921196937561,-0.0210821032524108,0.9998754858970642,0.5714778304100037,0.6925430297851562,-0.0358127392828464,0.9998224973678588,0.5703104138374329,0.6932138800621033,-0.0358347631990909,0.999810516834259,0.5690863132476807,0.6941260695457458,-0.0358425825834274,0.9998401999473572,0.5717965960502625,0.6925733089447021,-0.0104735307395458,0.9998000860214232,0.5708604454994202,0.6932293176651001,-0.0104447752237319,0.9997713565826416,0.5698438882827759,0.6941786408424377,-0.0104593951255083,0.999797523021698,0.5600998401641846,0.6910110116004944,-0.0777342990040779,0.9996925592422484,0.5603236556053162,0.6911538243293762,0.0366051271557807,0.9996737241744996,0.5700165033340454,0.6707795262336731,-0.0329423546791076,0.9998595118522644,0.570476233959198,0.6703648567199707,-0.0011534322984516,0.999827802181244,0.5484454035758972,0.6302489042282104,-0.1475896388292312,0.999916970729828,0.5418708324432373,0.6217790842056274,0.1137790530920028,0.9996671080589294,0.5557640790939331,0.5279610753059387,-0.1803094446659088,0.9280608296394348,0.5539790987968445,0.5209479928016663,0.1402675807476043,0.2746976912021637,0.5683157444000244,0.431925356388092,-0.1647117584943771,0.939325213432312,0.5639441609382629,0.4393698871135711,0.1031591147184372,0.302826315164566,0.5691654682159424,0.3980680406093597,-0.1897448599338531,0.929110050201416,0.5646418333053589,0.4075502157211303,0.1084798723459243,0.2977398335933685,0.5736930966377258,0.3963020741939544,-0.1842335015535354,0.9298742413520812,0.5679623484611511,0.4048327207565307,0.083960935473442,0.3018860518932342,0.5738190412521362,0.4053514003753662,-0.1613650470972061,0.9206871390342712,0.5669796466827393,0.4162202477455139,0.0916656255722045,0.3002711534500122,0.55865478515625,0.4368928372859955,-0.0750275030732154,0.9986483454704284,0.5535768866539001,0.4340056478977203,0.0750094354152679,0.9972943663597108,0.5673889517784119,0.2839917242527008,-0.0657521933317184,0.8375887870788574,0.5563226938247681,0.2851070165634155,0.0763158127665519,0.3999145030975342,0.5610544681549072,0.1113092899322509,-0.0291704311966896,0.8538504242897034,0.5535727143287659,0.1239230409264564,0.1164852082729339,0.4615736901760101,0.5525367259979248,0.0916989967226982,-0.0277115628123283,0.8179710507392883,0.5442187786102295,0.1025845557451248,0.1179670989513397,0.5041139125823975,0.5829888582229614,0.0916638970375061,-0.0807236060500145,0.8656502366065979,0.5777141451835632,0.1019016802310943,0.0702474042773246,0.5621334910392761,hoyeon_stand_normal_01,8.062258,8.0,9.486833,12.529964,13.892444,16.124515,17.492856,17.492856,17.0,15.652476,14.317821,13.0,11.18034,9.433981,7.81025,5.830952,6.0,8.062258,12.041595,16.278821,20.518285,24.083189,27.202941,28.301943,27.730849,25.632011,11.661904,12.529964,13.892444,13.892444,14.317821,13.416408,12.529964,11.661904,10.0,8.602325,7.81025,7.211103,6.324555,6.082763,7.071068,8.246211,8.544004,10.29563,11.661904,13.038405,15.264338,16.643317,16.643317,16.124515,15.264338,13.038405,12.369317,10.049876,9.055385,8.944272,9.219544,10.0,12.083046,13.928388,15.811388,17.720045,18.681542,20.248457,20.248457,20.615528,21.470911,20.59126,18.867962,16.643317,13.038405,9.848858,7.0,6.403124,10.29563,13.928388,18.384776,21.023796,10.29563,12.806248,14.866069,15.620499,17.204651,16.124515,15.231546,12.649111,10.198039,8.062258,5.09902,2.0,1.0,3.605551,5.830952,7.211103,8.602325,10.816654,12.206556,13.601471,15.0,15.0,15.811388,15.811388,15.264338,14.764823,15.264338,14.764823,12.529964,10.77033,9.055385,9.055385,9.486833,10.77033,12.649111,13.928388,15.524175,17.262677,18.11077,19.0,19.104973,19.416488,18.973666,17.088007,14.317821,10.77033,7.28011,5.385165,7.615773,11.045361,15.0,19.0,9.433981,7.81025,5.385165,6.324555,9.219544,12.727922,16.278821,17.691806,19.849433,20.615528,20.0,18.601075,18.35756,17.0,14.317821,13.0,12.083046,10.29563,10.0,9.899495,10.0,12.529964,13.416408,15.231546,17.888544,17.0
hoyeon_stand_normal_01,1902,634,63.40346448087431,29.998360745314464,10,0.5744301080703735,0.6809909343719482,-0.0307651460170745,0.9998757243156432,0.5702685117721558,0.6928726434707642,-0.0467423871159553,0.9998286366462708,0.5690994262695312,0.6934435963630676,-0.0467556081712245,0.9998195767402648,0.5678549408912659,0.6942512392997742,-0.0467635951936244,0.9998480677604676,0.5706230998039246,0.6929059624671936,-0.0198718383908271,0.9998008608818054,0.569724977016449,0.6934774518013,-0.0198444407433271,0.9997709393501282,0.5687066316604614,0.6943278312683105,-0.0198567826300859,0.9997971653938292,0.5587702393531799,0.690960168838501,-0.088700883090496,0.9997156858444214,0.5593327879905701,0.6911649107933044,0.0299047194421291,0.9996684193611144,0.5691391229629517,0.6709346771240234,-0.0438985452055931,0.9998627305030824,0.5696094036102295,0.6704154014587402,-0.0096639329567551,0.999825656414032,0.5471203923225403,0.6301710605621338,-0.159000888466835,0.999924898147583,0.5426288843154907,0.6217656135559082,0.1120960712432861,0.9996628761291504,0.5553978085517883,0.5278427600860596,-0.191112220287323,0.935101330280304,0.5544885993003845,0.5206285715103149,0.1393530815839767,0.2598747313022613,0.5684553980827332,0.4319185316562652,-0.1763121038675308,0.9450258016586304,0.5670775771141052,0.4392913281917572,0.101016990840435,0.2885578870773315,0.5693606734275818,0.3980199992656708,-0.2024430632591247,0.9352723956108092,0.5693790316581726,0.4072377383708954,0.1055327355861663,0.2844400703907013,0.5742148160934448,0.3962866961956024,-0.1975508779287338,0.9359004497528076,0.5712055563926697,0.4049901366233825,0.0812235549092292,0.2886896729469299,0.5743430852890015,0.4053618311882019,-0.1730844974517822,0.9268292188644408,0.5694158673286438,0.4162295460700989,0.0895942971110344,0.2871973514556885,0.5572680234909058,0.4368468225002289,-0.077463150024414,0.9986095428466796,0.5539241433143616,0.4338365495204925,0.0774556472897529,0.9971909523010254,0.5649070143699646,0.2835163176059723,-0.065881423652172,0.8441359996795654,0.5564797520637512,0.2826249599456787,0.081955499947071,0.3899811208248138,0.5603677034378052,0.1116351261734962,-0.0286773815751075,0.8599753379821777,0.5535367727279663,0.1253591179847717,0.1258105337619781,0.4540723860263824,0.550831139087677,0.0917923301458358,-0.0273551866412162,0.8277513980865479,0.5438762903213501,0.1041648313403129,0.1276402622461319,0.5029051899909973,0.5831587910652161,0.0911683365702629,-0.0820723250508308,0.8698247075080872,0.5776083469390869,0.1018078103661537,0.0793228670954704,0.5591236352920532,hoyeon_stand_normal_01,23.021729,23.430749,21.213203,18.439089,15.811388,12.206556,8.602325,5.0,4.0,5.0,7.071068,9.219544,12.041595,14.21267,16.278821,17.691806,19.849433,20.0,20.248457,18.35756,15.652476,13.0,8.602325,5.830952,7.071068,11.18034,8.944272,8.062258,7.81025,7.81025,8.944272,9.848858,10.77033,11.7047,12.649111,12.649111,12.649111,11.7047,11.7047,10.77033,10.440307,9.486833,9.219544,8.062258,8.0,7.071068,6.708204,8.485281,10.816654,13.892444,16.552945,19.235384,15.264338,16.643317,17.204651,16.401219,15.620499,15.0,13.453624,11.313708,9.899495,7.81025,6.403124,4.123106,3.162278,4.242641,7.28011,10.198039,13.341664,15.524175,18.681542,19.924859,21.18962,21.540659,21.023796,19.723083,16.643317,13.601471,6.403124,5.0,3.605551,1.414214,1.0,3.0,6.082763,7.0,9.055385,10.049876,10.198039,10.198039,9.219544,9.486833,8.246211,7.28011,6.082763,5.0,4.123106,3.605551,4.472136,5.0,7.071068,9.486833,10.77033,13.416408,16.124515,14.317821,12.529964,10.816654,9.219544,8.602325,8.944272,10.440307,11.401754,13.341664,14.866069,16.552945,17.492856,18.601075,18.439089,18.384776,19.209373,17.204651,15.0,12.206556,8.485281,5.385165,5.385165,9.899495,13.601471,16.643317,10.198039,7.615773,5.656854,7.28011,10.049876,13.341664,16.492423,18.681542,19.416488,20.223748,20.099751,20.024984,18.027756,17.029386,15.033296,14.035669,12.041595,11.0,11.045361,10.440307,11.7047,13.416408,13.892444,16.124515,17.0,17.492856
hoyeon_stand_normal_01,1905,635,63.50346994535519,29.998360745314464,10,0.57370525598526,0.6812466979026794,-0.0328969694674015,0.9998734593391418,0.5694998502731323,0.6931290030479431,-0.0489808842539787,0.9998322129249572,0.5683198571205139,0.6936482787132263,-0.0489959083497524,0.999825954437256,0.5670648813247681,0.694392204284668,-0.0490055531263351,0.9998537302017212,0.5698586106300354,0.6931577920913696,-0.0220018979161977,0.9997984170913696,0.5689672827720642,0.6936841011047363,-0.0219749733805656,0.999766767024994,0.5679425597190857,0.6944754123687744,-0.0219891685992479,0.999793827533722,0.5578684210777283,0.6910192966461182,-0.0908813402056694,0.9997351765632628,0.5585930943489075,0.6912950277328491,0.0280546378344297,0.99965900182724,0.5683705806732178,0.6710545420646667,-0.0462579764425754,0.9998639822006226,0.5688498020172119,0.6704616546630859,-0.011721720919013,0.9998210668563844,0.54619961977005,0.6300325393676758,-0.1611381471157074,0.9999319314956664,0.5422316193580627,0.6218367218971252,0.110872745513916,0.999658465385437,0.5551419854164124,0.5277195572853088,-0.1918527483940124,0.9414123296737672,0.5548151731491089,0.520415186882019,0.1386587619781494,0.24591925740242,0.5689636468887329,0.4319883584976196,-0.1741461455821991,0.9500595927238464,0.5680450201034546,0.4397598206996918,0.0996887162327766,0.2748490273952484,0.5701808333396912,0.3980256021022796,-0.2000388503074646,0.9405983686447144,0.5710748434066772,0.4075018167495727,0.103814385831356,0.2717550992965698,0.5748847723007202,0.3963070809841156,-0.1954116821289062,0.9410908818244934,0.5726060271263123,0.4055191278457641,0.0797554478049278,0.276073157787323,0.5748891830444336,0.4054533839225769,-0.1709812581539154,0.9319810271263124,0.570327877998352,0.4167835414409637,0.0883706882596015,0.2747020125389099,0.556358277797699,0.4366533756256103,-0.0782756060361862,0.998556911945343,0.5542507767677307,0.4336742460727691,0.0782743766903877,0.9970645904541016,0.5638172030448914,0.2833881378173828,-0.066240020096302,0.848203182220459,0.5565803050994873,0.2815302312374115,0.0837479829788208,0.3785381913185119,0.5601584911346436,0.1119525730609893,-0.0283569078892469,0.8634214997291565,0.5536253452301025,0.1277187466621399,0.1286268085241317,0.4432903826236725,0.5504826903343201,0.0919561684131622,-0.027170967310667,0.8354465365409851,0.5439274907112122,0.1064719408750534,0.1305692642927169,0.499298095703125,0.5833827257156372,0.0911597535014152,-0.0822882354259491,0.8715353608131409,0.5777259469032288,0.1027741432189941,0.0824471339583396,0.5520823001861572,hoyeon_stand_normal_01,24.839485,24.041631,23.430749,20.0,16.643317,11.661904,7.81025,5.0,4.123106,5.656854,8.602325,11.401754,13.601471,15.620499,18.439089,20.518285,21.260292,22.803509,22.472205,20.59126,17.888544,14.764823,10.0,6.708204,8.246211,12.529964,10.049876,9.055385,7.28011,7.211103,7.81025,9.433981,10.29563,12.083046,12.529964,13.416408,13.416408,12.529964,12.529964,11.661904,10.816654,10.29563,8.944272,7.615773,7.28011,6.0,6.708204,8.485281,11.661904,14.764823,19.235384,21.954498,12.5827625,10.9513695,9.2155525,8.1477655,8.0798885,9.055385,10.5476185,12.8554905,15.0421975,16.2872215,18.354649,19.3102745,20.5122205,21.488104,21.2998405,20.6593855,19.5649785,16.515610000000002,13.5,9.055385,5.6080585,5.5413815,9.0154185,13.8671145,17.894147,20.8326355,10.877288,13.8297425,15.495292,16.878798,17.719544499999998,17.4482285,16.010859,13.9379145,11.531829,8.377261,5.1925825,2.828427,1.2071070000000002,2.699173,5.733964,7.671184,9.63471,11.7836395,12.9953875,15.081564,16.0451045,17.012866000000002,17.491360999999998,17.418644,16.7477345,15.066373,16.492423,15.524175,13.601471,10.77033,10.0,9.899495,10.0,11.661904,13.038405,13.601471,16.401219,17.029386,17.691806,19.209373,19.723083,20.124612,18.384776,18.027756,15.811388,12.649111,9.848858,7.071068,8.062258,10.440307,13.928388,16.552945,9.055385,6.324555,6.403124,7.071068,10.0,13.152946,15.297059,18.248288,19.104973,19.026298,20.0,19.026298,17.029386,16.124515,15.132746,13.152946,12.165525,11.045361,11.045361,11.18034,12.369317,13.928388,14.866069,16.155494,18.027756,18.027756
hoyeon_stand_normal_01,1908,636,63.60347540983607,29.998360745314464,10,0.5729929804801941,0.6813309192657471,-0.0326050519943237,0.9998729228973388,0.5686911940574646,0.6932876110076904,-0.0478386022150516,0.9998366832733154,0.5674944519996643,0.6937767267227173,-0.0478548482060432,0.9998327493667604,0.5662303566932678,0.6944697499275208,-0.0478640794754028,0.999859631061554,0.5690543055534363,0.6933053731918335,-0.0217645578086376,0.9997984170913696,0.5681560635566711,0.6938015818595886,-0.0217373389750719,0.9997652769088744,0.5671160817146301,0.6945415735244751,-0.0217488370835781,0.9997923374176024,0.5570479035377502,0.6909911036491394,-0.0877309292554855,0.9997536540031432,0.5578649044036865,0.6912969350814819,0.0281736142933368,0.9996543526649476,0.5676536560058594,0.6710330247879028,-0.0449515655636787,0.9998659491539,0.5681342482566833,0.6704209446907043,-0.0115062715485692,0.9998180866241456,0.545864462852478,0.6299145221710205,-0.1571422070264816,0.9999382495880128,0.5408647060394287,0.6217635869979858,0.1102429181337356,0.999649465084076,0.5551335215568542,0.5276592969894409,-0.1868179738521576,0.9470834732055664,0.5545071363449097,0.5202539563179016,0.1379128992557525,0.2320484071969986,0.568981409072876,0.4317018985748291,-0.169011577963829,0.9545765519142152,0.5680927038192749,0.4404642879962921,0.0996039435267448,0.2599638998508453,0.5702301263809204,0.3978884518146515,-0.1940861493349075,0.94536554813385,0.5712118148803711,0.4083056449890136,0.103959746658802,0.2579228281974792,0.5748233795166016,0.39614999294281,-0.1898531764745712,0.9457275867462158,0.5725826621055603,0.4064288437366485,0.0800068154931068,0.2622177600860595,0.5748519897460938,0.4053144454956054,-0.1660303473472595,0.9366005659103394,0.570408046245575,0.4178234934806824,0.0882780477404594,0.2611129581928253,0.5559509992599487,0.4364828169345855,-0.0774341076612472,0.9984918236732484,0.5539195537567139,0.4336067736148834,0.0774263590574264,0.9969273805618286,0.5637072920799255,0.2829807996749878,-0.0659365728497505,0.851860523223877,0.5567032098770142,0.2796921730041504,0.0810204222798347,0.3697005212306976,0.5599890351295471,0.1121552065014839,-0.0281393229961395,0.8657007813453674,0.5536025762557983,0.1277967244386673,0.1245536878705024,0.4337409138679504,0.5504494309425354,0.0917602926492691,-0.0270425863564014,0.8416624665260315,0.5438965559005737,0.1063157990574836,0.1262882798910141,0.4953506886959076,0.5835686922073364,0.0911246091127395,-0.0822655707597732,0.8719812035560608,0.5776499509811401,0.1028057560324668,0.0777965933084487,0.5436760187149048,hoyeon_stand_normal_01,7.211103,7.071068,9.219544,12.529964,14.764823,16.124515,17.0,17.0,16.552945,15.231546,14.317821,13.0,11.18034,8.944272,7.211103,5.0,3.162278,6.403124,10.0,14.422205,18.601075,22.203603,24.207437,25.455844,25.612497,23.600847,11.401754,13.341664,14.142136,14.142136,14.035669,14.035669,12.041595,11.045361,9.219544,7.615773,6.403124,6.403124,5.385165,6.082763,7.0,9.219544,10.440307,11.7047,13.928388,15.231546,16.155494,17.464249,17.088007,15.811388,14.866069,13.0,17.262677,17.464249,17.720045,18.027756,17.088007,17.088007,15.652476,13.416408,11.661904,8.602325,7.071068,5.385165,4.123106,5.656854,8.944272,13.0,16.155494,19.313208,22.847319,25.079872,26.400758,27.294688,26.41969,24.413111,21.400935,17.029386,9.055385,8.246211,6.324555,3.162278,1.0,2.236068,5.0,7.81025,9.219544,10.816654,11.661904,11.661904,11.18034,11.18034,9.848858,8.944272,7.615773,6.708204,5.0,2.236068,2.236068,3.162278,6.082763,9.0,11.0,13.038405,15.652476,13.416408,12.529964,10.630146,8.485281,9.433981,9.848858,11.401754,12.369317,13.601471,14.866069,16.124515,17.492856,17.804494,18.439089,18.439089,18.601075,16.643317,14.422205,11.401754,8.485281,5.385165,7.615773,10.630146,14.866069,17.691806,9.055385,6.324555,4.242641,6.082763,9.055385,11.401754,15.524175,17.464249,18.439089,19.104973,19.104973,18.027756,17.029386,15.033296,14.035669,12.041595,11.0,10.0,9.055385,9.486833,10.77033,12.529964,13.892444,15.264338,17.0,17.0
hoyeon_stand_normal_01,1911,637,63.70348087431694,29.998360745314464,10,0.572371780872345,0.6812952160835266,-0.0276496578007936,0.999872088432312,0.5681523680686951,0.6932732462882996,-0.0433100350201129,0.9998403787612916,0.5669347643852234,0.693760871887207,-0.0433303192257881,0.9998385310173036,0.5656852722167969,0.6944393515586853,-0.0433404669165611,0.9998645186424256,0.5685871243476868,0.6932786107063293,-0.017076950520277,0.9997979402542114,0.5677168369293213,0.6937695741653442,-0.0170497484505176,0.9997630715370178,0.5667198896408081,0.6944946646690369,-0.0170659907162189,0.9997902512550354,0.5564813017845154,0.6909434795379639,-0.0863857045769691,0.9997698664665222,0.5575066804885864,0.6912581920623779,0.0312238503247499,0.99964839220047,0.5670379996299744,0.6710221767425537,-0.0408103018999099,0.9998668432235718,0.5675894021987915,0.6703160405158997,-0.0071434751152992,0.999813973903656,0.5455731749534607,0.629856288433075,-0.153808519244194,0.9999439120292664,0.5401901602745056,0.6216561198234558,0.111576035618782,0.9996387958526612,0.5550108551979065,0.5275650024414062,-0.1832375526428222,0.952174186706543,0.5537427663803101,0.5202201008796692,0.1394826620817184,0.2194560915231704,0.568667471408844,0.4316995739936828,-0.1669912785291671,0.9586306810379028,0.5680530071258545,0.4402254521846771,0.1027084067463874,0.2464610487222671,0.5698011517524719,0.3979220688343048,-0.1920050829648971,0.949647843837738,0.5711987018585205,0.4081372022628784,0.1078143417835235,0.2454181164503097,0.574406087398529,0.396156907081604,-0.1885045021772384,0.9498850107192992,0.5721280574798584,0.4063134491443634,0.0838660076260566,0.2496680319309234,0.5744848251342773,0.4053313434123993,-0.1642412692308426,0.9407507181167604,0.57033371925354,0.4177312850952148,0.0913681462407112,0.248916894197464,0.5553688406944275,0.4363425076007843,-0.0768342837691307,0.9984250664711,0.5538817048072815,0.4335574805736542,0.0768229886889457,0.9967635273933412,0.5635231733322144,0.2830921411514282,-0.0657873004674911,0.8537818789482117,0.5567846894264221,0.2788611054420471,0.0797954648733139,0.3582990765571594,0.5598992705345154,0.1126289516687393,-0.0282279793173074,0.8656762838363647,0.5543595552444458,0.1283340752124786,0.1236039623618125,0.4201810657978058,0.5503996014595032,0.0918366461992263,-0.0270175319164991,0.8458213806152344,0.5447111129760742,0.1066615134477615,0.1253480315208435,0.4880155324935913,0.583659291267395,0.0924493670463562,-0.082471378147602,0.8704212307929993,0.5795996785163879,0.1053601950407028,0.0770548284053802,0.5307678580284119,hoyeon_stand_normal_01,6.708204,6.0,8.062258,11.401754,13.453624,14.866069,16.278821,15.620499,15.0,14.21267,13.038405,12.206556,10.0,8.485281,6.403124,4.123106,4.472136,6.708204,12.083046,15.231546,19.313208,23.259407,25.553865,26.627054,26.248809,23.345235,11.7047,13.0,14.866069,15.811388,15.524175,14.56022,12.649111,11.401754,9.848858,8.062258,7.211103,7.211103,6.324555,7.0,7.0,8.246211,9.486833,10.77033,13.0,14.764823,16.124515,17.0,17.0,16.552945,14.764823,11.661904,10.440307,8.944272,7.81025,8.062258,8.062258,10.049876,11.7047,13.928388,15.652476,17.888544,19.235384,20.124612,21.023796,21.931712,21.540659,20.248457,18.973666,16.763055,13.601471,8.944272,6.403124,6.082763,10.0,13.453624,17.691806,21.260292,9.433981,12.206556,14.866069,16.278821,16.401219,16.643317,15.652476,13.928388,11.401754,9.055385,6.0,3.162278,1.0,2.236068,5.0,7.0,8.062258,10.049876,12.165525,13.341664,14.317821,15.297059,15.297059,15.132746,15.132746,14.0,13.152946,13.601471,14.56022,14.56022,13.601471,13.341664,13.152946,11.18034,10.049876,9.055385,7.071068,5.09902,4.472136,5.0,6.324555,8.062258,10.049876,13.0,16.03122,18.027756,20.099751,21.213203,21.377558,20.396078,18.439089,15.524175,13.928388,14.866069,16.155494,16.552945,16.552945,14.764823,13.416408,11.18034,8.544004,7.071068,5.09902,4.472136,5.0,6.708204,7.615773,8.544004,9.848858,10.77033,10.77033,12.083046,12.083046,12.083046,12.083046,11.401754,11.18034,11.0
hoyeon_stand_normal_01,1914,638,63.80348633879781,29.998360745314464,10,0.5714465379714966,0.681270182132721,-0.0198892932385206,0.999871790409088,0.5672935247421265,0.6932819485664368,-0.0350163765251636,0.9998441934585572,0.5661283135414124,0.6937726736068726,-0.0350414663553237,0.9998438954353333,0.564937949180603,0.6944391131401062,-0.0350489355623722,0.9998690485954284,0.5677053332328796,0.6932685375213623,-0.0094432486221194,0.9997984170913696,0.5668437480926514,0.6937528848648071,-0.0094149084761738,0.9997615814208984,0.5658639073371887,0.6944624781608582,-0.0094326129183173,0.9997887015342712,0.5559002757072449,0.690907895565033,-0.076232723891735,0.9997844099998474,0.5568695068359375,0.691221296787262,0.037496443837881,0.999643623828888,0.5663297772407532,0.6710097789764404,-0.0327533595263958,0.9998671412467957,0.5668458938598633,0.6702300906181335,5.770103962277062e-05,0.9998100996017456,0.5454210638999939,0.6299667954444885,-0.1493159234523773,0.9999489784240724,0.539176881313324,0.6215746402740479,0.115398958325386,0.9996285438537598,0.55494624376297,0.5276046991348267,-0.1829914152622223,0.9567453265190125,0.5523077845573425,0.5201118588447571,0.14141945540905,0.207094207406044,0.5684550404548645,0.4319539666175842,-0.1644437611103058,0.9622688293457032,0.5659958720207214,0.4400212168693542,0.1055540591478347,0.232762411236763,0.5695122480392456,0.3981264233589172,-0.1887702643871307,0.9534868001937866,0.5704897046089172,0.4079740643501282,0.1112382337450981,0.2328872233629226,0.5741539001464844,0.3962627053260803,-0.1831149607896804,0.9536054730415344,0.5708324313163757,0.4061548709869385,0.0872278362512588,0.2369775474071502,0.5742785334587097,0.4055020809173584,-0.1609514653682708,0.9444745182991028,0.5695868730545044,0.4175034165382385,0.0942146852612495,0.2365676760673523,0.555292010307312,0.436291366815567,-0.0764525756239891,0.9983771443367004,0.553459882736206,0.4336425065994262,0.0764414444565773,0.9966378808021544,0.563515305519104,0.2848442792892456,-0.0656508058309555,0.8536486029624939,0.5568664073944092,0.2830879986286163,0.0796938389539718,0.3468558192253113,0.5598189234733582,0.1138299480080604,-0.0287851355969905,0.86345374584198,0.5551266074180603,0.129210963845253,0.119793489575386,0.4055283069610595,0.550611674785614,0.0926976576447486,-0.0274186749011278,0.8497595191001892,0.5462071895599365,0.1071423143148422,0.1214731037616729,0.4804612994194031,0.5835123658180237,0.0937763676047325,-0.0821768715977668,0.867402970790863,0.5794165730476379,0.1068467944860458,0.0757132619619369,0.5157307982444763,hoyeon_stand_normal_01,7.28011,7.071068,8.602325,12.041595,14.866069,16.278821,16.278821,16.278821,15.556349,14.866069,14.142136,12.041595,10.630146,8.485281,6.403124,4.123106,3.605551,5.830952,10.440307,14.317821,17.720045,21.84033,24.351591,25.079872,25.059928,23.021729,10.816654,13.038405,13.038405,14.422205,13.892444,14.764823,12.083046,10.29563,9.433981,7.071068,5.830952,6.324555,6.0,6.082763,7.615773,9.433981,10.816654,12.041595,13.453624,14.866069,16.278821,17.691806,17.804494,16.401219,14.866069,12.041595,11.045361,10.198039,8.944272,7.81025,8.944272,10.198039,12.0,14.142136,15.297059,17.464249,18.439089,20.396078,21.377558,21.213203,21.213203,21.095023,19.026298,16.0,13.0,9.055385,5.0,5.09902,9.433981,13.601471,17.204651,20.248457,9.219544,11.661904,13.416408,15.231546,16.492423,16.124515,15.033296,13.038405,11.18034,8.246211,5.385165,2.828427,1.414214,3.0,5.09902,7.28011,9.486833,11.18034,12.529964,14.764823,15.264338,16.124515,17.0,15.652476,15.231546,14.866069,13.4745575,13.0657175,13.208204,12.298374,11.264982,10.651295,10.998497,10.8103235,11.0083985,10.586277,10.6622775,10.750761,10.6486785,10.9638,11.933981,13.209909,14.291407499999998,14.748579,14.6127235,14.509308999999998,13.853649,13.4039775,14.043621,15.365499,16.826238,16.67878,11.571068,11.551144,11.513878,12.1761555,13.5,14.5974555,15.1651775,15.150541,14.624144,13.544278,12.6622775,11.513878,11.0586215,10.831993,10.6944445,10.2157875,10.1178625,10.5476185,10.5226805,10.615108,11.7836395,12.407318,12.4868745,12.9330345,13.904208,13.495864
hoyeon_stand_normal_01,1917,639,63.90349180327869,29.998360745314464,10,0.5711315274238586,0.6812463998794556,-0.0179397854954004,0.999870240688324,0.567004382610321,0.6933049559593201,-0.0331898555159568,0.999846339225769,0.5658303499221802,0.693808376789093,-0.0332141369581222,0.999847650527954,0.5646486878395081,0.6944656372070312,-0.0332204364240169,0.9998721480369568,0.567415177822113,0.693263053894043,-0.0074636819772422,0.999796748161316,0.566551923751831,0.6937431693077087,-0.0074360352009534,0.999758005142212,0.5655792951583862,0.6944389939308167,-0.0074550947174429,0.9997856616973876,0.5556442141532898,0.6908937096595764,-0.0744731277227401,0.9997965693473816,0.5565536022186279,0.6911956071853638,0.0396556034684181,0.999637007713318,0.5660277605056763,0.6709811091423035,-0.0309206917881965,0.9998664259910583,0.5665702819824219,0.6701652407646179,0.0021017082035541,0.9998055696487428,0.5453140139579773,0.6301003098487854,-0.1490912139415741,0.9999535083770752,0.5389066934585571,0.6215217709541321,0.1175262853503227,0.9996229410171508,0.5548797845840454,0.5277321934700012,-0.1813558638095855,0.9608502388000488,0.5513344407081604,0.5200183391571045,0.1435384303331375,0.1969684064388275,0.5683029890060425,0.4320552349090576,-0.1637780517339706,0.9655032753944396,0.5649099349975586,0.4398585557937622,0.1068128272891044,0.2215440273284912,0.5693092942237854,0.3982207775115967,-0.1881088614463806,0.956870973110199,0.5700262188911438,0.4078494906425476,0.1124628037214279,0.2226021885871887,0.5740720629692078,0.3962797820568084,-0.1827688962221145,0.956883192062378,0.569972038269043,0.4060485959053039,0.0883755385875701,0.226619005203247,0.5742421746253967,0.4055808484554291,-0.1604000777006149,0.9476857781410216,0.5690291523933411,0.4173330962657928,0.0954232588410377,0.2264825403690338,0.555148184299469,0.4358210265636444,-0.0766154676675796,0.9983503222465516,0.5534234642982483,0.4333700537681579,0.0765978619456291,0.9965633153915404,0.5633422136306763,0.2847316265106201,-0.0660291165113449,0.8567679524421692,0.5568903684616089,0.2805139720439911,0.0790927484631538,0.3395577371120453,0.5597914457321167,0.1139025688171386,-0.0292630475014448,0.8654828071594238,0.5555627346038818,0.1291859000921249,0.1194754019379615,0.3969588875770569,0.5505908727645874,0.0927923843264579,-0.0277652759104967,0.8553242087364197,0.546573281288147,0.1070523485541343,0.1211385428905487,0.4776791334152221,0.5834906101226807,0.0937533378601074,-0.0821127519011497,0.8684170246124268,0.5793951749801636,0.1067092567682266,0.0748078376054763,0.5079855918884277,hoyeon_stand_normal_01,6.708204,5.830952,9.055385,12.041595,14.035669,16.03122,16.03122,17.029386,16.03122,15.0,14.0,12.0,11.0,9.055385,6.324555,5.0,5.09902,8.246211,12.083046,15.652476,20.124612,24.166092,26.570661,27.892651,28.442925,26.172505,12.369317,14.317821,14.56022,15.811388,16.155494,15.231546,13.928388,12.649111,10.440307,9.219544,7.0,7.071068,5.830952,6.403124,7.211103,7.615773,9.486833,11.18034,12.165525,14.142136,16.124515,17.117243,17.117243,16.278821,15.132746,12.041595,10.630146,9.433981,7.28011,6.082763,7.211103,8.602325,11.18034,13.601471,14.56022,16.492423,18.681542,19.924859,19.924859,21.18962,20.615528,19.697716,17.888544,15.652476,12.083046,8.246211,4.472136,7.28011,11.045361,15.132746,19.104973,22.022716,10.198039,13.152946,15.0,17.117243,17.464249,16.763055,16.155494,13.892444,11.661904,8.602325,5.656854,2.828427,2.236068,5.0,7.211103,8.944272,11.18034,13.416408,14.317821,15.652476,16.552945,17.0,17.0,16.124515,14.422205,14.450869,14.764823,13.892444,12.206556,10.0,9.219544,8.944272,8.544004,10.440307,11.401754,12.369317,13.601471,15.231546,15.652476,16.643317,17.691806,17.691806,17.029386,15.811388,13.892444,10.816654,7.071068,5.09902,6.708204,9.899495,14.21267,17.029386,10.049876,7.28011,5.0,5.09902,8.246211,10.77033,13.928388,16.763055,17.720045,18.681542,18.439089,18.11077,16.124515,16.03122,14.0,13.038405,11.045361,10.0,9.055385,9.219544,9.848858,11.661904,13.038405,15.0,15.811388,16.643317
hoyeon_stand_normal_01,1920,640,64.00349726775956,29.998360745314464,10,0.5709253549575806,0.6812254190444946,-0.019023748114705,0.9998689293861388,0.5668469071388245,0.6933484673500061,-0.033700842410326,0.999848246574402,0.5656548738479614,0.6938586831092834,-0.0337276980280876,0.9998510479927064,0.5644661784172058,0.6945009231567383,-0.0337375029921531,0.9998749494552612,0.5672743916511536,0.6932809352874756,-0.0085907066240906,0.9997952580451964,0.5664170980453491,0.6937544941902161,-0.0085625173524022,0.999755322933197,0.5654550194740295,0.6944311261177063,-0.0085780220106244,0.9997833967208862,0.5554608106613159,0.6908806562423706,-0.0764887705445289,0.9998072981834412,0.5563823580741882,0.6911753416061401,0.0390888042747974,0.9996320605278016,0.5658156275749207,0.6709694862365723,-0.0310450624674558,0.9998659491539,0.5663886666297913,0.6700647473335266,0.0011896842624992,0.99980229139328,0.5452463626861572,0.6300885081291199,-0.150212749838829,0.99995756149292,0.5390104651451111,0.6214830875396729,0.1162962093949318,0.9996199011802672,0.5548445582389832,0.5276978015899658,-0.1824620366096496,0.9645373225212096,0.5511212944984436,0.5199940204620361,0.1424150019884109,0.1887375712394714,0.5682137608528137,0.4311434626579284,-0.1656124144792556,0.9684049487113952,0.5643292665481567,0.4395880103111267,0.10552279651165,0.2121980190277099,0.5691677331924438,0.3977334499359131,-0.1902538836002349,0.95989191532135,0.5696322917938232,0.4073293805122375,0.1110936626791954,0.2138732671737671,0.5739628672599792,0.3955205082893371,-0.1846044659614563,0.9598117470741272,0.5693331360816956,0.4051750600337982,0.0870031788945198,0.2178285419940948,0.5741075873374939,0.4048691391944885,-0.1622169911861419,0.950518012046814,0.5685920119285583,0.4166589379310608,0.0941778570413589,0.2179259061813354,0.5550209879875183,0.4347194731235504,-0.0767237469553947,0.9983181357383728,0.5529027581214905,0.4329050779342651,0.0767042711377143,0.9964936971664428,0.5629261136054993,0.2841794788837433,-0.0659442767500877,0.8604246973991394,0.5565837621688843,0.2810041010379791,0.0796029269695282,0.3343711495399475,0.5598229169845581,0.1139633804559707,-0.0288442447781562,0.868602991104126,0.5557090640068054,0.1292558759450912,0.1215413510799408,0.391554057598114,0.5507352352142334,0.0931132286787033,-0.0271596480160951,0.8612568378448486,0.5466811060905457,0.1070086732506752,0.1233681887388229,0.4765787422657013,0.583335280418396,0.0937154591083526,-0.0806055590510368,0.8703830242156982,0.5793447494506836,0.107641153037548,0.0771636739373207,0.5036860108375549,hoyeon_stand_normal_01,24.738634,24.33105,22.090722,20.024984,16.0,12.041595,8.0,5.09902,3.605551,5.0,7.615773,9.848858,13.0,15.231546,17.088007,18.973666,21.587033,22.36068,22.090722,20.024984,18.0,14.0,10.049876,5.830952,7.28011,11.045361,9.219544,8.602325,8.062258,7.28011,7.0,8.246211,9.848858,11.7047,12.083046,13.0,13.0,13.0,12.649111,11.7047,10.77033,10.77033,8.944272,8.062258,7.211103,6.403124,6.324555,8.062258,10.77033,14.317821,17.888544,21.023796,18.11077,19.235384,19.416488,20.615528,18.681542,18.973666,16.155494,13.928388,12.083046,9.433981,7.211103,4.242641,2.0,4.123106,8.062258,11.0,16.0,20.0,23.0,26.019224,27.018512,28.071338,27.166155,25.317978,21.377558,17.464249,11.18034,9.486833,8.246211,6.0,3.605551,2.0,4.242641,6.708204,8.544004,10.440307,11.18034,11.18034,11.045361,11.045361,10.049876,9.055385,7.071068,6.082763,4.123106,2.828427,2.0,3.605551,6.324555,9.219544,12.041595,14.035669,12.727922,12.806248,13.453624,14.21267,14.21267,13.453624,12.041595,10.630146,9.219544,8.602325,6.403124,5.656854,3.605551,4.0,5.385165,6.708204,9.433981,12.806248,15.0,18.027756,19.723083,20.59126,20.124612,20.124612,17.464249,14.317821,15.264338,16.124515,17.888544,17.888544,17.464249,17.464249,15.231546,13.0,10.77033,8.062258,7.071068,5.830952,6.082763,6.082763,7.28011,8.544004,9.486833,10.440307,11.401754,12.369317,12.369317,12.369317,12.369317,11.7047,12.083046,11.661904
hoyeon_stand_normal_01,1923,641,64.10350273224043,29.998360745314464,10,0.5706977844238281,0.6812217831611633,-0.0200218837708234,0.9998647570610046,0.5666228532791138,0.6934143900871277,-0.0348153486847877,0.9998466372489928,0.5654256939888,0.6939272880554199,-0.0348401889204978,0.9998513460159302,0.5642388463020325,0.694553017616272,-0.034849464893341,0.999875009059906,0.5670468211174011,0.6933290958404541,-0.0096010472625494,0.9997884035110474,0.5661877989768982,0.693797767162323,-0.0095737250521779,0.9997465014457704,0.5652267336845398,0.6944546103477478,-0.0095907859504222,0.999775767326355,0.5552903413772583,0.6908770799636841,-0.0768486335873603,0.9998144507408142,0.5561639070510864,0.691179633140564,0.0380067117512226,0.9996178150177002,0.5656144022941589,0.6709457635879517,-0.0321282446384429,0.9998616576194764,0.5661939978599548,0.6700395345687866,0.000172653235495,0.9997938871383668,0.545238733291626,0.630085825920105,-0.1505534499883651,0.9999611377716064,0.5390197038650513,0.6215599775314331,0.115594670176506,0.9996123313903807,0.5546451210975647,0.5280272960662842,-0.1833355873823166,0.96783047914505,0.5508195757865906,0.5200976133346558,0.1419756859540939,0.1811271905899047,0.567905604839325,0.4310549199581146,-0.1665504276752472,0.9709322452545166,0.5638905167579651,0.4403603672981262,0.1055532321333885,0.202875941991806,0.5690321326255798,0.3977268636226654,-0.1912526339292526,0.9624577164649964,0.5694285035133362,0.408047616481781,0.1116056516766548,0.2051583975553512,0.573258101940155,0.3954476118087768,-0.185536190867424,0.962288498878479,0.5687463879585266,0.4055447578430176,0.0876011177897453,0.2090823352336883,0.5733577609062195,0.4048361182212829,-0.1631942689418792,0.952799379825592,0.5679605007171631,0.4170154929161072,0.0942901447415351,0.209377571940422,0.5544687509536743,0.4337638318538666,-0.077469103038311,0.9982853531837464,0.5524985790252686,0.4326613545417785,0.07744662463665,0.9964335560798644,0.5623841881752014,0.2841325104236603,-0.0663307458162307,0.8655138611793518,0.5564802289009094,0.2793673276901245,0.0798782035708427,0.3332191705703735,0.5597725510597229,0.1141578778624534,-0.0289163384586572,0.873832106590271,0.5559387803077698,0.1294282674789428,0.1222059726715087,0.3919152319431305,0.550703227519989,0.0932725444436073,-0.0272437203675508,0.8679719567298889,0.5468060374259949,0.1070436760783195,0.1240151450037956,0.4789241254329681,0.5833961367607117,0.0936381444334983,-0.0807268097996711,0.874640703201294,0.5805388689041138,0.1074167415499687,0.0777765363454818,0.5055065751075745,hoyeon_stand_normal_01,24.244636,24.0607435,22.9489425,19.992793,16.5596135,11.847236,8.640901,5.6925825,4.736068,6.3954835,8.3951075,10.975335,13.5178345,15.678030499999998,18.138022,20.1604685,21.7208205,22.8239105,22.337904,21.0594095,18.63157,15.342886,10.6891895,7.1055515,7.245606499999999,10.9310075,8.9109345,7.81025,6.403124,5.385165,6.5,7.671184,9.353188500000002,11.086042,11.5698235,12.523182,12.428823,11.9351125,11.4679275,10.742834,10.266097,9.3710215,8.3951075,7.4772075,6.555664,5.328427,6.354102,8.167747499999999,11.168612499999998,15.0084795,18.7963035,22.24632,14.317821,15.652476,16.124515,16.124515,15.264338,13.601471,12.806248,10.630146,9.219544,7.81025,5.830952,4.0,3.605551,5.385165,8.062258,11.0,14.0,17.0,20.0,22.022716,23.021729,23.086793,22.090722,20.223748,18.248288,14.317821,8.944272,7.211103,5.656854,3.605551,1.0,1.0,3.605551,5.656854,7.211103,8.602325,9.433981,9.848858,9.848858,9.848858,8.544004,7.615773,6.324555,5.385165,4.123106,2.236068,3.0,5.09902,7.28011,9.486833,11.7047,12.540515,11.7047,12.369317,13.341664,13.341664,13.341664,12.649111,11.401754,9.848858,8.944272,7.615773,5.830952,4.123106,4.0,3.605551,5.656854,7.211103,10.816654,12.529964,15.264338,18.027756,19.416488,21.400935,21.260292,19.849433,18.384776,14.866069,13.453624,15.556349,16.970563,17.029386,17.029386,16.401219,14.21267,12.806248,9.899495,7.81025,5.830952,4.123106,4.123106,5.385165,6.403124,7.81025,7.81025,10.0,10.0,10.816654,10.816654,11.401754,11.401754,10.630146,10.630146,10.816654
hoyeon_stand_normal_01,1926,642,64.20350819672132,29.998360745314464,10,0.5704625844955444,0.6812245845794678,-0.0209535304456949,0.9998594522476196,0.566390335559845,0.6934750080108643,-0.0365948118269443,0.9998436570167542,0.5651951432228088,0.6939869523048401,-0.0366141572594642,0.999850332736969,0.5640122294425964,0.6945974826812744,-0.0366185382008552,0.9998739361763,0.5668112635612488,0.6933770775794983,-0.010591902770102,0.999779999256134,0.5659534335136414,0.6938402056694031,-0.010566784068942,0.9997362494468688,0.5649937391281128,0.6944789886474609,-0.010590061545372,0.9997671246528624,0.5551000833511353,0.6908766031265259,-0.079825758934021,0.9998199343681335,0.5559391379356384,0.6911847591400146,0.0371784195303916,0.9996020793914796,0.5653963685035706,0.6709207892417908,-0.033927071839571,0.9998570084571838,0.5659759044647217,0.6700217127799988,-0.0005682210321538,0.9997852444648744,0.5451162457466125,0.6300672292709351,-0.1531355530023574,0.9999644160270692,0.5387754440307617,0.6215804219245911,0.1150368750095367,0.9996095299720764,0.5542868375778198,0.5280178785324097,-0.1856827586889267,0.9707817435264589,0.5503627061843872,0.5200462937355042,0.1416590362787246,0.1745313555002212,0.5676886439323425,0.4309423267841339,-0.1680727303028106,0.973157286643982,0.5633449554443359,0.4402414560317993,0.1050613671541214,0.1951931416988372,0.5688830018043518,0.397666335105896,-0.1929226815700531,0.9646783471107484,0.5690654516220093,0.4080730080604553,0.1109964996576309,0.1980180591344833,0.5727778673171997,0.3953880965709686,-0.1873418539762497,0.9644283056259156,0.5681974291801453,0.4055460393428802,0.0869277864694595,0.2019570767879486,0.5729072093963623,0.4048230350017547,-0.1647877544164657,0.954694390296936,0.5674507021903992,0.4169704020023346,0.0937841162085533,0.2024065256118774,0.5539331436157227,0.432872325181961,-0.0789001658558845,0.9982759356498718,0.5520765781402588,0.4321622252464294,0.0788784250617027,0.99640554189682,0.5621864199638367,0.2838949859142303,-0.0672156661748886,0.8707518577575684,0.5565263032913208,0.2805733978748321,0.0821707174181938,0.3317443132400512,0.5597131848335266,0.1142071187496185,-0.0296019595116376,0.8794559836387634,0.5560888648033142,0.1297704875469207,0.1258430778980255,0.3932267725467682,0.550362229347229,0.0933170169591903,-0.027992682531476,0.8742426037788391,0.5467888116836548,0.1070651561021804,0.1277370005846023,0.4820644855499267,0.58372962474823,0.0934760943055152,-0.082333467900753,0.8794074654579163,0.5816415548324585,0.1073080971837043,0.0818729922175407,0.5094156265258789,hoyeon_stand_normal_01,22.803509,23.345235,21.095023,19.026298,15.0,11.0,8.062258,4.472136,3.162278,5.09902,8.062258,10.29563,13.038405,15.264338,17.492856,19.235384,21.023796,21.540659,21.18962,20.615528,17.464249,14.317821,10.440307,6.403124,6.0,9.486833,8.246211,7.28011,6.708204,4.242641,5.385165,7.0,8.062258,10.049876,11.18034,11.045361,12.041595,12.041595,11.0,10.0,9.0,9.055385,8.062258,7.071068,5.385165,4.242641,4.123106,6.324555,9.848858,13.416408,16.552945,20.615528,14.035669,15.0,15.033296,15.132746,15.132746,14.317821,12.369317,10.440307,9.848858,6.708204,5.0,3.605551,3.162278,5.0,7.615773,10.440307,14.317821,17.464249,19.646883,21.587033,22.803509,23.086793,22.135944,20.615528,18.384776,14.317821,8.544004,7.28011,6.0,4.123106,1.414214,1.414214,4.123106,6.082763,8.0,9.0,10.049876,10.049876,10.198039,9.219544,9.219544,8.246211,7.071068,6.082763,4.123106,3.0,1.0,1.414214,4.123106,6.324555,8.246211,11.045361,16.401219,14.21267,12.206556,11.18034,9.486833,9.055385,10.0,11.18034,13.152946,14.142136,15.033296,16.0,17.117243,18.439089,19.646883,19.313208,19.235384,17.0,15.264338,12.083046,8.544004,6.082763,7.071068,11.18034,14.866069,18.027756,8.944272,6.403124,4.472136,5.385165,8.602325,12.041595,14.866069,17.029386,19.209373,19.416488,18.867962,19.235384,16.552945,15.811388,13.928388,13.0,11.18034,11.18034,9.433981,10.630146,10.630146,12.206556,14.422205,15.811388,16.401219,17.204651
hoyeon_stand_normal_01,1929,643,64.30351366120219,29.998360745314464,10,0.5701984167098999,0.6812562942504883,-0.0213089175522327,0.9998566508293152,0.5661815404891968,0.6935538649559021,-0.0368958264589309,0.9998428225517272,0.5650050640106201,0.6940621137619019,-0.036914899945259,0.9998509883880616,0.5638388395309448,0.6946579813957214,-0.0369194112718105,0.999874234199524,0.5665647983551025,0.6934456825256348,-0.010927234776318,0.9997757077217102,0.565701425075531,0.6939007043838501,-0.0109022092074155,0.9997310042381288,0.564738392829895,0.6945209503173828,-0.0109250526875257,0.999763011932373,0.5549758672714233,0.6908895969390869,-0.0798895433545112,0.9998261332511902,0.5557238459587097,0.6911964416503906,0.0368242301046848,0.9995948076248168,0.5651771426200867,0.6709098219871521,-0.0342416651546955,0.9998540878295898,0.5657266974449158,0.6699941754341125,-0.0009336512885056,0.9997799396514891,0.5450059175491333,0.630094587802887,-0.1529004424810409,0.9999673366546632,0.5382643938064575,0.6216185092926025,0.1155465021729469,0.999608874320984,0.5539548397064209,0.5281729698181152,-0.1857823878526687,0.9734393358230592,0.5498766303062439,0.5200210213661194,0.1423483788967132,0.1686755120754242,0.5669095516204834,0.4310629665851593,-0.1686793118715286,0.9751323461532592,0.5628730654716492,0.4402089118957519,0.1052600368857383,0.1882588118314743,0.5681318640708923,0.3978786170482635,-0.1937158554792404,0.9666212201118468,0.5688708424568176,0.4080958366394043,0.11124087870121,0.1915396898984909,0.5717862248420715,0.3955676555633545,-0.1881245672702789,0.9662930965423584,0.5677708387374878,0.4056183099746704,0.0871009826660156,0.1955101937055587,0.5719751119613647,0.4050740301609039,-0.1654511541128158,0.9563059210777284,0.5670093297958374,0.4170110523700714,0.093957632780075,0.1961169093847274,0.5534449815750122,0.4322076141834259,-0.0798836722970008,0.9982701539993286,0.5513961315155029,0.4313011467456817,0.0798633620142936,0.9963970184326172,0.562187135219574,0.2835763394832611,-0.0683341026306152,0.8756691813468933,0.5563475489616394,0.2781340479850769,0.0829268395900726,0.3303166925907135,0.559686541557312,0.1139968857169151,-0.0307473745197057,0.8847497701644897,0.5560740828514099,0.1295878291130066,0.1261413395404815,0.3951443433761596,0.5501865744590759,0.093008317053318,-0.0291645620018243,0.8800989985466003,0.5466768145561218,0.1069134548306465,0.1279415935277938,0.4857132732868194,0.5838964581489563,0.0928486734628677,-0.083652451634407,0.8840296268463135,0.5817866921424866,0.1069402247667312,0.0818806216120719,0.5135402679443359,hoyeon_stand_normal_01,22.803509,22.472205,20.615528,17.888544,13.892444,10.816654,6.708204,4.0,2.828427,5.09902,8.0,10.0,13.0,15.0,17.029386,19.104973,20.223748,20.396078,20.615528,18.973666,17.088007,12.649111,9.219544,6.324555,7.211103,11.401754,9.055385,7.071068,6.082763,5.385165,5.656854,6.708204,8.544004,10.440307,11.401754,11.7047,11.7047,12.083046,10.77033,9.848858,9.848858,8.944272,7.615773,7.28011,5.09902,4.123106,5.0,6.324555,10.049876,13.038405,17.029386,20.223748,10.3679685,8.7147765,6.889636,6.1622775,6.889636,8.7147765,11.109204,13.072165,15.4260225,17.146329,18.7873705,20.1242285,21.067972,21.472298,21.7684395,20.770329500000003,19.5273085,16.542374,12.9849915,8.348968,4.0,4.611063,9.29694,13.779272,17.624144,20.6689075,8.543803,11.531829,14.596363,16.405694,17.8237265,16.875632500000002,16.6313385,14.587716,12.200877,9.9948165,6.841616999999999,4.495358,2.236068,2.9208095,4.785578,7.0413815,8.5588215,11.1128505,12.670832,14.1589105,15.2620875,16.1550205,16.1550205,16.201667999999998,15.083021,14.1589105,11.313708,12.041595,13.453624,13.453624,13.453624,12.727922,11.313708,10.630146,8.602325,7.211103,6.403124,4.242641,3.162278,4.123106,5.385165,7.81025,10.630146,14.21267,16.401219,19.416488,21.095023,21.095023,21.954498,20.59126,17.888544,15.652476,14.56022,16.492423,17.464249,18.248288,18.248288,17.117243,15.132746,12.041595,10.049876,7.28011,5.830952,5.0,5.09902,6.0,7.071068,8.062258,9.055385,10.049876,10.049876,11.045361,11.045361,11.045361,11.045361,10.440307,10.77033,10.29563
hoyeon_stand_normal_01,1932,644,64.40351912568306,29.998360745314464,10,0.5700217485427856,0.6812624931335449,-0.0209768116474151,0.999855101108551,0.5660597085952759,0.6936202645301819,-0.0367152914404869,0.9998432397842408,0.5648799538612366,0.6941378116607666,-0.0367340445518493,0.9998524785041808,0.5637151598930359,0.694735586643219,-0.0367376878857612,0.99987530708313,0.5664408802986145,0.6935001015663147,-0.0105706853792071,0.9997736215591432,0.5655735731124878,0.6939553618431091,-0.0105453683063387,0.99972802400589,0.5646105408668518,0.6945696473121643,-0.0105683663859963,0.9997608661651612,0.5548240542411804,0.6909375190734863,-0.0798781290650367,0.9998325109481812,0.5555412769317627,0.691216230392456,0.0371022708714008,0.999591588973999,0.5649725794792175,0.6708994507789612,-0.0341640524566173,0.9998527765274048,0.5655258297920227,0.669971227645874,-0.0006221259827725,0.9997768998146056,0.5446398854255676,0.6301198601722717,-0.152433156967163,0.9999699592590332,0.5377516150474548,0.6216142773628235,0.1158859655261039,0.9996088147163392,0.5537077784538269,0.5282687544822693,-0.1849814355373382,0.975832462310791,0.5497645139694214,0.5200177431106567,0.1429248601198196,0.1635356098413467,0.5664014220237732,0.4311637878417969,-0.1680953651666641,0.9768919348716736,0.562620222568512,0.4401777386665344,0.1056009232997894,0.1821847409009933,0.567540168762207,0.3980865478515625,-0.1930466145277023,0.96831613779068,0.5688099265098572,0.4081755876541137,0.1115085184574127,0.1858303546905517,0.5711914896965027,0.3957700729370117,-0.1875756084918975,0.9679136276245116,0.5675493478775024,0.4056805968284607,0.0873722806572914,0.1898154467344284,0.5715125203132629,0.4053309857845306,-0.1648853868246078,0.9576799273490906,0.5667673945426941,0.4170729219913482,0.0942892208695411,0.1905405074357986,0.5533997416496277,0.4316985011100769,-0.0796620920300483,0.9982514381408693,0.5512855648994446,0.4306530356407165,0.0796427801251411,0.9963710308074952,0.5622021555900574,0.2819283902645111,-0.0684780701994896,0.878568708896637,0.5562827587127686,0.2764412462711334,0.0823467001318931,0.3283369839191437,0.5596543550491333,0.1137197241187095,-0.0309086348861455,0.887851893901825,0.5560649633407593,0.1280697733163833,0.1252553462982177,0.3942093551158905,0.5500830411911011,0.0928170308470726,-0.0293624736368656,0.884519636631012,0.5466290712356567,0.1060490608215332,0.1270211786031723,0.4871499836444855,0.5838711261749268,0.0916959792375564,-0.0840079486370086,0.886604905128479,0.5816524624824524,0.1044582352042198,0.0806187018752098,0.5140963196754456,hoyeon_stand_normal_01,25.079872,25.317978,23.537205,19.924859,15.811388,12.649111,8.246211,5.09902,4.242641,6.082763,8.062258,11.18034,13.152946,16.278821,18.248288,20.099751,22.090722,23.0,22.022716,21.095023,18.248288,14.142136,10.0,5.385165,6.324555,10.0,8.062258,7.0,5.09902,3.605551,5.385165,7.28011,9.055385,11.045361,12.165525,13.152946,12.369317,12.369317,11.401754,11.18034,10.198039,9.219544,8.062258,7.0,6.082763,5.0,5.385165,9.055385,12.041595,16.03122,20.099751,22.022716,10.816654,8.485281,6.708204,5.0,6.403124,8.602325,9.848858,12.369317,14.317821,16.278821,18.248288,19.235384,20.396078,21.377558,20.396078,20.615528,18.439089,16.492423,12.369317,8.062258,3.605551,6.082763,9.848858,14.764823,19.235384,22.36068,9.486833,12.083046,14.422205,16.401219,16.970563,17.804494,16.643317,14.764823,12.083046,9.486833,6.082763,4.0,1.414214,2.236068,4.472136,7.28011,9.219544,11.18034,13.152946,14.317821,16.278821,16.492423,17.464249,16.763055,15.811388,15.231546,16.124515,13.892444,11.661904,9.848858,8.544004,8.062258,8.062258,10.198039,11.401754,12.369317,14.142136,15.033296,16.0,17.117243,18.439089,18.027756,17.464249,17.0,14.764823,11.661904,8.544004,6.0,6.403124,9.486833,13.341664,16.492423,10.0,7.615773,6.0,6.708204,8.485281,11.401754,14.422205,16.401219,18.601075,18.439089,19.104973,19.104973,16.401219,15.0,13.892444,13.038405,11.661904,10.816654,9.899495,9.219544,10.816654,12.529964,14.317821,15.231546,16.552945,17.0
hoyeon_stand_normal_01,1935,645,64.50352459016393,29.998360745314464,10,0.5697376132011414,0.6812634468078613,-0.0202523712068796,0.9998560547828674,0.5658361911773682,0.6936731338500977,-0.0360377095639705,0.9998457431793212,0.5646511912345886,0.6941965818405151,-0.0360552556812763,0.9998557567596436,0.5634872913360596,0.6947954297065735,-0.0360575839877128,0.9998778700828552,0.5662292838096619,0.693539559841156,-0.0098410826176404,0.9997748732566832,0.5653632283210754,0.6939911842346191,-0.0098150996491312,0.9997290372848512,0.5644062161445618,0.6945973038673401,-0.0098361726850271,0.9997619390487672,0.5545923709869385,0.6909525394439697,-0.0790988728404045,0.9998399019241332,0.5553449988365173,0.6912163496017456,0.0377632267773151,0.9995931386947632,0.5646489858627319,0.6708983778953552,-0.0335378497838974,0.9998540878295898,0.5652076601982117,0.6699523329734802,8.300111221615225e-05,0.9997771382331848,0.5441648364067078,0.6302133202552795,-0.152186244726181,0.9999724626541138,0.5376020073890686,0.6216058135032654,0.1166265830397605,0.9996105432510376,0.5532733201980591,0.5283620357513428,-0.1845118403434753,0.978021800518036,0.5497907996177673,0.5200002789497375,0.144252210855484,0.1592728942632675,0.5658960342407227,0.4312405586242676,-0.1679956316947937,0.9785996675491332,0.5628477931022644,0.4405248761177063,0.1069099232554435,0.1774192303419113,0.5670640468597412,0.3982503414154053,-0.1929206848144531,0.970089077949524,0.5689374804496765,0.4083721041679382,0.1127197220921516,0.1813213229179382,0.5707158446311951,0.395906537771225,-0.1875235587358474,0.9696322679519652,0.5676072239875793,0.4057961106300354,0.0886127278208732,0.1853523552417755,0.5711042284965515,0.4054805338382721,-0.1647920906543731,0.959334909915924,0.5668125152587891,0.4171721935272217,0.0955785140395164,0.1862062215805053,0.5531975030899048,0.4317046105861664,-0.0796006172895431,0.998258650302887,0.5512768626213074,0.4305914044380188,0.0795812085270881,0.9963754415512084,0.562103271484375,0.2819109857082367,-0.0687891170382499,0.8810726404190063,0.5562523603439331,0.2760992050170898,0.0819764956831932,0.3247697949409485,0.5595216155052185,0.1136502549052238,-0.0322428308427333,0.8904830813407898,0.5560537576675415,0.12755087018013,0.124845415353775,0.3916841745376587,0.5497696399688721,0.092718556523323,-0.0308787543326616,0.887843906879425,0.5465908646583557,0.1056654304265976,0.1266035735607147,0.4866518676280975,0.583927571773529,0.0909836962819099,-0.0867252796888351,0.8887869119644165,0.581702470779419,0.103675365447998,0.0801898688077926,0.5135168433189392,hoyeon_stand_normal_01,23.853721,24.186773,22.36068,19.313208,14.866069,11.7047,8.062258,4.242641,4.123106,5.656854,9.219544,11.401754,13.601471,16.401219,18.439089,19.849433,21.931712,21.931712,22.022716,20.615528,17.804494,13.601471,9.899495,6.324555,6.708204,11.313708,8.944272,7.615773,5.830952,4.472136,5.0,6.324555,8.944272,10.29563,11.18034,12.083046,13.0,12.649111,11.7047,10.440307,9.486833,8.544004,7.615773,6.708204,5.0,4.123106,5.385165,7.81025,11.313708,14.866069,18.384776,22.022716,14.317821,15.297059,16.124515,16.03122,15.0,14.035669,13.038405,11.045361,9.219544,7.28011,5.385165,3.605551,2.0,3.605551,6.324555,9.219544,12.165525,15.297059,18.439089,20.615528,21.587033,21.587033,20.880613,18.973666,16.155494,13.0,10.049876,8.062258,7.615773,5.830952,3.605551,2.236068,3.605551,5.09902,7.0,8.062258,8.246211,8.246211,8.544004,8.544004,7.615773,6.324555,5.385165,4.123106,3.162278,1.0,1.0,3.605551,5.830952,7.615773,9.848858,11.7047,15.556349,14.866069,12.727922,11.401754,9.433981,8.544004,9.055385,10.0,11.0,13.0,14.035669,15.132746,16.492423,17.088007,18.788294,18.867962,18.601075,17.029386,14.866069,12.041595,8.602325,6.082763,6.403124,10.0,13.416408,17.0,10.630146,7.81025,6.324555,6.324555,8.602325,12.041595,14.142136,16.278821,18.439089,19.416488,18.867962,18.35756,16.552945,15.231546,13.928388,13.601471,11.7047,11.18034,10.29563,10.0,10.630146,12.727922,14.21267,15.620499,16.278821,17.029386
hoyeon_stand_normal_01,1938,646,64.6035300546448,29.998360745314464,10,0.5694586038589478,0.6812683343887329,-0.0203865226358175,0.999855935573578,0.5655660629272461,0.6937258243560791,-0.0361429452896118,0.9998470544815063,0.5643834471702576,0.6942536234855652,-0.0361602827906608,0.9998578429222108,0.5632274150848389,0.6948511004447937,-0.0361625328660011,0.9998795390129088,0.5659528970718384,0.6935800909996033,-0.0099502066150307,0.9997748136520386,0.5650855898857117,0.6940277814865112,-0.0099241640418767,0.9997286200523376,0.5641305446624756,0.6946254968643188,-0.0099448468536138,0.9997618198394777,0.5543378591537476,0.6909556984901428,-0.0790726095438003,0.9998457431793212,0.5550842881202698,0.6912161111831665,0.0377296358346939,0.9995923638343812,0.5643654465675354,0.6709069013595581,-0.0336554907262325,0.9998544454574584,0.5649229288101196,0.6699396371841431,-3.847869447781704e-05,0.9997764229774476,0.5437263250350952,0.6302355527877808,-0.1519235223531723,0.9999746680259703,0.5373790264129639,0.6215945482254028,0.1166156902909278,0.9996113181114196,0.5527765154838562,0.5284027457237244,-0.1842725872993469,0.9799810647964478,0.5497087240219116,0.5199874043464661,0.1445414125919342,0.155260220170021,0.5654851198196411,0.4313167333602905,-0.1683232635259628,0.9801138043403624,0.5631158947944641,0.4407565891742706,0.1069001406431198,0.1733592748641967,0.5665414929389954,0.3984621465206146,-0.1933115869760513,0.9716370105743408,0.5690788626670837,0.4085072875022888,0.112632468342781,0.1775624454021453,0.5702711343765259,0.3960644006729126,-0.1878925859928131,0.9711290001869202,0.5676445364952087,0.4059144854545593,0.0884360894560813,0.1816455721855163,0.5707234144210815,0.4056622087955475,-0.1651072055101394,0.9607320427894592,0.566851794719696,0.4172795414924621,0.095523752272129,0.1826099157333374,0.5530544519424438,0.4316920042037964,-0.0795450359582901,0.998255729675293,0.5512768030166626,0.4305145740509033,0.0795267596840858,0.9963666200637816,0.5620161294937134,0.2819003462791443,-0.0687919929623603,0.8841680288314819,0.5562488436698914,0.2759794890880584,0.0817490145564079,0.3235501050949096,0.5595125555992126,0.1136671900749206,-0.0321744345128536,0.8936434984207153,0.556060254573822,0.1275323927402496,0.1244890242815017,0.3917626738548279,0.5496755242347717,0.092732235789299,-0.030820669606328,0.8914745450019836,0.5465824007987976,0.1055370718240737,0.1262369453907013,0.4878807961940765,0.5839793086051941,0.0907208994030952,-0.0869582071900367,0.8914188146591187,0.5817833542823792,0.1034645959734916,0.0796133652329444,0.5151958465576172,hoyeon_stand_normal_01,5.0,6.082763,8.062258,10.816654,13.038405,15.0,15.811388,15.811388,15.0,14.422205,13.038405,11.401754,10.0,7.81025,5.0,3.162278,4.242641,6.324555,10.440307,15.297059,18.439089,22.803509,25.298221,26.0,25.495098,23.323808,11.045361,12.165525,15.297059,15.297059,15.524175,13.601471,12.649111,10.440307,9.219544,7.0,5.09902,5.0,5.0,6.324555,7.071068,9.0,10.0,11.045361,13.152946,14.317821,16.278821,17.262677,17.262677,16.278821,14.317821,11.18034,9.486833,8.062258,6.324555,6.403124,7.28011,9.0,11.401754,13.601471,16.155494,17.888544,18.788294,20.124612,21.023796,22.36068,21.931712,20.615528,19.697716,16.552945,13.416408,8.602325,4.472136,5.0,8.944272,13.928388,18.027756,21.540659,9.055385,12.165525,15.524175,17.464249,17.888544,18.027756,17.029386,15.556349,12.806248,10.816654,7.615773,5.09902,2.236068,2.0,4.472136,6.403124,8.485281,10.630146,12.041595,13.453624,14.21267,15.620499,15.620499,15.556349,14.866069,13.038405,11.7047,12.649111,13.601471,14.317821,13.601471,12.649111,12.083046,11.18034,10.29563,8.944272,6.708204,5.385165,4.123106,4.123106,5.0,6.403124,9.433981,12.206556,15.264338,17.492856,19.416488,20.615528,20.615528,19.849433,17.691806,14.866069,14.422205,15.811388,17.804494,17.029386,17.691806,16.278821,15.556349,13.453624,10.630146,8.602325,7.28011,6.0,6.324555,6.708204,7.211103,8.602325,9.219544,10.816654,11.401754,11.401754,12.206556,12.206556,11.401754,10.630146,10.630146,10.816654
hoyeon_stand_normal_01,1941,647,64.70353551912568,29.998360745314464,10,0.5692709684371948,0.6812872290611267,-0.0205293167382478,0.9998570084571838,0.5653470754623413,0.6937766671180725,-0.0362570062279701,0.9998496174812316,0.5641456842422485,0.6943114995956421,-0.0362743474543094,0.9998608827590942,0.5629743337631226,0.6949131488800049,-0.0362767800688743,0.9998820424079896,0.565753698348999,0.6936195492744446,-0.010063829831779,0.9997768998146056,0.5648864507675171,0.6940655708312988,-0.0100376904010772,0.9997308254241944,0.5639325380325317,0.6946590542793274,-0.0100580304861068,0.9997639656066896,0.5540262460708618,0.6909672021865845,-0.0790644064545631,0.999851942062378,0.5548751950263977,0.6912215352058411,0.0377816744148731,0.9995952248573304,0.5641276836395264,0.6709499359130859,-0.0337684117257595,0.999856173992157,0.5647202730178833,0.6699504852294922,-0.0001544370315968,0.9997777342796326,0.5430761575698853,0.630255937576294,-0.1517188102006912,0.9999766945838928,0.537316620349884,0.6215782165527344,0.1169434264302253,0.9996142983436584,0.5522617101669312,0.5284027457237244,-0.1842613071203231,0.98175448179245,0.5497773885726929,0.5199591517448425,0.1455640494823455,0.1519694030284881,0.5649727582931519,0.4313582479953766,-0.1690865159034729,0.9815227389335632,0.5638819932937622,0.4408382475376129,0.1072072982788086,0.170656144618988,0.5658423900604248,0.3985770642757416,-0.1942451447248459,0.9731226563453674,0.5696414709091187,0.4085206985473633,0.1128480583429336,0.1751156151294708,0.5698016881942749,0.396162211894989,-0.1888587325811386,0.9725754857063292,0.5679609775543213,0.4059213399887085,0.0884793922305107,0.1792799234390258,0.5702902674674988,0.4057960510253906,-0.1658584624528885,0.9621429443359376,0.567071795463562,0.417294979095459,0.0957352891564369,0.1803207248449325,0.5527668595314026,0.4316957890987396,-0.079581044614315,0.9982620477676392,0.5513203740119934,0.4304651021957397,0.0795639678835868,0.9963727593421936,0.5618778467178345,0.281894713640213,-0.0690165311098098,0.886644184589386,0.5562642812728882,0.2758901715278625,0.0816715732216835,0.3213841319084167,0.5594392418861389,0.1136752888560295,-0.0326446220278739,0.89616459608078,0.5562558770179749,0.1275309175252914,0.124395728111267,0.3905184864997864,0.5494767427444458,0.0927467495203018,-0.0313641354441642,0.8944918513298035,0.5465975999832153,0.105529136955738,0.1261492520570755,0.4879820346832275,0.5839956998825073,0.0904025509953498,-0.0882152840495109,0.8934856653213501,0.5819646120071411,0.1032870262861251,0.0793049186468124,0.515754222869873,hoyeon_stand_normal_01,24.166092,24.698178,21.84033,19.416488,16.278821,12.165525,8.246211,4.472136,3.162278,4.472136,6.403124,9.899495,11.313708,14.142136,16.278821,18.439089,20.0,20.248457,20.59126,18.788294,16.552945,13.0,8.602325,4.472136,6.708204,10.630146,8.602325,6.403124,5.656854,5.09902,6.082763,7.615773,9.848858,11.18034,12.083046,13.0,13.0,13.0,12.649111,11.7047,10.77033,9.848858,8.944272,8.062258,6.403124,5.830952,6.0,7.615773,11.18034,14.422205,18.601075,21.095023,14.317821,15.811388,16.763055,15.524175,15.524175,14.317821,13.152946,11.045361,10.0,8.062258,6.082763,4.472136,3.162278,4.472136,7.071068,10.0,12.206556,15.811388,18.601075,20.808652,22.203603,22.803509,22.022716,19.849433,17.691806,14.142136,9.055385,8.246211,6.708204,5.0,2.236068,2.236068,3.0,5.09902,7.28011,8.544004,8.944272,9.433981,9.433981,8.602325,8.602325,7.81025,6.403124,5.0,3.605551,1.414214,2.236068,5.0,7.211103,9.433981,11.661904,13.370826333333332,13.8470355,14.55305,13.814539,12.958685,12.2053545,11.571068,11.388899,11.401754,11.109204,11.517726,11.0640355,11.3409725,11.014693,12.04951,12.593868,13.348299,14.488586,15.27886,16.1400045,15.2688275,14.672078,14.047432,14.3058635,14.867645,16.157665,15.901498,10.972136,11.0730895,10.905694,11.987079,12.8559835,13.751807500000002,14.303001,14.447305,13.7572945,13.062346000000002,12.4331135,11.8849705,11.345903,11.180792,10.74639,11.012896,10.310649000000002,10.905243,10.905243,11.4910895,11.6729325,12.5827625,13.0469565,13.778624,13.9291685,13.8799395
hoyeon_stand_normal_01,1944,648,64.80354098360655,29.998360745314464,10,0.569038987159729,0.6812962293624878,-0.0206083189696073,0.9998573064804076,0.5650655627250671,0.6938151717185974,-0.0362747535109519,0.9998511672019958,0.5638611316680908,0.6943531036376953,-0.0362923629581928,0.9998629689216614,0.5626886487007141,0.6949547529220581,-0.0362952463328838,0.9998837113380432,0.5654708743095398,0.693650484085083,-0.0101564554497599,0.9997777342796326,0.5646024942398071,0.6940929293632507,-0.0101303635165095,0.9997316598892212,0.5636462569236755,0.6946800947189331,-0.0101506290957331,0.9997648596763612,0.553780734539032,0.6909660696983337,-0.0791397243738174,0.9998569488525392,0.5546334981918335,0.6912190914154053,0.0376573763787746,0.999596118927002,0.56390380859375,0.670958399772644,-0.0337979532778263,0.9998570680618286,0.5644927620887756,0.6699455976486206,-0.0002515336382202,0.9997779130935668,0.542820155620575,0.6302626729011536,-0.1516794115304947,0.999978482723236,0.5372229218482971,0.6215730905532837,0.1168050095438957,0.9996157288551332,0.5519731640815735,0.5283829569816589,-0.1842381507158279,0.9833328723907472,0.5497720837593079,0.5199399590492249,0.1453099101781845,0.1486782282590866,0.5648261904716492,0.4313583374023437,-0.1688814610242843,0.9827362895011902,0.5641008019447327,0.4408576190471649,0.1070411428809166,0.1674632877111435,0.565676748752594,0.3985816836357116,-0.1939698159694671,0.9743480682373048,0.5697662234306335,0.4085409641265869,0.1126599684357643,0.1721740067005157,0.5697002410888672,0.3961738049983978,-0.1886207014322281,0.9737567901611328,0.5680474042892456,0.4059520661830902,0.088294006884098,0.1763889193534851,0.5701308846473694,0.4058100879192352,-0.1656609326601028,0.9632285833358764,0.5671237707138062,0.4173074662685394,0.0955687463283538,0.1775425970554351,0.5526915788650513,0.4316986203193664,-0.0795434191823005,0.9982626438140868,0.5513347387313843,0.4304584562778473,0.0795261561870575,0.996367335319519,0.5618196129798889,0.2818861901760101,-0.068970538675785,0.8887050747871399,0.5562743544578552,0.275776594877243,0.0815835520625114,0.3194416463375091,0.55941241979599,0.1136710941791534,-0.0325528085231781,0.8983232378959656,0.5563798546791077,0.1274712681770324,0.1243465393781662,0.3895175457000732,0.5494668483734131,0.0926041603088378,-0.0312806218862533,0.8970162868499756,0.546703040599823,0.1051453426480293,0.1261060535907745,0.4879965782165527,0.5840581655502319,0.0903031006455421,-0.0882444381713867,0.8952096700668335,0.5820814967155457,0.1032525077462196,0.0791665464639663,0.5162890553474426,hoyeon_stand_normal_01,5.0,6.082763,9.055385,11.18034,13.341664,14.56022,15.524175,15.524175,14.317821,14.317821,13.341664,11.401754,10.440307,8.544004,5.830952,4.242641,4.0,5.830952,9.219544,13.453624,16.278821,19.849433,21.931712,23.430749,23.600847,21.095023,9.433981,10.816654,13.038405,13.601471,14.21267,12.727922,11.313708,9.899495,7.81025,5.830952,4.123106,4.0,3.605551,4.472136,5.385165,6.324555,7.28011,9.219544,11.045361,13.038405,14.142136,14.035669,14.142136,13.152946,12.165525,10.049876,15.0,15.620499,16.278821,15.556349,15.620499,15.0,13.038405,11.661904,8.944272,7.615773,6.082763,4.0,3.605551,5.0,7.28011,10.77033,13.416408,17.464249,19.697716,21.931712,22.847319,23.769729,22.472205,21.18962,18.681542,15.524175,9.433981,8.602325,7.071068,4.472136,2.0,1.0,3.162278,5.830952,7.071068,9.219544,10.0,9.433981,9.433981,9.433981,8.944272,7.615773,6.708204,5.385165,3.605551,2.236068,2.236068,4.472136,7.211103,9.433981,12.206556,13.703247666666666,12.806248,13.601471,14.422205,14.422205,14.21267,14.21267,12.806248,12.041595,10.630146,8.485281,7.071068,6.403124,5.385165,5.0,6.324555,8.944272,11.18034,13.892444,16.643317,18.867962,20.59126,22.36068,21.931712,21.540659,19.313208,16.155494,13.038405,15.264338,15.652476,17.464249,16.155494,16.155494,13.928388,12.083046,9.848858,7.211103,5.656854,5.385165,5.0,6.324555,6.324555,8.544004,9.848858,10.77033,11.7047,11.401754,11.401754,11.401754,11.7047,11.7047,11.18034,11.401754
hoyeon_stand_normal_01,1947,649,64.90354644808743,29.998360745314464,10,0.5687910914421082,0.6812967658042908,-0.0203383900225162,0.9998540878295898,0.5647847056388855,0.6938372850418091,-0.0360528565943241,0.9998494386672974,0.563588559627533,0.6943756937980652,-0.0360712520778179,0.999862015247345,0.5624241232872009,0.6949741840362549,-0.0360742174088954,0.9998828172683716,0.5651621222496033,0.6936706304550171,-0.0098564969375729,0.99977308511734,0.5642823576927185,0.694110095500946,-0.0098297260701656,0.999725580215454,0.5633106827735901,0.6946913599967957,-0.0098505150526762,0.9997596144676208,0.5535797476768494,0.6909523010253906,-0.0789255127310752,0.9998592138290404,0.5543497204780579,0.691205620765686,0.0379103608429431,0.99958735704422,0.5636904239654541,0.6709508299827576,-0.0336442440748214,0.9998546242713928,0.564236044883728,0.6699368953704834,-4.170038664597087e-06,0.9997732639312744,0.5427414178848267,0.630248486995697,-0.151629701256752,0.9999800324440002,0.5369306802749634,0.6215652823448181,0.116851657629013,0.9996144771575928,0.5518766641616821,0.5283375382423401,-0.184130772948265,0.9847314357757568,0.5495192408561707,0.5199318528175354,0.1451710313558578,0.1452134698629379,0.5648213624954224,0.4312697947025299,-0.1683745086193084,0.9837473630905152,0.5641191601753235,0.4411504864692688,0.1069460213184356,0.1636805832386016,0.5656799077987671,0.3985462486743927,-0.1934032887220382,0.975286304950714,0.569781482219696,0.4089482724666595,0.112583503127098,0.1687447428703308,0.5696982741355896,0.3961785137653351,-0.1879326701164245,0.9746445417404176,0.5680555105209351,0.406340479850769,0.0881729125976562,0.1729573905467987,0.5700843930244446,0.4058090150356293,-0.1651167273521423,0.9639385938644408,0.5671479105949402,0.4175408184528351,0.095460332930088,0.1742365211248397,0.5526868104934692,0.4317195415496826,-0.0794975385069847,0.9982560873031616,0.5511932373046875,0.4304699301719665,0.079479768872261,0.9963518977165222,0.5618323683738708,0.2819146513938904,-0.0689681619405746,0.8894999027252197,0.5562630891799927,0.2757214903831482,0.0815018638968467,0.3161925077438354,0.5593757033348083,0.1137424260377883,-0.0324376039206981,0.8991597890853882,0.5563757419586182,0.127468079328537,0.1242223232984542,0.3868054449558258,0.5494466423988342,0.0926230102777481,-0.0311570726335048,0.8991307616233826,0.5467087030410767,0.1051079779863357,0.125979870557785,0.4873567223548889,0.5840515494346619,0.0903006270527839,-0.0881532579660415,0.89569491147995,0.5814085006713867,0.103140078485012,0.079012393951416,0.5141895413398743,hoyeon_stand_normal_01,25.0,25.632011,23.259407,20.59126,16.643317,13.038405,9.433981,6.324555,4.123106,4.472136,7.28011,10.049876,12.041595,15.033296,17.117243,19.235384,21.377558,21.587033,22.135944,20.248457,18.384776,14.317821,9.486833,5.0,5.830952,10.198039,9.055385,7.0,6.082763,5.0,5.830952,7.615773,10.198039,11.401754,12.369317,13.601471,13.601471,13.601471,12.649111,11.7047,10.77033,10.440307,9.219544,8.062258,7.0,6.324555,6.403124,8.544004,11.18034,15.132746,19.235384,22.36068,10.440307,8.062258,6.403124,5.09902,6.324555,7.81025,10.816654,12.529964,14.317821,16.155494,17.464249,19.313208,19.697716,20.615528,20.615528,19.697716,17.888544,15.652476,12.083046,7.28011,3.605551,5.09902,10.440307,15.231546,18.788294,21.540659,8.485281,11.401754,13.892444,15.652476,17.088007,16.492423,15.132746,14.0,11.045361,9.219544,6.324555,3.605551,2.0,3.162278,5.0,7.0,9.0,11.045361,13.152946,15.132746,15.132746,17.117243,16.124515,16.03122,16.0,14.035669,17.0,15.0,14.0,12.041595,10.440307,9.848858,10.0,10.630146,12.041595,14.21267,15.0,15.811388,17.492856,18.788294,18.973666,19.416488,19.235384,18.11077,16.03122,13.038405,10.198039,7.81025,7.615773,10.0,14.035669,16.278821,9.219544,7.0,4.472136,5.830952,9.219544,12.041595,15.033296,17.117243,19.235384,18.439089,19.646883,18.973666,17.088007,15.231546,14.764823,12.529964,12.529964,10.77033,10.198039,10.049876,11.0,13.038405,15.033296,16.124515,17.029386,18.027756
hoyeon_stand_normal_01,1950,650,65.0035519125683,29.998360745314464,10,0.5685403347015381,0.6813181042671204,-0.0203894022852182,0.9998528361320496,0.5644920468330383,0.6938701272010803,-0.0360804311931133,0.999849259853363,0.5633066296577454,0.6944030523300171,-0.0360988713800907,0.9998624324798584,0.5621488690376282,0.6949931383132935,-0.0361016727983951,0.9998830556869508,0.5648518204689026,0.6937038898468018,-0.0099076693877577,0.999771237373352,0.5639664530754089,0.6941361427307129,-0.0098809394985437,0.9997230172157288,0.5629841685295105,0.6947066187858582,-0.0099019343033432,0.9997571110725404,0.5533643960952759,0.6909395456314087,-0.0787543058395385,0.9998623728752136,0.5540387630462646,0.6911956071853638,0.0378340445458889,0.9995833039283752,0.5634836554527283,0.6709490418434143,-0.0336790420114994,0.9998542070388794,0.5639973282814026,0.6699313521385193,-6.965895590838045e-05,0.9997712969779968,0.5427443981170654,0.6301934123039246,-0.1516123861074447,0.9999814629554749,0.5367114543914795,0.6214832067489624,0.1167737171053886,0.9996134638786316,0.5517794489860535,0.5282170176506042,-0.1840425133705139,0.9860080480575562,0.5492717027664185,0.5196943879127502,0.1450849175453186,0.1426030695438385,0.5647936463356018,0.4309172630310058,-0.1682784706354141,0.984754741191864,0.5642070770263672,0.4412039220333099,0.1068626642227172,0.1610116511583328,0.5656846761703491,0.3982947766780853,-0.1933008730411529,0.9763273000717164,0.5698843598365784,0.4091999232769012,0.1124816164374351,0.1662906408309936,0.5696927309036255,0.3959947228431701,-0.1878384947776794,0.9756472110748292,0.5682172179222107,0.4065608382225036,0.0880942195653915,0.1705147176980972,0.5700283646583557,0.4056648313999176,-0.1650222837924957,0.9649093151092528,0.567212700843811,0.4176382422447204,0.0953965112566948,0.1719469279050827,0.5526267290115356,0.4317415654659271,-0.0793891176581382,0.9982468485832214,0.5510193705558777,0.4304767549037933,0.079370230436325,0.9963262677192688,0.561823308467865,0.2819106876850128,-0.0687407255172729,0.8900388479232788,0.5562546849250793,0.2757122218608856,0.0812461674213409,0.3129875957965851,0.559358537197113,0.1137526184320449,-0.0322003811597824,0.899463951587677,0.5563860535621643,0.1274434179067611,0.123881809413433,0.3832766115665436,0.5494426488876343,0.0926316604018211,-0.0309356022626161,0.9003291130065918,0.5467407703399658,0.1050759181380271,0.1256492584943771,0.4855012893676758,0.5840715169906616,0.0902992635965347,-0.0879978612065315,0.8955249190330505,0.5815192461013794,0.1031036600470542,0.0786543413996696,0.5110514760017395,hoyeon_stand_normal_01,23.5151735,23.78013,21.872131000000003,19.0915195,15.901498,11.7216745,8.109049,5.1925825,4.123106,5.415476,7.7130115,10.5352265,12.6885165,14.7131445,17.7059255,19.2612905,21.470797,21.78251,21.954498,20.1865345,17.95815,14.370013,10.29563,6.2429435,6.737096,9.8648055,8.062258,6.9596535,5.377937,4.297621,5.0,6.3638395,8.303131,10.072244,11.421122,11.421122,11.683302,11.955628,10.793492,10.332756,9.472136,8.7732985,7.413437999999999,6.708204,5.04951,4.785578,5.04951,7.385231,10.385165,14.006922,18.001526,21.0780935,15.231546,15.652476,16.124515,16.643317,15.811388,15.0,13.453624,12.041595,9.899495,7.81025,5.830952,4.123106,2.236068,4.123106,6.082763,9.219544,12.649111,15.811388,17.720045,20.880613,21.84033,21.84033,21.587033,19.416488,17.262677,14.142136,10.0,8.944272,7.615773,5.09902,3.162278,2.236068,3.605551,5.0,7.211103,7.615773,8.544004,8.544004,8.246211,8.246211,7.28011,7.071068,6.082763,4.123106,3.162278,1.0,1.0,3.0,5.09902,8.246211,10.440307,11.7047,12.649111,13.341664,14.317821,14.317821,14.317821,13.341664,12.649111,11.7047,10.440307,8.544004,7.28011,6.082763,5.0,5.385165,5.656854,8.602325,10.816654,13.892444,16.124515,18.867962,21.095023,22.203603,21.400935,20.615528,19.209373,17.029386,12.806248,14.866069,15.556349,17.029386,16.401219,16.401219,14.21267,11.401754,9.219544,6.403124,5.385165,4.0,4.472136,5.0,7.071068,8.485281,9.899495,10.630146,10.630146,11.401754,11.401754,11.401754,11.401754,11.313708,10.630146,11.18034
hoyeon_stand_normal_01,1953,651,65.10355737704919,29.998360745314464,10,0.5682842135429382,0.6814349889755249,-0.0190777480602264,0.9998509287834167,0.5642134547233582,0.6939471960067749,-0.0345777757465839,0.9998481273651124,0.563048243522644,0.6944715976715088,-0.0345966294407844,0.9998618364334106,0.5619008541107178,0.6950502395629883,-0.034596674144268,0.9998824596405028,0.5645509958267212,0.6937839984893799,-0.0086007956415414,0.999768316745758,0.5636653304100037,0.6942089200019836,-0.0085747009143233,0.9997190237045288,0.5626755952835083,0.6947677135467529,-0.0085987616330385,0.99975323677063,0.5532352328300476,0.6909394860267639,-0.0766007080674171,0.9998642206192015,0.5537718534469604,0.6912060379981995,0.0386218093335628,0.9995771050453186,0.5633096694946289,0.6710203289985657,-0.0323407426476478,0.999852418899536,0.5638068318367004,0.6700000166893005,0.0009936748538166,0.9997679591178894,0.542937695980072,0.6301772594451904,-0.1501193046569824,0.9999826550483704,0.5363834500312805,0.6214248538017273,0.1170785874128341,0.9996098279953004,0.5517762303352356,0.5281801223754883,-0.183518961071968,0.98713481426239,0.5485692620277405,0.5194945335388184,0.1449704021215438,0.1402532011270523,0.5648239254951477,0.4307386577129364,-0.1675990372896194,0.9856406450271606,0.5642103552818298,0.441283255815506,0.1073466911911964,0.1584435701370239,0.5658850073814392,0.3981095552444458,-0.1924259960651397,0.977232813835144,0.5698060393333435,0.4094654023647308,0.1132817193865776,0.1640027612447738,0.5696962475776672,0.3957424461841583,-0.1868467628955841,0.9765118956565856,0.5682210326194763,0.4067611396312713,0.0887932106852531,0.1681923866271972,0.5700005292892456,0.4054826200008392,-0.1643284112215042,0.9657373428344728,0.5671836733818054,0.4177752733230591,0.0958491265773773,0.1697747856378555,0.5526366829872131,0.431738018989563,-0.0790077000856399,0.9982292652130128,0.5508207678794861,0.4304741621017456,0.0789820402860641,0.9962969422340392,0.561798632144928,0.2819209992885589,-0.0681888088583946,0.8905369639396667,0.5561999082565308,0.2756537795066833,0.0805422812700271,0.3114335834980011,0.5593422651290894,0.1137579306960105,-0.031596802175045,0.8997607231140137,0.5563979744911194,0.1273963302373886,0.1226925477385521,0.3807770013809204,0.5494449138641357,0.0926390662789344,-0.0302705280482769,0.90205717086792,0.5468559861183167,0.1050324589014053,0.1244414672255516,0.4847181141376495,0.584065854549408,0.0902983620762825,-0.0859645754098892,0.8954418301582336,0.5811349153518677,0.1030474007129669,0.0777675881981849,0.5083778500556946,hoyeon_stand_normal_01,7.211103,8.062258,8.944272,13.038405,15.0,17.204651,17.204651,17.204651,18.027756,17.204651,14.422205,14.422205,12.206556,10.0,7.81025,5.830952,5.09902,7.071068,10.29563,15.231546,18.788294,23.706539,26.925824,26.627054,27.658633,25.455844,11.0,12.0,14.0,15.033296,15.0,13.038405,12.041595,10.049876,9.0,7.071068,5.385165,5.0,4.472136,5.09902,6.0,7.28011,8.544004,10.77033,13.0,15.231546,16.155494,17.464249,17.464249,17.088007,15.231546,12.529964,10.630146,8.062258,6.082763,5.385165,6.403124,8.544004,11.18034,14.035669,16.0,17.0,19.0,20.024984,21.0,22.0,22.0,21.023796,19.026298,17.0,12.0,8.062258,5.0,6.324555,11.401754,16.278821,20.518285,23.430749,10.049876,12.649111,15.231546,17.492856,17.804494,17.691806,17.029386,14.422205,11.661904,9.848858,6.082763,4.0,2.236068,2.828427,5.0,7.211103,9.848858,11.7047,13.928388,14.866069,16.155494,17.088007,17.464249,16.552945,15.652476,13.892444,16.763055,14.56022,12.369317,11.18034,10.0,9.219544,9.848858,10.29563,12.529964,14.764823,15.231546,16.155494,17.720045,18.439089,20.099751,19.0,19.026298,18.11077,16.124515,13.038405,10.0,6.708204,7.615773,11.045361,14.0,17.029386,8.602325,6.708204,5.0,5.656854,8.062258,12.083046,15.231546,17.464249,19.235384,18.867962,19.416488,19.209373,17.029386,15.556349,14.142136,13.453624,11.313708,10.630146,9.433981,9.848858,10.440307,12.369317,14.317821,16.278821,16.492423,17.464249
hoyeon_stand_normal_01,1956,652,65.20356284153006,29.998360745314464,10,0.5682159066200256,0.6815009713172913,-0.0191877838224172,0.9998480677604676,0.5641195178031921,0.6939777731895447,-0.0346681736409664,0.9998459815979004,0.5629526972770691,0.6944960355758667,-0.0346870608627796,0.9998603463172911,0.5618034601211548,0.6950641870498657,-0.0346874967217445,0.999881148338318,0.5644692778587341,0.693816602230072,-0.0087052257731556,0.9997639656066896,0.563591718673706,0.6942380666732788,-0.0086790984496474,0.9997135996818542,0.5626112222671509,0.6947886943817139,-0.0087030036374926,0.9997483491897584,0.5531827807426453,0.690916121006012,-0.0765139013528823,0.9998652338981628,0.5536937117576599,0.6912054419517517,0.0385373122990131,0.9995685815811156,0.5632719397544861,0.6710240244865417,-0.0324324294924736,0.9998505115509032,0.5637916326522827,0.6700008511543274,0.0008915542275644,0.999764084815979,0.5431897044181824,0.630089282989502,-0.1500697582960128,0.9999837279319764,0.5363938212394714,0.6213875412940979,0.1170341521501541,0.999605655670166,0.5517681837081909,0.5277032256126404,-0.183507040143013,0.9881373643875122,0.5482626557350159,0.5193173289299011,0.1444914489984512,0.1376729309558868,0.5648883581161499,0.4301855564117431,-0.1671842485666275,0.9863879680633544,0.5642046332359314,0.4413335025310516,0.1070846691727638,0.155204027891159,0.5660669803619385,0.3978192806243896,-0.1918838620185852,0.9779428243637084,0.5696893334388733,0.4096388518810272,0.1131488755345344,0.1610375940799713,0.5697359442710876,0.3954129517078399,-0.18619205057621,0.9771770238876344,0.56820148229599,0.406855046749115,0.08856912702322,0.1651658862829208,0.5700008273124695,0.4051638841629028,-0.163880169391632,0.9662944674491882,0.5671513676643372,0.4178414940834045,0.0955243855714798,0.166923701763153,0.5526363253593445,0.4317217767238617,-0.0788417235016822,0.9982113242149352,0.5507404208183289,0.430468738079071,0.078811876475811,0.996241569519043,0.5616676807403564,0.281683474779129,-0.0677295178174972,0.8911401629447937,0.556184709072113,0.275654137134552,0.0804240629076957,0.3092173933982849,0.5592288970947266,0.1137624904513359,-0.031341902911663,0.9002776145935059,0.5563939809799194,0.1273936927318573,0.1226472631096839,0.3775713741779327,0.5493398904800415,0.0926412865519523,-0.0300629120320081,0.9031817317008972,0.5468481779098511,0.105025328695774,0.1243999749422073,0.4827371537685394,0.5840685367584229,0.0903025940060615,-0.085950843989849,0.8953812122344971,0.5808830857276917,0.1030482575297355,0.0776983126997947,0.5053036212921143,hoyeon_stand_normal_01,6.708204,6.082763,7.81025,11.401754,12.806248,15.0,15.620499,15.620499,15.620499,14.21267,13.453624,11.401754,10.0,8.602325,6.708204,4.0,4.242641,6.324555,11.18034,14.142136,18.248288,22.36068,24.738634,26.570661,26.0,24.186773,10.816654,12.529964,14.764823,14.764823,15.231546,13.928388,13.0,11.18034,9.433981,8.602325,7.071068,5.830952,6.082763,6.0,6.324555,8.062258,8.602325,10.816654,12.206556,14.21267,15.620499,17.029386,17.029386,16.401219,15.0,11.401754,12.554364,12.177696,11.367639,11.408489,11.1840635,11.543204,12.2200795,12.726812,12.4330345,12.545822,12.766964,12.110539500000002,12.211285,13.247426,14.16568,15.2591425,16.353222000000002,16.0451045,16.111368,14.435455,13.1633545,14.264079,16.511358,18.2747525,18.858395,18.571068,9.1374645,10.134407,10.544689,10.7800715,9.9780565,9.831251,10.576246,10.066158,9.7228175,8.881774,7.6344135,5.8863495,5.424097499999999,5.8823015000000005,7.031129,7.6366805,8.3005815,8.684658500000001,8.603511000000001,8.4691945,8.7462115,10.662798,11.2321245,12.7632535,13.7791535,13.106818,15.811388,13.892444,12.206556,10.630146,8.485281,8.062258,8.544004,9.219544,11.18034,12.165525,14.317821,14.866069,16.552945,17.0,18.027756,17.804494,18.384776,16.278821,14.21267,12.041595,9.219544,6.324555,6.708204,9.219544,12.206556,15.264338,9.486833,7.211103,5.656854,6.082763,8.246211,10.77033,14.317821,16.155494,18.027756,18.681542,17.720045,17.464249,17.117243,15.033296,14.035669,13.038405,11.045361,10.198039,9.219544,9.848858,10.29563,12.206556,14.21267,15.0,16.401219,17.204651
hoyeon_stand_normal_01,1959,653,65.30356830601093,29.998360745314464,10,0.5682243704795837,0.6815097332000732,-0.0192796755582094,0.9998480081558228,0.5641291737556458,0.6939812898635864,-0.0347641296684742,0.9998465180397034,0.5629576444625854,0.6944996118545532,-0.0347829833626747,0.999861180782318,0.5618026852607727,0.6950674057006836,-0.0347836725413799,0.9998818635940552,0.5644840002059937,0.6938198804855347,-0.0087990928441286,0.9997639060020448,0.5636084675788879,0.694240927696228,-0.0087729459628462,0.9997132420539856,0.5626304745674133,0.6947895884513855,-0.0087965978309512,0.9997478723526,0.5531766414642334,0.69089674949646,-0.076383076608181,0.9998680353164672,0.5537058115005493,0.6912041902542114,0.0384767279028892,0.999566912651062,0.5632742047309875,0.6710121035575867,-0.0325150229036808,0.9998512268066406,0.5638049244880676,0.6699854731559753,0.0008159659337252,0.999764084815979,0.543317973613739,0.6300858855247498,-0.1499910652637481,0.9999848008155824,0.5364075899124146,0.6213489770889282,0.1169886663556099,0.9996046423912048,0.5517438650131226,0.5274313688278198,-0.1834966093301773,0.9890887141227722,0.5483063459396362,0.5192609429359436,0.144379124045372,0.135778322815895,0.5649192333221436,0.4300854802131653,-0.1675779670476913,0.987204909324646,0.5643289685249329,0.4412958323955536,0.106897234916687,0.1530580967664718,0.5661798715591431,0.3977580070495605,-0.1923499256372451,0.978866159915924,0.5697349309921265,0.4096571803092956,0.1129966452717781,0.1590643227100372,0.5698089599609375,0.3953756093978882,-0.1865499913692474,0.978079080581665,0.5693986415863037,0.4070117175579071,0.0883511751890182,0.1631295680999755,0.5700284838676453,0.4051091969013214,-0.1642112135887146,0.9672663807868958,0.5673032999038696,0.4178408086299896,0.0952967852354049,0.1650064438581466,0.552657425403595,0.4317337870597839,-0.0786159411072731,0.9982053637504578,0.5507458448410034,0.4304682314395904,0.0785838216543197,0.9962081909179688,0.5616676211357117,0.2816085815429687,-0.067563310265541,0.8919728398323059,0.5562571883201599,0.275658905506134,0.0802096053957939,0.3076529204845428,0.5592055916786194,0.1137678101658821,-0.0313203781843185,0.9006572961807251,0.5563921332359314,0.1274478882551193,0.1223109811544418,0.3745721280574798,0.5493236780166626,0.0926357358694076,-0.0300504695624113,0.9044066667556764,0.5468461513519287,0.1050187647342681,0.1240474209189415,0.4809737503528595,0.5841161608695984,0.0903543978929519,-0.0859273001551628,0.8952761888504028,0.5807679295539856,0.103067398071289,0.0772617310285568,0.5019516348838806,hoyeon_stand_normal_01,6.403124,6.324555,8.062258,11.401754,13.928388,15.811388,15.811388,15.811388,15.811388,14.866069,13.601471,12.649111,10.440307,8.944272,6.708204,4.242641,4.123106,6.403124,10.0,14.422205,18.601075,22.803509,25.495098,26.907248,26.400758,24.698178,11.045361,13.152946,15.132746,15.297059,15.297059,14.317821,12.369317,11.18034,10.049876,8.062258,7.28011,5.830952,6.403124,5.830952,7.28011,9.219544,10.0,12.0,14.035669,15.132746,17.117243,17.262677,18.11077,17.029386,15.132746,13.152946,10.198039,8.544004,7.81025,6.324555,8.0,9.486833,11.661904,12.806248,14.866069,16.970563,18.384776,19.79899,20.518285,21.213203,21.931712,19.849433,18.439089,15.620499,12.041595,7.81025,4.0,5.830952,11.18034,15.132746,20.223748,22.36068,9.219544,12.041595,15.811388,17.0,17.088007,17.464249,16.124515,14.035669,12.041595,9.219544,5.385165,2.828427,1.414214,3.162278,6.0,8.062258,10.198039,12.369317,14.56022,15.524175,16.492423,17.720045,17.464249,16.492423,16.278821,14.035669,16.124515,15.264338,13.416408,10.77033,9.486833,10.0,10.049876,11.18034,12.369317,13.341664,14.142136,16.03122,17.0,18.11077,19.416488,18.681542,19.313208,17.464249,15.652476,12.083046,9.486833,7.071068,7.071068,9.848858,13.601471,16.492423,8.602325,6.708204,6.0,6.708204,9.219544,12.206556,15.264338,17.204651,18.601075,19.849433,19.104973,17.691806,17.029386,15.811388,15.0,13.038405,11.401754,10.630146,11.313708,10.630146,11.661904,13.0,14.317821,15.231546,17.464249,17.0
hoyeon_stand_normal_01,1962,654,65.4035737704918,29.998360745314464,10,0.5682345628738403,0.6815151572227478,-0.0193537436425685,0.9998475313186646,0.5641416311264038,0.6939846873283386,-0.034816812723875,0.9998466968536376,0.5629679560661316,0.6945030093193054,-0.0348358415067195,0.9998615980148317,0.5618095397949219,0.6950687766075134,-0.0348368808627128,0.9998823404312134,0.5644996166229248,0.6938226819038391,-0.0088656228035688,0.9997633099555968,0.5636252760887146,0.6942433714866638,-0.0088394163176417,0.99971204996109,0.5626485347747803,0.6947900652885437,-0.0088627981022,0.9997465014457704,0.5531731247901917,0.6908619999885559,-0.0761463493108749,0.9998704791069032,0.5537200570106506,0.6912029981613159,0.0384640954434871,0.9995633959770204,0.5632800459861755,0.6709800958633423,-0.0325617678463459,0.9998512864112854,0.5638163685798645,0.669963002204895,0.0007540058577433,0.999763011932373,0.5436150431632996,0.6301087141036987,-0.1499244570732116,0.9999857544898988,0.5364499688148499,0.6213428378105164,0.1170415580272674,0.9995998740196228,0.5517362952232361,0.5273037552833557,-0.1837622076272964,0.9899558424949646,0.5483348965644836,0.5192104578018188,0.1443617045879364,0.1332498341798782,0.5649486184120178,0.4300264120101928,-0.1685758084058761,0.9879752397537231,0.5643542408943176,0.4412817060947418,0.1067948341369628,0.1502531021833419,0.566303014755249,0.3977232277393341,-0.1935396343469619,0.9797674417495728,0.5697360634803772,0.4096991121768951,0.1129562854766845,0.1565281897783279,0.569913923740387,0.3953535854816437,-0.1873925328254699,0.9789636731147766,0.5699598789215088,0.4071856141090393,0.0882336124777793,0.1604980826377868,0.5700780153274536,0.4050639271736145,-0.1650620996952057,0.9682541489601136,0.5673558115959167,0.4178619980812073,0.0951567068696022,0.1624939292669296,0.5527312159538269,0.4317362308502197,-0.0784222185611724,0.9981984496116638,0.550764262676239,0.4304713904857635,0.0783891156315803,0.9961666464805604,0.5616637468338013,0.2815531492233276,-0.067439466714859,0.8929290175437927,0.5562880635261536,0.2756414413452148,0.0800763741135597,0.3067555725574493,0.5591955780982971,0.1137721389532089,-0.0312624908983707,0.9012309908866882,0.5563585162162781,0.1274393647909164,0.1219154819846153,0.3726882636547088,0.5493202805519104,0.0926204025745391,-0.0299783814698457,0.9060473442077636,0.5468050837516785,0.1049038767814636,0.1236090138554573,0.4803790748119354,0.5841495394706726,0.0903968960046768,-0.085432693362236,0.8954533338546753,0.5805034041404724,0.1030661761760711,0.0768588855862617,0.4992882311344147,hoyeon_stand_normal_01,5.656854,6.082763,8.544004,10.816654,13.038405,15.264338,16.124515,16.643317,16.124515,15.264338,13.892444,12.529964,11.661904,9.433981,7.071068,5.0,4.123106,7.071068,10.0,14.764823,19.723083,23.323808,25.806976,27.658633,26.870058,25.612497,11.0,13.0,14.035669,15.132746,15.132746,14.142136,13.152946,11.045361,9.0,8.0,6.082763,5.830952,5.0,5.830952,6.082763,7.0,9.055385,10.198039,11.401754,13.341664,14.56022,16.763055,16.763055,16.492423,14.56022,12.649111,14.866069,16.552945,17.0,17.0,16.124515,15.264338,13.601471,11.401754,9.899495,7.81025,5.830952,4.123106,3.605551,5.385165,8.062258,11.0,15.0,18.0,21.0,23.021729,24.020824,24.083189,24.083189,22.203603,19.235384,15.297059,9.433981,7.81025,6.403124,4.472136,2.0,2.0,4.242641,6.403124,8.062258,9.433981,9.848858,9.848858,9.848858,9.486833,8.544004,8.246211,7.28011,5.09902,4.123106,2.236068,3.0,5.09902,7.28011,10.440307,12.649111,13.038632,16.03122,16.03122,14.035669,11.0,10.049876,9.486833,9.433981,10.0,11.401754,12.806248,14.422205,16.124515,17.464249,18.027756,18.681542,19.416488,19.104973,18.027756,16.0,13.038405,10.049876,7.615773,7.211103,10.049876,13.038405,16.124515,9.0,7.071068,6.708204,6.403124,9.219544,12.041595,15.033296,16.03122,18.11077,19.416488,18.439089,17.720045,17.088007,15.652476,14.317821,13.416408,12.083046,11.7047,10.440307,10.198039,12.041595,13.0,14.035669,16.03122,17.0,17.029386
hoyeon_stand_normal_01,1965,655,65.50357923497268,29.998360745314464,10,0.5682396292686462,0.6815287470817566,-0.021104909479618,0.9998493194580078,0.5641501545906067,0.6939876079559326,-0.03629906848073,0.99984872341156,0.5629767775535583,0.694506049156189,-0.036317653954029,0.9998637437820436,0.5618166327476501,0.6950702667236328,-0.0363201461732387,0.9998842477798462,0.5645058751106262,0.693824827671051,-0.0105720991268754,0.9997658729553224,0.5636313557624817,0.6942453384399414,-0.0105461841449141,0.999714970588684,0.5626598000526428,0.6947914361953735,-0.0105676548555493,0.999748706817627,0.5531713962554932,0.6908071637153625,-0.0766191259026527,0.9998739957809448,0.5537258386611938,0.6912020444869995,0.0370918624103069,0.9995654225349426,0.5632851123809814,0.6709580421447754,-0.0338771566748619,0.9998536705970764,0.563834011554718,0.6699519157409668,-0.0008820554940029,0.9997653365135192,0.5436588525772095,0.6301447749137878,-0.1503174155950546,0.9999867081642152,0.536838710308075,0.621314287185669,0.1163496598601341,0.9995997548103333,0.5516822934150696,0.5272201299667358,-0.1842985153198242,0.9907667636871338,0.5486510396003723,0.5191121697425842,0.1433670371770858,0.1321333348751068,0.5649508833885193,0.4299864172935486,-0.1705175191164016,0.9887575507164,0.5649551749229431,0.4411874413490295,0.105462871491909,0.1493991017341613,0.5663483142852783,0.3977079093456268,-0.1956594884395599,0.9807664752006532,0.5702514052391052,0.4097134470939636,0.1113501563668251,0.1557202637195587,0.5699694156646729,0.3953526616096496,-0.1897581070661544,0.97996586561203,0.570910632610321,0.4072840511798858,0.0867161899805069,0.1596525609493255,0.5700966119766235,0.4050571322441101,-0.167027398943901,0.9694764018058776,0.5679383873939514,0.4178623855113983,0.0938384160399437,0.1616971939802169,0.552695095539093,0.4317929446697235,-0.0783517584204673,0.9982000589370728,0.5511119961738586,0.4304950833320617,0.0783184245228767,0.9961485862731934,0.561413586139679,0.2815293073654175,-0.0673704966902732,0.8946081399917603,0.5564174056053162,0.2756529152393341,0.0799489468336105,0.306227296590805,0.5589205622673035,0.1137760058045387,-0.0312522985041141,0.9022725224494934,0.5563483834266663,0.1274614185094833,0.1217807382345199,0.3716015219688415,0.5490875244140625,0.0925966650247573,-0.0299562774598598,0.9072681665420532,0.5467531085014343,0.1048912405967712,0.1234527751803398,0.4794633388519287,0.5842011570930481,0.0904055088758468,-0.0855037868022918,0.89609295129776,0.5812933444976807,0.1032560393214225,0.0765113905072212,0.4980476796627044,hoyeon_stand_normal_01,25.079872,26.248809,23.769729,21.377558,17.117243,13.152946,9.219544,6.708204,4.472136,5.09902,7.615773,10.29563,13.038405,15.264338,17.492856,19.235384,22.36068,22.847319,22.135944,21.84033,19.416488,15.297059,11.401754,5.830952,5.0,9.848858,8.602325,7.211103,5.656854,5.385165,6.0,7.28011,8.544004,9.848858,12.083046,12.083046,11.7047,11.7047,11.7047,10.77033,10.77033,9.848858,8.944272,7.211103,7.071068,5.830952,6.0,8.246211,11.18034,15.264338,18.867962,21.954498,15.132746,16.278821,16.492423,16.763055,15.811388,15.231546,14.317821,11.661904,10.29563,8.602325,6.403124,4.472136,3.162278,3.605551,7.28011,9.055385,13.038405,16.03122,19.026298,21.095023,22.090722,22.203603,22.36068,20.615528,17.720045,14.56022,8.944272,8.544004,6.324555,5.09902,3.162278,2.0,3.605551,5.385165,7.28011,8.246211,9.055385,9.055385,9.0,8.0,8.0,7.0,6.082763,4.0,3.0,1.0,1.0,3.0,6.0,8.062258,10.0,12.041595,12.369317,14.142136,14.142136,15.132746,14.142136,14.317821,13.341664,11.401754,10.440307,8.544004,7.28011,6.082763,5.0,4.472136,6.403124,8.062258,11.18034,14.317821,16.552945,20.124612,21.470911,21.954498,22.472205,21.633308,19.416488,17.204651,13.453624,15.556349,16.278821,17.029386,16.401219,16.401219,13.601471,11.401754,9.219544,6.403124,5.385165,5.0,4.472136,5.830952,7.071068,8.485281,9.899495,10.630146,10.630146,11.401754,11.401754,11.401754,12.041595,11.313708,11.401754,11.18034
hoyeon_stand_normal_01,1968,656,65.60358469945355,29.998360745314464,10,0.5682827830314636,0.6815409064292908,-0.0227592773735523,0.9998512864112854,0.564177930355072,0.6939901113510132,-0.0378676280379295,0.9998508095741272,0.5629926919937134,0.6945083737373352,-0.037885632365942,0.9998660087585448,0.5618226528167725,0.6950701475143433,-0.0378893837332725,0.9998862147331238,0.5645539164543152,0.693827211856842,-0.0122081730514764,0.9997686743736268,0.5636911988258362,0.6942471265792847,-0.0121825821697711,0.999718427658081,0.5627341866493225,0.6947912573814392,-0.0122032286599278,0.9997514486312866,0.5531721115112305,0.6907382607460022,-0.077591523528099,0.9998774528503418,0.5537703037261963,0.6911984086036682,0.0357292369008064,0.9995688199996948,0.5632948279380798,0.6709496974945068,-0.0353145562112331,0.9998562932014464,0.5638843178749084,0.6699491143226624,-0.0024327612482011,0.999768078327179,0.5436734557151794,0.630145788192749,-0.1510091871023178,0.9999876022338868,0.53732830286026,0.621283233165741,0.1154937967658042,0.9996020197868348,0.5516296029090881,0.5271020531654358,-0.1848014891147613,0.991496741771698,0.5492582321166992,0.519042432308197,0.1424636244773864,0.1316433250904083,0.5649595260620117,0.4299500584602356,-0.1718385368585586,0.9894605278968812,0.5656874179840088,0.4410843849182129,0.1043200194835662,0.149209976196289,0.5663725137710571,0.3976917266845703,-0.1971070915460586,0.981666088104248,0.5708582997322083,0.409719169139862,0.1099173352122306,0.1554633378982544,0.5699927806854248,0.395347535610199,-0.1915232241153717,0.980868935585022,0.5715638995170593,0.4073427021503448,0.0854180827736854,0.1593852043151855,0.570106565952301,0.4050533473491668,-0.168437197804451,0.9705770611763,0.568487286567688,0.4178625643253326,0.0927369967103004,0.1614579260349273,0.5525979399681091,0.43185755610466,-0.0783213004469871,0.9982045888900756,0.5514417290687561,0.4305296242237091,0.0782880932092666,0.9961360096931458,0.5611962080001831,0.2815246284008026,-0.0673481523990631,0.89552241563797,0.5565354228019714,0.2756684124469757,0.0799158290028572,0.3044736385345459,0.558713972568512,0.1137781962752342,-0.031236857175827,0.9026660919189452,0.55634605884552,0.1275341808795929,0.121765412390232,0.3692164719104767,0.5487856268882751,0.0924922451376915,-0.0299573522061109,0.9076656103134156,0.54669189453125,0.1048447042703628,0.1234324797987937,0.4776811897754669,0.5842300653457642,0.0903803259134292,-0.0861203894019126,0.8961722254753113,0.581692099571228,0.1032756194472312,0.0764299482107162,0.4960013031959533,hoyeon_stand_normal_01,7.071068,6.403124,9.486833,12.041595,14.142136,16.03122,17.117243,17.117243,17.029386,16.124515,15.132746,13.152946,12.041595,10.049876,7.0,5.09902,3.605551,5.09902,8.944272,13.601471,17.492856,21.095023,24.596748,25.632011,25.298221,23.537205,9.899495,11.313708,12.727922,13.453624,13.453624,12.727922,12.041595,10.630146,8.485281,7.211103,5.385165,5.0,5.385165,5.0,6.403124,8.062258,8.944272,10.77033,12.649111,14.866069,16.763055,17.088007,16.763055,17.088007,14.866069,12.649111,14.422205,15.652476,15.652476,15.231546,14.866069,13.928388,12.649111,10.440307,9.219544,7.071068,5.0,3.162278,2.0,4.472136,7.81025,10.630146,13.453624,16.970563,19.79899,21.260292,22.671568,23.430749,22.022716,20.0,17.204651,14.422205,8.0,7.071068,5.385165,3.605551,2.0,2.828427,5.385165,7.0,8.0,9.055385,10.198039,10.440307,9.486833,9.486833,8.544004,7.615773,6.324555,5.385165,3.162278,2.0,2.0,3.605551,5.656854,7.81025,10.630146,12.206556,14.2133735,14.1598465,13.79788,12.7481075,11.7880585,11.4702285,11.5021435,11.2235575,11.4291245,11.2934635,10.764462,11.3409725,10.8815275,11.741898,12.2201615,13.5570865,14.6857025,15.222897,15.709507,15.797271,15.0247545,14.3058635,14.422074,15.4403065,15.8599735,16.308469,11.2728715,10.9636495,10.938794,11.773506,13.1034745,13.397325,14.228937,14.404421,13.3562,13.4255785,12.107864,11.513878,10.9310375,11.2462115,11.1900395,11.280604,10.725815,10.742834,10.514599,11.168612499999998,11.7216745,12.3847585,12.5937485,13.4790515,14.1861585,13.7295805
hoyeon_stand_normal_01,1971,657,65.70359016393442,29.998360745314464,10,0.5683509111404419,0.6815345883369446,-0.0230691097676754,0.9998534321784972,0.5642502307891846,0.6939828395843506,-0.0381716862320899,0.9998533129692078,0.5630455613136292,0.6945027709007263,-0.038189310580492,0.9998684525489808,0.5618566870689392,0.695061206817627,-0.0381935313344001,0.9998883605003356,0.5646548867225647,0.6938177943229675,-0.0124731017276644,0.9997722506523132,0.5638092756271362,0.6942371726036072,-0.012447983957827,0.9997228384017944,0.5628717541694641,0.69477778673172,-0.0124689619988203,0.9997552037239076,0.5531753301620483,0.6906563639640808,-0.0778037309646606,0.999880850315094,0.5538727641105652,0.691182553768158,0.0355990976095199,0.9995747208595276,0.5633189678192139,0.6708930134773254,-0.0356084965169429,0.9998589158058168,0.5639657378196716,0.6699000597000122,-0.0026877901982516,0.9997714161872864,0.5436825156211853,0.6301449537277222,-0.1511014848947525,0.9999884366989136,0.5377715229988098,0.6211979985237122,0.115433782339096,0.9996069073677064,0.5516327619552612,0.5270397067070007,-0.1848546713590622,0.9921485781669616,0.5500202178955078,0.5189470648765564,0.1424290984869003,0.1318005323410034,0.5650094151496887,0.4299668967723846,-0.1724079102277755,0.9900792241096495,0.566010057926178,0.4408901333808899,0.1042707040905952,0.1493951231241226,0.5664021968841553,0.3976889848709106,-0.1978041976690292,0.9824479222297668,0.5710603594779968,0.4096935987472534,0.1098724976181984,0.155538409948349,0.5700086355209351,0.3953428864479065,-0.1922479718923568,0.981651246547699,0.5717225670814514,0.4073438346385956,0.0854014307260513,0.1594334095716476,0.5701174139976501,0.4050543308258056,-0.1690199822187423,0.9715145826339722,0.5686417818069458,0.4178501963615417,0.0927095413208007,0.161501258611679,0.552581787109375,0.4318984746932983,-0.0782692208886146,0.998203456401825,0.5516063570976257,0.4305297434329986,0.078236274421215,0.996126353740692,0.5611973404884338,0.2814193367958069,-0.06739092618227,0.8957112431526184,0.5568257570266724,0.2756184339523315,0.0798191279172897,0.3020317554473877,0.5587025880813599,0.1136820316314697,-0.0314115658402442,0.9022257924079896,0.5565507411956787,0.1274991333484649,0.1216094195842742,0.3652752935886383,0.5487879514694214,0.0924551486968994,-0.0301556549966335,0.908004343509674,0.5472282767295837,0.1048391684889793,0.1232666671276092,0.4750629067420959,0.5842346549034119,0.090255931019783,-0.0864582359790802,0.8954777121543884,0.5818236470222473,0.1031793504953384,0.0760975927114486,0.4919915199279785,hoyeon_stand_normal_01,23.021729,22.803509,21.931712,19.104973,15.620499,12.041595,8.485281,5.385165,5.09902,5.656854,7.81025,10.29563,13.038405,15.264338,16.643317,19.416488,20.615528,21.931712,21.931712,20.615528,17.804494,15.0,10.630146,6.708204,6.324555,10.0,8.062258,7.071068,6.0,5.385165,5.656854,7.211103,8.944272,9.848858,11.18034,11.18034,11.661904,11.661904,10.29563,10.29563,9.433981,8.944272,7.615773,7.28011,6.082763,5.09902,5.830952,7.81025,11.18034,13.928388,17.464249,21.023796,11.045361,10.049876,8.544004,7.071068,7.615773,9.0,11.18034,13.601471,15.811388,17.464249,19.313208,20.615528,21.18962,22.472205,22.135944,21.84033,19.924859,17.464249,13.341664,9.486833,5.0,4.472136,9.219544,13.038405,17.492856,20.248457,8.944272,11.7047,13.341664,16.124515,17.0,17.117243,16.278821,13.601471,11.18034,9.433981,7.071068,4.472136,2.236068,3.162278,5.09902,7.28011,8.944272,11.18034,13.038405,14.764823,15.264338,16.643317,16.124515,17.0,15.652476,14.866069,10.816654,12.529964,13.0,13.416408,13.416408,12.529964,11.661904,10.816654,9.219544,7.81025,6.403124,4.472136,4.123106,4.123106,5.0,7.071068,10.630146,12.806248,15.620499,17.691806,20.518285,20.518285,21.260292,19.849433,17.804494,14.866069,13.892444,15.264338,17.0,17.0,17.464249,16.155494,13.928388,12.083046,9.848858,8.062258,5.656854,4.472136,4.0,5.09902,6.708204,7.615773,8.544004,9.848858,9.848858,10.77033,11.7047,10.77033,10.77033,10.29563,10.0,9.899495
hoyeon_stand_normal_01,1974,658,65.8035956284153,29.998360745314464,10,0.5684090256690979,0.6815198063850403,-0.0230675693601369,0.9998546242713928,0.5643198490142822,0.6939672231674194,-0.0381913781166076,0.999854862689972,0.5630978941917419,0.6944912672042847,-0.038208857178688,0.9998700618743896,0.5618908405303955,0.6950482130050659,-0.0382132492959499,0.9998897910118104,0.5647509098052979,0.693797767162323,-0.0124701457098126,0.9997743964195251,0.5639210939407349,0.6942165493965149,-0.0124451722949743,0.999725580215454,0.562999427318573,0.694753885269165,-0.0124663319438695,0.9997576475143432,0.5531790852546692,0.6905799508094788,-0.0778673216700553,0.9998834133148192,0.5539566278457642,0.6911551356315613,0.0356112085282802,0.999578595161438,0.5633402466773987,0.6708519458770752,-0.035628791898489,0.9998605847358704,0.5640372037887573,0.6698570847511292,-0.0026787342503666,0.9997734427452089,0.543690025806427,0.6301495432853699,-0.1510795205831527,0.9999891519546508,0.5381401777267456,0.6211536526679993,0.1153864860534668,0.9996120929718018,0.5516287684440613,0.5270010232925415,-0.1848250478506088,0.9927256107330322,0.5505439043045044,0.5188894867897034,0.142430305480957,0.1319057196378708,0.5650312900543213,0.4300764799118042,-0.17249396443367,0.990597665309906,0.5661230683326721,0.4408188462257385,0.1042828187346458,0.1495665460824966,0.5664106607437134,0.3977001011371612,-0.1978700011968612,0.983071506023407,0.5711232423782349,0.4096642136573791,0.1098930016160011,0.1556430906057357,0.5700186491012573,0.3953495323657989,-0.1923493593931198,0.9822691082954408,0.571744978427887,0.4073386490345001,0.0854192450642585,0.1595198959112167,0.5701242685317993,0.4050796031951904,-0.1691329181194305,0.9722196459770204,0.5686635971069336,0.4178332388401031,0.0927183330059051,0.1615764498710632,0.5525872111320496,0.4320552349090576,-0.0782407149672508,0.9982000589370728,0.5518345236778259,0.4305641651153564,0.0782084092497825,0.9961189031600952,0.5611842274665833,0.2814244627952575,-0.0674726590514183,0.8957938551902771,0.5570157170295715,0.275637537240982,0.0797180980443954,0.2995041906833648,0.5586672425270081,0.113700620830059,-0.0315992012619972,0.9016520977020264,0.5565968155860901,0.1275443434715271,0.1214706897735595,0.3612725734710693,0.5487873554229736,0.092464193701744,-0.030347628518939,0.9080169796943665,0.547475278377533,0.1048663407564163,0.1231299415230751,0.4722553193569183,0.5842193365097046,0.0902283489704132,-0.0867880433797836,0.8946660757064819,0.5818712115287781,0.1031438559293747,0.0758097246289253,0.4880215227603912,hoyeon_stand_normal_01,6.082763,7.211103,10.0,13.892444,16.124515,18.35756,18.35756,19.235384,18.35756,17.492856,16.643317,14.422205,12.529964,9.848858,8.246211,6.082763,5.656854,7.28011,12.0,17.029386,22.090722,26.07681,30.0,31.144823,31.400637,28.635642,11.401754,13.601471,15.297059,15.297059,16.278821,15.132746,14.142136,12.165525,10.198039,8.246211,5.830952,5.656854,5.385165,5.0,6.324555,8.944272,9.433981,12.206556,13.601471,15.620499,17.029386,17.804494,18.601075,17.204651,15.811388,12.041595,9.848858,8.602325,7.211103,7.071068,8.246211,10.29563,12.806248,14.142136,16.278821,18.439089,19.849433,21.260292,21.931712,22.671568,22.671568,21.213203,21.213203,17.691806,14.142136,10.0,6.082763,5.656854,10.198039,14.142136,18.248288,22.36068,9.219544,12.041595,15.620499,16.643317,18.788294,18.027756,16.492423,15.132746,13.0,10.049876,7.28011,5.0,2.236068,2.828427,5.385165,7.071068,9.0,11.045361,12.041595,14.142136,15.132746,16.124515,16.124515,16.03122,15.0,13.038405,16.124515,13.892444,12.529964,11.18034,9.486833,9.0,9.055385,10.198039,11.401754,13.341664,14.142136,15.033296,16.0,17.117243,18.439089,17.720045,18.384776,17.464249,14.764823,12.083046,8.246211,6.082763,6.403124,10.440307,13.341664,16.492423,10.630146,8.062258,6.082763,5.385165,8.485281,11.401754,14.422205,17.204651,18.601075,18.439089,19.104973,18.384776,17.029386,15.811388,14.422205,13.038405,11.661904,10.816654,10.630146,9.899495,10.816654,11.661904,13.416408,15.231546,16.552945,17.0
hoyeon_stand_normal_01,1977,659,65.90360109289617,29.998360745314464,10,0.5684995651245117,0.6814842224121094,-0.0230294689536094,0.9998550415039062,0.5644363760948181,0.6939334869384766,-0.0381597951054573,0.9998557567596436,0.5631940960884094,0.6944656372070312,-0.0381773449480533,0.9998710751533508,0.5619610548019409,0.6950228214263916,-0.0381816141307354,0.9998907446861268,0.5648913979530334,0.6937577128410339,-0.0124474046751856,0.9997752904891968,0.5640754699707031,0.6941781640052795,-0.0124223595485091,0.9997265934944152,0.5631654858589172,0.6947140097618103,-0.012443657964468,0.9997586011886596,0.5531927347183228,0.6905272603034973,-0.0778948739171028,0.9998854398727416,0.5540739297866821,0.6911331415176392,0.0357220321893692,0.9995797276496888,0.5633838176727295,0.6707794666290283,-0.0356041640043258,0.9998614192008972,0.5641463398933411,0.6697892546653748,-0.0026671877130866,0.9997740983963012,0.5436861515045166,0.6301689147949219,-0.15107062458992,0.9999898076057434,0.5382888317108154,0.6211389303207397,0.1154990419745445,0.999616265296936,0.5516283512115479,0.5269984006881714,-0.1849922984838485,0.9932495951652528,0.5508347749710083,0.5188815593719482,0.142916202545166,0.1314742714166641,0.56512051820755,0.4301908314228058,-0.1728979796171188,0.99106103181839,0.5662825703620911,0.440795749425888,0.1045768707990646,0.1493601948022842,0.5664560794830322,0.3977236449718475,-0.1983212828636169,0.9836220741271972,0.5712406039237976,0.4096630811691284,0.1101774051785469,0.1555078476667404,0.5700986981391907,0.3953753113746643,-0.192701980471611,0.982814371585846,0.571812629699707,0.4073547720909118,0.0856154412031173,0.1593738198280334,0.5701872110366821,0.4051122963428497,-0.1695007532835006,0.9728276133537292,0.5687173008918762,0.4178405702114105,0.0929901972413063,0.1614134758710861,0.5525881052017212,0.4324117302894592,-0.078236274421215,0.998203992843628,0.5519438982009888,0.4306979775428772,0.0782049819827079,0.9961236119270324,0.5612162947654724,0.2815259099006653,-0.0678353458642959,0.8959593772888184,0.557176411151886,0.2757133841514587,0.0797274783253669,0.2971452474594116,0.5586598515510559,0.1139357388019561,-0.0319950580596923,0.901326298713684,0.5566774606704712,0.1276821941137313,0.1214763075113296,0.3580901026725769,0.548809289932251,0.0925998017191886,-0.030698824673891,0.9083641767501832,0.5476699471473694,0.1050014048814773,0.1231378018856048,0.4702779650688171,0.584221601486206,0.0902741551399231,-0.0869885459542274,0.8941978812217712,0.5819681286811829,0.1031578257679939,0.0758088827133178,0.4848078489303589,hoyeon_stand_normal_01,24.9685185,25.029964,23.8516485,21.2014115,17.3747155,13.81857,10.0234485,6.3638395,4.736068,5.04951,6.994157,9.7434165,12.603278,15.115773,17.146329,19.195077,21.467676500000003,22.593052,22.525461,21.317841,18.986833,15.2620875,11.35235,6.767829,6.1622775,9.924429,8.602325,7.211103,6.5163795,6.0413815,6.203659,7.413437999999999,9.018153,10.462888,11.531829,12.2857795,12.668106,12.2857795,11.291047,11.291047,10.147815,10.147815,9.3267625,8.1477655,7.1410855,6.5163795,6.5769155,8.3951075,11.291047,14.815446,18.9864675,21.3656015,14.866069,16.401219,17.204651,16.643317,16.643317,14.764823,14.317821,12.083046,10.440307,8.246211,6.0,4.123106,3.605551,5.0,7.615773,10.29563,14.422205,17.492856,20.248457,22.472205,23.853721,24.186773,23.323808,21.470911,19.235384,16.155494,9.486833,8.544004,7.211103,5.0,2.236068,1.414214,3.162278,5.830952,7.211103,9.219544,9.899495,9.899495,10.630146,9.219544,8.602325,8.602325,7.211103,5.0,3.605551,1.414214,2.828427,5.0,7.81025,10.630146,12.041595,12.5607255,14.422205,14.422205,12.529964,10.29563,9.486833,9.055385,9.055385,10.049876,11.18034,12.165525,14.142136,15.0,16.03122,17.262677,17.720045,18.384776,17.464249,16.124515,14.422205,11.18034,8.544004,7.071068,7.071068,10.29563,13.0,16.155494,8.485281,6.403124,5.385165,5.385165,7.071068,10.0,13.601471,15.0,16.401219,17.691806,17.691806,17.029386,16.401219,14.422205,13.892444,11.661904,10.29563,10.0,10.0,9.219544,10.0,11.661904,13.416408,15.652476,16.124515,16.124515
hoyeon_stand_normal_01,1980,660,66.00360655737705,29.998360745314464,10,0.5685765147209167,0.6814851760864258,-0.0229962859302759,0.9998558759689332,0.5645477771759033,0.6939342617988586,-0.0381550230085849,0.9998570084571838,0.5632895231246948,0.694468080997467,-0.0381725765764713,0.999872386455536,0.5620327591896057,0.6950260400772095,-0.0381768569350242,0.9998919367790222,0.565024197101593,0.6937578916549683,-0.0124093182384967,0.9997766613960266,0.5642198920249939,0.6941784620285034,-0.0123842256143689,0.9997280836105348,0.5633174180984497,0.6947140693664551,-0.0124054569751024,0.9997600317001344,0.5532082319259644,0.6905213594436646,-0.0780341103672981,0.9998875856399536,0.554179310798645,0.691137433052063,0.0357288494706153,0.999581813812256,0.5634196996688843,0.6707756519317627,-0.0356024093925952,0.9998627305030824,0.5642349123954773,0.6697834134101868,-0.0026294735725969,0.9997754693031312,0.5436230897903442,0.6302056908607483,-0.1510651111602783,0.9999904036521912,0.5384008884429932,0.621127724647522,0.1155113503336906,0.9996211528778076,0.5516536831855774,0.5270140767097473,-0.1850511282682418,0.9937270879745485,0.5510985255241394,0.5188705921173096,0.1431923508644104,0.1316264867782592,0.5652652978897095,0.430413007736206,-0.1731684058904647,0.991502046585083,0.5664865374565125,0.4407941102981567,0.1047826334834098,0.1502047777175903,0.5665444731712341,0.3977874517440796,-0.198617935180664,0.9841689467430116,0.5714683532714844,0.4097046852111816,0.1103304252028465,0.156311810016632,0.5701761841773987,0.3954396247863769,-0.1930491179227829,0.9833604097366332,0.571946382522583,0.4074245393276214,0.085736833512783,0.1601872742176056,0.5702419281005859,0.405197262763977,-0.1697781085968017,0.9734681844711304,0.5688363313674927,0.4178968667984009,0.0931964963674545,0.1621761620044708,0.552592396736145,0.4325411021709442,-0.0782284438610076,0.9982053637504578,0.5520914793014526,0.4307889342308044,0.0781970396637916,0.9961245656013488,0.5612347722053528,0.2815423309803009,-0.0679364427924156,0.8952822685241699,0.5572510957717896,0.2757963538169861,0.0797209739685058,0.2944041788578033,0.5587208271026611,0.1140657886862754,-0.0321081206202507,0.9002574682235718,0.5566768646240234,0.1277772188186645,0.1214699819684028,0.3542423248291015,0.5488377809524536,0.0926798731088638,-0.0308045726269483,0.9083558917045592,0.5475010275840759,0.1050233766436576,0.1231341809034347,0.4681118428707123,0.5843104720115662,0.090509757399559,-0.0870514214038848,0.8930456042289734,0.5820993781089783,0.1033399626612663,0.0758030861616134,0.4810036122798919,hoyeon_stand_normal_01,24.083189,24.186773,22.561028,19.924859,16.155494,13.0,8.544004,5.0,3.605551,4.123106,7.0,9.055385,12.165525,14.142136,17.117243,18.027756,21.0,22.022716,22.090722,20.396078,18.439089,14.317821,10.198039,6.324555,6.708204,10.049876,9.848858,8.944272,8.062258,6.403124,6.708204,8.062258,9.0,11.0,12.041595,13.0,13.0,13.0,13.0,12.041595,12.0,11.0,9.0,9.0,8.062258,6.708204,6.403124,7.28011,10.0,14.142136,18.11077,21.095023,13.928388,14.56022,15.524175,15.297059,15.132746,14.142136,13.038405,11.0,9.0,7.071068,5.385165,4.242641,4.0,5.385165,7.81025,11.313708,14.21267,17.691806,19.849433,21.931712,23.345235,23.345235,22.671568,21.260292,19.209373,15.0,7.615773,7.28011,6.082763,4.0,1.414214,2.236068,4.123106,6.082763,8.0,9.055385,10.049876,10.198039,10.198039,9.219544,9.486833,8.246211,7.28011,5.385165,4.123106,2.0,1.0,2.828427,5.0,6.708204,8.944272,12.083046,11.661904,13.038405,13.892444,14.422205,13.892444,13.892444,12.083046,11.18034,9.848858,7.615773,6.708204,5.830952,4.242641,5.09902,7.0,8.062258,11.18034,14.317821,16.492423,19.416488,20.396078,22.203603,22.090722,21.095023,19.026298,16.03122,14.0,15.0,17.029386,17.117243,17.117243,16.124515,14.142136,12.165525,10.049876,7.0,5.385165,4.242641,4.472136,6.082763,7.071068,8.0,9.0,10.049876,11.045361,11.18034,12.165525,12.165525,11.045361,11.045361,11.045361,11.18034
hoyeon_stand_normal_01,1983,661,66.10361202185793,29.998360745314464,10,0.5685994625091553,0.6814798712730408,-0.0229675155133008,0.9998561143875122,0.5646026730537415,0.6939312815666199,-0.0381453521549701,0.9998576045036316,0.5633396506309509,0.6944674849510193,-0.0381629206240177,0.9998730421066284,0.5620739459991455,0.6950259208679199,-0.0381672382354736,0.99989253282547,0.5650871992111206,0.693753719329834,-0.0123818796128034,0.9997771382331848,0.5642911791801453,0.694175124168396,-0.0123570272698998,0.9997285604476928,0.5633962154388428,0.6947106122970581,-0.0123785166069865,0.9997605085372924,0.5532206892967224,0.6905157566070557,-0.0780757144093513,0.999889075756073,0.5542325973510742,0.6911363005638123,0.0357830487191677,0.9995827674865724,0.5634400844573975,0.6707502007484436,-0.035594418644905,0.99986332654953,0.5642744302749634,0.669765293598175,-0.002577397506684,0.999776005744934,0.5436021685600281,0.6302896738052368,-0.1510394960641861,0.9999908804893494,0.5384010076522827,0.621118426322937,0.1155314072966575,0.9996243715286256,0.5516547560691833,0.527045726776123,-0.1850394159555435,0.9941473603248596,0.5511704087257385,0.5188429951667786,0.1433978229761123,0.1320498436689376,0.565281093120575,0.430602103471756,-0.1730153709650039,0.9918823838233948,0.5666605234146118,0.440866470336914,0.105070523917675,0.1512347906827926,0.5665739178657532,0.3978906273841858,-0.1984259039163589,0.9846289157867432,0.5717551112174988,0.4099024534225464,0.1106296852231025,0.1572567224502563,0.570198655128479,0.3955184519290924,-0.1928716599941253,0.983816623687744,0.5721648931503296,0.4077045917510986,0.0860290750861167,0.1611638665199279,0.5702497363090515,0.4053105115890503,-0.1696339100599289,0.9739896655082704,0.5690519213676453,0.4181734919548034,0.0934935808181762,0.1631188243627548,0.5525912046432495,0.4325575232505798,-0.0781725496053695,0.9981951117515564,0.5521031618118286,0.4307907223701477,0.0781423300504684,0.9961119890213012,0.5612347722053528,0.2814853191375732,-0.0678794756531715,0.8956356644630432,0.5572606325149536,0.2757991552352905,0.0797048509120941,0.2943739593029022,0.5587158799171448,0.1140762045979499,-0.0317675620317459,0.9002073407173157,0.5565347075462341,0.1277791112661361,0.1214467510581016,0.3531160652637481,0.5488603115081787,0.0926931127905845,-0.0304146688431501,0.9090142250061036,0.5473060011863708,0.1050179526209831,0.123115986585617,0.4677820801734924,0.5843045115470886,0.090522825717926,-0.0863686501979827,0.8928059339523315,0.5812267065048218,0.1033210754394531,0.0757907330989837,0.4795870184898376,hoyeon_stand_normal_01,22.203603,22.561028,20.880613,18.027756,15.231546,12.083046,8.544004,5.09902,3.605551,4.123106,7.0,9.055385,11.045361,14.142136,16.03122,19.026298,20.0,21.095023,21.213203,20.396078,18.681542,14.56022,10.198039,6.082763,5.830952,9.219544,10.049876,8.0,7.071068,6.324555,5.656854,7.211103,7.615773,9.486833,10.440307,10.440307,11.401754,11.401754,10.440307,10.440307,9.486833,9.486833,8.246211,7.071068,6.082763,5.09902,4.242641,6.324555,9.055385,12.0,16.0,19.0,18.35756,19.697716,19.313208,20.248457,18.681542,17.464249,16.278821,14.142136,12.041595,10.0,7.071068,4.472136,3.162278,5.385165,8.602325,12.041595,16.401219,20.615528,23.430749,26.248809,27.658633,28.319605,27.586228,25.455844,22.671568,18.439089,12.041595,10.198039,8.544004,5.830952,3.605551,2.236068,4.0,7.071068,9.486833,11.18034,11.661904,11.661904,12.206556,11.401754,10.0,9.219544,7.81025,6.403124,4.242641,2.236068,3.605551,6.403124,10.0,12.206556,14.422205,13.24013725,10.816654,12.529964,12.083046,13.416408,12.529964,12.529964,11.661904,10.0,8.602325,7.81025,6.403124,4.472136,4.123106,4.123106,5.830952,7.81025,9.899495,12.727922,15.556349,17.691806,19.849433,20.615528,21.400935,19.416488,18.027756,14.422205,14.21267,15.0,17.204651,17.492856,17.492856,16.124515,14.764823,12.083046,9.433981,7.81025,5.656854,4.472136,5.0,5.385165,6.708204,8.062258,8.944272,9.848858,10.29563,11.18034,11.18034,11.18034,10.77033,10.29563,10.816654,10.630146
hoyeon_stand_normal_01,1986,662,66.2036174863388,29.998360745314464,10,0.5686342120170593,0.6814708113670349,-0.0230199340730905,0.9998546838760376,0.5646714568138123,0.6939297914505005,-0.0382481627166271,0.9998565316200256,0.5634084939956665,0.6944677233695984,-0.0382657758891582,0.9998723268508912,0.5621355175971985,0.6950268745422363,-0.0382697843015193,0.9998918771743774,0.5651573538780212,0.6937503814697266,-0.0124283898621797,0.9997751712799072,0.5643695592880249,0.6941722631454468,-0.0124037778005003,0.9997262954711914,0.5634807348251343,0.6947077512741089,-0.0124257477000355,0.9997586011886596,0.5532549023628235,0.6905108094215393,-0.0784520357847213,0.9998892545700072,0.5542983412742615,0.691137433052063,0.035731241106987,0.9995794892311096,0.5634716749191284,0.6707226037979126,-0.0357202924787998,0.9998624920845032,0.5643230080604553,0.669737696647644,-0.0026197249535471,0.9997742772102356,0.5435948967933655,0.6303272843360901,-0.1511168628931045,0.9999912977218628,0.5383825898170471,0.6211128830909729,0.1153319701552391,0.9996255040168762,0.5516534447669983,0.5270630717277527,-0.1852369010448455,0.9945101141929626,0.5511640310287476,0.5188173651695251,0.1431200802326202,0.1318837404251098,0.5652925968170166,0.4306517243385315,-0.1732833087444305,0.9921854734420776,0.5666828155517578,0.4409004151821136,0.1047243997454643,0.1512931436300277,0.5666478872299194,0.3979696631431579,-0.1987136453390121,0.984961986541748,0.5718494653701782,0.4100208580493927,0.110289454460144,0.1573178321123123,0.5702241063117981,0.3955916464328766,-0.1931136399507522,0.9841393828392028,0.5722770094871521,0.4078956544399261,0.0856709703803062,0.1612151265144348,0.5702589154243469,0.4053664207458496,-0.1699074804782867,0.9743134379386902,0.5691492557525635,0.4183141887187958,0.0931451767683029,0.163180872797966,0.5525673031806946,0.4325169920921325,-0.0781044289469719,0.998179852962494,0.5521043539047241,0.4307670891284942,0.078074462711811,0.9960793852806092,0.5612050294876099,0.2813769876956939,-0.0676704198122024,0.8956148028373718,0.5572617053985596,0.2758024930953979,0.079788751900196,0.2938459813594818,0.5587116479873657,0.1141455322504043,-0.0311535708606243,0.8999826908111572,0.5564018487930298,0.1278456598520279,0.121659979224205,0.3514152765274048,0.5488836765289307,0.0928629115223884,-0.0297610517591238,0.9094942808151244,0.547106146812439,0.1051448956131935,0.1233573257923126,0.4671623706817627,0.5843034386634827,0.0906375646591186,-0.0854113399982452,0.8923691511154175,0.5806438326835632,0.1033625677227974,0.0762228742241859,0.4776443541049957,hoyeon_stand_normal_01,5.09902,4.472136,7.0,10.440307,12.369317,14.56022,15.811388,16.492423,15.524175,14.56022,14.56022,12.649111,11.401754,9.848858,7.615773,5.0,4.0,6.403124,10.630146,15.0,19.416488,23.600847,26.248809,28.284271,28.319605,26.400758,10.0,12.206556,14.21267,14.866069,14.866069,14.142136,13.453624,11.313708,9.219544,8.062258,6.324555,5.09902,5.09902,5.0,6.403124,6.708204,8.544004,10.440307,12.369317,14.317821,15.297059,16.278821,17.464249,16.492423,14.56022,11.401754,10.59017,8.9109345,7.343420500000001,6.737096,7.385231,8.2737695,10.9310075,12.8928625,14.895883,16.4592745,18.500711000000003,19.6190335,19.6190335,20.7190385,20.902574,19.8112875,18.285043,16.072449499999998,12.2261815,7.4479415,3.8643285,4.6708305,9.081908,13.959646,18.408025,21.6206465,8.7996945,12.062320499999998,14.1051325,16.151905499999998,16.683414,17.458965,16.227352500000002,13.814539,12.216311,9.3267625,6.354102,3.642692,1.825141,3.3839145000000004,5.830952,7.7130115,9.8741765,11.7216745,13.397644,14.96916,16.654103499999998,17.0921145,17.0921145,17.0921145,15.901498,14.3972285,15.811388,13.928388,11.7047,11.401754,9.055385,8.062258,8.544004,9.848858,11.18034,13.416408,14.317821,14.56022,15.297059,16.124515,17.029386,18.027756,17.117243,16.278821,14.317821,11.18034,8.0,5.830952,6.324555,10.0,13.038405,16.03122,9.219544,7.211103,5.09902,5.830952,7.81025,10.816654,13.892444,16.643317,18.601075,19.209373,18.439089,18.384776,17.029386,15.620499,14.422205,13.038405,12.206556,11.401754,9.899495,10.0,10.29563,11.7047,13.601471,14.56022,16.763055,16.763055
hoyeon_stand_normal_01,1989,663,66.30362295081967,29.998360745314464,10,0.5686653256416321,0.6814683079719543,-0.0237705521285533,0.9998548030853271,0.5647182464599609,0.6939289569854736,-0.0390936583280563,0.9998568296432496,0.5634549260139465,0.6944682002067566,-0.0391111485660076,0.9998727440834044,0.5621764659881592,0.6950284242630005,-0.0391152016818523,0.999892234802246,0.5652034282684326,0.6937480568885803,-0.0132034011185169,0.9997754096984864,0.564419150352478,0.6941699385643005,-0.0131793087348341,0.99972665309906,0.5635320544242859,0.6947049498558044,-0.0132017824798822,0.9997589588165284,0.553275465965271,0.6905066967010498,-0.0796171948313713,0.9998902678489684,0.5543361902236938,0.6911374926567078,0.034857127815485,0.9995800852775574,0.5634948015213013,0.6707162261009216,-0.0365737825632095,0.9998630285263062,0.56435626745224,0.6697308421134949,-0.0033761800732463,0.9997746348381042,0.5435712933540344,0.630330502986908,-0.1517305076122284,0.9999916553497314,0.538373589515686,0.6211065053939819,0.1144771799445152,0.9996269345283508,0.5516130924224854,0.5269882082939148,-0.1854783743619918,0.9948413372039796,0.5511590242385864,0.5186593532562256,0.1421573311090469,0.1322296857833862,0.565277099609375,0.4305175840854645,-0.1732020229101181,0.9924744367599488,0.5667083859443665,0.4408979117870331,0.1038846746087074,0.1518694162368774,0.5666596293449402,0.397922545671463,-0.1986003220081329,0.985287606716156,0.5719105005264282,0.4100420475006103,0.1094378679990768,0.1577379256486892,0.5702388882637024,0.3955433070659637,-0.193023681640625,0.9844613671302797,0.5724033713340759,0.4079505503177643,0.0849015414714813,0.1616461277008056,0.5702615976333618,0.4052881598472595,-0.1698363870382309,0.9746612906455994,0.5692766904830933,0.4183220565319061,0.0923348218202591,0.163619190454483,0.5524910688400269,0.4324487447738647,-0.0780975073575973,0.9981696009635924,0.5521045923233032,0.4306951761245727,0.0780674889683723,0.9960651397705078,0.5610780119895935,0.2812502682209015,-0.0673861280083656,0.8963930010795593,0.5572617650032043,0.2757703959941864,0.080018363893032,0.2947533726692199,0.5586723685264587,0.1141542792320251,-0.02990148589015,0.9005182385444641,0.556338369846344,0.1278134733438491,0.1224357113242149,0.3519152104854584,0.5488935708999634,0.0929605513811111,-0.0284260250627994,0.9102370142936708,0.5470430850982666,0.1051372811198234,0.1241959184408187,0.4676330089569092,0.5842453241348267,0.0906366780400276,-0.0841765850782394,0.8926591873168945,0.580309271812439,0.1032876670360565,0.0770614594221115,0.4779039025306701,hoyeon_stand_normal_01,5.830952,5.385165,7.28011,9.848858,12.529964,13.892444,14.764823,14.764823,14.764823,14.764823,13.416408,11.661904,10.29563,8.602325,6.403124,4.472136,3.162278,5.830952,9.486833,14.56022,18.681542,22.803509,26.570661,27.313001,28.178006,25.553865,9.486833,11.7047,13.0,14.317821,14.317821,13.892444,12.529964,11.18034,8.944272,7.28011,6.082763,5.09902,5.0,5.830952,6.324555,8.246211,9.055385,11.0,13.0,15.033296,16.03122,17.029386,18.027756,17.0,15.0,12.0,15.0,15.033296,16.124515,15.132746,15.297059,13.601471,12.649111,10.77033,8.944272,7.211103,5.656854,4.123106,3.162278,5.0,8.062258,11.401754,14.56022,17.720045,19.646883,21.84033,23.086793,23.4094,22.472205,20.615528,18.788294,14.764823,8.602325,7.211103,5.385165,4.0,1.414214,2.236068,4.472136,6.324555,8.246211,9.219544,10.049876,11.045361,10.0,10.0,9.0,8.0,7.0,6.0,4.0,2.0,2.0,5.09902,8.062258,10.049876,12.041595,14.58102575,15.556349,14.142136,12.727922,11.401754,10.29563,9.486833,10.198039,11.045361,12.041595,14.142136,15.297059,15.524175,16.155494,17.0,18.027756,17.804494,17.691806,16.278821,14.142136,11.313708,9.433981,7.071068,8.544004,11.401754,14.142136,16.970563,8.485281,6.403124,5.09902,5.385165,9.219544,11.313708,14.866069,16.278821,17.691806,18.439089,18.601075,18.027756,16.124515,14.317821,13.0,13.0,11.18034,10.29563,9.433981,10.0,11.313708,12.041595,14.21267,15.0,16.401219,17.029386
hoyeon_stand_normal_01,1992,664,66.40362841530055,29.998360745314464,10,0.5686694979667664,0.6814673542976379,-0.0237530693411827,0.9998549818992616,0.5647319555282593,0.6939281821250916,-0.0390834100544452,0.9998570680618286,0.563467800617218,0.6944684982299805,-0.0391009822487831,0.9998730421066284,0.5621872544288635,0.6950296759605408,-0.0391048043966293,0.9998924732208252,0.5652172565460205,0.6937463283538818,-0.0131861325353384,0.9997755885124208,0.5644338726997375,0.6941683292388916,-0.0131619991734623,0.999726951122284,0.5635471940040588,0.6947031021118164,-0.0131845884025096,0.9997592568397522,0.5532801747322083,0.6905035972595215,-0.0796432495117187,0.9998910427093506,0.5543456673622131,0.691137969493866,0.0348405130207538,0.9995802044868468,0.5634984970092773,0.6707116961479187,-0.0365725271403789,0.9998630881309508,0.5643619298934937,0.6697258949279785,-0.0033664635848253,0.9997742176055908,0.5435593128204346,0.630357027053833,-0.1517516821622848,0.9999920129776,0.5383468866348267,0.6211027503013611,0.114366702735424,0.999626874923706,0.5515528917312622,0.5269670486450195,-0.1855364441871643,0.9951284527778624,0.5511109828948975,0.5186178088188171,0.1417242139577865,0.1320817321538925,0.5651339888572693,0.430370956659317,-0.1731916517019271,0.9927160143852234,0.5667070746421814,0.4409150779247284,0.103433646261692,0.1517951190471649,0.5666248202323914,0.3978752195835113,-0.1985496580600738,0.9855480790138244,0.5719125866889954,0.4100754261016845,0.1089607179164886,0.1575771421194076,0.5702167749404907,0.3954546451568603,-0.1930156797170639,0.9847143888473512,0.5724289417266846,0.4079660773277282,0.0845162570476532,0.161486342549324,0.5701969861984253,0.4051750600337982,-0.1698519438505172,0.9749191403388976,0.5692922472953796,0.4183233678340912,0.0919080451130867,0.1634919941425323,0.5523356199264526,0.4324256181716919,-0.0780880823731422,0.9981655478477478,0.5520715713500977,0.4306614995002746,0.0780582875013351,0.9960527420043944,0.5608031153678894,0.2812518179416656,-0.0672901421785354,0.896324098110199,0.5572153329849243,0.2758272588253021,0.0800667181611061,0.2944497168064117,0.5586721897125244,0.1142014488577842,-0.0298862345516681,0.9005162119865417,0.5563209652900696,0.1279048770666122,0.1225249543786048,0.3513578772544861,0.5489578247070312,0.0930937752127647,-0.0284374058246612,0.910515546798706,0.5470229387283325,0.105419285595417,0.1242870986461639,0.4673674702644348,0.5842339396476746,0.0907222256064415,-0.084231361746788,0.892575740814209,0.580646812915802,0.1033591479063034,0.0773008614778518,0.4774977564811706,hoyeon_stand_normal_01,22.627417,21.931712,21.400935,18.601075,15.264338,11.661904,8.602325,5.656854,3.0,3.605551,6.708204,8.544004,11.7047,13.601471,16.155494,18.384776,20.124612,21.954498,21.633308,20.615528,18.439089,14.866069,10.816654,6.324555,5.830952,9.433981,9.899495,8.485281,6.403124,5.385165,6.0,6.324555,8.062258,9.433981,10.816654,11.661904,11.661904,11.661904,11.661904,10.816654,10.29563,10.0,8.602325,7.81025,7.071068,5.0,4.0,5.830952,8.485281,12.206556,15.811388,18.601075,9.899495,8.062258,7.071068,6.324555,7.81025,9.848858,12.369317,14.142136,16.03122,18.027756,20.0,21.0,22.0,22.0,22.0,21.023796,20.024984,17.029386,14.0,9.055385,4.472136,4.123106,8.485281,13.453624,17.029386,21.260292,9.433981,12.206556,15.620499,17.691806,19.209373,18.867962,17.888544,16.155494,13.601471,11.18034,8.0,5.09902,2.828427,3.162278,5.0,7.211103,8.944272,10.77033,13.601471,14.866069,16.763055,17.088007,18.027756,17.088007,16.552945,14.764823,12.806248,12.806248,13.601471,14.422205,13.601471,13.601471,12.806248,10.630146,9.899495,8.485281,7.071068,6.403124,5.385165,5.0,6.324555,8.062258,10.29563,13.892444,16.643317,18.35756,20.124612,21.023796,20.615528,20.248457,18.027756,15.811388,13.038405,14.764823,15.652476,16.552945,16.552945,16.155494,13.928388,11.7047,8.944272,7.211103,5.656854,4.472136,5.0,6.082763,6.708204,7.615773,9.848858,10.77033,10.77033,11.401754,11.401754,11.401754,11.7047,11.7047,11.18034,11.401754
hoyeon_stand_normal_01,1995,665,66.50363387978142,29.998360745314464,10,0.5686785578727722,0.6814671754837036,-0.0235973373055458,0.9998539090156556,0.5647403001785278,0.6939298510551453,-0.0389633551239967,0.9998562932014464,0.5634759068489075,0.6944724917411804,-0.03898162022233,0.9998724460601808,0.5621950030326843,0.6950352191925049,-0.0389853753149509,0.9998919367790222,0.5652261972427368,0.6937466263771057,-0.0129905324429273,0.999774158000946,0.5644425749778748,0.6941686868667603,-0.0129661345854401,0.999725103378296,0.5635556578636169,0.6947031021118164,-0.0129895154386758,0.9997576475143432,0.5532837510108948,0.6905036568641663,-0.0796317160129547,0.9998911023139954,0.5543555617332458,0.6911471486091614,0.0350863113999366,0.999577522277832,0.5635058283805847,0.6707070469856262,-0.036489762365818,0.9998619556427002,0.5643714070320129,0.669719934463501,-0.0031969479750841,0.999772310256958,0.5435131788253784,0.6304234862327576,-0.1517403423786163,0.9999922513961792,0.5382378101348877,0.621166467666626,0.1144989505410194,0.9996255040168762,0.5514793395996094,0.5269619226455688,-0.1859203726053238,0.9953798055648804,0.5510009527206421,0.5186118483543396,0.1417325586080551,0.1316536515951156,0.5650228261947632,0.4302043914794922,-0.1740445643663406,0.9929232597351074,0.5666163563728333,0.4409511685371399,0.1034418419003486,0.1515501141548156,0.5666074156761169,0.3978118002414703,-0.1995611488819122,0.9857622385025024,0.571881890296936,0.4101848602294922,0.1089904010295867,0.1573366969823837,0.5702100992202759,0.3953588902950287,-0.1938918083906173,0.9849193692207336,0.5724213123321533,0.4080317616462707,0.0845258608460426,0.1612115502357483,0.5701644420623779,0.405051976442337,-0.1707010120153427,0.975106954574585,0.5692749619483948,0.4183535575866699,0.0919071733951568,0.1632410734891891,0.5522355437278748,0.4324156939983368,-0.0780801624059677,0.9981586933135986,0.5520200133323669,0.4306457638740539,0.0780504941940307,0.996037781238556,0.5604445934295654,0.2812898159027099,-0.0673851072788238,0.8959215879440308,0.5571290254592896,0.2758373022079468,0.0800842493772506,0.2944109141826629,0.5586140155792236,0.114363744854927,-0.0300274509936571,0.9003164172172546,0.5562695860862732,0.1279186904430389,0.1225183233618736,0.3511055707931518,0.5489961504936218,0.0934280008077621,-0.0285836700350046,0.911396324634552,0.5470196604728699,0.1055540442466735,0.1242818832397461,0.4681001305580139,0.5831073522567749,0.0908880904316902,-0.0842735469341278,0.8924039006233215,0.5800219178199768,0.1033447682857513,0.0772849470376968,0.4770072102546692,hoyeon_stand_normal_01,5.09902,3.605551,5.830952,8.246211,11.18034,12.165525,13.152946,13.152946,13.152946,13.152946,12.165525,11.045361,9.055385,8.0,6.082763,4.472136,3.162278,5.385165,9.433981,13.038405,16.643317,20.248457,23.706539,25.079872,24.698178,22.803509,8.944272,10.77033,12.083046,13.0,12.649111,12.649111,11.7047,10.440307,8.544004,6.708204,5.0,5.0,4.123106,4.0,5.385165,6.403124,7.81025,9.219544,10.630146,12.806248,14.21267,14.866069,15.620499,14.866069,13.453624,10.630146,15.033296,15.132746,15.297059,15.524175,14.56022,13.601471,13.0,11.18034,8.944272,7.211103,5.0,4.123106,3.605551,5.0,7.615773,11.401754,14.317821,17.464249,19.416488,21.587033,22.803509,23.769729,23.086793,21.18962,18.384776,15.231546,9.219544,7.81025,6.708204,4.123106,2.236068,2.236068,3.605551,6.708204,8.544004,9.486833,10.198039,10.198039,10.049876,10.0,9.0,9.0,7.0,6.0,4.0,2.0,3.0,5.0,8.0,10.0,12.0,14.798571666666666,14.0752315,14.1412385,12.7290015,12.5672375,11.18034,10.536984,10.3586445,10.408327,10.2169905,10.031129,10.124754,10.2589555,10.3115975,10.455204,12.337675999999998,12.8011625,14.3032025,14.571068,14.5425345,14.9204215,14.338893,13.316654,14.018216,14.841219,15.454632,15.247942,11.8007355,11.035534,10.75484,11.5413815,12.577635,13.527115,14.1412385,14.104862999999998,14.017528,12.635542999999998,11.933981,11.72829,10.8259825,11.0679715,10.1548375,10.3556845,10.5693405,10.532979999999998,10.514599,11.041523,11.356596,12.062320499999998,13.0657175,13.330952,13.314021,13.8574635
hoyeon_stand_normal_01,1998,666,66.60363934426229,29.998360745314464,10,0.5686834454536438,0.6814663410186768,-0.0244465004652738,0.9998537302017212,0.5647497177124023,0.6939297318458557,-0.0398552343249321,0.9998561143875122,0.5634844303131104,0.694473147392273,-0.0398731939494609,0.999872386455536,0.5622014999389648,0.6950362324714661,-0.0398766286671161,0.9998918771743774,0.5652350187301636,0.6937460899353027,-0.0138084078207612,0.9997736215591432,0.5644513964653015,0.6941683292388916,-0.0137833654880523,0.9997244477272034,0.5635641813278198,0.6947024464607239,-0.0138067649677395,0.9997569918632508,0.5532865524291992,0.690500020980835,-0.0806356444954872,0.999891459941864,0.5543633699417114,0.6911490559577942,0.034398403018713,0.99957537651062,0.56351238489151,0.6707008481025696,-0.0373744517564773,0.9998617172241212,0.5643816590309143,0.6697119474411011,-0.0039871628396213,0.9997715950012208,0.5434854626655579,0.6304378509521484,-0.1528052538633346,0.9999925494194032,0.5382335782051086,0.6212456822395325,0.1140374988317489,0.9996248483657836,0.5514184236526489,0.5268625617027283,-0.187482863664627,0.9956220388412476,0.5509835481643677,0.5186038613319397,0.1411824077367782,0.1315451264381408,0.5649536848068237,0.4297114908695221,-0.1761389672756195,0.9931516647338868,0.5665944218635559,0.4409416913986206,0.1025463417172432,0.1517186462879181,0.5665600299835205,0.3976356387138366,-0.2018742263317108,0.9860402941703796,0.5718716979026794,0.4101869761943817,0.1081738620996475,0.1574110984802246,0.5701730847358704,0.3951714634895324,-0.196174219250679,0.9851981997489928,0.5724164843559265,0.4080355763435364,0.0836301818490028,0.1612696796655655,0.5701149702072144,0.404849499464035,-0.1728092730045318,0.9754183292388916,0.5692760944366455,0.4183423519134521,0.0909926742315292,0.1633099466562271,0.5521107316017151,0.4323587119579315,-0.0781510174274444,0.9981655478477478,0.5519962906837463,0.4306212365627289,0.0781225934624672,0.996039867401123,0.5598078370094299,0.2813009023666382,-0.0674373060464859,0.8965751528739929,0.557024359703064,0.2759443521499634,0.080409936606884,0.2948375940322876,0.5584975481033325,0.114382117986679,-0.0301204789429903,0.9013184905052184,0.5561948418617249,0.1279174238443374,0.1231189668178558,0.3526141941547394,0.5489991307258606,0.0934305042028427,-0.0287083759903907,0.9125880002975464,0.546994149684906,0.1055366471409797,0.1248980686068534,0.4697176516056061,0.5831251740455627,0.0908901318907737,-0.0845375433564186,0.8933240175247192,0.5802782773971558,0.1039690896868705,0.0780619010329246,0.4788836538791656,hoyeon_stand_normal_01,5.09902,4.472136,6.082763,8.246211,10.77033,12.083046,13.0,13.0,13.0,13.0,11.7047,10.77033,9.848858,8.062258,5.830952,3.605551,3.162278,5.0,8.544004,12.649111,16.763055,20.248457,22.847319,24.596748,24.698178,23.021729,8.602325,10.0,11.401754,12.806248,12.041595,12.041595,11.313708,9.219544,7.81025,6.708204,5.385165,4.0,4.472136,5.0,5.830952,7.615773,8.246211,10.198039,11.18034,13.152946,14.142136,15.132746,15.132746,15.297059,14.142136,11.18034,15.231546,15.652476,16.124515,16.643317,15.0,14.21267,12.041595,11.313708,9.219544,7.211103,5.385165,4.0,3.605551,5.09902,8.0,11.045361,14.142136,17.117243,20.223748,22.203603,23.194827,23.086793,22.090722,20.024984,18.0,15.0,9.433981,7.81025,6.403124,4.472136,2.0,2.0,3.605551,6.403124,7.81025,9.433981,10.29563,9.848858,9.848858,9.486833,8.544004,8.246211,7.28011,6.082763,4.123106,2.0,3.162278,5.385165,7.615773,10.77033,13.0,14.832320333333334,16.763055,14.56022,13.601471,12.083046,9.433981,9.219544,10.0,10.816654,12.206556,13.601471,15.0,16.278821,16.278821,17.804494,18.35756,17.888544,18.027756,15.811388,13.601471,10.77033,8.062258,7.211103,8.0,11.401754,15.231546,17.464249,9.0,6.082763,5.0,6.082763,8.062258,12.165525,15.297059,17.262677,18.11077,20.024984,19.026298,19.026298,17.262677,15.297059,14.317821,12.369317,11.18034,10.049876,10.0,10.049876,10.440307,12.649111,13.928388,16.155494,17.088007,17.088007
hoyeon_stand_normal_01,2001,667,66.70364480874316,29.998360745314464,10,0.5686889290809631,0.6814752817153931,-0.0253225434571504,0.9998539686203004,0.5647561550140381,0.6939404606819153,-0.0407516323029994,0.9998563528060912,0.5634908676147461,0.6944860219955444,-0.0407684892416,0.999872624874115,0.5622078776359558,0.6950496435165405,-0.0407714731991291,0.9998921155929564,0.5652416348457336,0.6937552094459534,-0.0146475872024893,0.9997739195823668,0.564457893371582,0.6941772103309631,-0.0146225513890385,0.9997248649597168,0.5635705590248108,0.6947106122970581,-0.014646029099822,0.9997573494911194,0.5532894730567932,0.690497636795044,-0.0815334320068359,0.9998919367790222,0.5543673038482666,0.6911576390266418,0.0337234027683734,0.9995752573013306,0.5635162591934204,0.6706994771957397,-0.0382574386894702,0.9998618960380554,0.5643880367279053,0.6697072386741638,-0.004801558330655,0.999771773815155,0.5434542298316956,0.6304410099983215,-0.1537049859762191,0.9999927878379822,0.5382328629493713,0.6212688684463501,0.1136692613363266,0.9996260404586792,0.5513258576393127,0.5265454053878784,-0.1883150935173034,0.995835542678833,0.5509769916534424,0.518517255783081,0.140784665942192,0.1318580657243728,0.5648416876792908,0.4290854632854461,-0.1767539829015731,0.9933508038520812,0.566588282585144,0.4408392310142517,0.1019508317112922,0.1522746384143829,0.5664723515510559,0.3973952233791351,-0.202539250254631,0.986278772354126,0.5718691349029541,0.4101783037185669,0.1076279208064079,0.1578426659107208,0.5701213479042053,0.3949744403362274,-0.1968486160039901,0.9854387044906616,0.5724195837974548,0.4080366790294647,0.0830677524209022,0.1616856902837753,0.5700487494468689,0.4046192467212677,-0.1734260022640228,0.9756810069084167,0.5692834854125977,0.4182937443256378,0.0904083922505378,0.1637161672115326,0.5519068241119385,0.4322400987148285,-0.0782825723290443,0.9981813430786132,0.5519115328788757,0.4305095672607422,0.0782553777098655,0.996069312095642,0.55965256690979,0.2812884151935577,-0.0676133409142494,0.897607147693634,0.5569984912872314,0.2759502530097961,0.0809815153479576,0.2957730591297149,0.5584623217582703,0.1143713891506195,-0.0302432887256145,0.9027286171913148,0.5561895966529846,0.1278962045907974,0.1240313947200775,0.3550902009010315,0.5490007400512695,0.0934188142418861,-0.0288295149803161,0.9140962362289428,0.5469907522201538,0.1055258736014366,0.1258372813463211,0.4721231758594513,0.5831378102302551,0.0907811969518661,-0.0845862403512001,0.8946860432624817,0.5804293155670166,0.1036226972937583,0.0792612582445144,0.481730967760086,hoyeon_stand_normal_01,6.708204,5.385165,7.28011,10.29563,13.601471,15.811388,17.204651,17.204651,17.204651,16.401219,15.811388,13.601471,12.206556,10.630146,7.81025,4.472136,3.162278,6.324555,11.045361,16.03122,21.023796,26.07681,30.265492,31.780497,32.280025,29.732137,11.661904,13.038405,14.422205,15.811388,15.811388,15.0,13.601471,12.206556,10.29563,8.544004,6.082763,6.082763,5.0,6.403124,6.708204,8.246211,10.049876,12.041595,14.0,16.03122,18.027756,19.026298,20.024984,19.0,18.0,14.0,10.29563,8.544004,7.0,5.830952,7.211103,9.486833,11.045361,13.0,15.033296,17.117243,18.11077,19.235384,20.099751,20.099751,20.099751,19.104973,17.029386,15.033296,11.045361,7.28011,3.605551,5.385165,9.899495,14.21267,18.439089,21.931712,9.055385,12.0,14.035669,16.278821,17.720045,17.464249,16.124515,15.0,12.041595,9.219544,6.708204,3.162278,1.414214,3.162278,5.830952,7.81025,9.899495,12.041595,14.21267,15.620499,16.401219,17.804494,17.804494,17.804494,17.029386,14.866069,15.652476,13.892444,13.038405,10.816654,9.219544,8.602325,8.544004,10.440307,11.401754,12.649111,13.928388,14.317821,16.124515,16.401219,17.691806,17.691806,16.401219,15.811388,13.038405,10.29563,7.071068,5.09902,6.708204,10.630146,14.142136,16.970563,9.219544,7.28011,5.656854,6.082763,8.246211,11.7047,13.928388,16.155494,17.720045,18.681542,18.439089,18.11077,17.117243,15.0,14.0,12.041595,11.0,10.0,9.055385,9.486833,10.29563,11.661904,13.038405,15.0,15.811388,16.643317
hoyeon_stand_normal_01,2004,668,66.80365027322404,29.998360745314464,10,0.5686951875686646,0.6815159320831299,-0.0273701436817646,0.9998544454574584,0.5647618770599365,0.6939748525619507,-0.0428832173347473,0.9998568296432496,0.5634958744049072,0.6945209503173828,-0.0428991690278053,0.999873161315918,0.562211811542511,0.6950827240943909,-0.0429022572934627,0.99989253282547,0.565247654914856,0.6937894225120544,-0.0166877154260873,0.9997746348381042,0.5644633173942566,0.6942108273506165,-0.0166630763560533,0.9997259974479676,0.5635751485824585,0.6947421431541443,-0.0166871584951877,0.9997581839561462,0.5532853007316589,0.6904980540275574,-0.0836366936564445,0.9998927116394044,0.5543753504753113,0.6911746859550476,0.0320081189274787,0.9995765089988708,0.5635221004486084,0.670702338218689,-0.0402672737836837,0.9998627305030824,0.5643959045410156,0.6697092652320862,-0.0066987625323235,0.9997729659080504,0.5433890223503113,0.6304399371147156,-0.1556906253099441,0.9999930262565612,0.5382400155067444,0.6212806701660156,0.1128483042120933,0.999628484249115,0.5511868000030518,0.5262457728385925,-0.1898349672555923,0.9960371851921082,0.550987184047699,0.5183868408203125,0.1403266042470932,0.1327385455369949,0.5646250247955322,0.4286783039569855,-0.177950918674469,0.9935620427131652,0.5666215419769287,0.4405137896537781,0.1011943742632865,0.1539023369550705,0.5662726163864136,0.3971956074237823,-0.2039043754339218,0.9865615963935852,0.571913480758667,0.4100559055805206,0.1068385019898414,0.1592031419277191,0.5700293779373169,0.3948414027690887,-0.1983888000249862,0.985728919506073,0.5724955797195435,0.4079791903495788,0.0821734964847564,0.1630811989307403,0.569946825504303,0.4044718146324157,-0.1746788769960403,0.9760323166847228,0.5694046020507812,0.417806476354599,0.0896117836236953,0.1651038080453872,0.5516248345375061,0.4319479763507843,-0.0785642713308334,0.998194694519043,0.5518524646759033,0.4302815794944763,0.0785386338829994,0.9960893392562866,0.5595147013664246,0.281058520078659,-0.0675478726625442,0.8994060158729553,0.5569921731948853,0.2759385704994201,0.0824417099356651,0.2976123094558716,0.5583474040031433,0.1141361594200134,-0.0296329520642757,0.90468168258667,0.5561423897743225,0.1278437376022339,0.1267981976270675,0.3584150373935699,0.5489653944969177,0.0931203365325927,-0.0282187294214963,0.9155045747756958,0.5469435453414917,0.10537800937891,0.1287210881710052,0.4747577011585235,0.583150327205658,0.0904736444354057,-0.0844261720776557,0.8964482545852661,0.5804789066314697,0.1032582446932792,0.0821248739957809,0.4857663512229919,hoyeon_stand_normal_01,14.443136,14.1515785,14.338893,15.207862,14.208642,13.4794815,12.2773405,10.7957215,10.3132635,10.3077645,11.1485295,11.1985245,11.707339,12.2912215,12.366508,11.249946,12.093037,13.1326785,15.517497,17.5707955,18.316532,19.072189,18.561292,17.427978,16.924401500000002,17.333941,9.6414195,9.862172,9.905037,9.708204,9.6567765,9.328427,9.946648,10.1021555,9.178944,9.185054,7.952272499999999,7.892505,6.989466,7.908327,7.545417499999999,8.071092499999999,8.303131,9.1930515,9.486833,9.82962,10.141762,11.7064605,12.983128,14.564801,15.9679515,15.9422475,9.433981,7.81025,6.708204,6.0,6.708204,8.485281,10.816654,12.529964,14.317821,15.652476,17.464249,18.384776,18.788294,18.788294,19.697716,17.888544,17.0,14.317821,11.18034,7.28011,5.385165,6.082763,10.049876,14.317821,18.248288,21.213203,10.198039,12.649111,14.764823,16.643317,18.439089,17.691806,16.401219,14.422205,12.083046,9.486833,6.082763,3.0,1.0,2.828427,5.385165,7.28011,9.219544,11.18034,13.152946,15.132746,16.124515,17.117243,17.117243,16.124515,15.132746,13.341664,17.0,15.811388,14.422205,12.206556,10.630146,10.0,11.18034,11.7047,12.649111,13.928388,15.231546,16.124515,17.492856,18.439089,19.79899,18.439089,18.601075,16.643317,15.264338,12.206556,9.219544,7.28011,8.246211,11.661904,14.21267,17.204651,8.544004,7.211103,5.830952,7.0,9.486833,13.0,15.231546,18.384776,19.313208,20.248457,19.646883,19.235384,18.248288,17.029386,15.033296,14.0,12.0,11.045361,11.401754,10.77033,12.529964,13.601471,14.422205,16.401219,18.027756,18.027756
hoyeon_stand_normal_01,2007,669,66.90365573770492,29.998360745314464,10,0.5686929821968079,0.6815193295478821,-0.0270635671913623,0.9998572468757628,0.5647559762001038,0.6939817667007446,-0.0425427518784999,0.9998595714569092,0.5634897351264954,0.6945272088050842,-0.0425568670034408,0.999875783920288,0.5622060298919678,0.6950864791870117,-0.0425580739974975,0.999894678592682,0.5652394890785217,0.6937965154647827,-0.0162796732038259,0.9997790455818176,0.5644516348838806,0.6942169070243835,-0.016255859285593,0.9997315406799316,0.5635603070259094,0.6947457194328308,-0.0162801258265972,0.9997628927230836,0.5532805919647217,0.6904803514480591,-0.0833372399210929,0.9998949766159058,0.5543751120567322,0.69117271900177,0.0325062572956085,0.9995846152305604,0.5635252594947815,0.6706823110580444,-0.04001335054636,0.9998651146888732,0.5643976926803589,0.6696901321411133,-0.0063837906345725,0.9997767210006714,0.5433799028396606,0.63044273853302,-0.1554443389177322,0.9999932646751404,0.5382068753242493,0.6212778687477112,0.113799549639225,0.9996318221092224,0.5510637760162354,0.5262421369552612,-0.1897646784782409,0.9962328672409058,0.5509836673736572,0.5183590650558472,0.1417693793773651,0.1334991753101349,0.5643690824508667,0.4287156760692596,-0.1783907562494278,0.9937833547592164,0.5667118430137634,0.4405168890953064,0.1028008162975311,0.1552183479070663,0.5660923719406128,0.3972007930278778,-0.204331561923027,0.9868871569633484,0.5720899105072021,0.410071849822998,0.1086522042751312,0.1603344082832336,0.569989025592804,0.3948577046394348,-0.198740467429161,0.9860619306564332,0.5727170705795288,0.4080309271812439,0.0840696915984153,0.1642535626888275,0.569873034954071,0.4044853746891022,-0.1750838756561279,0.9764578938484192,0.5696421265602112,0.4178608655929565,0.0912471339106559,0.1662627607583999,0.5514482855796814,0.4319381415843963,-0.0788170769810676,0.9982186555862428,0.5516331195831299,0.4302705526351928,0.0787897035479545,0.9961392283439636,0.5595515370368958,0.2808997333049774,-0.0679220259189605,0.9017547965049744,0.5569204688072205,0.2759229242801666,0.0824300795793533,0.3010159134864807,0.5583447217941284,0.1141205206513404,-0.0308034177869558,0.9072596430778505,0.5559592843055725,0.1278527975082397,0.1265740096569061,0.3633186221122741,0.5489455461502075,0.0929539427161216,-0.0294606201350688,0.917514979839325,0.5465481877326965,0.1053577363491058,0.1285101026296615,0.4782588481903076,0.5831869840621948,0.0904969349503517,-0.0853446722030639,0.8989013433456421,0.5804866552352905,0.1032882556319236,0.0817163437604904,0.4907684624195099,hoyeon_stand_normal_01,5.0,5.0,7.071068,11.0,13.038405,15.132746,16.124515,17.117243,17.117243,16.03122,15.033296,14.035669,12.041595,10.198039,8.246211,5.830952,4.472136,5.385165,9.219544,14.142136,19.104973,23.345235,26.907248,27.802878,28.017851,26.41969,10.29563,12.529964,13.416408,14.317821,14.317821,13.928388,13.0,10.77033,8.944272,7.211103,5.656854,4.472136,3.0,4.123106,5.0,6.403124,8.062258,10.29563,12.083046,13.928388,15.231546,16.155494,16.552945,17.0,14.317821,12.083046,10.0,7.615773,6.0,5.830952,8.062258,9.486833,12.041595,14.0,16.0,17.029386,19.026298,20.099751,21.023796,22.090722,21.095023,20.024984,18.027756,16.03122,12.165525,8.544004,4.472136,6.324555,11.401754,16.278821,20.518285,23.345235,11.0,14.142136,16.763055,18.384776,19.235384,19.416488,17.804494,15.556349,12.806248,9.433981,6.324555,3.162278,1.414214,2.828427,5.0,8.062258,10.29563,12.529964,14.317821,15.652476,17.888544,17.888544,17.888544,17.888544,16.124515,14.422205,16.763055,14.56022,12.649111,10.77033,9.433981,9.219544,9.219544,10.816654,12.206556,13.601471,14.21267,15.556349,17.029386,17.204651,17.0,17.464249,18.027756,15.811388,14.56022,11.7047,8.944272,7.81025,8.062258,11.045361,14.56022,16.763055,8.246211,6.708204,5.656854,6.082763,8.062258,11.401754,14.56022,15.811388,17.464249,18.248288,18.11077,18.027756,17.029386,15.132746,14.142136,12.041595,11.045361,10.0,10.049876,10.198039,10.440307,13.0,14.317821,15.231546,17.088007,17.088007
hoyeon_stand_normal_01,2010,670,67.0036612021858,29.998360745314464,10,0.5686923265457153,0.6815255880355835,-0.0254339911043643,0.9998604655265808,0.5647371411323547,0.6939905285835266,-0.0407216772437095,0.999862551689148,0.5634685754776001,0.6945338249206543,-0.0407347455620765,0.9998785257339478,0.5621840357780457,0.6950897574424744,-0.0407353602349758,0.999897003173828,0.565222442150116,0.6938040852546692,-0.0146324038505554,0.9997841119766236,0.5644317269325256,0.694221556186676,-0.0146102188155055,0.9997379183769226,0.5635378360748291,0.6947468519210815,-0.0146352583542466,0.9997685551643372,0.5532568097114563,0.6904600262641907,-0.0811094865202903,0.9998973608016968,0.5543633103370667,0.6911576986312866,0.0338837578892707,0.9995946288108826,0.5635278224945068,0.6706638932228088,-0.0382839888334274,0.999867856502533,0.5644004940986633,0.6696689128875732,-0.0049028219655156,0.9997810125350952,0.5433103442192078,0.6304507255554199,-0.1537850052118301,0.9999935030937196,0.5382277965545654,0.6212295889854431,0.1147089302539825,0.9996373653411864,0.5508859753608704,0.5262452363967896,-0.1883327662944793,0.9964069724082948,0.5512774586677551,0.5182969570159912,0.1427724212408065,0.1352316886186599,0.5637889504432678,0.4288886785507202,-0.1781537532806396,0.9939870238304138,0.5672392249107361,0.4404938817024231,0.1042117625474929,0.1575061380863189,0.5654792785644531,0.3972849547863006,-0.2040281891822815,0.9871937036514282,0.5734989047050476,0.4101147353649139,0.1099213883280754,0.162271574139595,0.5696906447410583,0.3949743509292602,-0.1983853876590728,0.9863755106925964,0.5732898712158203,0.4081228375434875,0.0855323299765586,0.1662527769804,0.5695741176605225,0.4046018123626709,-0.1748151332139969,0.97688090801239,0.5709845423698425,0.4179845452308655,0.0927196890115737,0.1682474166154861,0.551045298576355,0.4320643544197082,-0.0788135901093483,0.9982280731201172,0.5516201853752136,0.4303303360939026,0.0787864550948143,0.9961785078048706,0.5595586895942688,0.2808980941772461,-0.0681963935494422,0.9026378393173218,0.5569139719009399,0.2759002447128296,0.0815964937210083,0.3012753129005432,0.558316171169281,0.1141222938895225,-0.0317501686513423,0.9078481793403624,0.5559568405151367,0.1278746277093887,0.1238900125026702,0.3633585572242737,0.54889976978302,0.0929578989744186,-0.0304460506886243,0.9177576899528505,0.54636150598526,0.1053621992468833,0.1255807131528854,0.477787047624588,0.5831648111343384,0.0904979258775711,-0.0863300636410713,0.899476945400238,0.580498456954956,0.1032611951231956,0.0784849375486373,0.4908881187438965,hoyeon_stand_normal_01,5.0,4.0,7.211103,10.630146,12.727922,15.556349,15.556349,16.970563,16.278821,15.556349,14.866069,13.453624,12.041595,10.0,7.211103,5.09902,3.605551,6.324555,10.0,15.033296,20.024984,24.020824,27.018512,29.068884,29.274562,27.658633,11.18034,12.529964,13.892444,15.264338,15.264338,15.0,13.601471,11.401754,9.433981,8.062258,6.324555,5.0,3.605551,4.242641,5.385165,7.071068,9.0,10.049876,12.041595,14.142136,15.132746,17.117243,17.117243,16.124515,14.142136,11.18034,13.584938,12.9314305,12.3527875,11.806161,12.337942,12.6290155,12.6885165,12.930846,13.109772,12.7843315,12.3602965,12.1286505,12.3541365,13.2361025,14.8761575,15.7206655,16.3615415,16.577747000000002,16.13861,14.425391,12.830878,13.896399,15.183723,17.1035515,18.4403685,18.560665,9.6414195,10.7058605,11.3409725,11.249946,11.094288,10.735726,11.890281,11.431849,10.739333,10.018099,8.854872499999999,7.1858155,6.190911000000001,6.581139,7.342544,8.0282305,8.586727,9.536631,9.503732,9.1802915,9.453535,10.933981,12.2201615,13.450782,13.6616375,13.657296,12.165525,12.369317,12.649111,13.601471,12.369317,12.369317,11.18034,10.198039,9.055385,8.0,7.0,5.09902,4.472136,3.605551,5.385165,7.071068,10.0,13.0,15.033296,17.029386,19.104973,19.235384,19.416488,18.439089,16.492423,14.56022,14.142136,16.278821,17.464249,17.720045,17.720045,16.763055,14.866069,12.649111,10.440307,8.062258,6.082763,5.385165,5.656854,5.830952,7.615773,8.944272,9.848858,9.848858,11.18034,11.18034,11.18034,11.18034,12.083046,10.440307,10.198039,11.045361
hoyeon_stand_normal_01,2013,671,67.10366666666667,29.998360745314464,10,0.5686788558959961,0.6815670132637024,-0.0242699962109327,0.9998631477355956,0.5646989345550537,0.6940342783927917,-0.039504874497652,0.9998650550842284,0.5634279847145081,0.6945709586143494,-0.0395183339715004,0.999880850315094,0.5621435046195984,0.6951175928115845,-0.0395182855427265,0.9998989701271056,0.5651918649673462,0.6938467621803284,-0.0133488364517688,0.9997882843017578,0.5644006133079529,0.6942560076713562,-0.0133272353559732,0.9997430443763732,0.5635072588920593,0.6947696805000305,-0.0133527386933565,0.9997731447219848,0.5532181262969971,0.6904587745666504,-0.0797952264547348,0.9998993277549744,0.5543386936187744,0.6911579370498657,0.0355289317667484,0.9996019005775452,0.5635286569595337,0.6706617474555969,-0.0371036566793918,0.9998701214790344,0.5644022226333618,0.6696656346321106,-0.0036362030077725,0.9997844696044922,0.5431954860687256,0.6304975152015686,-0.153063490986824,0.9999937415122986,0.5382469892501831,0.6211667060852051,0.1164306551218032,0.9996432065963744,0.5507322549819946,0.5263057947158813,-0.1883146911859512,0.9965707659721376,0.5515769720077515,0.5182820558547974,0.1450380235910415,0.1369856297969818,0.5634602308273315,0.4294444024562835,-0.178827628493309,0.994206428527832,0.5676986575126648,0.4404926896095276,0.1058641225099563,0.1609634160995483,0.5650491714477539,0.397503137588501,-0.204842060804367,0.9875504970550536,0.5744859576225281,0.4101831316947937,0.111420601606369,0.1654234528541565,0.5694544911384583,0.3952218890190124,-0.1994435042142868,0.9867453575134276,0.5738019347190857,0.4082277715206146,0.0868724137544632,0.1695194989442825,0.5693833231925964,0.4048795700073242,-0.1755914539098739,0.9773935675621032,0.5718629956245422,0.4181474149227142,0.0942670851945877,0.1714508682489395,0.5504677295684814,0.4323375225067138,-0.0788582414388656,0.9982404708862304,0.5515949726104736,0.4304166734218597,0.078831061720848,0.9962236285209656,0.5595623850822449,0.2808996737003326,-0.0686245188117027,0.9038915038108826,0.5569124221801758,0.2758824527263641,0.0814292877912521,0.3025290071964264,0.5583104491233826,0.1141302734613418,-0.0324140600860118,0.9089636206626892,0.5558868646621704,0.1278743594884872,0.1230919435620307,0.3652310073375702,0.5488812327384949,0.0929718762636184,-0.0310985036194324,0.9184651374816896,0.5462552309036255,0.1053586825728416,0.1246939674019813,0.4789199233055115,0.5830295085906982,0.0903545692563057,-0.0870526805520057,0.9006442427635193,0.5804229974746704,0.1029010266065597,0.0773707926273346,0.492889940738678,hoyeon_stand_normal_01,5.385165,4.472136,6.403124,9.486833,12.649111,14.56022,15.524175,15.524175,15.524175,14.56022,13.601471,12.369317,11.401754,9.219544,7.071068,4.0,2.236068,4.472136,9.219544,14.21267,18.439089,22.803509,25.806976,27.45906,27.294688,25.495098,9.055385,11.045361,12.0,13.0,14.035669,13.038405,12.041595,10.049876,8.0,7.071068,5.385165,4.242641,4.123106,5.0,6.324555,8.062258,9.433981,11.401754,12.806248,14.866069,15.620499,17.691806,17.691806,17.029386,15.620499,12.041595,16.155494,15.811388,16.763055,16.492423,15.297059,14.142136,13.152946,11.045361,9.0,7.071068,5.09902,3.605551,2.0,3.605551,6.403124,9.433981,12.529964,16.124515,18.35756,19.235384,20.59126,21.095023,20.248457,18.601075,15.811388,12.806248,9.0,8.062258,7.28011,5.385165,3.605551,2.236068,4.472136,6.082763,7.0,8.062258,9.219544,9.219544,9.486833,8.544004,8.544004,7.615773,6.324555,4.472136,3.162278,1.0,1.414214,3.605551,5.830952,8.062258,11.18034,12.529964,15.620499,14.21267,12.206556,10.29563,9.486833,9.055385,9.0,10.049876,11.18034,13.152946,14.035669,16.0,17.029386,17.262677,17.720045,18.384776,17.888544,16.124515,14.422205,11.661904,8.544004,6.082763,7.81025,11.18034,14.866069,18.027756,8.602325,7.071068,4.472136,5.09902,7.211103,9.899495,12.727922,14.866069,17.029386,17.804494,17.204651,16.124515,15.652476,14.317821,13.0,11.7047,9.848858,8.944272,8.602325,9.899495,10.0,12.206556,13.038405,15.264338,16.643317,17.204651
hoyeon_stand_normal_01,2016,672,67.20367213114754,29.998360745314464,10,0.5686328411102295,0.6815814971923828,-0.0231295134872198,0.9998658895492554,0.5646411180496216,0.6940518617630005,-0.0382125154137611,0.9998677372932434,0.5633637309074402,0.6945852041244507,-0.0382276065647602,0.9998831748962402,0.5620786547660828,0.6951276063919067,-0.0382278747856617,0.9999010562896729,0.5651541948318481,0.693863570690155,-0.012187885120511,0.9997926354408264,0.56436687707901,0.6942691206932068,-0.0121661517769098,0.9997481107711792,0.5634791851043701,0.694778561592102,-0.0121911531314253,0.9997777342796326,0.5531341433525085,0.6904547810554504,-0.0780091658234596,0.9999014735221864,0.5543114542961121,0.691156804561615,0.036697544157505,0.999609649181366,0.5635002851486206,0.6706591248512268,-0.035804770886898,0.9998724460601808,0.5643875598907471,0.6696605086326599,-0.002505816752091,0.999787986278534,0.543039083480835,0.6306330561637878,-0.1515024304389953,0.9999939799308776,0.538282573223114,0.6211204528808594,0.1172097474336624,0.9996486902236938,0.550514280796051,0.5266572833061218,-0.1879167556762695,0.9967254996299744,0.551775336265564,0.5182712078094482,0.1456578224897384,0.1387355774641037,0.5633866190910339,0.4302615821361542,-0.1796230524778366,0.9944244027137756,0.5679175853729248,0.4404421150684356,0.1064941361546516,0.1642450392246246,0.5648180842399597,0.3978236019611358,-0.205795869231224,0.9879111647605896,0.5748776793479919,0.41017746925354,0.1120157986879348,0.1683446168899536,0.5692500472068787,0.3954781293869018,-0.2003408521413803,0.9871183037757874,0.5739376544952393,0.4082111716270447,0.087384782731533,0.1724803745746612,0.5692408680915833,0.4051820635795593,-0.1763837486505508,0.9779297709465028,0.5721447467803955,0.4181508719921112,0.094868503510952,0.1743824481964111,0.5501095056533813,0.4328587651252746,-0.0787325203418731,0.9982492923736572,0.5514612793922424,0.4305344820022583,0.0787055939435958,0.9962529540061952,0.559587836265564,0.2810657024383545,-0.0688084214925766,0.9034864902496338,0.5569158792495728,0.2759170532226562,0.0807461068034172,0.3011377453804016,0.558300256729126,0.1142804250121116,-0.0330784618854522,0.9081791639328004,0.5557620525360107,0.1278743296861648,0.1212984099984169,0.3630160093307495,0.5488787889480591,0.0931303426623344,-0.0317768976092338,0.918395221233368,0.5461887717247009,0.1053627058863639,0.1228063553571701,0.4777252376079559,0.5819153189659119,0.0904185995459556,-0.0873948782682418,0.9000794887542725,0.5802547931671143,0.1028602644801139,0.0754159316420555,0.490456610918045,hoyeon_stand_normal_01,23.706539,23.769729,22.472205,19.924859,16.492423,13.341664,9.219544,6.324555,2.828427,2.236068,5.0,8.062258,10.29563,13.416408,16.124515,18.35756,20.248457,21.400935,22.022716,20.518285,18.384776,14.866069,9.899495,5.830952,4.242641,8.544004,8.0,7.071068,6.082763,5.0,4.472136,6.082763,8.0,10.049876,11.045361,12.041595,12.041595,12.041595,12.041595,11.045361,11.18034,10.198039,9.219544,8.246211,7.615773,5.830952,4.472136,6.0,8.544004,12.529964,15.811388,19.723083,17.029386,17.804494,18.027756,18.027756,17.492856,16.552945,14.317821,12.649111,10.440307,8.062258,6.0,3.605551,3.162278,5.385165,8.602325,12.041595,15.556349,19.79899,22.627417,25.455844,26.870058,27.586228,26.907248,24.839485,22.022716,18.601075,10.77033,8.944272,7.211103,5.0,3.0,3.162278,5.09902,8.544004,10.29563,11.401754,12.806248,12.041595,12.727922,11.313708,11.313708,9.899495,8.485281,7.071068,5.656854,3.605551,1.0,2.236068,5.0,7.81025,10.630146,12.727922,16.03122,15.132746,13.038405,11.0,10.049876,9.486833,9.433981,10.0,11.401754,12.806248,13.601471,15.264338,16.552945,17.720045,17.464249,18.248288,18.027756,16.0,14.0,11.0,8.062258,5.830952,6.324555,10.0,13.152946,15.297059,9.055385,7.0,5.385165,6.403124,9.486833,12.165525,15.132746,17.262677,18.681542,19.924859,18.973666,18.384776,17.0,16.124515,14.422205,13.038405,11.661904,10.29563,10.77033,10.198039,11.045361,13.0,14.035669,16.03122,17.0,17.0
hoyeon_stand_normal_01,2019,673,67.30367759562841,29.998360745314464,10,0.568630039691925,0.681609034538269,-0.0231871344149112,0.9998689293861388,0.5646342635154724,0.6940814256668091,-0.038228616118431,0.9998709559440612,0.5633533000946045,0.6946144104003906,-0.0382436253130435,0.9998859763145448,0.5620645880699158,0.6951553225517273,-0.0382440015673637,0.9999036192893982,0.5651509761810303,0.6938923001289368,-0.0122432922944426,0.9997974634170532,0.564363420009613,0.6942951083183289,-0.0122215105220675,0.999753713607788,0.5634755492210388,0.6948014497756958,-0.0122459921985864,0.9997827410697936,0.5531001687049866,0.6904610395431519,-0.0780881270766258,0.999904215335846,0.5543021559715271,0.6911672353744507,0.0365810543298721,0.9996184706687928,0.5634985566139221,0.6706616878509521,-0.0358325764536857,0.9998756051063538,0.564389169216156,0.6696606874465942,-0.0025977853219956,0.9997925758361816,0.5429850220680237,0.6307069659233093,-0.1515233963727951,0.9999942183494568,0.538289487361908,0.6211036443710327,0.1171692758798599,0.9996543526649476,0.5504274368286133,0.5267856121063232,-0.1878974288702011,0.9968836903572084,0.5518506169319153,0.5182925462722778,0.1455704420804977,0.1403460204601287,0.5633682608604431,0.4302778542041778,-0.1797929853200912,0.994645059108734,0.567999005317688,0.4404376149177551,0.1063858568668365,0.1664573848247528,0.5647042393684387,0.3977602124214172,-0.2059856206178665,0.9882808327674866,0.5750587582588196,0.4101928770542145,0.1119269654154777,0.1701822578907013,0.569175124168396,0.3954200744628906,-0.2005369663238525,0.9875012040138244,0.5740063190460205,0.4082129597663879,0.0873143896460533,0.1743068844079971,0.5692089200019836,0.4051472246646881,-0.1765194833278656,0.9784975647926332,0.5722781419754028,0.4181621968746185,0.0947781428694725,0.1761795580387115,0.5500511527061462,0.4333257973194122,-0.0784147232770919,0.9982666373252868,0.5511460900306702,0.4308634996414184,0.0783876180648803,0.9962818622589112,0.5596069097518921,0.2821674346923828,-0.0688163116574287,0.9013428092002868,0.5569174289703369,0.276205450296402,0.0804243385791778,0.2969567775726318,0.5582798719406128,0.1144293248653411,-0.0332187265157699,0.9055299758911132,0.5555804967880249,0.1281727403402328,0.1207718029618263,0.3568774163722992,0.5488754510879517,0.0932324454188346,-0.0319167152047157,0.9173552393913268,0.5462030172348022,0.1055765599012374,0.122306041419506,0.4738784432411194,0.5815276503562927,0.0908721312880516,-0.0873677209019661,0.8976874351501465,0.5786789059638977,0.1034066155552864,0.0753184929490089,0.483895480632782,hoyeon_stand_normal_01,5.830952,5.385165,7.81025,11.18034,13.0,15.231546,16.155494,16.155494,16.155494,16.155494,13.928388,13.0,10.77033,9.486833,7.28011,4.0,2.236068,5.385165,10.0,15.0,19.416488,23.853721,26.925824,29.068884,28.231188,26.570661,10.0,12.041595,13.152946,14.142136,14.142136,13.341664,12.369317,10.198039,8.062258,6.0,4.123106,4.242641,4.123106,5.0,6.324555,8.544004,10.29563,11.661904,13.892444,15.811388,16.643317,18.027756,18.027756,17.204651,15.811388,12.206556,10.198039,8.062258,5.656854,5.09902,6.324555,8.602325,10.630146,12.206556,13.892444,16.124515,18.35756,19.235384,20.124612,20.124612,21.023796,19.235384,18.35756,15.652476,12.083046,7.615773,4.123106,5.0,9.486833,13.928388,18.384776,21.18962,9.219544,12.206556,15.652476,17.088007,18.681542,17.262677,17.029386,15.033296,12.165525,9.219544,6.708204,4.242641,2.0,3.162278,5.0,8.062258,10.049876,12.165525,14.317821,15.524175,17.464249,18.439089,18.439089,18.248288,17.117243,15.033296,16.278821,14.142136,12.165525,11.045361,9.055385,8.544004,8.944272,10.0,11.401754,12.206556,13.892444,14.764823,16.155494,16.492423,18.248288,17.029386,17.0,16.03122,14.035669,11.045361,8.062258,5.830952,7.28011,10.049876,14.142136,16.124515,9.848858,7.28011,6.082763,6.403124,8.944272,11.401754,14.56022,16.763055,18.027756,18.384776,18.788294,18.35756,16.643317,15.0,13.601471,12.806248,11.401754,10.816654,9.848858,9.486833,10.198039,12.041595,14.035669,15.033296,16.03122,17.117243
hoyeon_stand_normal_01,2022,674,67.40368306010929,29.998360745314464,10,0.5686302781105042,0.6816381812095642,-0.0229968633502721,0.9998717308044434,0.5646345615386963,0.6941147446632385,-0.0380116365849971,0.9998739957809448,0.5633531212806702,0.6946487426757812,-0.0380271933972835,0.9998885989189148,0.5620632171630859,0.6951899528503418,-0.0380285754799842,0.9999060034751892,0.5651519894599915,0.6939231753349304,-0.0120652960613369,0.9998019337654114,0.5643647909164429,0.6943234205245972,-0.0120429452508687,0.999758780002594,0.5634773373603821,0.6948267221450806,-0.012066432274878,0.9997871518135072,0.5530916452407837,0.6904760003089905,-0.0778855606913566,0.9999069571495056,0.5543028116226196,0.6911928653717041,0.0365956015884876,0.999626874923706,0.5634990334510803,0.6706705093383789,-0.0356715060770511,0.9998785257339478,0.5643904209136963,0.6696652173995972,-0.0024821711704134,0.9997968077659608,0.5429736971855164,0.6307771801948547,-0.1512982249259948,0.999994456768036,0.5382534861564636,0.6211052536964417,0.1170733496546745,0.9996581673622132,0.5503068566322327,0.5268453359603882,-0.1872849464416504,0.9970252513885498,0.551847517490387,0.5183725953102112,0.1454849541187286,0.1410620808601379,0.5633729100227356,0.4302193522453308,-0.1786501705646515,0.9948233366012572,0.5679930448532104,0.4405786097049713,0.1065275147557258,0.1665844619274139,0.5647063851356506,0.397555261850357,-0.204742357134819,0.9885625243186952,0.5750616788864136,0.4104203283786773,0.112120620906353,0.1701447069644928,0.5691643953323364,0.395171195268631,-0.1992602348327636,0.9877881407737732,0.5739973187446594,0.4083007872104645,0.0876088887453079,0.1742292493581771,0.5692058205604553,0.404924988746643,-0.175278827548027,0.9789232611656188,0.5722551941871643,0.4183194935321808,0.0949755907058715,0.1761296093463897,0.5500609278678894,0.4337738454341888,-0.0777159184217453,0.9982722997665404,0.5506371259689331,0.4313102066516876,0.0776892527937889,0.9962958693504332,0.5599794983863831,0.2830156087875366,-0.0687150806188583,0.8978043794631958,0.5568487644195557,0.2762787342071533,0.0793812796473503,0.2922739684581756,0.558344304561615,0.1144323348999023,-0.0332062914967536,0.9012043476104736,0.5547887682914734,0.1281647980213165,0.119254469871521,0.349612683057785,0.5489593744277954,0.0932865813374519,-0.0318800434470176,0.9156686663627625,0.546202540397644,0.1055922284722328,0.1207898333668708,0.4693143963813782,0.5812742114067078,0.0911469683051109,-0.0863110050559043,0.8936672210693359,0.577165424823761,0.1034583151340484,0.0741416066884994,0.4752129912376404,hoyeon_stand_normal_01,5.09902,4.242641,6.324555,10.0,13.0,14.0,15.0,16.0,16.0,15.033296,14.035669,13.038405,11.045361,9.055385,6.324555,4.472136,3.0,6.403124,10.630146,15.0,20.0,24.083189,26.907248,28.319605,28.425341,27.202941,10.440307,12.649111,13.601471,15.297059,14.317821,14.317821,13.341664,11.18034,9.219544,7.615773,5.830952,5.0,5.09902,5.09902,5.385165,7.211103,9.219544,10.630146,12.041595,14.21267,15.620499,16.401219,16.401219,16.401219,15.0,11.401754,10.77033,9.055385,7.071068,6.403124,6.708204,9.055385,11.045361,12.369317,14.56022,16.763055,18.027756,19.313208,19.313208,20.248457,20.248457,18.973666,17.720045,14.866069,11.7047,6.708204,4.472136,5.0,10.29563,14.317821,18.788294,21.470911,9.486833,12.165525,15.0,16.03122,17.262677,16.763055,16.552945,13.892444,12.206556,9.219544,6.403124,3.162278,1.414214,3.162278,5.830952,7.211103,10.0,12.041595,14.142136,15.556349,16.970563,18.384776,17.691806,17.691806,17.029386,15.0,14.482167,14.1241695,13.619926,13.3476,11.2898365,11.14094,11.076473,10.615108,10.6217,11.1289745,10.5533685,10.516648,10.6117675,10.7462115,12.21544,13.033287,14.57738,14.7704615,15.27336,15.264933,13.932115,13.816654,14.2360015,15.232193,15.7195445,15.715943500000002,11.6579515,11.9333315,10.9470755,11.362887,12.9176,13.831047,14.5393695,14.1861585,14.1622585,13.2788185,12.1541965,11.983491,11.415476,11.0278,11.0640355,11.109772,11.041523,10.848692,11.0207975,10.970545,11.3358705,12.1240755,12.9670195,13.333046,14.1526105,14.6438485
hoyeon_stand_normal_01,2025,675,67.50368852459016,29.998360745314464,10,0.5686308145523071,0.6816500425338745,-0.021603899076581,0.9998742938041688,0.5646346211433411,0.6941249370574951,-0.0366531610488891,0.9998767971992492,0.5633527636528015,0.6946588754653931,-0.0366699248552322,0.99989116191864,0.56206214427948,0.6951987743377686,-0.0366728752851486,0.9999082684516908,0.5651522278785706,0.693933367729187,-0.0106396628543734,0.9998061656951904,0.5643650889396667,0.6943326592445374,-0.0106159253045916,0.9997636675834656,0.5634775161743164,0.6948343515396118,-0.0106380879878997,0.9997912049293518,0.5530880093574524,0.6904745697975159,-0.0769140720367431,0.9999095797538756,0.5543032884597778,0.6911976933479309,0.0377734638750553,0.9996347427368164,0.5634994506835938,0.6706713438034058,-0.0344550460577011,0.9998809695243835,0.5643918514251709,0.6696659922599792,-0.0011873894836753,0.999800443649292,0.5429495573043823,0.6308095455169678,-0.1507135927677154,0.9999946355819702,0.5382049083709717,0.6211215853691101,0.1178535670042038,0.9996594190597534,0.5501771569252014,0.5268689393997192,-0.1865214705467224,0.9971551895141602,0.551532506942749,0.5184493064880371,0.1460396349430084,0.1409801691770553,0.5633838772773743,0.4300671815872192,-0.1764115244150161,0.9949847459793092,0.5679883360862732,0.4410675466060638,0.1082973852753639,0.1657206416130066,0.564713716506958,0.3973758518695831,-0.2023400664329528,0.988818109035492,0.5750563144683838,0.4110252857208252,0.1140711680054664,0.1692657619714737,0.5691737532615662,0.3950260877609253,-0.196732759475708,0.988046646118164,0.5740023255348206,0.4087269902229309,0.0896556675434112,0.1733345687389373,0.569222092628479,0.4047651886940002,-0.1729327142238617,0.9793005585670472,0.5722532868385315,0.4188441038131714,0.0967878475785255,0.1752605140209198,0.5500652194023132,0.4341330528259277,-0.077300064265728,0.9982687830924988,0.5502024292945862,0.4317327737808227,0.0772739872336387,0.9962950944900512,0.5604690909385681,0.2832336723804474,-0.0685399696230888,0.8951704502105713,0.5566497445106506,0.2762748301029205,0.0785747691988945,0.2900013625621795,0.5588511228561401,0.114425390958786,-0.0329745560884475,0.8979039192199707,0.5543814301490784,0.1279834955930709,0.1177922859787941,0.345202088356018,0.54982990026474,0.0932843908667564,-0.0315900817513465,0.9143275618553162,0.5461925268173218,0.1055827736854553,0.1192662566900253,0.466799259185791,0.5817450284957886,0.0914336964488029,-0.0850851684808731,0.8906471133232117,0.5766118764877319,0.1035669893026351,0.0726842731237411,0.4691698253154754,hoyeon_stand_normal_01,5.385165,6.324555,7.81025,10.816654,13.892444,16.124515,17.0,17.0,17.0,15.652476,14.764823,13.416408,12.083046,9.848858,7.615773,5.09902,3.605551,5.0,9.219544,13.601471,18.027756,22.803509,25.70992,27.45906,27.166155,25.019992,9.0,11.045361,13.038405,14.142136,14.142136,13.152946,12.165525,10.198039,8.062258,6.0,5.09902,3.605551,3.162278,4.0,5.09902,6.708204,8.062258,10.816654,12.206556,14.422205,15.811388,17.204651,17.204651,15.811388,14.422205,11.401754,11.401754,9.219544,7.28011,6.082763,7.211103,8.602325,11.18034,13.601471,15.524175,17.262677,19.416488,20.396078,21.377558,22.36068,21.377558,20.615528,19.646883,16.492423,13.152946,9.055385,5.0,6.0,10.77033,15.652476,19.723083,23.259407,10.198039,13.928388,16.124515,18.601075,19.849433,19.104973,17.804494,15.264338,13.416408,9.486833,7.071068,4.0,1.414214,2.828427,5.385165,8.544004,10.440307,12.369317,14.317821,16.278821,17.464249,18.439089,18.439089,18.439089,16.763055,15.231546,12.041595,12.727922,13.453624,13.453624,13.453624,12.727922,12.041595,10.630146,10.0,8.062258,6.403124,4.242641,4.472136,4.0,5.385165,8.062258,10.29563,13.892444,16.124515,18.35756,20.124612,21.023796,20.615528,20.248457,18.027756,14.866069,14.56022,16.763055,17.720045,18.439089,18.439089,17.262677,15.132746,13.152946,10.198039,7.615773,6.403124,5.0,5.09902,6.0,7.071068,8.062258,10.198039,10.049876,11.045361,11.045361,11.045361,12.041595,11.045361,11.18034,10.77033,11.18034
hoyeon_stand_normal_01,2028,676,67.60369398907103,29.998360745314464,10,0.5686300992965698,0.6816530227661133,-0.0209320653229951,0.9998766183853148,0.5646337866783142,0.6941288709640503,-0.0360463298857212,0.9998793005943298,0.5633515119552612,0.6946630477905273,-0.036063827574253,0.9998934864997864,0.5620599389076233,0.6952025294303894,-0.0360676683485507,0.999910295009613,0.5651519894599915,0.6939368844032288,-0.0099292127415537,0.999809741973877,0.5643651485443115,0.6943358778953552,-0.0099043743684887,0.9997679591178894,0.5634776949882507,0.6948367357254028,-0.0099249621853232,0.9997947812080384,0.5530853271484375,0.6904634237289429,-0.0765475407242775,0.999911904335022,0.5543052554130554,0.6911986470222473,0.0385918393731117,0.9996412396430968,0.5634987950325012,0.6706738471984863,-0.0338831469416618,0.9998832941055298,0.5643934607505798,0.6696728467941284,-0.0004776057612616,0.9998035430908204,0.5428148508071899,0.630848228931427,-0.1505385935306549,0.9999948143959044,0.5382407903671265,0.6211205124855042,0.1186166778206825,0.9996606111526488,0.5499535202980042,0.5268761515617371,-0.1863725632429123,0.9972710609436036,0.5515387058258057,0.5184874534606934,0.1471120417118072,0.1406268626451492,0.5633824467658997,0.4300632178783417,-0.1760456711053848,0.9951280355453492,0.5680797100067139,0.4413380026817322,0.1093218848109245,0.1654383540153503,0.5647188425064087,0.3973676264286041,-0.2019569277763366,0.9890440106391908,0.5752294063568115,0.4113982319831848,0.1149943396449089,0.1690060794353485,0.5691901445388794,0.3950184285640716,-0.1963773071765899,0.988275945186615,0.5741572976112366,0.4090037643909454,0.0904833823442459,0.1731074452400207,0.5692417025566101,0.4047521948814392,-0.1725704222917556,0.9796290397644044,0.5724157691001892,0.419156402349472,0.0977347716689109,0.1750602573156356,0.5500730276107788,0.4342864751815796,-0.0772925317287445,0.9982776641845704,0.5502032041549683,0.4318889677524566,0.0772667080163955,0.9963048100471495,0.5608330368995667,0.2833242416381836,-0.0685373023152351,0.893358051776886,0.556601345539093,0.2762988805770874,0.0785777568817138,0.2879082262516022,0.5591224431991577,0.1143459379673004,-0.0330523699522018,0.8960602283477783,0.5542027354240417,0.1280256062746048,0.1179518476128578,0.3421970307826996,0.5500904321670532,0.0930498614907264,-0.0316989608108997,0.9133160710334778,0.5456943511962891,0.105540320277214,0.1194438114762306,0.4649354219436645,0.5822240710258484,0.0917487442493438,-0.085510067641735,0.8889723420143127,0.5766366720199585,0.1040920987725257,0.0728301480412483,0.4656820893287658,hoyeon_stand_normal_01,14.241139,13.465856,14.625939,14.655844,14.0124905,13.860937,12.262516000000002,10.3754785,9.2574445,9.23581,10.27263,10.6651235,11.357731,11.4105075,11.806161,11.4556125,11.3771765,13.465856,15.62113,17.1589105,18.138022,18.808516,17.589678499999998,16.424732,16.2018385,17.539426,9.6678455,9.883479,10.1055515,10.165756,9.8704815,10.208204,10.1646285,10.0234485,9.5087635,8.8631545,8.684658500000001,7.987434,7.3929455,8.13968,8.0990195,8.7745455,9.353188500000002,9.5087635,10.1548375,10.108537,10.6175955,11.4095325,12.8911515,14.4848055,15.962697,16.0327995,9.0,7.071068,5.830952,5.385165,7.0,8.544004,11.18034,13.038405,15.0,17.029386,17.804494,19.209373,20.0,20.0,20.0,19.416488,18.027756,15.0,12.206556,7.81025,5.09902,5.656854,9.848858,14.56022,18.681542,21.18962,10.0,12.529964,15.231546,16.763055,18.248288,18.11077,17.0,15.132746,12.369317,9.486833,6.708204,3.605551,1.0,2.0,4.123106,7.28011,8.544004,11.18034,12.529964,14.764823,15.652476,16.124515,16.552945,15.652476,15.231546,12.649111,11.401754,13.152946,13.152946,13.341664,13.341664,13.341664,11.401754,10.440307,8.944272,7.615773,6.324555,5.09902,4.123106,3.605551,5.0,8.062258,10.29563,13.416408,15.652476,18.35756,20.248457,21.633308,20.808652,20.0,18.439089,15.620499,14.142136,16.278821,17.691806,18.439089,17.804494,15.811388,14.422205,12.206556,10.0,7.071068,5.830952,4.123106,5.385165,5.830952,6.403124,7.81025,9.219544,10.0,11.401754,10.816654,11.401754,12.206556,10.816654,10.630146,10.630146,10.29563
hoyeon_stand_normal_01,2031,677,67.7036994535519,29.998360745314464,10,0.5686308145523071,0.681656002998352,-0.020399946719408,0.9998774528503418,0.5646349787712097,0.694132387638092,-0.0355479791760444,0.99988055229187,0.5633525848388672,0.6946670413017273,-0.0355664566159248,0.9998945593833924,0.5620604753494263,0.6952061057090759,-0.0355712808668613,0.9999113082885742,0.5651527643203735,0.6939398050308228,-0.0093724941834807,0.9998114109039308,0.5643659830093384,0.6943386793136597,-0.0093473037704825,0.9997697472572328,0.5634785294532776,0.6948390007019043,-0.0093680135905742,0.9997963309288024,0.5530847907066345,0.6904569864273071,-0.0762810707092285,0.999913215637207,0.5543059706687927,0.6912016272544861,0.0390954092144966,0.9996445775032043,0.5634992718696594,0.6706767678260803,-0.0334623008966445,0.999884068965912,0.5643961429595947,0.6696798801422119,1.9450009858701375e-05,0.999804437160492,0.542763352394104,0.6308676600456238,-0.15018031001091,0.9999948740005492,0.5382388830184937,0.6211246848106384,0.1186799108982086,0.9996606111526488,0.5498549938201904,0.5268825888633728,-0.1860817819833755,0.9973539113998412,0.5514941811561584,0.5185369849205017,0.1470184475183487,0.1399143487215042,0.5633954405784607,0.4300486445426941,-0.1753664016723632,0.9951964616775512,0.5680702924728394,0.4416922330856323,0.1092139706015586,0.1641965210437774,0.5647514462471008,0.3973608314990997,-0.2012450397014618,0.989113748073578,0.5752093195915222,0.4117336273193359,0.1148858964443206,0.167908638715744,0.5692031383514404,0.3949880301952362,-0.1955431401729583,0.988337516784668,0.574149489402771,0.4091506004333496,0.0903532728552818,0.171993687748909,0.569246232509613,0.4047203361988067,-0.1718735694885254,0.9796934723854064,0.5723981857299805,0.4193855822086334,0.097623199224472,0.1739825159311294,0.5500778555870056,0.4344790279865265,-0.077080599963665,0.9982749223709106,0.5502077341079712,0.4321051239967346,0.0770567655563354,0.9963060021400452,0.5609878301620483,0.2835551798343658,-0.0685379654169082,0.8903444409370422,0.5566004514694214,0.276319295167923,0.0783440992236137,0.2851381003856659,0.5592470765113831,0.114340916275978,-0.0330294780433177,0.8929425477981567,0.5542085766792297,0.1279927790164947,0.1176408678293228,0.3381243348121643,0.5504683256149292,0.0930623263120651,-0.0316778756678104,0.912307620048523,0.545825183391571,0.1055727526545524,0.1191363632678985,0.4627623558044433,0.5822511911392212,0.0919188410043716,-0.0852432548999786,0.8862537145614624,0.5763822793960571,0.1042155176401138,0.0725122690200805,0.4604351222515106,hoyeon_stand_normal_01,6.403124,6.0,6.708204,9.219544,12.041595,13.453624,14.142136,14.866069,14.866069,14.142136,12.727922,11.313708,10.630146,8.485281,6.403124,4.472136,2.236068,4.123106,8.0,13.0,17.0,21.023796,23.086793,24.33105,24.738634,23.086793,8.0,10.0,11.045361,12.165525,12.165525,12.165525,10.198039,9.219544,8.062258,6.0,4.123106,3.605551,4.472136,5.09902,6.0,7.071068,8.544004,10.77033,11.7047,13.928388,15.231546,16.155494,16.155494,16.155494,13.928388,12.083046,9.433981,7.28011,6.082763,6.403124,8.062258,10.198039,12.041595,14.035669,16.03122,18.11077,20.099751,20.099751,21.095023,22.090722,22.090722,21.023796,19.026298,17.029386,13.038405,9.219544,5.656854,6.082763,10.0,14.21267,18.439089,22.022716,10.0,13.038405,16.278821,17.720045,18.384776,19.235384,18.027756,15.620499,13.453624,10.0,8.062258,5.385165,2.236068,2.0,5.0,7.071068,8.602325,10.816654,13.038405,14.422205,15.264338,16.643317,16.643317,16.643317,15.811388,14.142136,15.524175,14.56022,12.369317,11.18034,9.0,8.062258,8.544004,9.848858,11.18034,12.529964,13.416408,14.866069,15.524175,16.124515,18.0,17.029386,17.262677,16.278821,14.317821,11.18034,8.062258,5.385165,6.708204,10.049876,13.0,16.0,9.848858,7.28011,6.082763,6.403124,8.062258,12.083046,14.866069,16.155494,18.788294,19.235384,18.867962,18.027756,16.401219,14.866069,13.453624,12.727922,11.313708,10.630146,9.433981,9.848858,10.440307,12.369317,14.142136,15.132746,16.278821,17.464249
hoyeon_stand_normal_01,2034,678,67.80370491803279,29.998360745314464,10,0.5686401128768921,0.6815984845161438,-0.0187671668827533,0.9998778700828552,0.5646511316299438,0.6940977573394775,-0.034060776233673,0.9998813271522522,0.5633713603019714,0.6946441531181335,-0.0340808518230915,0.9998953342437744,0.562078595161438,0.6951904296875,-0.0340864658355712,0.9999120235443116,0.5651613473892212,0.6939029097557068,-0.0077581969089806,0.999812126159668,0.5643733739852905,0.6943080425262451,-0.0077323787845671,0.9997704029083252,0.5634843707084656,0.6948138475418091,-0.0077542718499898,0.999796748161316,0.5530931949615479,0.6904313564300537,-0.0753460675477981,0.9999144077301024,0.5543066263198853,0.6911988854408264,0.0406292341649532,0.9996463060379028,0.5635055899620056,0.6706503033638,-0.0320113487541675,0.99988454580307,0.5644050240516663,0.6696582436561584,0.001648589153774,0.9998048543930054,0.5427485108375549,0.630872368812561,-0.1495947986841201,0.9999949932098388,0.5382265448570251,0.6211420893669128,0.1198902577161789,0.9996605515480042,0.5498322248458862,0.5269203186035156,-0.1855929344892501,0.9974340796470642,0.5514180660247803,0.5186060667037964,0.1480488330125808,0.1390037089586258,0.5634199976921082,0.4300371408462524,-0.173951655626297,0.9952687621116638,0.568066418170929,0.4419034123420715,0.1102619990706443,0.1628111898899078,0.5647932291030884,0.3973533511161804,-0.1997090876102447,0.9892066717147828,0.575194776058197,0.4119675457477569,0.1159882619976997,0.1667271703481674,0.5692071914672852,0.3949748277664184,-0.1939714401960373,0.9884243607521056,0.574145495891571,0.4093275368213653,0.0914112702012062,0.1708129793405532,0.5692479014396667,0.4047063589096069,-0.1704405099153518,0.9798028469085692,0.5723810791969299,0.4196030497550964,0.098637469112873,0.1728279739618301,0.5501101016998291,0.4345088899135589,-0.0770583897829055,0.998280107975006,0.5502097606658936,0.4321234226226806,0.0770346820354461,0.9963130950927734,0.5611805319786072,0.2835442125797272,-0.0685868933796882,0.8881248831748962,0.5565990209579468,0.2762563824653625,0.0782934203743934,0.2831960618495941,0.5593541860580444,0.1141721755266189,-0.0331587828695774,0.8906331062316895,0.5541141629219055,0.1278144568204879,0.1175095811486244,0.3351922333240509,0.5507179498672485,0.0929855853319168,-0.0317844562232494,0.911405384540558,0.5458729267120361,0.1055510938167572,0.1190073043107986,0.4615958929061889,0.5822917819023132,0.0919057056307792,-0.0852539166808128,0.8842246532440186,0.5761145949363708,0.1041486114263534,0.0724531561136245,0.456468254327774,hoyeon_stand_normal_01,23.345235,23.345235,22.022716,19.416488,16.643317,12.529964,8.602325,5.656854,3.0,4.242641,6.708204,9.486833,11.7047,14.866069,17.088007,19.697716,21.470911,22.472205,22.203603,21.400935,18.439089,14.866069,10.0,6.324555,6.403124,10.816654,9.899495,9.219544,7.211103,6.324555,6.0,7.615773,8.602325,10.0,11.401754,12.206556,12.206556,12.206556,12.206556,12.206556,10.816654,10.0,9.219544,7.81025,7.071068,5.830952,5.0,5.830952,9.219544,13.038405,16.643317,20.808652,15.297059,16.278821,16.492423,15.811388,14.866069,14.317821,13.416408,11.18034,9.433981,7.211103,5.0,3.605551,2.236068,3.162278,7.071068,10.0,13.0,16.0,18.0,21.0,22.0,22.022716,22.090722,20.223748,17.262677,14.317821,9.219544,8.602325,6.708204,5.09902,3.162278,3.162278,4.472136,5.656854,7.81025,9.433981,8.944272,9.848858,9.486833,8.544004,8.544004,7.615773,6.324555,5.385165,3.605551,2.236068,1.414214,3.162278,6.082763,8.0,11.0,13.038405,15.811388,13.601471,12.206556,11.18034,9.486833,8.062258,9.055385,9.219544,11.18034,13.152946,14.142136,15.033296,16.03122,17.262677,17.464249,18.027756,17.464249,16.552945,13.892444,11.18034,7.615773,5.09902,6.403124,9.486833,13.341664,16.492423,9.899495,7.81025,6.082763,6.324555,9.219544,12.041595,14.866069,16.278821,18.384776,19.104973,19.849433,18.601075,16.643317,14.764823,13.416408,13.416408,11.18034,10.29563,10.0,9.899495,10.0,12.529964,13.416408,15.652476,16.124515,17.0
hoyeon_stand_normal_01,2037,679,67.90371038251367,29.998360745314464,10,0.5686928629875183,0.6814605593681335,-0.018262481316924,0.999877154827118,0.5647607445716858,0.6939534544944763,-0.0336124710738658,0.999881148338318,0.5634871125221252,0.6945293545722961,-0.0336332321166992,0.9998952150344848,0.5621834397315979,0.6950972080230713,-0.0336389057338237,0.9999120235443116,0.5652545094490051,0.693747341632843,-0.0072648702189326,0.9998111128807068,0.5644711852073669,0.694164514541626,-0.0072388160042464,0.9997687339782716,0.5635830760002136,0.6946852207183838,-0.007261274382472,0.9997950792312622,0.5531501770019531,0.6903677582740784,-0.075082927942276,0.9999148845672609,0.5543733239173889,0.6911827921867371,0.0411393567919731,0.9996442794799804,0.5635455846786499,0.6706033945083618,-0.031556848436594,0.9998841285705566,0.5644569396972656,0.6696069836616516,0.0021779974922537,0.9998035430908204,0.5427447557449341,0.6309094429016113,-0.1495403945446014,0.9999951124191284,0.538213849067688,0.6211950182914734,0.1205312088131904,0.99965900182724,0.5498255491256714,0.5269960165023804,-0.1856006979942321,0.997507631778717,0.5513738989830017,0.5186939835548401,0.1485992074012756,0.1378779113292694,0.5634552240371704,0.4300326704978943,-0.1738197356462478,0.995333194732666,0.5680988430976868,0.4421086013317108,0.1107033789157867,0.1612794995307922,0.5648141503334045,0.3973591029644012,-0.1995709389448166,0.9892866611480712,0.5752279162406921,0.4121414124965668,0.1165514960885047,0.1654224246740341,0.5692158341407776,0.3949828147888183,-0.1937866657972335,0.988499402999878,0.5741710066795349,0.4095676839351654,0.0919109731912612,0.1695070117712021,0.5692583918571472,0.4047056436538696,-0.1702941358089447,0.9798918962478638,0.5724090337753296,0.4198545813560486,0.0990483462810516,0.1715771704912185,0.5501157641410828,0.4345008432865143,-0.0770944356918335,0.998285174369812,0.5502055287361145,0.4321189820766449,0.0770706087350845,0.9963062405586244,0.561383068561554,0.2834084928035736,-0.0687225759029388,0.8857566118240356,0.556597888469696,0.2762470245361328,0.078340046107769,0.2800481915473938,0.5594007968902588,0.1140713095664978,-0.03353788331151,0.8882020115852356,0.5540121793746948,0.1277640759944915,0.1176128461956977,0.3310561776161194,0.5507747530937195,0.0928680375218391,-0.0321601666510105,0.9104416966438292,0.5455434322357178,0.1055207923054695,0.1191115230321884,0.459462821483612,0.5823158621788025,0.091905653476715,-0.0854228362441062,0.8819921612739563,0.5760325789451599,0.1041457951068878,0.0725564658641815,0.4515250325202942,hoyeon_stand_normal_01,24.839485,25.495098,23.345235,20.615528,17.204651,12.806248,9.219544,6.403124,4.0,5.0,7.81025,10.29563,12.529964,15.264338,18.35756,20.248457,22.203603,24.207437,23.345235,23.345235,20.615528,17.029386,12.041595,7.211103,6.324555,10.630146,8.944272,8.062258,6.324555,6.0,5.385165,6.403124,8.485281,9.899495,10.630146,11.401754,12.041595,12.041595,10.630146,10.630146,10.630146,10.0,8.602325,8.062258,6.708204,6.082763,5.385165,7.071068,10.0,13.892444,18.35756,21.095023,10.630146,8.602325,7.28011,6.082763,7.211103,9.219544,11.18034,13.0,14.866069,16.492423,17.720045,19.646883,19.924859,20.880613,20.880613,19.924859,18.027756,15.811388,12.649111,8.062258,5.385165,6.082763,10.198039,14.866069,18.973666,21.84033,10.049876,13.341664,14.866069,16.552945,17.492856,17.804494,16.970563,14.21267,12.206556,9.433981,6.324555,3.0,1.414214,2.828427,5.830952,7.615773,9.486833,11.401754,13.601471,15.524175,16.492423,17.464249,17.464249,16.763055,15.811388,14.317821,15.811388,14.56022,13.341664,10.77033,9.433981,9.219544,9.219544,9.433981,11.661904,13.038405,13.601471,15.620499,16.278821,17.029386,18.027756,18.35756,18.384776,16.155494,14.866069,12.083046,8.602325,6.403124,7.0,9.848858,12.529964,15.264338,9.055385,7.615773,6.403124,6.324555,9.0,12.165525,15.297059,17.262677,19.104973,19.026298,19.0,18.027756,17.262677,16.492423,14.56022,13.341664,12.369317,11.045361,10.049876,10.049876,11.18034,12.649111,13.928388,16.155494,17.088007,17.088007
hoyeon_stand_normal_01,2040,680,68.00371584699454,29.998360745314464,10,0.5687586069107056,0.6812175512313843,-0.0183459892868995,0.9998766183853148,0.5649005174636841,0.69366055727005,-0.0337377153337001,0.9998809099197388,0.5636264085769653,0.6942790746688843,-0.0337582752108573,0.99989515542984,0.5623018145561218,0.6948840618133545,-0.0337640047073364,0.9999120235443116,0.5654009580612183,0.6934531331062317,-0.0073859510011971,0.9998100996017456,0.5646358132362366,0.693900465965271,-0.0073599102906882,0.9997671246528624,0.5637580752372742,0.6944571733474731,-0.0073821567930281,0.9997934699058532,0.5532042980194092,0.6902608275413513,-0.0751847252249717,0.9999152421951294,0.5545080304145813,0.6911661028862,0.0410127155482769,0.9996415972709656,0.5635992288589478,0.6704381108283997,-0.0316354483366012,0.9998836517333984,0.5645509958267212,0.6694509983062744,0.002118291798979,0.9998019337654114,0.5427423715591431,0.6309555172920227,-0.1495686173439026,0.999995231628418,0.5382927656173706,0.6212886571884155,0.1205311268568039,0.9996564984321594,0.5497957468032837,0.5270000100135803,-0.1856041848659515,0.9975820779800416,0.5514154434204102,0.5187354683876038,0.148923709988594,0.1370261162519455,0.5634793639183044,0.430042564868927,-0.1735997051000595,0.9954036474227904,0.5684433579444885,0.4425753355026245,0.111281506717205,0.16022689640522,0.5648183226585388,0.397421270608902,-0.1992786973714828,0.9893794059753418,0.5754750967025757,0.4126143157482147,0.11723493039608,0.1645049899816513,0.5692340731620789,0.3950417339801788,-0.1935311704874038,0.9885903596878052,0.5744303464889526,0.4102570116519928,0.0926041230559349,0.1686174422502517,0.5692952871322632,0.4047414362430572,-0.1700728386640548,0.980008065700531,0.5726841688156128,0.4205121099948883,0.0996334552764892,0.1707007437944412,0.5501335859298706,0.4344996511936188,-0.0771261304616928,0.9982821345329284,0.5502917170524597,0.4321188628673553,0.0771026983857154,0.9962901473045348,0.5614831447601318,0.2832691371440887,-0.0687561109662056,0.8841650485992432,0.5565962195396423,0.2762597203254699,0.0783598124980926,0.2781202495098114,0.5594232082366943,0.1140307933092117,-0.0336101651191711,0.8865674138069153,0.5540285110473633,0.1276719123125076,0.1177226603031158,0.328811913728714,0.5508365035057068,0.0928010195493698,-0.0322303287684917,0.9098199605941772,0.5456190705299377,0.1054596602916717,0.1192322149872779,0.4582887887954712,0.582369863986969,0.0919382274150848,-0.0854896456003189,0.880440890789032,0.5760871171951294,0.1041409969329834,0.0726693570613861,0.448533684015274,hoyeon_stand_normal_01,24.166092,25.059928,22.472205,20.808652,17.029386,14.21267,10.0,6.708204,5.0,4.242641,6.708204,8.544004,11.401754,13.341664,16.492423,18.681542,20.248457,21.931712,21.470911,21.095023,18.601075,15.0,10.816654,6.324555,5.0,8.944272,9.0,7.0,6.082763,5.385165,6.403124,8.062258,8.944272,10.77033,11.7047,11.7047,12.649111,12.083046,12.083046,10.77033,10.77033,10.440307,9.486833,8.246211,8.062258,7.071068,6.708204,7.81025,10.77033,14.56022,17.720045,20.880613,14.6755585,15.841848,15.632169,16.146862,15.2267125,13.8718035,12.5972705,11.01595,9.462794,7.0094485,4.9286505,3.6213205,2.4142135,4.352285500000001,6.889636,9.842436,13.483466,16.537032500000002,19.049015,21.046908,22.1697735,22.6113685,21.8156905,19.86135,17.5,14.446222,8.503264999999999,7.877553499999999,6.363961,4.3027755,2.5322475,2.5,4.3573885,6.5210275,8.050527,9.072853,9.924845,9.5276925,9.9360195,9.2169905,8.7481195,7.531129,6.646933,5.464986,4.081139,2.1213205,1.618034,2.9208095,5.1622775,7.7631605,9.842436,11.961638,12.041595,13.453624,13.453624,13.453624,13.453624,13.453624,12.041595,11.401754,10.0,8.602325,7.81025,5.656854,5.0,5.09902,6.082763,7.28011,9.848858,13.0,15.231546,17.464249,18.973666,19.924859,19.924859,19.646883,17.464249,14.317821,12.529964,14.317821,15.652476,16.155494,15.811388,14.56022,13.601471,11.7047,8.544004,7.211103,5.656854,5.385165,6.0,7.071068,8.246211,9.219544,10.198039,11.18034,11.401754,12.165525,12.165525,12.165525,11.18034,11.401754,10.77033,11.18034
hoyeon_stand_normal_01,2043,681,68.10372131147541,29.998360745314464,10,0.5688372850418091,0.6810178160667419,-0.0162904635071754,0.9998778700828552,0.5650540590286255,0.6934232711791992,-0.0317629426717758,0.9998823404312134,0.5637876987457275,0.6940787434577942,-0.0317841842770576,0.9998964667320251,0.5624505877494812,0.6947138905525208,-0.031789157539606,0.999913215637207,0.5655494332313538,0.6932131052017212,-0.0053554563783109,0.9998117685317992,0.5647993087768555,0.6936858296394348,-0.0053286119364202,0.9997687339782716,0.5639321804046631,0.6942701935768127,-0.0053498148918151,0.999794602394104,0.5532957911491394,0.6901849508285522,-0.0736433491110801,0.9999167919158936,0.5546524524688721,0.6911531686782837,0.0429095439612865,0.9996436834335328,0.5636633634567261,0.6702889800071716,-0.0296765882521867,0.9998847246170044,0.5646471381187439,0.669308066368103,0.0041598966345191,0.9998028874397278,0.5427409410476685,0.6310129165649414,-0.1486980020999908,0.9999953508377076,0.5382924675941467,0.6213749051094055,0.1225413158535957,0.9996548295021056,0.5497797131538391,0.5271021127700806,-0.1848943084478378,0.9976598620414734,0.5514143109321594,0.5189337134361267,0.1510118395090103,0.1359454244375229,0.5635687708854675,0.4300425350666046,-0.1717004776000976,0.9955013394355774,0.5686168074607849,0.4427978694438934,0.1137126311659812,0.1589613705873489,0.5648791193962097,0.3974115550518036,-0.1970865279436111,0.9895392060279846,0.5756128430366516,0.4127017855644226,0.1198273599147796,0.1633813977241516,0.5694203972816467,0.3950390219688415,-0.1912938505411148,0.9887526035308838,0.5746141672134399,0.4103979468345642,0.0952413454651832,0.1675124019384384,0.5694999694824219,0.4047267735004425,-0.1680793315172195,0.9802449345588684,0.5728720426559448,0.4207006394863128,0.1020542904734611,0.1696525663137436,0.5502552390098572,0.4345046579837799,-0.0771667286753654,0.998290479183197,0.5502851605415344,0.4321054816246032,0.0771426483988761,0.996297299861908,0.5617285966873169,0.2831238806247711,-0.0687725767493248,0.8832735419273376,0.5564242005348206,0.276226282119751,0.0783515721559524,0.2777161002159118,0.5594789981842041,0.1138680279254913,-0.0338300913572311,0.8855274319648743,0.5536414980888367,0.1276161521673202,0.1175242364406585,0.3278767168521881,0.550853967666626,0.092587262392044,-0.032460942864418,0.9093499183654784,0.5449945330619812,0.1053886488080024,0.1190266087651252,0.4581609666347503,0.5824311971664429,0.0918458625674247,-0.0855836793780326,0.8795267343521118,0.5758722424507141,0.1040136441588401,0.0726367980241775,0.4467806816101074,hoyeon_stand_normal_01,6.082763,5.830952,8.062258,11.0,14.0,16.03122,16.03122,17.0,17.0,15.0,15.0,13.0,12.0,10.049876,8.062258,5.385165,4.472136,6.082763,10.29563,14.422205,18.601075,22.472205,25.553865,27.730849,27.856777,25.96151,9.899495,11.313708,12.727922,13.453624,13.453624,13.601471,12.206556,10.0,8.602325,7.071068,5.0,4.123106,4.123106,4.472136,5.0,7.211103,8.062258,9.848858,11.7047,13.601471,14.866069,15.811388,15.811388,15.811388,13.928388,11.401754,10.198039,8.062258,7.071068,6.324555,7.071068,8.062258,10.0,12.727922,14.142136,16.278821,17.691806,18.439089,19.104973,20.518285,19.104973,19.104973,16.970563,14.866069,11.313708,7.211103,4.0,5.830952,9.219544,14.142136,18.11077,21.213203,9.433981,12.041595,14.142136,15.811388,17.0,16.155494,15.524175,13.341664,11.045361,9.0,5.09902,3.162278,1.0,3.162278,6.0,8.062258,10.049876,12.165525,13.341664,14.317821,15.297059,16.278821,16.278821,16.278821,15.132746,14.035669,16.155494,14.866069,12.649111,11.401754,10.0,10.049876,10.440307,11.7047,13.0,13.928388,15.524175,16.278821,17.117243,18.0,19.104973,19.235384,17.720045,17.720045,14.866069,12.369317,9.055385,6.324555,8.602325,11.7047,15.524175,18.439089,9.433981,6.324555,5.09902,5.656854,9.433981,12.083046,15.231546,17.464249,19.235384,18.867962,19.416488,19.209373,17.029386,15.556349,14.866069,13.453624,12.041595,10.630146,10.0,10.29563,10.77033,12.369317,14.317821,15.524175,16.763055,17.720045
hoyeon_stand_normal_01,2046,682,68.20372677595628,29.998360745314464,10,0.5688830018043518,0.680895984172821,-0.0148196015506982,0.999880075454712,0.5651373267173767,0.693255603313446,-0.0302884243428707,0.9998844861984252,0.563879132270813,0.6939306855201721,-0.0303098671138286,0.999898374080658,0.562542200088501,0.6945803165435791,-0.0303139332681894,0.9999148845672609,0.5656309723854065,0.6930524110794067,-0.0037961511407047,0.9998149275779724,0.5648931860923767,0.6935445070266724,-0.0037689986638724,0.9997722506523132,0.5640376806259155,0.6941489577293396,-0.0037891529500484,0.9997974634170532,0.5533714294433594,0.6900903582572937,-0.0722241625189781,0.9999186396598816,0.5547559261322021,0.6911413669586182,0.0447843447327613,0.9996483325958252,0.5637073516845703,0.6701974272727966,-0.0282083041965961,0.9998864531517028,0.5647220015525818,0.6692395806312561,0.0057462407276034,0.9998053312301636,0.5427631139755249,0.6310235857963562,-0.1476781070232391,0.9999954700469972,0.5383245944976807,0.6214075684547424,0.1244478523731231,0.99965500831604,0.5496808886528015,0.5271550416946411,-0.1844291985034942,0.9977352619171144,0.5513983368873596,0.5191163420677185,0.1530123651027679,0.1353513896465301,0.5636587142944336,0.4300977289676666,-0.1713699549436569,0.9956185817718506,0.5687994360923767,0.4428527951240539,0.1150477305054664,0.1588915586471557,0.564936101436615,0.3974263370037079,-0.1968445181846618,0.9897464513778688,0.5758353471755981,0.4127255976200104,0.1211273968219757,0.1634418368339538,0.5697020292282104,0.3950674831867218,-0.190947949886322,0.9889666438102722,0.5749410390853882,0.4104481637477875,0.0962663069367408,0.1675957590341568,0.5697810649871826,0.4047344028949737,-0.1676975637674331,0.9805653691291808,0.5731620192527771,0.4207874536514282,0.1032610833644867,0.1697796136140823,0.5504844188690186,0.4344933927059173,-0.0771703645586967,0.9982916712760924,0.5503214597702026,0.432047575712204,0.0771461352705955,0.996304452419281,0.5618236660957336,0.2826308906078338,-0.0687682628631591,0.8831539154052734,0.5558262467384338,0.2779843509197235,0.0783164128661155,0.2792402803897857,0.5595203638076782,0.1137443110346794,-0.033834084868431,0.8853262662887573,0.5535803437232971,0.1272197961807251,0.1170995533466339,0.3292367160320282,0.5508855581283569,0.0924423560500145,-0.0324635840952396,0.9097301363945008,0.5448886752128601,0.1043278947472572,0.1185423508286476,0.4599590599536896,0.582485556602478,0.0917552709579467,-0.0855601653456687,0.8794741630554199,0.5758463740348816,0.1036990731954574,0.0721230953931808,0.4472127556800842,hoyeon_stand_normal_01,23.706539,23.853721,22.203603,19.209373,16.278821,12.041595,8.602325,6.708204,4.123106,5.656854,8.062258,10.29563,12.083046,15.231546,17.464249,19.235384,21.954498,22.203603,22.803509,21.260292,19.79899,15.556349,12.041595,7.615773,6.324555,10.630146,8.062258,7.071068,6.082763,5.385165,5.656854,7.211103,8.544004,9.848858,10.77033,10.77033,11.18034,11.18034,11.18034,9.848858,9.848858,8.544004,8.544004,7.28011,7.071068,6.082763,5.830952,7.211103,9.848858,13.601471,18.027756,20.248457,15.231546,16.552945,16.124515,16.124515,15.811388,15.0,14.21267,12.041595,9.899495,7.81025,5.830952,4.123106,3.162278,4.472136,7.071068,9.0,13.038405,15.033296,18.11077,20.099751,21.023796,22.022716,21.0,19.026298,17.117243,14.142136,9.433981,7.81025,7.071068,4.472136,3.0,2.236068,3.162278,5.656854,7.071068,8.602325,8.602325,8.944272,8.944272,8.544004,7.615773,6.708204,5.385165,4.472136,3.162278,1.414214,1.0,3.0,6.082763,8.246211,10.440307,12.649111,14.083054999999998,13.465174,12.935814,12.371709,11.6205795,10.8776355,10.9452265,10.9078455,10.8245555,10.8007355,10.4330345,10.375748,10.3832115,11.0235675,12.245069,13.2506735,14.823218,15.121527999999998,15.27336,15.227422,14.4406795,13.955794,14.916622,16.271258500000002,16.513878,16.807941,10.772002,10.969875,10.7764725,11.0,13.01843,13.222339,14.1051325,14.1074245,13.486014,13.1486575,11.840771,11.185697,10.6360135,10.432124,10.354102,10.3078865,9.9948165,9.7419285,9.757587,10.5743685,10.998497,11.673309,12.3589175,13.290859,13.7068235,13.420678
hoyeon_stand_normal_01,2049,683,68.30373224043716,29.998360745314464,10,0.5689245462417603,0.6806477904319763,-0.0145717514678835,0.9998818635940552,0.5652427673339844,0.6929821372032166,-0.0299805607646703,0.9998862743377686,0.5639984607696533,0.6936906576156616,-0.030001662671566,0.999899923801422,0.5626654028892517,0.6943709254264832,-0.0300051551312208,0.9999162554740906,0.5657292008399963,0.6927834153175354,-0.0035809313412755,0.9998176097869872,0.5650020241737366,0.6933039426803589,-0.003553909715265,0.9997749924659728,0.5641555190086365,0.6939393281936646,-0.0035737191792577,0.9997996091842652,0.5534770488739014,0.6900019645690918,-0.0717158243060112,0.9999201893806458,0.5548732280731201,0.6911143064498901,0.0448816679418087,0.9996518492698668,0.5637355446815491,0.6699977517127991,-0.0278758332133293,0.9998876452445984,0.5647674202919006,0.6690601110458374,0.0059610148891806,0.999807059764862,0.5428197979927063,0.6310556530952454,-0.146857738494873,0.9999955296516418,0.5383243560791016,0.6214812397956848,0.1243046149611473,0.999653697013855,0.5496529340744019,0.5272749066352844,-0.1837280839681625,0.9978021383285522,0.5513129830360413,0.5194385647773743,0.1526758223772049,0.1346645951271057,0.5637416839599609,0.4301679730415344,-0.1705612391233444,0.9957229495048524,0.5688409209251404,0.4430016577243805,0.1149539500474929,0.158143937587738,0.5649892091751099,0.397482305765152,-0.1959658712148666,0.9899269342422484,0.5759770274162292,0.4128390252590179,0.1211163848638534,0.1628306806087494,0.5699819326400757,0.3951756358146667,-0.1898645758628845,0.9891531467437744,0.57512366771698,0.4106121063232422,0.0962481200695037,0.1669461578130722,0.5700803995132446,0.4047828316688537,-0.1667902767658233,0.980848491191864,0.5732936859130859,0.4209530353546142,0.1031983941793441,0.1691712886095047,0.550783097743988,0.4345050752162933,-0.0769684016704559,0.998282253742218,0.5503370761871338,0.4320489764213562,0.0769435837864875,0.9963040351867676,0.5618475079536438,0.282511293888092,-0.068492442369461,0.8826026320457458,0.5551916360855103,0.27919402718544,0.0777194872498512,0.2811267077922821,0.5595291256904602,0.1139767095446586,-0.0334440395236015,0.8844752907752991,0.5535891056060791,0.1271696090698242,0.115760363638401,0.3305118083953857,0.5510008931159973,0.092570886015892,-0.0319868475198745,0.910253882408142,0.5451757907867432,0.104108802974224,0.1171396747231483,0.4616928398609161,0.581945538520813,0.0918020009994506,-0.083807460963726,0.8788484334945679,0.5758383274078369,0.1036079078912735,0.070777453482151,0.446863055229187,hoyeon_stand_normal_01,6.403124,5.0,7.615773,10.630146,13.453624,14.866069,15.620499,15.620499,14.866069,14.21267,13.453624,12.041595,10.630146,8.485281,6.403124,4.123106,3.605551,6.324555,10.198039,15.132746,19.104973,23.345235,25.70992,27.202941,27.856777,25.495098,10.0,12.0,13.038405,14.035669,14.142136,13.152946,12.165525,10.049876,9.0,7.071068,6.324555,5.0,5.0,6.324555,7.071068,8.062258,9.219544,10.440307,12.649111,14.866069,15.811388,16.763055,16.763055,16.763055,14.56022,11.7047,10.29563,9.486833,8.0,6.708204,7.071068,8.944272,11.18034,13.038405,15.0,16.03122,18.027756,19.026298,20.024984,21.023796,21.023796,20.0,18.0,16.03122,12.0,8.062258,3.605551,4.472136,9.219544,14.142136,18.384776,21.931712,9.0,12.041595,14.317821,15.811388,16.552945,17.492856,15.811388,13.453624,11.401754,8.602325,5.385165,3.0,2.236068,3.162278,5.656854,7.81025,10.0,12.206556,13.892444,15.264338,16.643317,16.643317,16.643317,15.811388,15.620499,14.142136,17.262677,15.297059,13.152946,12.041595,10.049876,10.440307,10.77033,11.18034,12.529964,14.317821,15.652476,17.088007,17.720045,18.248288,20.024984,20.024984,19.104973,18.248288,16.278821,13.152946,10.0,7.615773,8.602325,11.7047,14.317821,18.11077,9.055385,7.0,5.385165,6.708204,9.219544,12.165525,15.132746,18.248288,18.439089,19.646883,19.924859,19.313208,17.0,16.124515,13.892444,13.038405,11.661904,11.18034,10.440307,11.18034,11.045361,13.038405,15.033296,16.03122,17.029386,18.11077
hoyeon_stand_normal_01,2052,684,68.40373770491803,29.998360745314464,10,0.5689405798912048,0.6804628968238831,-0.0147845512256026,0.999883770942688,0.5652828812599182,0.692802906036377,-0.0301385857164859,0.999888241291046,0.5640420317649841,0.6935327649116516,-0.0301590356975793,0.9999015927314758,0.5627097487449646,0.6942334771156311,-0.0301629472523927,0.99991774559021,0.5657684206962585,0.6926102042198181,-0.0038138986565172,0.9998204708099364,0.5650457739830017,0.6931506395339966,-0.0037870393134653,0.9997779130935668,0.5642035007476807,0.6938078999519348,-0.0038064445834606,0.9998021125793456,0.553521990776062,0.6899586319923401,-0.0716014057397842,0.99992173910141,0.5549259781837463,0.6911002993583679,0.0446165427565574,0.9996561408042908,0.5637425184249878,0.6698644757270813,-0.0279981214553117,0.9998891949653624,0.5647855401039124,0.6689366102218628,0.0057368949055671,0.9998093247413636,0.5428349375724792,0.631087601184845,-0.1462238579988479,0.9999955892562866,0.5384410619735718,0.621502697467804,0.1239598467946052,0.9996547698974608,0.5496364831924438,0.5273734331130981,-0.1827657222747802,0.9978633522987366,0.5513744354248047,0.519650399684906,0.1523412615060806,0.1345014423131942,0.5637440085411072,0.4302307367324829,-0.1699299812316894,0.9958140254020692,0.5688998699188232,0.4430837631225586,0.1148729994893074,0.157935157418251,0.5649930238723755,0.3975134789943695,-0.1952929049730301,0.9900834560394288,0.5762552618980408,0.4129006564617157,0.1210366636514663,0.1627122908830642,0.5701413750648499,0.395238995552063,-0.1892132312059402,0.9893156886100768,0.575305163860321,0.4106632769107818,0.0962736830115318,0.1667831242084503,0.5702513456344604,0.4048413634300232,-0.166161835193634,0.9811007380485536,0.5734055638313293,0.4210155606269836,0.1031968593597412,0.1690021455287933,0.5510186553001404,0.4345875382423401,-0.0768152549862861,0.998275339603424,0.5504789352416992,0.4320778846740722,0.076790951192379,0.9963130950927734,0.5619442462921143,0.2824133038520813,-0.0684596225619316,0.8817054629325867,0.5550193786621094,0.2797985970973968,0.0770364627242088,0.2813226878643036,0.5595311522483826,0.114332228899002,-0.033415637910366,0.8831661343574524,0.5535970330238342,0.1271674484014511,0.1147636473178863,0.3298397362232208,0.5510459542274475,0.0928084328770637,-0.0319292955100536,0.9104119539260864,0.5453521609306335,0.1040767505764961,0.1161398887634277,0.4615630209445953,0.5816982984542847,0.0919652879238128,-0.0835032537579536,0.8776976466178894,0.5758589506149292,0.1036049425601959,0.0695135965943336,0.4447521865367889,hoyeon_stand_normal_01,23.853721,23.706539,21.931712,19.313208,15.524175,12.369317,8.544004,5.0,3.162278,4.472136,7.211103,9.219544,12.041595,14.866069,17.029386,19.416488,21.095023,21.954498,21.931712,21.18962,17.720045,14.56022,9.848858,6.403124,7.0,10.77033,10.29563,8.944272,7.28011,7.071068,7.071068,7.615773,9.433981,10.816654,11.401754,12.206556,12.206556,12.206556,12.206556,10.816654,10.816654,10.0,9.219544,7.81025,7.071068,5.830952,6.0,6.708204,9.219544,13.453624,16.970563,20.518285,10.440307,8.944272,7.071068,6.324555,7.071068,8.544004,10.816654,12.806248,14.142136,15.556349,17.691806,18.384776,19.79899,19.104973,19.849433,18.439089,17.804494,14.866069,12.041595,7.81025,5.09902,5.0,10.440307,14.56022,18.681542,20.880613,9.848858,11.661904,14.21267,15.556349,17.029386,16.643317,15.652476,13.0,11.401754,8.062258,6.0,3.0,1.0,3.162278,5.0,7.0,9.0,11.045361,13.152946,14.142136,15.132746,16.124515,16.124515,16.03122,15.0,14.035669,12.529964,13.892444,14.422205,14.422205,14.422205,13.892444,12.529964,12.083046,10.77033,9.486833,7.615773,5.830952,5.0,4.472136,6.082763,8.0,11.045361,13.341664,16.278821,18.248288,20.223748,21.095023,21.095023,20.024984,19.0,16.0,13.152946,15.033296,16.03122,17.0,16.0,15.033296,14.035669,12.0,9.0,7.071068,5.830952,5.0,5.385165,6.082763,8.062258,9.0,10.049876,11.045361,11.045361,12.041595,12.041595,12.041595,12.041595,12.0,11.045361,11.401754
hoyeon_stand_normal_01,2055,685,68.5037431693989,29.998360745314464,10,0.5689548254013062,0.6804099678993225,-0.0149849792942404,0.9998846650123596,0.5653036832809448,0.6927355527877808,-0.0303184911608696,0.9998891949653624,0.5640655159950256,0.6934720873832703,-0.0303385760635137,0.9999023079872132,0.5627354383468628,0.6941798329353333,-0.0303425472229719,0.9999184608459472,0.5657859444618225,0.6925501823425293,-0.0040338644757866,0.9998217821121216,0.5650635957717896,0.6930986046791077,-0.0040072901174426,0.9997789859771729,0.5642219185829163,0.6937643885612488,-0.0040270150639116,0.999803066253662,0.5535519123077393,0.6899439692497253,-0.0716641098260879,0.9999225735664368,0.5549452304840088,0.6910963654518127,0.0443646349012851,0.9996579885482788,0.563747227191925,0.669813871383667,-0.0281610134989023,0.9998897910118104,0.5647936463356018,0.668901264667511,0.0055196415632963,0.9998100996017456,0.5429142117500305,0.6311119794845581,-0.1459767818450927,0.9999956488609314,0.5384446978569031,0.6215066313743591,0.1237878873944282,0.9996565580368042,0.5496467351913452,0.5274932980537415,-0.1824284642934799,0.9979077577590942,0.5514078140258789,0.5197800397872925,0.152160108089447,0.1345149874687194,0.5637480020523071,0.4303204119205475,-0.1700443625450134,0.995865762233734,0.5689748525619507,0.4435222446918487,0.1146373301744461,0.1578046977519989,0.5649873614311218,0.3975447416305542,-0.1954220384359359,0.99015873670578,0.5765593647956848,0.4132041037082672,0.1208081394433975,0.1626539826393127,0.5702285766601562,0.3952524960041046,-0.1893968433141708,0.9893902540206908,0.5755159854888916,0.4109416604042053,0.096073031425476,0.1666636615991592,0.5703490376472473,0.404875248670578,-0.1663116663694381,0.9812141060829164,0.5735301971435547,0.4214270710945129,0.1029881760478019,0.1688846498727798,0.5511652827262878,0.4347643852233886,-0.0766286849975586,0.998264491558075,0.5505444407463074,0.4321493804454803,0.0766032859683036,0.9963119626045228,0.5623181462287903,0.2824664711952209,-0.0684196874499321,0.8792598247528076,0.5553447008132935,0.27853524684906,0.0767054632306099,0.2789445221424103,0.5595818161964417,0.1151871532201767,-0.0334120951592922,0.880214512348175,0.5538290143013,0.1274668723344802,0.1143859848380088,0.3260618150234222,0.5512210726737976,0.0934168919920921,-0.0319235473871231,0.909774363040924,0.5459051132202148,0.1042003855109214,0.1157858073711395,0.4592666029930115,0.5818490982055664,0.0921664908528328,-0.0832628831267356,0.8749921321868896,0.575881838798523,0.103726640343666,0.069200612604618,0.4395274817943573,hoyeon_stand_normal_01,24.0974135,24.130294,22.3651675,19.8602505,16.192533,12.5827625,8.955558,5.751072000000001,4.495358,5.2420925,8.062258,10.0990195,12.4858865,15.1485295,17.5335855,19.2607305,21.0594095,22.42407,22.011217,20.73083,18.610977,14.9286395,10.9078455,6.737096,6.6055515,10.0234485,8.988992499999998,7.245606499999999,6.5769155,5.9568575,6.0777535,7.405125,9.47744,10.4140925,11.247024,11.6109675,11.954131,11.954131,10.681792,10.681792,9.5595195,9.5595195,8.424268000000001,7.671184,7.1619885,5.8698085,5.733964,7.531129,10.7558735,14.23377,17.934014,21.27362,14.422205,15.0,15.620499,15.556349,15.556349,14.142136,12.806248,11.401754,9.433981,6.708204,5.385165,3.162278,3.605551,5.0,8.246211,10.440307,14.866069,18.027756,19.924859,22.135944,23.769729,23.769729,23.537205,21.377558,19.235384,16.03122,8.246211,6.324555,5.830952,3.605551,1.0,3.0,5.385165,6.708204,8.602325,10.0,10.630146,11.313708,10.630146,10.0,9.219544,7.81025,7.071068,5.656854,4.242641,2.236068,1.414214,3.0,5.09902,7.615773,9.848858,11.661904,16.124515,15.132746,14.035669,11.0,10.049876,9.486833,9.848858,10.29563,12.206556,13.038405,14.422205,16.552945,17.464249,18.439089,18.248288,19.104973,19.0,18.027756,15.033296,13.038405,9.0,6.708204,6.708204,10.049876,13.038405,16.03122,9.055385,7.071068,6.708204,7.211103,9.219544,12.165525,14.035669,17.117243,18.248288,19.416488,18.681542,18.027756,17.464249,16.552945,14.764823,13.038405,12.529964,11.18034,10.77033,10.198039,11.18034,13.038405,14.0,16.0,17.0,17.029386
hoyeon_stand_normal_01,2058,686,68.60374863387977,29.998360745314464,10,0.5689598917961121,0.6803974509239197,-0.0141153493896126,0.999886155128479,0.5653086304664612,0.6927037835121155,-0.0294616688042879,0.999890685081482,0.5640726089477539,0.6934435367584229,-0.0294812899082899,0.9999035596847534,0.5627453327178955,0.6941541433334351,-0.0294846128672361,0.999919593334198,0.5657896399497986,0.6925218105316162,-0.0032606786116957,0.9998239278793336,0.5650683641433716,0.6930737495422363,-0.0032342302147299,0.9997812509536744,0.564228355884552,0.6937426924705505,-0.0032534040510654,0.9998051524162292,0.5535794496536255,0.6899357438087463,-0.0708135291934013,0.9999237060546876,0.554958164691925,0.6910945773124695,0.0448839217424392,0.9996622800827026,0.563749372959137,0.6698060035705566,-0.0272586476057767,0.9998907446861268,0.5647974014282227,0.6688973903656006,0.0063228881917893,0.9998117089271544,0.5429971814155579,0.6312013864517212,-0.1445446461439132,0.9999957084655762,0.5384460091590881,0.6215272545814514,0.1237410381436348,0.9996596574783324,0.5496572256088257,0.5278111100196838,-0.1809777915477752,0.9979424476623536,0.5514346957206726,0.5199623703956604,0.1521920263767242,0.1348340809345245,0.5637209415435791,0.4306947588920593,-0.1695173531770706,0.995895266532898,0.5691530108451843,0.4440585076808929,0.115240529179573,0.1582463234663009,0.5648841857910156,0.3977604210376739,-0.1948207020759582,0.9901927709579468,0.5770031809806824,0.4137420952320099,0.121434673666954,0.1631016284227371,0.5702380537986755,0.3954310715198517,-0.1889096349477768,0.9894191026687622,0.575863778591156,0.4115226566791534,0.0967393368482589,0.167095199227333,0.5703648924827576,0.4051423072814941,-0.1658611744642257,0.981254816055298,0.5737653374671936,0.4221001863479614,0.1036420986056327,0.1693213731050491,0.5514086484909058,0.4348061680793762,-0.0764633864164352,0.9982664585113524,0.550658643245697,0.4321912825107574,0.0764371827244758,0.9963313341140748,0.5624756217002869,0.2824871838092804,-0.0684007927775383,0.8769082427024841,0.5554463267326355,0.2779534757137298,0.0763957649469375,0.2769645154476166,0.5596132278442383,0.1154486909508705,-0.0335561521351337,0.8777634501457214,0.5538661479949951,0.1276615113019943,0.1137889102101326,0.3230107128620147,0.5512688159942627,0.0934787467122078,-0.0320676602423191,0.9091854095458984,0.546003520488739,0.1042103692889213,0.1151815131306648,0.457403153181076,0.582247793674469,0.0925004035234451,-0.0833172723650932,0.872900664806366,0.5759283900260925,0.104130744934082,0.0688627734780311,0.4355649352073669,hoyeon_stand_normal_01,23.345235,22.803509,21.633308,18.35756,15.652476,12.083046,8.062258,5.656854,4.123106,5.385165,7.81025,9.899495,12.727922,14.866069,17.029386,19.209373,20.0,21.633308,21.954498,20.124612,18.384776,14.866069,11.18034,6.403124,6.0,10.77033,8.544004,7.28011,6.082763,6.082763,5.385165,7.211103,8.485281,9.899495,9.899495,10.630146,10.630146,10.630146,9.899495,9.899495,9.219544,8.485281,7.81025,7.211103,6.324555,5.09902,6.324555,7.81025,9.899495,13.601471,17.804494,19.849433,9.433981,8.485281,6.708204,7.0,7.615773,8.602325,12.041595,13.601471,15.264338,17.492856,18.867962,20.248457,20.248457,20.808652,22.203603,20.0,19.209373,15.620499,12.806248,8.944272,5.0,6.403124,10.440307,15.132746,19.104973,22.203603,9.848858,12.529964,15.264338,16.401219,18.384776,17.804494,16.643317,14.764823,12.083046,9.219544,7.071068,4.0,1.414214,2.236068,4.472136,7.071068,8.062258,11.045361,12.041595,14.0,15.0,15.033296,16.03122,15.033296,14.142136,13.341664,13.0,13.0,13.928388,13.928388,13.928388,13.0,12.083046,11.18034,10.29563,8.062258,6.708204,5.385165,5.09902,5.09902,6.403124,8.485281,11.313708,14.21267,17.029386,19.104973,20.518285,21.931712,21.931712,21.260292,19.209373,15.620499,12.727922,14.866069,15.620499,16.401219,15.811388,15.264338,13.601471,10.816654,8.602325,7.071068,4.472136,4.0,4.472136,5.830952,7.211103,7.81025,9.219544,10.0,10.816654,10.816654,11.661904,11.661904,10.816654,10.630146,10.630146,11.401754
hoyeon_stand_normal_01,2061,687,68.70375409836065,29.998360745314464,10,0.5689632296562195,0.6803956031799316,-0.0130936559289693,0.9998868107795716,0.5653098225593567,0.6926984190940857,-0.0284523125737905,0.9998915195465088,0.5640741586685181,0.6934366822242737,-0.0284719113260507,0.999904215335846,0.5627473592758179,0.6941447257995605,-0.028475048020482,0.9999201893806458,0.565789520740509,0.6925183534622192,-0.0022600446827709,0.9998250603675842,0.5650678873062134,0.6930701732635498,-0.0022334575187414,0.999782383441925,0.5642278790473938,0.6937390565872192,-0.0022522853687405,0.9998061656951904,0.5535862445831299,0.6899023056030273,-0.069955863058567,0.9999244213104248,0.5549604892730713,0.6910858750343323,0.0456954762339592,0.9996652603149414,0.5637521147727966,0.6698024868965149,-0.0263003818690776,0.9998912811279296,0.5648009777069092,0.6688924431800842,0.00727164093405,0.9998127222061156,0.5431030988693237,0.6312276721000671,-0.1435018330812454,0.999995768070221,0.5384308695793152,0.6215314865112305,0.1239389851689338,0.9996628761291504,0.5497108101844788,0.5279982686042786,-0.1801025122404098,0.9979735612869264,0.5514211058616638,0.5200345516204834,0.1525145322084427,0.1351875513792038,0.5637226700782776,0.430908590555191,-0.1693677753210067,0.9959225654602052,0.5692357420921326,0.4446167349815368,0.1157356202602386,0.1588093638420105,0.564886212348938,0.3978669047355652,-0.194770261645317,0.9902283549308776,0.5771783590316772,0.414203941822052,0.121908463537693,0.1636983007192611,0.5702435970306396,0.3954903185367584,-0.1888398677110672,0.989447832107544,0.576035737991333,0.4120407402515411,0.0971338301897049,0.1676705181598663,0.5703663229942322,0.4052769541740417,-0.1657393872737884,0.9812941551208496,0.573896050453186,0.42270228266716,0.104126788675785,0.169901430606842,0.55180424451828,0.4347757697105407,-0.0762484595179557,0.998274862766266,0.5506610870361328,0.4322241842746734,0.0762221291661262,0.9963523149490356,0.5627428293228149,0.2825698554515838,-0.0683953464031219,0.8739544153213501,0.555201530456543,0.2803847193717956,0.0763224512338638,0.2736408114433288,0.5597802400588989,0.1155350431799888,-0.033658642321825,0.8747294545173645,0.5538672208786011,0.1280421316623687,0.1136331856250763,0.3184572756290436,0.5516065955162048,0.0935562551021575,-0.0321625061333179,0.9084988832473756,0.5460671186447144,0.1043375954031944,0.1150345429778099,0.4547389447689056,0.5826708078384399,0.0927691906690597,-0.0831967443227768,0.8701765537261963,0.5759437084197998,0.1044764593243599,0.0689757540822029,0.4301230311393738,hoyeon_stand_normal_01,10.29563,10.0,11.401754,14.035669,17.029386,19.026298,20.024984,20.024984,20.024984,19.104973,18.11077,16.124515,14.142136,12.041595,9.0,6.324555,5.656854,8.0,11.401754,16.763055,21.84033,25.96151,29.614186,31.256999,32.015621,30.066593,13.038405,14.035669,15.132746,15.132746,16.278821,15.297059,14.142136,12.165525,11.0,9.055385,8.246211,7.211103,7.071068,8.062258,8.544004,10.198039,11.045361,14.0,16.0,17.029386,19.026298,21.0,21.0,20.024984,19.026298,17.0,10.630146,8.062258,7.071068,7.28011,7.81025,9.433981,12.083046,13.928388,15.811388,17.720045,18.973666,19.924859,21.18962,21.540659,21.540659,19.697716,19.697716,16.552945,13.0,9.219544,6.082763,6.708204,10.049876,15.0,19.0,22.0,10.0,12.041595,15.132746,16.492423,18.027756,17.888544,16.643317,15.0,12.041595,9.219544,7.211103,3.605551,1.414214,2.236068,4.242641,5.830952,8.062258,9.848858,12.083046,13.0,14.317821,15.231546,16.155494,15.231546,14.764823,13.038405,12.206556,13.601471,14.21267,14.21267,15.0,13.601471,13.038405,11.661904,10.29563,8.944272,7.615773,5.830952,5.0,4.472136,5.0,7.28011,10.440307,13.0,16.155494,18.384776,20.248457,20.880613,21.84033,20.615528,18.439089,15.297059,14.866069,15.811388,17.720045,18.439089,18.248288,16.278821,15.132746,13.341664,10.440307,8.544004,7.211103,5.830952,6.324555,7.071068,8.0,9.0,10.0,11.045361,12.0,12.0,12.041595,13.0,12.041595,12.041595,11.18034,11.7047
hoyeon_stand_normal_01,2064,688,68.80375956284153,29.998360745314464,10,0.5689660310745239,0.6803909540176392,-0.0123025989159941,0.9998871088027954,0.5653072595596313,0.692690908908844,-0.0276764500886201,0.9998918175697328,0.5640727877616882,0.6934259533882141,-0.0276963133364915,0.9999043941497804,0.5627480745315552,0.6941289901733398,-0.0276989806443452,0.99992036819458,0.5657834410667419,0.6925135254859924,-0.0015347674489021,0.9998254776000975,0.5650604963302612,0.6930652260780334,-0.0015082712052389,0.9997826814651488,0.5642200112342834,0.6937337517738342,-0.0015282724052667,0.9998064637184144,0.5535919666290283,0.6898471117019653,-0.0691874697804451,0.999924659729004,0.5549623966217041,0.6910732388496399,0.0462266281247139,0.99966698884964,0.5637547373771667,0.6697791814804077,-0.0254944302141666,0.9998913407325744,0.5648033022880554,0.6688815355300903,0.0080038094893097,0.9998133778572084,0.5434043407440186,0.6312393546104431,-0.1426877677440643,0.999995768070221,0.5384029746055603,0.6215348839759827,0.124147430062294,0.9996658563613892,0.550272524356842,0.5281012654304504,-0.1790283769369125,0.9979848265647888,0.5513927936553955,0.5200378894805908,0.1526667177677154,0.1358436942100525,0.5638121962547302,0.4309426546096802,-0.1680609434843063,0.995920717716217,0.5692539811134338,0.4448559284210205,0.1161269843578338,0.1598573476076126,0.5649325847625732,0.3978901505470276,-0.1933455914258957,0.9902124404907228,0.5772255063056946,0.4144092202186584,0.1223423928022384,0.1647940427064895,0.5702377557754517,0.3954914212226867,-0.1875274777412414,0.9894224405288696,0.5760518908500671,0.4122292399406433,0.0975648090243339,0.1687812358140945,0.5703524351119995,0.4052900075912475,-0.1645374000072479,0.9812533259391784,0.5739067792892456,0.4229349493980407,0.1045245453715324,0.1709976494312286,0.5521765351295471,0.4346607029438019,-0.0761253610253334,0.9982783794403076,0.5506944060325623,0.4322274625301361,0.0760978907346725,0.9963745474815368,0.5627676844596863,0.2825188338756561,-0.0682853311300277,0.8730878233909607,0.5551289916038513,0.2810972034931183,0.0761782750487327,0.273518294095993,0.5597866177558899,0.1155240312218666,-0.0336337126791477,0.8740193843841553,0.5538699626922607,0.1280252784490585,0.1135025694966316,0.3177375793457031,0.5516462922096252,0.0935818776488304,-0.0321326963603496,0.908795177936554,0.5460995435714722,0.1043305173516273,0.1149132996797561,0.4549427926540375,0.5823850631713867,0.0927976593375206,-0.0828819125890731,0.8695033192634583,0.5759190917015076,0.1045008674263954,0.0690182223916053,0.4287464618682861,hoyeon_stand_normal_01,24.0,24.083189,22.36068,19.646883,15.811388,12.649111,8.246211,5.0,3.605551,5.09902,7.0,10.049876,12.041595,15.033296,17.029386,19.0,20.024984,21.213203,21.377558,19.924859,18.027756,13.928388,9.219544,6.082763,7.211103,11.401754,10.0,7.81025,7.81025,6.708204,7.28011,8.0,10.049876,11.045361,12.165525,13.152946,13.038405,12.041595,12.041595,11.045361,11.045361,10.049876,9.219544,8.246211,7.615773,6.403124,5.830952,7.071068,10.049876,14.142136,17.262677,20.223748,14.7277505,15.5622575,15.949660000000002,15.572445,15.195122,14.351178,13.367318,11.7424,9.6414195,7.385231,5.8941445,4.5,3.8027755,5.04951,7.6366805,10.3335865,14.0808455,16.6378185,19.794597000000003,21.77515,22.90872,22.833516,22.5632695,20.574204,18.691929,14.7111025,8.640901,7.46344,6.0466845,4.0388435000000005,1.5,2.5,4.6708305,6.269578,7.385231,9.1231055,9.924845,9.924845,9.47744,9.47744,8.640901,7.440659,6.535534,4.828427,3.6213205,1.618034,1.414214,3.561553,5.5908915,7.8390155,9.949367,12.330952,16.401219,15.620499,13.453624,11.313708,10.0,9.848858,10.198039,11.18034,12.165525,13.341664,15.524175,16.492423,17.088007,17.888544,19.416488,19.209373,19.104973,16.970563,14.866069,12.727922,10.0,7.28011,7.615773,10.630146,13.453624,17.029386,8.602325,7.071068,5.385165,6.082763,8.944272,12.206556,14.422205,16.643317,18.027756,19.723083,18.788294,18.384776,17.088007,15.811388,14.56022,13.341664,11.18034,10.440307,9.848858,10.816654,11.401754,12.727922,14.142136,16.278821,17.691806,17.029386
hoyeon_stand_normal_01,2067,689,68.90376502732241,29.998360745314464,10,0.568967878818512,0.6803891658782959,-0.0120367025956511,0.9998857378959656,0.5653002262115479,0.6926891803741455,-0.0273860488086938,0.999890387058258,0.5640679001808167,0.6934223771095276,-0.027406008914113,0.9999032020568848,0.5627462863922119,0.6941211819648743,-0.0274082645773887,0.9999192357063292,0.5657703876495361,0.692511796951294,-0.0013438471360132,0.9998233914375304,0.5650458931922913,0.6930630207061768,-0.001317884074524,0.9997801184654236,0.5642049312591553,0.6937307715415955,-0.0013396091526374,0.999804139137268,0.5535976886749268,0.6897972822189331,-0.068841628730297,0.9999237060546876,0.5549628734588623,0.6910637021064758,0.0461796559393405,0.9996649026870728,0.5637655854225159,0.6697617769241333,-0.0252059921622276,0.9998897910118104,0.5648082494735718,0.6688730120658875,0.0081597650423645,0.999811589717865,0.5437068939208984,0.6312450766563416,-0.1422876566648483,0.9999957084655762,0.5383006930351257,0.6215575337409973,0.1240627393126487,0.9996662139892578,0.5507223010063171,0.5283138155937195,-0.1784470677375793,0.997979700565338,0.5511890053749084,0.5200401544570923,0.1526069641113281,0.1361260414123535,0.5638625025749207,0.4309664070606231,-0.1677227020263672,0.9958792328834534,0.5691656470298767,0.4448608458042145,0.1160741075873375,0.1600529104471206,0.564944863319397,0.3979052007198334,-0.1929365247488021,0.9901212453842164,0.5771955847740173,0.4144094586372375,0.1223228871822357,0.1650394797325134,0.5702193975448608,0.3954933583736419,-0.1871610432863235,0.9893168210983276,0.5759531259536743,0.4122282862663269,0.0976326763629913,0.1689969599246978,0.5703191757202148,0.4053084254264831,-0.1642633229494094,0.9810836911201476,0.5738093852996826,0.4229434728622436,0.104510523378849,0.1712038367986679,0.5522487759590149,0.4345534443855285,-0.0760333389043808,0.998277187347412,0.5507009625434875,0.4322254359722137,0.0760044530034065,0.9963821172714232,0.5626974701881409,0.2825968563556671,-0.0682219415903091,0.8730874061584473,0.5551839470863342,0.2822113335132599,0.076109804213047,0.2740163803100586,0.5597107410430908,0.1154972463846206,-0.0336265824735164,0.8741725087165833,0.553898274898529,0.1280449628829956,0.1134397238492965,0.3178064525127411,0.5515581965446472,0.0935767143964767,-0.0321259908378124,0.9092774987220764,0.5461233854293823,0.1048500016331672,0.1148461401462555,0.4553945958614349,0.5821272134780884,0.0928322300314903,-0.0827924832701683,0.8696486949920654,0.5759277939796448,0.1046255081892013,0.0690601170063018,0.4284564256668091,hoyeon_stand_normal_01,7.071068,7.81025,9.433981,12.649111,14.56022,16.763055,17.720045,17.720045,16.763055,16.155494,14.866069,13.928388,11.7047,10.440307,8.062258,5.0,4.242641,6.082763,10.049876,14.142136,18.248288,22.203603,26.07681,27.0,27.073973,25.317978,8.602325,10.816654,12.806248,13.453624,13.453624,12.041595,11.313708,9.219544,7.81025,6.708204,5.385165,5.0,5.385165,5.830952,6.403124,8.602325,8.944272,11.18034,13.0,13.928388,16.155494,17.088007,17.464249,16.552945,15.231546,12.649111,9.899495,8.062258,6.082763,6.324555,7.81025,8.944272,11.7047,13.341664,15.297059,17.262677,19.235384,20.223748,21.377558,21.377558,21.587033,20.615528,19.646883,16.763055,13.601471,9.055385,5.385165,5.385165,9.219544,13.601471,18.027756,21.18962,10.198039,12.369317,14.866069,16.552945,17.492856,17.804494,16.278821,14.866069,12.206556,10.29563,6.708204,4.123106,2.236068,2.236068,3.605551,6.708204,8.062258,9.848858,11.7047,13.928388,14.866069,15.811388,16.155494,15.231546,14.764823,13.038405,16.03122,15.132746,13.038405,11.0,10.198039,9.486833,9.433981,10.816654,12.206556,13.601471,14.422205,16.552945,17.088007,17.720045,18.248288,19.104973,19.0,17.029386,15.033296,13.038405,9.055385,8.062258,8.062258,11.18034,15.0,18.0,9.219544,7.0,5.385165,5.0,8.246211,11.045361,14.0,16.0,17.029386,18.248288,18.439089,17.720045,17.088007,15.652476,13.416408,12.529964,11.18034,10.77033,9.486833,10.198039,11.045361,13.0,14.035669,16.03122,17.0,17.0
hoyeon_stand_normal_01,2070,690,69.00377049180328,29.998360745314464,10,0.568973958492279,0.6803784966468811,-0.0122186699882149,0.9998840093612672,0.5653042197227478,0.6926752924919128,-0.0275672655552625,0.9998887777328492,0.5640758872032166,0.6934046149253845,-0.0275873485952615,0.9999017715454102,0.5627596974372864,0.6940971612930298,-0.0275899413973093,0.9999180436134338,0.5657709240913391,0.6925019025802612,-0.0014557142276316,0.9998208284378052,0.565045952796936,0.6930530071258545,-0.0014296134468168,0.9997768998146056,0.564204752445221,0.6937195062637329,-0.0014506583102047,0.9998011589050292,0.5536515116691589,0.6897384524345398,-0.0690160542726516,0.999922811985016,0.5549730062484741,0.6910431385040283,0.0458908602595329,0.99966162443161,0.5637913942337036,0.6697285771369934,-0.0253965184092521,0.9998883008956908,0.5648211240768433,0.6688529849052429,0.0080519197508692,0.9998098015785216,0.5440932512283325,0.631254255771637,-0.1425441354513168,0.9999957084655762,0.5381135940551758,0.6215681433677673,0.1235305070877075,0.9996660351753236,0.5510801076889038,0.5283830165863037,-0.178693026304245,0.9979889392852784,0.5504931211471558,0.5200031399726868,0.1515666097402572,0.1360606700181961,0.5640172958374023,0.4308820068836212,-0.1678394675254821,0.9958642721176147,0.5689523816108704,0.444945365190506,0.1157957687973976,0.1593888849020004,0.5650445818901062,0.397796630859375,-0.1930845230817794,0.9900806546211244,0.5770277380943298,0.414474606513977,0.1221730634570121,0.1644512414932251,0.5702183246612549,0.395349383354187,-0.1872719824314117,0.989265501499176,0.5756997466087341,0.412260502576828,0.0975731387734413,0.1683348268270492,0.5703133940696716,0.4052344262599945,-0.1643663197755813,0.9809944033622742,0.573570966720581,0.4229989647865295,0.1043239459395408,0.1705230176448822,0.5525295734405518,0.4343986213207245,-0.0759039893746376,0.9982784986495972,0.5505965352058411,0.4322253167629242,0.0758737474679946,0.9963812828063964,0.5627752542495728,0.2826617062091827,-0.0678927227854728,0.872603178024292,0.555152177810669,0.2829134464263916,0.0761185884475708,0.2733111679553985,0.5597640872001648,0.1155073791742324,-0.0330910198390483,0.873682975769043,0.5538948178291321,0.1282464414834976,0.1134785413742065,0.3164066672325134,0.5515715479850769,0.0935768485069274,-0.0315295681357383,0.9096179604530334,0.5461243391036987,0.104850448668003,0.1148813441395759,0.4551582038402557,0.5824258327484131,0.0930365771055221,-0.0812492594122886,0.8689831495285034,0.5758899450302124,0.1049802079796791,0.0695487260818481,0.426167756319046,hoyeon_stand_normal_01,24.041631,23.537205,22.203603,19.026298,16.0,12.0,8.062258,5.385165,4.472136,6.0,8.246211,10.440307,12.649111,15.524175,17.464249,19.416488,21.213203,22.090722,22.0,21.023796,19.104973,15.132746,11.0,7.28011,7.211103,11.18034,8.602325,7.81025,6.708204,6.082763,6.0,7.28011,8.544004,9.848858,10.29563,11.18034,11.18034,10.77033,10.77033,9.848858,8.944272,8.944272,8.062258,7.211103,6.403124,5.830952,6.082763,7.071068,9.848858,13.416408,17.0,20.124612,14.866069,16.278821,16.278821,16.278821,15.620499,15.0,13.601471,11.661904,10.29563,7.615773,6.324555,4.0,3.605551,4.123106,6.082763,9.486833,13.0,16.155494,18.384776,20.248457,22.135944,21.84033,21.84033,19.646883,17.262677,14.035669,9.219544,8.544004,6.708204,5.0,2.236068,2.236068,4.0,5.385165,7.615773,8.062258,8.602325,8.602325,9.219544,7.81025,7.071068,6.403124,5.656854,4.242641,2.236068,1.0,2.0,4.472136,6.708204,8.062258,10.816654,12.206556,11.661904,12.083046,13.0,13.416408,12.529964,12.529964,11.661904,10.816654,9.219544,7.81025,6.403124,5.0,4.123106,4.123106,5.830952,7.81025,11.313708,12.727922,15.556349,17.691806,19.849433,20.615528,21.400935,20.0,18.027756,15.264338,13.601471,15.0,16.401219,18.027756,16.643317,16.124515,14.764823,12.529964,10.29563,7.211103,5.656854,4.472136,5.09902,5.385165,6.708204,7.615773,8.944272,9.848858,9.848858,10.77033,10.77033,10.77033,10.77033,10.29563,10.0,9.899495
hoyeon_stand_normal_01,2073,691,69.10377595628415,29.998360745314464,10,0.5690184235572815,0.680364727973938,-0.0123745929449796,0.9998830556869508,0.5653446316719055,0.6926531791687012,-0.0277187749743461,0.999888002872467,0.5641231536865234,0.6933788657188416,-0.0277384221553802,0.9999011158943176,0.5628124475479126,0.6940661072731018,-0.0277414191514253,0.9999175071716307,0.5658009052276611,0.692480206489563,-0.0016513668233528,0.9998196959495544,0.5650731921195984,0.6930285096168518,-0.0016253845533356,0.9997754693031312,0.5642306208610535,0.6936911940574646,-0.0016465114895254,0.9997998476028442,0.5537256598472595,0.6896878480911255,-0.0691903978586196,0.9999224543571472,0.5550276041030884,0.6910133361816406,0.0455768331885337,0.9996605515480042,0.5638542771339417,0.6696835160255432,-0.0255577452480793,0.999887466430664,0.5648788213729858,0.6688134670257568,0.0078417509794235,0.9998090267181396,0.5441812872886658,0.6312510967254639,-0.1427125036716461,0.9999957084655762,0.5381133556365967,0.6215754747390747,0.1228684186935424,0.999666154384613,0.5511379837989807,0.5283302068710327,-0.1788581311702728,0.9979970455169678,0.5504759550094604,0.5199174880981445,0.150701031088829,0.1359858065843582,0.5640380382537842,0.4307698607444763,-0.1678173243999481,0.995842695236206,0.5689125657081604,0.4449925422668457,0.1150286421179771,0.1585690975189209,0.5650487542152405,0.3977393209934234,-0.1930966824293136,0.990021824836731,0.5769701600074768,0.4145111739635467,0.1214378327131271,0.163669154047966,0.5702155828475952,0.3952682316303253,-0.1872119009494781,0.9891955256462096,0.5756213665008545,0.4122818410396576,0.0969262421131134,0.1674808263778686,0.5703052282333374,0.405180811882019,-0.1643172949552536,0.9808710217475892,0.573497474193573,0.4230275154113769,0.1036281809210777,0.1696793287992477,0.5525748133659363,0.4343677759170532,-0.0757511109113693,0.9982718825340272,0.5505784749984741,0.4322627186775207,0.075722336769104,0.996370255947113,0.5628043413162231,0.2829065322875976,-0.0677306205034256,0.8716983199119568,0.5550836324691772,0.2837288081645965,0.0761327743530273,0.2720692753791809,0.5599010586738586,0.115709476172924,-0.0326107144355773,0.8726515769958496,0.5538781881332397,0.1284380257129669,0.1135510206222534,0.3147186636924743,0.5516530871391296,0.0936978757381439,-0.0309775788336992,0.909713327884674,0.5461198687553406,0.1048863679170608,0.1149589791893959,0.4548355638980865,0.5826314687728882,0.0934173986315727,-0.0802041962742805,0.8678470253944397,0.5758443474769592,0.1053852662444114,0.0696102455258369,0.4233978390693664,hoyeon_stand_normal_01,24.351591,24.166092,22.825424,20.248457,16.401219,13.601471,9.433981,6.324555,5.09902,5.0,7.211103,8.944272,12.083046,14.317821,16.552945,17.888544,19.723083,20.808652,20.615528,19.849433,17.691806,14.142136,9.899495,6.708204,5.385165,9.219544,8.944272,8.062258,6.403124,6.403124,6.708204,8.246211,9.055385,11.045361,11.045361,12.041595,12.041595,12.041595,11.045361,11.045361,10.049876,10.049876,9.0,8.0,8.062258,7.615773,6.403124,8.062258,11.401754,14.317821,17.262677,20.396078,14.56022,15.297059,16.124515,16.124515,15.033296,14.0,13.0,11.045361,10.049876,8.246211,6.324555,4.242641,3.162278,4.472136,7.071068,10.0,13.601471,15.811388,18.601075,20.808652,21.400935,22.022716,21.260292,19.79899,16.970563,14.21267,8.246211,8.062258,6.0,4.123106,1.414214,1.414214,3.162278,5.0,7.0,9.055385,9.219544,9.219544,9.486833,8.544004,7.615773,7.28011,5.385165,4.472136,3.162278,1.0,1.414214,3.605551,5.830952,7.615773,9.848858,11.7047,16.124515,13.892444,12.529964,12.083046,10.440307,10.049876,10.0,11.045361,12.165525,14.035669,15.033296,16.0,17.117243,17.464249,18.973666,18.384776,18.35756,17.492856,15.264338,12.529964,9.848858,8.0,8.062258,10.630146,14.422205,17.492856,8.944272,6.324555,5.09902,5.656854,8.062258,11.18034,13.416408,15.652476,17.492856,18.027756,17.804494,17.029386,16.278821,14.866069,14.21267,12.806248,11.401754,10.630146,10.630146,10.0,11.661904,12.083046,14.317821,15.231546,16.552945,17.0
hoyeon_stand_normal_01,2076,692,69.20378142076503,29.998360745314464,10,0.5690426230430603,0.6803115010261536,-0.0128303626552224,0.9998818635940552,0.5653756260871887,0.6926090121269226,-0.0281614977866411,0.999886989593506,0.5641606450080872,0.6933320164680481,-0.0281813312321901,0.9999001622200012,0.5628554821014404,0.6940160393714905,-0.0281852949410676,0.9999167323112488,0.5658242702484131,0.6924340128898621,-0.0021763737313449,0.9998181462287904,0.5650953054428101,0.6929795742034912,-0.0021508857607841,0.9997735023498536,0.564251720905304,0.6936405301094055,-0.0021724915131926,0.9997981190681458,0.5537955164909363,0.6896448135375977,-0.0695038065314292,0.9999217987060548,0.5550779700279236,0.6909805536270142,0.0449696630239486,0.9996587634086608,0.5638876557350159,0.6695986390113831,-0.0259556137025356,0.9998862743377686,0.5649185180664062,0.6687368154525757,0.0073414617218077,0.9998075366020204,0.5442142486572266,0.6312569379806519,-0.1428405344486236,0.9999956488609314,0.5381270051002502,0.6215976476669312,0.1218026056885719,0.9996660351753236,0.5511453747749329,0.5283148288726807,-0.1788765788078308,0.9979987740516664,0.5504792332649231,0.5198751091957092,0.1494764983654022,0.1361132711172104,0.5640367269515991,0.4307647347450256,-0.1677986234426498,0.995810866355896,0.5689147114753723,0.4450577199459076,0.1138365492224693,0.158179685473442,0.5650447010993958,0.3977368772029876,-0.1930691301822662,0.9899399280548096,0.5769650936126709,0.4146069586277008,0.1201516240835189,0.1632953733205795,0.570193350315094,0.3952524960041046,-0.18717822432518,0.9891008138656616,0.5756179690361023,0.4123741090297699,0.0957272946834564,0.16704823076725,0.5702745318412781,0.4051726758480072,-0.1642987132072448,0.9807204008102416,0.5734953284263611,0.4230976998806,0.1024836748838424,0.1692486405372619,0.5525913238525391,0.4343578517436981,-0.0754168704152107,0.9982577562332152,0.5506227016448975,0.4322799742221832,0.0753899440169334,0.9963512420654296,0.5628079175949097,0.2829959988594055,-0.0675262734293937,0.8699091076850891,0.5550844669342041,0.2839901447296142,0.0759967043995857,0.2702473104000091,0.5600452423095703,0.1160800233483314,-0.0322190709412097,0.870570957660675,0.5539112687110901,0.1285356432199478,0.1133368760347366,0.3121860027313232,0.551975429058075,0.0942829325795173,-0.0305399075150489,0.9094133973121644,0.546281635761261,0.1050782427191734,0.114743135869503,0.4537520408630371,0.5826393961906433,0.0935905948281288,-0.0794500932097435,0.8657397031784058,0.5757805109024048,0.1054777726531028,0.0694671794772148,0.4195956289768219,hoyeon_stand_normal_01,6.708204,6.708204,8.062258,12.041595,14.035669,16.124515,16.124515,17.029386,16.03122,16.03122,14.0,13.038405,11.045361,9.055385,7.28011,5.0,5.09902,7.28011,11.18034,15.652476,20.124612,24.596748,26.925824,28.460499,28.635642,26.305893,11.18034,12.369317,13.341664,14.56022,14.56022,13.601471,12.649111,11.401754,9.219544,8.062258,7.0,6.324555,5.830952,5.656854,6.708204,7.615773,8.246211,10.049876,12.041595,14.035669,15.033296,17.029386,17.029386,17.117243,15.033296,12.0,14.866069,14.866069,15.811388,15.524175,15.297059,14.317821,12.165525,11.045361,9.055385,7.0,5.09902,3.162278,2.0,4.472136,7.071068,10.630146,12.806248,17.029386,19.849433,21.931712,22.627417,22.627417,21.931712,20.615528,18.601075,14.422205,7.615773,7.28011,5.09902,3.162278,2.236068,2.236068,4.472136,6.324555,8.062258,9.055385,10.0,10.049876,10.049876,9.055385,9.055385,8.062258,7.071068,5.0,4.0,2.236068,2.0,3.605551,5.656854,7.81025,9.433981,11.18034,12.77411,13.5902705,13.9640565,14.46287,14.01729,13.5902705,12.679751,11.401754,10.2201535,8.514897000000001,6.841616999999999,5.9568575,4.611063,5.04951,6.117038,8.7732985,11.291047,14.2652455,17.2468175,19.6669925,21.584666,22.229366,22.478558,21.3641655,19.5582095,16.383916,13.319938,14.8824115,16.340930999999998,16.5630285,16.5630285,15.211209,14.23377,12.216311,9.2217495,6.9596535,5.5210095,4.123106,4.736068,5.5210095,6.889636,8.640901,9.081908,10.239502,11.042019,10.8770075,11.240951,11.7216745,11.4059625,11.291047,10.816654,11.356596
hoyeon_stand_normal_01,2079,693,69.3037868852459,29.998360745314464,10,0.569050669670105,0.68022620677948,-0.0128515856340527,0.9998794198036194,0.5653950572013855,0.6925226449966431,-0.0281981583684682,0.9998847246170044,0.5641877055168152,0.6932424902915955,-0.0282180812209844,0.999898076057434,0.5628902912139893,0.693928062915802,-0.0282219257205724,0.9999149441719056,0.5658347010612488,0.6923561096191406,-0.0021958840079605,0.9998145699501038,0.5651046633720398,0.6929029226303101,-0.002170406281948,0.9997689723968506,0.5642601847648621,0.6935680508613586,-0.0021925927139818,0.999794065952301,0.5538581609725952,0.6895843148231506,-0.0695837438106536,0.9999201893806458,0.5551024079322815,0.690929651260376,0.0449993014335632,0.9996532201766968,0.563899576663971,0.6694995164871216,-0.0259956251829862,0.9998839497566224,0.564927339553833,0.6686609983444214,0.0073245968669652,0.9998043775558472,0.5443166494369507,0.6312610507011414,-0.1428553014993667,0.9999955892562866,0.5381121039390564,0.6216112375259399,0.1218480318784713,0.999666690826416,0.5512422919273376,0.5283268094062805,-0.1789054721593856,0.9979901313781738,0.5504574179649353,0.5198571085929871,0.1495169103145599,0.1364899426698684,0.5640403628349304,0.4307373762130737,-0.1678480207920074,0.9957672953605652,0.568911612033844,0.4451365768909454,0.1138860359787941,0.1582819074392318,0.5650463104248047,0.3977370858192444,-0.1931322515010833,0.9898449182510376,0.5769551992416382,0.4146637916564941,0.1202392727136612,0.1634508818387985,0.5701601505279541,0.3952461183071136,-0.1872286349534988,0.9889930486679076,0.5756089091300964,0.4124317765235901,0.0957884564995765,0.1671539098024368,0.5702351927757263,0.4051710367202759,-0.1643456369638443,0.9805426597595216,0.5734890699386597,0.4231489300727844,0.1025246679782867,0.1693381816148758,0.5526348352432251,0.4342964589595794,-0.0753967612981796,0.9982511401176452,0.5506229996681213,0.4322745203971863,0.0753697529435157,0.9963465929031372,0.5628079175949097,0.283020406961441,-0.0675334259867668,0.8686678409576416,0.5550833940505981,0.2840577363967895,0.076006531715393,0.2689152061939239,0.5600432753562927,0.1160894781351089,-0.0322406142950058,0.8693383932113647,0.5539223551750183,0.1285557895898819,0.113381527364254,0.3105183243751526,0.5519751906394958,0.0943398997187614,-0.0305505357682704,0.9096236228942872,0.546326220035553,0.1050919890403747,0.1147915497422218,0.453599601984024,0.5821890234947205,0.0935837179422378,-0.0795736759901046,0.8645625114440918,0.5757419466972351,0.1054475232958793,0.0694756209850311,0.4171222746372223,hoyeon_stand_normal_01,7.615773,7.071068,8.062258,10.630146,12.727922,14.142136,14.142136,14.866069,14.866069,14.21267,12.806248,11.401754,10.0,9.219544,7.071068,4.472136,4.123106,5.656854,8.062258,12.083046,15.652476,19.235384,21.954498,22.803509,23.345235,21.931712,9.219544,10.630146,11.313708,12.727922,12.041595,12.041595,11.313708,9.899495,8.602325,7.211103,6.324555,6.082763,6.0,6.324555,6.708204,8.062258,9.219544,10.630146,11.313708,12.806248,14.866069,15.620499,16.278821,15.556349,14.142136,12.727922,11.045361,9.055385,7.615773,7.071068,7.615773,9.0,11.18034,13.601471,14.866069,17.088007,18.384776,20.248457,21.18962,22.135944,21.84033,20.615528,19.646883,17.464249,13.341664,8.544004,5.0,6.324555,10.630146,15.556349,19.104973,22.627417,10.630146,13.038405,15.652476,18.027756,18.439089,18.248288,17.029386,15.033296,12.165525,9.219544,6.324555,3.605551,1.0,2.0,4.472136,6.708204,9.433981,11.661904,13.038405,14.422205,15.811388,15.811388,16.643317,16.124515,15.652476,13.928388,16.124515,13.152946,12.041595,11.0,9.219544,8.944272,9.433981,10.0,11.401754,12.806248,14.422205,15.264338,16.552945,17.088007,18.681542,19.235384,18.11077,17.029386,15.0,12.041595,8.062258,5.656854,7.071068,10.440307,13.601471,17.088007,10.29563,7.28011,5.0,5.656854,8.062258,11.401754,14.56022,16.763055,18.027756,18.384776,18.788294,18.35756,16.643317,15.811388,14.21267,13.453624,12.041595,10.816654,10.29563,9.848858,10.198039,12.165525,13.038405,15.033296,16.03122,16.124515
hoyeon_stand_normal_01,2082,694,69.40379234972677,29.998360745314464,10,0.5690555572509766,0.6800256371498108,-0.0120240179821848,0.9998772144317628,0.5654135942459106,0.6923089623451233,-0.0273958221077919,0.9998825192451476,0.5642131567001343,0.6930286288261414,-0.0274164918810129,0.999896228313446,0.5629228949546814,0.6937229633331299,-0.0274197254329919,0.9999132752418518,0.5658446550369263,0.692160427570343,-0.0014293011045083,0.9998109936714172,0.5651136636734009,0.6927163004875183,-0.0014036066131666,0.999764323234558,0.5642683506011963,0.6933950781822205,-0.0014276127330958,0.9997897148132324,0.5539196729660034,0.6894564628601074,-0.0688968524336814,0.999918818473816,0.5551295876502991,0.690825879573822,0.0456195101141929,0.9996475577354432,0.5639020204544067,0.6692419648170471,-0.0251761600375175,0.9998816847801208,0.5649318695068359,0.6684281826019287,0.0080980798229575,0.9998011589050292,0.5444384813308716,0.6312676072120667,-0.1424997299909591,0.9999955892562866,0.5380306839942932,0.6216393113136292,0.1226269453763961,0.99966561794281,0.5514280796051025,0.5283829569816589,-0.1787771433591842,0.9979907274246216,0.5502274632453918,0.5198562741279602,0.150250643491745,0.136330246925354,0.5640793442726135,0.4307109713554382,-0.1676222383975982,0.9957437515258788,0.5688639879226685,0.4451770782470703,0.1150557771325111,0.1574883013963699,0.5650702118873596,0.3977411389350891,-0.192836046218872,0.9897966384887696,0.576904833316803,0.41467946767807,0.1216608956456184,0.1627630889415741,0.5701478123664856,0.3952457010746002,-0.1868605315685272,0.988935649394989,0.5755526423454285,0.4124398231506347,0.0972890332341194,0.1664197444915771,0.5702199935913086,0.4051695764064789,-0.164100781083107,0.9804441928863524,0.5734454393386841,0.4231548607349396,0.1037126407027244,0.1685925871133804,0.5526518225669861,0.4342026710510254,-0.0754012539982795,0.998254418373108,0.5506061911582947,0.4322240054607391,0.0753738135099411,0.9963502883911132,0.5628117322921753,0.2829294204711914,-0.067542627453804,0.8691999316215515,0.5551074743270874,0.2839873731136322,0.076012447476387,0.2700939774513244,0.560044527053833,0.1159911602735519,-0.0324797071516513,0.8699510097503662,0.5539271831512451,0.1285743117332458,0.1133555546402931,0.3116121590137481,0.5519760847091675,0.0942824557423591,-0.0308063682168722,0.9103640913963318,0.54634028673172,0.1050839051604271,0.114762969315052,0.4550146460533142,0.5823004841804504,0.0935714468359947,-0.0796442925930023,0.8650751113891602,0.5757401585578918,0.1054502204060554,0.069494642317295,0.4174681603908539,hoyeon_stand_normal_01,23.4623275,23.4623275,22.516124,19.748353,15.715943500000002,12.7276795,8.881774,5.415476,4.123106,4.9286505,6.8071135,9.3011625,11.511605,14.3007355,16.802934999999998,18.279884,19.8481165,20.8905725,20.594810000000003,19.3964105,17.719544499999998,14.1051325,9.937144,6.117038,6.5769155,10.2468345,9.081908,8.5588215,7.905125,7.54518,7.8390155,8.7732985,9.353188500000002,10.169901,11.357731,12.205456,11.8415125,11.357731,11.357731,10.5352265,10.048767,9.7087915,9.219544,8.3322915,7.6055515,6.6978115,6.3954835,7.259227,10.0975625,13.226812,17.389906500000002,20.1080005,14.56022,15.297059,16.124515,16.124515,15.033296,14.035669,13.0,11.0,9.055385,7.071068,5.385165,2.828427,3.0,5.0,7.81025,10.0,14.422205,17.204651,20.0,21.400935,23.430749,22.671568,21.931712,20.518285,18.439089,14.21267,7.81025,6.708204,5.385165,3.0,1.414214,2.236068,5.0,6.708204,8.544004,9.219544,10.198039,10.049876,10.049876,10.049876,9.0,8.062258,7.0,5.09902,4.123106,2.236068,2.0,3.605551,5.830952,8.062258,10.77033,11.7047,16.278821,14.142136,12.041595,10.816654,9.848858,9.219544,10.049876,11.0,12.041595,14.035669,15.0,16.124515,17.262677,17.720045,19.313208,19.235384,18.867962,17.204651,15.811388,13.038405,9.848858,7.0,8.602325,10.816654,14.764823,17.888544,9.433981,6.403124,4.472136,4.123106,7.81025,10.630146,14.142136,16.278821,17.804494,18.601075,18.867962,17.492856,16.552945,15.231546,13.928388,12.649111,11.7047,10.77033,9.433981,10.0,11.313708,12.041595,14.21267,15.0,16.401219,17.804494
hoyeon_stand_normal_01,2085,695,69.50379781420764,29.998360745314464,10,0.5690850019454956,0.6798248291015625,-0.0115221636369824,0.99987530708313,0.5654445290565491,0.6920930743217468,-0.0269388612359762,0.99988055229187,0.5642508864402771,0.692805826663971,-0.0269595514982938,0.9998946189880372,0.5629675984382629,0.6935004591941833,-0.0269625782966613,0.9999118447303772,0.5658694505691528,0.6919674277305603,-0.0009181728237308,0.9998074769973756,0.5651384592056274,0.6925309896469116,-0.0008918334497138,0.9997598528862,0.5642938613891602,0.6932201385498047,-0.0009161003981716,0.9997854828834534,0.5539942979812622,0.6892678141593933,-0.0685610398650169,0.9999176859855652,0.5551833510398865,0.6906883716583252,0.0462685748934745,0.9996410608291626,0.5639394521713257,0.6689802408218384,-0.0246927607804536,0.9998798370361328,0.5649700164794922,0.6682109236717224,0.008658736012876,0.9997981190681458,0.5445879697799683,0.6312729716300964,-0.142483189702034,0.9999956488609314,0.5380285382270813,0.6216673851013184,0.123793751001358,0.9996650218963624,0.551517128944397,0.5283912420272827,-0.1788210570812225,0.9980031251907348,0.5502151846885681,0.5198519825935364,0.1520240902900695,0.1360422521829605,0.564132809638977,0.4306485056877136,-0.1681477427482605,0.995757520198822,0.5688629150390625,0.4453576505184173,0.1166637614369392,0.1571488976478576,0.5651324987411499,0.397737592458725,-0.1934182196855545,0.989828884601593,0.5769008994102478,0.4147988259792328,0.123423084616661,0.1625396758317947,0.5701466798782349,0.3952262103557586,-0.1873376369476318,0.988966941833496,0.5755442976951599,0.4124913215637207,0.0988888964056968,0.1661805063486099,0.5702173709869385,0.4051447212696075,-0.1645901203155517,0.9804791808128356,0.5734414458274841,0.4231913089752197,0.1052288338541984,0.168334424495697,0.5527459979057312,0.4340873956680298,-0.075618952512741,0.9982686638832092,0.5506145358085632,0.4321482479572296,0.0755899176001548,0.9963639974594116,0.5626964569091797,0.2829021215438843,-0.0677923485636711,0.8702176809310913,0.555162787437439,0.2839325070381164,0.0761695802211761,0.2710585296154022,0.5600261688232422,0.1158756539225578,-0.0335190556943416,0.871326208114624,0.5540236830711365,0.1285678595304489,0.1135264933109283,0.3132045865058899,0.5519043803215027,0.0942421108484268,-0.0319641567766666,0.911149263381958,0.5463764071464539,0.1050602495670318,0.1149389743804931,0.4564484059810638,0.5823757648468018,0.0935009643435478,-0.0814877524971962,0.8663766980171204,0.5770471692085266,0.1054331883788108,0.0697303563356399,0.4191229343414306,hoyeon_stand_normal_01,7.615773,7.211103,9.219544,13.038405,15.033296,16.03122,17.029386,17.117243,16.124515,16.124515,14.142136,13.152946,11.18034,9.055385,8.0,5.385165,5.0,7.071068,11.045361,15.297059,19.416488,23.345235,26.172505,27.018512,27.018512,25.317978,9.486833,10.440307,11.7047,11.7047,12.649111,12.083046,10.77033,9.848858,8.246211,7.071068,6.0,5.385165,5.0,5.0,5.830952,7.615773,8.246211,10.198039,11.045361,13.038405,14.035669,16.124515,16.124515,15.132746,14.142136,12.041595,10.630146,10.0,7.615773,7.0,7.211103,8.485281,10.816654,13.416408,15.231546,17.088007,18.027756,19.313208,20.615528,21.540659,21.023796,20.124612,19.235384,17.0,12.529964,8.544004,5.09902,5.385165,10.0,15.033296,19.104973,22.022716,10.0,13.038405,15.297059,16.763055,17.464249,17.492856,15.811388,14.866069,12.041595,9.219544,5.830952,3.162278,2.828427,5.385165,7.615773,9.848858,11.7047,13.601471,14.56022,15.811388,16.763055,17.088007,17.088007,15.231546,14.764823,12.255474,15.033296,14.035669,12.041595,11.045361,9.219544,8.544004,9.433981,10.0,11.401754,12.806248,14.422205,15.264338,16.552945,17.088007,19.416488,18.11077,18.027756,17.0,15.033296,12.041595,9.055385,6.708204,7.28011,11.0,14.142136,17.262677,10.049876,8.0,5.385165,5.0,7.071068,10.049876,13.038405,16.03122,17.117243,18.11077,18.248288,17.720045,16.763055,14.866069,13.416408,13.416408,11.18034,11.18034,9.486833,10.198039,11.045361,12.0,14.035669,15.033296,16.03122,17.0
hoyeon_stand_normal_01,2088,696,69.60380327868852,29.998360745314464,10,0.5690944194793701,0.6797107458114624,-0.0102843940258026,0.9998730421066284,0.5654608011245728,0.691977858543396,-0.0258122850209474,0.9998781681060792,0.5642776489257812,0.6926789879798889,-0.0258335191756486,0.99989253282547,0.5630080103874207,0.6933643817901611,-0.0258350037038326,0.999910056591034,0.5658731460571289,0.6918706893920898,0.0002645882486831,0.9998034834861756,0.5651405453681946,0.6924353241920471,0.0002913422649726,0.9997546076774596,0.5642953515052795,0.6931247115135193,0.0002658150042407,0.9997807145118712,0.5540856719017029,0.6891388893127441,-0.0677952095866203,0.9999161958694458,0.5552082061767578,0.690582275390625,0.0473317839205265,0.9996339678764344,0.5639542937278748,0.6687690615653992,-0.0235503781586885,0.9998775124549866,0.5649730563163757,0.6680564880371094,0.0098843174055218,0.9997947812080384,0.5448659658432007,0.6312782168388367,-0.1420517116785049,0.9999956488609314,0.5379458069801331,0.6216844916343689,0.1249622330069542,0.9996642470359802,0.5516921877861023,0.5284385085105896,-0.178818330168724,0.9980047345161438,0.5498642325401306,0.5198478102684021,0.1531809717416763,0.1357612907886505,0.5644924640655518,0.4305289089679718,-0.1680961698293686,0.9957517981529236,0.5687800049781799,0.4455147087574005,0.1177963241934776,0.1568869948387146,0.5655136704444885,0.397630363702774,-0.1933586001396179,0.9898232221603394,0.5768172740936279,0.4148522615432739,0.1245820298790931,0.1624328941106796,0.5702006220817566,0.3950889408588409,-0.1872477233409881,0.9889549016952516,0.5754587650299072,0.4124932885169983,0.099930539727211,0.1660488545894622,0.5702534914016724,0.4049842655658722,-0.1645238995552063,0.9804472923278807,0.5733804702758789,0.4231963157653808,0.1063068062067031,0.1681780964136123,0.5530914068222046,0.4337880909442901,-0.0756396576762199,0.998280704021454,0.5505839586257935,0.4319840371608734,0.0756097063422203,0.9963802099227904,0.5626538991928101,0.2825391888618469,-0.0677802190184593,0.8710342645645142,0.5551387667655945,0.2836818695068359,0.0762064233422279,0.2733717560768127,0.5600569248199463,0.1155680567026138,-0.03357919678092,0.8727476000785828,0.5540522933006287,0.1283302754163742,0.1135475933551788,0.3161130249500274,0.5519092679023743,0.0940645113587379,-0.0320377498865127,0.9123632907867432,0.5463902354240417,0.1049147844314575,0.1149608567357063,0.459415853023529,0.5824379324913025,0.0933945775032043,-0.081491895020008,0.8678243160247803,0.576924204826355,0.1051700562238693,0.0697929784655571,0.4217221438884735,hoyeon_stand_normal_01,7.211103,6.708204,9.055385,11.045361,14.142136,15.132746,16.124515,16.03122,16.03122,14.035669,14.0,12.0,10.0,9.055385,6.324555,5.0,5.09902,7.28011,10.77033,15.652476,19.697716,23.769729,25.298221,26.683328,26.305893,25.019992,10.049876,12.041595,13.038405,13.152946,13.152946,13.152946,12.165525,10.049876,9.0,8.062258,6.324555,6.708204,5.656854,6.403124,6.708204,7.28011,9.055385,10.049876,12.0,13.0,15.033296,16.03122,16.0,15.0,14.0,12.041595,15.556349,17.029386,17.804494,18.027756,17.492856,16.124515,14.764823,13.0,10.77033,8.246211,6.082763,4.123106,3.162278,5.09902,8.062258,12.206556,15.811388,19.416488,23.021729,25.238859,27.45906,27.784888,27.294688,25.942244,21.931712,18.384776,9.219544,8.544004,6.708204,4.242641,2.0,3.0,5.09902,7.615773,9.433981,10.816654,11.401754,12.041595,12.041595,11.313708,10.630146,9.899495,8.485281,7.071068,5.0,3.162278,1.414214,3.162278,5.385165,8.062258,10.816654,12.806248,15.297059,14.142136,13.152946,11.401754,9.848858,8.602325,9.899495,10.0,12.206556,13.601471,14.21267,16.970563,17.029386,18.027756,18.35756,18.788294,19.313208,17.720045,15.524175,12.369317,8.944272,6.403124,7.0,9.848858,13.416408,16.124515,10.0,7.28011,5.830952,5.385165,8.0,11.045361,14.142136,16.124515,18.027756,19.0,19.0,18.11077,17.262677,15.524175,14.56022,13.601471,12.369317,11.401754,11.18034,11.0,11.045361,12.165525,13.601471,15.524175,16.492423,16.492423
hoyeon_stand_normal_01,2091,697,69.7038087431694,29.998360745314464,10,0.5691320896148682,0.6797112226486206,-0.010402712970972,0.999870538711548,0.5654876232147217,0.6919730305671692,-0.0259001292288303,0.999875783920288,0.5643185973167419,0.692673921585083,-0.0259213149547576,0.9998902678489684,0.5630658268928528,0.6933603882789612,-0.0259228069335222,0.9999082684516908,0.5658799409866333,0.6918667554855347,0.0001449232804588,0.9997997879981996,0.5651444792747498,0.6924306154251099,0.0001714151148917,0.9997497797012328,0.5642982125282288,0.6931184530258179,0.0001459527702536,0.9997764229774476,0.5541856288909912,0.6890978217124939,-0.0678541585803031,0.9999145865440368,0.5552299618721008,0.6905550360679626,0.0472103469073772,0.999627947807312,0.5640084147453308,0.6687644124031067,-0.0236706547439098,0.9998751878738404,0.564988911151886,0.6680495142936707,0.0097286747768521,0.9997917413711548,0.5451365113258362,0.6312558054924011,-0.1419353932142257,0.9999955892562866,0.537756085395813,0.6216902732849121,0.1248836740851402,0.999661922454834,0.5518144965171814,0.5283942818641663,-0.1786850541830063,0.9979923963546752,0.5493733286857605,0.5198409557342529,0.1524567455053329,0.1350597292184829,0.5650392770767212,0.4301201999187469,-0.1669924855232238,0.9957029223442078,0.5684772729873657,0.4456349313259125,0.1174662038683891,0.1554354727268219,0.5661970376968384,0.3971942067146301,-0.1921133995056152,0.98971426486969,0.5764869451522827,0.4148939847946167,0.1242890134453773,0.1611686050891876,0.5704132318496704,0.3946777582168579,-0.1858413964509964,0.9888303279876708,0.5751820802688599,0.4124954342842102,0.099660687148571,0.1646859496831894,0.5704386234283447,0.4045324623584747,-0.1633377373218536,0.9802421927452089,0.5731630325317383,0.4232038259506225,0.1060124188661575,0.1668110638856887,0.5536726713180542,0.4336470365524292,-0.0753298327326774,0.9982715249061584,0.5504115223884583,0.4319447875022888,0.075296364724636,0.996369481086731,0.5626663565635681,0.2822050452232361,-0.0672581568360328,0.8704742193222046,0.5549924969673157,0.2833531200885772,0.0761473551392555,0.2745516002178192,0.5601159930229187,0.1155488044023513,-0.0324753262102603,0.8723925352096558,0.5540145635604858,0.128242090344429,0.1134010925889015,0.3167765140533447,0.5520493984222412,0.0940624922513961,-0.030814466997981,0.913089156150818,0.546405017375946,0.1048488169908523,0.1147961765527725,0.4609672129154205,0.582013726234436,0.0934095606207847,-0.0789737924933433,0.8674644827842712,0.5763171911239624,0.1050172075629234,0.0697462186217308,0.4211429059505462,hoyeon_stand_normal_01,24.351591,24.515301,22.203603,20.024984,16.0,13.038405,9.0,6.082763,4.242641,5.0,8.062258,10.198039,12.165525,14.317821,17.117243,19.026298,21.0,21.095023,21.213203,20.615528,17.720045,14.56022,10.198039,6.324555,7.211103,11.7047,9.055385,9.055385,9.0,8.246211,8.544004,10.29563,10.816654,10.816654,12.206556,12.206556,12.206556,12.206556,11.401754,10.816654,10.0,10.0,9.219544,8.485281,7.81025,8.062258,7.28011,8.062258,10.77033,14.317821,17.888544,20.124612,16.0,17.029386,17.117243,17.117243,17.262677,16.278821,14.56022,12.649111,10.77033,8.944272,6.708204,5.0,3.162278,4.242641,7.211103,9.848858,13.601471,17.088007,20.248457,22.472205,23.769729,24.166092,23.259407,21.470911,19.723083,15.811388,9.433981,8.944272,6.708204,5.09902,3.0,2.0,3.605551,5.385165,7.28011,8.246211,10.049876,10.049876,10.0,9.0,9.0,8.062258,6.082763,5.0,3.0,2.0,1.414214,3.162278,6.082763,8.246211,11.18034,13.038405,15.556349,13.453624,12.727922,11.401754,9.433981,8.544004,9.055385,10.049876,11.0,13.0,15.033296,15.297059,16.492423,18.027756,18.788294,19.723083,18.601075,17.804494,15.620499,12.806248,9.433981,6.082763,7.211103,10.816654,13.416408,16.552945,10.0,8.485281,5.830952,5.09902,8.062258,11.401754,14.21267,16.278821,17.804494,18.027756,18.867962,18.35756,16.552945,15.811388,14.56022,13.601471,12.369317,10.77033,10.29563,10.29563,10.630146,12.727922,14.21267,14.866069,16.278821,16.970563
hoyeon_stand_normal_01,2094,698,69.80381420765028,29.998360745314464,10,0.5691409707069397,0.6797665953636169,-0.0103943152353167,0.9998677372932434,0.5654945969581604,0.6919950842857361,-0.025877246633172,0.999873161315918,0.5643382668495178,0.6926867961883545,-0.0258985552936792,0.9998875856399536,0.5631055235862732,0.6933632493019104,-0.0258999764919281,0.9999061226844788,0.5658811926841736,0.6919068098068237,0.000130782747874,0.9997959733009338,0.5651438236236572,0.6924697756767273,0.0001569045562064,0.999744713306427,0.5642966628074646,0.6931490898132324,0.0001308149367105,0.999772012233734,0.5542944073677063,0.6890918016433716,-0.0678599253296852,0.9999126195907592,0.5552453994750977,0.6905473470687866,0.0471207350492477,0.9996221661567688,0.5640401840209961,0.6687837839126587,-0.0236889962106943,0.999872624874115,0.5649924874305725,0.6681063771247864,0.0096626114100217,0.9997888207435608,0.5453580617904663,0.6312277317047119,-0.1417736560106277,0.9999954700469972,0.5375106334686279,0.6216883659362793,0.1246871873736381,0.9996609091758728,0.5519838333129883,0.5281868577003479,-0.1782100200653076,0.9979593753814696,0.5489580035209656,0.5197393298149109,0.1515526622533798,0.1342439949512481,0.5655401945114136,0.4295973181724548,-0.1649440377950668,0.9956081509590148,0.56800377368927,0.4457341432571411,0.1171099469065666,0.1536628007888794,0.5667139291763306,0.3967042863368988,-0.189796507358551,0.989512860774994,0.5759939551353455,0.4149739742279053,0.1240629106760025,0.1596521288156509,0.5705541372299194,0.394226610660553,-0.1833859831094741,0.9886052012443542,0.5747658610343933,0.4125128984451294,0.099448911845684,0.1630566120147705,0.5705792903900146,0.4040635526180267,-0.1612141132354736,0.9798853993415833,0.5728253126144409,0.423229455947876,0.1056913360953331,0.1651944071054458,0.5542800426483154,0.433643102645874,-0.0749076232314109,0.99826180934906,0.55018550157547,0.431966483592987,0.0748695284128189,0.9963661432266236,0.5626775026321411,0.2821138501167297,-0.066803328692913,0.8689355254173279,0.5548868179321289,0.2833426296710968,0.0758934244513511,0.2746407389640808,0.5602044463157654,0.1155456602573394,-0.0316888205707073,0.8709508180618286,0.5539736151695251,0.1281705349683761,0.1131945624947547,0.3158978521823883,0.5521431565284729,0.0940607711672782,-0.0299405995756387,0.9135255813598632,0.5464085936546326,0.1047480329871177,0.11459681391716,0.4615067541599273,0.5816911458969116,0.0934109464287757,-0.0771620720624923,0.8661460876464844,0.575790286064148,0.104784108698368,0.0696656629443168,0.4188474416732788,hoyeon_stand_normal_01,25.298221,25.70992,24.186773,21.023796,18.0,14.0,10.049876,6.324555,5.656854,6.324555,8.0,11.045361,13.038405,16.03122,18.027756,20.0,22.022716,22.203603,22.36068,20.615528,18.973666,14.866069,11.401754,7.071068,7.071068,11.18034,9.055385,8.0,8.062258,8.246211,8.944272,9.433981,10.630146,11.401754,12.041595,12.806248,12.041595,12.041595,11.401754,10.630146,10.630146,9.899495,9.219544,9.219544,8.062258,7.615773,8.0,9.219544,12.083046,15.652476,19.235384,21.931712,15.076182499999998,14.513149,14.1355975,13.535534,13.3210355,13.5415705,13.584938,13.255726500000002,13.4647685,13.1258475,12.667909,11.986833,11.8849945,12.807764,13.9133155,15.298414,16.739917,17.456404499999998,17.0486185,16.4214795,15.5377285,16.196854000000002,17.819617,19.420157,20.0820055,19.55968,9.8328105,10.4002705,10.4407905,10.181679,9.658886,8.405694,9.2296685,9.68148,9.5538095,9.031129,8.04951,7.1038195,7.0226805,7.574448,8.664992999999999,9.534201,9.621299,9.7495855,9.3824115,9.0622575,9.0,10.3027755,10.969055,12.349749,13.1339115,14.317821,11.401754,12.206556,13.038405,13.601471,13.038405,12.206556,11.401754,10.630146,9.899495,7.81025,6.403124,5.0,4.123106,4.123106,5.830952,7.211103,10.630146,13.453624,16.278821,18.439089,20.0,21.400935,21.633308,20.248457,18.867962,15.264338,13.416408,14.764823,16.552945,17.464249,17.088007,15.811388,14.56022,12.369317,9.486833,7.615773,5.830952,5.0,4.123106,5.0,6.082763,7.28011,8.246211,9.219544,9.486833,10.440307,10.440307,10.440307,10.440307,10.77033,10.29563,10.0
hoyeon_stand_normal_01,2097,699,69.90381967213115,29.998360745314464,10,0.5691604614257812,0.6800413131713867,-0.0090811103582382,0.9998605251312256,0.5655128955841064,0.6921599507331848,-0.024648318067193,0.9998663663864136,0.5643799901008606,0.6927998065948486,-0.0246718395501375,0.9998810291290284,0.5631917715072632,0.6934289932250977,-0.0246738456189632,0.9999005794525146,0.5658825635910034,0.6921394467353821,0.0013455463340505,0.9997864365577698,0.5651418566703796,0.6926836371421814,0.0013706169556826,0.999732792377472,0.5642930865287781,0.6933260560035706,0.0013397390721365,0.999761998653412,0.55455482006073,0.6890815496444702,-0.0672170370817184,0.9999074935913086,0.5552960634231567,0.6905409693717957,0.0476147271692752,0.9996078610420228,0.5640797019004822,0.6688913702964783,-0.0226557925343513,0.9998660683631896,0.5649968385696411,0.6683483719825745,0.0106719052419066,0.9997800588607788,0.545630156993866,0.6311078071594238,-0.1409247070550918,0.999995231628418,0.5373063683509827,0.6216182708740234,0.1246130615472793,0.9996565580368042,0.552084743976593,0.5278120040893555,-0.1764718890190124,0.9978503584861756,0.5482771396636963,0.5195339918136597,0.1509270220994949,0.1319548934698104,0.5657981634140015,0.4291673302650451,-0.1599506288766861,0.9952619671821594,0.5672062635421753,0.4458859860897064,0.1164214983582496,0.1501913517713546,0.5669450759887695,0.3964008092880249,-0.1841448992490768,0.9888088703155518,0.575478196144104,0.415187805891037,0.1233291402459144,0.1566422283649444,0.5706023573875427,0.3938771784305572,-0.1777161061763763,0.9878273606300354,0.5743151903152466,0.4126365482807159,0.0987002030014991,0.1599405854940414,0.5706338286399841,0.4037142395973205,-0.1562109887599945,0.9786731004714966,0.5723876953125,0.4233608841896057,0.1049644649028778,0.162202388048172,0.5546641945838928,0.4336401224136352,-0.0746953189373016,0.9982414841651917,0.5498178601264954,0.4320041835308075,0.0746537670493125,0.9963340163230896,0.5629716515541077,0.2818589806556701,-0.0663795545697212,0.8664291501045227,0.5548381209373474,0.2832657694816589,0.0758065655827522,0.27228644490242,0.5605416893959045,0.1154551282525062,-0.0313926860690116,0.8684020638465881,0.553931474685669,0.1282113194465637,0.113205961883068,0.3124832808971405,0.5522569417953491,0.0940145105123519,-0.0296726282685995,0.9127973318099976,0.5463688373565674,0.1047711372375488,0.1146093681454658,0.4596721231937408,0.58222895860672,0.0933964028954505,-0.0769087374210357,0.8634791374206543,0.5755527019500732,0.1047391593456268,0.0697979405522346,0.4141194522380829,hoyeon_stand_normal_01,25.298221,25.96151,24.33105,22.090722,18.027756,15.033296,11.045361,7.28011,5.0,6.082763,8.0,10.198039,13.341664,15.297059,18.439089,19.235384,22.090722,23.0,23.021729,22.203603,19.416488,16.492423,12.165525,7.071068,6.403124,10.198039,8.544004,8.246211,8.062258,8.0,9.219544,9.486833,10.77033,11.18034,11.661904,12.529964,11.661904,11.661904,10.816654,10.816654,10.0,10.0,9.219544,9.219544,8.602325,8.062258,8.246211,9.055385,11.7047,14.317821,17.888544,21.023796,12.041595,9.486833,8.602325,8.062258,8.062258,10.049876,12.649111,15.231546,16.552945,19.235384,20.124612,21.931712,22.847319,22.847319,22.847319,22.472205,21.18962,17.720045,14.866069,9.848858,6.403124,6.082763,10.0,15.556349,18.384776,21.931712,8.602325,12.041595,14.866069,16.401219,17.492856,17.464249,17.088007,15.297059,13.038405,10.0,7.071068,4.123106,1.414214,2.236068,4.0,7.0,9.055385,11.18034,12.369317,14.56022,15.524175,16.763055,16.492423,16.492423,16.278821,15.132746,15.652476,14.764823,13.416408,11.661904,10.630146,10.0,10.29563,11.18034,12.083046,13.416408,15.264338,16.643317,17.029386,18.384776,19.209373,19.416488,19.723083,17.888544,16.552945,13.416408,10.816654,8.602325,8.062258,11.18034,13.928388,16.552945,9.219544,7.81025,6.324555,6.082763,7.615773,10.816654,13.601471,15.811388,16.643317,18.35756,17.464249,18.027756,16.763055,15.524175,14.317821,13.152946,12.165525,11.18034,10.440307,10.77033,11.661904,13.038405,13.892444,15.811388,16.643317,16.643317
hoyeon_stand_normal_01,2100,700,70.00382513661202,29.998360745314464,10,0.5677676796913147,0.6811596751213074,-0.0044427677057683,0.9998406171798706,0.5643701553344727,0.6929003000259399,-0.0199192482978105,0.9998459219932556,0.5635174512863159,0.6934166550636292,-0.0199470594525337,0.9998621344566344,0.5626891851425171,0.6939301490783691,-0.0199460461735725,0.9998843669891356,0.5643367171287537,0.6929096579551697,0.0056757987476885,0.9997571706771852,0.5635114312171936,0.6933355331420898,0.0056969155557453,0.9996966123580932,0.5626888871192932,0.6938402652740479,0.0056497785262763,0.9997298121452332,0.5546826720237732,0.6890844106674194,-0.0626731663942337,0.9998915195465088,0.5547406673431396,0.6905064582824707,0.0501816645264625,0.9995577335357666,0.5631906390190125,0.6699808835983276,-0.0181153696030378,0.9998456239700316,0.5635032057762146,0.6696659326553345,0.0146452980116009,0.9997513294219972,0.5459295511245728,0.6309751868247986,-0.1364797055721283,0.9999945163726808,0.5371319055557251,0.6215478181838989,0.1247606351971626,0.9996398687362672,0.5521474480628967,0.5277807116508484,-0.1721906810998916,0.9975677728652954,0.5478408336639404,0.5195931792259216,0.1508696377277374,0.1289730668067932,0.5658775568008423,0.4288733899593353,-0.1541696488857269,0.9946068525314332,0.5665903687477112,0.4469496607780456,0.1166960820555687,0.1466112285852432,0.5670570135116577,0.3963129818439483,-0.1769617646932602,0.987582266330719,0.5750649571418762,0.4158519804477691,0.1236580684781074,0.1537583917379379,0.5705960988998413,0.3935787677764892,-0.1712087094783783,0.9864556789398192,0.5738723278045654,0.4128789007663727,0.0990150496363639,0.1569544225931167,0.5705962777137756,0.4034376740455627,-0.150635540485382,0.9766274094581604,0.5718141198158264,0.4237420260906219,0.1051970720291137,0.1594685167074203,0.5547297596931458,0.4342279136180877,-0.073286086320877,0.9981938004493712,0.5494576692581177,0.4327136874198913,0.0732216462492942,0.9962632060050964,0.5629702210426331,0.2818407118320465,-0.0637013837695121,0.8638417720794678,0.5548587441444397,0.2832576036453247,0.0739382207393646,0.2736208438873291,0.5607410073280334,0.1154440566897392,-0.029840026050806,0.8662248849868774,0.5539222955703735,0.1283239126205444,0.1110456362366676,0.3119955658912658,0.5526342391967773,0.0940113514661789,-0.0283705666661262,0.91190767288208,0.5464134216308594,0.1049043461680412,0.1125001236796379,0.4591578543186188,0.5825655460357666,0.0933999344706535,-0.0760116949677467,0.860651433467865,0.5753955841064453,0.1048381701111793,0.0683004036545753,0.4115715026855469,hoyeon_stand_normal_01,24.186773,24.738634,23.086793,20.615528,17.888544,13.416408,9.848858,7.071068,6.324555,6.403124,8.602325,10.29563,13.416408,15.652476,17.888544,19.723083,21.633308,22.022716,21.931712,21.931712,19.209373,15.620499,12.041595,8.062258,8.062258,11.18034,8.544004,8.544004,8.062258,9.0,9.055385,10.198039,10.198039,11.401754,11.401754,11.401754,11.401754,10.440307,10.440307,10.77033,9.848858,9.848858,8.944272,9.433981,8.602325,8.485281,8.062258,9.486833,11.045361,15.0,18.0,21.0,14.866069,16.278821,16.401219,16.401219,15.811388,14.422205,13.892444,11.661904,9.848858,7.615773,5.385165,3.0,2.236068,4.123106,6.708204,9.433981,13.038405,16.124515,19.723083,21.470911,22.825424,23.259407,22.847319,20.248457,18.027756,14.56022,8.0,7.071068,5.385165,3.605551,2.0,2.236068,4.0,6.082763,7.28011,9.486833,9.848858,9.848858,10.29563,8.944272,8.062258,8.062258,6.708204,5.385165,4.123106,3.0,2.236068,3.0,5.385165,8.062258,10.0,11.401754,12.144801,13.5089395,13.7469575,14.011838,13.7469575,13.5089395,12.973186,11.631693,10.3679685,8.5952415,7.413437999999999,6.0777535,5.0,4.495358,5.54951,7.6586395,10.7998965,12.985394,16.008299,17.951669,20.397023,21.708403,21.708403,20.597387,18.5663645,15.5789055,12.9953875,14.449265,16.87755,17.194795499999998,17.6452165,15.581983,14.587716,12.54,10.1239575,7.7631605,6.0466845,4.9497475,4.977029,5.7117875,7.031129,8.062258,9.5526305,10.050373,10.5226805,11.5827625,11.5827625,11.5827625,11.543478,11.543478,11.6109675,11.086042
hoyeon_stand_normal_01,2103,701,70.1038306010929,29.998360745314464,10,0.565974771976471,0.6820099949836731,-0.0013378665316849,0.9998129606246948,0.5630061626434326,0.6935266852378845,-0.016705872491002,0.9998161792755128,0.5624274611473083,0.693932831287384,-0.0167361143976449,0.9998347759246826,0.5619604587554932,0.6943503022193909,-0.016733331605792,0.999860942363739,0.5625728368759155,0.6935617327690125,0.0086471168324351,0.9997153878211976,0.5616714954376221,0.6938714981079102,0.0086657833307981,0.9996440410614014,0.5608728528022766,0.6942568421363831,0.0086089633405208,0.9996824860572816,0.5547760725021362,0.6890819668769836,-0.0589175671339035,0.9998685121536256,0.5539118647575378,0.6904628276824951,0.0526433028280735,0.9994826912879944,0.5619852542877197,0.6707943677902222,-0.0147678144276142,0.9998155236244202,0.561775267124176,0.6705382466316223,0.0176367200911045,0.9997094869613647,0.5463645458221436,0.6309385895729065,-0.1337021440267563,0.9999936819076538,0.5370660424232483,0.6215430498123169,0.126099407672882,0.999620258808136,0.5523624420166016,0.5281438231468201,-0.1702897250652313,0.9972542524337769,0.5477014183998108,0.5200254917144775,0.1515165716409683,0.1261793226003646,0.5658761262893677,0.4288637340068817,-0.1522981077432632,0.993929088115692,0.5665102005004883,0.4478184878826141,0.1190222427248954,0.1433487832546234,0.5670720934867859,0.3963277637958526,-0.1746232807636261,0.9863414764404296,0.5750166773796082,0.4177899360656738,0.1263776421546936,0.1512201875448227,0.570526659488678,0.3935215771198272,-0.1691060960292816,0.9850621819496156,0.5737960934638977,0.4143598079681396,0.1016207411885261,0.1543254852294922,0.5704612135887146,0.4033878743648529,-0.14882493019104,0.9745699167251588,0.571648895740509,0.4242121577262878,0.1074344888329505,0.1570854783058166,0.5548396706581116,0.4347142875194549,-0.0722986012697219,0.9981351494789124,0.5492494702339172,0.4330203533172607,0.0722154304385185,0.9961901903152466,0.5626605749130249,0.2818396687507629,-0.06211693957448,0.8614585995674133,0.5549908876419067,0.2832376658916473,0.0721621587872505,0.2766992747783661,0.5607407689094543,0.1153350099921226,-0.029208205640316,0.864439845085144,0.5539532899856567,0.1281755119562149,0.108468547463417,0.3136439025402069,0.5527015328407288,0.0940127968788147,-0.0278591718524694,0.9115453362464904,0.5466253757476807,0.1048863157629966,0.1098633855581283,0.460458755493164,0.5820394158363342,0.0933843404054641,-0.0754696950316429,0.8583779335021973,0.5753040313720703,0.1047198697924614,0.0657452270388603,0.4108445942401886,hoyeon_stand_normal_01,7.211103,6.082763,8.246211,10.77033,12.083046,13.416408,14.317821,14.317821,13.928388,13.928388,12.649111,10.77033,9.486833,7.615773,6.403124,5.0,5.0,7.615773,10.816654,13.601471,18.027756,21.095023,23.706539,25.079872,25.298221,23.537205,8.944272,10.29563,11.18034,12.083046,12.083046,11.18034,11.18034,10.29563,8.062258,7.211103,7.071068,5.830952,5.385165,5.09902,6.0,6.082763,7.28011,8.944272,10.29563,11.661904,12.529964,13.892444,14.764823,14.317821,13.416408,11.661904,14.866069,15.556349,16.278821,16.401219,16.401219,14.422205,13.038405,11.661904,9.848858,7.615773,6.082763,5.09902,3.605551,5.09902,7.071068,10.440307,13.601471,16.763055,19.924859,21.84033,22.803509,23.537205,22.36068,21.213203,18.11077,15.033296,8.0,8.062258,6.082763,3.162278,1.414214,1.0,3.162278,5.385165,7.211103,8.602325,9.219544,9.219544,9.219544,8.485281,8.485281,7.071068,6.403124,5.0,3.605551,2.236068,1.0,3.162278,5.830952,8.062258,10.0,12.206556,11.661904,13.038405,13.038405,13.601471,13.892444,13.038405,12.529964,11.18034,9.848858,8.544004,7.615773,6.324555,5.0,4.472136,5.09902,7.071068,10.198039,12.369317,14.56022,17.720045,19.416488,20.223748,21.213203,20.099751,18.11077,15.132746,13.928388,15.811388,16.763055,17.464249,17.262677,16.278821,15.297059,12.369317,10.198039,8.544004,7.211103,5.656854,5.385165,6.082763,8.0,8.0,9.0,10.0,11.0,12.041595,12.041595,12.041595,12.0,11.045361,11.045361,11.7047
hoyeon_stand_normal_01,2106,702,70.20383606557377,29.998360745314464,10,0.5656370520591736,0.6827158331871033,-0.000580868916586,0.9997979998588562,0.562611997127533,0.694111168384552,-0.0159164927899837,0.999799907207489,0.56206214427948,0.6944528222084045,-0.0159470960497856,0.999819815158844,0.5616709589958191,0.6948214769363403,-0.0159451160579919,0.9998483657836914,0.5621703863143921,0.694168210029602,0.0094845602288842,0.9996927380561828,0.5612687468528748,0.6944165229797363,0.0095040062442421,0.9996150732040404,0.5604779124259949,0.6947384476661682,0.0094499485567212,0.9996562600135804,0.5548410415649414,0.6891451478004456,-0.0578062385320663,0.9998567700386048,0.553717315196991,0.6904547214508057,0.0539393834769725,0.9994414448738098,0.5617380738258362,0.6713045239448547,-0.013875457458198,0.9998002648353576,0.561509907245636,0.671140730381012,0.0185937620699405,0.9996871948242188,0.5467690825462341,0.6309376955032349,-0.1332029700279235,0.9999933242797852,0.5370665788650513,0.6215378046035767,0.127953752875328,0.9996097087860109,0.5527926683425903,0.5285391807556152,-0.1700479984283447,0.9970901608467102,0.5477259755134583,0.5203264951705933,0.1528693586587906,0.1241176649928093,0.5660924315452576,0.4288482069969177,-0.1525340974330902,0.9935765862464904,0.5666555762290955,0.4478718936443329,0.1203127801418304,0.1412305980920791,0.5673134326934814,0.3963273465633392,-0.1751961708068847,0.985672891139984,0.575255811214447,0.4177618026733398,0.1274532377719879,0.149674654006958,0.5706149935722351,0.3935096859931946,-0.1697134673595428,0.9843012690544128,0.5740578770637512,0.4143778383731842,0.1026237979531288,0.1527140587568283,0.5705441832542419,0.4033745229244232,-0.1490293890237808,0.9734331369400024,0.5718572735786438,0.4243515133857727,0.1086349040269851,0.1556889712810516,0.555282473564148,0.4347405731678009,-0.0721646845340728,0.9981080293655396,0.5489140748977661,0.4330182075500488,0.0720797851681709,0.9961541891098022,0.5627496242523193,0.2815427184104919,-0.0620416365563869,0.8590649962425232,0.5549020171165466,0.2829728722572326,0.0720624700188636,0.2779289484024048,0.5608237385749817,0.1146895363926887,-0.0292959436774253,0.8621893525123596,0.5538170337677002,0.1277126669883728,0.1080265268683433,0.3135835230350494,0.5527549982070923,0.0939288064837455,-0.0279504619538784,0.910794734954834,0.5466036200523376,0.1046397984027862,0.1093708798289299,0.4609442353248596,0.5823177695274353,0.0933967009186744,-0.07564078271389,0.8557897806167603,0.5750091671943665,0.1046933904290199,0.0653873831033706,0.4088045656681061,hoyeon_stand_normal_01,23.706539,23.259407,22.135944,19.646883,17.262677,13.152946,9.219544,6.708204,5.0,6.082763,8.062258,10.198039,12.369317,15.297059,17.262677,20.099751,21.023796,22.022716,22.203603,21.377558,18.681542,15.524175,11.18034,8.062258,7.81025,12.083046,8.246211,8.544004,8.944272,9.433981,8.602325,9.899495,9.899495,10.630146,10.630146,10.630146,10.630146,10.0,10.0,9.433981,9.433981,9.433981,8.944272,8.944272,8.544004,8.246211,8.0,8.544004,10.29563,12.806248,17.029386,20.0,14.866069,16.155494,16.552945,16.552945,15.652476,15.264338,13.892444,12.206556,10.0,7.81025,5.656854,3.605551,2.0,4.123106,7.071068,9.0,13.0,16.0,18.0,21.0,22.022716,22.090722,22.203603,20.396078,17.464249,13.601471,7.615773,7.211103,5.656854,3.605551,2.0,2.0,4.123106,5.830952,7.81025,9.219544,9.219544,9.219544,9.219544,8.602325,7.81025,7.81025,6.403124,5.656854,3.605551,3.162278,2.236068,3.162278,6.0,8.0,10.198039,12.369317,15.811388,13.892444,13.038405,10.630146,9.219544,8.062258,8.544004,9.219544,11.18034,12.369317,13.601471,15.231546,16.552945,17.492856,18.601075,18.439089,17.691806,17.691806,15.620499,12.041595,9.899495,6.324555,6.324555,9.219544,12.041595,15.620499,10.29563,7.211103,5.0,6.082763,8.544004,11.18034,13.892444,16.124515,17.0,17.464249,18.384776,17.720045,16.492423,16.278821,14.142136,13.152946,12.165525,11.18034,10.440307,9.848858,10.29563,12.206556,13.601471,15.0,16.401219,17.029386
hoyeon_stand_normal_01,2109,703,70.30384153005464,29.998360745314464,10,0.5656963586807251,0.6833841800689697,0.0001659698900766,0.9997882843017578,0.5625801682472229,0.6946972608566284,-0.0152110131457448,0.9997891187667848,0.5620137453079224,0.695000410079956,-0.0152412662282586,0.9998095631599426,0.5616203546524048,0.695343554019928,-0.0152395479381084,0.9998398423194884,0.5621770024299622,0.69477778673172,0.0102228196337819,0.9996784329414368,0.5612846612930298,0.6949968338012695,0.0102424705401062,0.9995967149734496,0.5604923963546753,0.6952909231185913,0.0101898582652211,0.9996400475502014,0.5549466609954834,0.6893090009689331,-0.057167463004589,0.99984872341156,0.5537053346633911,0.6904743313789368,0.0547564700245857,0.9994162321090698,0.5617546439170837,0.6718224287033081,-0.0131210815161466,0.999789535999298,0.5615752339363098,0.6717463731765747,0.0193984992802143,0.9996725916862488,0.5471908450126648,0.6309418678283691,-0.1325977742671966,0.9999930262565612,0.5370712876319885,0.6215403079986572,0.1289224326610565,0.9996039271354676,0.5532036423683167,0.5287699103355408,-0.169025108218193,0.9969287514686584,0.5477462410926819,0.5204511880874634,0.1532336324453354,0.1225002259016037,0.5663045048713684,0.4288419187068939,-0.1507814973592758,0.99319326877594,0.5667886734008789,0.4478841722011566,0.1203585341572761,0.1391422748565673,0.5675313472747803,0.3963294327259063,-0.1733877658843994,0.9849483370780944,0.5754384994506836,0.4177465438842773,0.127325102686882,0.1480388045310974,0.570691704750061,0.3935049176216125,-0.1681272685527801,0.9834815263748168,0.5743541717529297,0.4143984913825989,0.1025163754820823,0.1510142534971237,0.5706197023391724,0.403368592262268,-0.1473373770713806,0.9722101092338562,0.5721302032470703,0.4244318902492523,0.1086697354912757,0.1542024761438369,0.5556586384773254,0.4348215460777282,-0.0721676349639892,0.9980952143669128,0.5484514832496643,0.4330639541149139,0.0720827803015708,0.9961429238319396,0.5631489157676697,0.2811859846115112,-0.062014140188694,0.8570401668548584,0.554693341255188,0.28254434466362,0.07216227799654,0.2787161469459533,0.5610096454620361,0.1137847304344177,-0.0293454136699438,0.8601784110069275,0.5535169839859009,0.1267805844545364,0.1080997139215469,0.3134725987911224,0.5528931021690369,0.0929320603609085,-0.0280097052454948,0.9099603295326232,0.5464785695075989,0.1039053425192833,0.1094294264912605,0.4613485932350158,0.5826265811920166,0.0933944210410118,-0.0757086426019668,0.8534239530563354,0.5745388865470886,0.1045924201607704,0.0655279904603958,0.4067969918251037,hoyeon_stand_normal_01,23.853721,25.0,23.345235,21.931712,17.804494,14.21267,10.630146,7.211103,5.09902,6.324555,7.81025,9.899495,12.727922,14.866069,17.691806,19.79899,22.022716,23.021729,23.323808,22.36068,20.615528,17.088007,12.083046,7.81025,7.071068,10.440307,8.944272,8.944272,8.602325,8.602325,9.219544,9.219544,9.433981,10.29563,10.77033,10.77033,10.77033,10.77033,10.440307,9.486833,9.219544,10.198039,9.055385,9.055385,9.0,8.062258,7.615773,7.81025,10.0,13.416408,17.464249,20.124612,17.888544,19.723083,19.416488,20.0,19.209373,18.439089,16.970563,14.866069,12.806248,10.0,8.062258,5.09902,4.472136,5.385165,9.0,12.041595,17.262677,20.223748,24.33105,27.294688,29.154759,30.149627,29.068884,27.0,24.020824,20.099751,10.77033,9.848858,7.211103,5.0,2.236068,1.0,4.242641,7.071068,9.219544,11.401754,12.206556,12.206556,11.661904,11.661904,10.29563,10.29563,8.944272,6.708204,5.0,2.828427,1.0,3.0,6.082763,8.246211,11.7047,13.928388,15.811388,14.56022,12.649111,11.18034,9.433981,9.219544,9.219544,10.816654,11.661904,13.038405,14.422205,15.620499,16.970563,17.804494,18.601075,18.867962,18.788294,17.464249,15.811388,13.0,10.29563,7.071068,7.0,9.486833,13.416408,16.124515,9.848858,8.062258,6.403124,6.082763,8.062258,10.77033,13.928388,16.155494,18.027756,18.681542,18.681542,18.248288,17.117243,16.0,14.035669,14.035669,12.041595,11.0,10.049876,10.198039,10.440307,12.649111,13.416408,14.764823,16.155494,16.552945
hoyeon_stand_normal_01,2112,704,70.40384699453551,29.998360745314464,10,0.5657679438591003,0.6835276484489441,0.0007915918249636,0.9997780323028564,0.5626093149185181,0.6948604583740234,-0.0145102236419916,0.99977844953537,0.5620272159576416,0.6951620578765869,-0.0145402392372488,0.9997991919517516,0.5616201162338257,0.695503294467926,-0.0145386476069688,0.9998312592506408,0.5622336268424988,0.6949479579925537,0.0108495699241757,0.9996644258499146,0.561350405216217,0.6951698064804077,0.0108691146597266,0.9995781779289246,0.5605567097663879,0.6954630017280579,0.0108170192688703,0.9996237754821776,0.5550343990325928,0.6893479824066162,-0.0562816262245178,0.9998407959938048,0.5537184476852417,0.6904702186584473,0.0553116351366043,0.999391794204712,0.561784565448761,0.6719456911087036,-0.0124250389635562,0.999778151512146,0.5616431832313538,0.6719047427177429,0.020002756267786,0.9996575117111206,0.5475744605064392,0.6309433579444885,-0.1316273957490921,0.9999927282333374,0.5370576977729797,0.6215401291847229,0.1292800456285476,0.9995983839035034,0.5536329746246338,0.5289250016212463,-0.1681621670722961,0.9967753291130066,0.5477625727653503,0.5206214785575867,0.1532583683729171,0.120703101158142,0.5665562748908997,0.4288356304168701,-0.1501048505306244,0.9928217530250548,0.5668051242828369,0.4478970468044281,0.1202310621738433,0.1365664154291153,0.5677181482315063,0.396344244480133,-0.1728226244449615,0.984247386455536,0.5754565000534058,0.4177414774894714,0.127166211605072,0.1459082067012787,0.5707792043685913,0.3935067355632782,-0.1673163026571273,0.9826829433441162,0.5744142532348633,0.4144144058227539,0.102360650897026,0.1487728059291839,0.5707250833511353,0.4033694565296173,-0.146573930978775,0.9710237383842468,0.572191596031189,0.4245027005672455,0.108559213578701,0.1521794199943542,0.5559952855110168,0.4349262118339538,-0.0719963535666465,0.9980822205543518,0.5478966236114502,0.4331219494342804,0.0719100162386894,0.996125876903534,0.5638017654418945,0.2810773849487304,-0.0619023516774177,0.8528095483779907,0.5543952584266663,0.2822746932506561,0.0720668137073516,0.2765198945999145,0.5611876845359802,0.1136658638715744,-0.0294036660343408,0.8556838035583496,0.5533570051193237,0.1261941492557525,0.1077231094241142,0.3096952736377716,0.5531202554702759,0.0927600190043449,-0.0280643217265605,0.9086018800735474,0.5464524626731873,0.1035922840237617,0.1090488135814666,0.4593381285667419,0.5827853083610535,0.0935926213860511,-0.0753281265497207,0.8487696051597595,0.574098527431488,0.1045777797698974,0.0654842182993888,0.4008917510509491,hoyeon_stand_normal_01,15.790112,15.7082385,15.7254055,15.573284,15.2104785,14.5033715,13.2411105,11.9854405,11.1313385,10.9777335,11.421773,11.46895,12.041595,12.2053545,12.262516000000002,11.761379,12.1607845,13.4457075,15.4719405,17.4447175,18.1661055,18.5716225,18.59017,17.1370045,17.3648505,18.306406000000003,9.34166,9.8328105,10.0897835,10.1138915,9.992545,10.4566605,10.310649000000002,9.534201,9.497074,9.056067,8.930063,8.930063,8.6304895,8.3078865,8.531129,8.5,8.5276925,9.1301485,10.307764,10.7720805,11.2213245,12.4491285,13.938307,15.184577999999998,16.2872215,16.919867500000002,14.764823,15.652476,16.552945,17.088007,15.811388,15.524175,13.341664,12.369317,10.198039,8.062258,6.0,4.123106,2.236068,4.123106,7.211103,9.899495,14.142136,16.970563,19.79899,21.931712,23.430749,23.430749,23.600847,21.633308,18.867962,16.124515,7.615773,7.28011,5.0,3.162278,1.414214,2.236068,4.472136,6.082763,8.062258,9.0,10.049876,10.198039,10.198039,10.198039,9.219544,8.062258,7.071068,6.082763,4.0,3.162278,2.236068,3.162278,5.830952,7.81025,10.0,12.206556,11.18034,12.083046,13.416408,13.416408,13.416408,13.416408,12.083046,10.77033,9.486833,8.246211,6.324555,5.385165,4.242641,4.472136,6.0,8.062258,10.198039,13.341664,16.278821,18.248288,20.223748,22.090722,22.090722,21.023796,19.026298,16.03122,13.0,14.035669,16.124515,17.262677,16.278821,15.297059,13.341664,11.401754,9.219544,7.071068,5.09902,4.472136,4.472136,5.385165,6.082763,7.071068,8.062258,9.055385,10.198039,10.198039,11.18034,10.198039,11.18034,10.049876,10.0,10.198039
hoyeon_stand_normal_01,2115,705,70.50385245901639,29.998360745314464,10,0.5657799243927002,0.6836036443710327,0.0030121197924017,0.999768078327179,0.5626216530799866,0.6949388980865479,-0.0122520923614501,0.999767541885376,0.5620376467704773,0.6952459812164307,-0.0122826062142848,0.999788463115692,0.5616254806518555,0.6955897212028503,-0.0122796101495623,0.9998223185539246,0.562238872051239,0.6950305104255676,0.0129418103024363,0.999650537967682,0.5613554120063782,0.6952601075172424,0.0129605252295732,0.9995591044425964,0.5605551600456238,0.6955554485321045,0.0129062924534082,0.9996070265769958,0.555145800113678,0.689411997795105,-0.0538262613117694,0.9998324513435364,0.5537053346633911,0.6904689073562622,0.057023100554943,0.9993664026260376,0.5617979764938354,0.672065794467926,-0.0100659076124429,0.9997650980949402,0.5616573691368103,0.6720467209815979,0.0221396572887897,0.9996413588523864,0.5478572845458984,0.6311265230178833,-0.1297221928834915,0.9999924898147584,0.5369904637336731,0.6215753555297852,0.1308247745037078,0.9995934367179872,0.5540426969528198,0.5299578309059143,-0.1668151766061782,0.9966198205947876,0.5477764010429382,0.5212255716323853,0.1542915850877761,0.1189453452825546,0.5668115615844727,0.4289260506629944,-0.148122489452362,0.9924464821815492,0.5668133497238159,0.4482995569705963,0.1217982694506645,0.1341342329978943,0.5680234432220459,0.3964912891387939,-0.1704965382814407,0.9835529327392578,0.5754972696304321,0.4193586707115173,0.1288542300462722,0.1439591944217682,0.5708780288696289,0.3935836553573608,-0.1650159657001495,0.9818899631500244,0.5744779706001282,0.4147320985794067,0.1039587929844856,0.1467411965131759,0.5708077549934387,0.4034501016139984,-0.1445513665676117,0.9698492884635924,0.572224497795105,0.4250291883945465,0.110102504491806,0.1503631174564361,0.55616295337677,0.4353403449058532,-0.0719033554196357,0.9980741143226624,0.5472782254219055,0.4333607852458954,0.0718139186501503,0.9961252212524414,0.5642315745353699,0.2811480164527893,-0.0617495849728584,0.8497861623764038,0.5537627935409546,0.2822664380073547,0.0718556270003318,0.2760374248027801,0.5612418055534363,0.1136721074581146,-0.029450075700879,0.8520711660385132,0.5526330471038818,0.1259469836950302,0.1068374440073967,0.3077947497367859,0.5531554818153381,0.0927620232105255,-0.028106166049838,0.9075180292129515,0.5461972951889038,0.1034920364618301,0.108128622174263,0.4587110877037048,0.582905113697052,0.0941574051976203,-0.0747453942894935,0.8449925780296326,0.5735402703285217,0.1045868620276451,0.0649916902184486,0.3965716361999511,hoyeon_stand_normal_01,24.515301,24.186773,24.020824,20.024984,18.11077,14.142136,10.049876,8.062258,5.830952,5.830952,8.544004,10.198039,12.165525,15.297059,17.464249,18.681542,21.18962,21.931712,22.36068,21.095023,19.416488,15.811388,11.661904,8.246211,8.246211,11.401754,9.219544,9.219544,8.544004,9.848858,8.944272,9.433981,10.0,10.630146,10.630146,10.630146,10.630146,10.630146,9.899495,9.899495,10.630146,10.0,10.0,10.0,9.433981,8.944272,9.055385,9.0,11.401754,13.928388,17.088007,20.248457,12.727922,10.816654,8.544004,7.0,6.708204,8.485281,10.29563,13.0,14.866069,17.088007,18.027756,19.313208,20.615528,21.023796,21.470911,20.59126,19.723083,16.643317,13.038405,8.944272,6.0,5.830952,10.049876,14.035669,18.027756,21.095023,9.848858,12.649111,14.142136,16.124515,17.0,17.117243,16.278821,13.601471,11.7047,8.944272,5.830952,3.605551,1.0,2.236068,4.472136,7.211103,8.602325,11.661904,12.529964,14.764823,16.124515,17.492856,17.492856,17.492856,16.643317,15.0,13.038405,13.416408,13.416408,14.317821,13.416408,13.892444,13.038405,12.206556,10.816654,8.602325,7.211103,5.830952,5.09902,5.0,6.708204,8.602325,11.401754,14.142136,16.278821,19.104973,21.260292,22.803509,22.203603,21.633308,19.416488,17.204651,12.806248,15.0,15.811388,16.643317,17.0,15.652476,13.892444,12.083046,9.433981,7.211103,5.830952,4.123106,5.09902,5.385165,6.708204,8.062258,9.433981,10.29563,10.29563,10.77033,11.18034,11.7047,11.18034,10.816654,10.816654,11.313708
hoyeon_stand_normal_01,2118,706,70.60385792349727,29.998360745314464,10,0.5658020377159119,0.6836760640144348,0.0043565179221332,0.999761700630188,0.5626503825187683,0.6949873566627502,-0.0110190901905298,0.9997610449790956,0.5620601177215576,0.6952951550483704,-0.0110504571348428,0.9997817277908324,0.5616363286972046,0.6956367492675781,-0.0110473353415727,0.9998169541358948,0.5622709393501282,0.695091962814331,0.0141526060178875,0.9996426105499268,0.5613901615142822,0.6953312158584595,0.0141707714647054,0.9995470643043518,0.5605859160423279,0.6956310272216797,0.0141158876940608,0.999596357345581,0.5552818179130554,0.6894566416740417,-0.0526611432433128,0.9998279213905334,0.5537099838256836,0.6904705762863159,0.0580723471939563,0.9993525743484496,0.5618141889572144,0.672193706035614,-0.0086598517373204,0.999755859375,0.5616764426231384,0.6722016334533691,0.0235108807682991,0.9996309280395508,0.5480154752731323,0.6312533020973206,-0.1281826496124267,0.9999922513961792,0.5368652939796448,0.6216625571250916,0.1318290829658508,0.9995888471603394,0.5543749928474426,0.5308800935745239,-0.1655264198780059,0.9965017437934875,0.5478252172470093,0.5222911238670349,0.155138149857521,0.1170736849308013,0.5670089721679688,0.4291839003562927,-0.1448577493429184,0.9921637773513794,0.5668385624885559,0.4492925703525543,0.1222324147820472,0.1320276260375976,0.5682739615440369,0.3968100249767303,-0.1670698672533035,0.9830255508422852,0.5757527947425842,0.4215041697025299,0.1290632635354995,0.142402783036232,0.5710813999176025,0.3938299119472503,-0.1616578251123428,0.9812769889831544,0.5747843980789185,0.4173879623413086,0.1040010973811149,0.1451633423566818,0.5709775686264038,0.4036880731582641,-0.1412002444267273,0.968932032585144,0.5723763704299927,0.4262234270572662,0.1104381307959556,0.1490022242069244,0.5563052296638489,0.4359232187271118,-0.0714993476867675,0.9980826377868652,0.5466543436050415,0.4335556328296661,0.0714071989059448,0.9961552619934082,0.5649813413619995,0.2810975611209869,-0.0609316937625408,0.8486829400062561,0.5527059435844421,0.2819055616855621,0.0714183375239372,0.2793621122837066,0.5619020462036133,0.1136586964130401,-0.0288091395050287,0.8505062460899353,0.5519548654556274,0.1252790540456771,0.1052104905247688,0.3100722134113312,0.5544256567955017,0.0927552282810211,-0.0274600889533758,0.9073848128318788,0.5460258722305298,0.1032309755682945,0.1064217984676361,0.4613843560218811,0.5829613208770752,0.0945931524038314,-0.0722017213702201,0.8431209325790405,0.5725964307785034,0.1044756770133972,0.0639443695545196,0.3957972526550293,hoyeon_stand_normal_01,21.540659,22.135944,20.396078,19.235384,16.03122,12.041595,9.055385,6.324555,5.0,6.324555,8.0,10.049876,12.041595,14.035669,16.0,18.027756,20.099751,20.396078,20.615528,18.973666,17.088007,14.317821,10.440307,7.0,7.81025,10.816654,8.246211,8.246211,8.544004,8.544004,8.944272,9.433981,9.219544,9.219544,9.899495,9.899495,9.899495,9.219544,9.219544,9.219544,8.602325,8.602325,8.602325,8.062258,7.615773,7.28011,7.071068,8.246211,9.848858,12.529964,15.811388,18.867962,12.165525,11.0,9.219544,8.062258,8.062258,9.219544,11.045361,13.038405,15.132746,16.278821,18.248288,19.235384,20.223748,21.095023,22.090722,21.023796,20.0,17.029386,14.0,9.055385,5.830952,5.0,8.944272,13.892444,18.35756,21.470911,8.602325,11.401754,13.453624,15.811388,16.124515,17.088007,15.524175,14.142136,11.045361,8.0,6.082763,3.162278,3.162278,5.385165,7.615773,9.848858,11.18034,13.892444,14.764823,16.124515,17.492856,17.492856,17.0,16.552945,15.231546,13.764982,12.727922,12.806248,14.21267,13.601471,14.21267,13.453624,12.727922,11.313708,9.899495,9.219544,7.071068,6.403124,5.385165,5.09902,6.082763,8.544004,11.18034,13.892444,16.124515,18.35756,21.023796,21.931712,22.847319,21.540659,19.313208,17.088007,13.038405,14.764823,15.652476,16.552945,16.155494,16.155494,13.928388,11.7047,9.848858,6.708204,5.656854,4.472136,4.0,5.09902,6.324555,7.615773,8.544004,9.486833,10.440307,10.440307,11.401754,11.401754,11.401754,10.77033,11.18034,10.816654
hoyeon_stand_normal_01,2121,707,70.70386338797815,29.998360745314464,10,0.5658197999000549,0.6836618781089783,0.0041786325164139,0.999756932258606,0.562667191028595,0.6949793696403503,-0.0111678633838891,0.9997568130493164,0.562084436416626,0.6952873468399048,-0.0111982887610793,0.99977707862854,0.5616692304611206,0.6956285834312439,-0.0111957229673862,0.999813199043274,0.5622859597206116,0.6950870156288147,0.013966322876513,0.9996374249458312,0.5614079833030701,0.6953269243240356,0.0139847062528133,0.9995391368865968,0.5606054067611694,0.6956260800361633,0.0139320874586701,0.9995898008346558,0.5553795695304871,0.6894539594650269,-0.0528938174247741,0.9998248219490052,0.553727388381958,0.6904327273368835,0.0577394552528858,0.999344289302826,0.561826765537262,0.6721911430358887,-0.0088980542495846,0.9997496008872986,0.5617110133171082,0.6721975207328796,0.0232368577271699,0.9996241927146912,0.5481265783309937,0.6313235759735107,-0.1278035640716552,0.9999920129776,0.5367665886878967,0.6217479705810547,0.1313837617635727,0.9995834827423096,0.5546211004257202,0.5313732028007507,-0.1644969135522842,0.9964115619659424,0.5478347539901733,0.5230428576469421,0.1551105678081512,0.1149967685341835,0.5672100186347961,0.4294508695602417,-0.1425742357969284,0.991863250732422,0.566608190536499,0.4500228762626648,0.1219907030463218,0.1289661079645156,0.5685098171234131,0.3971629738807678,-0.1646630018949508,0.98244971036911,0.575650155544281,0.4227096736431122,0.1288495808839798,0.1398058235645294,0.5712188482284546,0.394095629453659,-0.1588746011257171,0.9806170463562012,0.5747105479240417,0.4185473620891571,0.1038565561175346,0.1425229460000991,0.5710785984992981,0.4039013683795929,-0.1387819349765777,0.9679508209228516,0.5722499489784241,0.4268673956394195,0.1102315708994865,0.1465113908052444,0.556468665599823,0.4368423223495483,-0.071112148463726,0.9980878829956056,0.5463958978652954,0.4341789782047272,0.0710207372903823,0.9961658716201782,0.5652051568031311,0.2813070714473724,-0.0605758428573608,0.847712516784668,0.5518354773521423,0.2819425761699676,0.0708727017045021,0.2809127867221832,0.5624439716339111,0.1137954890727996,-0.0284848157316446,0.8489121198654175,0.5517056584358215,0.1252897977828979,0.1044706255197525,0.310205727815628,0.5554214715957642,0.0932498052716255,-0.0270958226174116,0.9070038199424744,0.5460081100463867,0.1032399535179138,0.105693370103836,0.4618082344532013,0.5830144882202148,0.0948684886097908,-0.0710950717329979,0.8411882519721985,0.5721863508224487,0.1044746190309524,0.0633150860667228,0.393223375082016,hoyeon_stand_normal_01,22.5597735,22.99042425,21.45519875,19.741611,16.564650999999998,12.78895375,9.54372425,6.546192,5.04951,6.10934975,7.5533435,9.68831925,11.922875,14.37338575,16.35765125,18.3998935,20.30292375,20.8576,21.06082775,19.7853315,17.713213000000003,14.65800275,10.589146,7.07054275,7.655125,11.0538505,8.916643,8.84219475,9.2810515,9.24001175,9.517221,10.1556345,10.048416,9.972679500000002,10.5915865,10.5406385,10.29601475,9.92505675,9.7428205,9.7428205,9.1871635,9.1871635,9.1871635,8.779665999999999,8.33592,8.09552225,7.539369000000001,8.443556000000001,10.17810225,12.75747775,16.34351025,19.2723385,14.317821,15.231546,16.155494,15.811388,15.524175,14.56022,13.341664,12.165525,10.049876,8.0,6.082763,4.472136,3.605551,5.0,7.615773,10.29563,13.038405,16.643317,18.867962,21.095023,21.954498,22.825424,22.36068,20.615528,18.027756,14.56022,8.062258,7.615773,5.385165,4.123106,2.0,1.414214,3.162278,5.0,7.0,8.062258,9.055385,9.219544,9.219544,8.246211,8.246211,7.28011,6.324555,4.123106,3.162278,2.236068,1.0,2.828427,5.0,7.211103,9.433981,12.529964,13.07592825,13.239323,13.63919375,13.014698,12.893318,12.1614715,11.6295255,10.82364725,10.13373175,9.772015,8.8010985,8.4739065,8.12816675,8.0816115,8.922070999999999,11.0030945,12.89797525,14.8726035,15.97864675,17.27362925,18.131857,18.25155975,18.6743545,18.44389775,18.01933,16.5188335,12.182979,13.002872,13.31015675,13.62093275,13.99807925,14.4016545,13.6498525,12.39399425,11.36755125,9.48793125,8.55816675,7.38995025,6.94229875,7.7904345,8.022659749999999,8.77084775,9.326888,9.7558855,10.0250395,10.29602525,10.867255,11.3205165,11.81091675,11.64825275,12.371444,12.28989425
hoyeon_stand_normal_01,2124,708,70.80386885245902,29.998360745314464,10,0.565857470035553,0.683652400970459,0.0035971410106867,0.99974524974823,0.5626922845840454,0.6949638724327087,-0.0117615703493356,0.9997464418411256,0.562099814414978,0.6952739953994751,-0.0117918895557522,0.99976646900177,0.5616731643676758,0.6956167817115784,-0.0117899272590875,0.9998046159744264,0.562325656414032,0.6950790882110596,0.0133508471772074,0.99962317943573,0.5614505410194397,0.6953229308128357,0.0133695704862475,0.9995191693305968,0.5606462359428406,0.6956239342689514,0.0133180171251297,0.9995729923248292,0.5554541945457458,0.6894542574882507,-0.0535327456891536,0.9998173713684082,0.5537359118461609,0.6904270648956299,0.0573404431343078,0.9993191361427308,0.5618442296981812,0.672197163105011,-0.0094958199188113,0.9997363686561584,0.5617433190345764,0.6722069978713989,0.0226142574101686,0.999608278274536,0.5484344959259033,0.6313369870185852,-0.1281672418117523,0.9999915957450868,0.5365331768989563,0.6218761801719666,0.1309959143400192,0.9995705485343932,0.5552930235862732,0.5319438576698303,-0.1637981384992599,0.9962557554244996,0.547565758228302,0.5239303112030029,0.1533802449703216,0.1118032336235046,0.5676690936088562,0.4296837747097015,-0.138138934969902,0.9913104772567748,0.5656211376190186,0.450521171092987,0.1207062527537345,0.1244894862174987,0.5689648985862732,0.3974387943744659,-0.1596684902906417,0.9814134240150452,0.5732085704803467,0.4230425059795379,0.1276087462902069,0.1358030587434768,0.5714823007583618,0.394298255443573,-0.1535273641347885,0.9794495701789856,0.5739099383354187,0.4191548824310303,0.1025677695870399,0.1384449899196624,0.571297824382782,0.4040202498435974,-0.1341835111379623,0.9662432670593262,0.5715005397796631,0.4272437393665313,0.1089390739798545,0.1425269395112991,0.5574159026145935,0.437347799539566,-0.0709495320916175,0.9980853796005248,0.5459771752357483,0.4347252249717712,0.0708573833107948,0.9961414337158204,0.5659217834472656,0.2815012037754059,-0.0600461028516292,0.8462544679641724,0.5511278510093689,0.2819955348968506,0.0709106177091598,0.281451404094696,0.5628474950790405,0.113988772034645,-0.0280012842267751,0.8474037647247314,0.5514447689056396,0.1252974569797516,0.1048331260681152,0.3098780214786529,0.5560476183891296,0.0933381170034408,-0.0265975017100572,0.9066486954689026,0.5459601283073425,0.103279985487461,0.1060879528522491,0.4619695246219635,0.5831248760223389,0.0949780419468879,-0.0700100511312484,0.8393271565437317,0.5718794465065002,0.1044724360108375,0.0633663535118103,0.390616238117218,hoyeon_stand_normal_01,23.578888,23.8449045,22.5143195,20.247838,17.098081999999998,13.5363125,10.0320635,6.767829,5.09902,5.8941445,7.106687,9.3267625,11.804155000000002,14.7111025,16.7153025,18.772031,20.5060965,21.319122,21.5061275,20.596997,18.338419,14.9981845,10.737984999999998,7.1410855,7.5,11.291047,9.587075,9.4381785,10.018099,9.9360195,10.09017,10.877288,10.877288,10.725815,11.283678,11.181782,10.6925345,10.6305695,10.266097,10.266097,9.772002,9.772002,9.772002,9.497074,9.056067,8.9109345,8.007670000000001,8.640901,10.5073465,12.9849915,16.875632500000002,19.676715,15.3268975,16.262867,16.741736,16.952997,16.56787,15.3942565,14.183147,12.3660785,10.77033,8.303131,6.2429435,4.736068,3.8027755,4.561553,7.0725105,10.3335865,13.464194,16.8098715,19.321642,21.753932,23.366346,23.450129,23.1426055,21.7089035,18.5586215,15.5325275,8.5952415,7.566663,6.201562,4.1213205,1.825141,1.2071070000000002,3.3839145000000004,5.415476,7.343420500000001,8.503264999999999,9.353188500000002,9.96357,9.4921555,9.0154185,8.4176585,7.285383,6.3326375,5.2238305,3.561553,2.5322475,1.7071070000000002,3.179587,4.977029,7.8366965,10.340011,12.363961,13.4239345,13.672398,13.0657175,12.427924999999998,11.573966,10.869319,10.531129,10.3335865,10.3679685,10.324486,10.531129,10.544689,10.8711685,11.064203,11.761379,13.462185,14.6156105,15.852763,15.8327785,16.1896985,15.239918,14.5714075,14.50139,15.3471365,16.725452,15.949660000000002,11.327553,11.240921,10.9678375,10.6889205,11.8406645,12.647815,13.371317,13.0832885,12.8862445,12.2676585,11.4594795,10.3077645,9.8845975,10.481849,9.7207645,9.9259225,10.109772,10.024938,9.609772,10.1517435,10.332756,11.239279,12.2200795,12.5261755,13.562548,13.7631345
hoyeon_stand_normal_01,2127,709,70.90387431693989,29.998360745314464,10,0.5658875107765198,0.6834733486175537,0.0032802573405206,0.9997342228889464,0.5627077221870422,0.6948000192642212,-0.0120761264115571,0.9997361302375792,0.5621070861816406,0.6951214075088501,-0.0121057545766234,0.9997559189796448,0.5616845488548279,0.6954715847969055,-0.0121038267388939,0.9997961521148682,0.5623559951782227,0.6949515342712402,0.0129714859649539,0.999609112739563,0.5614837408065796,0.6952251195907593,0.012990778312087,0.9994999170303344,0.5606781840324402,0.6955479979515076,0.0129405101761221,0.9995574355125428,0.5555309057235718,0.6894273161888123,-0.0538193061947822,0.9998096823692322,0.5537431836128235,0.6903999447822571,0.0572255253791809,0.999293088912964,0.5618593096733093,0.6721403002738953,-0.0097810626029968,0.9997228980064392,0.561767578125,0.6721742153167725,0.0222418829798698,0.9995920062065125,0.5488335490226746,0.6313579678535461,-0.1284840255975723,0.9999912977218628,0.5362663269042969,0.6221305131912231,0.1307761520147323,0.9995573163032532,0.5558576583862305,0.5325936675071716,-0.1636768132448196,0.9961231350898744,0.5466817617416382,0.5245664119720459,0.1519057750701904,0.1082301661372184,0.5681716799736023,0.4299139380455017,-0.1368721276521682,0.9907312989234924,0.5641785860061646,0.4509783387184143,0.1195111572742462,0.1193669661879539,0.5695571303367615,0.3976137638092041,-0.1583262979984283,0.9803197383880616,0.5703045129776001,0.4229525625705719,0.1264477670192718,0.1310048550367355,0.5717915296554565,0.3944454789161682,-0.1518132835626602,0.97822505235672,0.5723246932029724,0.4191380441188812,0.1015485301613807,0.1335416138172149,0.5715634226799011,0.404129147529602,-0.1328116357326507,0.964430570602417,0.5684573650360107,0.4272300899028778,0.1078180447220802,0.1376466304063797,0.5582227110862732,0.43782639503479,-0.0709797143936157,0.9980956315994264,0.5457931756973267,0.4354816675186157,0.070888951420784,0.9961277842521667,0.5662233829498291,0.2820401489734649,-0.0599720515310764,0.8456524014472961,0.5510677695274353,0.2824690043926239,0.0710334107279777,0.2817922234535217,0.563109278678894,0.1141768395900726,-0.0280592404305934,0.8473257422447205,0.5514163374900818,0.1253088265657425,0.104879006743431,0.3106647133827209,0.5561335682868958,0.0933460220694542,-0.026654664427042,0.9063404202461244,0.5459006428718567,0.1032824739813804,0.1061442047357559,0.4627897441387176,0.583821177482605,0.0952824652194976,-0.0704324766993522,0.8392244577407837,0.571928858757019,0.1044645383954048,0.0645820423960685,0.3901045620441437,hoyeon_stand_normal_01,12.369317,10.816654,10.816654,13.928388,16.763055,18.681542,20.615528,19.924859,20.248457,19.313208,18.384776,16.155494,13.928388,11.7047,9.219544,7.0,6.403124,8.544004,12.041595,18.027756,23.021729,28.160256,32.557641,34.205263,34.176015,31.304952,14.0,14.0,16.0,16.0,16.0,15.033296,15.033296,14.142136,13.341664,12.369317,10.77033,10.29563,10.0,9.899495,9.433981,11.18034,11.7047,13.152946,15.132746,17.029386,19.026298,21.023796,22.022716,22.022716,21.095023,18.027756,12.041595,10.0,8.246211,7.81025,7.615773,9.055385,11.045361,13.341664,15.297059,16.492423,17.720045,19.646883,20.396078,20.396078,21.213203,20.223748,19.104973,16.03122,13.038405,8.246211,5.0,5.09902,9.433981,14.21267,17.804494,20.808652,8.602325,11.313708,13.453624,15.811388,16.124515,16.552945,15.811388,13.341664,11.045361,8.0,6.0,3.0,3.162278,5.385165,7.615773,9.848858,12.083046,13.416408,15.652476,16.552945,17.888544,17.888544,17.464249,17.088007,14.866069,12.4469625,15.556349,14.866069,12.727922,11.401754,9.433981,9.486833,10.198039,11.045361,13.038405,14.142136,15.132746,16.492423,17.088007,18.788294,18.867962,19.416488,19.104973,18.384776,15.556349,12.727922,10.0,8.246211,8.544004,11.401754,14.866069,18.439089,9.219544,7.071068,4.472136,5.09902,7.81025,11.313708,14.142136,16.278821,17.804494,18.601075,18.601075,18.35756,16.552945,15.231546,13.928388,12.649111,11.7047,10.77033,10.29563,9.433981,10.630146,12.727922,13.453624,14.866069,16.278821,16.970563
hoyeon_stand_normal_01,2130,710,71.00387978142076,29.998360745314464,10,0.5659120082855225,0.6831281781196594,0.0035078986547887,0.9997249245643616,0.5627259612083435,0.6945643424987793,-0.0118049634620547,0.9997274875640868,0.5621203780174255,0.6949010491371155,-0.0118348458781838,0.9997462630271912,0.5616909861564636,0.6952604651451111,-0.0118327569216489,0.9997887015342712,0.5623818635940552,0.6947574019432068,0.0130428653210401,0.9995973110198976,0.5615109801292419,0.695068359375,0.0130629939958453,0.9994821548461914,0.5607033967971802,0.6954174637794495,0.0130137763917446,0.9995436072349548,0.5555642247200012,0.6893673539161682,-0.0533918142318725,0.9998022317886353,0.5537498593330383,0.6903423070907593,0.0569297671318054,0.9992693662643432,0.5618674159049988,0.6718716621398926,-0.0094639779999852,0.9997104406356812,0.5617750883102417,0.6719685792922974,0.0223081950098276,0.9995774030685424,0.5491542816162109,0.631372332572937,-0.1279267519712448,0.9999909996986388,0.5361736416816711,0.6222915649414062,0.1306026130914688,0.9995493292808532,0.5563957691192627,0.5328589081764221,-0.1626573652029037,0.9959628582000732,0.5462876558303833,0.5250042676925659,0.1509172320365905,0.1051378473639488,0.5687030553817749,0.4300943613052368,-0.1355387717485427,0.9901036024093628,0.5636395812034607,0.4513461887836456,0.1190478280186653,0.1146867051720619,0.5701808929443359,0.3977343440055847,-0.1567548811435699,0.9791397452354432,0.5694701671600342,0.4228705167770386,0.1261705756187439,0.1266147792339325,0.5721284747123718,0.3945417106151581,-0.1500513106584549,0.9769089818000792,0.5717309713363647,0.4191452264785766,0.1013631671667099,0.1290158480405807,0.5718896985054016,0.4042024910449981,-0.1313980966806411,0.9625088572502136,0.5674554705619812,0.4272198677062988,0.1074333637952804,0.1331324130296707,0.5591263175010681,0.4380998313426971,-0.070878155529499,0.99810391664505,0.5458308458328247,0.4361190795898437,0.0707862749695777,0.9961256384849548,0.5666115880012512,0.2822697758674621,-0.0597972832620143,0.8423265218734741,0.5511300563812256,0.2825663685798645,0.071027971804142,0.2807494103908539,0.563689112663269,0.1149263232946395,-0.0280992276966571,0.8447104096412659,0.5516597032546997,0.1253957450389862,0.1050785630941391,0.3092826902866363,0.5567901730537415,0.0948589891195297,-0.0267060007899999,0.9059531092643738,0.5460719466209412,0.1037471443414688,0.106367252767086,0.4623448550701141,0.5840415954589844,0.0958368554711341,-0.0703413411974906,0.8370723724365234,0.571954071521759,0.1044620126485824,0.0646904930472374,0.3870820701122284,hoyeon_stand_normal_01,7.615773,7.0,7.615773,10.816654,12.206556,13.601471,14.422205,14.422205,14.422205,13.892444,12.529964,11.18034,10.29563,8.602325,7.071068,5.830952,6.0,7.28011,10.816654,13.601471,17.804494,21.633308,24.186773,25.495098,25.298221,23.769729,9.219544,10.0,10.0,10.0,10.816654,10.0,9.433981,9.433981,8.544004,7.28011,7.28011,7.071068,6.0,6.082763,6.324555,6.708204,6.403124,8.485281,9.219544,10.630146,12.206556,13.601471,14.21267,14.21267,14.21267,12.041595,15.652476,16.552945,16.155494,17.088007,15.811388,15.524175,14.56022,12.369317,10.198039,8.062258,6.0,5.09902,3.605551,4.0,6.324555,8.944272,12.529964,16.124515,18.35756,20.124612,21.023796,21.931712,21.540659,19.924859,17.464249,14.317821,7.81025,6.403124,5.830952,4.123106,2.0,1.414214,3.605551,5.385165,7.28011,8.246211,9.055385,9.055385,9.055385,9.0,8.0,7.0,6.0,5.09902,3.162278,2.828427,3.0,4.472136,6.403124,7.81025,10.816654,12.529964,12.369317,12.7611315,13.7419,14.7252835,13.7419,13.8297425,12.9953875,11.5698235,10.309594,8.744138,7.615773,5.85486,4.611063,4.611063,5.743903,7.5106765,10.556142,12.973186,15.8884955,17.6907,20.4198585,21.3641655,21.9184555,20.404326,18.520082,15.620499,13.8824115,15.678030499999998,17.246428,17.760306,17.648674999999997,16.420386999999998,15.021352,13.0657175,10.556142,8.5731645,7.343420500000001,5.5908915,5.6080585,6.117038,7.106687,8.514897000000001,9.219544,10.2648205,10.971927,11.3358705,12.064838,12.064838,11.6776515,11.357731,11.804155000000002,11.421122
hoyeon_stand_normal_01,2133,711,71.10388524590164,29.998360745314464,10,0.5659281015396118,0.6831115484237671,0.0032670174259692,0.9997150897979736,0.5627419948577881,0.6945450305938721,-0.0120592825114727,0.9997185468673706,0.5621283650398254,0.6948827505111694,-0.0120890447869896,0.9997361302375792,0.5616900324821472,0.6952416300773621,-0.0120870703831315,0.9997808337211608,0.5624048709869385,0.694746196269989,0.0128951715305447,0.9995854496955872,0.5615332722663879,0.6950618028640747,0.012915433384478,0.9994644522666932,0.560721755027771,0.6954130530357361,0.0128668462857604,0.999529242515564,0.5555714964866638,0.6893649697303772,-0.05333062261343,0.9997942447662354,0.5537648797035217,0.6903390884399414,0.0562947057187557,0.9992472529411316,0.5618714690208435,0.6718603372573853,-0.0097220186144113,0.9996985793113708,0.5617877840995789,0.6719605326652527,0.0221700128167867,0.9995640516281128,0.5493754148483276,0.631402313709259,-0.1272452473640442,0.9999906420707704,0.5361864566802979,0.622454822063446,0.1289138346910476,0.9995437264442444,0.5567588210105896,0.5329013466835022,-0.1616234183311462,0.9957816004753112,0.5463063716888428,0.5252600908279419,0.1485693603754043,0.1027481108903884,0.5689289569854736,0.4301474690437317,-0.1353621780872345,0.9895163774490356,0.5636717677116394,0.4514733254909515,0.1172101274132728,0.1106395199894905,0.570475161075592,0.397816389799118,-0.1565937399864196,0.9780493974685668,0.5695642828941345,0.4228963851928711,0.1245303601026535,0.1228209137916565,0.5724099278450012,0.3946345150470733,-0.149913877248764,0.9756944179534912,0.5717146992683411,0.4193063378334045,0.0999409258365631,0.125072181224823,0.5721650719642639,0.4042335152626037,-0.1312443763017654,0.9607702493667604,0.5677424669265747,0.4273293614387512,0.1057504564523696,0.1292140781879425,0.559346616268158,0.4384333491325378,-0.0700433179736137,0.9980952143669128,0.5458561778068542,0.4367821514606476,0.0699503123760223,0.9961079955101012,0.5665760636329651,0.2830056250095367,-0.0592928193509578,0.836387574672699,0.5511950254440308,0.2829138338565826,0.0702596008777618,0.2783405780792236,0.5638885498046875,0.1175955235958099,-0.0279759373515844,0.8391191959381104,0.5518028736114502,0.125828817486763,0.1043762937188148,0.3053562045097351,0.5573634505271912,0.09713164716959,-0.0265648234635591,0.905016839504242,0.5464422106742859,0.1047719195485115,0.1057162582874298,0.4600445628166199,0.5840462446212769,0.0966335833072662,-0.068741574883461,0.8321049213409424,0.5719894170761108,0.1047211810946464,0.0644869953393936,0.3809371292591095,hoyeon_stand_normal_01,22.671568,23.600847,22.472205,20.124612,17.464249,13.928388,9.848858,7.211103,5.830952,6.082763,8.062258,10.198039,11.401754,13.601471,16.492423,17.464249,20.223748,21.095023,21.0,20.024984,18.11077,15.132746,11.045361,7.28011,7.071068,10.77033,8.485281,9.219544,9.219544,10.0,9.433981,10.29563,10.29563,10.77033,10.77033,10.77033,10.440307,10.440307,10.440307,9.219544,10.198039,10.198039,9.055385,9.055385,9.055385,9.0,9.219544,8.944272,10.630146,13.453624,17.029386,19.849433,14.7998465,15.033819,14.62201875,14.7869825,14.16389925,13.96779375,13.70079075,12.5877825,11.51970025,10.4593295,9.1000025,8.60050825,7.55570325,8.271916000000001,10.1144405,11.631144,14.3173885,15.974429999999998,17.048153499999998,17.359258,17.44835925,18.22230075,19.042027750000003,18.691489500000003,17.9890635,16.1193975,8.432817499999999,8.024455,8.005532,7.210715749999999,5.897870500000001,5.099534,6.506464,7.298475,8.1675445,8.443556000000001,8.09248725,7.53968525,7.186132,7.5954555,7.2273175,7.0877945,6.905667,6.594595,5.77076325,5.449747500000001,5.8422035,7.55173725,9.09837,10.35679525,12.32651775,13.037528,12.540836,13.07008375,13.865107,14.47580775,14.20221075,13.60438925,13.03593025,11.752468,10.526214,9.020539,7.6434785,5.794412,4.90182275,4.6735655,5.8296895,7.8324555,10.868241,13.35428475,16.09848225,18.508318,20.6122495,21.87754775,22.1910085,21.184926,19.24750175,16.25835975,13.46040825,15.09733925,16.910329750000002,17.20362725,17.221528499999998,16.06308525,14.62566525,12.66656925,10.091427,8.054349250000001,6.527604,5.16347975,5.30402925,5.985949,6.8940617500000005,8.334565750000001,9.17850425,10.194389,10.88591175,11.36881225,11.733296,11.8090325,11.72624,11.23529075,11.41341775,11.505646
hoyeon_stand_normal_01,2136,712,71.20389071038251,29.998360745314464,10,0.5659166574478149,0.6831037998199463,0.0030905490275472,0.999706506729126,0.5627301931381226,0.6945396661758423,-0.01219985447824,0.9997104406356812,0.5621119737625122,0.694879412651062,-0.0122299203649163,0.9997267127037048,0.5616706013679504,0.6952365636825562,-0.0122279971837997,0.9997735023498536,0.5624055862426758,0.6947386860847473,0.0127330413088202,0.9995749592781068,0.5615386962890625,0.6950575113296509,0.0127533171325922,0.9994487762451172,0.5607308745384216,0.6954123973846436,0.0127050299197435,0.999516785144806,0.555575430393219,0.689362108707428,-0.0532689355313777,0.9997867345809937,0.5537703037261963,0.690335214138031,0.0558661743998527,0.9992270469665528,0.561858594417572,0.6718553304672241,-0.0098362984135746,0.9996879696846008,0.561781644821167,0.6719531416893005,0.0220061186701059,0.999552607536316,0.5495777130126953,0.6314118504524231,-0.1268822252750396,0.9999902844429016,0.5362032055854797,0.6226173639297485,0.1278044432401657,0.9995384812355042,0.5572120547294617,0.5328850746154785,-0.160816878080368,0.9955558776855468,0.5462997555732727,0.5254291892051697,0.1470599472522735,0.1002975925803184,0.5691779851913452,0.4301483333110809,-0.1340890526771545,0.9888237118721008,0.5635431408882141,0.4515117406845093,0.1158291772007942,0.1066861823201179,0.5707212686538696,0.3978368937969208,-0.1550600230693817,0.9767886996269226,0.5693185925483704,0.4229226112365722,0.1231408566236496,0.1190947219729423,0.5727037787437439,0.3946886658668518,-0.1485751271247863,0.9742929935455322,0.5715435147285461,0.4193813800811767,0.0986116454005241,0.121207945048809,0.5724577307701111,0.4042388498783111,-0.1300482600927353,0.958769679069519,0.5674118399620056,0.4273069500923157,0.1043823510408401,0.1253696531057357,0.5596123933792114,0.4386329650878906,-0.069531038403511,0.9980867505073548,0.5458743572235107,0.4372409880161285,0.0694347470998764,0.9960843920707704,0.5665392279624939,0.2830879092216491,-0.0585448555648326,0.8309696912765503,0.5512236952781677,0.2829631268978119,0.069955475628376,0.2774531245231628,0.5639584064483643,0.1176364943385124,-0.0276846643537282,0.8348036408424377,0.5518069863319397,0.1258219927549362,0.1043320074677467,0.3035072684288025,0.5574468970298767,0.0970548614859581,-0.0263324901461601,0.9040461778640748,0.5464942455291748,0.1048911064863205,0.1056908294558525,0.4590798020362854,0.584108293056488,0.096939668059349,-0.0686877444386482,0.8284189701080322,0.5720115303993225,0.1047552749514579,0.0644830390810966,0.3774049878120422,hoyeon_stand_normal_01,8.246211,7.211103,8.602325,9.486833,11.401754,13.341664,14.317821,14.56022,13.601471,13.601471,12.649111,10.77033,9.486833,8.544004,7.071068,5.0,4.242641,6.324555,9.055385,13.0,16.0,20.024984,22.203603,23.769729,23.4094,22.36068,9.055385,11.045361,11.045361,11.045361,11.045361,11.045361,10.198039,10.198039,9.486833,8.544004,8.062258,7.211103,7.071068,7.071068,7.211103,7.615773,8.246211,9.055385,10.049876,12.0,13.0,15.0,15.0,16.0,15.0,13.0,13.947217,13.514693,13.0885435,12.485958,12.5164105,12.4114125,12.8413615,12.806248,12.8413615,12.856401,12.200005,12.1019965,11.5058555,12.543832,13.904326,14.318016,16.104813,15.824345,15.738747,14.593904,13.8729225,14.5128895,16.5433965,17.45812,18.513878,17.920974,9.055385,9.645786,10.180112,10.2983255,9.795741,8.784854000000001,9.407377,9.211785,9.054979,8.640901,7.1295895,6.0239855,5.316879,6.190911000000001,6.454635,7.175589,7.811334,8.09017,8.3792485,8.071068,8.684407,10.6313385,11.793616,12.9033405,13.836381499999998,13.545092,12.712355,13.379036,13.988314,14.226332,14.6625215,13.379036,13.076473,11.9351125,10.742834,9.29694,7.671184,5.733964,5.1925825,4.736068,5.915476,8.154234500000001,11.18034,13.7353835,16.308469,19.325936,20.8046405,22.39093,22.4635615,21.965526,19.9749215,16.8962205,13.038405,14.516648,16.5742315,16.6469485,16.794382,15.7057835,14.2299785,12.267421,9.626712,7.535534,5.7117875,4.736068,5.0,5.85486,6.6814365,8.154234500000001,9.1374645,10.1239575,10.7998965,11.401754,11.401754,11.553227,11.7748285,11.1128505,11.0226805,11.59017
hoyeon_stand_normal_01,2142,714,71.40390163934426,29.998360745314464,10,0.5658836364746094,0.6830496788024902,0.0028946658130735,0.9996904730796814,0.5627235174179077,0.6944921016693115,-0.0123938042670488,0.9996939897537231,0.5621063113212585,0.694829523563385,-0.0124236438423395,0.999709129333496,0.5616657733917236,0.6951814889907837,-0.0124218119308352,0.9997594952583312,0.5623841881752014,0.6947095990180969,0.0125986794009804,0.99955415725708,0.5615102648735046,0.6950370669364929,0.0126194627955555,0.9994202852249146,0.5606977939605713,0.6953975558280945,0.012571114115417,0.9994943737983704,0.5556166172027588,0.6893420219421387,-0.0535207949578762,0.9997724294662476,0.5537713170051575,0.6903268098831177,0.0546753294765949,0.999184548854828,0.5618375539779663,0.6718218326568604,-0.0100389262661337,0.9996673464775084,0.5617366433143616,0.6719305515289307,0.0218645296990871,0.9995295405387878,0.5498355627059937,0.6314253807067871,-0.1272798180580139,0.9999896287918092,0.5361548066139221,0.6227645874023438,0.1270432025194168,0.9995200037956238,0.5576769709587097,0.5327410697937012,-0.1613042056560516,0.9951766729354858,0.5456448793411255,0.5253899097442627,0.1454665660858154,0.0955996364355087,0.5696401000022888,0.4301494061946869,-0.1330272406339645,0.9874778985977172,0.559973955154419,0.4511745572090149,0.1142580285668373,0.0989337489008903,0.5713775753974915,0.3978323340415954,-0.1537182182073593,0.9743481874465942,0.567222535610199,0.4208235144615173,0.1216135397553443,0.1116209402680397,0.5730440020561218,0.3947036266326904,-0.1470908373594284,0.971584677696228,0.5669800043106079,0.4165973365306854,0.0973880738019943,0.1134927868843078,0.5727837681770325,0.4042426347732544,-0.1289262175559997,0.9548579454421996,0.5652881860733032,0.4268885254859924,0.102931223809719,0.117566131055355,0.5597508549690247,0.4386466145515442,-0.0696005150675773,0.9980679154396056,0.5458514094352722,0.4373327195644378,0.0695081427693367,0.9960007071495056,0.5665560364723206,0.2830104529857635,-0.0582977347075939,0.8299757838249207,0.5513013601303101,0.28292977809906,0.0704868957400322,0.2802233397960663,0.5639366507530212,0.1174737736582756,-0.0273821540176868,0.8348596692085266,0.5517400503158569,0.1259268224239349,0.1059426590800285,0.3060278296470642,0.557330310344696,0.0966480821371078,-0.0260802283883094,0.9039331674575806,0.5464923977851868,0.1048617660999298,0.1073738038539886,0.4609754383563995,0.5845309495925903,0.0970406606793403,-0.0691118314862251,0.8285890817642212,0.5722600817680359,0.1048072203993797,0.066429428756237,0.3783261179924011,hoyeon_stand_normal_01,13.788330333333334,13.495611000000002,13.562060666666667,14.399862,14.948753666666668,14.817838666666669,14.424024333333335,13.185571,12.958130333333337,11.937129333333331,12.087511666666666,12.086109,11.883301666666668,10.949504333333335,10.568281333333331,10.08248,10.454932666666666,12.002621,14.141602333333331,17.03969366666667,19.096207,20.26815,20.87310933333333,20.96796133333333,21.3103,21.199816,9.975883333333334,10.892199,11.413914666666663,11.912173333333334,11.927293666666666,11.704019333333331,11.488470666666666,10.949518,10.274579666666668,9.803175,9.192402666666666,8.364769,8.261668333333333,8.111390333333333,7.788899333333333,8.607317,8.818468999999999,9.721197333333333,10.553968,11.376115666666664,12.642775666666664,13.909894333333334,15.019047333333331,16.070029333333334,16.512319666666667,15.764105666666666,13.9135115,13.5245755,13.086313999999998,12.6377985,12.046739,12.5,12.59017,12.8007355,13.284768,12.369317,12.980826,12.3234415,12.6763745,13.14432,14.625939,15.307764,16.57567,17.014693,16.3128905,15.443884,13.9017545,13.7469325,15.7361025,16.814832499999998,17.952768499999998,18.127671,8.602325,9.495295,9.792621,9.883408,8.846517500000001,8.51561,9.3194235,9.2690555,9.054979,7.4479415,6.815688,5.727806,5.109772,5.8339045,6.859556,7.440659,7.991129,8.5703075,8.307951,8.5173565,9.632727,10.3174685,11.5384855,12.6537895,13.705435,14.324069,14.8845095,14.21267,11.7216745,10.700877,9.1891265,7.930992,8.5588215,10.0,11.5,12.5,14.0358505,15.2149025,16.385621999999998,17.395405500000003,18.13666,17.925207999999998,18.7345185,16.7124965,15.243284,12.4239215,9.433981,6.5769155,7.1619885,9.9497475,13.5089395,16.1821665,9.7094895,7.5106765,5.464986,5.2420925,7.566663,10.4178675,13.209613,15.7257955,16.402247,17.948673999999997,17.3181905,17.5335575,16.354253,15.1167965,13.7993125,12.501784,10.848692,10.4178675,9.924429,10.0975625,10.315073,11.4291245,13.2460145,14.3792565,15.7715795,15.6394105
hoyeon_stand_normal_01,2145,715,71.50390710382514,29.998360745314464,10,0.5658866167068481,0.6830391883850098,0.0028516263701021,0.9996854066848756,0.5627272725105286,0.6944873332977295,-0.0124209355562925,0.999688446521759,0.5621092915534973,0.6948279738426208,-0.0124510079622268,0.9997034668922424,0.5616703629493713,0.6951826214790344,-0.0124492356553673,0.9997546672821044,0.5623904466629028,0.6947041749954224,0.0125669408589601,0.9995474815368652,0.561515748500824,0.6950348615646362,0.0125873275101184,0.9994118809700012,0.5607012510299683,0.6953986287117004,0.0125384228304028,0.9994880557060242,0.5556432008743286,0.6893431544303894,-0.0535539127886295,0.999767541885376,0.5537746548652649,0.690323531627655,0.0545106939971447,0.9991739988327026,0.5618410110473633,0.6718176603317261,-0.0100754238665103,0.9996602535247804,0.5617400407791138,0.671923816204071,0.0218384563922882,0.9995224475860596,0.5498675107955933,0.6314287781715393,-0.1274648010730743,0.99998939037323,0.5361462831497192,0.6227687001228333,0.1270082294940948,0.9995153546333312,0.5576738715171814,0.5327267646789551,-0.1614458113908767,0.9950642585754396,0.5455047488212585,0.5253264904022217,0.1457346826791763,0.0943207368254661,0.5696455836296082,0.4301520884037018,-0.1341198533773422,0.9870339632034302,0.5598396062850952,0.4511643350124359,0.1142884343862533,0.096319243311882,0.571386992931366,0.3978315889835357,-0.1550893783569336,0.9735398292541504,0.5672667622566223,0.4205004274845123,0.1215780079364776,0.1091012582182884,0.573045551776886,0.394706517457962,-0.148587554693222,0.9706931710243224,0.5667796730995178,0.4161399900913238,0.0973862186074256,0.1109021082520484,0.5727818012237549,0.40424445271492,-0.1300518661737442,0.9535547494888306,0.5651938915252686,0.4268518090248108,0.1029694527387619,0.1149433627724647,0.559715986251831,0.4385736584663391,-0.0698913782835006,0.9980628490447998,0.5458633899688721,0.4372538924217224,0.0697982981801033,0.995987594127655,0.5665796399116516,0.2827705442905426,-0.0584081150591373,0.8311795592308044,0.5514692068099976,0.2825823426246643,0.0708088427782058,0.2815354764461517,0.5639323592185974,0.117181546986103,-0.0274041537195444,0.836386501789093,0.5517417788505554,0.1257959306240081,0.1065064668655395,0.3080053627490997,0.5572630167007446,0.0963594242930412,-0.0260896477848291,0.9046797156333924,0.5464860796928406,0.1046811193227768,0.1079193502664566,0.4628301858901977,0.5846660733222961,0.096957616508007,-0.0691424086689949,0.8300860524177551,0.5723148584365845,0.104664146900177,0.0667892768979072,0.3798917829990387,hoyeon_stand_normal_01,8.062258,6.708204,9.219544,10.816654,13.892444,15.652476,15.652476,16.124515,16.124515,15.264338,14.422205,13.038405,11.661904,10.29563,7.615773,6.0,5.830952,7.211103,10.440307,15.297059,19.416488,23.769729,25.632011,27.730849,27.784888,27.202941,9.219544,10.630146,11.401754,12.206556,12.206556,12.206556,10.816654,10.29563,8.944272,7.615773,7.28011,6.082763,6.082763,6.324555,5.830952,7.071068,7.81025,9.433981,11.18034,12.083046,13.928388,15.231546,16.552945,15.652476,15.652476,13.416408,12.369317,9.848858,7.81025,6.708204,7.0,8.544004,11.18034,12.806248,15.0,17.029386,18.439089,19.209373,20.0,21.400935,21.633308,21.095023,19.235384,17.0,12.529964,8.602325,5.385165,5.0,9.433981,14.764823,18.35756,21.095023,9.055385,12.369317,14.866069,16.552945,16.643317,17.029386,15.556349,14.21267,11.401754,8.062258,5.830952,3.162278,3.0,5.09902,7.071068,10.049876,11.0,14.0,15.0,17.0,17.0,18.0,18.0,17.029386,15.033296,13.604554333333336,12.0,13.038405,14.035669,14.142136,14.035669,14.035669,13.0,12.0,10.049876,9.055385,8.062258,6.0,5.09902,4.472136,5.0,6.708204,10.440307,12.369317,15.524175,17.464249,19.646883,20.880613,21.18962,20.248457,17.464249,15.231546,13.341664,15.524175,17.720045,18.027756,17.088007,16.155494,14.317821,11.7047,9.486833,8.246211,6.0,5.385165,5.656854,6.403124,8.062258,8.944272,9.433981,11.18034,11.661904,12.206556,13.038405,12.206556,11.661904,12.083046,11.7047,11.18034
hoyeon_stand_normal_01,2148,716,71.60391256830601,29.998360745314464,10,0.5658581256866455,0.6831038594245911,0.0024330976884812,0.9996821880340576,0.5626824498176575,0.694595217704773,-0.0127631379291415,0.9996840357780457,0.5620701313018799,0.6949391961097717,-0.0127920154482126,0.9996998310089112,0.5616371631622314,0.6952977776527405,-0.0127906119450926,0.9997512698173524,0.5623347759246826,0.6947842240333557,0.0121720377355813,0.9995420575141908,0.5614578127861023,0.6951034665107727,0.012191736139357,0.9994062781333924,0.5606446862220764,0.6954584717750549,0.0121418721973896,0.9994829297065736,0.5556464791297913,0.6893829703330994,-0.0536453947424888,0.9997645616531372,0.5537608861923218,0.6903215646743774,0.0544326789677143,0.9991666674613952,0.5618289709091187,0.6718938946723938,-0.0103902202099561,0.9996575117111206,0.5617226362228394,0.6719729900360107,0.021447330713272,0.9995188117027284,0.5498623251914978,0.6314289569854736,-0.1281767636537552,0.9999893307685852,0.5363709926605225,0.6227118372917175,0.1271451562643051,0.999512493610382,0.5575602054595947,0.532593309879303,-0.1624550372362136,0.9950401186943054,0.5456444025039673,0.5250067710876465,0.1459791362285614,0.0939558297395706,0.5695511698722839,0.430137038230896,-0.1388325840234756,0.9869729280471802,0.5606461763381958,0.4511269032955169,0.1143600717186927,0.0950814932584762,0.5712147355079651,0.3978253006935119,-0.1607314050197601,0.973425269126892,0.5674242377281189,0.4202333390712738,0.1216759607195854,0.1078920513391494,0.5729453563690186,0.3946977853775024,-0.1546268463134765,0.970572590827942,0.5676435232162476,0.4160272777080536,0.0974303856492042,0.1096496060490608,0.5726835131645203,0.4042388498783111,-0.1350646913051605,0.9533583521842957,0.5653855800628662,0.4268133044242859,0.1029862314462661,0.1137020364403724,0.5595420002937317,0.4383608102798462,-0.0705257654190063,0.998058259487152,0.5460916757583618,0.4370129704475403,0.0704340860247612,0.995978593826294,0.566573977470398,0.2822552621364593,-0.0591055080294609,0.8331566452980042,0.552178144454956,0.282024621963501,0.0711116939783096,0.2824452221393585,0.5635867714881897,0.1154837757349014,-0.0280476789921522,0.8388460278511047,0.5520150065422058,0.1256452649831771,0.1070440039038658,0.3100297749042511,0.5563192367553711,0.0949001684784889,-0.0267913918942213,0.9054434895515442,0.5464969873428345,0.1043840795755386,0.1084095686674118,0.4645305275917053,0.5847935080528259,0.0963360592722892,-0.0720965191721916,0.8323802351951599,0.5728139281272888,0.104623831808567,0.0668151080608367,0.3825051188468933,hoyeon_stand_normal_01,24.698178,25.298221,24.515301,21.213203,18.027756,15.033296,11.045361,7.28011,5.0,5.385165,7.071068,9.055385,11.18034,14.142136,17.117243,19.026298,21.0,22.090722,22.203603,21.587033,18.973666,15.811388,11.401754,7.0,7.071068,10.77033,10.049876,10.198039,10.198039,9.486833,9.848858,11.18034,11.401754,11.401754,12.041595,12.041595,12.041595,12.041595,11.313708,11.313708,11.401754,11.401754,10.630146,10.0,9.433981,8.944272,8.246211,9.055385,10.77033,13.416408,17.492856,20.59126,12.5192025,10.5476185,8.0798885,7.440659,7.671184,8.640901,10.7201535,12.617996,15.030941,17.232124499999998,18.3983245,19.815731,20.17418,21.1184995,21.557259,20.320256,19.669096,16.3815275,12.8245555,8.9998285,5.0367965,4.736068,8.7732985,13.892444,17.925207999999998,21.1397815,8.7732985,11.760132,14.21267,15.6838685,17.402247,16.3994055,15.731932,13.635026,11.2235575,8.531129,5.5908915,3.0811390000000003,3.0811390000000003,5.09902,7.7631605,9.486833,11.7047,14.1231045,15.0488075,16.3542195,17.276128,18.206266,17.7460025,16.925531,15.410617,12.885039666666668,16.03122,15.0,13.0,12.041595,10.440307,9.848858,10.0,10.630146,12.806248,13.601471,15.811388,16.643317,17.0,18.384776,19.924859,19.416488,19.104973,18.027756,16.0,13.038405,10.198039,7.81025,8.544004,11.045361,15.033296,17.262677,9.219544,7.0,5.830952,5.830952,8.062258,12.041595,15.033296,17.117243,18.248288,18.248288,19.646883,18.973666,17.088007,15.652476,14.764823,13.416408,11.18034,10.77033,10.440307,10.198039,11.045361,12.041595,14.035669,15.033296,17.029386,17.0
hoyeon_stand_normal_01,2151,717,71.70391803278689,29.998360745314464,10,0.5655544400215149,0.6833323240280151,0.002417005598545,0.9996839761734008,0.5623929500579834,0.6947771906852722,-0.0126909995451569,0.999684512615204,0.561826765537262,0.6951283812522888,-0.0127199655398726,0.9997004866600036,0.5614446401596069,0.6955006122589111,-0.0127184391021728,0.999751627445221,0.5619588494300842,0.6949054598808289,0.0121151162311434,0.9995441436767578,0.5610597133636475,0.6951964497566223,0.0121346795931458,0.999409556388855,0.560250461101532,0.6955309510231018,0.0120845651254057,0.9994856119155884,0.5556468367576599,0.6895343065261841,-0.0530708506703376,0.9997648596763612,0.5535436272621155,0.6903338432312012,0.0544446818530559,0.9991701245307922,0.5616967082023621,0.6722853779792786,-0.0103100771084427,0.9996585249900818,0.5615169405937195,0.6722262501716614,0.0213751029223203,0.9995205402374268,0.5498569011688232,0.6315532922744751,-0.1281462758779525,0.9999893307685852,0.5364097356796265,0.6226880550384521,0.1274010092020034,0.9995110630989076,0.5575432181358337,0.5325911045074463,-0.1624980121850967,0.9950236678123474,0.5459663271903992,0.5246586799621582,0.1461173444986343,0.0937375351786613,0.5694888830184937,0.4301417768001556,-0.1390516310930252,0.98696631193161,0.5614341497421265,0.4511150419712066,0.1144841015338897,0.0944522321224212,0.5711183547973633,0.3978309333324432,-0.1609217077493667,0.973404049873352,0.5698707103729248,0.4202359318733215,0.1216634735465049,0.1073150709271431,0.5728956460952759,0.3947000801563263,-0.1550739705562591,0.9705429077148438,0.5688460469245911,0.416034460067749,0.0974157229065895,0.1090630814433097,0.5726335644721985,0.4042564630508423,-0.1353870779275894,0.9533478021621704,0.5669121146202087,0.4268868565559387,0.103096418082714,0.1132153496146202,0.5592628717422485,0.4383975565433502,-0.0706723555922508,0.9980680346488952,0.546110212802887,0.4370072782039642,0.0705785676836967,0.9960047006607056,0.5665610432624817,0.282254546880722,-0.0591397285461425,0.8350991010665894,0.5522161722183228,0.2820242941379547,0.0711108446121215,0.2834831476211548,0.5635766386985779,0.1151164248585701,-0.028096318244934,0.840675950050354,0.5520156621932983,0.125617504119873,0.1069288551807403,0.3120548725128174,0.5562983751296997,0.0947297066450119,-0.0268652271479368,0.905540645122528,0.5464861989021301,0.1043879836797714,0.1082577407360076,0.465774655342102,0.5848362445831299,0.0962794870138168,-0.0726778656244278,0.8338876366615295,0.5728470683097839,0.1046055629849433,0.0662771388888359,0.3845075368881225,hoyeon_stand_normal_01,9.055385,7.615773,8.485281,10.816654,13.892444,15.652476,17.0,17.0,17.0,16.124515,15.264338,13.892444,12.529964,10.29563,8.544004,6.082763,4.472136,5.830952,9.219544,14.035669,18.027756,22.203603,25.495098,27.892651,27.856777,25.942244,8.485281,9.899495,11.313708,11.313708,12.041595,11.401754,10.0,9.433981,8.062258,7.615773,7.28011,6.0,6.082763,6.324555,6.403124,7.071068,7.81025,9.433981,11.18034,13.416408,15.231546,16.552945,17.464249,17.0,17.0,14.317821,14.142136,15.033296,16.03122,16.0,16.0,14.0,13.038405,11.045361,9.219544,7.28011,5.385165,4.242641,4.0,5.385165,7.81025,11.313708,14.142136,16.970563,19.79899,21.931712,23.430749,23.430749,22.203603,21.633308,18.867962,15.652476,8.246211,7.615773,5.385165,3.605551,1.0,2.236068,4.472136,5.830952,8.062258,8.944272,9.486833,10.440307,9.486833,9.219544,8.246211,8.246211,7.071068,5.09902,4.123106,2.236068,2.0,2.828427,5.385165,7.28011,9.219544,12.165525,16.124515,14.764823,12.529964,11.401754,9.219544,8.602325,8.944272,9.486833,11.401754,12.369317,14.56022,15.231546,16.124515,18.027756,17.804494,18.384776,18.439089,17.029386,15.0,12.041595,9.219544,6.324555,6.324555,9.219544,12.041595,16.401219,9.486833,7.615773,5.656854,6.082763,8.246211,11.18034,14.317821,16.155494,18.384776,18.681542,18.681542,18.439089,17.117243,16.03122,14.0,13.0,12.0,11.045361,10.049876,10.440307,10.77033,11.661904,13.038405,14.422205,15.811388,16.643317
hoyeon_stand_normal_01,2154,718,71.80392349726776,29.998360745314464,10,0.5652870535850525,0.6834123730659485,0.0023667358327656,0.9996885657310486,0.5621795654296875,0.6948378682136536,-0.0126999169588088,0.999687910079956,0.5616331100463867,0.6951940655708313,-0.0127290124073624,0.9997040629386902,0.5612767338752747,0.6955734491348267,-0.0127277057617902,0.9997543096542358,0.56171715259552,0.694943904876709,0.0120566077530384,0.9995498657226562,0.5608137249946594,0.6952272653579712,0.0120760705322027,0.9994173049926758,0.5600131750106812,0.6955559849739075,0.0120260203257203,0.9994921684265136,0.5556346774101257,0.6896197199821472,-0.053114429116249,0.9997676610946656,0.5533987283706665,0.6903416514396667,0.0544286556541919,0.9991804361343384,0.5615386366844177,0.6724947690963745,-0.0103394826874136,0.9996633529663086,0.5613211393356323,0.6723605394363403,0.0213420409709215,0.9995269179344176,0.5498220324516296,0.631686270236969,-0.1281738877296447,0.9999894499778748,0.5364362597465515,0.6226890087127686,0.1277051568031311,0.9995138049125672,0.557498574256897,0.5326634645462036,-0.162612572312355,0.9950487017631532,0.5463665127754211,0.5246405005455017,0.1466661244630813,0.094081275165081,0.5694379210472107,0.4301494061946869,-0.1402460634708404,0.9870769381523132,0.5621845722198486,0.4511073231697082,0.1145031750202179,0.0947466641664505,0.5710559487342834,0.3978344202041626,-0.1621553748846054,0.9735941886901855,0.5713951587677002,0.4202360808849334,0.1217326372861862,0.1076105833053588,0.5728622078895569,0.3947022259235382,-0.1566698104143142,0.9707528352737428,0.5698109865188599,0.4160427153110504,0.0974696055054664,0.1093900874257087,0.5725939869880676,0.4042675197124481,-0.1367208212614059,0.95365971326828,0.56793612241745,0.4269401133060455,0.1031234040856361,0.1136342883110046,0.5589555501937866,0.4383938908576965,-0.07099449634552,0.9980879426002502,0.5462244749069214,0.4369732737541199,0.0708988010883331,0.99604594707489,0.5665308237075806,0.2821976244449615,-0.0592770054936409,0.8376830220222473,0.5523585081100464,0.2819535136222839,0.0711425170302391,0.285664439201355,0.5632272362709045,0.1145449355244636,-0.0283774621784687,0.8435938358306885,0.5520023107528687,0.1255739778280258,0.1069291457533836,0.3158072829246521,0.5554584860801697,0.0941020846366882,-0.0272308066487312,0.9059807658195496,0.5463641285896301,0.1042914912104606,0.1082548126578331,0.4682484269142151,0.584875762462616,0.0962695777416229,-0.0740591511130333,0.8365791440010071,0.5730326771736145,0.1046109572052955,0.0661087855696678,0.3887874186038971,hoyeon_stand_normal_01,22.472205,22.825424,21.633308,19.209373,16.278821,13.453624,9.219544,5.830952,4.123106,4.472136,6.403124,8.602325,10.816654,13.038405,15.811388,17.204651,19.849433,20.518285,20.615528,19.416488,17.492856,13.892444,10.29563,6.403124,6.082763,10.29563,9.899495,9.219544,10.0,9.433981,9.848858,9.486833,10.198039,10.198039,11.045361,11.045361,11.045361,11.045361,11.0,10.0,11.0,10.0,10.049876,9.055385,9.055385,8.544004,7.211103,7.81025,8.944272,12.369317,16.492423,18.681542,16.278821,17.262677,17.117243,17.029386,17.029386,16.0,14.0,13.038405,11.045361,8.062258,7.071068,4.472136,3.605551,3.162278,6.403124,10.0,12.206556,15.811388,19.416488,21.400935,22.803509,23.430749,22.627417,20.518285,18.439089,15.0,8.485281,7.81025,5.830952,4.123106,2.0,2.0,3.605551,5.830952,7.615773,8.544004,9.219544,10.198039,9.055385,9.055385,8.062258,7.071068,6.082763,5.09902,4.472136,2.236068,2.236068,4.242641,5.830952,8.944272,10.77033,12.649111,12.206556,12.806248,13.453624,14.21267,13.453624,13.453624,11.401754,10.816654,9.433981,8.062258,7.211103,5.0,4.472136,4.123106,5.09902,7.615773,9.848858,13.416408,15.652476,18.788294,20.615528,21.540659,22.135944,19.924859,18.681542,15.524175,14.56022,16.492423,17.464249,18.248288,18.248288,17.029386,15.033296,13.038405,11.045361,8.246211,6.324555,5.0,5.385165,6.082763,7.0,8.062258,9.055385,10.0,11.0,11.0,11.0,12.0,12.0,11.18034,11.401754,10.77033
hoyeon_stand_normal_01,2157,719,71.90392896174863,29.998360745314464,10,0.564856231212616,0.6835299730300903,0.0019655113574117,0.9996892213821412,0.5618161559104919,0.6949247121810913,-0.0129921352490782,0.9996869564056396,0.5613032579421997,0.6952865123748779,-0.0130214653909206,0.9997036457061768,0.5609843730926514,0.6956733465194702,-0.0130196269601583,0.9997537732124328,0.5613389611244202,0.6950026154518127,0.0116808516904711,0.999549150466919,0.5604559183120728,0.6952769160270691,0.011700022034347,0.9994169473648072,0.559687077999115,0.6955992579460144,0.0116487555205821,0.9994910955429076,0.5555925369262695,0.6897168159484863,-0.0531579479575157,0.9997670650482178,0.553236722946167,0.690355658531189,0.0543481260538101,0.999177634716034,0.561295211315155,0.6727849841117859,-0.0105933137238025,0.9996644854545592,0.5610607862472534,0.6725741624832153,0.0209603980183601,0.9995274543762208,0.5497273206710815,0.6317970752716064,-0.1281907111406326,0.9999894499778748,0.5365368723869324,0.6226846575737,0.1276786029338836,0.999513566493988,0.55744868516922,0.5327659249305725,-0.162759467959404,0.995039999485016,0.5468289256095886,0.524630069732666,0.1467650979757309,0.0948677211999893,0.5693637132644653,0.4301562011241913,-0.1416398137807846,0.987173557281494,0.562963604927063,0.451099544763565,0.1145935580134391,0.0957723408937454,0.570984959602356,0.3978325724601745,-0.1636287719011306,0.9737553000450134,0.5724710822105408,0.4211474061012268,0.1217266544699668,0.1086251214146614,0.5728170871734619,0.3946959376335144,-0.1584590226411819,0.970925509929657,0.5706129670143127,0.4160486459732055,0.0974403470754623,0.1104181930422782,0.5725376605987549,0.4042651057243347,-0.1382389068603515,0.9539310336112976,0.5687118172645569,0.4269998669624328,0.1032007783651351,0.1147683560848236,0.5585975646972656,0.4383971691131592,-0.0709589272737503,0.9980810880661012,0.5465419292449951,0.4369657337665558,0.0708630755543708,0.9960444569587708,0.5663531422615051,0.2823557257652282,-0.0592026300728321,0.8384798169136047,0.5527974963188171,0.282051146030426,0.0710537359118461,0.2877228260040283,0.5631600022315979,0.1144973486661911,-0.0281065534800291,0.8446167707443237,0.552070677280426,0.1255064010620117,0.1067522093653678,0.3184916377067566,0.5554599165916443,0.0940987989306449,-0.0270082950592041,0.9059491753578186,0.546363115310669,0.1042894944548606,0.1080507859587669,0.4703486263751983,0.5848130583763123,0.0962675064802169,-0.0740266740322113,0.8373162150382996,0.5731022953987122,0.1046102195978164,0.0653548911213874,0.3914895951747894,hoyeon_stand_normal_01,22.561028,23.086793,21.931712,20.124612,16.643317,13.038405,9.433981,6.708204,5.0,5.0,6.403124,8.062258,11.18034,13.0,15.652476,17.0,18.867962,20.0,19.849433,19.79899,17.029386,14.21267,10.630146,5.830952,6.082763,9.219544,8.602325,8.602325,8.944272,8.544004,9.219544,9.055385,10.049876,10.0,11.045361,11.045361,11.045361,11.045361,10.049876,10.198039,10.198039,10.198039,9.219544,9.486833,8.544004,8.062258,7.81025,8.062258,10.440307,12.165525,16.124515,19.104973,11.045361,9.486833,7.211103,5.830952,7.071068,8.246211,11.18034,12.529964,15.264338,17.204651,18.027756,19.416488,20.248457,21.095023,21.470911,20.124612,18.788294,16.155494,13.0,9.433981,5.0,5.385165,9.219544,13.601471,18.027756,21.400935,9.433981,12.206556,14.866069,16.278821,17.804494,16.643317,16.552945,14.866069,12.369317,9.219544,6.082763,4.0,1.0,2.0,4.123106,6.082763,8.246211,11.18034,12.369317,14.56022,14.56022,15.811388,16.492423,16.492423,15.297059,14.142136,14.564801,14.308818,13.683234,12.5016125,12.2494925,11.726812,11.119817,10.8770075,10.8020975,10.567196,10.815644,10.9678375,10.8674065,12.013149,12.6754265,13.648821,15.116571,16.1415065,16.227352500000002,16.234716499999998,15.646531,14.7665845,15.085465,15.436327,15.7187025,16.522683999999998,11.544152,11.311239,11.287593,11.3409725,12.6115465,13.418723,14.351178,14.464290000000002,13.80216,12.929681,12.117692,11.236756499999998,10.902247,11.064203,10.851631,10.366867,10.675126,10.4442935,10.5073465,11.18034,11.44252,11.9147255,12.7490805,13.466365,14.117289499999998,14.2683495
hoyeon_stand_normal_01,2160,720,72.0039344262295,29.998360745314464,10,0.5645430088043213,0.6837015151977539,0.0015116279246285,0.9996923208236694,0.5615673065185547,0.6950739026069641,-0.0134402643889188,0.9996888041496276,0.561082124710083,0.6954447627067566,-0.0134696504101157,0.9997057914733888,0.5607918500900269,0.6958441734313965,-0.0134674729779362,0.9997554421424866,0.5610652565956116,0.695119321346283,0.0112007474526762,0.999552309513092,0.5601940751075745,0.6953829526901245,0.0112199168652296,0.9994215965270996,0.5594438910484314,0.6956988573074341,0.0111685302108526,0.9994948506355286,0.555566668510437,0.6898711919784546,-0.053416583687067,0.9997687935829164,0.5531073212623596,0.690401554107666,0.0541516803205013,0.99918395280838,0.5610960125923157,0.6730786561965942,-0.0109652485698461,0.9996686577796936,0.560835599899292,0.6728034019470215,0.0205420721322298,0.9995329976081848,0.5496501922607422,0.6319015622138977,-0.1284464001655578,0.9999895691871644,0.5365848541259766,0.6226855516433716,0.1276647746562957,0.999517858028412,0.557422399520874,0.5328053832054138,-0.1630219370126724,0.9950486421585084,0.5471220016479492,0.5246212482452393,0.1468141078948974,0.095836117863655,0.5693539977073669,0.4301573038101196,-0.142202153801918,0.9872663617134094,0.5633414387702942,0.4509789049625397,0.1146452277898788,0.0968334749341011,0.5709713101387024,0.3978303670883178,-0.164233922958374,0.9739170670509338,0.5729579329490662,0.4209311604499817,0.1216593235731124,0.1096416339278221,0.5728071928024292,0.3946865797042846,-0.159125879406929,0.9711021780967712,0.5709795355796814,0.4160217344760895,0.0973399952054023,0.1114467456936836,0.5725220441818237,0.4042637348175049,-0.1388192772865295,0.954185426235199,0.5690690279006958,0.4269996285438537,0.1032331809401512,0.1158687397837638,0.5585213303565979,0.4383946359157562,-0.0709737315773963,0.9980904459953308,0.5465766787528992,0.436955988407135,0.0708776488900184,0.9960654973983764,0.5663278102874756,0.2823889851570129,-0.059207696467638,0.8409231901168823,0.5529499650001526,0.2820916771888733,0.0711340233683586,0.2916150987148285,0.5627288818359375,0.1142424792051315,-0.0280337650328874,0.8474053144454956,0.5519506931304932,0.1255004853010177,0.1068487837910652,0.3231660425662994,0.555027186870575,0.0938681736588478,-0.0269578918814659,0.9066372513771056,0.5462988615036011,0.1042659282684326,0.1081345751881599,0.4738053679466247,0.5848151445388794,0.0962331146001815,-0.0741460099816322,0.8397380113601685,0.5731361508369446,0.1046509221196174,0.0653607994318008,0.3963554203510284,hoyeon_stand_normal_01,7.615773,7.0,8.544004,10.29563,12.206556,14.21267,15.0,15.0,15.0,13.601471,13.038405,12.206556,10.816654,9.219544,7.071068,5.830952,5.0,5.830952,9.219544,12.806248,16.401219,20.615528,23.345235,24.839485,25.0,22.825424,8.062258,9.433981,9.433981,10.816654,10.816654,10.0,9.219544,8.602325,7.071068,6.403124,5.830952,5.385165,5.09902,5.0,5.385165,6.708204,7.211103,9.219544,10.630146,11.313708,12.727922,14.142136,14.866069,14.866069,14.21267,12.041595,14.56022,15.524175,15.524175,15.297059,15.132746,14.142136,12.165525,11.045361,9.0,7.0,5.09902,3.605551,2.236068,4.472136,7.071068,9.899495,13.453624,16.278821,19.104973,20.518285,22.022716,22.803509,20.808652,20.248457,17.492856,14.317821,7.211103,5.656854,4.242641,2.236068,2.828427,4.472136,6.708204,8.544004,9.486833,9.486833,10.198039,10.198039,9.055385,9.055385,8.062258,7.071068,6.082763,4.472136,2.828427,3.0,3.605551,5.0,7.211103,9.848858,11.7047,14.571068,12.369317,12.165525,13.152946,13.152946,12.165525,12.165525,11.401754,10.440307,9.486833,8.544004,6.708204,5.385165,4.0,3.162278,5.0,7.211103,9.848858,12.083046,15.231546,17.888544,19.235384,19.723083,20.248457,19.416488,17.204651,14.422205,14.764823,16.124515,17.204651,17.204651,17.804494,17.029386,15.620499,12.806248,10.0,8.062258,6.324555,5.0,5.385165,5.830952,6.403124,8.485281,9.219544,9.899495,10.630146,11.313708,12.041595,12.041595,11.313708,10.630146,10.630146,11.18034
hoyeon_stand_normal_01,2163,721,72.10393989071038,29.998360745314464,10,0.5643903017044067,0.6837175488471985,0.0013451088452711,0.9996914863586426,0.56146639585495,0.6950845122337341,-0.0136062046512961,0.9996872544288636,0.5609894394874573,0.6954578757286072,-0.0136360032483935,0.9997045397758484,0.5607094168663025,0.6958597898483276,-0.0136337541043758,0.9997542500495912,0.5609645843505859,0.695125162601471,0.011012066155672,0.9995503425598145,0.5600992441177368,0.6953878402709961,0.0110312458127737,0.9994193911552428,0.5593573451042175,0.6957027912139893,0.0109795937314629,0.9994928240776062,0.5555554032325745,0.6899111270904541,-0.0535595677793026,0.9997677206993104,0.5530453324317932,0.6904054284095764,0.0540246814489364,0.9991811513900756,0.5609613060951233,0.6731320023536682,-0.0111282123252749,0.9996691942214966,0.5606951117515564,0.6728526949882507,0.0203470848500728,0.9995330572128296,0.5495423078536987,0.6319618225097656,-0.1284867227077484,0.9999895691871644,0.5366103053092957,0.6226863265037537,0.1274076402187347,0.9995194673538208,0.5574097037315369,0.5328148603439331,-0.1630546152591705,0.9950082302093506,0.5472717881202698,0.524615466594696,0.1469189524650573,0.0962619036436081,0.5693413615226746,0.430167555809021,-0.1422358453273773,0.987202286720276,0.5634948015213013,0.4509702622890472,0.1146470233798027,0.097426064312458,0.570953369140625,0.3978176116943359,-0.1641882061958313,0.9737878441810608,0.5731263756752014,0.4208633005619049,0.1215563043951988,0.1102509498596191,0.5727989077568054,0.3946505486965179,-0.1590381264686584,0.9709572196006776,0.5711146593093872,0.416022926568985,0.0971968844532966,0.1120618060231208,0.5725048184394836,0.4042410254478454,-0.1388421952724456,0.953984260559082,0.5691908001899719,0.4270269274711609,0.1032069399952888,0.1165647059679031,0.5584340691566467,0.4384051561355591,-0.0709694549441337,0.9980921745300292,0.5466300249099731,0.436958372592926,0.070873387157917,0.9960614442825316,0.5663097500801086,0.2824896574020386,-0.0592097230255603,0.8407914042472839,0.5530720353126526,0.2823897898197174,0.0711643546819686,0.2921618521213531,0.5622928142547607,0.1141358986496925,-0.0280368495732545,0.8476666212081909,0.5518914461135864,0.1259014159440994,0.1069986149668693,0.3238849937915802,0.5549592971801758,0.0937167182564735,-0.0269682817161083,0.9061144590377808,0.5462352633476257,0.1042807921767234,0.1083027645945549,0.4744335412979126,0.5848381519317627,0.0963361039757728,-0.0746480226516723,0.8398104906082153,0.5732725858688354,0.1053211614489555,0.0654310584068298,0.3974770009517669,hoyeon_stand_normal_01,8.602325,7.615773,9.0,11.401754,13.601471,15.231546,16.155494,16.155494,17.088007,15.811388,14.56022,13.601471,12.369317,10.440307,8.544004,5.830952,4.123106,5.385165,8.485281,14.21267,18.439089,21.931712,25.495098,27.202941,27.784888,25.942244,9.055385,10.198039,11.18034,12.165525,12.165525,12.165525,11.401754,10.440307,9.486833,8.544004,7.211103,7.071068,5.830952,6.324555,7.071068,8.062258,9.219544,10.440307,11.7047,13.928388,16.155494,17.464249,18.384776,18.027756,17.088007,13.928388,11.401754,10.29563,8.246211,8.062258,8.944272,10.630146,12.041595,14.422205,16.124515,17.0,19.235384,20.59126,21.095023,21.633308,22.203603,21.400935,19.209373,17.029386,14.21267,9.433981,6.082763,5.830952,8.944272,13.601471,16.763055,20.248457,8.544004,11.401754,13.152946,15.033296,16.03122,16.278821,14.56022,13.0,10.29563,8.602325,5.656854,3.605551,1.414214,2.236068,5.0,7.071068,9.219544,10.816654,12.206556,13.892444,15.264338,16.124515,16.124515,16.124515,15.811388,15.0,14.866069,14.56022,12.649111,10.29563,9.433981,9.219544,10.0,11.18034,12.529964,12.529964,14.422205,15.620499,16.970563,18.439089,18.601075,18.35756,17.888544,16.552945,14.317821,12.083046,8.602325,6.708204,8.062258,11.7047,14.764823,17.492856,9.0,6.082763,4.472136,5.09902,8.062258,11.401754,14.56022,16.492423,17.262677,18.027756,18.027756,18.0,16.124515,15.297059,13.341664,12.165525,11.18034,10.049876,9.055385,9.055385,10.198039,11.7047,13.0,15.231546,15.811388,16.155494
hoyeon_stand_normal_01,2166,722,72.20394535519125,29.998360745314464,10,0.5642690658569336,0.6837185621261597,0.0013833364937454,0.9996914267539978,0.5613733530044556,0.6950847506523132,-0.0135792605578899,0.9996865391731262,0.5608869194984436,0.6954585313796997,-0.0136091876775026,0.9997040629386902,0.560600221157074,0.6958608627319336,-0.0136069040745496,0.999753713607788,0.560901939868927,0.6951243281364441,0.0110287731513381,0.9995493292808532,0.5600453615188599,0.6953868269920349,0.0110479183495044,0.9994181394577026,0.5593134760856628,0.6957006454467773,0.0109960855916142,0.9994913935661316,0.5555065274238586,0.6899265050888062,-0.0535873547196388,0.9997676014900208,0.5530035495758057,0.690403163433075,0.054025650024414,0.999180257320404,0.5608055591583252,0.6731317639350891,-0.0111070135608315,0.9996699690818788,0.5605667233467102,0.6728547215461731,0.0203507952392101,0.99953293800354,0.549367368221283,0.6320168375968933,-0.1284594684839248,0.9999896287918092,0.5366257429122925,0.6226927638053894,0.127337247133255,0.9995209574699402,0.5573691129684448,0.5328043699264526,-0.1630404144525528,0.9950019717216492,0.5473622679710388,0.5246101021766663,0.1469467133283615,0.0969515517354011,0.5693309903144836,0.4301472902297973,-0.1422143131494522,0.9872267842292786,0.5638152956962585,0.4509831070899963,0.1147563084959983,0.0982516929507255,0.5709432363510132,0.3977854549884796,-0.1641219705343246,0.973821222782135,0.5733634829521179,0.4219332635402679,0.121567502617836,0.111019879579544,0.5727952718734741,0.3945875763893127,-0.1590063869953155,0.9709882140159608,0.5714430212974548,0.4174790978431701,0.0972276180982589,0.1128484830260276,0.5725018382072449,0.4041939973831177,-0.1388252824544906,0.9540525674819946,0.56944739818573,0.4272367060184479,0.1033097207546234,0.1174437254667282,0.5582965612411499,0.4384249746799469,-0.0708821862936019,0.9980930089950562,0.5466298460960388,0.4370116889476776,0.0707866474986076,0.9960635900497437,0.5662842988967896,0.2827434241771698,-0.059197723865509,0.8385101556777954,0.553074061870575,0.2829055488109588,0.070984348654747,0.2903156578540802,0.5622936487197876,0.1142344400286674,-0.0280173998326063,0.8450670838356018,0.5518718361854553,0.1261270195245742,0.1066205129027366,0.3215731978416443,0.5549631714820862,0.0937525033950805,-0.0269581750035285,0.9042725563049316,0.5462018847465515,0.1044306457042694,0.1079236418008804,0.4726699888706207,0.5848667621612549,0.0966381728649139,-0.0745992138981819,0.8371555805206299,0.573339581489563,0.1055484563112258,0.0649806633591651,0.3949278891086578,hoyeon_stand_normal_01,22.6498665,23.329489,21.319122,19.5649785,16.698031999999998,12.940434,9.7087915,5.915476,4.736068,4.7541355,6.905125,9.219544,11.6109675,13.777167,16.278821,18.247773,20.7710405,21.2123655,21.9184555,20.493669,18.285043,15.521467,11.291047,6.535534,6.2429435,10.319173,8.955558,9.2255915,9.044579,9.004144499999999,8.930063,9.031129,9.497074,9.3710215,9.96357,10.9210305,10.5957665,10.4841845,9.994937,9.994937,9.4521215,9.675507499999998,9.178944,8.7481195,8.3011625,7.54518,6.9596535,7.54518,9.244682999999998,12.2261815,15.983441,18.679221,15.297059,16.278821,16.492423,16.763055,15.811388,14.866069,13.0,12.083046,9.848858,8.062258,5.830952,3.605551,3.0,3.605551,6.324555,9.486833,13.341664,16.492423,18.681542,20.880613,22.135944,22.135944,21.540659,19.697716,17.0,13.892444,7.615773,7.211103,5.0,3.605551,2.0,2.0,4.472136,6.403124,7.071068,9.219544,8.602325,9.433981,9.433981,8.944272,8.062258,7.211103,5.830952,5.0,3.605551,2.0,2.828427,4.472136,6.082763,8.062258,11.0,12.041595,15.524175,13.341664,12.369317,11.18034,9.0,8.246211,8.544004,9.848858,11.18034,12.529964,14.317821,14.866069,15.524175,16.278821,18.027756,18.027756,17.117243,17.262677,15.297059,12.369317,9.0,5.385165,6.708204,10.049876,13.0,17.029386,10.29563,7.28011,5.0,5.656854,8.062258,10.440307,13.601471,16.763055,17.464249,18.788294,19.235384,18.867962,16.401219,15.620499,14.142136,12.727922,11.313708,10.630146,10.0,9.848858,9.848858,11.401754,13.152946,15.132746,15.132746,17.262677
hoyeon_stand_normal_01,2169,723,72.30395081967212,29.998360745314464,10,0.564143180847168,0.6836634874343872,0.0013899966143071,0.9996921420097352,0.5612819194793701,0.6950393319129944,-0.0135564468801021,0.999686598777771,0.5607883930206299,0.6954209208488464,-0.0135862175375223,0.9997040033340454,0.5604922771453857,0.6958269476890564,-0.0135837495326995,0.9997536540031432,0.5608202815055847,0.6950706839561462,0.0110357496887445,0.999549925327301,0.5599637627601624,0.6953365802764893,0.0110548185184597,0.999418556690216,0.559231162071228,0.695650041103363,0.01100286655128,0.9994919300079346,0.5554245114326477,0.6899288296699524,-0.0535143204033374,0.9997674226760864,0.5529158115386963,0.6903946399688721,0.0540587417781353,0.9991821646690368,0.5606279969215393,0.6731040477752686,-0.011093626730144,0.9996711611747742,0.5604050159454346,0.6728293299674988,0.020344890654087,0.999534547328949,0.5492528676986694,0.6320919990539551,-0.1283377259969711,0.9999896287918092,0.536626935005188,0.6226934194564819,0.1273353844881057,0.9995259642601012,0.5572951436042786,0.5328025817871094,-0.1630659848451614,0.9950084090232848,0.547437310218811,0.5245843529701233,0.1469698101282119,0.0982312262058258,0.5693037509918213,0.4301469624042511,-0.14321269094944,0.9873139262199402,0.5641324520111084,0.4509758353233337,0.1148345693945884,0.099523514509201,0.5708438754081726,0.3977856934070587,-0.1652676910161972,0.9739711284637452,0.5736459493637085,0.4222945868968963,0.121635191142559,0.1121996939182281,0.572735071182251,0.3945817351341247,-0.1601042598485946,0.9711490273475648,0.5717370510101318,0.4174311459064483,0.0973040536046028,0.1140180975198745,0.572460949420929,0.4041933119297027,-0.1398159116506576,0.954298496246338,0.5697125196456909,0.4272902607917785,0.1033990830183029,0.1187006160616874,0.5582491755485535,0.4384202063083648,-0.0707615837454795,0.9980932474136353,0.5466324687004089,0.4370094537734985,0.0706666633486747,0.9960804581642152,0.5662800669670105,0.2827388942241668,-0.0592238456010818,0.8361626267433167,0.5530887246131897,0.2829058468341827,0.0706695988774299,0.2880437076091766,0.56231689453125,0.1146925017237663,-0.0280348360538482,0.8421982526779175,0.551976203918457,0.1262952238321304,0.106147177517414,0.3183014690876007,0.5550243854522705,0.0941562950611114,-0.026966992765665,0.9031113982200624,0.5462051033973694,0.1048357561230659,0.107458472251892,0.4705119729042053,0.5848328471183777,0.0969722643494606,-0.0743995904922485,0.8343862891197205,0.5733539462089539,0.1056692749261856,0.06450205296278,0.3911430835723877,hoyeon_stand_normal_01,8.602325,7.615773,9.0,12.369317,14.56022,16.763055,17.720045,17.720045,17.464249,16.492423,15.297059,14.317821,12.369317,10.440307,8.544004,6.403124,5.385165,7.28011,10.29563,15.0,20.0,24.413111,26.925824,29.068884,30.083218,28.160256,9.055385,11.045361,12.0,13.0,13.0,13.0,12.0,10.0,9.055385,8.246211,7.28011,5.830952,5.656854,5.830952,6.082763,7.0,8.062258,10.198039,11.401754,13.601471,15.524175,16.763055,17.464249,17.464249,16.492423,14.56022,11.661904,10.440307,9.055385,8.246211,9.433981,10.630146,12.206556,14.317821,16.155494,18.027756,19.313208,20.615528,21.931712,21.931712,22.36068,21.095023,20.248457,17.492856,14.422205,10.29563,7.071068,6.403124,9.486833,14.317821,17.262677,20.396078,8.944272,11.7047,13.601471,15.297059,16.03122,16.03122,15.132746,13.601471,10.77033,8.062258,6.403124,2.828427,1.0,3.162278,5.0,7.071068,8.485281,11.313708,12.806248,14.21267,16.401219,16.401219,17.029386,17.029386,16.278821,14.866069,10.630146,11.313708,12.041595,12.727922,12.727922,12.727922,10.630146,10.0,8.602325,7.211103,6.403124,5.0,3.605551,4.0,5.385165,6.708204,9.433981,13.038405,15.264338,17.888544,19.235384,21.023796,20.615528,19.697716,18.027756,14.866069,13.928388,15.811388,16.763055,17.720045,16.492423,16.278821,14.317821,12.165525,10.198039,7.615773,5.830952,4.242641,4.123106,5.0,6.082763,7.071068,8.062258,9.055385,10.049876,11.045361,11.045361,11.045361,11.045361,10.440307,10.77033,10.29563
hoyeon_stand_normal_01,2172,724,72.403956284153,29.998360745314464,10,0.5640596151351929,0.6836243867874146,0.001449232106097,0.9996947646141052,0.5612186789512634,0.6950076222419739,-0.0134859085083007,0.9996891021728516,0.5607227087020874,0.6953936219215393,-0.0135157164186239,0.9997060894966124,0.5604220628738403,0.6958014965057373,-0.0135133117437362,0.9997554421424866,0.5607613325119019,0.6950367093086243,0.0110994093120098,0.9995537996292114,0.5599062442779541,0.6953051686286926,0.0111183635890483,0.9994231462478638,0.559174120426178,0.6956190466880798,0.0110664321109652,0.9994962215423584,0.5553690195083618,0.689930260181427,-0.0534663721919059,0.9997692704200744,0.5528478026390076,0.6903870105743408,0.0541401542723178,0.999190866947174,0.5605117678642273,0.6730836033821106,-0.0110474582761526,0.9996744990348816,0.5602996945381165,0.6728115677833557,0.0203770007938146,0.9995389580726624,0.5491459369659424,0.6321013569831848,-0.1280334740877151,0.9999896287918092,0.536626398563385,0.622692883014679,0.1272694766521453,0.9995308518409728,0.557208776473999,0.532791793346405,-0.1627400517463684,0.9949945211410522,0.547447919845581,0.5245543718338013,0.1470454633235931,0.0993600189685821,0.5692737698554993,0.4301464855670929,-0.1431992352008819,0.9873231649398804,0.5643022060394287,0.4510225355625152,0.1148325353860855,0.1004888638854026,0.5707657337188721,0.3977864384651184,-0.1652272343635559,0.9739716053009032,0.573782205581665,0.4229016602039337,0.1215453222393989,0.1130936592817306,0.5727109313011169,0.394580602645874,-0.1599747240543365,0.9711419939994812,0.5719267725944519,0.4183665513992309,0.0972098186612129,0.1149035841226577,0.5724433660507202,0.4041935801506042,-0.1397671103477478,0.9543216228485109,0.5698435306549072,0.4274996221065521,0.1033876836299896,0.1196721121668815,0.5582435131072998,0.438415378332138,-0.0704280585050582,0.998096227645874,0.5466411113739014,0.4370275139808655,0.0703340247273445,0.9960991740226746,0.5662673711776733,0.2826175689697265,-0.0592247396707534,0.8326320648193359,0.5530892014503479,0.2828199565410614,0.070108562707901,0.2856992185115814,0.5624015927314758,0.1148402169346809,-0.0280361082404851,0.8384391069412231,0.5520305037498474,0.1263512372970581,0.1053096503019332,0.3147008121013641,0.5552484393119812,0.0943225175142288,-0.0269667506217956,0.90152770280838,0.546216607093811,0.1051621735095977,0.1066062003374099,0.4679742455482483,0.5847409963607788,0.097040981054306,-0.074281170964241,0.8309028148651123,0.5733211636543274,0.1056761741638183,0.0635043308138847,0.3869681656360626,hoyeon_stand_normal_01,8.062258,7.615773,8.485281,11.661904,13.892444,15.652476,17.0,17.0,17.0,16.124515,15.264338,13.892444,11.661904,10.29563,8.544004,6.082763,5.830952,7.211103,11.401754,15.297059,20.396078,24.738634,28.460499,29.546573,29.529646,27.45906,9.899495,11.313708,12.041595,12.806248,12.806248,12.806248,12.041595,10.816654,9.433981,8.944272,7.615773,7.071068,6.0,6.082763,6.708204,6.403124,7.81025,9.433981,11.661904,12.529964,14.317821,16.552945,17.0,17.0,16.124515,13.892444,13.1890975,13.1643485,11.4182295,11.3409725,11.1643515,11.634027499999998,12.323416,12.77411,12.9099025,12.8911515,12.5030485,12.307764,12.596292000000002,12.924847,14.6018015,15.6315395,16.1289595,16.5769505,16.1368945,15.2163735,13.873788,14.584778,16.647815,18.011898000000002,18.314415500000003,18.383027,9.47744,9.903124,10.632169,10.561553,9.692388,9.3600225,9.7205495,10.2589555,9.8078865,8.828855,7.758372,6.5,5.109772,5.727806,6.4787085,6.889636,7.673698,8.659379,8.321978,8.3291365,8.612801000000001,9.9027975,11.4390105,12.777557,13.2169905,13.719051,14.317821,13.0,11.7047,9.219544,9.0,8.246211,8.544004,10.29563,11.661904,12.529964,14.317821,15.811388,16.492423,17.117243,17.029386,18.027756,18.11077,16.278821,14.317821,11.18034,8.0,5.830952,6.708204,10.049876,14.035669,17.117243,9.219544,6.403124,4.123106,4.472136,7.071068,10.816654,13.038405,15.811388,17.204651,18.439089,17.691806,16.970563,16.278821,15.0,13.601471,11.401754,10.816654,9.219544,9.219544,8.602325,9.848858,10.77033,12.649111,14.56022,15.811388,14.866069
hoyeon_stand_normal_01,2175,725,72.50396174863388,29.998360745314464,10,0.5640147924423218,0.6836450695991516,0.0013224078575149,0.9996955394744872,0.5611808896064758,0.6950157284736633,-0.0135851167142391,0.9996891021728516,0.5606874823570251,0.6954024434089661,-0.013614747673273,0.999705970287323,0.5603893995285034,0.6958101987838745,-0.013612219132483,0.9997552633285522,0.560717761516571,0.6950432658195496,0.0109413545578718,0.9995553493499756,0.5598599910736084,0.6953113079071045,0.0109597695991396,0.9994254112243652,0.5591257810592651,0.6956236958503723,0.0109074600040912,0.9994989037513732,0.5553538799285889,0.6899545192718506,-0.0534785240888595,0.9997692704200744,0.5527921915054321,0.6903881430625916,0.0539623275399208,0.9991960525512696,0.5604526996612549,0.6730968952178955,-0.0111289648339152,0.999675452709198,0.5602346062660217,0.6728271245956421,0.0202188026160001,0.9995413422584534,0.5490905046463013,0.6321161985397339,-0.128047913312912,0.9999895691871644,0.5366268754005432,0.6226872205734253,0.1270715147256851,0.9995342493057252,0.5571867227554321,0.5327491760253906,-0.1627612709999084,0.994981586933136,0.5474439859390259,0.5244024395942688,0.1465769559144973,0.1000791415572166,0.5692650079727173,0.4301431179046631,-0.143154114484787,0.9872713685035706,0.5643023252487183,0.4508981704711914,0.1141265332698822,0.1006718575954437,0.5707564949989319,0.3977852463722229,-0.165145918726921,0.973875105381012,0.5737491250038147,0.4222828447818756,0.1206574887037277,0.1131040379405021,0.5727061629295349,0.3945761024951935,-0.1598758697509765,0.9710323810577391,0.5719220042228699,0.4179916977882385,0.0964808315038681,0.1148979291319847,0.5724402070045471,0.4041911959648132,-0.1397181898355484,0.9541765451431274,0.5698403716087341,0.427499383687973,0.1027269288897514,0.1197324395179748,0.5582383871078491,0.4383907318115234,-0.0704306215047836,0.998094379901886,0.5465933680534363,0.4370176494121551,0.0703365877270698,0.9961061477661132,0.5662654638290405,0.2826142311096191,-0.0592290945351123,0.8322686553001404,0.5530896782875061,0.2828418910503387,0.0701272785663604,0.2844025790691376,0.5624039173126221,0.1149061396718025,-0.0279455464333295,0.8374364972114563,0.5519024729728699,0.1264346092939376,0.1053374260663986,0.3130986094474792,0.5552269816398621,0.094380997121334,-0.0268517211079597,0.9005142450332642,0.546058714389801,0.1052315086126327,0.106634609401226,0.4671430289745331,0.5847532749176025,0.09712965041399,-0.0740228667855262,0.8297833800315857,0.5733201503753662,0.105694867670536,0.0635601133108139,0.3850743770599365,hoyeon_stand_normal_01,24.186773,24.515301,23.769729,21.540659,17.888544,14.764823,11.18034,8.246211,6.0,5.830952,7.81025,8.944272,11.18034,14.317821,16.552945,19.235384,21.095023,22.203603,22.671568,21.931712,19.209373,16.401219,12.041595,8.062258,7.071068,10.29563,10.440307,9.219544,10.198039,10.049876,10.0,10.049876,11.18034,11.401754,11.401754,11.401754,11.7047,11.7047,10.77033,10.77033,10.77033,11.18034,10.29563,10.29563,9.433981,9.219544,8.485281,9.848858,11.18034,14.0,17.0,21.0,11.401754,10.0,8.544004,8.0,8.544004,9.433981,12.041595,13.453624,15.620499,17.804494,19.209373,20.615528,21.260292,22.022716,21.931712,21.213203,19.104973,17.029386,14.21267,10.630146,6.324555,5.830952,9.433981,13.0,17.088007,20.615528,8.0,11.18034,13.341664,15.811388,16.552945,16.124515,15.0,13.453624,10.630146,8.602325,5.385165,3.162278,1.414214,2.828427,4.472136,6.708204,8.944272,10.77033,12.649111,13.601471,14.56022,15.524175,15.811388,15.811388,14.866069,14.317821,15.297059,14.317821,12.369317,10.198039,8.944272,8.602325,8.485281,9.433981,10.816654,12.206556,14.21267,14.866069,16.278821,17.804494,18.35756,18.788294,18.384776,17.720045,15.524175,12.649111,9.848858,7.071068,7.071068,9.486833,13.0,15.652476,10.049876,8.246211,5.830952,5.830952,8.0,11.045361,13.152946,16.124515,17.117243,18.027756,18.0,18.11077,17.117243,15.297059,14.317821,12.649111,11.401754,10.198039,10.049876,10.049876,10.198039,12.649111,13.601471,14.866069,15.811388,16.492423
hoyeon_stand_normal_01,2178,726,72.60396721311476,29.998360745314464,10,0.5640443563461304,0.683626115322113,0.0012688052374869,0.9996975064277648,0.5612008571624756,0.6949951648712158,-0.0136507237330079,0.999690592288971,0.5607008337974548,0.6953837871551514,-0.0136800529435276,0.9997072219848632,0.5603969097137451,0.6957916021347046,-0.0136773576959967,0.999756157398224,0.5607398748397827,0.6950221657752991,0.0108855040743947,0.999558448791504,0.5598770976066589,0.6952917575836182,0.010903819464147,0.9994297027587892,0.5591380596160889,0.6956033706665039,0.0108516402542591,0.9995033144950868,0.5553522706031799,0.6899552941322327,-0.0536408275365829,0.999770164489746,0.5527923107147217,0.6903775930404663,0.053915724158287,0.9992026090621948,0.5604546070098877,0.6730551719665527,-0.0112126525491476,0.9996773600578308,0.5602381229400635,0.6727932691574097,0.0201513692736625,0.9995448589324952,0.5490242838859558,0.6321207284927368,-0.1282458007335662,0.9999895691871644,0.5366309285163879,0.6226797103881836,0.1270221620798111,0.9995372891426086,0.5571156740188599,0.5326827168464661,-0.1629284173250198,0.9949997067451476,0.5474125146865845,0.5242653489112854,0.1465773284435272,0.1004185900092125,0.5692574381828308,0.4301309287548065,-0.143215999007225,0.9872626066207886,0.5642306208610535,0.4506784379482269,0.114012986421585,0.1005144119262695,0.5707452297210693,0.3977614045143127,-0.1651980578899383,0.9738439917564392,0.5736623406410217,0.4216248095035553,0.1205266714096069,0.112825833261013,0.5727022290229797,0.3945524990558624,-0.1598520278930664,0.971002459526062,0.571811854839325,0.4173978269100189,0.0963745862245559,0.1146074384450912,0.5724353194236755,0.4041778147220611,-0.1397480517625808,0.9541181921958924,0.56976717710495,0.4274317324161529,0.1026249900460243,0.1194602102041244,0.5582349300384521,0.4383592009544372,-0.0704952329397201,0.9980955719947816,0.5465951561927795,0.4370009899139404,0.0704021826386451,0.9961217045783995,0.5662663578987122,0.2826153934001922,-0.0593237206339836,0.8332281708717346,0.5530945658683777,0.2828849256038666,0.0701843127608299,0.2840155959129333,0.5624077320098877,0.1149619668722152,-0.0279173329472541,0.837777853012085,0.5519039034843445,0.1264905929565429,0.1055017858743667,0.3129638731479645,0.5552073121070862,0.0944421291351318,-0.0267892517149448,0.9003562927246094,0.5459852814674377,0.1052809432148933,0.1067937090992927,0.4672997295856476,0.5847794413566589,0.0971678271889686,-0.0737663954496383,0.8300548791885376,0.5733225345611572,0.1057009771466255,0.0636460185050964,0.3847651779651642,hoyeon_stand_normal_01,8.944272,8.062258,9.433981,12.727922,15.620499,17.029386,18.439089,19.104973,19.104973,17.691806,16.278821,14.866069,12.727922,10.630146,8.602325,6.082763,5.385165,7.211103,12.649111,17.720045,23.086793,27.513633,31.780497,33.12099,33.837849,31.240999,11.661904,13.038405,15.0,15.811388,15.0,15.0,14.21267,13.453624,11.313708,10.630146,9.433981,8.944272,8.246211,8.0,8.246211,8.944272,9.433981,11.401754,13.453624,15.556349,17.691806,19.104973,20.518285,20.518285,19.104973,15.556349,15.620499,15.620499,17.204651,16.643317,15.811388,15.264338,13.892444,11.661904,9.848858,7.615773,5.385165,4.0,2.828427,4.0,7.28011,10.77033,13.0,17.088007,20.248457,22.135944,23.086793,22.803509,22.561028,20.223748,18.11077,15.033296,7.615773,6.324555,5.09902,3.0,1.0,2.236068,5.09902,7.071068,8.0,10.049876,10.198039,10.198039,10.440307,9.486833,9.486833,7.28011,7.28011,5.09902,4.0,3.162278,3.162278,4.123106,5.830952,8.602325,10.630146,12.727922,16.124515,14.142136,12.041595,11.0,9.219544,8.544004,9.433981,10.816654,12.041595,13.601471,14.422205,16.124515,17.464249,18.027756,19.416488,19.235384,19.104973,18.027756,16.0,13.0,9.219544,7.211103,7.615773,10.0,14.142136,17.262677,8.944272,6.324555,5.09902,5.656854,8.544004,11.401754,14.317821,16.492423,18.027756,18.384776,18.788294,18.35756,16.643317,15.0,13.601471,12.806248,11.401754,10.29563,9.848858,9.486833,10.198039,12.041595,14.035669,15.0,16.124515,17.117243
hoyeon_stand_normal_01,2181,727,72.70397267759563,29.998360745314464,10,0.5641104578971863,0.683591902256012,0.0011405372060835,0.999702215194702,0.5612609386444092,0.6949762105941772,-0.0138005875051021,0.9996950626373292,0.5607513189315796,0.6953673362731934,-0.0138295534998178,0.9997116327285768,0.5604361891746521,0.6957759261131287,-0.0138270445168018,0.9997596144676208,0.5607961416244507,0.694999635219574,0.0107569731771945,0.9995653033256532,0.5599227547645569,0.6952693462371826,0.0107754683122038,0.9994394183158876,0.5591711401939392,0.6955795884132385,0.0107243070378899,0.9995123147964478,0.5553559064865112,0.689954400062561,-0.05392462387681,0.9997735023498536,0.5527983903884888,0.6903675198554993,0.0538191832602024,0.9992167353630066,0.5604738593101501,0.6729984283447266,-0.0113870520144701,0.9996829628944396,0.5602596402168274,0.672732412815094,0.0200083125382661,0.9995527863502502,0.549004852771759,0.6321254968643188,-0.1287284046411514,0.999989688396454,0.5366315245628357,0.6226499676704407,0.1270067542791366,0.9995412230491638,0.5571003556251526,0.5325499176979065,-0.1632173210382461,0.9950372576713562,0.5472840666770935,0.5238729119300842,0.1465930640697479,0.1002796590328216,0.5692635178565979,0.4301063120365143,-0.1432475745677948,0.987285614013672,0.5638922452926636,0.450358122587204,0.1138552278280258,0.0997797176241874,0.5707561373710632,0.3977255523204803,-0.1652381718158722,0.9738773107528688,0.571709930896759,0.4209269285202026,0.12032350897789,0.1120231226086616,0.5727003216743469,0.3945143520832062,-0.1598103493452072,0.9710424542427064,0.5714064836502075,0.4167890548706054,0.0962242633104324,0.1137887760996818,0.5724310278892517,0.4041489064693451,-0.1397506892681121,0.9541592001914978,0.5681362748146057,0.4270232319831848,0.1024788320064544,0.1186215132474899,0.5582314133644104,0.4382199347019195,-0.0708122476935386,0.9981089234352112,0.5465955138206482,0.4368280470371246,0.0707205682992935,0.996135115623474,0.5662498474121094,0.2824363708496094,-0.0595595128834247,0.8356679081916809,0.5531198978424072,0.2828799784183502,0.0706248357892036,0.2847394347190857,0.5623334646224976,0.1141093671321868,-0.0282177273184061,0.8400044441223145,0.5518499612808228,0.1265185624361038,0.1064208894968032,0.3138044476509094,0.5548107028007507,0.0938374176621437,-0.0271025728434324,0.9005497694015503,0.5459259748458862,0.1052763760089874,0.1077243909239769,0.4677217900753021,0.5848448276519775,0.0964752659201622,-0.0745906606316566,0.8320391774177551,0.5733259916305542,0.105560801923275,0.0645281225442886,0.3861962854862213,hoyeon_stand_normal_01,22.022716,21.633308,20.59126,18.788294,15.811388,12.649111,9.486833,5.830952,3.605551,5.0,6.324555,8.944272,11.18034,13.416408,15.652476,17.464249,19.924859,20.615528,20.223748,20.099751,18.0,15.0,11.045361,6.708204,6.708204,11.18034,9.486833,9.486833,8.944272,8.944272,8.602325,9.219544,9.899495,9.219544,10.0,10.0,10.0,10.816654,9.433981,9.433981,9.433981,9.433981,8.944272,8.544004,8.544004,7.28011,7.0,7.28011,8.602325,12.041595,14.866069,17.691806,15.033296,16.0,16.0,16.03122,15.033296,14.142136,13.152946,11.18034,9.219544,7.615773,5.830952,3.605551,4.0,5.830952,7.81025,11.401754,14.422205,17.204651,20.0,22.022716,23.430749,24.083189,23.345235,21.213203,18.439089,15.0,8.062258,7.211103,5.0,2.828427,1.414214,1.414214,4.472136,6.324555,7.615773,9.486833,9.219544,10.198039,9.219544,9.055385,9.055385,8.062258,7.071068,6.082763,4.123106,2.236068,1.0,2.828427,4.472136,7.28011,9.219544,12.041595,16.492423,15.811388,13.601471,12.165525,11.045361,10.049876,10.198039,10.77033,11.7047,13.0,14.866069,16.492423,17.117243,19.026298,19.026298,19.104973,19.416488,18.681542,16.763055,13.601471,11.18034,8.062258,7.81025,10.29563,12.649111,15.524175,10.198039,8.0,6.324555,7.071068,8.544004,11.18034,14.142136,16.278821,18.439089,18.973666,19.313208,18.788294,18.35756,16.643317,15.0,13.601471,12.206556,11.661904,11.18034,10.77033,11.401754,13.341664,14.142136,16.278821,17.262677,17.262677
hoyeon_stand_normal_01,2184,728,72.8039781420765,29.998360745314464,10,0.5641796588897705,0.6835408806800842,0.0011340862838551,0.9997081756591796,0.5613237023353577,0.6949439644813538,-0.0138093279674649,0.9997008442878724,0.560804009437561,0.695339560508728,-0.0138381719589233,0.9997172951698304,0.5604770183563232,0.6957509517669678,-0.0138356424868106,0.9997641444206238,0.5608648657798767,0.6949588060379028,0.0107515100389719,0.9995737671852112,0.559985339641571,0.6952279806137085,0.0107700461521744,0.9994508624076844,0.5592233538627625,0.6955376267433167,0.0107191512361168,0.9995224475860596,0.5553580522537231,0.6899516582489014,-0.0539727732539176,0.9997779130935668,0.5528152585029602,0.6903506517410278,0.0538140274584293,0.999232828617096,0.5604982376098633,0.6729317307472229,-0.0114054093137383,0.999689757823944,0.5602933764457703,0.6726635694503784,0.019995866343379,0.99956214427948,0.5489994883537292,0.6321620941162109,-0.1288714855909347,0.9999898672103882,0.5366361737251282,0.622603714466095,0.1270060390233993,0.9995452761650084,0.557083785533905,0.5325456261634827,-0.1633313298225402,0.9951118230819702,0.547203779220581,0.5236898064613342,0.1466148048639297,0.1002313792705535,0.5693092942237854,0.4301335513591766,-0.1432202607393264,0.9874339699745178,0.5637041926383972,0.4502462744712829,0.1138693392276763,0.0992644354701042,0.5708084106445312,0.3977386951446533,-0.1652143597602844,0.974134624004364,0.5707666277885437,0.4204895198345184,0.1203237324953079,0.1114765852689743,0.5727139115333557,0.3945257365703583,-0.1597643792629242,0.9713308215141296,0.571114718914032,0.4164399802684784,0.0962254256010055,0.1132431551814079,0.5724340677261353,0.4041713178157806,-0.1397164762020111,0.9545648097991944,0.5672969818115234,0.4268406927585602,0.1024919301271438,0.1180395558476448,0.5581912994384766,0.4382185339927673,-0.0709474384784698,0.9981199502944946,0.5466135144233704,0.436809092760086,0.0708566233515739,0.9961537718772888,0.5661078095436096,0.2824606299400329,-0.0596516318619251,0.8381829857826233,0.5531492829322815,0.2829205989837646,0.0706347003579139,0.285604864358902,0.5621266961097717,0.1134025603532791,-0.0282886531203985,0.8422073721885681,0.551793098449707,0.1263805329799652,0.1064610406756401,0.3152654469013214,0.5544224977493286,0.0933035612106323,-0.0271628554910421,0.9008957743644714,0.5458545088768005,0.1051101759076118,0.1077560409903526,0.468577116727829,0.5848280787467957,0.0954874530434608,-0.0748048797249794,0.8341042399406433,0.573256254196167,0.1050858199596405,0.0645122230052948,0.3880567550659179,hoyeon_stand_normal_01,25.0,25.553865,23.706539,21.540659,18.027756,14.56022,10.440307,7.615773,5.656854,5.09902,7.28011,9.486833,11.7047,14.317821,17.088007,18.973666,20.880613,22.36068,22.090722,21.023796,19.026298,16.03122,11.0,7.28011,7.211103,11.18034,10.77033,9.848858,10.29563,10.0,10.0,10.630146,11.401754,11.401754,11.661904,11.661904,11.661904,12.529964,11.661904,11.18034,11.18034,11.18034,11.18034,10.77033,9.486833,9.219544,8.0,8.544004,10.816654,13.453624,16.970563,20.518285,16.124515,17.0,17.464249,17.464249,17.088007,15.811388,14.56022,12.369317,10.198039,8.062258,7.0,4.123106,2.828427,4.0,6.708204,10.0,12.806248,16.401219,19.209373,21.400935,23.021729,22.472205,21.954498,20.124612,17.888544,13.928388,8.246211,7.071068,6.0,4.123106,2.236068,1.414214,3.162278,5.09902,8.0,8.062258,9.219544,9.219544,9.219544,8.246211,7.28011,7.28011,6.082763,5.09902,3.0,2.236068,2.0,3.605551,6.403124,8.485281,10.630146,12.206556,14.779675,14.7744435,13.691006,12.621048,11.964194,11.424429,11.2616765,11.18034,11.2305775,11.048609,10.966797,11.408489,11.0935135,11.943657,12.349457,13.905125,15.2615405,15.9192,16.278821,15.9192,15.5742155,14.8192445,14.546892,15.7004675,15.9686475,16.010859,11.1201145,10.641869,10.502832,11.180792,12.1705395,13.5111265,14.177403,14.535490499999998,13.8519945,13.613369,12.554124,11.894147,11.2816345,11.4594795,10.481672,10.575957,10.7944305,10.700877,10.385165,11.109204,11.531829,12.467239,12.771945,13.8402875,14.142135499999998,14.1861585
hoyeon_stand_normal_01,2187,729,72.90398360655738,29.998360745314464,10,0.564240038394928,0.6835229396820068,0.0009795913938432,0.9997133612632751,0.56138014793396,0.6949334740638733,-0.013992148451507,0.9997058510780334,0.5608514547348022,0.6953296661376953,-0.0140205239877104,0.9997220039367676,0.5605151057243347,0.6957410573959351,-0.0140180382877588,0.9997678399086,0.5609242916107178,0.6949447989463806,0.0105670634657144,0.9995814561843872,0.5600380301475525,0.6952120661735535,0.0105856861919164,0.9994614720344543,0.5592681765556335,0.6955198645591736,0.0105360448360443,0.999532163143158,0.5553617477416992,0.6899474859237671,-0.0542836710810661,0.9997813105583192,0.5528317093849182,0.6903374791145325,0.0535558871924877,0.9992482662200928,0.5605171322822571,0.6728892922401428,-0.0115997530519962,0.9996953010559082,0.5603159666061401,0.6726201176643372,0.0197977218776941,0.9995705485343932,0.5489922165870667,0.6321691870689392,-0.1290960907936096,0.999989926815033,0.5366384983062744,0.6225705146789551,0.1267166584730148,0.9995504021644592,0.5570645928382874,0.5324728488922119,-0.1633690893650055,0.9951541423797609,0.5470290780067444,0.5233597159385681,0.1462459713220596,0.1002332717180252,0.5693651437759399,0.4301372170448303,-0.143088012933731,0.9874622225761414,0.5634245276451111,0.4499609172344208,0.1132395192980766,0.0986845344305038,0.5708949565887451,0.397733211517334,-0.1650841385126114,0.9741764068603516,0.5699668526649475,0.4201382398605346,0.1195650845766067,0.1108741834759712,0.5727345943450928,0.3945217132568359,-0.1595134884119033,0.9713832139968872,0.5692928433418274,0.4159530401229858,0.0955634415149688,0.1126316785812377,0.5724430084228516,0.4041705131530761,-0.1395511925220489,0.9546315670013428,0.5665822625160217,0.4266160726547241,0.1019071415066719,0.1173700764775276,0.5581893920898438,0.4381889998912811,-0.0710607916116714,0.9981387853622437,0.5466147661209106,0.4367479085922241,0.0709711462259292,0.9961884021759032,0.5661048889160156,0.2824719250202179,-0.0597748532891273,0.8407761454582214,0.5531509518623352,0.2829794585704803,0.0707953125238418,0.2867244482040405,0.5620193481445312,0.1130333766341209,-0.0283264722675085,0.8446375131607056,0.5516806244850159,0.1263828128576278,0.1067981049418449,0.3172219097614288,0.554180920124054,0.0930006802082061,-0.0271804556250572,0.9016692042350768,0.5457565784454346,0.1050580665469169,0.1080918312072753,0.4700971245765686,0.5848235487937927,0.0951846092939376,-0.0747842565178871,0.8364464044570923,0.5731049180030823,0.1050368696451187,0.0649719685316085,0.3903052508831024,hoyeon_stand_normal_01,24.351591,25.96151,24.515301,22.090722,19.026298,15.0,11.045361,7.28011,5.0,6.324555,7.0,10.049876,12.165525,15.297059,17.262677,20.099751,22.022716,23.0,23.086793,22.36068,20.615528,16.763055,12.369317,8.0,6.403124,9.486833,9.219544,9.219544,9.055385,9.0,9.055385,9.486833,9.848858,10.29563,10.816654,10.816654,10.816654,10.816654,10.630146,10.630146,10.630146,10.630146,9.899495,9.899495,9.219544,8.062258,7.28011,9.0,10.440307,14.317821,17.0,21.023796,12.165525,11.0,9.486833,8.602325,8.602325,10.77033,13.152946,14.035669,16.0,19.026298,20.024984,21.0,22.0,23.021729,23.021729,21.095023,20.223748,18.248288,14.142136,10.049876,6.324555,5.385165,9.055385,13.601471,17.720045,20.615528,9.219544,11.313708,13.601471,15.264338,16.552945,15.811388,15.297059,13.038405,11.045361,8.246211,5.385165,2.236068,1.414214,3.0,5.09902,8.246211,9.848858,12.083046,13.416408,14.764823,16.124515,17.492856,17.492856,17.0,16.552945,15.231546,15.620499,14.142136,12.041595,11.401754,8.944272,8.246211,8.062258,9.0,11.045361,13.038405,14.0,15.132746,16.278821,17.720045,18.973666,18.788294,18.867962,18.027756,15.811388,12.206556,8.944272,6.082763,6.403124,9.433981,13.0,15.811388,10.0,7.81025,5.830952,6.082763,8.062258,11.401754,14.142136,16.278821,18.439089,18.601075,18.867962,18.35756,16.552945,16.155494,14.866069,13.601471,12.649111,10.77033,9.848858,9.433981,10.630146,12.041595,12.806248,15.0,15.620499,16.401219
hoyeon_stand_normal_01,2190,730,73.00398907103825,29.998360745314464,10,0.56424480676651,0.6835201382637024,0.0009514648700132,0.9997172355651855,0.5613920092582703,0.694929838180542,-0.0140165872871875,0.99970942735672,0.5608621835708618,0.6953257918357849,-0.0140449507161974,0.9997252225875854,0.5605242848396301,0.6957370042800903,-0.0140424277633428,0.9997703433036804,0.5609352588653564,0.6949396133422852,0.0105208698660135,0.9995871186256408,0.5600471496582031,0.6952051520347595,0.010539423674345,0.99946928024292,0.5592755675315857,0.6955116987228394,0.0104898614808917,0.99953955411911,0.5553630590438843,0.6899462938308716,-0.0543049238622188,0.9997835159301758,0.5528331398963928,0.6903322339057922,0.0534303821623325,0.9992596507072448,0.5605183243751526,0.6728830337524414,-0.0116279413923621,0.9996997117996216,0.5603176951408386,0.6726122498512268,0.0197378154844045,0.9995774030685424,0.5489892363548279,0.6321764588356018,-0.1291259080171585,0.9999899864196776,0.5366365313529968,0.6225503087043762,0.1265119165182113,0.9995553493499756,0.5570499897003174,0.5324232578277588,-0.1633588969707489,0.9951561093330384,0.5468588471412659,0.5231580138206482,0.1458081752061844,0.1002600789070129,0.5694224834442139,0.4301319420337677,-0.1425237208604812,0.9874116778373718,0.563288688659668,0.4496925771236419,0.1126452758908271,0.0982340946793556,0.5709837675094604,0.3977119028568268,-0.1643461287021637,0.9740885496139526,0.5697180032730103,0.4197718501091003,0.1189170554280281,0.1104247942566871,0.5727471709251404,0.3944995999336242,-0.1587278693914413,0.9712898135185242,0.5693816542625427,0.4156851172447204,0.0949530452489852,0.1121678873896598,0.5724442005157471,0.4041547179222107,-0.1389624625444412,0.9544945359230042,0.5662662982940674,0.4263454377651214,0.1013211458921432,0.1168808788061142,0.5581871271133423,0.4381760656833648,-0.0711071342229843,0.9981550574302672,0.5466143488883972,0.4367307424545288,0.0710166990756988,0.9962158799171448,0.5661566257476807,0.2824561297893524,-0.0597771629691123,0.8430142998695374,0.5532009601593018,0.2829893827438354,0.0709017813205719,0.2878411114215851,0.5619837641716003,0.1127957552671432,-0.0283302571624517,0.8467222452163696,0.5515817999839783,0.1263895481824875,0.1071536317467689,0.3187086582183838,0.5540751814842224,0.0927730351686477,-0.0271835438907146,0.9020401835441588,0.5456857681274414,0.1050330996513366,0.1084689870476722,0.4710504114627838,0.58482825756073,0.0951480120420456,-0.0747703164815902,0.8382880687713623,0.5730322003364563,0.1050371453166008,0.0653910040855407,0.3920235335826874,hoyeon_stand_normal_01,7.615773,7.0,8.062258,10.630146,12.041595,13.453624,14.866069,14.866069,14.21267,14.21267,12.806248,11.401754,10.0,8.485281,7.81025,5.385165,5.09902,7.211103,10.630146,14.422205,18.027756,22.022716,24.083189,26.172505,26.400758,24.698178,9.433981,10.0,10.816654,11.401754,11.401754,11.401754,10.630146,9.219544,8.485281,7.81025,7.211103,6.708204,5.09902,5.0,6.082763,6.324555,7.211103,8.602325,9.899495,11.313708,13.453624,14.142136,14.142136,14.866069,13.453624,12.041595,11.661904,9.899495,8.602325,8.246211,8.062258,9.848858,12.206556,14.21267,16.278821,18.384776,19.104973,20.518285,21.260292,21.260292,22.022716,20.808652,20.248457,18.027756,14.422205,10.630146,6.708204,6.324555,9.219544,13.601471,17.204651,20.808652,8.062258,11.18034,13.601471,15.231546,16.124515,15.811388,14.866069,13.453624,11.401754,9.433981,6.324555,3.162278,1.0,2.236068,4.472136,6.324555,8.246211,10.198039,12.165525,14.142136,15.297059,15.297059,16.278821,16.278821,15.524175,14.56022,15.524175,14.56022,12.649111,10.77033,9.433981,8.485281,9.219544,10.29563,11.18034,12.529964,14.422205,15.620499,16.278821,18.439089,18.601075,18.867962,18.788294,17.464249,15.231546,13.0,9.433981,7.211103,8.0,10.77033,13.416408,17.492856,9.055385,6.324555,5.0,5.09902,8.062258,10.440307,13.601471,15.524175,17.464249,18.248288,18.11077,17.029386,16.03122,15.132746,13.152946,12.165525,11.18034,10.049876,9.0,10.049876,10.440307,11.7047,13.0,15.231546,16.155494,16.155494
hoyeon_stand_normal_01,2193,731,73.10399453551912,29.998360745314464,10,0.5642785429954529,0.683518648147583,0.0005943645373918,0.9997196197509766,0.5614293217658997,0.6949278712272644,-0.014475142583251,0.9997115135192872,0.5608947277069092,0.6953240633010864,-0.0145035656169056,0.999727427959442,0.5605514645576477,0.6957353949546814,-0.0145015381276607,0.9997719526290894,0.5609819889068604,0.6949372887611389,0.0101356701925396,0.9995900988578796,0.5600956082344055,0.6952029466629028,0.0101548498496413,0.999473750591278,0.559323251247406,0.6955096125602722,0.0101060662418603,0.9995437860488892,0.5553686022758484,0.6899459958076477,-0.0550721287727355,0.9997852444648744,0.5528573393821716,0.6903303861618042,0.053114365786314,0.999266505241394,0.5605322122573853,0.6728789210319519,-0.0120642585679888,0.999703288078308,0.5603389143943787,0.6726089119911194,0.0193987246602773,0.9995825290679932,0.548963725566864,0.6321804523468018,-0.1300201714038849,0.9999901056289672,0.5366388559341431,0.6225494742393494,0.1264484822750091,0.9995594024658204,0.5570412278175354,0.5323511362075806,-0.1639680415391922,0.9951822757720948,0.5468549728393555,0.5230149626731873,0.1458388268947601,0.10019501298666,0.5694549083709717,0.4301291108131408,-0.1426189988851547,0.987425982952118,0.5632129907608032,0.4495188593864441,0.1126940697431564,0.097974881529808,0.5710267424583435,0.3976960778236389,-0.1644496619701385,0.974120557308197,0.5695534944534302,0.419567346572876,0.1189765185117721,0.1101509109139442,0.5727474093437195,0.394478976726532,-0.1588180214166641,0.9713326692581176,0.5694430470466614,0.415560632944107,0.0949915423989296,0.1118980124592781,0.5724428296089172,0.4041409194469452,-0.1390498280525207,0.9545354843139648,0.5660834908485413,0.4262213408946991,0.1013629585504531,0.1165701448917388,0.5581919550895691,0.4381070733070373,-0.0713935866951942,0.9981725215911864,0.5466305017471313,0.4366713166236877,0.0713041871786117,0.9962381720542908,0.566154420375824,0.2824470996856689,-0.0599434971809387,0.8457396626472473,0.5532106757164001,0.2830570042133331,0.0714147537946701,0.2895020544528961,0.5618519186973572,0.1124783232808113,-0.028456874191761,0.849536657333374,0.5514943599700928,0.1264036744832992,0.1081534922122955,0.3211746513843536,0.5537711381912231,0.0924655795097351,-0.0273112244904041,0.9027408957481384,0.5449874997138977,0.1048996821045875,0.1095133796334266,0.4728483259677887,0.5848492383956909,0.0949463844299316,-0.0751526430249214,0.8408480286598206,0.5730335712432861,0.1050192266702652,0.0664932876825332,0.3951506912708282,hoyeon_stand_normal_01,15.6553525,15.2697585,15.1225025,15.5243185,15.1036045,14.482167,13.153775500000002,11.543805,10.502848,10.3115975,10.815644,10.923841,11.404812,11.404812,11.9205315,11.8329005,12.245069,13.1622775,14.7294825,16.4184275,17.546749,18.1816965,17.875951999999998,16.906806,17.1299505,17.7241715,9.271109,9.7683545,10.062306,10.307160499999998,9.8913325,10.199942,10.048767,9.924845,9.4381785,9.5087635,8.762429000000001,8.236754,7.915476,7.6925825,8.1891965,8.147815,8.840095999999999,9.2155525,9.857301,10.6231055,11.1589105,12.2008525,13.002176,14.480871,15.715943500000002,15.8005375,11.661904,9.486833,8.062258,6.324555,7.071068,8.544004,10.440307,13.152946,15.033296,17.029386,18.027756,19.026298,20.099751,21.095023,21.213203,20.396078,18.439089,16.492423,12.369317,9.055385,5.385165,6.082763,10.440307,14.866069,18.973666,21.84033,9.848858,12.083046,14.56022,16.278821,17.029386,17.0,16.124515,14.317821,11.7047,9.848858,5.830952,3.605551,2.236068,5.0,7.071068,9.219544,11.401754,12.806248,14.21267,15.620499,16.401219,17.029386,16.278821,15.556349,14.866069,12.87028,11.045361,12.0,12.0,13.0,13.0,12.0,11.045361,10.049876,9.219544,8.246211,6.324555,5.09902,4.0,3.605551,4.472136,6.324555,9.219544,12.165525,15.297059,18.248288,19.416488,20.880613,20.880613,19.924859,18.027756,15.811388,14.317821,16.552945,17.0,18.35756,17.492856,16.643317,15.264338,13.038405,10.29563,7.615773,6.324555,5.0,4.472136,5.656854,6.403124,7.81025,8.602325,10.0,10.0,11.401754,11.401754,11.401754,11.401754,10.816654,10.29563,10.440307
hoyeon_stand_normal_01,2196,732,73.204,29.998360745314464,10,0.5642915964126587,0.6835165619850159,0.0004223413125146,0.9997220039367676,0.5614458322525024,0.6949260234832764,-0.014694070443511,0.9997135996818542,0.5609104037284851,0.695322573184967,-0.0147225251421332,0.9997296929359436,0.5605657696723938,0.6957337260246277,-0.0147203812375664,0.9997735619544984,0.5610010623931885,0.6949352025985718,0.0099249510094523,0.9995930790901184,0.5601154565811157,0.6952009797096252,0.0099443402141332,0.9994781613349916,0.559342622756958,0.6955077052116394,0.0098959254100918,0.9995476603507996,0.5553719997406006,0.6899429559707642,-0.0553413890302181,0.999786913394928,0.5528689026832581,0.6903266906738281,0.052913948893547,0.999272882938385,0.5605413317680359,0.6728709936141968,-0.012238242663443,0.999706506729126,0.5603495240211487,0.6726009249687195,0.0192342158406972,0.9995868802070618,0.5489524006843567,0.6321858167648315,-0.1303636133670807,0.9999902248382568,0.5366387963294983,0.6225460767745972,0.1264430582523346,0.9995623826980592,0.5570330023765564,0.5323171615600586,-0.1642863601446151,0.9952092170715332,0.5468567609786987,0.5229329466819763,0.1459610164165496,0.1000905632972717,0.5694553852081299,0.430166095495224,-0.1426990926265716,0.9874611496925354,0.5631723403930664,0.4494606554508209,0.1128148511052131,0.0978646427392959,0.57103031873703,0.3977068066596985,-0.164511889219284,0.9741918444633484,0.5694767236709595,0.4194637238979339,0.1191153898835182,0.1100549474358558,0.5727455615997314,0.3944832384586334,-0.158899500966072,0.9714182019233704,0.5694917440414429,0.4155129790306091,0.0951579287648201,0.1118180826306343,0.5724338293075562,0.4041529297828674,-0.139133870601654,0.954646110534668,0.5660085082054138,0.4261906743049621,0.1014876216650009,0.1164539232850074,0.5581945180892944,0.4380832612514496,-0.0716716274619102,0.9981886744499208,0.5466403365135193,0.4366101324558258,0.0715821012854576,0.9962576031684875,0.5661466717720032,0.2824432551860809,-0.0600476078689098,0.8485531210899353,0.5533281564712524,0.2830814123153686,0.071756400167942,0.2918248772621155,0.561738133430481,0.1123754382133483,-0.0286895204335451,0.852540135383606,0.5514678955078125,0.1264965385198593,0.1085211858153343,0.3243945837020874,0.5533469915390015,0.092259295284748,-0.0275744888931512,0.9035595059394836,0.544949471950531,0.1048846021294593,0.109882079064846,0.4749825596809387,0.5849215388298035,0.0948946103453636,-0.0756869986653328,0.8436370491981506,0.5731379985809326,0.1050828248262405,0.0669630244374275,0.3990708589553833,hoyeon_stand_normal_01,24.020824,24.186773,23.537205,20.880613,18.384776,13.928388,10.77033,8.062258,6.082763,6.403124,7.211103,10.29563,12.083046,14.317821,16.552945,18.35756,20.248457,21.400935,21.260292,20.518285,18.439089,15.0,11.313708,7.211103,7.071068,10.29563,10.049876,10.0,10.0,10.049876,10.198039,10.440307,10.77033,11.7047,12.083046,12.083046,11.18034,12.083046,11.18034,10.29563,10.29563,10.816654,10.0,10.0,10.0,9.219544,9.433981,9.486833,11.045361,14.035669,17.117243,20.024984,14.317821,14.866069,15.811388,15.524175,14.56022,13.341664,12.165525,11.045361,9.055385,7.0,5.09902,3.605551,3.162278,5.09902,8.062258,10.816654,14.21267,17.204651,20.0,21.633308,23.021729,22.472205,21.954498,21.023796,18.384776,14.866069,7.81025,6.403124,5.385165,3.162278,1.0,2.236068,4.123106,6.082763,8.0,9.0,10.049876,10.049876,10.198039,9.219544,8.246211,8.246211,7.28011,5.09902,4.0,2.0,1.414214,2.236068,4.242641,6.403124,9.433981,11.18034,16.124515,14.764823,12.529964,11.661904,9.219544,8.485281,8.602325,9.848858,10.77033,13.0,13.928388,14.764823,16.124515,17.804494,19.104973,18.439089,19.416488,18.027756,16.124515,13.892444,10.0,7.81025,7.0,8.944272,12.206556,15.0,10.0,7.81025,5.830952,6.0,7.615773,10.29563,13.038405,15.264338,17.0,17.888544,17.464249,18.027756,16.763055,15.297059,14.142136,13.152946,11.18034,11.18034,10.440307,9.848858,11.18034,11.661904,13.601471,15.0,15.811388,16.643317
hoyeon_stand_normal_01,2199,733,73.30400546448087,29.998360745314464,10,0.5642953515052795,0.6835156679153442,0.0006072341930121,0.999725580215454,0.5614491701126099,0.6949242949485779,-0.0144937988370656,0.999716579914093,0.5609133243560791,0.6953210234642029,-0.0145224519073963,0.999732792377472,0.5605679154396057,0.6957321763038635,-0.0145203443244099,0.999776005744934,0.5610040426254272,0.6949336528778076,0.0100737959146499,0.9995972514152528,0.5601208806037903,0.6951999664306641,0.0100932950153946,0.9994837045669556,0.5593510270118713,0.6955072283744812,0.0100447917357087,0.9995523691177368,0.5553715825080872,0.6899425387382507,-0.0549351684749126,0.9997894167900084,0.5528814196586609,0.6903253793716431,0.0530618876218795,0.9992804527282716,0.5605471134185791,0.6728675365447998,-0.011967048048973,0.9997106790542604,0.5603629350662231,0.6725999712944031,0.0194234382361173,0.999592125415802,0.5489353537559509,0.6322311758995056,-0.1303008943796157,0.9999904036521912,0.5366823077201843,0.6225507259368896,0.1269836872816085,0.9995664358139038,0.5570093989372253,0.5323149561882019,-0.1642029136419296,0.9952599406242372,0.5469115972518921,0.5229148864746094,0.1468332260847091,0.1002927273511886,0.56944739818573,0.430295318365097,-0.1425776183605194,0.987584352493286,0.5631775259971619,0.4493989050388336,0.1140317916870117,0.0979913398623466,0.5710294842720032,0.3977498412132263,-0.1643162369728088,0.9744256138801576,0.5695222616195679,0.4193302392959595,0.1203569024801254,0.1101273670792579,0.572745680809021,0.3945117592811584,-0.1588377952575683,0.9716820120811462,0.5695321559906006,0.4154421985149383,0.0966057404875755,0.1119155809283256,0.5724318623542786,0.4042067527770996,-0.1390428841114044,0.9550305604934692,0.5660578608512878,0.4261438250541687,0.1027631312608718,0.1165274754166603,0.5581629872322083,0.4381420314311981,-0.0719098821282386,0.9982076287269592,0.5466814041137695,0.4366089701652527,0.0718195512890815,0.9962891936302184,0.5661503672599792,0.2824859619140625,-0.060189850628376,0.8511217832565308,0.5535539388656616,0.2831334769725799,0.0717639401555061,0.2936806678771972,0.5616430640220642,0.1122760623693466,-0.0291772074997425,0.8549467921257019,0.5514722466468811,0.1264987587928772,0.1084954440593719,0.3270351886749267,0.5531176328659058,0.0921318754553794,-0.0281166099011898,0.903730034828186,0.5446968674659729,0.1047940105199813,0.1098560839891433,0.4762146174907684,0.5849390029907227,0.0948507264256477,-0.0768745169043541,0.8458862900733948,0.5732167959213257,0.1050832048058509,0.0669129937887191,0.4022582769393921,hoyeon_stand_normal_01,25.059928,24.596748,23.4094,20.880613,17.464249,13.341664,10.440307,6.708204,5.830952,6.082763,8.062258,11.18034,13.341664,15.297059,18.248288,20.099751,21.095023,23.0,23.086793,21.377558,19.416488,15.524175,12.165525,8.246211,8.485281,12.083046,9.219544,9.486833,8.544004,8.944272,8.602325,9.219544,9.899495,10.630146,10.630146,10.816654,10.816654,10.816654,10.816654,10.0,10.29563,9.433981,8.944272,8.944272,8.544004,8.246211,8.0,8.544004,10.816654,14.21267,18.439089,21.400935,11.7836395,9.829925500000002,7.8390155,7.1055515,7.343420500000001,8.8524125,10.793492,12.7841845,15.115773,17.146329,18.7873705,19.8324725,20.4319925,21.317841,21.943105000000003,20.807528,19.679998,17.220744500000002,14.0906155,9.6414195,5.04951,4.081139,8.3570455,13.706967,17.084474,21.059544,8.551303,11.189338,14.011838,15.633644,16.263455999999998,16.401219,16.227352500000002,14.317821,11.7047,8.866522,6.5769155,3.5,2.207107,3.618034,6.267197,8.1872155,10.143903,11.7966265,13.731292,14.8102425,15.790249,16.7726735,16.8174725,16.320709,15.905694,14.317821,11.18034,13.341664,13.341664,13.601471,13.341664,13.341664,13.152946,12.041595,10.049876,9.0,8.0,6.0,5.09902,5.0,5.0,6.324555,10.049876,12.0,15.033296,17.029386,19.026298,21.095023,21.213203,20.223748,18.248288,15.297059,13.038405,15.0,17.029386,17.117243,17.262677,15.297059,14.317821,12.165525,10.049876,8.0,6.082763,5.830952,5.0,5.830952,7.615773,8.246211,9.486833,10.440307,10.77033,11.7047,12.083046,12.083046,11.7047,11.401754,11.18034,11.0
hoyeon_stand_normal_01,2202,734,73.40401092896175,29.998360745314464,10,0.5642987489700317,0.6835092902183533,0.0006601065979339,0.999732792377472,0.5614524483680725,0.6949177980422974,-0.0144149661064147,0.9997234344482422,0.5609157681465149,0.6953150629997253,-0.0144434962421655,0.999739408493042,0.5605688095092773,0.695725679397583,-0.0144414361566305,0.9997814893722534,0.5610073804855347,0.6949289441108704,0.0101244626566767,0.9996071457862854,0.5601234436035156,0.6951969265937805,0.0101438947021961,0.999496579170227,0.5593541264533997,0.6955050230026245,0.0100955367088317,0.9995636343955994,0.5553675889968872,0.6899359226226807,-0.0545679070055484,0.9997947216033936,0.5528848171234131,0.6903201937675476,0.0532128550112247,0.999298930168152,0.5605518221855164,0.6728643178939819,-0.0118300169706344,0.9997187852859496,0.5603717565536499,0.6725977659225464,0.0195092149078845,0.9996030926704408,0.5489294528961182,0.6322368383407593,-0.1301968246698379,0.9999906420707704,0.536747932434082,0.6225346922874451,0.1276671141386032,0.9995734095573424,0.55695641040802,0.5323096513748169,-0.164004772901535,0.9953189492225648,0.5470027327537537,0.522881805896759,0.1473948657512664,0.1011255905032157,0.5694118738174438,0.4303248822689056,-0.142344057559967,0.9877490401268004,0.5632157921791077,0.449141263961792,0.1143656894564628,0.0986062213778495,0.5710001587867737,0.3977668285369873,-0.1640938818454742,0.9747322797775269,0.5695374608039856,0.4189176857471466,0.1206366121768951,0.110653631389141,0.572710394859314,0.3945246934890747,-0.1587331444025039,0.9720270037651062,0.5695995092391968,0.415113627910614,0.0969418585300445,0.1124699562788009,0.5723799467086792,0.4042380452156067,-0.1388405710458755,0.9555307030677797,0.566095232963562,0.4258239865303039,0.1031047627329826,0.1170624047517776,0.5581429600715637,0.4381095767021179,-0.0721224620938301,0.998227059841156,0.5466946959495544,0.4364973902702331,0.0720311552286148,0.9963289499282836,0.5661197900772095,0.2820313572883606,-0.0602812618017196,0.854525625705719,0.553531289100647,0.2825362980365753,0.0717897936701774,0.2976919114589691,0.5615877509117126,0.1117838025093078,-0.0294654574245214,0.858342170715332,0.5514581799507141,0.1263236701488495,0.1084701493382453,0.3314114212989807,0.5530288815498352,0.0916767790913581,-0.0284487642347812,0.9046010971069336,0.5443860292434692,0.1044136062264442,0.1098266094923019,0.4786250293254852,0.5849401354789734,0.0946277156472206,-0.0776924714446067,0.8490789532661438,0.5732184052467346,0.1049842908978462,0.0668689981102943,0.4071058630943298,hoyeon_stand_normal_01,9.055385,8.544004,9.219544,11.401754,13.892444,16.124515,16.643317,17.492856,17.204651,15.811388,15.0,13.601471,12.206556,10.816654,8.944272,6.324555,5.09902,6.403124,9.848858,13.601471,18.681542,22.135944,26.0,26.832816,27.45906,25.612497,8.602325,9.433981,10.816654,11.661904,11.661904,10.816654,10.29563,9.433981,8.544004,7.28011,7.071068,6.0,6.324555,6.708204,6.403124,7.071068,8.062258,10.29563,11.18034,13.0,15.231546,16.155494,17.464249,17.464249,16.552945,14.317821,11.661904,9.899495,8.062258,7.071068,8.246211,9.433981,12.041595,14.21267,16.401219,18.027756,20.0,20.808652,21.400935,22.022716,22.671568,21.931712,19.79899,17.691806,14.142136,10.0,6.324555,5.656854,9.486833,13.341664,17.464249,20.880613,8.246211,10.440307,13.0,14.764823,16.643317,16.278821,15.556349,13.601471,11.661904,8.944272,6.324555,3.0,1.414214,2.236068,4.472136,6.324555,8.544004,10.198039,12.165525,14.142136,15.297059,16.278821,16.278821,16.492423,15.524175,14.866069,15.0,14.0,12.0,11.045361,8.246211,7.615773,8.602325,9.899495,11.313708,12.727922,13.453624,15.0,16.643317,17.0,18.384776,18.681542,18.439089,17.262677,15.132746,12.165525,9.486833,6.403124,7.28011,10.198039,12.649111,16.155494,10.440307,8.246211,6.082763,4.242641,7.28011,10.049876,13.038405,16.124515,17.262677,18.439089,18.681542,18.027756,16.155494,15.652476,13.892444,13.038405,11.661904,10.29563,9.848858,9.219544,10.049876,11.0,13.038405,14.035669,15.033296,16.0
hoyeon_stand_normal_01,2205,735,73.50401639344263,29.998360745314464,10,0.5642982125282288,0.6834079623222351,0.0014571831561625,0.9997379779815674,0.561452329158783,0.6948258876800537,-0.0134871741756796,0.999728262424469,0.5609148144721985,0.6952292919158936,-0.0135158775374293,0.9997439980506896,0.560566246509552,0.6956392526626587,-0.0135134486481547,0.9997852444648744,0.5610088109970093,0.6948325634002686,0.0107764694839715,0.9996146559715272,0.5601252317428589,0.6951060891151428,0.0107955066487193,0.9995060563087464,0.5593556761741638,0.6954137682914734,0.0107460673898458,0.9995718002319336,0.5553644895553589,0.6898843050003052,-0.0530285984277725,0.99979829788208,0.552882194519043,0.6902641654014587,0.0535074658691883,0.9993126392364502,0.5605534315109253,0.6728163361549377,-0.0107875186949968,0.9997235536575316,0.5603741407394409,0.672546923160553,0.0201710406690835,0.9996100664138794,0.5489413738250732,0.6322449445724487,-0.1285844594240188,0.9999907612800598,0.5367477536201477,0.6225312352180481,0.1277977675199508,0.9995771646499634,0.5569495558738708,0.532325029373169,-0.1619391739368438,0.9953307509422302,0.5470022559165955,0.522884726524353,0.1473461240530014,0.1014374867081642,0.5693966150283813,0.4304295480251312,-0.1393966227769851,0.9877840876579284,0.5631371140480042,0.4491311013698578,0.1143807247281074,0.0983047783374786,0.5709927678108215,0.3978418409824371,-0.1607161611318588,0.9748039841651917,0.569504976272583,0.4188560843467712,0.1206593737006187,0.1103153452277183,0.572674036026001,0.3945524990558624,-0.1554952412843704,0.9721017479896544,0.5696189403533936,0.4149680435657501,0.0970329493284225,0.1121155321598053,0.5723111033439636,0.4042719006538391,-0.1358838230371475,0.955666482448578,0.5659740567207336,0.4256982803344726,0.1031426936388015,0.1166799515485763,0.5581332445144653,0.4382050335407257,-0.0719821751117706,0.998235523700714,0.5466517806053162,0.4365008175373077,0.0718881636857986,0.996351957321167,0.566123902797699,0.2819256484508514,-0.0600949265062809,0.8561292290687561,0.5535121560096741,0.2823116481304168,0.0711345672607421,0.3005394637584686,0.5616115927696228,0.1117302626371383,-0.0294615626335144,0.859629213809967,0.5514456033706665,0.1261100172996521,0.1066443845629692,0.3338057398796081,0.5531320571899414,0.0916080176830291,-0.0284435134381055,0.9046248197555542,0.5444762706756592,0.1042361259460449,0.1078763157129287,0.4796333909034729,0.5848916172981262,0.0946405529975891,-0.0776206329464912,0.8503004312515259,0.5729758739471436,0.1049443036317825,0.0648599788546562,0.4089170098304748,hoyeon_stand_normal_01,22.022716,23.345235,21.587033,19.924859,16.155494,13.0,10.77033,7.28011,6.082763,5.0,7.211103,8.944272,10.77033,13.0,15.652476,17.0,18.867962,20.0,19.849433,19.104973,17.691806,14.21267,10.630146,6.708204,6.082763,9.433981,9.219544,9.219544,9.055385,9.0,9.0,9.219544,10.198039,10.440307,10.440307,10.77033,10.77033,10.77033,9.848858,9.848858,9.848858,10.29563,9.433981,9.433981,8.602325,8.485281,8.602325,8.544004,10.049876,13.038405,16.03122,19.026298,14.764823,15.264338,16.643317,15.811388,15.620499,14.21267,13.453624,11.313708,9.899495,7.81025,5.830952,3.162278,2.236068,3.162278,6.082763,9.219544,12.369317,16.492423,18.439089,20.396078,22.36068,22.203603,22.090722,20.024984,18.0,14.035669,8.544004,6.708204,5.0,3.605551,2.0,2.236068,4.123106,6.324555,7.211103,8.602325,9.219544,9.899495,9.219544,9.219544,8.485281,7.071068,6.403124,5.0,3.605551,3.0,2.828427,4.123106,6.0,8.062258,9.486833,11.7047,11.7047,12.083046,12.529964,13.416408,13.416408,13.0,11.7047,11.401754,10.198039,9.219544,7.28011,6.324555,4.472136,4.242641,5.09902,7.0,9.055385,12.165525,15.132746,17.117243,19.104973,21.023796,21.023796,20.0,19.0,16.0,13.152946,15.132746,17.117243,18.027756,18.027756,17.029386,15.033296,13.038405,11.045361,9.0,7.28011,5.830952,5.0,5.385165,6.324555,7.071068,9.055385,9.219544,10.198039,11.18034,11.18034,11.401754,11.18034,11.045361,11.0,11.045361
hoyeon_stand_normal_01,2208,736,73.6040218579235,29.998360745314464,10,0.5643013715744019,0.6831929683685303,0.0015991231193765,0.9997413754463196,0.5614556074142456,0.6946645379066467,-0.0133614344522356,0.9997316002845764,0.560918927192688,0.6950801610946655,-0.0133903035894036,0.9997472763061525,0.5605705380439758,0.6954947710037231,-0.0133881960064172,0.999787986278534,0.5610117316246033,0.694671630859375,0.0108635490760207,0.9996196627616882,0.5601280927658081,0.6949605345726013,0.0108826886862516,0.999512255191803,0.5593574643135071,0.6952776312828064,0.0108334850519895,0.9995772242546082,0.5553655028343201,0.6897997260093689,-0.0528374202549457,0.9998012781143188,0.55287766456604,0.690185010433197,0.0535630658268928,0.9993225336074828,0.560555636882782,0.6726770401000977,-0.0105675859376788,0.9997268319129944,0.5603763461112976,0.6724135875701904,0.0203347634524106,0.9996150135993958,0.548985481262207,0.6322713494300842,-0.1282675713300705,0.999990940093994,0.5367099046707153,0.6225296854972839,0.127997487783432,0.999580144882202,0.5569440722465515,0.532322347164154,-0.1615063101053238,0.9953508973121644,0.5469934940338135,0.5228812098503113,0.147384837269783,0.1010765135288238,0.5693603754043579,0.4304354786872864,-0.1377973854541778,0.9878059029579164,0.5630800127983093,0.4491272568702698,0.1144066527485847,0.0976592674851417,0.5709498524665833,0.3978652358055115,-0.1590484976768493,0.9748497605323792,0.5694597363471985,0.4187984466552734,0.1206757277250289,0.1097170114517211,0.5726458430290222,0.394560307264328,-0.1538082510232925,0.9721492528915404,0.5696436166763306,0.4148987233638763,0.0970463007688522,0.1115297898650169,0.5722787380218506,0.4042773842811584,-0.1342532336711883,0.9557417631149292,0.565947949886322,0.4256223440170288,0.1031666547060012,0.1160643547773361,0.5581541657447815,0.4382010698318481,-0.0719864442944526,0.9982528686523438,0.5465216040611267,0.4364387989044189,0.0718922168016433,0.9963775873184204,0.5663068890571594,0.2813906371593475,-0.0600338168442249,0.85832679271698,0.5534178614616394,0.2817296981811523,0.0711400806903839,0.30423703789711,0.561659574508667,0.1114595159888267,-0.0294944774359464,0.862018346786499,0.5511475801467896,0.1259854733943939,0.1065585166215896,0.3378191590309143,0.5531805157661438,0.0912835747003555,-0.0284896828234195,0.9051308035850524,0.543895423412323,0.1041039004921913,0.1077775135636329,0.4819917678833008,0.5849112272262573,0.0945565178990364,-0.07750254124403,0.8526273965835571,0.5726558566093445,0.1047799885272979,0.0648705437779426,0.4127941429615021,hoyeon_stand_normal_01,8.062258,7.0,8.544004,11.661904,13.601471,15.0,15.811388,16.643317,15.811388,15.264338,13.892444,12.529964,11.661904,9.433981,7.81025,5.830952,5.0,7.211103,11.313708,14.866069,19.104973,23.345235,26.907248,27.802878,28.301943,25.495098,8.944272,10.29563,11.661904,12.529964,12.529964,11.661904,11.661904,10.816654,8.602325,7.81025,7.071068,6.708204,6.324555,6.082763,6.082763,7.28011,7.615773,9.433981,10.816654,12.806248,14.21267,15.620499,16.401219,16.401219,15.811388,12.806248,12.041595,10.630146,8.944272,7.0,6.708204,8.485281,10.29563,13.0,14.866069,16.492423,18.681542,19.646883,20.880613,21.84033,22.135944,21.18962,20.248457,17.464249,14.317821,8.544004,5.0,3.0,7.615773,13.416408,17.888544,21.931712,7.28011,10.77033,13.416408,15.264338,16.401219,16.278821,15.620499,13.601471,11.661904,8.544004,6.082763,4.0,1.414214,2.828427,5.830952,7.615773,9.848858,11.7047,13.601471,15.524175,16.763055,17.720045,18.027756,17.088007,16.552945,15.652476,13.3494065,13.6144375,13.170832,12.5827625,11.5,10.852248,10.928075,10.625306,10.199942,11.0693275,10.7989655,10.7703295,11.3600225,11.7195445,12.245069,13.544278,15.03743,15.555385,15.5622575,16.084946000000002,15.512492,14.8195135,14.5117265,15.2108935,16.117691999999998,16.1394105,11.302916,11.0489635,10.5413815,10.828427,11.8234965,12.7368015,14.142136,14.160208,13.7570625,12.986833,11.741898,11.18034,10.5492035,10.5577265,10.5413815,10.3362695,9.732006,9.9360195,10.018099,10.4841845,10.9210305,11.8855355,12.166643,13.156543,13.584938,13.1394105
hoyeon_stand_normal_01,2211,737,73.70402732240437,29.998360745314464,10,0.5643649697303772,0.6830711364746094,0.001599105540663,0.9997441172599792,0.5615118741989136,0.6945717930793762,-0.0133711034432053,0.9997341632843018,0.5609644651412964,0.6949945092201233,-0.0133999669924378,0.9997498989105223,0.5606046319007874,0.6954119801521301,-0.013397860340774,0.9997903108596802,0.5610611438751221,0.6945887207984924,0.0108602112159132,0.9996234178543092,0.560164749622345,0.6948927044868469,0.0108793517574667,0.9995166659355164,0.559381365776062,0.6952211856842041,0.010830164887011,0.999580979347229,0.5553713440895081,0.6897580623626709,-0.0528770573437213,0.999804139137268,0.5528802871704102,0.6901689767837524,0.0535763911902904,0.9993305802345276,0.5606001019477844,0.6725711822509766,-0.0105578172951936,0.9997296333312988,0.5604206323623657,0.6723329424858093,0.0203620623797178,0.99961918592453,0.5490413904190063,0.6323598027229309,-0.1282945722341537,0.9999911189079284,0.5366625189781189,0.6225727200508118,0.1284651458263397,0.9995826482772828,0.5569141507148743,0.5323299765586853,-0.16156966984272,0.9953919053077698,0.5469762086868286,0.5229465365409851,0.147968515753746,0.100866287946701,0.569307267665863,0.4304395318031311,-0.1378103792667389,0.987882912158966,0.5630804896354675,0.4492240250110626,0.1148605421185493,0.0972234159708023,0.5709370374679565,0.3978732824325561,-0.1591664403676986,0.9749966263771056,0.5694712996482849,0.4188356101512909,0.1211022213101387,0.1093216836452484,0.5726236701011658,0.3945614695549011,-0.153933584690094,0.9723085761070251,0.5696874260902405,0.4149307906627655,0.0973544940352439,0.1111778765916824,0.5722400546073914,0.4042839407920837,-0.1342536509037017,0.9559574723243712,0.5667030215263367,0.4257923662662506,0.1035588532686233,0.1157079935073852,0.5582061409950256,0.4381750524044037,-0.0720945820212364,0.9982749819755554,0.5461456775665283,0.4363009035587311,0.0719999596476554,0.9964122772216796,0.5667413473129272,0.2810069620609283,-0.0600178875029087,0.861050009727478,0.5532529950141907,0.281571626663208,0.0713832378387451,0.3088065087795257,0.5619344115257263,0.111438862979412,-0.0294923260807991,0.8650116920471191,0.5510461330413818,0.1259444653987884,0.1066070646047592,0.3428998291492462,0.5532761812210083,0.0911264792084693,-0.0284861978143453,0.9061222076416016,0.5435785055160522,0.103960134088993,0.1078109964728355,0.48506560921669,0.5850769281387329,0.0941927656531333,-0.0773390457034111,0.8555131554603577,0.5726250410079956,0.1043213531374931,0.065151460468769,0.4176681935787201,hoyeon_stand_normal_01,21.84033,21.377558,21.095023,18.027756,16.03122,12.041595,9.0,6.324555,5.0,5.385165,7.071068,9.0,12.0,14.0,16.03122,18.11077,19.235384,20.615528,20.880613,19.313208,17.888544,14.764823,10.77033,8.062258,7.211103,10.630146,8.0,8.0,8.0,8.062258,7.28011,8.544004,8.944272,9.433981,9.433981,8.602325,8.602325,9.219544,9.219544,8.485281,8.485281,8.485281,8.485281,7.81025,7.81025,6.708204,7.28011,7.0,9.486833,12.083046,14.764823,18.788294,14.142136,14.317821,15.524175,15.524175,14.866069,13.928388,13.0,11.18034,9.433981,7.211103,5.656854,4.472136,3.162278,5.0,7.615773,10.77033,13.601471,16.763055,19.924859,21.18962,22.472205,23.769729,22.847319,21.023796,18.35756,15.264338,8.062258,7.211103,5.656854,3.605551,1.414214,1.414214,3.605551,5.830952,6.708204,8.944272,9.486833,9.486833,9.486833,9.219544,8.246211,8.246211,6.082763,5.09902,4.123106,2.236068,1.0,2.236068,4.123106,6.0,9.0,11.045361,17.262677,15.297059,14.317821,12.369317,10.77033,10.0,10.630146,11.401754,12.041595,13.453624,14.866069,16.970563,18.439089,19.416488,20.59126,20.615528,19.313208,19.924859,17.720045,14.866069,11.18034,8.485281,9.219544,11.045361,14.56022,17.720045,10.049876,7.28011,5.0,5.385165,8.062258,11.18034,14.317821,16.278821,18.248288,19.104973,19.026298,19.026298,18.027756,16.278821,15.297059,14.317821,12.369317,11.18034,11.045361,11.045361,11.18034,12.369317,14.56022,15.811388,17.464249,17.464249
hoyeon_stand_normal_01,2214,738,73.80403278688524,29.998360745314464,10,0.5643678903579712,0.6828514337539673,0.001716363360174,0.9997429251670836,0.5615140795707703,0.6943995356559753,-0.0132721690461039,0.9997326731681824,0.5609668493270874,0.6948190927505493,-0.0133006721735,0.9997485280036926,0.5606083273887634,0.6952259540557861,-0.0132978158071637,0.999789297580719,0.5610626935958862,0.6944507956504822,0.0109562901780009,0.9996209740638732,0.5601635575294495,0.6947770714759827,0.0109753478318452,0.9995127320289612,0.5593762993812561,0.6951221823692322,0.0109258452430367,0.9995770454406738,0.5553763508796692,0.6896215081214905,-0.0528575330972671,0.9998033046722412,0.5528687238693237,0.6901348233222961,0.0536007843911647,0.9993254542350768,0.5606042742729187,0.6723564863204956,-0.0104601336643099,0.9997274875640868,0.5604230761528015,0.6721671223640442,0.0204594507813453,0.9996169805526732,0.5491289496421814,0.6323665976524353,-0.1283080726861953,0.9999911785125732,0.536533772945404,0.6225987076759338,0.1285264045000076,0.9995819330215454,0.5569095611572266,0.5323247313499451,-0.1616520434617996,0.9954107403755188,0.5469516515731812,0.5230634212493896,0.1483559310436248,0.1008455753326416,0.5692917108535767,0.4304407835006714,-0.1380335539579391,0.9879552125930786,0.56309574842453,0.4496932327747345,0.1156931594014167,0.0971664264798164,0.5709336400032043,0.3978742361068725,-0.1594414412975311,0.975132703781128,0.5704911351203918,0.4205016791820526,0.1221943572163581,0.1093717142939567,0.5726163983345032,0.3945612013339996,-0.1541826575994491,0.972458004951477,0.569805383682251,0.4152025282382965,0.0981337651610374,0.1112453937530517,0.5722197890281677,0.4042852818965912,-0.1344750225543975,0.9561565518379213,0.5672773122787476,0.4262657463550567,0.104311965405941,0.1157779470086097,0.5582132935523987,0.4381838142871856,-0.072094514966011,0.998289942741394,0.5458338856697083,0.4362954497337341,0.0719998329877853,0.9964411854743958,0.5667333602905273,0.2812075316905975,-0.0599734783172607,0.8626574873924255,0.5530921816825867,0.2817909121513366,0.0714810639619827,0.3119936287403106,0.5620880126953125,0.1117354333400726,-0.029324097558856,0.8668439388275146,0.5510369539260864,0.1259494572877884,0.1066148951649665,0.3467126488685608,0.5537760853767395,0.0914074778556823,-0.0282669458538293,0.9073770046234132,0.5437749624252319,0.1041566282510757,0.1078179776668548,0.487599104642868,0.5850803256034851,0.0941942855715751,-0.0755340605974197,0.857337474822998,0.5726144909858704,0.1041880846023559,0.0653755664825439,0.4209204614162445,hoyeon_stand_normal_01,24.020824,24.020824,23.194827,21.587033,17.720045,13.601471,10.440307,7.071068,6.324555,5.656854,7.211103,9.486833,11.401754,13.601471,15.811388,18.027756,20.615528,21.470911,21.095023,20.808652,18.439089,14.866069,12.041595,7.615773,6.324555,10.0,9.055385,9.055385,9.055385,9.0,9.055385,9.219544,10.440307,10.77033,10.77033,11.18034,11.18034,11.18034,10.29563,10.29563,10.29563,10.816654,10.0,10.0,10.0,9.219544,8.062258,8.246211,11.0,13.038405,17.262677,20.223748,11.0,9.219544,8.062258,6.403124,7.28011,9.0,11.401754,13.928388,15.231546,17.464249,18.788294,20.615528,21.540659,22.472205,22.472205,22.135944,19.924859,18.681542,14.56022,9.848858,5.656854,5.09902,9.219544,13.453624,17.691806,21.213203,7.81025,10.816654,13.892444,16.155494,16.763055,17.262677,16.03122,14.0,12.041595,9.219544,6.708204,4.472136,1.414214,2.236068,4.0,6.324555,8.544004,9.848858,12.083046,13.416408,14.317821,15.652476,15.231546,15.231546,14.866069,14.317821,15.132746,14.142136,12.165525,10.440307,9.486833,9.433981,9.219544,10.630146,12.041595,12.727922,14.21267,15.811388,16.643317,17.888544,18.384776,18.681542,19.235384,17.262677,15.132746,13.152946,10.440307,7.81025,8.544004,11.045361,14.035669,17.262677,9.219544,7.28011,5.0,5.385165,7.071068,9.486833,12.649111,14.866069,16.492423,17.262677,17.117243,17.0,16.03122,15.132746,13.152946,12.165525,11.18034,10.049876,9.055385,10.0,10.049876,11.18034,12.369317,14.317821,15.297059,15.297059
hoyeon_stand_normal_01,2217,739,73.90403825136612,29.998360745314464,10,0.5643849968910217,0.6825016140937805,0.0019395239651203,0.9997433423995972,0.5615305304527283,0.694150447845459,-0.0130832036957144,0.9997330904006958,0.5609782338142395,0.6945802569389343,-0.0131111685186624,0.9997490048408508,0.5606139302253723,0.6949944496154785,-0.0131077077239751,0.9997896552085876,0.5610828399658203,0.6942294239997864,0.0111665530130267,0.9996211528778076,0.5601833462715149,0.6945847868919373,0.0111855855211615,0.9995123744010924,0.5593938827514648,0.6949582695960999,0.011135914362967,0.9995763897895812,0.555372953414917,0.6894647479057312,-0.0528151765465736,0.9998039603233336,0.5528713464736938,0.6900694370269775,0.0537214875221252,0.9993258714675904,0.5606168508529663,0.67207270860672,-0.0102923922240734,0.9997273087501526,0.5604397058486938,0.6719279289245605,0.0206593498587608,0.9996168613433838,0.5491564869880676,0.6323971152305603,-0.1283182650804519,0.9999912977218628,0.5363847613334656,0.6226160526275635,0.1286836713552475,0.9995828866958618,0.5569064617156982,0.5323226451873779,-0.1617414206266403,0.9954466223716736,0.5469488501548767,0.5231673121452332,0.1488299518823623,0.1009989008307457,0.569274365901947,0.4304573237895965,-0.138139396905899,0.9880190491676332,0.5631476640701294,0.4499101936817169,0.1163772344589233,0.0970362797379493,0.5709274411201477,0.3978907465934753,-0.1595509201288223,0.9752491116523744,0.5711777210235596,0.4211179316043854,0.1229999512434005,0.1092606410384178,0.5725952982902527,0.3945677578449249,-0.1542861610651016,0.9725884795188904,0.5699175000190735,0.415276288986206,0.0988913774490356,0.1111661419272422,0.5721779465675354,0.404300719499588,-0.1345874667167663,0.9563262462615968,0.5676775574684143,0.4264427125453949,0.104987047612667,0.1157022640109062,0.5581713914871216,0.4382903575897217,-0.0721573010087013,0.9983072280883788,0.5455129742622375,0.4363009333610534,0.0720624774694442,0.9964752197265624,0.5667285919189453,0.281270831823349,-0.0600841641426086,0.8639872074127197,0.5530540347099304,0.2819162905216217,0.0715065896511077,0.3130797445774078,0.5621839165687561,0.1118480786681175,-0.029440538957715,0.8682081699371338,0.5510519742965698,0.1259503811597824,0.1066125780344009,0.3487206697463989,0.5537710189819336,0.0914625748991966,-0.0283540412783622,0.9080276489257812,0.5438980460166931,0.104219913482666,0.1078151613473892,0.4886249601840973,0.5850852131843567,0.0941956862807273,-0.0754249095916748,0.8587870597839355,0.5726140737533569,0.1041742414236068,0.0653759092092514,0.4226315915584564,hoyeon_stand_normal_01,8.062258,8.062258,9.848858,12.206556,14.21267,17.029386,17.804494,17.804494,17.804494,16.401219,15.811388,14.422205,12.806248,10.630146,8.485281,7.211103,5.0,7.211103,10.0,14.422205,18.867962,23.853721,26.400758,28.319605,29.0,26.400758,8.944272,9.848858,11.18034,11.661904,11.661904,11.661904,10.816654,9.433981,9.219544,8.485281,6.403124,6.708204,6.082763,6.0,6.324555,7.615773,8.602325,10.0,12.041595,14.142136,15.556349,17.691806,17.691806,17.029386,17.029386,14.21267,14.317821,14.866069,15.811388,15.524175,15.524175,14.317821,13.152946,12.041595,10.049876,8.0,6.082763,3.162278,3.162278,4.472136,7.211103,9.899495,13.453624,16.970563,19.79899,21.931712,23.345235,23.430749,22.803509,20.808652,18.867962,15.264338,8.062258,6.708204,5.09902,3.0,1.414214,2.236068,4.472136,6.324555,8.062258,9.055385,10.0,10.0,10.049876,9.055385,9.055385,8.062258,7.071068,6.0,4.123106,3.162278,2.236068,3.162278,5.0,7.81025,9.433981,11.661904,11.401754,12.649111,12.649111,12.649111,12.649111,13.601471,12.369317,11.18034,9.219544,8.062258,7.071068,5.385165,4.472136,5.0,6.324555,8.062258,11.045361,13.0,16.0,18.0,20.024984,22.090722,22.203603,21.213203,19.235384,16.124515,12.0,14.0,16.124515,16.124515,16.278821,15.297059,13.341664,11.401754,10.198039,7.071068,5.09902,4.472136,4.242641,4.472136,6.324555,7.28011,8.246211,9.219544,9.486833,10.440307,10.77033,10.440307,10.440307,10.198039,10.049876,10.0
hoyeon_stand_normal_01,2220,740,74.00404371584699,29.998360745314464,10,0.5643631815910339,0.6824051737785339,0.0024568848311901,0.9997445940971376,0.5615128874778748,0.6940912008285522,-0.012628773227334,0.9997336864471436,0.5609647631645203,0.6945197582244873,-0.0126563971862196,0.9997496604919434,0.5606030225753784,0.6949338316917419,-0.0126520721241831,0.9997901320457458,0.5610636472702026,0.6941853761672974,0.0116111990064382,0.9996221661567688,0.5601693987846375,0.6945504546165466,0.0116298217326402,0.9995131492614746,0.5593847036361694,0.6949349045753479,0.0115788131952285,0.9995770454406738,0.5553691983222961,0.689417839050293,-0.0525531135499477,0.9998043775558472,0.5528649687767029,0.6900634169578552,0.0539433360099792,0.9993281960487366,0.5606182217597961,0.6720194220542908,-0.0098163597285747,0.9997271299362184,0.5604397654533386,0.6718853712081909,0.0211196579039096,0.999617636203766,0.5491828918457031,0.6324337124824524,-0.1282030194997787,0.9999913573265076,0.5362953543663025,0.6226320862770081,0.1288981884717941,0.9995858073234558,0.5569362640380859,0.5323213338851929,-0.1617359966039657,0.9954390525817872,0.5469496250152588,0.5231842398643494,0.1490871459245681,0.101347379386425,0.5692729949951172,0.4304795861244201,-0.1380407661199569,0.9879614114761353,0.563213586807251,0.4499179720878601,0.1169954761862754,0.0970764309167862,0.570929229259491,0.3978964686393738,-0.159418836236,0.975162923336029,0.5715563893318176,0.4210868179798126,0.1236781328916549,0.1093019023537635,0.5725928544998169,0.394568920135498,-0.1542675048112869,0.9724953770637512,0.5699625611305237,0.4153167307376861,0.0996222794055938,0.1112358719110488,0.5721612572669983,0.4043057858943939,-0.1345260143280029,0.9561829566955566,0.5678962469100952,0.426525741815567,0.1056336313486099,0.1157666444778442,0.5581718683242798,0.4382921755313873,-0.0722192376852035,0.9983252286911012,0.5453202724456787,0.4362981617450714,0.0721227824687957,0.996519923210144,0.5667244791984558,0.2812170386314392,-0.0601011998951435,0.865922749042511,0.5530451536178589,0.28187295794487,0.0715375989675521,0.3161505162715912,0.562249481678009,0.111814297735691,-0.0294837485998868,0.8703684210777283,0.5510717034339905,0.1258897334337234,0.1066198199987411,0.3531220853328705,0.5538097620010376,0.091457299888134,-0.0283945016562938,0.9090389013290404,0.5441439747810364,0.1035005673766136,0.1078215837478637,0.4912554323673248,0.5850902795791626,0.0938425883650779,-0.0753961503505706,0.8609786629676819,0.5726150870323181,0.1036648079752922,0.0653761103749275,0.4266698956489563,hoyeon_stand_normal_01,9.272002,8.0282305,10.0234485,12.1769055,14.4390205,16.3239585,17.276128,16.925531,16.763055,15.811388,14.7131445,13.125291,11.553227,9.842436,8.062258,5.8698085,6.2429435,7.4479415,11.18034,15.6944265,20.2361025,23.766004,27.2070885,29.096318,28.5464635,26.857189,9.924845,11.119817,12.316982,12.8095745,12.316982,12.316982,11.6109675,10.681792,9.815073,9.0,7.566663,7.626104,6.946605,6.828427,6.946605,7.930992,9.0475345,9.757587,12.041883,13.730305,15.422342,17.0761355,17.0761355,17.0761355,16.312801,13.730305,11.0,9.219544,8.062258,7.81025,7.28011,9.0,11.401754,13.601471,15.811388,17.464249,19.313208,20.615528,21.18962,22.135944,22.135944,21.84033,20.615528,18.439089,14.317821,10.440307,6.403124,5.0,9.433981,13.453624,17.691806,20.615528,8.485281,11.401754,14.422205,15.652476,16.155494,16.763055,16.278821,15.033296,12.041595,9.055385,6.324555,4.472136,1.414214,2.236068,4.0,6.082763,7.28011,9.486833,11.7047,13.0,14.317821,15.231546,15.231546,15.811388,14.866069,14.317821,11.401754,12.165525,13.152946,13.341664,13.152946,13.152946,12.369317,10.77033,9.486833,8.544004,6.324555,5.09902,5.0,4.472136,5.656854,7.211103,10.29563,13.416408,16.124515,18.35756,21.095023,22.472205,22.203603,21.633308,18.601075,16.401219,13.038405,14.422205,15.811388,16.401219,17.029386,15.556349,14.142136,12.041595,9.899495,7.81025,5.830952,4.123106,4.123106,5.0,6.403124,7.071068,8.485281,9.219544,9.899495,10.630146,10.630146,10.630146,9.899495,10.630146,10.816654,10.29563
hoyeon_stand_normal_01,2223,741,74.10404918032786,29.998360745314464,10,0.5644044876098633,0.6823964715003967,0.0026435884647071,0.9997472167015076,0.5615420937538147,0.6940826177597046,-0.0124602410942316,0.999736189842224,0.5609911680221558,0.6945101022720337,-0.0124877085909247,0.9997521042823792,0.560623288154602,0.6949231028556824,-0.0124834170565009,0.999792218208313,0.5611029267311096,0.694181501865387,0.0118273291736841,0.9996258616447448,0.560215413570404,0.6945457458496094,0.0118457209318876,0.999517560005188,0.559433102607727,0.6949300765991211,0.0117948735132813,0.9995810389518738,0.5553697347640991,0.6893967986106873,-0.0524155423045158,0.9998067021369934,0.5528873801231384,0.6900656223297119,0.0543371513485908,0.9993358254432678,0.5606820583343506,0.6720036864280701,-0.009629757143557,0.9997296333312988,0.560508131980896,0.6718682646751404,0.0213786885142326,0.999621331691742,0.5491980314254761,0.632440984249115,-0.1282078921794891,0.999991536140442,0.5361728668212891,0.6226263642311096,0.1297818571329116,0.999589741230011,0.5569702386856079,0.5323089957237244,-0.1617722362279892,0.9954635500907898,0.54695063829422,0.5231582522392273,0.1501547992229461,0.1016854643821716,0.5692712068557739,0.4305442273616791,-0.138136476278305,0.9880014657974244,0.5634084939956665,0.4498489201068878,0.1177333891391754,0.0972979143261909,0.5709277391433716,0.3979241251945495,-0.1595442742109298,0.9752444624900818,0.5720500349998474,0.4209403097629547,0.124368742108345,0.1095251217484474,0.5725908875465393,0.3945773243904114,-0.1543695032596588,0.9725833535194396,0.5701566338539124,0.4153169393539428,0.1002318859100341,0.1114969849586486,0.5721540451049805,0.4043225646018982,-0.1346189677715301,0.9562925696372986,0.5682247281074524,0.4265278875827789,0.1063133478164672,0.1160586550831794,0.5581744909286499,0.4381962120532989,-0.072497621178627,0.9983373880386353,0.5449965596199036,0.4360484480857849,0.0723998323082923,0.9965441226959229,0.5668631196022034,0.280682623386383,-0.0602714642882347,0.8673299551010132,0.5530096888542175,0.281349778175354,0.0717863142490387,0.3170977830886841,0.5622421503067017,0.1114392429590225,-0.0297492928802967,0.8716053366661072,0.5510717034339905,0.125271201133728,0.1068099066615104,0.3539904952049255,0.5537789463996887,0.0913164690136909,-0.0286851115524768,0.9091307520866394,0.544035017490387,0.1027294546365737,0.1080086156725883,0.4912927150726318,0.5850948691368103,0.0917336791753768,-0.0758760869503021,0.862122654914856,0.5726205110549927,0.103255808353424,0.0654976293444633,0.427754133939743,hoyeon_stand_normal_01,9.219544,9.219544,11.661904,14.21267,16.278821,18.384776,19.104973,19.104973,18.439089,17.804494,16.401219,14.422205,12.806248,10.630146,9.219544,6.708204,6.082763,8.602325,12.041595,16.401219,20.615528,24.839485,27.586228,29.068884,28.84441,27.294688,10.0,11.401754,12.206556,12.206556,12.806248,12.206556,11.661904,10.816654,8.944272,8.544004,7.28011,7.0,7.071068,7.28011,7.211103,7.81025,9.219544,11.401754,13.601471,14.422205,16.643317,18.027756,18.601075,17.804494,16.401219,15.0,13.453624,15.0,15.811388,16.643317,15.264338,14.764823,13.0,12.083046,10.440307,8.246211,6.082763,4.123106,2.828427,5.0,7.28011,9.848858,13.416408,17.0,19.235384,21.470911,23.259407,23.259407,22.847319,21.18962,18.681542,15.297059,9.055385,8.062258,6.324555,4.472136,1.414214,1.0,3.162278,5.385165,6.708204,8.602325,9.219544,9.219544,9.219544,8.485281,7.81025,7.071068,6.403124,4.242641,2.828427,1.414214,1.0,2.236068,4.472136,7.211103,9.219544,12.041595,11.18034,12.369317,13.341664,13.341664,13.341664,13.152946,12.041595,11.045361,9.0,8.0,7.071068,5.09902,4.472136,5.0,6.324555,8.246211,11.18034,13.152946,16.278821,18.248288,20.396078,21.587033,21.84033,20.880613,18.973666,15.811388,12.0,13.0,15.033296,15.132746,15.297059,15.132746,13.341664,11.18034,9.219544,8.062258,6.082763,4.472136,4.242641,4.472136,5.385165,7.28011,7.28011,8.544004,9.486833,9.848858,10.77033,10.77033,10.440307,10.440307,11.18034,10.0
hoyeon_stand_normal_01,2226,742,74.20405464480874,29.998360745314464,10,0.5644257068634033,0.6823170781135559,0.002623000415042,0.999750316143036,0.5615647435188293,0.6940203905105591,-0.0125078670680522,0.9997391700744628,0.5610085129737854,0.6944529414176941,-0.0125353317707777,0.999755084514618,0.5606333613395691,0.6948696970939636,-0.0125309498980641,0.9997946619987488,0.5611396431922913,0.6941262483596802,0.0118208257481455,0.9996300339698792,0.560258686542511,0.6945049166679382,0.0118392081931233,0.9995229840278624,0.5594785213470459,0.694902777671814,0.0117884138599038,0.9995856881141664,0.5553596615791321,0.689367413520813,-0.0525633729994297,0.999809205532074,0.5528939366340637,0.6900618672370911,0.0543797016143798,0.9993438124656676,0.5607016682624817,0.6719127297401428,-0.0096739269793033,0.9997333288192748,0.5605317950248718,0.6717650890350342,0.0213693678379058,0.9996259212493896,0.5491945743560791,0.6324487328529358,-0.1285770535469055,0.9999916553497314,0.5360473990440369,0.6225872039794922,0.1300067752599716,0.999593198299408,0.5569669604301453,0.5322893261909485,-0.1622242480516433,0.9954937696456908,0.5469555258750916,0.5230738520622253,0.1506520956754684,0.1021242216229438,0.5692667365074158,0.4305793344974518,-0.1384384781122207,0.9880658984184264,0.5635462403297424,0.4496935307979584,0.1179962158203125,0.097823679447174,0.5709262490272522,0.397930771112442,-0.1599511206150055,0.9753587245941162,0.5723957419395447,0.4206894040107727,0.1245948746800422,0.1100350171327591,0.5725887417793274,0.3945783078670501,-0.1548781543970108,0.9727104902267456,0.5703281164169312,0.4152984023094177,0.1004204526543617,0.1120559349656105,0.5721515417098999,0.404328852891922,-0.1349485367536544,0.9564549922943116,0.5684583783149719,0.4265207946300506,0.1065392941236496,0.1166328564286232,0.5581503510475159,0.437849760055542,-0.0727236419916153,0.998342990875244,0.5449923276901245,0.4355776607990265,0.0726250857114791,0.996548354625702,0.5668666362762451,0.2800997793674469,-0.0603139251470565,0.8687306642532349,0.5530110597610474,0.280906468629837,0.0721342489123344,0.3187891542911529,0.5622266530990601,0.1108059585094451,-0.0299151241779327,0.8731658458709717,0.5511122345924377,0.1248443871736526,0.1073764115571975,0.3556955456733703,0.5537627935409546,0.0910300612449646,-0.0289164446294307,0.9094089269638062,0.5442271828651428,0.1023801192641258,0.1085866391658783,0.4919584989547729,0.5850851535797119,0.0901511013507843,-0.0769363567233085,0.8635727763175964,0.5726386904716492,0.102813221514225,0.0658427998423576,0.430082768201828,hoyeon_stand_normal_01,8.944272,9.055385,9.219544,11.18034,13.416408,14.764823,15.652476,15.231546,15.231546,13.928388,13.601471,11.7047,10.440307,8.544004,7.211103,5.656854,5.09902,6.324555,8.944272,13.038405,16.643317,20.248457,22.36068,23.769729,24.041631,22.36068,8.602325,10.0,10.0,11.401754,11.401754,10.0,10.0,9.433981,8.944272,7.615773,7.28011,7.071068,7.0,7.071068,7.28011,8.062258,8.602325,10.0,10.630146,12.727922,14.142136,15.556349,16.278821,16.278821,14.866069,12.806248,12.90202,12.441077,12.5276925,12.1387155,11.8178105,12.516648,12.407425,12.554364,12.515466,12.3721795,12.516024,11.85452,11.920165,13.664717,14.841653999999998,15.6947585,17.4666745,17.6706195,17.464631,16.4004935,14.8532695,15.0088625,16.0108645,18.1728695,18.6600715,18.357761,7.936254,9.128232,9.4346785,9.147512,8.7462115,9.195781,9.9475585,10.5652045,9.5087635,9.353188500000002,8.014495499999999,7.1605725,5.732044999999999,6.142971999999999,7.0276925,7.566663,8.145306000000001,8.4497085,8.7552705,8.3604355,8.632169000000001,10.124434,10.8216585,11.7135805,12.553666,13.1339115,13.038405,13.892444,14.764823,14.764823,14.317821,13.892444,13.038405,12.206556,11.401754,9.219544,7.81025,7.211103,5.385165,5.0,6.324555,8.062258,10.0,13.453624,15.620499,18.439089,20.615528,21.400935,21.400935,20.248457,18.867962,16.124515,12.806248,14.21267,16.278821,16.970563,16.278821,15.620499,13.453624,12.041595,9.899495,7.81025,5.830952,5.09902,5.09902,6.324555,7.211103,8.062258,9.433981,10.29563,10.816654,11.661904,11.661904,11.661904,11.661904,12.206556,11.401754,11.313708
hoyeon_stand_normal_01,2229,743,74.30406010928962,29.998360745314464,10,0.5644940137863159,0.6822519898414612,0.002618248341605,0.9997537732124328,0.561610996723175,0.6939760446548462,-0.012537470087409,0.9997427463531494,0.5610472559928894,0.6944157481193542,-0.012565080076456,0.9997586011886596,0.5606614351272583,0.694838285446167,-0.0125608304515481,0.9997975826263428,0.5612022280693054,0.6940862536430359,0.0118132252246141,0.9996348023414612,0.5603272914886475,0.694476306438446,0.0118316207081079,0.999529242515564,0.5595486164093018,0.6948842406272888,0.0117808571085333,0.9995911717414856,0.5553572177886963,0.6893613934516907,-0.0527348332107067,0.9998119473457336,0.5529124140739441,0.6900589466094971,0.0544937066733837,0.9993520379066468,0.5607523322105408,0.6718267798423767,-0.009708946570754,0.9997366666793824,0.5605918765068054,0.6716774702072144,0.0213618855923414,0.9996299743652344,0.5491816997528076,0.6324664354324341,-0.1286567896604538,0.9999917149543762,0.536039412021637,0.6225551962852478,0.1300413906574249,0.9995949268341064,0.5568927526473999,0.5322875380516052,-0.1623497605323791,0.995516836643219,0.5469661951065063,0.5230132937431335,0.1507213413715362,0.1022407189011573,0.569258451461792,0.4306008815765381,-0.1384720057249069,0.988109529018402,0.5635581612586975,0.4496681690216064,0.1179214864969253,0.0983295068144798,0.5709161758422852,0.3979328572750091,-0.1599886864423751,0.97542405128479,0.5724583864212036,0.4205814599990845,0.1245192438364029,0.1105595827102661,0.5725804567337036,0.3945803046226501,-0.1548948585987091,0.9727827906608582,0.5703659653663635,0.4152985215187073,0.1003702580928802,0.1126368716359138,0.5721474289894104,0.4043335020542145,-0.1349718123674392,0.9565523266792296,0.5685292482376099,0.4265501201152801,0.1064716577529907,0.1172159910202026,0.5581524968147278,0.4375948011875152,-0.0727705582976341,0.998347282409668,0.5450528264045715,0.4354130923748016,0.0726727768778801,0.9965554475784302,0.5668644309043884,0.2798364758491516,-0.0603200644254684,0.8701090216636658,0.5530045032501221,0.2808070778846741,0.0722896084189415,0.3213360607624054,0.5622245073318481,0.1107749640941619,-0.0299111250787973,0.8746547698974609,0.5510739088058472,0.1248530894517898,0.1075782775878906,0.3585270047187805,0.5537643432617188,0.0910281240940094,-0.0289142709225416,0.909825563430786,0.5440081357955933,0.1027082800865173,0.1087967678904533,0.493825227022171,0.5849987864494324,0.0902310460805893,-0.0769459083676338,0.8649618029594421,0.5725783705711365,0.1027209460735321,0.0660130158066749,0.4331677854061126,hoyeon_stand_normal_01,25.612497,25.455844,23.430749,20.808652,17.492856,13.892444,10.0,7.81025,6.324555,7.0,9.219544,10.77033,13.0,15.231546,17.088007,18.973666,20.615528,22.36068,22.203603,21.023796,19.0,16.0,12.0,8.544004,7.81025,11.7047,9.433981,9.848858,9.848858,9.486833,10.198039,10.198039,11.045361,11.045361,12.041595,12.041595,12.041595,12.041595,11.0,11.0,11.0,10.049876,10.049876,10.049876,10.198039,9.486833,8.944272,9.899495,12.206556,15.264338,18.35756,21.954498,14.0,15.0,15.033296,15.132746,15.297059,14.317821,12.369317,11.401754,9.486833,7.615773,5.830952,3.605551,2.236068,3.605551,7.615773,10.440307,13.601471,16.763055,19.646883,22.135944,23.4094,23.769729,22.847319,21.470911,19.235384,15.264338,7.81025,7.211103,5.0,3.162278,1.0,2.236068,4.242641,5.830952,7.615773,8.544004,9.486833,10.198039,10.198039,9.055385,8.062258,8.062258,7.071068,6.082763,4.123106,2.828427,2.0,2.828427,5.385165,7.615773,9.219544,11.18034,11.661904,12.206556,12.806248,13.601471,13.601471,12.206556,11.661904,10.29563,9.848858,7.615773,6.324555,4.472136,4.242641,4.123106,5.0,7.28011,10.440307,12.649111,15.811388,17.720045,19.646883,20.615528,20.396078,20.396078,18.11077,15.132746,13.0,14.866069,15.811388,16.763055,16.492423,16.278821,14.142136,12.165525,10.198039,8.246211,6.708204,5.0,4.472136,5.09902,6.0,7.0,8.0,9.0,9.0,10.0,10.0,11.0,10.0,10.049876,10.198039,10.440307
hoyeon_stand_normal_01,2232,744,74.4040655737705,29.998360745314464,10,0.5648335218429565,0.6821277141571045,0.0020756786689162,0.999758243560791,0.561863362789154,0.6938721537590027,-0.0131409978494048,0.9997479319572448,0.5612434148788452,0.6943251490592957,-0.0131690073758363,0.9997633695602416,0.5607969164848328,0.6947606801986694,-0.0131661426275968,0.999801754951477,0.5615547299385071,0.6940017342567444,0.011368584819138,0.9996421337127686,0.5607008337974548,0.6944161057472229,0.0113873137161135,0.9995385408401488,0.5599242448806763,0.6948454976081848,0.0113385850563645,0.9995996356010436,0.5553561449050903,0.689337968826294,-0.0533900037407875,0.9998160004615784,0.5530632138252258,0.6900560855865479,0.0544267147779464,0.9993658661842346,0.560908317565918,0.6716159582138062,-0.0102728670462965,0.9997419714927672,0.5608159899711609,0.6715019941329956,0.0210196357220411,0.9996371269226074,0.5491355061531067,0.6324452757835388,-0.12869793176651,0.999991774559021,0.5360382199287415,0.622548520565033,0.1299058347940445,0.9995981454849244,0.5568381547927856,0.5320711731910706,-0.1623610109090805,0.9955371022224426,0.5469722151756287,0.522914469242096,0.1503091901540756,0.1025226414203643,0.5692452192306519,0.4306049346923828,-0.1382425874471664,0.988148272037506,0.5635548233985901,0.4495411217212677,0.1163721084594726,0.0985880568623542,0.5708967447280884,0.3979344666004181,-0.1598141640424728,0.9754757881164552,0.5724489688873291,0.420418232679367,0.1225882619619369,0.1107498556375503,0.572578489780426,0.3945768177509308,-0.154618501663208,0.9728434085845948,0.5703746676445007,0.4152677953243255,0.0985486507415771,0.1128432527184486,0.5721432566642761,0.4043288826942444,-0.1347040832042694,0.9566206932067872,0.5685279965400696,0.426549345254898,0.1049216538667678,0.1174066588282585,0.5582161545753479,0.437441349029541,-0.0726749822497367,0.9983451962471008,0.5450575351715088,0.4353832602500915,0.07257941365242,0.996552348136902,0.5668535232543945,0.2796341776847839,-0.0602493770420551,0.8707633018493652,0.5526942014694214,0.2806852459907532,0.0722794309258461,0.3238985538482666,0.5622280240058899,0.1108399108052253,-0.0295332986861467,0.8753024935722351,0.5507721304893494,0.1248762607574462,0.1075546890497207,0.3601897656917572,0.5537954568862915,0.0911162793636322,-0.0285021886229515,0.909845769405365,0.5436232089996338,0.1030011996626854,0.1087753698229789,0.4950678646564483,0.5848463177680969,0.0908098444342613,-0.0764569863677024,0.8655065894126892,0.5721181035041809,0.1027218922972679,0.0659935623407363,0.434448093175888,hoyeon_stand_normal_01,8.246211,7.071068,8.062258,10.630146,12.041595,13.453624,13.453624,14.21267,13.601471,12.806248,12.206556,10.816654,9.433981,7.81025,5.656854,4.472136,4.123106,6.403124,9.899495,13.453624,16.278821,19.79899,22.671568,23.600847,23.323808,21.931712,8.944272,9.848858,11.18034,11.18034,11.18034,11.18034,10.77033,9.486833,8.544004,8.246211,7.071068,7.0,7.071068,6.324555,6.708204,7.211103,7.81025,8.485281,10.0,10.816654,13.038405,13.892444,14.422205,15.0,13.601471,12.206556,14.317821,16.492423,16.492423,16.763055,15.811388,15.231546,14.317821,12.083046,10.29563,8.602325,6.403124,5.0,4.0,4.242641,6.708204,9.486833,13.601471,15.811388,18.681542,20.880613,22.472205,22.472205,21.931712,20.59126,18.35756,14.422205,8.602325,7.81025,6.403124,5.0,2.236068,1.0,3.605551,5.0,6.403124,8.062258,8.944272,8.544004,8.544004,8.246211,7.28011,7.28011,5.09902,4.123106,3.162278,1.414214,1.414214,4.123106,6.082763,8.0,10.0,12.041595,16.03122,15.033296,14.035669,12.165525,10.77033,10.29563,10.630146,12.041595,13.453624,14.866069,16.401219,17.204651,18.35756,19.697716,20.248457,20.615528,20.223748,19.104973,17.029386,14.142136,10.440307,7.81025,8.544004,12.0,15.132746,18.248288,9.055385,7.28011,5.0,6.324555,8.0,11.18034,14.142136,16.124515,18.11077,18.027756,19.026298,18.11077,17.117243,16.492423,14.317821,13.601471,12.649111,11.401754,11.18034,11.0,12.041595,13.152946,14.142136,15.297059,17.117243,17.117243
hoyeon_stand_normal_01,2235,745,74.50407103825137,29.998360745314464,10,0.5651131868362427,0.6820200681686401,0.001592157757841,0.9997620582580566,0.5621026754379272,0.6937709450721741,-0.0136559205129742,0.9997522830963136,0.5614542365074158,0.694240152835846,-0.0136840529739856,0.9997674822807312,0.5609681606292725,0.6946890354156494,-0.013681748881936,0.9998053312301636,0.5617980360984802,0.6938984990119934,0.0109549006447196,0.99964839220047,0.5609287023544312,0.6943304538726807,0.0109740365296602,0.9995467066764832,0.5601257681846619,0.6947749853134155,0.0109269088134169,0.9996070265769958,0.5553598999977112,0.6893226504325867,-0.0540217980742454,0.9998193979263306,0.5531457662582397,0.6900490522384644,0.0542608499526977,0.9993773102760316,0.5610648989677429,0.6714017987251282,-0.010818300768733,0.9997467398643494,0.5609642863273621,0.6712687611579895,0.0206313803791999,0.9996435046195984,0.5491346716880798,0.6324387192726135,-0.1290978044271469,0.9999918937683104,0.536007821559906,0.6224642395973206,0.1297939717769622,0.9996009469032288,0.5568282604217529,0.5319442749023438,-0.1626001000404358,0.9955745935440063,0.5468664169311523,0.5226057171821594,0.1500542610883712,0.1024412736296653,0.5692434310913086,0.4306086003780365,-0.138277381658554,0.9882267713546752,0.5634165406227112,0.4489133656024933,0.1157052963972091,0.0985631570219993,0.570898175239563,0.3979203402996063,-0.1598448157310485,0.9756033420562744,0.5711535215377808,0.4193876683712005,0.1218308582901954,0.110751986503601,0.5725762248039246,0.3945590853691101,-0.1546609848737716,0.9729810357093812,0.570209264755249,0.4146363139152527,0.0977083593606948,0.1128516048192977,0.5721402764320374,0.4043138921260834,-0.134746640920639,0.956795334815979,0.5673661828041077,0.4257652759552002,0.104224294424057,0.1173846721649169,0.5583487749099731,0.436887264251709,-0.0726770311594009,0.9983468055725098,0.5449955463409424,0.4348078966140747,0.0725816562771797,0.996540069580078,0.5668964982032776,0.279318630695343,-0.0601924024522304,0.871870219707489,0.5525628924369812,0.280263751745224,0.0724828094244003,0.3254923522472381,0.5622270703315735,0.1107663214206695,-0.0293666757643222,0.8762243390083313,0.550602376461029,0.1248647645115852,0.1079574525356292,0.3607958257198334,0.5537968277931213,0.0910247862339019,-0.0283338762819767,0.9099543690681458,0.543297529220581,0.1030041873455047,0.1092059388756752,0.4955208003520965,0.5848400592803955,0.090949572622776,-0.076304979622364,0.8662016987800598,0.5720769166946411,0.1026953980326652,0.0665670409798622,0.4351756870746612,hoyeon_stand_normal_01,8.944272,8.0,8.944272,10.816654,12.806248,15.620499,15.620499,16.401219,15.811388,14.422205,13.892444,11.661904,10.29563,8.602325,7.071068,4.472136,5.09902,6.403124,10.630146,15.0,18.601075,22.671568,25.455844,26.400758,26.925824,24.596748,10.630146,11.313708,12.041595,12.041595,12.806248,11.401754,11.401754,10.816654,9.848858,8.544004,8.544004,8.246211,8.0,8.062258,7.28011,7.615773,8.602325,10.0,11.313708,13.453624,14.866069,15.620499,17.029386,16.970563,16.278821,13.453624,11.313708,9.433981,7.615773,7.0,6.708204,8.485281,10.29563,13.0,14.866069,17.088007,18.384776,19.697716,21.023796,21.023796,21.470911,20.59126,19.723083,16.643317,13.892444,9.848858,6.0,5.0,9.219544,14.035669,18.11077,21.213203,9.0,11.0,14.035669,15.297059,16.763055,16.552945,16.124515,14.422205,11.401754,9.219544,6.403124,3.605551,1.0,1.414214,3.605551,5.830952,7.615773,9.848858,11.7047,13.0,13.928388,15.231546,15.231546,15.231546,14.764823,13.892444,15.633644,14.226812,12.4239215,10.656854,9.472136,8.5952415,9.7201535,10.59017,12.10356,13.6589105,15.1651775,16.443785,17.363463,18.0388025,19.102391,19.486544,19.2000325,18.154812,15.949660000000002,12.83009,9.787209,7.772002,8.640901,11.531829,14.644137,17.790174999999998,8.9109345,7.071068,4.9286505,5.09902,6.555664,9.219544,12.83009,14.5393695,16.010859,17.4482285,17.153288500000002,16.9470375,15.731932,15.0652035,13.5089395,12.3660785,11.44252,10.532979999999998,9.6414195,10.7234,11.01595,12.104001,13.8718035,14.989277,16.3249425,16.3249425
hoyeon_stand_normal_01,2238,746,74.60407650273224,29.998360745314464,10,0.5653170347213745,0.681957483291626,0.0011073324130848,0.9997650384902954,0.562274694442749,0.6936945915222168,-0.0141571974381804,0.9997559189796448,0.5616098642349243,0.6941690444946289,-0.0141854668036103,0.9997709393501282,0.5610997080802917,0.6946242451667786,-0.0141838053241372,0.9998082518577576,0.5619625449180603,0.6938343644142151,0.010496306233108,0.9996535778045654,0.5610783100128174,0.6942794919013977,0.0105154598131775,0.9995537400245668,0.5602567791938782,0.6947359442710876,0.010469009168446,0.9996135234832764,0.5553656220436096,0.6893042325973511,-0.0545431338250637,0.9998222589492798,0.5532038807868958,0.6900466084480286,0.0539624653756618,0.9993878602981568,0.5611826181411743,0.6712785363197327,-0.0113140186294913,0.9997506737709044,0.5610710382461548,0.6711581945419312,0.0202050004154443,0.999648928642273,0.5491416454315186,0.632411777973175,-0.1294375211000442,0.9999919533729552,0.5359722375869751,0.6224379539489746,0.1296059936285019,0.9996026158332824,0.5568309426307678,0.5317214131355286,-0.1626788675785064,0.9955810904502868,0.5468223094940186,0.52237468957901,0.1494866758584976,0.1018993929028511,0.5692432522773743,0.4305943846702575,-0.1381804347038269,0.9881868958473206,0.5632994174957275,0.4484851360321045,0.1148431524634361,0.0978983044624328,0.5708966851234436,0.3978618085384369,-0.1597795933485031,0.9755245447158812,0.5703856945037842,0.4188008904457092,0.1209068819880485,0.1101230829954147,0.5725669860839844,0.394508808851242,-0.1545028537511825,0.9728941917419434,0.5700687170028687,0.4142792224884033,0.0968295782804489,0.1122303232550621,0.5721298456192017,0.4042699038982391,-0.1346266269683838,0.9566472768783568,0.5666441321372986,0.4252330660820007,0.1033644378185272,0.1167391464114189,0.5584275722503662,0.4364818930625915,-0.0727095156908035,0.9983476400375366,0.544880747795105,0.4344255030155182,0.072614312171936,0.9965238571166992,0.5670066475868225,0.2786633670330047,-0.0601604804396629,0.8732057213783264,0.552479088306427,0.2797610163688659,0.0727351456880569,0.3273360729217529,0.5622230768203735,0.1105298474431037,-0.029339475557208,0.8775954842567444,0.5504353642463684,0.124873973429203,0.1084877103567123,0.3617091774940491,0.5536668300628662,0.0906094014644622,-0.0283148009330034,0.9101293683052064,0.5428540110588074,0.1029884666204452,0.1097749322652816,0.4959103167057037,0.5848938822746277,0.0910270884633064,-0.0763049200177192,0.867301344871521,0.5720793008804321,0.1025435104966163,0.0673070773482322,0.4363199770450592,hoyeon_stand_normal_01,9.433981,9.055385,10.198039,12.649111,14.317821,16.155494,17.088007,17.088007,16.763055,15.524175,14.317821,12.369317,11.401754,9.486833,7.615773,5.656854,5.09902,7.28011,10.29563,13.892444,17.492856,21.954498,25.079872,25.298221,25.70992,24.186773,9.899495,9.899495,11.313708,11.313708,11.313708,11.313708,10.630146,10.0,9.433981,8.062258,7.615773,7.071068,7.0,7.071068,8.246211,8.544004,9.433981,10.816654,12.206556,14.21267,15.620499,17.029386,17.804494,17.204651,15.811388,13.601471,12.041595,10.0,8.062258,7.0,7.28011,7.81025,10.0,12.529964,14.317821,16.552945,17.888544,19.235384,20.59126,21.095023,21.095023,20.248457,18.601075,16.401219,12.806248,9.433981,5.09902,5.0,10.198039,14.035669,19.104973,21.377558,9.219544,11.045361,14.0,16.124515,16.278821,16.763055,15.231546,13.892444,11.401754,9.219544,5.656854,3.605551,2.236068,4.472136,7.615773,8.944272,10.77033,12.649111,13.928388,15.811388,16.155494,17.088007,16.155494,15.652476,14.764823,14.1051325,16.278821,14.866069,12.806248,11.661904,9.848858,9.486833,11.18034,11.0,13.0,15.0,16.03122,17.262677,18.681542,19.313208,21.023796,20.59126,20.0,19.209373,17.029386,13.601471,11.18034,8.062258,8.944272,12.041595,15.620499,18.601075,10.0,7.211103,5.09902,5.385165,7.071068,10.816654,13.892444,15.811388,17.804494,18.439089,19.104973,17.691806,16.401219,15.811388,13.892444,13.892444,11.661904,11.661904,10.816654,10.630146,11.401754,12.206556,13.601471,15.811388,17.204651,17.204651
hoyeon_stand_normal_01,2241,747,74.70408196721311,29.998360745314464,10,0.5653790831565857,0.6819146871566772,0.0012081073364242,0.9997682571411132,0.5623362064361572,0.6936383843421936,-0.0140693541616201,0.9997596144676208,0.5616690516471863,0.6941131353378296,-0.0140977362170815,0.9997743368148804,0.5611536502838135,0.6945707201957703,-0.0140962097793817,0.999811053276062,0.5620133280754089,0.693790078163147,0.0105722192674875,0.99965900182724,0.5611221194267273,0.6942425966262817,0.0105913896113634,0.9995609521865844,0.5602937340736389,0.6947063207626343,0.0105450497940182,0.9996201395988464,0.5553703308105469,0.6892926692962646,-0.0545222759246826,0.9998248219490052,0.5532209277153015,0.6900439858436584,0.0539645813405513,0.9993983507156372,0.5612243413925171,0.6711989045143127,-0.0112401908263564,0.9997538328170776,0.5611067414283752,0.6710845232009888,0.0202629063278436,0.9996535181999208,0.5491562485694885,0.6324136257171631,-0.1294304728507995,0.9999919533729552,0.5359482169151306,0.6224318146705627,0.1295990645885467,0.9996029138565063,0.5568295121192932,0.5317119359970093,-0.1625029146671295,0.995569109916687,0.5466488599777222,0.5223202705383301,0.1493947356939315,0.1010742783546447,0.56923907995224,0.4306351542472839,-0.1370218843221664,0.9880588054656982,0.56300288438797,0.4484835267066955,0.1148664280772209,0.0967048481106758,0.5708770155906677,0.3978981375694275,-0.1583893597126007,0.975287914276123,0.5695239305496216,0.4186405539512634,0.120955690741539,0.1089835315942764,0.572543740272522,0.3945514559745788,-0.1529118120670318,0.9726343154907228,0.5685904026031494,0.414131224155426,0.0968788862228393,0.1110830307006836,0.57210773229599,0.4043178856372833,-0.1333946585655212,0.9562647342681884,0.5660995841026306,0.4251733422279358,0.1033950820565223,0.1155351549386978,0.55843186378479,0.4364987015724182,-0.0727638006210327,0.9983510971069336,0.5448840856552124,0.4344557225704193,0.0726681053638458,0.9965178370475768,0.5670039057731628,0.2784708440303802,-0.0601612702012062,0.8746427893638611,0.5524810552597046,0.2796005606651306,0.0727492645382881,0.3292615711688995,0.5622650384902954,0.1101785376667976,-0.0295042488723993,0.8792462348937988,0.5504509210586548,0.1248765438795089,0.1084898710250854,0.3636734783649444,0.5536898970603943,0.0903152152895927,-0.0285133644938468,0.9106234908103944,0.542858362197876,0.1029986888170242,0.1097733303904533,0.4966020286083221,0.5849133133888245,0.0910847783088684,-0.0766414552927017,0.8689349889755249,0.5721389055252075,0.1024832800030708,0.0672900676727294,0.4385336935520172,hoyeon_stand_normal_01,8.544004,8.0,9.848858,12.206556,14.422205,15.811388,16.643317,16.643317,16.124515,15.264338,13.416408,12.529964,11.18034,9.433981,7.81025,5.830952,6.0,7.615773,11.401754,15.620499,20.0,23.600847,26.07681,27.730849,27.856777,25.96151,9.899495,11.313708,11.313708,11.313708,12.041595,10.630146,11.401754,10.0,9.433981,8.062258,7.615773,7.071068,7.0,7.071068,6.324555,7.615773,8.602325,9.219544,9.899495,12.041595,13.453624,14.866069,16.278821,15.556349,15.556349,13.453624,11.401754,10.049876,7.071068,6.403124,7.211103,8.062258,11.045361,13.152946,14.56022,17.464249,18.439089,19.235384,20.223748,21.213203,21.095023,20.099751,19.026298,17.0,13.0,9.055385,5.830952,6.082763,9.848858,14.764823,18.35756,22.36068,9.219544,12.041595,14.422205,16.124515,17.464249,16.763055,16.278821,14.035669,12.0,10.049876,6.082763,3.162278,1.0,1.414214,4.472136,6.708204,8.062258,10.816654,12.206556,13.892444,14.422205,15.811388,16.643317,16.643317,16.124515,14.317821,14.764823,14.317821,12.083046,10.77033,9.219544,9.0,9.055385,10.198039,11.401754,12.369317,14.317821,16.124515,17.029386,18.11077,18.439089,18.681542,19.313208,17.464249,14.764823,12.083046,9.219544,7.071068,7.81025,11.18034,14.866069,17.088007,8.944272,7.615773,5.0,5.0,7.211103,9.486833,11.7047,13.928388,15.231546,16.552945,17.0,16.643317,15.811388,14.866069,14.142136,12.041595,10.630146,9.899495,10.0,10.29563,10.29563,11.7047,12.649111,14.866069,16.155494,16.155494
hoyeon_stand_normal_01,2244,748,74.80408743169399,29.998360745314464,10,0.5653789043426514,0.6818475723266602,0.0013444161741062,0.9997671246528624,0.5623369216918945,0.6935659050941467,-0.0139492293819785,0.9997587203979492,0.5616703629493713,0.6940336227416992,-0.0139784980565309,0.9997735023498536,0.5611581206321716,0.6944836378097534,-0.0139773404225707,0.99981027841568,0.562006413936615,0.6937376260757446,0.0106560913845896,0.9996581077575684,0.5611124038696289,0.6941967606544495,0.0106749283149838,0.9995600581169128,0.5602830052375793,0.694664478302002,0.0106275342404842,0.999619722366333,0.5553761720657349,0.6892516016960144,-0.0544595979154109,0.9998241066932678,0.5532197952270508,0.6900351643562317,0.0539607033133506,0.9993986487388612,0.561231255531311,0.671112596988678,-0.011117173358798,0.9997525811195374,0.5611088871955872,0.6710050702095032,0.0203363820910453,0.9996522068977356,0.5491999387741089,0.6324021220207214,-0.1292457282543182,0.9999918341636658,0.53591388463974,0.6224108934402466,0.1293414384126663,0.9996001720428468,0.5568794012069702,0.531671941280365,-0.1619161516427993,0.9954788684844972,0.5466199517250061,0.522171676158905,0.1489241272211074,0.1001723408699035,0.5692375898361206,0.4306287467479706,-0.1352887451648712,0.9877374172210692,0.5629708766937256,0.4484714269638061,0.1148136779665947,0.0955455601215362,0.5708656311035156,0.3978976905345917,-0.1562261581420898,0.9747211933135986,0.5693126320838928,0.4185321629047394,0.1209260076284408,0.1079129576683044,0.5725415945053101,0.3945578932762146,-0.1509616374969482,0.972004532814026,0.5686569213867188,0.4141189157962799,0.0968856811523437,0.1100092381238937,0.572105348110199,0.4043187797069549,-0.1317229866981506,0.9553769826889038,0.5659955739974976,0.4251078367233276,0.103352665901184,0.1144381240010261,0.5585014224052429,0.4364725053310394,-0.0726300105452537,0.9983335733413696,0.5448863506317139,0.4344472885131836,0.0725320130586624,0.9964773058891296,0.567013680934906,0.2779576182365417,-0.0597482435405254,0.8751989603042603,0.5524491667747498,0.2792044281959533,0.0725763589143753,0.3322977721691131,0.5622670650482178,0.1096604987978935,-0.0293034128844738,0.8800746202468872,0.550393283367157,0.1247103214263916,0.1082022562623024,0.3657460212707519,0.5537250638008118,0.0900491327047348,-0.0283536296337842,0.9107367992401124,0.5427833795547485,0.1029872670769691,0.1094710528850555,0.4973950684070587,0.5848335027694702,0.0905523970723152,-0.0766086056828498,0.8695723414421082,0.5720194578170776,0.1019454300403595,0.0669095367193222,0.4402609169483185,hoyeon_stand_normal_01,8.167747499999999,7.566663,8.4176585,10.5073465,12.4496405,13.617054,14.0532435,14.011838,14.011838,13.125291,12.255474,10.700238,9.7434165,7.9412175,6.3954835,4.123106,4.736068,7.0094485,9.5711555,13.076473,16.7090855,19.592186,22.3790035,23.395729000000003,23.568644,21.78251,9.0276925,10.024938,10.524938,10.524938,10.524938,10.524938,10.1239575,9.1374645,8.7328775,7.930992,7.1619885,6.8071135,7.1410855,6.737096,6.9596535,7.1934065,7.912056999999999,8.7745455,10.09017,11.5827625,12.576473,14.1485295,14.6485295,14.6485295,13.6589105,11.6846585,17.804494,18.439089,19.104973,19.79899,19.104973,18.439089,16.401219,15.0,13.038405,10.29563,7.615773,5.09902,4.123106,4.123106,7.071068,10.440307,14.317821,18.384776,21.540659,24.698178,26.248809,27.202941,26.925824,24.515301,22.36068,18.11077,10.440307,9.848858,8.062258,5.830952,2.828427,1.414214,3.162278,5.385165,7.211103,9.219544,10.630146,9.899495,9.899495,10.630146,9.219544,7.81025,7.071068,5.656854,3.605551,2.0,2.236068,4.0,6.324555,8.944272,12.083046,13.892444,14.866069,13.928388,11.7047,10.77033,8.602325,8.485281,8.602325,10.29563,11.18034,12.206556,13.601471,15.620499,16.278821,17.029386,18.027756,19.235384,18.788294,17.088007,15.811388,12.649111,10.29563,7.81025,8.062258,10.198039,13.928388,16.155494,10.29563,7.211103,5.656854,5.09902,6.324555,8.944272,11.661904,13.892444,14.764823,15.652476,16.155494,15.524175,15.524175,13.152946,13.152946,12.041595,11.045361,10.049876,10.198039,10.440307,10.77033,11.18034,12.083046,13.892444,15.652476,15.231546
hoyeon_stand_normal_01,2247,749,74.90409289617486,29.998360745314464,10,0.5654051303863525,0.6817695498466492,0.0015819664113223,0.999766170978546,0.5623670220375061,0.6934667825698853,-0.0137488879263401,0.9997574090957642,0.5617072582244873,0.6939266324043274,-0.0137784508988261,0.9997722506523132,0.5611993670463562,0.6943710446357727,-0.0137771936133503,0.9998090267181396,0.5620183944702148,0.6936630606651306,0.0108100604265928,0.9996570348739624,0.5611207485198975,0.6941299438476562,0.0108283478766679,0.9995592832565308,0.5602883100509644,0.6946054697036743,0.0107793183997273,0.9996196627616882,0.5553975701332092,0.689193069934845,-0.0543821193277835,0.9998226165771484,0.5532286167144775,0.6900212168693542,0.0539567358791828,0.999398112297058,0.56126469373703,0.6710478067398071,-0.0109151834622025,0.9997501969337464,0.5611289739608765,0.6709454655647278,0.0204730629920959,0.999650239944458,0.5492340326309204,0.6323952674865723,-0.1292224377393722,0.9999916553497314,0.5359032154083252,0.6223903894424438,0.1292364597320556,0.9995977878570556,0.5569225549697876,0.5315864086151123,-0.1616344600915908,0.9953761696815492,0.546444296836853,0.5218928456306458,0.148522287607193,0.0993557646870613,0.5692359209060669,0.4306058883666992,-0.1342413127422332,0.9873245358467102,0.561397135257721,0.4481465816497803,0.1148107200860977,0.094167985022068,0.5708582997322083,0.3978366553783417,-0.1549004167318344,0.9740154147148132,0.568719744682312,0.4183239936828613,0.120951347053051,0.1065881475806236,0.5725283026695251,0.394526869058609,-0.1496592462062835,0.9712282419204712,0.5675597786903381,0.413766860961914,0.0968951880931854,0.1086808741092681,0.5720926523208618,0.4042612910270691,-0.1306808888912201,0.9542762637138368,0.5654877424240112,0.4248398244380951,0.1033660098910331,0.1130515486001968,0.5585476160049438,0.4363810420036316,-0.0726715549826622,0.9983220100402832,0.544933557510376,0.4343546032905578,0.0725726261734962,0.996454894542694,0.567013144493103,0.2772945761680603,-0.059703279286623,0.8770710229873657,0.5525738000869751,0.2786600887775421,0.0725763812661171,0.3361476361751556,0.562267005443573,0.1092071011662483,-0.0292995832860469,0.8821538090705872,0.5504015684127808,0.1244681775569915,0.108215607702732,0.3698621392250061,0.5537193417549133,0.0896478295326232,-0.0283519253134727,0.9114141464233398,0.5427781343460083,0.1027212217450141,0.1094821020960807,0.4995546340942383,0.5848278403282166,0.0902496129274368,-0.0766097530722618,0.8716087937355042,0.5720478892326355,0.1013369932770729,0.066915713250637,0.4442974925041199,hoyeon_stand_normal_01,24.166092,24.698178,22.803509,20.396078,17.117243,14.035669,10.198039,7.615773,6.403124,7.28011,9.055385,11.0,14.0,16.0,18.027756,20.099751,21.377558,22.803509,22.135944,20.615528,18.788294,15.652476,11.7047,9.0,9.433981,12.727922,8.944272,9.433981,10.0,10.630146,9.899495,10.630146,10.630146,11.401754,11.401754,11.401754,11.401754,10.816654,9.433981,9.433981,9.433981,9.848858,9.848858,9.486833,9.486833,9.219544,9.0,9.219544,12.083046,14.422205,17.204651,21.095023,11.401754,10.29563,7.81025,7.615773,8.0,9.219544,11.18034,13.038405,15.0,17.804494,18.601075,20.808652,21.095023,21.954498,22.825424,21.023796,20.124612,17.464249,14.317821,9.433981,5.830952,6.324555,10.630146,14.866069,19.104973,22.627417,9.486833,11.7047,14.317821,16.124515,17.804494,16.970563,16.278821,14.422205,12.529964,9.848858,6.324555,3.162278,1.0,2.236068,4.123106,7.0,8.0,11.045361,12.041595,14.035669,15.132746,16.03122,16.03122,16.03122,15.0,14.035669,16.155494,14.866069,13.416408,11.18034,10.0,9.899495,10.816654,11.18034,12.529964,13.892444,15.811388,17.204651,18.439089,19.104973,20.0,20.248457,19.723083,18.788294,16.552945,13.416408,10.816654,8.602325,9.0,11.401754,14.317821,17.0,8.944272,7.211103,5.830952,6.0,8.246211,10.77033,13.416408,15.652476,17.088007,18.027756,17.720045,18.439089,17.262677,16.124515,14.035669,13.0,12.0,11.045361,11.18034,11.401754,11.7047,13.0,14.317821,15.652476,16.552945,16.552945
hoyeon_stand_normal_01,2250,750,75.00409836065573,29.998360745314464,10,0.565437912940979,0.6817639470100403,0.0017129998886957,0.9997628927230836,0.5624037981033325,0.6934427618980408,-0.0136255016550421,0.9997538328170776,0.561749279499054,0.693898618221283,-0.0136553300544619,0.9997689127922058,0.5612451434135437,0.6943385601043701,-0.013653858564794,0.9998061656951904,0.5620391964912415,0.6936467289924622,0.0109175629913806,0.9996524453163148,0.5611379742622375,0.6941145658493042,0.0109354285523295,0.9995538592338562,0.5603026151657104,0.6945904493331909,0.010884896852076,0.999615490436554,0.5554225444793701,0.6891754865646362,-0.0543770007789135,0.9998195767402648,0.5532456636428833,0.6900180578231812,0.0539440624415874,0.9993914365768432,0.5613012909889221,0.6710411906242371,-0.0108467787504196,0.999746024608612,0.5611554980278015,0.6709380745887756,0.0205239988863468,0.9996455311775208,0.5492722392082214,0.6323845386505127,-0.1291881054639816,0.9999914169311525,0.5359014272689819,0.6223871111869812,0.1287668496370315,0.9995937347412108,0.5569639205932617,0.5314868688583374,-0.1615840792655944,0.9952697157859802,0.5463906526565552,0.5218083262443542,0.1478874534368515,0.098740741610527,0.5692344903945923,0.4305656254291534,-0.134424403309822,0.986979067325592,0.5609233379364014,0.4480288922786712,0.114776961505413,0.0930444151163101,0.570856511592865,0.3977780342102051,-0.1551541537046432,0.973425567150116,0.5685847997665405,0.4182325005531311,0.1209629252552986,0.1054989472031593,0.5725201368331909,0.3944856226444244,-0.1499103158712387,0.9705752730369568,0.5672139525413513,0.4135930836200714,0.0969190374016761,0.1075684800744056,0.5720822811126709,0.4042055308818817,-0.1308714300394058,0.9533458948135376,0.5653285384178162,0.4247349202632904,0.1033586412668228,0.1118938326835632,0.5585638880729675,0.4363581538200378,-0.0724771544337272,0.998295783996582,0.5450197458267212,0.4343554675579071,0.0723761022090911,0.9964107871055604,0.5669723749160767,0.2771632075309753,-0.0593712776899337,0.8775667548179626,0.552606463432312,0.2786114811897278,0.0722927525639534,0.3389455378055572,0.5622671246528625,0.1091784015297889,-0.0287251751869916,0.8827405571937561,0.5504399538040161,0.1242349967360496,0.1079294830560684,0.3717960119247436,0.5537421107292175,0.0896343737840652,-0.027735723182559,0.9116494655609132,0.543266236782074,0.1026579439640045,0.1091845855116844,0.5004987716674805,0.5847581624984741,0.0902590602636337,-0.07578706741333,0.8720843195915222,0.5720478296279907,0.1010254174470901,0.0664496198296547,0.4455870985984802,hoyeon_stand_normal_01,24.596748,24.698178,22.803509,21.377558,17.117243,14.035669,11.045361,7.28011,6.403124,6.708204,8.062258,10.049876,12.041595,14.035669,17.029386,18.248288,20.396078,20.880613,20.248457,19.697716,17.888544,14.764823,11.18034,7.071068,8.062258,11.313708,9.899495,9.899495,10.630146,10.630146,11.401754,11.401754,12.206556,11.661904,11.661904,12.529964,11.661904,11.18034,11.18034,10.77033,10.77033,10.77033,10.440307,10.440307,10.198039,10.049876,10.0,10.440307,12.083046,14.422205,17.804494,20.808652,14.422205,14.764823,15.652476,15.231546,15.231546,13.928388,12.649111,11.7047,9.486833,8.246211,6.082763,3.0,2.236068,4.123106,6.708204,10.0,12.806248,15.811388,18.601075,21.633308,22.472205,22.825424,22.36068,21.023796,18.384776,14.866069,7.615773,6.324555,5.09902,3.0,1.414214,1.414214,4.123106,6.082763,8.0,9.0,9.055385,10.049876,9.219544,9.219544,8.246211,8.062258,6.082763,6.082763,4.0,3.162278,2.236068,4.123106,5.830952,7.81025,9.219544,11.401754,12.727922,13.453624,14.866069,14.866069,14.21267,14.142136,13.453624,12.041595,11.401754,10.0,8.602325,7.071068,6.403124,5.385165,6.0,8.246211,10.77033,13.416408,15.652476,18.788294,20.615528,21.540659,22.135944,21.18962,18.973666,16.763055,12.041595,13.453624,15.0,15.811388,16.124515,14.764823,13.416408,11.661904,9.433981,7.81025,6.403124,5.385165,6.082763,6.082763,7.28011,8.246211,9.486833,9.486833,10.440307,11.401754,11.401754,11.401754,11.401754,11.7047,12.083046,11.661904
hoyeon_stand_normal_01,2253,751,75.1041038251366,29.998360745314464,10,0.5655290484428406,0.6817584037780762,0.001824215054512,0.9997610449790956,0.5624876618385315,0.6934352517127991,-0.0135254207998514,0.9997520446777344,0.5618354082107544,0.6938906908035278,-0.0135553814470767,0.9997671246528624,0.5613315105438232,0.6943308115005493,-0.0135538727045059,0.999804675579071,0.5621057748794556,0.6936389207839966,0.011045129969716,0.9996500611305236,0.5611981153488159,0.6941063404083252,0.0110626723617315,0.9995510578155518,0.5603559613227844,0.6945827007293701,0.0110110938549041,0.9996135830879213,0.5554589033126831,0.6891673803329468,-0.0543673671782016,0.999817967414856,0.5532912611961365,0.6900202035903931,0.0539772249758243,0.9993883967399596,0.5613775849342346,0.6710337996482849,-0.0107977064326405,0.9997434616088868,0.561221182346344,0.6709295511245728,0.0206014271825552,0.999642848968506,0.5492876172065735,0.6323510408401489,-0.1291322112083435,0.9999911785125732,0.5359020829200745,0.6223841905593872,0.1286307275295257,0.9995907545089722,0.5569721460342407,0.5313881039619446,-0.1615362912416458,0.9951738119125366,0.5463863015174866,0.5217685103416443,0.1476413905620575,0.0981907919049263,0.5692263841629028,0.4304837882518768,-0.1345694959163665,0.9866681694984436,0.5611083507537842,0.4480333924293518,0.1147052198648452,0.0921616181731224,0.5708332657814026,0.3977004587650299,-0.1553776264190673,0.9728814959526062,0.5685881972312927,0.4182237684726715,0.1209290772676467,0.1046417355537414,0.5725100636482239,0.3944265246391296,-0.1501331031322479,0.9699726700782776,0.5676127076148987,0.4136037230491638,0.0969148203730583,0.1066983342170715,0.5720738172531128,0.4041291773319244,-0.1310228854417801,0.9524863958358764,0.5653271079063416,0.4247341156005859,0.1032961681485176,0.1110188663005828,0.558627724647522,0.4362977743148803,-0.0723024830222129,0.9982712864875792,0.5450541377067566,0.4343505799770355,0.0722005143761634,0.99637770652771,0.5669729709625244,0.2769360244274139,-0.059202954173088,0.8776494264602661,0.5525921583175659,0.2783338725566864,0.0721209868788719,0.3409870564937591,0.5623604655265808,0.1091803088784217,-0.0281938817352056,0.8828425407409668,0.5504310727119446,0.1240651458501815,0.1077834516763687,0.3728744089603424,0.5539484620094299,0.0896426066756248,-0.0271481443196535,0.9117289781570436,0.5434239506721497,0.1026219278573989,0.1090402156114578,0.5009668469429016,0.5847136974334717,0.0902550742030143,-0.0749658644199371,0.8720002770423889,0.5719420313835144,0.1005962342023849,0.0661487802863121,0.4459213018417358,hoyeon_stand_normal_01,25.553865,25.079872,23.086793,21.587033,17.262677,14.142136,10.198039,7.615773,5.656854,6.324555,8.062258,10.0,13.0,15.0,17.029386,19.104973,20.223748,21.587033,21.18962,19.697716,17.888544,14.317821,10.77033,7.0,8.062258,11.401754,9.899495,10.630146,10.630146,11.401754,11.661904,12.206556,12.529964,12.529964,12.529964,12.083046,12.083046,12.083046,10.77033,10.77033,10.77033,10.440307,10.440307,10.440307,10.198039,10.049876,10.049876,9.486833,12.529964,15.0,18.439089,21.400935,14.142136,15.297059,15.524175,15.811388,14.866069,14.866069,13.0,11.18034,10.29563,7.211103,5.656854,3.605551,3.162278,4.472136,7.28011,10.198039,14.142136,17.464249,20.396078,22.803509,24.041631,24.351591,23.4094,21.931712,18.788294,15.652476,7.615773,7.211103,5.0,3.605551,1.0,2.236068,5.0,7.071068,7.81025,9.433981,10.29563,10.29563,9.848858,9.848858,8.944272,7.615773,6.708204,5.830952,4.242641,3.605551,2.236068,3.605551,5.385165,7.071068,10.0,11.0,12.041595,12.041595,13.453624,12.727922,13.453624,12.727922,12.041595,10.630146,9.433981,8.062258,7.211103,5.0,3.605551,4.0,5.385165,8.062258,10.816654,13.601471,17.204651,19.416488,21.095023,22.472205,21.954498,21.470911,18.788294,15.652476,13.0,14.866069,15.811388,16.763055,17.464249,16.278821,14.317821,13.152946,10.198039,8.246211,6.708204,5.0,4.472136,5.09902,6.0,7.071068,8.062258,9.055385,9.219544,10.049876,10.198039,11.18034,10.198039,10.440307,10.77033,11.18034
hoyeon_stand_normal_01,2256,752,75.20410928961749,29.998360745314464,10,0.5658148527145386,0.6816669702529907,0.0018500960431993,0.9997568726539612,0.5627389550209045,0.6933831572532654,-0.0135191176086664,0.9997481107711792,0.5620666742324829,0.6938443183898926,-0.013549163006246,0.9997634291648864,0.5615327954292297,0.6942890286445618,-0.0135477278381586,0.9998015761375428,0.5623583197593689,0.6935889720916748,0.0110881235450506,0.9996439814567566,0.5614429712295532,0.6940661072731018,0.011105727404356,0.9995434880256652,0.5605830550193787,0.6945512890815735,0.011054128408432,0.9996074438095092,0.5555026531219482,0.6891539692878723,-0.0544996671378612,0.9998149275779724,0.5534402132034302,0.6900186538696289,0.0540051944553852,0.9993779063224792,0.5615667104721069,0.6708948612213135,-0.0107958251610398,0.9997386932373048,0.5614235401153564,0.6707947254180908,0.0206248927861452,0.9996363520622252,0.5492904186248779,0.6322789788246155,-0.1291753053665161,0.9999909996986388,0.5359074473381042,0.6223799586296082,0.1285110712051391,0.99958598613739,0.5570108890533447,0.5312334299087524,-0.1615667790174484,0.9951074719429016,0.5463854074478149,0.5216888189315796,0.1476477533578872,0.0975842475891113,0.5692275166511536,0.4304569363594055,-0.1346953809261322,0.9864065647125244,0.5613845586776733,0.4480891823768616,0.1147646456956863,0.0913468450307846,0.5708235502243042,0.3976981937885284,-0.1555568128824234,0.9724079966545104,0.5686147809028625,0.418227344751358,0.1210358068346977,0.1038471162319183,0.5725118517875671,0.394427478313446,-0.1502965241670608,0.9694557785987854,0.5680933594703674,0.4137323498725891,0.0970481485128402,0.1058985814452171,0.5720795392990112,0.4041281044483185,-0.1311472058296203,0.9517398476600648,0.5653465390205383,0.4247901439666748,0.1033600494265556,0.1101996749639511,0.5587270259857178,0.4362199306488037,-0.0722593963146209,0.9982423782348632,0.5451720952987671,0.4343464970588684,0.0721581876277923,0.9963250160217284,0.5669730305671692,0.2769406139850616,-0.0592046119272708,0.876530647277832,0.5526016354560852,0.278384119272232,0.0720873773097992,0.3400485813617706,0.5623587369918823,0.1092724874615669,-0.0280958674848079,0.8815938830375671,0.5504300594329834,0.1240590587258338,0.1077829375863075,0.371261715888977,0.5539544224739075,0.0898587331175804,-0.0270142834633588,0.9110826253890992,0.5435744524002075,0.1027657389640808,0.1090409904718399,0.4999451637268066,0.5847024321556091,0.0902694463729858,-0.0747558996081352,0.870680034160614,0.5719422698020935,0.1004456803202629,0.0661344826221466,0.4440158605575561,hoyeon_stand_normal_01,10.049876,9.219544,10.29563,12.806248,14.866069,16.278821,17.029386,17.029386,16.401219,15.0,14.422205,13.038405,10.816654,9.219544,7.071068,5.385165,5.0,7.211103,10.630146,14.142136,18.384776,21.931712,24.207437,26.07681,25.942244,23.769729,10.440307,11.401754,11.401754,11.401754,11.401754,11.401754,11.18034,10.049876,9.0,9.055385,9.219544,8.246211,8.544004,8.062258,8.602325,8.485281,10.0,10.816654,11.661904,13.416408,15.231546,16.552945,17.0,17.0,17.0,14.317821,14.796758,15.4330345,15.615773,16.340930999999998,15.3980215,14.512595,13.5902705,11.4910895,10.2201535,8.2789505,6.182529000000001,4.081139,3.8643285,4.472136,7.175589,10.239671,13.537037,16.620879,19.4838565,21.649313,23.183482,23.279467,22.803509,21.224956,18.848992,15.0488075,7.9412175,6.767829,5.151544,3.6502815,1.5,1.5,4.0388435000000005,5.43763,7.0674025,8.640901,9.346202,9.5276925,9.5,8.7169905,7.8011625,7.531129,6.1055515,4.5,3.7024595,1.825141,1.825141,3.3839145000000004,5.2420925,7.640055,10.2450915,11.18034,17.0,16.124515,13.892444,12.206556,10.630146,10.0,10.29563,12.083046,13.0,14.317821,15.652476,17.492856,18.601075,19.849433,20.518285,20.0,20.248457,19.235384,17.0,14.764823,11.401754,8.602325,9.055385,11.401754,14.317821,17.0,9.899495,7.81025,6.324555,6.082763,8.062258,10.0,13.453624,15.620499,17.029386,18.027756,18.35756,17.888544,17.464249,15.811388,14.866069,13.341664,12.369317,12.649111,10.77033,11.18034,11.661904,13.601471,15.0,15.811388,17.204651,17.492856
hoyeon_stand_normal_01,2259,753,75.30411475409836,29.998360745314464,10,0.5659924745559692,0.681601881980896,0.0018433093791827,0.9997535347938538,0.5629141926765442,0.6933501958847046,-0.0135422702878713,0.9997450113296508,0.5622373223304749,0.6938164830207825,-0.0135722309350967,0.999760627746582,0.5616933703422546,0.6942638754844666,-0.0135708339512348,0.9997991919517516,0.5625221729278564,0.6935548186302185,0.0110849877819418,0.9996392726898192,0.5615989565849304,0.6940385103225708,0.0111026549711823,0.999537706375122,0.5607258677482605,0.6945284605026245,0.0110510978847742,0.9996027946472168,0.5555601119995117,0.6891495585441589,-0.0547052770853042,0.9998128414154052,0.553529679775238,0.6900188326835632,0.0539923049509525,0.9993709325790404,0.5617032647132874,0.6708192229270935,-0.01083530113101,0.9997350573539734,0.5615575313568115,0.6707164645195007,0.0206219162791967,0.9996317625045776,0.5492979884147644,0.632229745388031,-0.1292910128831863,0.9999908804893494,0.5359066128730774,0.6223782896995544,0.1284490972757339,0.9995828866958618,0.5570920705795288,0.5310476422309875,-0.1616746336221695,0.9950689673423768,0.5463813543319702,0.5216361284255981,0.1476444900035858,0.0970481634140014,0.5692463517189026,0.4303846061229706,-0.1347952485084533,0.986211359500885,0.5615573525428772,0.4481993317604065,0.1147864535450935,0.09040417522192,0.5708208680152893,0.3976438641548157,-0.1556629240512848,0.972057580947876,0.5686265826225281,0.4182639718055725,0.1210902631282806,0.1028588786721229,0.5725240111351013,0.394393652677536,-0.1503497809171676,0.9690775275230408,0.5684080719947815,0.4139219522476196,0.097152791917324,0.1048976182937622,0.5721064209938049,0.4040662348270416,-0.1312329173088073,0.9511770009994508,0.5653659701347351,0.4249089360237121,0.1033960878849029,0.109171062707901,0.5588386654853821,0.4362117052078247,-0.0722569450736045,0.9982221126556396,0.5452060103416443,0.4343464076519012,0.0721559971570968,0.9962903261184692,0.5669559836387634,0.2769487500190735,-0.0592353232204914,0.8759214282035828,0.552601158618927,0.2783996164798736,0.0720830038189888,0.339760422706604,0.5623153448104858,0.1092608571052551,-0.0280818622559309,0.88094162940979,0.5504195690155029,0.123964250087738,0.1077805012464523,0.370627224445343,0.5538919568061829,0.0898543000221252,-0.0269851107150316,0.9106502532958984,0.5436061024665833,0.1027358397841453,0.1090391501784324,0.4997289478778839,0.5847214460372925,0.0902767777442932,-0.074613444507122,0.8700376152992249,0.5719439387321472,0.1003471538424491,0.0661271959543228,0.4431465566158294,hoyeon_stand_normal_01,9.433981,10.0,11.7047,14.317821,16.278821,17.262677,18.439089,18.439089,17.720045,16.763055,14.866069,13.601471,11.7047,10.198039,8.0,6.324555,7.071068,8.944272,12.369317,16.492423,20.396078,24.738634,27.513633,28.231188,28.653098,26.627054,10.049876,11.045361,11.18034,11.18034,11.18034,11.18034,10.440307,9.486833,8.544004,8.062258,7.211103,7.071068,6.403124,6.708204,7.28011,8.246211,9.055385,10.0,11.045361,13.152946,15.132746,16.124515,17.117243,17.029386,16.03122,14.142136,13.453624,14.866069,15.620499,15.620499,15.0,14.422205,13.038405,11.661904,9.848858,7.615773,6.082763,4.123106,3.605551,5.0,7.28011,10.77033,14.317821,17.464249,20.615528,23.4094,24.351591,25.0,23.769729,22.561028,19.235384,16.124515,7.0,6.082763,5.09902,3.162278,1.414214,2.0,4.123106,6.324555,7.615773,9.433981,9.433981,10.0,10.0,9.219544,9.219544,7.81025,6.403124,5.0,4.472136,3.0,1.414214,3.0,5.09902,7.615773,9.433981,10.816654,14.317821,13.341664,11.401754,10.440307,8.062258,7.81025,8.602325,9.433981,10.816654,12.206556,13.601471,14.866069,15.556349,17.029386,18.027756,19.235384,18.384776,17.088007,14.866069,12.649111,8.944272,6.403124,8.0,10.77033,14.317821,17.0,10.198039,7.28011,5.830952,5.385165,6.0,9.219544,11.7047,13.601471,15.524175,15.297059,16.124515,16.03122,15.0,14.035669,13.038405,12.165525,11.045361,10.049876,9.0,10.049876,10.198039,11.401754,12.649111,13.928388,14.866069,15.524175
hoyeon_stand_normal_01,2262,754,75.40412021857924,29.998360745314464,10,0.5662775039672852,0.6815739274024963,0.0018317729700356,0.9997538328170776,0.5632113218307495,0.6933349967002869,-0.0135697405785322,0.9997456073760986,0.5625197887420654,0.6938046216964722,-0.0135994292795658,0.9997612833976746,0.5619518756866455,0.6942537426948547,-0.013597953133285,0.9997996091842652,0.5628259181976318,0.6935369968414307,0.0110824136063456,0.9996398091316224,0.5619018077850342,0.6940242648124695,0.0111001413315534,0.9995388984680176,0.5610159039497375,0.6945167183876038,0.0110487081110477,0.9996040463447572,0.5556557774543762,0.68914395570755,-0.0549424216151237,0.9998133182525636,0.5537193417549133,0.6900198459625244,0.0539825335144996,0.999373197555542,0.5618984699249268,0.6707605719566345,-0.0109027987346053,0.9997351765632628,0.5617745518684387,0.6706647276878357,0.0206102915108203,0.9996322989463806,0.5493014454841614,0.6322102546691895,-0.129447728395462,0.9999908208847046,0.5359206795692444,0.6223865151405334,0.1283495873212814,0.9995824694633484,0.5571678280830383,0.5308977365493774,-0.1617520153522491,0.9950678944587708,0.5463820695877075,0.5215017199516296,0.1475750058889389,0.0970081463456153,0.5692641735076904,0.4303637146949768,-0.1349917501211166,0.9861395955085754,0.5616496801376343,0.4482028782367706,0.1147598549723625,0.089850902557373,0.5708182454109192,0.3976117372512817,-0.1559713631868362,0.9719202518463136,0.5686185956001282,0.4182257056236267,0.1210869252681732,0.1022288128733635,0.5725324749946594,0.3943739533424377,-0.1505226343870163,0.9689357876777648,0.5685939192771912,0.4139263927936554,0.0971669778227806,0.1042547523975372,0.5721253752708435,0.4040364027023315,-0.1313953995704651,0.950961709022522,0.5653831958770752,0.4249105751514435,0.1033893302083015,0.1084853634238243,0.558915913105011,0.4361895322799682,-0.0722551047801971,0.9982066750526428,0.5453575253486633,0.4343427121639251,0.0721544399857521,0.9962708950042723,0.5669374465942383,0.2770066261291504,-0.0593154951930046,0.8756135106086731,0.5526122450828552,0.2784264385700226,0.0720457881689071,0.3395922780036926,0.5623298287391663,0.1093490272760391,-0.0280836466699838,0.8804724812507629,0.5505620241165161,0.1238976791501045,0.1077494844794273,0.3699508905410766,0.5538906455039978,0.0899223610758781,-0.0269754864275455,0.9104241132736206,0.5437771081924438,0.1027257815003395,0.1090080067515373,0.4995122849941253,0.5847347378730774,0.0903044044971466,-0.074471428990364,0.8696492910385132,0.5719799399375916,0.1002306938171386,0.0660377293825149,0.4423560798168182,hoyeon_stand_normal_01,22.472205,22.36068,21.095023,19.209373,16.278821,12.041595,9.433981,7.615773,6.0,7.615773,8.602325,10.816654,12.206556,14.422205,16.643317,17.888544,19.697716,20.248457,19.646883,18.439089,16.278821,13.152946,10.440307,7.81025,8.944272,11.18034,8.0,8.062258,9.055385,9.219544,10.198039,10.198039,10.198039,10.198039,10.440307,10.440307,9.486833,9.486833,9.486833,8.544004,8.944272,8.944272,8.944272,9.433981,8.602325,9.219544,8.602325,9.848858,11.7047,13.341664,17.262677,19.646883,12.041595,10.29563,9.219544,8.0,8.944272,9.899495,12.206556,13.892444,15.652476,18.384776,19.697716,21.023796,22.36068,22.36068,22.825424,21.954498,21.633308,18.027756,15.0,10.816654,6.082763,5.0,9.219544,14.035669,18.027756,21.095023,8.0,10.0,13.152946,14.56022,16.155494,15.652476,15.264338,13.453624,10.630146,8.602325,5.385165,3.0,1.414214,2.236068,4.242641,7.211103,8.062258,11.18034,12.083046,13.416408,14.317821,15.652476,15.652476,15.652476,15.264338,14.422205,13.038405,13.0,14.0,14.0,14.0,14.035669,13.038405,11.18034,10.198039,9.219544,8.062258,6.0,5.09902,5.830952,6.403124,8.944272,11.18034,14.317821,17.088007,19.697716,21.931712,22.36068,22.825424,21.954498,20.248457,17.492856,12.369317,14.56022,14.866069,16.155494,15.231546,15.652476,13.416408,11.18034,9.848858,7.28011,6.0,4.123106,5.0,5.0,5.830952,7.615773,8.944272,9.433981,9.433981,10.29563,10.816654,10.816654,10.816654,10.29563,10.77033,11.401754
hoyeon_stand_normal_01,2265,755,75.50412568306011,29.998360745314464,10,0.5665015578269958,0.6815415620803833,0.0016367511125281,0.9997543096542358,0.5634610056877136,0.6932917237281799,-0.0138025227934122,0.999746322631836,0.5627710819244385,0.6937639117240906,-0.0138316480442881,0.999761998653412,0.5621972680091858,0.6942129135131836,-0.0138296661898493,0.999800145626068,0.5630608797073364,0.6934930682182312,0.0109046669676899,0.999640703201294,0.5621327757835388,0.693985104560852,0.0109225064516067,0.999540388584137,0.5612347722053528,0.6944813132286072,0.0108714587986469,0.9996055960655212,0.5557705760002136,0.689113199710846,-0.0554151870310306,0.999813675880432,0.5538772940635681,0.6900139451026917,0.0537459887564182,0.9993752837181092,0.5620809197425842,0.6707170009613037,-0.0112031297758221,0.9997354745864868,0.561948835849762,0.6706297993659973,0.0204006452113389,0.9996330738067628,0.549305260181427,0.6321758031845093,-0.1296020150184631,0.9999907612800598,0.5359202027320862,0.6223874092102051,0.1277639716863632,0.999581813812256,0.5571989417076111,0.5307040214538574,-0.1619722694158554,0.995063066482544,0.5463305115699768,0.5213173031806946,0.1469997018575668,0.0968975871801376,0.5693238973617554,0.4303193688392639,-0.1354058235883712,0.9860912561416626,0.561659574508667,0.4481923282146454,0.1138290241360664,0.089597687125206,0.5709108710289001,0.3975329399108886,-0.1565529853105545,0.9718228578567504,0.5685291290283203,0.4181548655033111,0.1201154068112373,0.1019758433103561,0.5726014375686646,0.3942972421646118,-0.1509338319301605,0.9688304662704468,0.5686556696891785,0.4139141738414764,0.0961443483829498,0.1039904430508613,0.5722032189369202,0.4039294421672821,-0.1317621171474456,0.9507949352264404,0.5653778910636902,0.4248876571655273,0.1024505570530891,0.1081885397434234,0.5590130686759949,0.4361090958118438,-0.0721839368343353,0.9981951117515564,0.5454453229904175,0.4343140423297882,0.0720850601792335,0.9962560534477234,0.5669378638267517,0.2770966589450836,-0.0592559240758419,0.87626713514328,0.5525733232498169,0.2784746289253235,0.0720414370298385,0.341634601354599,0.5623539686203003,0.109525017440319,-0.0275797750800848,0.8809759020805359,0.5505619049072266,0.1238808631896972,0.1077481135725975,0.371472418308258,0.5542630553245544,0.0901038125157356,-0.0263979099690914,0.9107943773269652,0.5438815355300903,0.1027062162756919,0.1090070754289627,0.5007511973381042,0.5847076177597046,0.0903007611632347,-0.0734631195664405,0.8701040148735046,0.571977972984314,0.0999413058161735,0.0660375505685806,0.4434520304203033,hoyeon_stand_normal_01,24.083189,23.600847,22.825424,20.124612,17.088007,12.649111,9.848858,6.403124,5.830952,7.0,9.055385,11.18034,13.152946,15.132746,17.029386,18.0,20.099751,20.223748,19.646883,18.973666,17.088007,13.928388,10.440307,8.062258,9.219544,12.806248,8.544004,9.486833,10.440307,10.198039,11.18034,11.18034,12.165525,12.165525,11.18034,11.18034,11.18034,10.049876,10.049876,10.049876,9.0,9.0,9.0,10.049876,9.055385,9.486833,8.944272,10.0,12.041595,14.21267,17.804494,20.0,12.165525,10.049876,8.062258,7.211103,7.211103,8.246211,10.0,13.152946,15.297059,17.720045,18.681542,20.615528,21.587033,22.36068,22.203603,21.095023,20.024984,18.0,14.0,10.049876,5.830952,5.0,10.29563,15.0,18.601075,23.021729,9.219544,11.661904,14.317821,16.155494,16.492423,16.278821,16.03122,14.035669,11.18034,9.219544,6.324555,3.162278,2.236068,4.472136,7.211103,8.602325,10.816654,11.401754,13.601471,15.0,15.811388,15.811388,16.124515,15.652476,15.231546,12.733783,11.7216745,12.579162,13.226812,13.571068,13.691006,13.0513675,12.2879365,11.421122,10.172753,8.9998285,7.566663,6.2429435,5.064495,4.3573885,5.1925825,7.175589,9.924429,13.0,15.326238,17.944271999999998,19.86135,21.1423215,21.2014115,20.0743035,18.610977,15.901498,12.5877825,14.6589105,15.970188,16.461069000000002,16.5622575,15.841848,14.3824115,12.764982,10.6704955,8.828855,7.175589,5.830952,5.1925825,5.6925825,6.203659,7.671184,8.246211,9.219544,9.7087915,10.6217,10.8103235,10.6891895,10.6891895,10.615108,10.885165,11.09017
hoyeon_stand_normal_01,2268,756,75.60413114754098,29.998360745314464,10,0.5667185187339783,0.6814740896224976,0.0019163013203069,0.999756634235382,0.5636930465698242,0.6932266354560852,-0.0135784838348627,0.9997493028640748,0.5630015730857849,0.6937010884284973,-0.0136074731126427,0.999764621257782,0.5624179244041443,0.6941512227058411,-0.0136051876470446,0.9998024702072144,0.5632879137992859,0.6934310793876648,0.0111642247065901,0.9996442198753356,0.5623582005500793,0.6939307451248169,0.011182652786374,0.9995445013046264,0.5614501237869263,0.6944344639778137,0.0111328000202775,0.9996091723442078,0.5558605194091797,0.6890699863433838,-0.0553952045738697,0.999815821647644,0.5540212392807007,0.6900045275688171,0.0538290999829769,0.9993811249732972,0.5622569918632507,0.6705910563468933,-0.0110259037464857,0.9997373819351196,0.5621262788772583,0.6705267429351807,0.0206287205219268,0.999636173248291,0.5493096709251404,0.6321301460266113,-0.1292576640844345,0.9999907612800598,0.5359147191047668,0.6224067211151123,0.1276908069849014,0.999581813812256,0.5572455525398254,0.5306902527809143,-0.1615911424160003,0.9950643181800842,0.5462710857391357,0.5213276147842407,0.1470089852809906,0.0966677963733673,0.5693760514259338,0.4303168058395386,-0.1347196102142334,0.9860953092575072,0.5616776347160339,0.4484040439128876,0.1138469353318214,0.0893000066280365,0.5709489583969116,0.3975288867950439,-0.1559047549962997,0.971813976764679,0.5713955760002136,0.4191166460514068,0.1201326623558998,0.1017564609646797,0.5726451277732849,0.3942713141441345,-0.1502363234758377,0.9688182473182678,0.5686664581298828,0.4139266014099121,0.0961910635232925,0.1037693545222282,0.5722556710243225,0.4038753807544708,-0.1310333758592605,0.9507670402526855,0.5653564929962158,0.4249586164951324,0.102477803826332,0.1079574301838874,0.5592851042747498,0.4361085891723633,-0.0717777907848358,0.99819415807724,0.545457661151886,0.434354305267334,0.0716807097196579,0.9962562918663024,0.5669500827789307,0.2771895825862884,-0.0588608644902706,0.8756721019744873,0.5522153377532959,0.2784793078899383,0.0717593654990196,0.3437701165676117,0.5624856352806091,0.1095930859446525,-0.0270555429160594,0.8806023001670837,0.5504881143569946,0.1235019713640213,0.1071766391396522,0.3728691637516022,0.5549803972244263,0.090226761996746,-0.0258538965135812,0.9110756516456604,0.5439469218254089,0.1024896726012229,0.1084317490458488,0.5019630193710327,0.584668755531311,0.090501494705677,-0.0721500664949417,0.8698317408561707,0.5717459321022034,0.099799707531929,0.0656646415591239,0.4439540803432464,hoyeon_stand_normal_01,23.706539,23.021729,22.022716,19.104973,15.620499,12.041595,8.485281,5.830952,6.0,6.708204,8.944272,10.816654,13.038405,14.764823,16.552945,17.464249,18.973666,19.646883,19.235384,18.11077,16.03122,13.038405,9.486833,7.81025,8.944272,12.369317,8.062258,9.055385,9.0,10.0,10.049876,11.045361,11.045361,11.045361,11.045361,11.045361,10.049876,10.198039,9.219544,9.219544,9.219544,8.544004,8.544004,8.544004,8.944272,8.602325,8.485281,9.433981,10.77033,13.601471,16.763055,19.924859,14.317821,15.811388,16.155494,16.552945,15.652476,14.764823,13.892444,12.206556,10.0,8.485281,6.403124,4.472136,3.162278,5.0,7.28011,11.18034,14.142136,18.11077,21.213203,23.345235,24.515301,24.515301,24.738634,23.086793,20.248457,16.155494,8.602325,7.81025,5.656854,3.605551,1.0,1.414214,3.605551,5.830952,7.615773,8.544004,9.486833,9.486833,9.486833,9.219544,8.246211,7.28011,6.082763,5.09902,3.162278,2.236068,1.0,3.162278,5.09902,7.0,9.0,11.045361,15.264338,14.764823,12.529964,11.401754,9.899495,10.0,9.848858,10.77033,12.649111,13.928388,15.231546,17.0,18.027756,19.209373,20.518285,19.849433,20.0,18.601075,16.643317,13.601471,10.630146,8.544004,9.055385,12.083046,15.264338,18.601075,9.433981,7.071068,5.0,5.0,6.708204,9.219544,13.453624,14.866069,16.401219,16.643317,17.492856,16.552945,16.155494,14.56022,13.341664,12.369317,11.401754,10.440307,10.440307,9.848858,10.816654,12.206556,13.601471,15.0,15.811388,16.643317
hoyeon_stand_normal_01,2271,757,75.70413661202186,29.998360745314464,10,0.5670984983444214,0.6814597249031067,0.0019163746619597,0.9997576475143432,0.5640624761581421,0.6932050585746765,-0.0135788861662149,0.9997509121894836,0.5633507966995239,0.6936807632446289,-0.0136078111827373,0.999766170978546,0.5627316832542419,0.6941303014755249,-0.0136054959148168,0.9998037815093994,0.563676655292511,0.6934117078781128,0.0111654615029692,0.9996455311775208,0.5627562403678894,0.693916916847229,0.011183968745172,0.999546229839325,0.5618447065353394,0.694424569606781,0.011134267784655,0.9996106028556824,0.5559727549552917,0.6890515685081482,-0.055488035082817,0.9998169541358948,0.5543276071548462,0.6900030970573425,0.0538148209452629,0.9993823766708374,0.5625582337379456,0.6705445647239685,-0.0110472291707992,0.9997382760047911,0.5624696016311646,0.6705013513565063,0.0206248443573713,0.999637246131897,0.5493160486221313,0.6321108341217041,-0.1292351931333542,0.999990701675415,0.535983681678772,0.6224941611289978,0.1272324323654174,0.9995797276496888,0.557273805141449,0.5306750535964966,-0.1614882797002792,0.9950798153877258,0.5462335348129272,0.5213809609413147,0.1469113975763321,0.0964791402220726,0.5694103240966797,0.4303439557552337,-0.1347447782754898,0.9861416816711426,0.5610905289649963,0.4485522806644439,0.1138713508844375,0.0890078544616699,0.5709558725357056,0.3975315988063812,-0.155959203839302,0.9718779921531676,0.5722084045410156,0.4194655418395996,0.1201532855629921,0.1014967933297157,0.5726879239082336,0.3942682445049286,-0.1502656638622284,0.9688915014266968,0.5678246021270752,0.4138978123664856,0.0962267071008682,0.1034947112202644,0.5723200440406799,0.403857409954071,-0.1310507357120514,0.950861930847168,0.5653146505355835,0.4250028729438782,0.1025026887655258,0.1076556667685508,0.5594637393951416,0.4361290037631988,-0.0714824944734573,0.9981796741485596,0.5455560088157654,0.4344936013221741,0.0713881403207779,0.9962227940559388,0.566900908946991,0.278001070022583,-0.0586760528385639,0.8741286396980286,0.5521551966667175,0.2790025174617767,0.0715195313096046,0.3430086970329284,0.5624725222587585,0.1098429933190345,-0.0268017295747995,0.8790866732597351,0.5504823923110962,0.1235051751136779,0.106923796236515,0.3713519275188446,0.5550375580787659,0.0904470384120941,-0.0255940780043602,0.9105204939842224,0.5440741777420044,0.1025060415267944,0.1081896647810936,0.5012866258621216,0.5846158862113953,0.0906925722956657,-0.0718497708439827,0.8685066103935242,0.571711540222168,0.099807396531105,0.0654220059514045,0.4422996640205383,hoyeon_stand_normal_01,15.977249,15.7092725,15.5325555,15.5835055,15.081564,14.222173000000002,12.6377985,11.5547115,11.1160855,10.8511575,11.4739145,11.330952,11.647815,11.8178105,11.2638195,11.323921,12.260926,13.517962,15.295666,16.7545215,17.4309245,17.7758465,17.520349,16.735913,17.1555335,17.4254565,9.495295,9.495295,10.383925,10.799753,11.168612499999998,10.6704955,10.647815,10.172753,10.172753,9.3267625,8.744138,8.744138,8.303131,8.5731645,8.0282305,8.365746000000001,8.7328775,8.7481195,9.621299,10.5,11.0872995,12.549883,13.486074,14.480871,15.8879965,16.5688805,12.083046,10.29563,8.485281,6.324555,7.071068,8.944272,11.401754,13.453624,16.278821,17.029386,19.849433,21.260292,21.931712,22.627417,22.671568,22.022716,20.615528,17.204651,14.21267,9.899495,5.385165,6.403124,10.29563,15.231546,19.697716,23.259407,8.544004,12.083046,13.416408,15.811388,17.029386,16.970563,15.620499,14.422205,12.083046,9.486833,6.324555,4.123106,1.0,1.414214,4.123106,6.082763,8.0,10.0,12.0,13.0,15.0,15.0,16.03122,16.03122,15.132746,14.317821,11.18034,11.661904,13.038405,13.892444,13.892444,12.529964,12.083046,11.7047,10.440307,8.246211,7.28011,6.324555,4.472136,3.605551,5.09902,8.0,10.198039,13.152946,15.297059,18.248288,20.223748,21.095023,22.090722,21.095023,19.0,16.03122,12.649111,14.56022,15.524175,16.492423,16.278821,16.124515,15.033296,13.038405,10.049876,8.246211,6.324555,5.0,5.0,5.385165,6.082763,7.071068,8.062258,9.055385,9.055385,10.049876,10.049876,10.049876,10.049876,10.0,10.049876,10.198039
hoyeon_stand_normal_01,2274,758,75.80414207650273,29.998360745314464,10,0.5675888061523438,0.6814528107643127,0.0017814541934058,0.9997603893280028,0.5645347833633423,0.693186342716217,-0.0137221310287714,0.9997543692588806,0.5637949705123901,0.6936613917350769,-0.0137502970173954,0.9997692704200744,0.5631324648857117,0.6941096782684326,-0.0137477414682507,0.9998064041137696,0.5641918182373047,0.6934017539024353,0.0110373515635728,0.9996498823165894,0.5632888078689575,0.6939097046852112,0.011056407354772,0.9995518922805786,0.5623865723609924,0.6944150924682617,0.011008147150278,0.9996157288551332,0.5561320781707764,0.6890295147895813,-0.0558047629892826,0.9998191595077516,0.5547564029693604,0.6900050640106201,0.0535481534898281,0.9993895888328552,0.5629703402519226,0.6705197691917419,-0.0112615348771214,0.9997411370277404,0.5629570484161377,0.6704939007759094,0.0204438343644142,0.9996413588523864,0.5493262410163879,0.6320487856864929,-0.1292210221290588,0.9999906420707704,0.5360614657402039,0.6226027607917786,0.1262659430503845,0.9995790123939514,0.5573127865791321,0.530563235282898,-0.161206766963005,0.995083510875702,0.5461291074752808,0.5213984847068787,0.1459755301475525,0.0962019115686416,0.5694591403007507,0.4303508102893829,-0.1343240290880203,0.9861111640930176,0.5605068206787109,0.4486944377422333,0.11336050927639,0.088337518274784,0.5710055232048035,0.3975293040275574,-0.1555563807487487,0.9718010425567628,0.5721757411956787,0.4195315241813659,0.1197639182209968,0.1008289903402328,0.5727605819702148,0.3942651450634002,-0.1496851295232772,0.968809962272644,0.5669196248054504,0.4138445258140564,0.0958524048328399,0.1027965247631073,0.5724008679389954,0.4038389921188354,-0.1305780857801437,0.9507278203964232,0.5650608539581299,0.4250122904777527,0.1020474135875701,0.1069141179323196,0.5596312880516052,0.4361701905727386,-0.0711862370371818,0.9981638193130492,0.5456103086471558,0.4346373081207275,0.071094311773777,0.9961893558502196,0.5668507814407349,0.2782254517078399,-0.0583516471087932,0.8732056617736816,0.5519392490386963,0.2790586352348327,0.071315512061119,0.3431512713432312,0.5624669194221497,0.1100237891077995,-0.0262834634631872,0.8780662417411804,0.550387442111969,0.1235220283269882,0.1068202555179596,0.3702236115932464,0.5550650954246521,0.0905822440981864,-0.0250516235828399,0.9101877808570862,0.5440753698348999,0.1025573015213012,0.1081036999821662,0.5005519986152649,0.5845916867256165,0.0908646434545517,-0.0711248591542244,0.8675129413604736,0.5715623497962952,0.0998078659176826,0.0653819143772125,0.4407825469970703,hoyeon_stand_normal_01,26.0,25.96151,24.515301,22.203603,18.027756,14.035669,11.045361,8.544004,7.071068,8.944272,10.440307,12.369317,14.317821,16.492423,18.681542,20.248457,21.540659,22.36068,21.095023,20.248457,18.027756,14.422205,11.18034,9.055385,9.486833,13.038405,9.219544,10.630146,10.816654,12.206556,12.206556,12.206556,13.038405,12.206556,13.038405,12.206556,11.661904,11.661904,10.29563,9.848858,10.77033,10.440307,10.440307,10.198039,10.198039,11.045361,11.045361,11.401754,13.416408,16.124515,19.723083,22.825424,13.601471,14.866069,15.231546,15.652476,14.764823,14.764823,13.038405,11.401754,10.0,7.81025,5.656854,3.605551,2.0,3.162278,6.0,9.055385,12.165525,16.124515,18.11077,21.023796,22.022716,22.0,22.022716,20.099751,17.117243,14.142136,7.81025,7.071068,5.830952,4.123106,2.236068,2.0,3.162278,5.0,6.403124,7.81025,8.062258,8.944272,8.944272,8.062258,7.615773,6.708204,5.830952,4.242641,3.605551,2.0,2.236068,3.605551,6.082763,8.0,9.055385,11.045361,12.041595,14.035669,14.0,15.0,15.0,14.035669,13.152946,12.165525,11.401754,9.219544,8.246211,7.071068,6.0,5.385165,5.656854,7.211103,10.29563,13.0,16.155494,18.384776,21.023796,22.36068,22.36068,21.470911,18.35756,16.124515,12.041595,14.142136,16.278821,16.492423,16.492423,15.524175,13.601471,12.369317,10.198039,8.062258,7.0,5.385165,5.830952,6.403124,7.211103,8.062258,8.944272,9.433981,10.816654,10.816654,11.401754,12.206556,10.816654,11.18034,12.083046,11.401754
hoyeon_stand_normal_01,2277,759,75.9041475409836,29.998360745314464,10,0.5679320693016052,0.681429386138916,0.001636603847146,0.9997617602348328,0.5648758411407471,0.6931421160697937,-0.0139364637434482,0.9997562170028688,0.5641211867332458,0.6936150789260864,-0.0139643447473645,0.9997707605361938,0.5634338855743408,0.6940625309944153,-0.0139619493857026,0.9998077750205994,0.5645586252212524,0.6933752298355103,0.0108568174764513,0.9996523261070251,0.5636671185493469,0.6938942670822144,0.0108764171600341,0.9995551109313964,0.5627710223197937,0.6944088339805603,0.0108291991055011,0.9996189475059508,0.5562731623649597,0.6889932155609131,-0.0563971512019634,0.9998199939727784,0.5550680756568909,0.6900067329406738,0.053127221763134,0.9993939995765686,0.5632697939872742,0.6704806685447693,-0.011514326557517,0.999742329120636,0.5633052587509155,0.6704823970794678,0.0202482957392931,0.9996439218521118,0.5493797659873962,0.6319912075996399,-0.1292483508586883,0.9999905228614808,0.5360821485519409,0.6227607727050781,0.125385582447052,0.9995787143707277,0.5575524568557739,0.5305261611938477,-0.1608184278011322,0.99503493309021,0.5458860397338867,0.5214329361915588,0.1448419243097305,0.0957429930567741,0.5697256922721863,0.4303569793701172,-0.1324986964464187,0.9858905076980592,0.5597448348999023,0.4487863183021545,0.1128039136528968,0.0872836485505104,0.5712649822235107,0.3975273966789245,-0.1535581052303314,0.9714006185531616,0.5718486905097961,0.4195086359977722,0.1193832531571388,0.0997814387083053,0.5729580521583557,0.3942639231681824,-0.1474289000034332,0.9683700799942015,0.5658942461013794,0.4137727916240692,0.0955482348799705,0.1016974449157714,0.5726154446601868,0.4038344025611877,-0.1286488771438598,0.9500656127929688,0.5645847916603088,0.4250147640705108,0.1015776172280311,0.105749063193798,0.5598680973052979,0.4361557960510254,-0.0709034875035286,0.9981458187103271,0.5456228256225586,0.4346492290496826,0.0708122551441192,0.996149480342865,0.5668806433677673,0.2781395018100738,-0.0578213892877101,0.8724743127822876,0.5517017245292664,0.2788324058055877,0.0713001564145088,0.3441996872425079,0.5625314712524414,0.1101275384426117,-0.0255216397345066,0.8774364590644836,0.5503002405166626,0.1235102042555809,0.1068446189165115,0.3700478971004486,0.555310070514679,0.0906794294714927,-0.0242549106478691,0.9102818965911864,0.5440769791603088,0.1025653928518295,0.1081451922655105,0.5007450580596924,0.5845819711685181,0.091051235795021,-0.0697197467088699,0.8667423129081726,0.5713216066360474,0.0998215749859809,0.0656755194067955,0.4398467242717743,hoyeon_stand_normal_01,10.29563,10.630146,12.083046,13.601471,16.492423,17.464249,18.681542,18.973666,18.027756,17.088007,15.652476,13.416408,12.083046,9.848858,8.246211,6.0,5.830952,8.602325,10.77033,15.811388,18.973666,22.472205,25.495098,26.925824,27.202941,24.758837,10.77033,11.7047,11.7047,11.7047,12.083046,11.18034,10.29563,10.0,9.899495,9.219544,8.602325,9.433981,8.944272,9.486833,9.219544,9.055385,9.0,11.045361,12.165525,13.341664,15.524175,16.492423,17.464249,18.439089,17.262677,15.524175,12.041595,11.18034,8.544004,7.071068,7.615773,8.0,10.440307,12.083046,14.764823,17.0,19.235384,20.124612,21.023796,21.931712,22.847319,20.248457,20.248457,16.763055,13.601471,8.544004,4.242641,5.0,10.0,15.264338,19.416488,22.203603,7.81025,10.630146,13.601471,15.264338,16.552945,15.811388,15.297059,13.038405,11.0,8.062258,5.09902,2.236068,1.0,3.0,5.09902,7.28011,9.486833,11.7047,13.0,14.317821,16.155494,16.155494,17.088007,16.763055,16.492423,15.297059,12.041595,12.041595,13.601471,13.601471,13.601471,13.453624,12.727922,11.313708,10.630146,8.602325,7.81025,6.403124,5.0,4.123106,5.09902,6.708204,9.433981,12.206556,15.811388,18.027756,19.416488,21.095023,20.59126,20.59126,18.35756,15.652476,12.727922,14.866069,16.278821,16.401219,16.401219,16.401219,14.422205,13.038405,11.401754,8.602325,6.403124,5.830952,5.09902,6.082763,6.324555,7.28011,8.544004,9.848858,10.440307,10.440307,10.440307,11.401754,10.77033,10.77033,10.29563,11.401754
hoyeon_stand_normal_01,2280,760,76.00415300546447,29.998360745314464,10,0.568097710609436,0.6814199090003967,0.0014921476831659,0.9997613430023192,0.5650784373283386,0.6931007504463196,-0.0142067912966012,0.9997560977935792,0.5643340349197388,0.6935692429542542,-0.0142353754490613,0.9997704029083252,0.5636528134346008,0.6940141320228577,-0.0142339011654257,0.9998077750205994,0.5647441744804382,0.6933498382568359,0.0106620658189058,0.9996516108512878,0.56385338306427,0.6938770413398743,0.0106821069493889,0.9995542764663696,0.5629565119743347,0.6944000720977783,0.0106352744624018,0.9996188282966614,0.5564371347427368,0.688926637172699,-0.0571723170578479,0.9998197555541992,0.5552392601966858,0.6900063753128052,0.0527730621397495,0.9993939399719238,0.5634450912475586,0.6704729199409485,-0.0117884064093232,0.9997427463531494,0.5634829998016357,0.670471727848053,0.0200796797871589,0.999644696712494,0.5494939088821411,0.6318345069885254,-0.1297961920499801,0.999990463256836,0.5360774397850037,0.6227943301200867,0.1251712292432785,0.9995782375335692,0.558073878288269,0.5304785370826721,-0.1608296334743499,0.9949486255645752,0.5455597043037415,0.5214936137199402,0.1446475237607956,0.0950123071670532,0.5701246857643127,0.4302795827388763,-0.1318339705467224,0.9855144023895264,0.559175431728363,0.4487945735454559,0.1128142327070236,0.0861552581191062,0.571670413017273,0.3974329829216003,-0.1527382433414459,0.970732808113098,0.5711671710014343,0.4194780588150024,0.1194144785404205,0.0986948609352111,0.5731722712516785,0.3942051529884338,-0.1467158943414688,0.9676319360733032,0.5652013421058655,0.4134514927864074,0.0955796539783477,0.1005697920918464,0.5728859305381775,0.4037087559700012,-0.1280014663934707,0.9489625096321106,0.5641475915908813,0.4249183237552643,0.1015906855463981,0.1045527011156082,0.560225784778595,0.4358673095703125,-0.0709085166454315,0.9981366395950316,0.5456278920173645,0.4344991445541382,0.0708171278238296,0.996109127998352,0.5671385526657104,0.2773396372795105,-0.0575696341693401,0.872451663017273,0.5516158938407898,0.2779227793216705,0.0717991665005683,0.346064954996109,0.5625506043434143,0.1099305376410484,-0.0253616757690906,0.8778734803199768,0.5501784682273865,0.1234993413090705,0.1084446236491203,0.3706255555152893,0.5554136633872986,0.0906316041946411,-0.0241544060409069,0.9104225039482116,0.5437169671058655,0.1025622859597206,0.109903834760189,0.5009889602661133,0.58458411693573,0.0909871160984039,-0.0699510499835014,0.8667305707931519,0.5712870955467224,0.0998183861374855,0.0680136382579803,0.4403270184993744,hoyeon_stand_normal_01,25.079872,26.41969,24.413111,22.022716,18.384776,14.866069,11.313708,8.062258,7.071068,7.28011,8.944272,11.661904,13.038405,16.124515,18.35756,19.235384,20.615528,22.135944,21.587033,20.223748,18.11077,15.132746,11.18034,8.062258,8.062258,11.18034,10.0,10.0,11.045361,12.041595,12.041595,13.038405,13.038405,13.038405,12.041595,12.041595,11.18034,11.18034,10.440307,10.440307,10.77033,11.18034,10.29563,11.18034,10.816654,10.816654,11.313708,11.401754,13.0,14.866069,18.681542,21.84033,11.6729325,10.385165,8.2062875,7.245606499999999,7.566663,9.497074,11.6396285,13.5228715,15.9330345,18.3762345,19.767056,21.285013,22.4834155,23.26423,23.3967545,22.5150105,21.0780935,18.0891585,14.5393695,9.757587,5.8941445,5.8698085,10.462888,15.243284,19.5813205,23.096277,8.514897000000001,11.167423,13.8857225,15.537863000000002,17.3487535,16.761754,15.715943500000002,13.959646,11.8517495,9.424429,6.6978115,3.642692,1.2071070000000002,2.236068,4.123106,6.082763,8.062258,10.1239575,12.1846585,13.6589105,14.7620875,15.7628595,16.1550205,16.147986500000002,15.6286305,15.29572,16.492423,14.56022,12.369317,11.18034,10.0,8.062258,8.544004,10.29563,11.18034,13.416408,15.231546,15.811388,16.492423,18.248288,20.024984,20.024984,20.099751,19.235384,17.464249,14.142136,11.045361,7.28011,7.81025,10.440307,14.142136,17.029386,10.049876,8.0,6.082763,5.656854,6.324555,9.055385,12.041595,15.033296,16.124515,17.262677,17.464249,16.763055,15.811388,14.317821,13.416408,13.038405,11.661904,10.29563,9.848858,10.440307,10.198039,12.165525,14.142136,15.033296,16.124515,17.262677
hoyeon_stand_normal_01,2283,761,76.10415846994535,29.998360745314464,10,0.5682451128959656,0.6814002990722656,0.0016817937139421,0.9997607469558716,0.565261960029602,0.6930433511734009,-0.0141028324142098,0.999755561351776,0.5645313858985901,0.6935059428215027,-0.0141314351931214,0.9997697472572328,0.5638606548309326,0.6939489245414734,-0.0141300717368721,0.9998072981834412,0.5648979544639587,0.693313717842102,0.010763082653284,0.9996508359909058,0.5640029311180115,0.6938507556915283,0.0107831945642828,0.9995533227920532,0.5630996227264404,0.6943848133087158,0.0107360268011689,0.9996184706687928,0.5566239953041077,0.6888691782951355,-0.0571322925388813,0.999819040298462,0.5553737878799438,0.6900063157081604,0.052758477628231,0.9993934035301208,0.5636224746704102,0.6704589128494263,-0.0116795282810926,0.9997414946556092,0.5636451840400696,0.6704641580581665,0.0201879534870386,0.999644100666046,0.5496865510940552,0.6318100094795227,-0.1298420876264572,0.9999904036521912,0.5360156893730164,0.6228736042976379,0.1252133250236511,0.9995778799057008,0.5585991144180298,0.5304775834083557,-0.1606398224830627,0.9948458671569824,0.5451363325119019,0.521665632724762,0.1444892436265945,0.0942747890949249,0.5703098773956299,0.4302731156349182,-0.1294548660516739,0.985072672367096,0.5584540963172913,0.4487873315811157,0.1128371879458427,0.0847826972603797,0.5718675851821899,0.3973609507083893,-0.1499870419502258,0.969971477985382,0.5693000555038452,0.419100672006607,0.1194355562329292,0.097390629351139,0.573255717754364,0.3941583931446075,-0.1439753323793411,0.9667834639549256,0.5643882751464844,0.4131628274917602,0.0955939069390297,0.0992229059338569,0.5729973316192627,0.403643399477005,-0.125582605600357,0.9477282762527466,0.5622098445892334,0.4245678782463074,0.1016144305467605,0.1031430512666702,0.5603649020195007,0.4358581304550171,-0.0709830075502395,0.9981424808502196,0.5455322861671448,0.4344455599784851,0.0708890333771705,0.9961051940917968,0.5672948956489563,0.2772470414638519,-0.0574828423559665,0.8736209273338318,0.5513913035392761,0.2778605222702026,0.0723505690693855,0.3487519025802612,0.5625989437103271,0.1098918914794921,-0.0253729540854692,0.8790637254714966,0.5500556826591492,0.1234927028417587,0.1093172580003738,0.3727569878101349,0.5554471611976624,0.0905662104487419,-0.0241746772080659,0.9110391139984132,0.5433271527290344,0.1024906709790229,0.1108091697096824,0.5022781491279602,0.5846434235572815,0.090966522693634,-0.0700217187404632,0.867574155330658,0.571267306804657,0.0997888967394828,0.0694159418344497,0.4419712722301483,hoyeon_stand_normal_01,23.769729,23.345235,23.021729,20.0,17.029386,14.142136,10.0,7.071068,5.830952,7.211103,8.544004,10.77033,12.649111,14.866069,16.552945,17.888544,18.867962,20.0,19.849433,18.384776,16.278821,12.727922,10.0,7.28011,9.219544,12.083046,9.219544,9.899495,10.630146,11.401754,12.041595,12.806248,12.806248,12.041595,11.401754,11.401754,11.401754,10.0,10.0,9.433981,8.944272,9.848858,9.848858,9.848858,9.486833,10.198039,10.049876,10.049876,12.369317,14.317821,17.464249,20.615528,13.928388,15.524175,15.297059,16.278821,15.132746,15.033296,14.0,12.0,10.049876,8.246211,6.324555,3.605551,3.0,4.472136,7.81025,10.816654,14.422205,18.027756,21.095023,23.853721,24.413111,25.0,24.839485,22.671568,19.79899,16.278821,8.246211,7.071068,5.0,4.123106,1.414214,2.236068,4.0,6.0,8.062258,9.219544,10.198039,10.440307,10.440307,9.486833,8.544004,8.544004,7.28011,6.324555,4.123106,3.0,1.414214,2.236068,4.242641,7.81025,9.433981,11.18034,16.155494,15.231546,13.928388,12.083046,10.816654,9.899495,10.0,11.661904,12.529964,14.764823,15.264338,17.204651,18.439089,19.79899,20.615528,20.808652,20.59126,20.124612,17.464249,15.652476,12.206556,9.219544,9.219544,11.18034,13.928388,16.552945,10.0,7.81025,5.830952,6.0,7.28011,10.29563,13.038405,14.422205,16.124515,17.888544,17.464249,17.088007,16.763055,15.524175,14.317821,13.152946,12.041595,12.165525,11.401754,11.7047,12.083046,13.416408,14.764823,15.652476,17.0,17.464249
hoyeon_stand_normal_01,2286,762,76.20416393442623,29.998360745314464,10,0.5683671832084656,0.681386411190033,0.0019320069113746,0.999760627746582,0.5654003024101257,0.6930163502693176,-0.0139214796945452,0.9997552633285522,0.5646828413009644,0.6934728622436523,-0.0139497257769107,0.9997692108154296,0.5640245079994202,0.6939147710800171,-0.0139484647661447,0.9998068809509276,0.5650144219398499,0.693304181098938,0.0109482938423752,0.999650537967682,0.5641191005706787,0.6938449144363403,0.0109686320647597,0.9995532035827636,0.5632163882255554,0.6943769454956055,0.0109212081879377,0.9996190071105956,0.556788444519043,0.6888298392295837,-0.057106502354145,0.9998181462287904,0.5555026531219482,0.6900054216384888,0.052770473062992,0.9993935823440552,0.5637842416763306,0.6704510450363159,-0.0115061048418283,0.9997405409812928,0.5637891888618469,0.6704546809196472,0.0203677602112293,0.999644100666046,0.5498194098472595,0.6318047046661377,-0.1298896521329879,0.9999903440475464,0.5360149145126343,0.6229028701782227,0.1252389848232269,0.9995805621147156,0.5588951110839844,0.5304862260818481,-0.1606428474187851,0.9947774410247804,0.544887363910675,0.5217344760894775,0.1445421427488327,0.0940853357315063,0.5705187320709229,0.4302437901496887,-0.129768893122673,0.9847307205200196,0.5581666827201843,0.4486504197120666,0.1129414141178131,0.0840817615389823,0.57207852602005,0.397299975156784,-0.150385096669197,0.9693760871887208,0.5681176781654358,0.4183101654052734,0.1196609437465667,0.0967774391174316,0.5734278559684753,0.3941256701946258,-0.1443750262260437,0.9661223888397216,0.5641227960586548,0.4127925634384155,0.0958556979894638,0.0985839217901229,0.5731430649757385,0.403602659702301,-0.1259117424488067,0.9467584490776062,0.5615408420562744,0.4240957200527191,0.1017529070377349,0.1024241149425506,0.5605046153068542,0.4358570873737335,-0.0712540224194526,0.9981516599655152,0.545518696308136,0.434440553188324,0.0711578354239463,0.9961149096488952,0.5675437450408936,0.2772265374660492,-0.0576213002204895,0.8747692108154297,0.551381528377533,0.2778303921222687,0.0729527622461319,0.3492841720581054,0.5626084804534912,0.109946571290493,-0.0256848651915788,0.8798427581787109,0.5499136447906494,0.1236682757735252,0.1104516610503196,0.3735013306140899,0.5554466247558594,0.0905953198671341,-0.0244835093617439,0.911584973335266,0.5429604649543762,0.1026303842663765,0.1119842752814292,0.5030449628829956,0.584681510925293,0.0909703075885772,-0.0701905265450477,0.8681670427322388,0.571267306804657,0.0997673794627189,0.0706658065319061,0.4428650736808777,hoyeon_stand_normal_01,8.944272,9.055385,10.198039,12.369317,13.601471,14.56022,15.524175,15.297059,15.297059,14.142136,13.038405,11.045361,10.049876,8.246211,6.708204,6.403124,6.708204,8.062258,11.0,14.035669,17.029386,20.024984,22.022716,23.194827,23.537205,21.18962,8.602325,8.602325,9.433981,9.433981,9.433981,8.062258,7.615773,7.615773,7.071068,7.071068,7.0,7.0,7.071068,7.28011,7.28011,7.615773,7.211103,8.602325,9.899495,11.313708,12.041595,13.453624,14.142136,14.142136,14.142136,12.727922,13.892444,15.811388,16.401219,16.401219,16.278821,14.866069,14.142136,12.041595,10.630146,8.602325,7.211103,4.123106,3.162278,3.605551,6.0,9.055385,13.152946,16.278821,19.235384,20.223748,22.090722,22.022716,22.0,20.024984,17.029386,14.142136,8.544004,7.615773,5.830952,5.0,2.236068,1.414214,3.162278,4.472136,6.403124,7.071068,8.485281,8.485281,7.81025,7.81025,7.211103,6.403124,5.0,4.242641,2.828427,2.0,2.236068,4.0,6.082763,8.246211,9.848858,12.083046,12.806248,14.142136,14.142136,15.556349,14.866069,14.866069,14.21267,12.806248,11.661904,10.29563,9.433981,7.211103,5.656854,5.385165,6.0,8.246211,10.77033,13.928388,17.088007,19.697716,21.540659,22.472205,23.4094,22.135944,19.646883,16.763055,12.206556,14.422205,15.811388,16.124515,16.124515,15.231546,14.317821,12.083046,9.848858,7.81025,5.656854,5.385165,5.0,6.082763,7.28011,8.246211,9.219544,10.198039,10.440307,11.18034,11.18034,11.18034,11.401754,11.7047,10.77033,11.18034
hoyeon_stand_normal_01,2289,763,76.3041693989071,29.998360745314464,10,0.5684441328048706,0.6813406944274902,0.0019738802220672,0.9997622966766356,0.565491259098053,0.6929640769958496,-0.0138804707676172,0.999756634235382,0.5647832155227661,0.6934149861335754,-0.0139079485088586,0.9997702836990356,0.5641341805458069,0.6938583850860596,-0.0139064220711588,0.9998077154159546,0.5650905966758728,0.6932768821716309,0.0109686916694045,0.9996531009674072,0.5641943216323853,0.6938248872756958,0.0109891016036272,0.999556839466095,0.5632924437522888,0.6943655014038086,0.0109412064775824,0.9996224641799928,0.5569079518318176,0.6887931227684021,-0.0570805333554744,0.9998183846473694,0.5556102395057678,0.690001904964447,0.0527449734508991,0.9993992447853088,0.5638992786407471,0.6704018115997314,-0.0114610185846686,0.9997416138648988,0.5638846755027771,0.6704304814338684,0.0203816816210746,0.999646782875061,0.5499325394630432,0.6318000555038452,-0.1299304515123367,0.9999902844429016,0.5360170602798462,0.6229173541069031,0.1252647936344146,0.9995834827423096,0.5590377449989319,0.5306377410888672,-0.1606777459383011,0.9947577714920044,0.5447338223457336,0.5219851136207581,0.1445652097463607,0.0935277268290519,0.5706455707550049,0.4302561283111572,-0.1300642639398574,0.9845942854881288,0.5579839944839478,0.4485840499401092,0.1129544004797935,0.0831895470619201,0.5722671151161194,0.3972955346107483,-0.1507464498281479,0.9691289067268372,0.5675827264785767,0.4180004894733429,0.1197398975491523,0.0959595069289207,0.5736228227615356,0.3941215872764587,-0.144796997308731,0.965837836265564,0.5639640092849731,0.4126776456832886,0.0959334224462509,0.0977332964539527,0.5732929706573486,0.4035967290401459,-0.1262327283620834,0.9463367462158204,0.5611656308174133,0.423938125371933,0.1017812713980674,0.101496398448944,0.5605338215827942,0.4358517527580261,-0.0713785365223884,0.9981582760810852,0.5454965829849243,0.4344343543052673,0.0712823495268821,0.9961282014846802,0.5676990747451782,0.2771580219268799,-0.0576887093484401,0.8773060441017151,0.5513817667961121,0.2776914834976196,0.0733322724699974,0.3511758148670196,0.5626757740974426,0.1099709570407867,-0.0261595081537961,0.8813378214836121,0.5498770475387573,0.1236770376563072,0.1109938472509384,0.3765586912631988,0.5555070042610168,0.0906179994344711,-0.0249944999814033,0.9128668308258056,0.542864978313446,0.1026613712310791,0.1124862059950828,0.5059800148010254,0.5847834944725037,0.0910622850060463,-0.0706014707684516,0.8695307374000549,0.5712799429893494,0.0997688695788383,0.0711135044693946,0.446032166481018,hoyeon_stand_normal_01,24.839485,25.495098,24.207437,21.633308,17.492856,13.892444,10.816654,7.81025,7.28011,8.0,10.198039,12.369317,14.317821,16.278821,18.248288,19.104973,21.023796,21.0,21.095023,19.235384,17.262677,14.317821,11.045361,8.544004,9.899495,13.038405,9.219544,10.198039,10.049876,11.045361,12.041595,13.038405,13.038405,13.0,12.041595,12.0,11.0,11.0,11.0,10.049876,10.049876,10.198039,10.198039,10.440307,10.440307,10.77033,10.816654,12.041595,12.806248,15.811388,18.867962,21.633308,11.7047,10.198039,8.062258,7.615773,7.81025,8.544004,11.045361,14.0,16.03122,19.026298,20.024984,22.022716,23.021729,23.0,24.020824,22.022716,22.090722,18.11077,15.132746,10.0,5.385165,5.09902,9.848858,15.652476,20.124612,22.847319,9.219544,11.18034,15.132746,16.0,17.117243,17.464249,16.763055,15.231546,12.529964,10.0,7.071068,3.605551,1.0,2.236068,4.472136,7.071068,8.485281,10.630146,12.041595,13.453624,15.0,15.620499,16.278821,15.556349,15.620499,14.422205,12.0827625,13.0918655,13.5943075,14.0889025,13.5902705,13.5902705,12.670832,11.707339,10.2450915,9.271109,7.807536,6.640055,5.1029345,4.352285500000001,5.830952,7.54518,10.2468345,13.284677,15.8884955,18.561964,20.751085,21.0891465,21.467676500000003,20.4319925,18.8373195,15.811388,12.7611315,14.449265,16.0451045,16.8098715,17.136495,15.9973005,14.613898,12.3660785,10.1445825,8.246211,6.535534,5.09902,5.151544,6.0299890000000005,6.737096,7.5106765,8.640901,9.472136,10.0320635,10.462888,11.065181,11.4291245,10.848692,10.625306,11.0511055,10.975335
hoyeon_stand_normal_01,2292,764,76.40417486338798,29.998360745314464,10,0.5685303807258606,0.6811319589614868,0.0020618760026991,0.9997660517692566,0.5655978918075562,0.692774772644043,-0.0137743381783366,0.9997603297233582,0.5648919939994812,0.6932299137115479,-0.0138015560805797,0.9997735619544984,0.5642439723014832,0.6936893463134766,-0.0137997083365917,0.9998104572296144,0.5651905536651611,0.6931103467941284,0.0110487779602408,0.9996581673622132,0.5642907619476318,0.6936704516410828,0.0110694747418165,0.999563217163086,0.5633867979049683,0.6942319869995117,0.0110219977796077,0.999628245830536,0.5570087432861328,0.6887064576148987,-0.0570136904716491,0.999820351600647,0.555705189704895,0.6899383664131165,0.0527469888329505,0.99940687417984,0.5639826059341431,0.6702073216438293,-0.0113847320899367,0.9997446537017822,0.5639590620994568,0.670272171497345,0.0204272847622632,0.9996513724327089,0.5499945282936096,0.6317957639694214,-0.1299069970846176,0.9999902844429016,0.5360205173492432,0.6229202151298523,0.1252687573432922,0.9995842576026917,0.5591772794723511,0.5309313535690308,-0.160640999674797,0.9947309494018556,0.5445778965950012,0.5221791863441467,0.1445588320493698,0.0926534384489059,0.5707072615623474,0.430259644985199,-0.1301013976335525,0.9844075441360474,0.5579456090927124,0.4484853744506836,0.1129867509007453,0.0818873345851898,0.5723565816879272,0.3972994089126587,-0.1508045047521591,0.9687958359718324,0.5673278570175171,0.4179773032665252,0.1198558360338211,0.0947351679205894,0.5736796259880066,0.3941146433353424,-0.144731655716896,0.9654743671417236,0.5638715624809265,0.4124369621276855,0.0960394516587257,0.0964861810207367,0.5733215808868408,0.4035916030406952,-0.1262429356575012,0.945777952671051,0.560934841632843,0.4237100481986999,0.1018205657601356,0.1001701205968856,0.5605309009552002,0.4358504116535187,-0.071410022675991,0.9981701970100404,0.5455141663551331,0.4344353675842285,0.0713132992386818,0.9961403012275696,0.5677220821380615,0.2767407894134521,-0.0576857849955558,0.8790259957313538,0.5514863729476929,0.2773398160934448,0.0733101665973663,0.3540411293506622,0.5627877116203308,0.1099647283554077,-0.0263053551316261,0.8836480379104614,0.5498865246772766,0.1236667186021804,0.110856257379055,0.3812994956970215,0.555719256401062,0.0906134694814682,-0.0251676421612501,0.9143766760826112,0.5428702235221863,0.1026876643300056,0.1123343706130981,0.5090892910957336,0.5848701596260071,0.0910744965076446,-0.0709149911999702,0.8720332980155945,0.5713008642196655,0.0997657477855682,0.0708564594388008,0.4509718716144562,hoyeon_stand_normal_01,24.351591,24.596748,23.323808,20.808652,17.029386,13.453624,10.0,6.708204,6.0,7.615773,9.219544,11.401754,13.601471,15.0,16.643317,18.35756,20.124612,20.248457,19.924859,18.439089,16.278821,13.341664,9.848858,7.071068,8.544004,12.041595,9.055385,9.055385,10.198039,10.440307,11.401754,12.649111,12.649111,12.649111,12.369317,12.649111,11.401754,11.401754,10.77033,9.848858,9.848858,10.29563,9.433981,9.433981,10.0,9.899495,10.0,10.29563,12.649111,15.297059,18.248288,20.396078,14.866069,15.0,15.811388,15.264338,15.264338,14.764823,13.0,11.7047,9.486833,8.246211,5.0,4.123106,3.605551,5.09902,7.615773,11.18034,14.764823,18.35756,21.470911,23.259407,24.596748,25.079872,24.698178,22.135944,19.646883,16.278821,8.062258,7.0,5.09902,3.162278,1.414214,2.0,4.123106,7.071068,8.544004,9.848858,10.29563,10.29563,10.816654,9.433981,8.602325,7.81025,7.211103,5.830952,4.472136,2.0,1.414214,3.0,5.385165,7.211103,10.0,12.041595,13.038405,14.0,14.0,15.0,14.0,14.035669,13.152946,12.165525,11.18034,10.198039,8.246211,7.071068,6.082763,5.385165,6.403124,8.602325,11.18034,14.317821,16.552945,18.788294,21.023796,21.954498,21.954498,21.954498,20.248457,16.643317,11.045361,13.152946,14.317821,15.524175,14.866069,14.866069,13.928388,10.77033,9.486833,7.071068,6.0,5.385165,5.0,5.0,5.830952,8.062258,8.062258,9.433981,9.433981,10.29563,10.816654,10.816654,10.816654,10.29563,10.77033,11.401754
hoyeon_stand_normal_01,2295,765,76.50418032786885,29.998360745314464,10,0.568566083908081,0.6810110807418823,0.0035554913338273,0.9997693300247192,0.5656317472457886,0.6926552057266235,-0.0121551444754004,0.9997631311416626,0.5649314522743225,0.6931142807006836,-0.0121827013790607,0.9997759461402892,0.564288854598999,0.6935828924179077,-0.0121794315055012,0.9998124837875366,0.5652064085006714,0.6929935216903687,0.0124796796590089,0.999662220478058,0.5642997026443481,0.6935563683509827,0.0125010581687092,0.999567985534668,0.5633901953697205,0.6941260695457458,0.0124548254534602,0.9996325373649596,0.5570780634880066,0.6886500716209412,-0.0554124005138874,0.999821662902832,0.5557135939598083,0.6898906826972961,0.0533971562981605,0.9994112253189088,0.5640526413917542,0.6701110601425171,-0.0099276416003704,0.9997459650039672,0.5639927387237549,0.6701877117156982,0.0216344315558671,0.9996536374092102,0.5501114726066589,0.6317917704582214,-0.1286300420761108,0.9999902844429016,0.5359987020492554,0.6229112148284912,0.1253492385149002,0.9995836019515992,0.5592307448387146,0.5310913920402527,-0.1593397259712219,0.9946563243865968,0.5443388819694519,0.5222184658050537,0.1445558965206146,0.0917539969086647,0.5707084536552429,0.4302628338336944,-0.1294787377119064,0.9841200113296508,0.5577376484870911,0.4483653604984283,0.1132301017642021,0.080604039132595,0.5723612308502197,0.3973000943660736,-0.1501190066337585,0.9682970643043518,0.5667814612388611,0.417944848537445,0.1201765611767768,0.0935509577393531,0.5736775994300842,0.3940923511981964,-0.1440054029226303,0.9649178981781006,0.5637417435646057,0.4122515320777893,0.0963091924786567,0.0952718779444694,0.5733199715614319,0.403579831123352,-0.1256372928619384,0.9449881315231324,0.560659646987915,0.4235235154628753,0.1020531728863716,0.0989330112934112,0.5605310797691345,0.4359684288501739,-0.0713647454977035,0.998182773590088,0.5455537438392639,0.4345855116844177,0.0712653622031211,0.9961588382720948,0.5677382349967957,0.2767320275306701,-0.0574762225151062,0.8778768181800842,0.5515336990356445,0.2773225903511047,0.0729032009840011,0.3528967499732971,0.5632603168487549,0.1099676638841629,-0.0263275727629661,0.8835006952285767,0.5500202178955078,0.1231281533837318,0.1099126487970352,0.3814862370491028,0.5565076470375061,0.0907339304685592,-0.0252135805785655,0.9143185615539552,0.5431661605834961,0.1022516041994094,0.1113280951976776,0.5085644125938416,0.5848711729049683,0.0911070257425308,-0.0709702670574188,0.8722043037414551,0.571333110332489,0.0995882898569107,0.0695439502596855,0.4513698220252991,hoyeon_stand_normal_01,22.847319,23.706539,21.095023,19.209373,15.620499,12.041595,9.433981,7.28011,7.071068,7.615773,9.433981,11.661904,13.892444,16.124515,17.0,18.384776,20.248457,19.646883,19.416488,18.248288,16.124515,13.152946,10.440307,8.602325,9.433981,12.649111,7.071068,8.246211,8.544004,9.486833,10.77033,10.77033,11.7047,11.7047,11.7047,10.77033,9.486833,9.486833,8.944272,8.944272,8.944272,8.602325,8.602325,8.602325,8.485281,9.219544,9.433981,10.77033,12.649111,15.297059,17.262677,20.615528,12.041595,11.045361,9.219544,7.211103,7.211103,8.062258,11.045361,12.369317,14.56022,16.763055,18.027756,19.924859,20.880613,20.615528,21.587033,20.396078,19.235384,16.124515,13.038405,9.219544,5.0,4.472136,9.219544,14.142136,18.384776,21.931712,8.485281,10.630146,13.601471,14.764823,16.155494,15.524175,15.132746,14.035669,11.045361,8.062258,5.385165,2.236068,1.0,3.162278,5.385165,7.615773,9.848858,11.18034,13.038405,14.764823,16.124515,16.124515,17.0,16.552945,16.155494,14.866069,12.083046,12.529964,12.529964,13.416408,13.416408,13.416408,12.083046,11.7047,9.486833,8.246211,7.28011,5.385165,4.472136,3.605551,5.0,7.071068,10.198039,13.341664,16.278821,18.439089,20.223748,21.213203,22.090722,20.099751,18.027756,15.033296,12.369317,14.317821,16.278821,16.278821,17.117243,16.03122,14.035669,13.038405,10.049876,8.062258,6.324555,5.0,5.0,5.385165,6.082763,7.071068,8.062258,9.055385,10.049876,10.049876,10.198039,10.198039,10.049876,10.0,10.049876,11.18034
hoyeon_stand_normal_01,2298,766,76.60418579234972,29.998360745314464,10,0.5686339139938354,0.6809192895889282,0.0036883046850562,0.9997725486755372,0.5657115578651428,0.6925686597824097,-0.0119929546490311,0.9997665286064148,0.5650241374969482,0.693030059337616,-0.0120207434520125,0.999778687953949,0.5643918514251709,0.693503737449646,-0.0120173413306474,0.9998149871826172,0.5652487277984619,0.6929089426994324,0.0126096447929739,0.9996671080589294,0.5643289685249329,0.6934747695922852,0.012630945071578,0.9995737671852112,0.5634074807167053,0.6940500140190125,0.0125850029289722,0.9996378421783448,0.557203471660614,0.6885820031166077,-0.0552611425518989,0.99982351064682,0.5557348728179932,0.6898460984230042,0.053398709744215,0.9994187355041504,0.5641629099845886,0.6700446605682373,-0.0098147979006171,0.9997479319572448,0.5640497803688049,0.6701269745826721,0.0217061173170804,0.999656856060028,0.5502650737762451,0.6317227482795715,-0.1279594153165817,0.999990165233612,0.5359456539154053,0.622887372970581,0.1249400302767753,0.9995821118354796,0.5592468976974487,0.5310887098312378,-0.158797949552536,0.994558572769165,0.5440084338188171,0.5222169160842896,0.1435806304216385,0.0908873081207275,0.5707036852836609,0.4301356077194214,-0.1294218003749847,0.9838472604751588,0.5574554800987244,0.4482733309268951,0.1126455143094062,0.0795466676354408,0.5723544955253601,0.3972274959087372,-0.1501307040452957,0.9678106904029846,0.5664141178131104,0.4179435968399048,0.1195937395095825,0.0925968736410141,0.5736510157585144,0.3939390480518341,-0.1439419537782669,0.964363157749176,0.5634907484054565,0.4121711254119873,0.0955842211842536,0.0942687690258026,0.5732987523078918,0.403424471616745,-0.1255843937397003,0.944198727607727,0.5603008270263672,0.4234301149845123,0.1014270037412643,0.0979116335511207,0.5605756640434265,0.4360459446907043,-0.0707812160253524,0.998185694217682,0.5455682277679443,0.434752345085144,0.0706773921847343,0.9961608052253724,0.5677184462547302,0.276680439710617,-0.0567789115011692,0.8759421110153198,0.5515145063400269,0.2773094773292541,0.0723760202527046,0.3528778553009033,0.5636980533599854,0.1101740598678588,-0.0257447976619005,0.8826439380645752,0.5500417947769165,0.1231579259037971,0.1088323220610618,0.3811816871166229,0.5574779510498047,0.091177150607109,-0.0246553774923086,0.9143854975700378,0.5439893007278442,0.1022565364837646,0.1102029457688331,0.5078952312469482,0.5848550796508789,0.0911959782242775,-0.0700469687581062,0.8716620206832886,0.5713334679603577,0.0995785370469093,0.0685029551386833,0.4507681429386139,hoyeon_stand_normal_01,17.329166,17.0281475,17.318865,16.6355265,16.338729999999998,14.6001445,13.155273,11.8329005,11.287593,11.2976215,12.0235265,12.1769055,12.020889,12.28978,12.1313385,12.971794,13.5854095,15.147815,16.3370475,17.4369125,18.024687,17.755305,17.564874,16.7790085,17.903488,18.2153745,8.7481195,9.619951,10.1517435,10.5743685,10.2468345,10.737984999999998,10.799753,10.383925,10.325403,9.495295,9.1957215,9.3980565,8.7390745,8.063226499999999,8.5276925,8.5,8.531129,9.1374645,9.8239825,10.5965575,11.6811845,12.7481075,13.8653655,14.97319,16.293988,16.904325999999998,11.7047,11.045361,9.055385,7.615773,8.485281,9.848858,11.401754,14.142136,16.03122,18.0,19.0,21.023796,22.022716,22.090722,23.086793,22.203603,20.223748,18.248288,14.317821,10.049876,5.09902,5.09902,9.486833,14.317821,18.788294,21.540659,8.246211,11.18034,13.038405,15.0,16.124515,16.492423,15.811388,13.416408,11.661904,9.219544,6.403124,3.162278,1.414214,3.0,4.472136,7.211103,9.219544,11.313708,12.727922,13.453624,14.866069,16.278821,16.278821,15.556349,15.620499,14.422205,15.231546,13.416408,13.0,10.77033,9.219544,9.0,9.219544,10.440307,11.7047,12.649111,14.317821,16.124515,17.029386,19.026298,18.248288,19.646883,18.973666,18.384776,16.155494,12.649111,10.198039,8.062258,8.602325,11.661904,13.928388,17.088007,9.486833,7.28011,5.0,5.0,6.708204,9.486833,11.401754,13.341664,14.56022,17.088007,16.552945,15.652476,15.264338,14.21267,12.806248,11.401754,10.630146,10.0,10.0,10.29563,10.77033,11.7047,12.649111,14.56022,16.155494,15.231546
hoyeon_stand_normal_01,2301,767,76.7041912568306,29.998360745314464,10,0.5686455368995667,0.6808339357376099,0.0037153924349695,0.999771535396576,0.5657269954681396,0.6924962997436523,-0.0119495596736669,0.9997655749320984,0.5650438666343689,0.692955493927002,-0.0119773894548416,0.9997775554656982,0.564414918422699,0.6934298276901245,-0.0119738420471549,0.9998140931129456,0.5652526021003723,0.6928465962409973,0.0126537838950753,0.9996655583381652,0.5643293261528015,0.6934147477149963,0.0126749062910676,0.9995715618133544,0.5634060502052307,0.693993330001831,0.0126284966245293,0.9996361136436462,0.5572386384010315,0.6885083913803101,-0.0552516989409923,0.999822199344635,0.5557346940040588,0.6897937655448914,0.0533939562737941,0.9994154572486876,0.5641790628433228,0.6699739694595337,-0.0098130693659186,0.9997457265853882,0.5640518665313721,0.6700572371482849,0.0217069406062364,0.999654233455658,0.55029296875,0.631626307964325,-0.1278638243675232,0.9999899864196776,0.5359070897102356,0.6228440999984741,0.1245546862483024,0.9995775818824768,0.5592785477638245,0.5309527516365051,-0.1588159352540969,0.9944843053817748,0.5439680814743042,0.5221559405326843,0.1430699527263641,0.0903189778327941,0.5706955790519714,0.4299341440200805,-0.1301065385341644,0.9836812019348145,0.5573672652244568,0.448200523853302,0.1124836951494216,0.0788453370332717,0.5723353028297424,0.3971026539802551,-0.1510165184736251,0.9675112366676332,0.5664440393447876,0.4180236756801605,0.1194615364074707,0.0919645279645919,0.5736138820648193,0.3937311768531799,-0.1447371542453766,0.9640250205993652,0.5633754730224609,0.4121016561985016,0.0954501554369926,0.093582235276699,0.5732715129852295,0.4032189846038818,-0.1262932568788528,0.9437130689620972,0.5601593255996704,0.4233726263046264,0.1012792065739631,0.0971972420811653,0.5605971217155457,0.4361006319522857,-0.0703698620200157,0.998173713684082,0.5455982685089111,0.4349327981472015,0.0702638551592826,0.99614018201828,0.5675783753395081,0.2766919732093811,-0.0565712489187717,0.8730903267860413,0.5515213012695312,0.2773441076278686,0.07179956138134,0.3508078455924988,0.5638111233711243,0.1107018366456031,-0.0253444947302341,0.8804478049278259,0.5503663420677185,0.1232232302427291,0.1081597581505775,0.3783559203147888,0.5576081871986389,0.0916583761572837,-0.0242256447672843,0.9140008091926576,0.544769823551178,0.1028375253081321,0.1095258891582489,0.5057350397109985,0.5847797989845276,0.0915578231215477,-0.0693472772836685,0.8698350191116333,0.5714586973190308,0.0996293351054191,0.0676189959049224,0.4478014707565307,hoyeon_stand_normal_01,23.430749,22.627417,22.022716,19.416488,15.264338,11.661904,8.602325,7.211103,6.082763,7.071068,9.486833,11.7047,13.601471,15.524175,17.464249,18.439089,20.099751,20.024984,20.0,18.11077,16.124515,13.038405,10.049876,8.944272,9.219544,12.529964,7.28011,7.28011,8.062258,9.055385,10.0,10.0,11.0,11.0,11.045361,11.045361,10.049876,10.0,9.0,9.0,8.062258,8.062258,8.246211,8.246211,8.544004,8.944272,9.219544,10.0,12.206556,14.764823,17.492856,20.248457,10.440307,10.049876,9.055385,8.062258,7.81025,9.486833,11.18034,14.0,16.03122,18.11077,19.104973,20.099751,21.095023,22.022716,22.022716,22.0,20.024984,18.027756,14.035669,9.0,5.385165,5.0,9.433981,13.601471,17.804494,21.633308,8.246211,11.18034,13.038405,15.033296,16.124515,16.492423,15.231546,13.892444,11.661904,9.219544,6.403124,3.162278,2.236068,3.0,5.385165,7.211103,9.219544,10.630146,12.727922,14.142136,14.866069,15.556349,15.556349,15.620499,15.0,13.892444,13.038405,13.152946,15.132746,15.132746,15.132746,14.035669,14.0,12.041595,11.045361,10.049876,8.062258,7.0,6.082763,5.830952,6.403124,8.062258,10.77033,14.866069,17.088007,19.313208,21.540659,21.931712,22.36068,21.470911,20.59126,17.0,12.0,14.0,15.033296,16.124515,15.132746,15.297059,13.341664,11.18034,9.219544,7.0,6.082763,4.472136,5.656854,5.830952,6.708204,7.615773,8.544004,9.848858,10.77033,11.18034,11.18034,11.18034,11.18034,11.7047,11.401754,11.18034
hoyeon_stand_normal_01,2304,768,76.80419672131147,29.998360745314464,10,0.5686483979225159,0.6808158159255981,0.0033409148454666,0.9997732043266296,0.5657349824905396,0.6924712061882019,-0.0123199317604303,0.9997676610946656,0.5650531053543091,0.6929285526275635,-0.0123474095016717,0.9997793436050416,0.5644243359565735,0.6934012770652771,-0.0123436162248253,0.999815821647644,0.565255880355835,0.6928281784057617,0.0122941313311457,0.9996680021286012,0.5643310546875,0.6933974027633667,0.0123153571039438,0.9995745420455932,0.5634061098098755,0.6939765810966492,0.0122695257887244,0.9996386766433716,0.5572485327720642,0.6884788870811462,-0.0557215847074985,0.9998236894607544,0.5557361245155334,0.6897882223129272,0.0528813861310482,0.999420166015625,0.5641829371452332,0.6699625849723816,-0.0102556096389889,0.9997475743293762,0.564052164554596,0.6700479388237,0.0212766136974096,0.999656617641449,0.5502955317497253,0.6314941048622131,-0.1278983205556869,0.999989926815033,0.5358725786209106,0.6228247880935669,0.1237148195505142,0.9995750784873962,0.5592948198318481,0.5307542681694031,-0.1588602513074875,0.9944695234298706,0.5439615845680237,0.5221027135848999,0.142438605427742,0.0899681225419044,0.5706878304481506,0.4297917783260345,-0.130839854478836,0.9836997389793396,0.5573948621749878,0.448261022567749,0.1120606958866119,0.0784623920917511,0.5723217725753784,0.3969981968402862,-0.1519951969385147,0.9675232768058776,0.5664565563201904,0.4187116920948028,0.1190337762236595,0.0915937423706054,0.573586106300354,0.3935684263706207,-0.1457352638244629,0.9640320539474488,0.5633952617645264,0.4120970368385315,0.0950135737657547,0.0931671112775802,0.5732314586639404,0.4030381143093109,-0.1270582824945449,0.9437010884284972,0.5606430172920227,0.4234937131404876,0.1008726581931114,0.0967534631490707,0.5606276392936707,0.4361010491847992,-0.0699091479182243,0.9981676936149596,0.5456016063690186,0.4349714517593384,0.0698052197694778,0.9961231350898744,0.5675732493400574,0.2766812443733215,-0.0561721809208393,0.8713019490242004,0.5515220165252686,0.2773472964763641,0.0715421587228775,0.3510285913944244,0.5640385746955872,0.1110311821103096,-0.0245042685419321,0.8793293237686157,0.5505334138870239,0.1232764050364494,0.1077980622649192,0.3774015605449676,0.5579579472541809,0.0920036360621452,-0.0233669094741344,0.9140714406967164,0.545342206954956,0.103171482682228,0.1091561615467071,0.504931628704071,0.5847581624984741,0.091749832034111,-0.0682093873620033,0.8689150810241699,0.571511447429657,0.0996288284659385,0.0673490390181541,0.4465544521808624,hoyeon_stand_normal_01,26.172505,26.0,24.083189,21.377558,17.464249,13.341664,10.198039,7.071068,6.708204,7.81025,10.29563,12.083046,14.764823,16.124515,18.027756,19.416488,20.615528,21.213203,19.849433,19.209373,17.204651,14.21267,10.630146,8.544004,9.055385,12.649111,9.433981,9.433981,10.0,10.630146,11.313708,12.041595,13.453624,13.453624,13.453624,13.453624,12.041595,12.727922,11.313708,10.630146,10.630146,10.0,10.0,10.29563,9.848858,9.486833,10.049876,12.041595,13.341664,16.763055,19.924859,22.803509,15.556349,17.029386,17.204651,17.204651,16.643317,16.124515,14.764823,13.416408,10.77033,9.486833,7.071068,5.0,3.605551,4.0,6.324555,10.29563,13.892444,17.0,19.235384,22.36068,23.259407,24.166092,23.769729,21.18962,18.681542,15.297059,9.055385,8.246211,7.28011,4.472136,2.828427,1.414214,4.0,5.09902,7.28011,8.944272,9.433981,9.433981,9.433981,8.602325,7.81025,7.211103,5.830952,4.472136,3.162278,2.0,2.0,4.123106,6.708204,8.602325,11.401754,12.806248,11.401754,13.341664,13.341664,14.317821,14.317821,13.601471,12.649111,11.7047,10.77033,9.848858,8.062258,6.324555,5.09902,4.0,5.0,7.071068,9.433981,12.529964,16.124515,18.35756,20.248457,21.633308,22.203603,20.808652,18.601075,15.620499,13.0,15.231546,16.155494,17.0,17.0,16.124515,14.422205,13.038405,10.816654,8.944272,7.28011,6.0,5.385165,5.830952,6.403124,7.81025,8.485281,9.219544,9.899495,10.630146,10.630146,11.401754,11.313708,10.630146,10.0,11.18034
hoyeon_stand_normal_01,2307,769,76.90420218579234,29.998360745314464,10,0.5686489343643188,0.6808037161827087,0.0024590655229985,0.9997763633728028,0.5657352805137634,0.692449152469635,-0.0131881991401314,0.999771535396576,0.5650530457496643,0.6929046511650085,-0.0132140945643186,0.9997826218605042,0.5644241571426392,0.6933748126029968,-0.0132108870893716,0.9998189210891724,0.5652564167976379,0.6928067207336426,0.0113590890541672,0.9996732473373412,0.5643310546875,0.6933743953704834,0.0113806314766407,0.9995808005332948,0.563405454158783,0.6939526200294495,0.0113358255475759,0.9996444582939148,0.5572509765625,0.6884397268295288,-0.0563267469406127,0.9998266100883484,0.5557361841201782,0.6897760629653931,0.0518953613936901,0.999431312084198,0.5641821622848511,0.6699561476707458,-0.0110291140154004,0.9997513294219972,0.5640504360198975,0.6700401902198792,0.0204120185226202,0.999662220478058,0.5502983927726746,0.631292998790741,-0.1279228776693344,0.999989926815033,0.5358260869979858,0.622818112373352,0.1228726580739021,0.9995771646499634,0.5593023896217346,0.5304201245307922,-0.1588734090328216,0.9944847822189332,0.543963611125946,0.5220146179199219,0.1415814459323883,0.0898344963788986,0.5706885457038879,0.4295268058776855,-0.1311854571104049,0.9837843775749208,0.5574168562889099,0.4482665359973907,0.1108500137925148,0.0782191231846809,0.5723103284835815,0.3967891335487366,-0.1525923758745193,0.9676530957221984,0.5665454268455505,0.4194998145103454,0.117688663303852,0.0913194119930267,0.5735734105110168,0.3932752311229706,-0.1462954431772232,0.9641687273979188,0.5634097456932068,0.4120621681213379,0.0936352089047432,0.0928448289632797,0.5732200741767883,0.4026715159416199,-0.1274174749851226,0.9438852071762084,0.5610238909721375,0.4235457181930542,0.099682904779911,0.0964117422699928,0.5607379674911499,0.4361938536167145,-0.0695881769061088,0.9981800317764282,0.5455116033554077,0.435055673122406,0.0694892257452011,0.9961532950401306,0.5676105618476868,0.2766729295253753,-0.0561781153082847,0.87098228931427,0.5513694882392883,0.2774412631988525,0.0714469701051712,0.3520639836788177,0.5645028948783875,0.1114097088575363,-0.0242617242038249,0.8788331151008606,0.5505716800689697,0.1233992800116539,0.1075379475951194,0.3772840797901153,0.5585860013961792,0.0923817157745361,-0.0230501852929592,0.9146104454994202,0.5455874800682068,0.1035568043589592,0.1088834777474403,0.5048837661743164,0.5847547650337219,0.092092216014862,-0.0669547244906425,0.8685281872749329,0.5715125799179077,0.099665880203247,0.0672462359070777,0.4457134008407593,hoyeon_stand_normal_01,9.055385,8.944272,10.630146,12.041595,14.21267,14.866069,15.620499,14.866069,14.866069,13.453624,12.041595,10.630146,9.219544,7.071068,5.830952,5.09902,5.385165,7.81025,9.899495,13.453624,16.278821,19.104973,21.260292,22.203603,21.954498,20.124612,10.0,11.0,11.0,11.045361,11.045361,10.0,10.0,9.055385,8.246211,7.28011,7.615773,7.211103,7.81025,7.81025,7.81025,8.602325,8.944272,9.848858,10.77033,11.7047,13.601471,14.56022,14.56022,14.866069,13.601471,11.401754,11.6729325,9.7434165,8.9109345,7.936254,8.3322915,10.2450915,11.8731475,13.7260385,16.124515,17.6452165,19.5697855,20.6593855,21.5838505,22.7637055,22.458073,22.191698,19.575455,17.732124499999998,14.1589105,9.244682999999998,4.736068,5.1925825,9.472136,14.011838,18.0363065,21.633308,8.3322915,11.693448,13.2707775,15.925002,16.443785,16.6313385,15.6286305,14.170832,11.9351125,9.081908,7.0094485,3.924096,1.7071070000000002,2.618034,5.1925825,7.343420500000001,8.840095999999999,10.6284805,12.444647,13.7649295,14.6589105,15.521467,15.3387285,16.227352500000002,14.9851485,14.686841,16.0,15.0,13.038405,11.045361,10.440307,9.848858,10.0,10.630146,12.806248,14.21267,16.401219,17.204651,18.35756,19.697716,20.248457,20.615528,20.223748,19.104973,17.117243,14.142136,11.401754,9.219544,8.544004,12.0,15.132746,18.248288,9.0,7.071068,5.0,5.385165,8.062258,11.045361,13.038405,16.03122,17.029386,18.027756,18.11077,18.248288,16.278821,15.524175,13.601471,12.649111,11.7047,10.440307,10.198039,10.049876,11.0,13.038405,14.035669,15.132746,16.03122,18.027756
hoyeon_stand_normal_01,2310,770,77.00420765027322,29.998360745314464,10,0.5686485767364502,0.6807835698127747,0.0016354242106899,0.9997811317443848,0.5657328963279724,0.6924314498901367,-0.0140551961958408,0.9997768998146056,0.5650468468666077,0.6928864121437073,-0.0140799153596162,0.9997873306274414,0.5644137263298035,0.6933555603027344,-0.014077266678214,0.9998231530189514,0.5652563571929932,0.6927899718284607,0.0104796355590224,0.9996806979179382,0.5643308162689209,0.6933570504188538,0.0105017954483628,0.9995898604393004,0.5634050965309143,0.6939355134963989,0.0104575017467141,0.9996525049209596,0.5572421550750732,0.6884148120880127,-0.0568474158644676,0.9998308420181274,0.5557361245155334,0.6897682547569275,0.0512517914175987,0.99944669008255,0.5641669631004333,0.6699215173721313,-0.0116711687296628,0.9997572302818298,0.5640426874160767,0.6700090169906616,0.0197442807257175,0.9996708631515504,0.5502878427505493,0.6310977339744568,-0.1279450058937072,0.9999899864196776,0.5357933044433594,0.6228258013725281,0.1227104663848877,0.9995831847190856,0.5592992901802063,0.5299710631370544,-0.1588707119226455,0.9945278763771056,0.5439974665641785,0.5218989849090576,0.1415340304374694,0.0898212790489196,0.5706966519355774,0.4291548728942871,-0.1312399506568908,0.9839458465576172,0.5574683547019958,0.448287159204483,0.110530138015747,0.0781684145331382,0.5723081827163696,0.3964614570140838,-0.1527198404073715,0.9679234027862548,0.5675634145736694,0.4205201864242553,0.1172773167490959,0.0912180542945861,0.5735617280006409,0.3929117321968078,-0.1465059965848922,0.9644652009010316,0.5634319186210632,0.4120180010795593,0.0931990072131156,0.0927177742123603,0.5732076168060303,0.4022655487060547,-0.1274915188550949,0.9443015456199646,0.5613147020339966,0.42357337474823,0.0993430987000465,0.0962775200605392,0.5608287453651428,0.4361949265003204,-0.0694098249077797,0.9982019066810608,0.5454623699188232,0.4350592195987701,0.0693146288394928,0.9962051510810852,0.5677010416984558,0.2763417959213257,-0.0561943985521793,0.8715197443962097,0.5511554479598999,0.2774223685264587,0.0713992640376091,0.3548287153244018,0.5649347305297852,0.1114534735679626,-0.0242515578866004,0.8789858222007751,0.5505802631378174,0.1233717426657676,0.1074176356196403,0.3791864812374115,0.5591094493865967,0.092488408088684,-0.0230311639606952,0.9154236912727356,0.5457223057746887,0.1029098555445671,0.1087527126073837,0.506477415561676,0.584753155708313,0.0920972526073455,-0.0667537823319435,0.8687861561775208,0.5714948177337646,0.0995252504944801,0.0672162547707557,0.446763128042221,hoyeon_stand_normal_01,8.062258,8.944272,10.630146,13.453624,16.278821,17.691806,17.691806,17.691806,17.029386,15.620499,13.601471,11.401754,10.0,8.485281,6.708204,6.082763,7.28011,10.0,13.453624,16.970563,20.518285,23.430749,26.400758,26.925824,26.832816,24.698178,9.848858,10.77033,10.77033,10.77033,10.77033,10.77033,9.486833,8.246211,8.062258,7.0,7.071068,7.28011,6.708204,7.211103,7.81025,7.81025,8.602325,9.433981,11.18034,12.083046,13.416408,14.317821,15.652476,15.652476,14.317821,12.083046,10.816654,9.219544,8.944272,8.062258,8.246211,9.433981,12.041595,14.21267,16.401219,18.027756,18.601075,20.808652,21.400935,22.803509,22.671568,21.931712,20.518285,18.384776,14.142136,10.0,6.082763,5.656854,9.486833,14.56022,18.681542,21.84033,8.246211,11.401754,14.317821,16.124515,17.204651,16.278821,16.278821,14.422205,11.661904,9.486833,7.071068,4.0,1.414214,2.236068,4.472136,6.708204,8.544004,10.440307,12.165525,13.152946,15.297059,15.297059,15.297059,15.297059,14.56022,13.928388,17.029386,15.033296,13.152946,12.165525,9.486833,9.433981,10.0,11.313708,12.727922,14.142136,15.620499,17.029386,18.027756,19.235384,20.615528,19.924859,20.615528,19.235384,17.262677,14.142136,11.401754,9.219544,8.544004,11.0,15.132746,17.262677,9.055385,6.324555,5.656854,5.385165,8.062258,11.18034,13.341664,15.297059,17.262677,18.11077,18.0,17.029386,16.124515,15.132746,14.317821,13.341664,12.369317,11.18034,10.049876,11.045361,12.165525,13.341664,14.317821,15.297059,17.262677,17.117243
hoyeon_stand_normal_01,2313,771,77.1042131147541,29.998360745314464,10,0.5686618089675903,0.6807768940925598,0.0010680280392989,0.999787986278534,0.5657347440719604,0.692419171333313,-0.014584545046091,0.9997841715812684,0.5650454759597778,0.6928728818893433,-0.0146078206598758,0.9997939467430116,0.5644045472145081,0.6933410167694092,-0.0146049344912171,0.9998287558555604,0.5652839541435242,0.6927782893180847,0.0098908226937055,0.9996911883354188,0.5643671751022339,0.6933451890945435,0.0099133262410759,0.9996029138565063,0.5634502172470093,0.6939240097999573,0.0098701128736138,0.9996639490127563,0.5572034120559692,0.6884032487869263,-0.0570045113563537,0.999836266040802,0.5557490587234497,0.6897671222686768,0.0508471503853797,0.999466359615326,0.5641641020774841,0.6699057817459106,-0.0120544480159878,0.9997648596763612,0.5640506148338318,0.6699922680854797,0.0192843414843082,0.999681830406189,0.5502094626426697,0.6310493350028992,-0.1279591619968414,0.9999901056289672,0.5357921719551086,0.6228339076042175,0.1226553916931152,0.9995911717414856,0.5592687129974365,0.5297884345054626,-0.1587295681238174,0.994613230228424,0.544010579586029,0.5217939019203186,0.1413138806819915,0.0901688858866691,0.5706965327262878,0.4291154742240906,-0.1312519609928131,0.9842175841331482,0.5574876070022583,0.4482591152191162,0.1100561767816543,0.0782131031155586,0.5723063945770264,0.3963754773139953,-0.1527273207902908,0.9683896899223328,0.5676937103271484,0.4204981327056885,0.1167754381895065,0.0911440327763557,0.5735593438148499,0.3928114771842956,-0.1465138345956802,0.9649836421012878,0.5634075403213501,0.4120151698589325,0.0928154215216636,0.0926103889942169,0.5732020735740662,0.4021979570388794,-0.1275024116039276,0.9450429081916808,0.5614160299301147,0.4236271381378174,0.0989312380552291,0.0961464792490005,0.560828447341919,0.4362125396728515,-0.0694064274430275,0.9982227683067322,0.5454286932945251,0.4351148307323456,0.069312497973442,0.9962568283081056,0.5677305459976196,0.2763424515724182,-0.0562517717480659,0.8725935220718384,0.5510748624801636,0.2774497270584106,0.0713606253266334,0.3559468984603882,0.5650840997695923,0.1115078255534172,-0.0242652390152215,0.8791446089744568,0.5505853295326233,0.1233319193124771,0.1073221191763877,0.3799903392791748,0.5592272877693176,0.0925474762916565,-0.0230610258877277,0.9161531925201416,0.5457738041877747,0.1024089008569717,0.1086410582065582,0.507620096206665,0.5847670435905457,0.0922406837344169,-0.066782459616661,0.8691542744636536,0.5714874863624573,0.0994937941431999,0.0671518221497535,0.4470723569393158,hoyeon_stand_normal_01,25.942244,26.0,24.041631,21.377558,17.262677,13.152946,9.219544,6.708204,5.830952,7.071068,10.0,12.041595,14.0,16.0,18.027756,19.104973,21.213203,21.587033,21.18962,19.313208,17.464249,13.928388,10.198039,8.062258,9.219544,12.206556,9.219544,9.899495,10.0,10.816654,11.661904,12.529964,13.416408,13.416408,13.416408,13.416408,12.529964,12.529964,11.18034,11.18034,10.77033,10.77033,9.486833,10.198039,10.049876,9.0,10.198039,11.18034,13.038405,16.401219,20.615528,22.803509,10.440307,8.062258,7.071068,6.324555,7.0,8.544004,10.816654,12.806248,14.866069,16.970563,18.384776,19.104973,20.518285,21.260292,20.615528,20.0,18.601075,15.811388,12.806248,8.485281,5.09902,6.403124,10.29563,14.317821,18.384776,21.931712,9.433981,12.206556,14.142136,15.620499,17.204651,17.0,16.155494,13.601471,12.165525,9.055385,6.0,3.162278,1.0,2.236068,4.0,7.0,9.055385,10.198039,12.369317,13.341664,14.317821,15.297059,15.297059,15.132746,14.035669,13.038405,15.556349,14.142136,12.727922,11.401754,8.944272,9.219544,10.049876,11.0,13.038405,14.0,16.0,17.117243,18.439089,18.973666,19.697716,20.124612,19.723083,19.416488,17.204651,13.038405,10.77033,8.0,8.602325,11.401754,15.264338,17.888544,9.219544,7.071068,4.472136,4.472136,6.403124,10.630146,13.453624,14.866069,16.970563,17.029386,17.804494,18.027756,16.124515,14.764823,13.0,13.0,12.083046,10.29563,9.433981,10.0,11.313708,12.041595,14.21267,15.0,16.278821,17.029386
hoyeon_stand_normal_01,2316,772,77.20421857923498,29.998360745314464,10,0.5686507821083069,0.6807615756988525,0.0011116019450128,0.9997933506965636,0.5657051205635071,0.692405641078949,-0.0145455477759242,0.9997897744178772,0.5649961829185486,0.692858874797821,-0.0145689398050308,0.9997990131378174,0.564335286617279,0.6933269500732422,-0.0145661709830164,0.9998329877853394,0.5652803182601929,0.6927651762962341,0.0099257864058017,0.9996995329856871,0.564365804195404,0.6933326721191406,0.009948406368494,0.9996131658554076,0.563450038433075,0.6939135193824768,0.009905656799674,0.9996729493141174,0.5571202039718628,0.6883910298347473,-0.0567862130701541,0.9998404383659364,0.555745542049408,0.6897739768028259,0.0510603860020637,0.999480962753296,0.5641101598739624,0.6698727607727051,-0.0119236027821898,0.999770164489746,0.5640327334403992,0.6699584126472473,0.0194144640117883,0.9996898174285888,0.5500909090042114,0.6310825943946838,-0.1279729753732681,0.9999902844429016,0.5357905030250549,0.622840404510498,0.1238318309187889,0.9995974898338318,0.559070348739624,0.5298437476158142,-0.1587393283843994,0.9946699142456056,0.5439722537994385,0.5217924118041992,0.1421644836664199,0.0901155769824981,0.5706834197044373,0.4292189478874206,-0.1309259235858917,0.9843421578407288,0.5573968887329102,0.4481413662433624,0.1104137077927589,0.0778525322675705,0.5723046660423279,0.3964200913906097,-0.1523195058107376,0.968605935573578,0.5676695108413696,0.4197741746902466,0.117190346121788,0.0907562673091888,0.573558509349823,0.39284148812294,-0.1460394561290741,0.9652286171913148,0.5633304715156555,0.4120115339756012,0.0932736843824386,0.0922060683369636,0.5732001066207886,0.4022886753082275,-0.127114936709404,0.945386528968811,0.5609413385391235,0.4236285984516144,0.0992973297834396,0.0957066640257835,0.5607905983924866,0.4362267255783081,-0.069898284971714,0.9982470273971558,0.5453828573226929,0.4351194202899933,0.0698059573769569,0.9963035583496094,0.5677377581596375,0.2763069272041321,-0.056873332709074,0.8739510774612427,0.5510786175727844,0.2774395048618316,0.0716034621000289,0.3567909002304077,0.5650864839553833,0.1113944053649902,-0.0254680290818214,0.8802897334098816,0.5505990982055664,0.1230769678950309,0.1074202358722686,0.3816874027252197,0.5591745376586914,0.0925111770629882,-0.0242439340800046,0.9171534776687622,0.54575514793396,0.1021067723631858,0.1087207794189453,0.5093091130256653,0.5848188996315002,0.0921272784471511,-0.0676348656415939,0.8706161975860596,0.5715376138687134,0.0992828980088234,0.0672571659088134,0.4487187266349792,hoyeon_stand_normal_01,9.219544,8.544004,10.049876,13.0,14.035669,16.03122,16.03122,16.0,15.033296,14.035669,13.152946,11.18034,10.049876,8.0,6.082763,5.0,5.385165,8.0,11.045361,15.132746,18.11077,21.023796,24.020824,24.33105,23.769729,22.135944,10.816654,11.661904,11.661904,12.529964,12.529964,11.661904,10.816654,10.0,8.485281,7.81025,8.062258,7.615773,8.246211,8.062258,8.0,9.055385,9.055385,10.198039,11.401754,12.649111,13.928388,14.866069,15.811388,14.866069,14.866069,12.083046,13.892444,14.422205,15.0,15.620499,14.866069,14.142136,12.727922,11.401754,10.0,8.062258,5.385165,4.0,3.605551,5.385165,8.062258,11.0,14.035669,17.029386,19.104973,21.023796,23.021729,23.0,22.022716,21.095023,18.11077,15.297059,9.219544,7.28011,5.385165,3.605551,1.414214,1.0,3.605551,5.0,6.403124,8.485281,9.219544,9.219544,9.433981,8.602325,8.062258,7.211103,5.830952,4.472136,3.605551,1.414214,1.0,3.162278,5.09902,7.615773,9.848858,11.18034,12.041595,14.142136,14.142136,14.142136,14.142136,14.035669,14.0,12.0,11.045361,10.049876,8.062258,7.0,5.09902,4.472136,5.830952,7.615773,10.440307,13.152946,15.297059,18.439089,20.615528,21.587033,21.84033,20.880613,18.973666,15.811388,13.0,15.033296,16.124515,16.278821,16.492423,15.524175,14.317821,12.369317,10.198039,8.062258,6.082763,5.385165,5.656854,6.403124,6.708204,7.615773,8.944272,9.848858,11.18034,11.661904,12.529964,11.661904,12.083046,12.083046,11.401754,11.18034
hoyeon_stand_normal_01,2319,773,77.30422404371585,29.998360745314464,10,0.5685581564903259,0.6807494759559631,0.0011200404260307,0.9997968077659608,0.5655853748321533,0.6923956274986267,-0.0145310778170824,0.9997932314872742,0.5648549199104309,0.6928519606590271,-0.0145540554076433,0.9998020529747008,0.5641822814941406,0.6933222413063049,-0.0145512046292424,0.9998353719711304,0.565216600894928,0.692755937576294,0.0099400980398058,0.9997050762176514,0.5643138289451599,0.6933274269104004,0.0099627813324332,0.9996200799942015,0.5634109973907471,0.6939139366149902,0.0099199414253234,0.9996790289878844,0.557009756565094,0.6883952617645264,-0.0565977580845356,0.9998428225517272,0.5557175874710083,0.689812958240509,0.0512866601347923,0.9994907975196838,0.563971757888794,0.6698646545410156,-0.011862127110362,0.9997735023498536,0.563944399356842,0.6699514985084534,0.0194788947701454,0.9996951818466188,0.5498934388160706,0.6311103105545044,-0.1282167583703994,0.9999904036521912,0.5357994437217712,0.6228405833244324,0.1249156445264816,0.9996027946472168,0.5588595867156982,0.5298601388931274,-0.159054234623909,0.9947556853294371,0.5439814925193787,0.5217854380607605,0.1434911340475082,0.0902425497770309,0.5706787705421448,0.4293331503868103,-0.1315599828958511,0.9845333695411682,0.5574050545692444,0.4480025172233581,0.1114059016108512,0.0777440220117569,0.5723031759262085,0.396524965763092,-0.1529704928398132,0.9689331650733948,0.5677839517593384,0.4192035794258117,0.1183154582977294,0.0905345156788826,0.5735626220703125,0.3929140269756317,-0.1466720700263977,0.9656059741973876,0.5633338093757629,0.4120093882083893,0.0945314094424247,0.0919782072305679,0.573199987411499,0.4024383723735809,-0.1277084946632385,0.9459172487258912,0.5611458420753479,0.4236646890640259,0.1003321409225463,0.0954664945602417,0.5606768727302551,0.4363069832324981,-0.0709049552679061,0.9982659816741944,0.5453647971153259,0.4351986348628998,0.0708164721727371,0.9963457584381104,0.5677061080932617,0.276392251253128,-0.058342769742012,0.8755561709403992,0.5511277318000793,0.2775457501411438,0.0720249712467193,0.354418009519577,0.56485515832901,0.1112434491515159,-0.0274744667112827,0.8808987140655518,0.5506101846694946,0.1229580491781234,0.1082031354308128,0.3814838826656341,0.5584260821342468,0.092397890985012,-0.0262645240873098,0.9177463054656982,0.5456794500350952,0.1018115207552909,0.1094883903861045,0.5102459192276001,0.584883451461792,0.0921080857515335,-0.0703300759196281,0.8715910911560059,0.5717348456382751,0.0992083474993705,0.0677312165498733,0.4492888450622558,hoyeon_stand_normal_01,22.803509,23.323808,21.023796,19.313208,14.56022,11.401754,8.544004,5.656854,5.385165,7.0,9.219544,11.18034,13.341664,15.132746,17.117243,18.027756,19.026298,19.104973,19.235384,17.464249,15.524175,12.369317,10.049876,7.28011,8.485281,11.661904,7.81025,7.81025,8.062258,8.944272,9.486833,10.440307,10.440307,11.401754,10.440307,11.7047,10.440307,10.440307,9.486833,9.486833,9.219544,9.219544,8.062258,8.062258,8.0,8.062258,8.544004,9.433981,11.313708,14.866069,17.029386,20.518285,15.264338,16.124515,16.552945,16.155494,15.811388,14.56022,13.601471,12.369317,10.198039,8.062258,6.0,4.123106,2.828427,3.162278,6.403124,9.219544,12.727922,15.556349,19.104973,21.213203,21.931712,22.671568,22.022716,20.0,17.204651,13.892444,9.0,8.062258,7.28011,5.385165,2.828427,2.236068,3.162278,5.0,7.071068,8.246211,8.544004,8.944272,8.944272,8.062258,8.062258,6.708204,5.830952,4.472136,3.162278,1.0,2.0,3.605551,6.403124,8.485281,10.630146,12.806248,13.09017,13.319938,12.9223265,11.967582,10.820365,10.5503315,10.6925345,10.615108,10.1324525,10.205868,10.2333455,10.3115975,10.3815275,11.18034,12.349457,13.3316665,14.809714499999998,15.449475499999998,15.977038,16.020564999999998,15.2288885,14.715874,15.2205985,16.2043655,16.9678765,16.664583,10.3426855,10.6944445,10.326238,10.6117675,11.6757605,11.8208745,12.821533,12.807212,12.52724,12.2317385,11.014241,9.826238,10.062306,9.9330345,9.1529825,8.902439000000001,8.825705,8.6485415,9.534201,9.3267625,10.315073,11.3358705,11.363961,12.4330345,12.9259895,13.1954145
hoyeon_stand_normal_01,2322,774,77.40422950819672,29.998360745314464,10,0.5683667659759521,0.6807433366775513,0.0006398061523213,0.999800145626068,0.5653737187385559,0.6923862099647522,-0.0149513809010386,0.9997960925102234,0.5646377801895142,0.6928428411483765,-0.0149744357913732,0.9998047351837158,0.5639742016792297,0.6933134198188782,-0.014972404576838,0.9998374581336976,0.5650511384010315,0.692746639251709,0.0095680737867951,0.9997099041938782,0.5641620755195618,0.6933193206787109,0.0095904069021344,0.9996263384819032,0.563278079032898,0.6939077973365784,0.0095462780445814,0.9996845722198486,0.5569233298301697,0.6883887648582458,-0.0566395968198776,0.999845027923584,0.5556597113609314,0.6898187398910522,0.0513038225471973,0.9994998574256896,0.5638170838356018,0.6698564291000366,-0.0121392896398901,0.999777853488922,0.5638046264648438,0.6699402332305908,0.0192382130771875,0.9997013807296752,0.5497680902481079,0.6311118602752686,-0.1292702257633209,0.9999905824661256,0.535861611366272,0.6228000521659851,0.125580683350563,0.9996094703674316,0.5587076544761658,0.5297883749008179,-0.1603650599718094,0.9948657155036926,0.5440966486930847,0.5213994383811951,0.1444011777639389,0.0908975601196289,0.5706803798675537,0.4293392896652221,-0.1342761814594268,0.9848155975341796,0.5575300455093384,0.4459868967533111,0.1118580996990203,0.0782037526369094,0.5723133683204651,0.3965489864349365,-0.155898168683052,0.9694342017173768,0.5682085156440735,0.4178437888622284,0.1187275201082229,0.0908456593751907,0.5735925436019897,0.3929424285888672,-0.1497285664081573,0.9661789536476136,0.5634639859199524,0.4117872416973114,0.0951260030269622,0.0923032611608505,0.5732186436653137,0.4025174081325531,-0.1304520815610885,0.94672691822052,0.5615614056587219,0.4229034185409546,0.1008338183164596,0.0957290604710578,0.5606182217597961,0.4361588358879089,-0.071902796626091,0.9982737302780152,0.5454708337783813,0.4351339042186737,0.0718170553445816,0.996373176574707,0.5676854252815247,0.2760359644889831,-0.0595021918416023,0.8786160945892334,0.5513781309127808,0.276904433965683,0.0722604095935821,0.3549570441246032,0.5644638538360596,0.1104262247681617,-0.0288474168628454,0.883296012878418,0.5506149530410767,0.1222670376300811,0.1088529378175735,0.3845166563987732,0.5571685433387756,0.0917056053876876,-0.0276780016720294,0.9189140200614928,0.5450145602226257,0.1009146720170974,0.1101128533482551,0.5130600929260254,0.584868311882019,0.0902529582381248,-0.0738114416599273,0.8741401433944702,0.5717993378639221,0.0970181077718734,0.0677494257688522,0.453256219625473,hoyeon_stand_normal_01,24.351591,25.079872,22.825424,20.808652,17.804494,13.601471,9.433981,7.28011,7.071068,6.708204,9.219544,10.630146,13.453624,15.620499,17.204651,18.027756,19.723083,21.023796,20.248457,18.973666,16.763055,14.56022,10.77033,7.81025,8.246211,11.0,9.0,9.0,10.049876,10.198039,10.440307,11.7047,12.649111,12.649111,12.649111,11.7047,11.7047,11.7047,11.7047,10.77033,9.848858,9.848858,10.29563,9.433981,10.0,9.899495,9.433981,10.77033,12.369317,15.297059,19.235384,21.377558,13.928388,14.56022,15.297059,15.132746,15.132746,14.035669,13.0,11.0,9.055385,7.28011,5.385165,4.242641,4.0,4.472136,8.485281,11.401754,13.601471,17.204651,20.0,22.022716,23.430749,24.083189,23.345235,21.213203,19.104973,14.866069,7.615773,7.28011,6.0,4.0,1.414214,2.236068,4.123106,6.0,8.0,9.055385,10.198039,10.440307,9.486833,9.486833,8.544004,7.615773,6.324555,5.385165,4.123106,2.0,1.0,2.828427,5.0,7.211103,9.433981,11.18034,16.03122,15.132746,13.152946,12.0,10.049876,9.486833,10.29563,11.401754,11.401754,13.601471,15.811388,17.0,18.384776,19.313208,19.646883,19.416488,21.095023,19.026298,17.0,14.035669,10.198039,8.062258,7.615773,11.0,14.142136,16.278821,9.0,7.071068,5.385165,5.830952,8.246211,10.0,13.0,15.0,17.029386,18.248288,18.439089,17.720045,17.088007,16.155494,14.317821,13.416408,12.083046,12.083046,10.77033,10.198039,11.18034,13.038405,14.0,16.0,17.029386,17.029386
hoyeon_stand_normal_01,2325,775,77.5042349726776,29.998360745314464,10,0.5681716203689575,0.6807368397712708,0.0006191820139065,0.999803066253662,0.5651724934577942,0.6923777461051941,-0.0149388248100876,0.9997983574867249,0.564440131187439,0.6928347945213318,-0.0149623258039355,0.9998068809509276,0.5637931823730469,0.6933057904243469,-0.0149603812023997,0.999839186668396,0.5648809671401978,0.6927386522293091,0.0095909973606467,0.9997137188911438,0.5640058517456055,0.6933123469352722,0.0096131963655352,0.9996311068534852,0.5631431341171265,0.6939024329185486,0.009569083340466,0.9996888041496276,0.556867241859436,0.6883838772773743,-0.0564961172640323,0.9998466968536376,0.5556185841560364,0.6898183822631836,0.0515137538313865,0.9995049238204956,0.5636615753173828,0.6698452830314636,-0.0121311405673623,0.99978107213974,0.5636619925498962,0.669929027557373,0.0192548613995313,0.9997057914733888,0.5496398210525513,0.6311322450637817,-0.1293461471796035,0.999990701675415,0.5360094308853149,0.6226922869682312,0.1261635273694992,0.9996142983436584,0.5583854913711548,0.5297623872756958,-0.1605362147092819,0.9949407577514648,0.544216513633728,0.5209741592407227,0.1451161652803421,0.0916715860366821,0.5706726908683777,0.4293794631958008,-0.1348099559545517,0.9850171208381652,0.5575731992721558,0.4449712038040161,0.1124000400304794,0.0787658095359802,0.5723127722740173,0.3966394066810608,-0.1563400626182556,0.969804048538208,0.5684770941734314,0.4168503582477569,0.1191545203328132,0.0913156196475029,0.5736220479011536,0.3930275440216064,-0.1501871645450592,0.9666078090667723,0.5635473728179932,0.4117592275142669,0.0957053005695343,0.0927872657775878,0.5732370615005493,0.4026821255683899,-0.1309613585472107,0.947324514389038,0.5618311166763306,0.4226441979408264,0.1014027073979377,0.0961565524339675,0.560382604598999,0.4361303746700287,-0.0720650255680084,0.9982805252075196,0.5457277894020081,0.4351356923580169,0.0719783455133438,0.9963982701301576,0.5674175024032593,0.2760344445705414,-0.0597175545990467,0.88021320104599,0.5516039729118347,0.2768102288246155,0.0721304714679718,0.3553808629512787,0.5639356374740601,0.1103490740060806,-0.028915349394083,0.8851569294929504,0.5506211519241333,0.1219342127442359,0.1085862889885902,0.3866829872131347,0.5568379759788513,0.0916945412755012,-0.0277215857058763,0.9194695949554444,0.5450114607810974,0.1008247435092926,0.1098190248012542,0.5143115520477295,0.5846622586250305,0.0896275490522384,-0.0742520093917846,0.8761945366859436,0.5718567967414856,0.0961288139224052,0.0666897222399711,0.4558580219745636,hoyeon_stand_normal_01,25.096638,24.5607515,23.2686025,20.1617495,17.1460315,13.0956755,9.626712,6.9701640000000005,6.0299890000000005,7.1619885,9.7087915,11.7836395,13.7419,15.901498,18.2334225,19.4800455,20.9522045,21.317841,20.916224,19.8615415,17.261121,14.3174375,10.737984999999998,8.062258,8.544004,12.104001,8.177126999999999,8.7147765,9.3267625,10.0,10.7234,11.065181,11.487806,12.194913,12.194913,12.194913,11.065181,10.804669,10.804669,10.462888,10.239502,9.924429,9.7434165,9.460407,9.081908,8.772002,9.055385,10.410103,12.5895375,15.678030499999998,19.282839,21.783614,12.0,10.198039,8.944272,8.485281,8.944272,10.049876,12.041595,13.152946,15.524175,17.720045,18.681542,20.615528,21.587033,21.587033,22.561028,21.213203,20.223748,17.117243,14.035669,9.219544,5.830952,5.0,9.433981,14.21267,17.029386,21.400935,7.81025,10.0,13.038405,14.317821,15.811388,15.297059,15.132746,13.0,11.045361,9.219544,5.830952,2.828427,2.236068,3.162278,5.09902,7.28011,9.486833,10.77033,12.083046,14.317821,15.652476,15.652476,16.552945,16.155494,15.811388,14.56022,16.278821,14.866069,13.453624,12.041595,10.29563,9.848858,10.198039,11.045361,12.041595,14.035669,15.132746,17.262677,17.720045,19.313208,19.723083,20.248457,20.0,18.439089,16.278821,14.21267,10.816654,9.219544,8.544004,11.401754,14.21267,17.029386,9.433981,6.708204,5.09902,5.385165,7.81025,10.630146,13.601471,15.0,17.029386,17.691806,17.691806,17.029386,16.401219,15.811388,13.892444,13.416408,12.529964,11.661904,10.816654,10.630146,11.313708,13.453624,14.21267,16.401219,17.029386,16.278821
hoyeon_stand_normal_01,2328,776,77.60424043715847,29.998360745314464,10,0.5679138898849487,0.6807299852371216,0.0006227765697985,0.9998049736022948,0.5649216175079346,0.6923727989196777,-0.0149198090657591,0.99979966878891,0.5642126202583313,0.6928312182426453,-0.01494353543967,0.9998083114624025,0.5636001229286194,0.6933021545410156,-0.014941593632102,0.999840259552002,0.5646158456802368,0.6927341222763062,0.0096157304942607,0.9997159242630004,0.5637426376342773,0.6933091282844543,0.009637888520956,0.9996337294578552,0.5628920793533325,0.6939004063606262,0.0095937047153711,0.99969083070755,0.5568265914916992,0.6883813738822937,-0.0563327334821224,0.9998478889465332,0.5555216670036316,0.6898177266120911,0.0518113821744918,0.9995065927505492,0.5634781122207642,0.6698471307754517,-0.0121215982362627,0.9997833967208862,0.5634562969207764,0.6699309349060059,0.0192683674395084,0.999708354473114,0.5494827032089233,0.6311362981796265,-0.129627987742424,0.9999908208847046,0.5361546277999878,0.6225768327713013,0.1268913298845291,0.9996160268783568,0.5579662919044495,0.5297601819038391,-0.161307156085968,0.9950072169303894,0.5443929433822632,0.5208104848861694,0.1462733000516891,0.0920904353260994,0.570623517036438,0.4293797612190246,-0.1358464062213897,0.9852542281150818,0.557699978351593,0.4450130462646484,0.1132946088910102,0.0795174390077591,0.572292685508728,0.3966601490974426,-0.1572461426258087,0.9702419638633728,0.569498598575592,0.4167434275150299,0.119926705956459,0.0920204892754554,0.573620617389679,0.3930572271347046,-0.15133598446846,0.9671071767807008,0.5636968612670898,0.411716103553772,0.0964993610978126,0.0935357734560966,0.573231041431427,0.4027564525604248,-0.1320509165525436,0.9480438828468324,0.562136709690094,0.4226638376712799,0.1022310629487037,0.0969125553965568,0.5599414706230164,0.4360835254192352,-0.0724005028605461,0.9982911348342896,0.5459922552108765,0.4351357221603393,0.0723121836781501,0.996422290802002,0.5667693018913269,0.2761597633361816,-0.059910099953413,0.8818224668502808,0.5518288016319275,0.2768644392490387,0.0721304640173912,0.3556258678436279,0.5633432865142822,0.1101299747824668,-0.0290978215634822,0.8870807886123657,0.5506216287612915,0.1219036653637886,0.1085784211754798,0.3889248669147491,0.5555415749549866,0.0913996994495391,-0.027938138693571,0.9199398756027222,0.544377326965332,0.1006598696112632,0.1098133251070976,0.5156312584877014,0.5845396518707275,0.0890450105071067,-0.0754002332687377,0.8781539797782898,0.5719047784805298,0.0963945984840393,0.0665498152375221,0.4587684869766235,hoyeon_stand_normal_01,23.345235,24.041631,22.472205,19.235384,16.124515,12.529964,9.848858,7.071068,6.082763,7.211103,8.485281,10.630146,12.806248,14.21267,16.278821,18.384776,19.104973,20.0,19.416488,18.35756,16.124515,13.416408,9.433981,7.211103,8.0,10.440307,9.0,9.055385,9.055385,9.219544,10.440307,10.77033,11.7047,12.083046,12.083046,12.083046,11.7047,10.77033,10.77033,9.848858,9.848858,9.433981,9.433981,8.602325,9.219544,9.219544,8.944272,10.440307,12.041595,15.033296,18.0,21.023796,11.401754,9.899495,9.433981,8.246211,9.055385,9.848858,11.401754,12.727922,15.620499,17.029386,18.439089,19.209373,20.615528,21.260292,21.260292,20.518285,19.79899,17.691806,13.453624,9.219544,5.385165,5.0,9.486833,14.317821,18.248288,21.587033,8.246211,10.77033,13.416408,15.264338,15.620499,15.556349,15.0,13.038405,11.18034,8.246211,5.0,3.162278,2.0,2.828427,5.385165,7.615773,10.198039,12.165525,13.152946,15.132746,16.03122,16.124515,16.124515,16.278821,15.524175,13.928388,14.866069,13.601471,11.7047,11.18034,9.433981,9.219544,9.433981,10.29563,12.083046,13.416408,15.264338,16.401219,17.691806,17.691806,19.209373,19.416488,19.235384,17.888544,15.652476,12.529964,10.0,8.062258,9.0,11.7047,15.652476,18.35756,8.544004,6.708204,4.242641,5.09902,6.324555,10.29563,12.529964,14.764823,16.552945,17.088007,16.763055,16.278821,15.132746,14.035669,13.0,12.0,11.0,11.045361,9.055385,9.219544,10.77033,12.083046,13.416408,14.317821,15.231546,16.155494
hoyeon_stand_normal_01,2331,777,77.70424590163934,29.998360745314464,10,0.5676782727241516,0.6807387471199036,0.0009048905922099,0.9998064637184144,0.5646932721138,0.6923720836639404,-0.0145036894828081,0.9998006820678712,0.5640068650245667,0.6928310394287109,-0.0145296156406402,0.9998093843460084,0.5634278059005737,0.6933000087738037,-0.0145279634743928,0.9998409748077391,0.5643728375434875,0.6927322745323181,0.0100744012743234,0.9997175335884094,0.5634994506835938,0.6933075785636902,0.0100957062095403,0.9996358156204224,0.5626590847969055,0.6938983201980591,0.0100505799055099,0.9996924996376038,0.5567762851715088,0.6883788108825684,-0.0556140206754207,0.9998485445976256,0.5554035305976868,0.6898158192634583,0.052686471492052,0.9995077252388,0.5633170008659363,0.6698588132858276,-0.0118117537349462,0.9997849464416504,0.5632674694061279,0.6699391603469849,0.0196134187281131,0.9997097849845886,0.5493281483650208,0.6311374306678772,-0.1295800060033798,0.9999908208847046,0.536257803440094,0.6224780678749084,0.1272247284650802,0.9996164441108704,0.5576158165931702,0.5297620892524719,-0.1612832695245742,0.995023787021637,0.5446426272392273,0.5206615328788757,0.1465917527675628,0.0925067216157913,0.5705670714378357,0.4293888509273529,-0.1357713043689727,0.985340416431427,0.5580710768699646,0.445027619600296,0.1136144772171974,0.0802197009325027,0.5722749829292297,0.3966772258281708,-0.1570740789175033,0.9703952074050904,0.5714079141616821,0.4167654514312744,0.1201435849070549,0.092657558619976,0.5736207962036133,0.3931007087230682,-0.1512474864721298,0.967291533946991,0.5642750859260559,0.4117299914360046,0.0967196971178054,0.0942190513014793,0.573229968547821,0.4028513729572296,-0.13201604783535,0.9483325481414796,0.5627726912498474,0.4228361845016479,0.1025002971291542,0.0976542010903358,0.5595527291297913,0.4360815584659576,-0.0723829790949821,0.998293161392212,0.5464762449264526,0.4351763129234314,0.0722939595580101,0.9964379072189332,0.5666435956954956,0.2761610746383667,-0.0599398389458656,0.8818967938423157,0.5523934960365295,0.2768559753894806,0.0719353184103965,0.354072630405426,0.5632408261299133,0.1101295799016952,-0.0291341915726661,0.8874724507331848,0.550686240196228,0.1219466179609298,0.1083720028400421,0.388744443655014,0.5556031465530396,0.0913999825716018,-0.0279970336705446,0.91958886384964,0.5444319844245911,0.1006827354431152,0.1096091493964195,0.5151569843292236,0.5843440890312195,0.0891327038407325,-0.0759866535663604,0.8785673975944519,0.5719224214553833,0.0968121811747551,0.06590286642313,0.4590726196765899,hoyeon_stand_normal_01,9.219544,9.486833,11.045361,13.0,15.033296,17.029386,17.0,17.029386,16.124515,15.132746,13.152946,11.18034,10.049876,8.0,6.082763,5.0,5.385165,8.062258,12.0,15.033296,19.026298,22.0,24.020824,25.317978,24.738634,23.4094,10.816654,11.401754,12.206556,12.206556,12.206556,12.206556,10.816654,10.630146,9.219544,8.602325,8.062258,8.544004,8.246211,8.062258,9.0,9.055385,10.198039,11.401754,12.649111,13.928388,14.866069,16.155494,16.155494,16.155494,14.866069,13.0,14.035669,15.0,15.033296,15.132746,15.297059,13.341664,12.369317,10.440307,9.486833,6.708204,5.0,3.605551,3.162278,5.0,7.615773,10.440307,13.601471,16.763055,19.924859,21.540659,23.769729,22.847319,22.36068,20.124612,18.35756,14.422205,7.81025,5.830952,5.385165,3.0,1.414214,3.162278,4.242641,6.403124,8.944272,9.486833,9.486833,10.440307,10.198039,9.219544,8.062258,7.071068,6.082763,5.09902,3.162278,2.236068,2.236068,3.605551,5.385165,7.28011,10.198039,11.18034,16.0,15.033296,13.0,11.045361,10.198039,8.944272,9.433981,10.630146,12.041595,13.453624,15.620499,16.643317,17.888544,18.384776,19.924859,20.396078,20.099751,18.11077,16.03122,13.038405,10.198039,7.81025,8.544004,12.041595,15.132746,18.248288,9.0,7.071068,4.472136,4.472136,7.0,10.049876,13.152946,14.142136,16.03122,18.0,17.029386,17.117243,15.524175,14.56022,13.928388,12.649111,10.77033,10.440307,10.198039,10.049876,11.045361,12.0,13.038405,15.132746,16.03122,16.03122
hoyeon_stand_normal_01,2334,778,77.80425136612021,29.998360745314464,10,0.567448616027832,0.6807997822761536,0.0010084855603054,0.9998082518577576,0.5644786953926086,0.6924066543579102,-0.0143438978120684,0.99980229139328,0.5638104677200317,0.6928640007972717,-0.0143707673996686,0.999811053276062,0.5632625222206116,0.6933250427246094,-0.0143698332831263,0.9998422861099244,0.5641600489616394,0.6927590370178223,0.0102791422978043,0.999719738960266,0.5632937550544739,0.6933284997940063,0.0103002954274415,0.9996386766433716,0.5624727606773376,0.693911612033844,0.0102555137127637,0.99969482421875,0.5567301511764526,0.6883839964866638,-0.0553227216005325,0.9998499155044556,0.5553111433982849,0.6898159980773926,0.0532099232077598,0.9995108842849731,0.5631568431854248,0.6699145436286926,-0.0116919027641415,0.9997875690460204,0.5630965828895569,0.6699851751327515,0.0197811964899301,0.9997124075889589,0.549121618270874,0.6311438083648682,-0.1295310705900192,0.9999908804893494,0.5363661646842957,0.6224318146705627,0.1274435669183731,0.9996182322502136,0.5572319030761719,0.5297735929489136,-0.1612612307071685,0.9950661659240724,0.5448349714279175,0.5206478238105774,0.1470375210046768,0.0930752456188201,0.5704609155654907,0.4293967187404632,-0.1358853280544281,0.9854716062545776,0.5584279894828796,0.445407509803772,0.1139227822422981,0.0809439346194267,0.5721720457077026,0.396688848733902,-0.1571442782878875,0.9706184267997742,0.5722957253456116,0.4170514047145843,0.1203394457697868,0.0932890847325325,0.5736122727394104,0.3931306600570678,-0.151425763964653,0.9675511121749878,0.5646542310714722,0.4120180904865265,0.096937783062458,0.0948933362960815,0.5732126832008362,0.402897447347641,-0.1321672946214676,0.9487267136573792,0.5631654858589172,0.4233637452125549,0.1027826517820358,0.0983824729919433,0.5593793392181396,0.4361456036567688,-0.0723696425557136,0.998303472995758,0.5467341542243958,0.4353377223014831,0.0722805634140968,0.9964645504951476,0.5665766596794128,0.2762468159198761,-0.0601405464112758,0.8819027543067932,0.5527049899101257,0.2769246995449066,0.0717289596796035,0.3521476686000824,0.5631351470947266,0.1101156622171402,-0.0294430926442146,0.8878077268600464,0.5506873726844788,0.1222120895981788,0.1081505566835403,0.3878727555274963,0.5556231141090393,0.0913412570953369,-0.028326841071248,0.9192761778831482,0.5440841317176819,0.1012258231639862,0.1094002723693847,0.5142068266868591,0.5842875242233276,0.088893637061119,-0.0768653973937034,0.878864049911499,0.5719232559204102,0.0974542722105979,0.0653708130121231,0.4587182998657226,hoyeon_stand_normal_01,25.96151,25.495098,24.083189,21.0,17.029386,13.0,10.049876,7.615773,6.403124,8.544004,10.198039,12.369317,15.297059,16.492423,18.681542,20.248457,21.540659,21.470911,21.095023,19.416488,17.204651,14.422205,11.18034,9.055385,9.848858,13.601471,8.602325,8.602325,9.219544,9.219544,10.0,11.401754,12.206556,12.206556,12.206556,12.206556,12.206556,12.206556,10.816654,10.816654,10.29563,10.29563,9.848858,9.486833,9.219544,9.055385,10.049876,11.401754,13.416408,17.0,20.59126,23.259407,16.0,17.029386,17.117243,17.262677,17.262677,16.492423,14.56022,12.649111,11.7047,8.944272,7.211103,5.0,4.123106,5.0,7.81025,10.29563,14.317821,17.888544,20.59126,22.825424,24.186773,24.698178,24.413111,22.203603,19.209373,16.278821,9.899495,7.81025,7.211103,4.472136,2.0,1.0,4.242641,5.830952,7.615773,8.544004,9.486833,9.219544,9.055385,9.055385,8.062258,7.071068,6.0,4.123106,3.162278,1.414214,2.236068,4.472136,6.324555,9.219544,11.18034,13.038405,11.18034,11.661904,13.038405,13.892444,12.529964,12.529964,12.083046,10.77033,9.486833,8.246211,7.28011,5.385165,4.242641,4.472136,5.0,7.071068,10.198039,12.369317,15.297059,18.439089,20.223748,20.223748,21.213203,20.099751,18.11077,15.033296,12.649111,13.601471,15.524175,16.492423,16.278821,15.132746,14.035669,12.041595,10.049876,8.246211,6.324555,5.0,4.472136,5.385165,6.082763,7.071068,8.062258,8.062258,9.055385,10.049876,10.049876,10.049876,10.049876,10.049876,10.049876,10.198039
hoyeon_stand_normal_01,2337,779,77.90425683060108,29.998360745314464,10,0.5674366354942322,0.6808117628097534,0.0011468663578853,0.9998116493225098,0.5644567012786865,0.6924147009849548,-0.0141439605504274,0.999805748462677,0.5637860894203186,0.6928710341453552,-0.0141713581979274,0.9998144507408142,0.5632379651069641,0.693328320980072,-0.0141709558665752,0.9998450875282288,0.5641438961029053,0.6927642822265625,0.0105317793786525,0.9997243881225586,0.5632790327072144,0.6933318972587585,0.0105527034029364,0.999644696712494,0.56246018409729,0.6939122676849365,0.0105085177347064,0.9996998310089112,0.5567153692245483,0.6883818507194519,-0.0550767369568347,0.99985271692276,0.5553051233291626,0.6898049116134644,0.053683578968048,0.9995185136795044,0.5631374716758728,0.669911801815033,-0.0115664899349212,0.9997919201850892,0.5630780458450317,0.6699826121330261,0.0199632365256547,0.9997173547744752,0.5490147471427917,0.6311431527137756,-0.1294572204351425,0.9999909996986388,0.5364964604377747,0.6223968863487244,0.1276069581508636,0.9996200799942015,0.5570486187934875,0.52977454662323,-0.1612054258584976,0.9951254725456238,0.5450906753540039,0.520616888999939,0.1472302228212356,0.0939534306526184,0.5704053044319153,0.4294036328792572,-0.1357985585927963,0.9856544137001038,0.5587226748466492,0.4456114172935486,0.1142020002007484,0.0816720575094223,0.5720728635787964,0.3967053592205047,-0.1570485383272171,0.9709278345108032,0.5726215839385986,0.4171489775180816,0.1205622479319572,0.0938623175024986,0.5735982656478882,0.3931626677513122,-0.1513561308383941,0.9679041504859924,0.5648584961891174,0.4120759665966034,0.0972534716129303,0.0954996794462204,0.5731976628303528,0.4029467105865478,-0.1320895552635193,0.949255108833313,0.5634100437164307,0.4235828220844269,0.1030785217881202,0.099028468132019,0.5592852830886841,0.4361565411090851,-0.0723551288247108,0.9983000159263612,0.5468723177909851,0.4353786706924438,0.0722658112645149,0.99646657705307,0.5664905309677124,0.2762483656406402,-0.0601396933197975,0.8816372156143188,0.5528199076652527,0.2769210040569305,0.0713362172245979,0.3505154252052307,0.5630331635475159,0.110117606818676,-0.0293861590325832,0.8874924778938293,0.5506881475448608,0.1222143247723579,0.1077370643615722,0.3860472440719604,0.5556171536445618,0.0913403406739234,-0.0282689239829778,0.9185526371002196,0.5439116358757019,0.1011053845286369,0.1089924648404121,0.512343168258667,0.5841996669769287,0.0891358256340026,-0.076946422457695,0.8784882426261902,0.5719195604324341,0.097788318991661,0.0645158514380455,0.4571735858917236,hoyeon_stand_normal_01,24.413111,24.083189,21.931712,19.209373,15.811388,12.206556,9.219544,5.830952,6.0,7.28011,9.848858,12.083046,13.416408,15.231546,18.027756,18.681542,20.396078,21.095023,20.024984,19.0,17.029386,14.0,10.049876,8.062258,9.433981,13.0,8.544004,8.246211,9.055385,9.055385,11.0,11.0,12.041595,12.041595,12.0,12.0,11.0,11.0,10.0,10.0,9.055385,9.055385,8.246211,8.246211,8.544004,8.062258,8.602325,10.0,12.529964,15.231546,18.788294,21.023796,13.535658,13.222339,12.332159,11.646902,11.960727,11.899755,12.3660785,12.647099,12.515466,12.8360715,12.5,12.2816065,12.2198355,14.0364915,15.1284225,16.18585,17.704061,17.6640615,16.934898,15.323592,13.835784,13.835784,16.159173,17.615773,18.670482,18.840806,8.3011625,9.5563315,9.7636505,9.7084695,9.746428,10.146338,10.4430805,10.071068,10.031129,9.1374645,7.905694,6.15763,6.042463,6.2749115,6.849268,7.354102,7.717520499999999,8.812541,8.658910500000001,8.7665635,9.1394105,10.6928915,11.5468145,12.4637465,12.9653575,13.173502,15.0,13.601471,12.206556,11.313708,9.219544,9.433981,8.544004,9.219544,11.18034,12.369317,14.56022,14.866069,16.552945,18.35756,19.416488,19.849433,19.79899,19.104973,16.278821,13.453624,10.630146,7.615773,7.071068,9.433981,13.453624,16.278821,10.0,8.602325,5.385165,5.09902,7.211103,9.899495,11.401754,14.21267,15.556349,16.278821,16.401219,16.643317,15.264338,14.317821,13.0,13.0,11.7047,10.77033,10.29563,10.29563,11.401754,12.041595,13.453624,14.866069,15.620499,16.278821
hoyeon_stand_normal_01,2340,780,78.00426229508197,29.998360745314464,10,0.5674327611923218,0.680841326713562,0.0009972302941605,0.9998148083686828,0.5644400119781494,0.6924338340759277,-0.0142911989241838,0.9998089671134948,0.5637665390968323,0.6928882002830505,-0.0143185835331678,0.999817669391632,0.5632168054580688,0.6933408975601196,-0.0143182771280407,0.999847650527954,0.564132809638977,0.6927791833877563,0.0104100592434406,0.9997289180755616,0.5632692575454712,0.6933430433273315,0.0104308919981122,0.9996506571769714,0.5624517202377319,0.6939189434051514,0.0103874625638127,0.9997047781944276,0.5566998720169067,0.6883803606033325,-0.0552049614489078,0.9998552203178406,0.5552999973297119,0.6898012757301331,0.0536340214312076,0.999526023864746,0.563132643699646,0.6699171662330627,-0.0117169972509145,0.9997957944869996,0.5630737543106079,0.6699856519699097,0.0198470149189233,0.9997220039367676,0.5489898920059204,0.6311234831809998,-0.1295630782842636,0.9999911189079284,0.5365418791770935,0.622368574142456,0.1275914311408996,0.9996225833892822,0.5570362210273743,0.5297414660453796,-0.1612405031919479,0.9951902627944946,0.5451237559318542,0.5205301642417908,0.1471604257822036,0.0946757420897483,0.5703850388526917,0.4294082224369049,-0.1358254700899124,0.9858512878417968,0.5587546825408936,0.4456686377525329,0.1140778213739395,0.0824361369013786,0.5720178484916687,0.3967198431491852,-0.1570951044559478,0.9712720513343812,0.5724813938140869,0.4171574115753174,0.1203329712152481,0.0945361778140068,0.5735928416252136,0.3931867182254791,-0.1514454782009124,0.9682943820953368,0.5648711323738098,0.4121027290821075,0.0970887094736099,0.0962056964635849,0.5731945633888245,0.4029727280139923,-0.1321340501308441,0.9498276114463806,0.5634480714797974,0.4236840307712555,0.102968581020832,0.0997297167778015,0.5592774748802185,0.4361515939235687,-0.0723709240555763,0.9983116984367372,0.5468750596046448,0.4353820085525512,0.0722820460796356,0.9964893460273744,0.5663982033729553,0.2762670516967773,-0.0601423643529415,0.8824474215507507,0.5528169274330139,0.2769236862659454,0.0713436529040336,0.3504955768585205,0.5628281831741333,0.1100611090660095,-0.0293503105640411,0.8885864615440369,0.5506376028060913,0.1224541664123535,0.1077454909682273,0.3867592215538025,0.5549177527427673,0.0911731868982315,-0.0282317772507667,0.918856918811798,0.5435329675674438,0.1014306917786598,0.1090028062462806,0.5126312971115112,0.5841587781906128,0.0892319977283477,-0.0767422169446945,0.8795710802078247,0.5719107985496521,0.0980479046702385,0.0645447596907615,0.4584258794784546,hoyeon_stand_normal_01,9.433981,10.630146,12.529964,13.928388,16.155494,17.088007,18.384776,17.464249,17.0,16.124515,13.892444,13.038405,10.816654,8.944272,7.28011,6.082763,7.211103,9.219544,11.661904,15.652476,18.35756,21.954498,24.413111,24.839485,24.758837,23.430749,9.848858,10.77033,11.7047,11.7047,11.7047,10.77033,9.848858,8.944272,8.602325,7.81025,7.81025,8.062258,7.615773,8.544004,8.246211,9.055385,10.0,11.0,12.041595,14.035669,15.132746,16.03122,16.03122,16.03122,15.033296,13.152946,11.045361,9.486833,8.062258,7.81025,8.544004,9.0,11.401754,13.928388,15.231546,17.888544,18.788294,21.023796,21.931712,22.847319,22.847319,22.135944,21.18962,17.720045,14.56022,9.848858,5.656854,5.09902,9.219544,14.21267,19.209373,21.931712,8.602325,11.661904,14.764823,16.155494,16.492423,17.262677,16.0,15.033296,12.165525,9.486833,6.708204,4.242641,2.0,2.236068,5.0,6.324555,8.544004,10.77033,12.083046,13.416408,14.317821,14.317821,15.231546,15.231546,14.56022,13.341664,13.038405,13.601471,13.601471,14.422205,14.422205,13.892444,13.416408,12.529964,10.77033,9.848858,8.544004,6.708204,6.403124,5.830952,6.324555,8.062258,11.045361,13.038405,16.124515,19.104973,21.023796,22.022716,22.022716,21.0,19.0,16.03122,11.401754,13.038405,15.264338,14.764823,15.652476,14.317821,13.0,11.7047,9.848858,8.062258,6.403124,5.830952,5.09902,6.0,7.071068,8.062258,8.246211,10.049876,10.049876,11.045361,11.0,11.045361,12.041595,11.18034,11.401754,10.77033
hoyeon_stand_normal_01,2343,781,78.10426775956284,29.998360745314464,10,0.5674341917037964,0.680849552154541,0.0006991541595198,0.9998157024383544,0.5644338726997375,0.6924386620521545,-0.014564037322998,0.9998099207878112,0.5637577176094055,0.6928924322128296,-0.0145910773426294,0.9998186826705932,0.5632055401802063,0.6933432817459106,-0.014590723440051,0.9998484253883362,0.5641299486160278,0.6927812099456787,0.0101541606709361,0.999730110168457,0.5632667541503906,0.6933436989784241,0.0101747624576091,0.9996523261070251,0.5624493956565857,0.6939182877540588,0.0101322410628199,0.999706208705902,0.5566896796226501,0.6883775591850281,-0.0553841441869735,0.9998559951782228,0.5552942156791687,0.6897856593132019,0.0535201914608478,0.9995278120040894,0.5631327033042908,0.6699161529541016,-0.0119844544678926,0.999797224998474,0.5630735754966736,0.6699838638305664,0.0196088720113039,0.999723494052887,0.5489662885665894,0.631066083908081,-0.1296245902776718,0.9999911785125732,0.5365859270095825,0.6223224997520447,0.127488374710083,0.9996240139007568,0.55702805519104,0.5296034216880798,-0.1613299548625946,0.9952317476272584,0.5453144311904907,0.5204398036003113,0.1471167653799057,0.0953627601265907,0.57036292552948,0.4294072687625885,-0.1362085044384002,0.9859833717346193,0.5602152347564697,0.4461283385753631,0.113900750875473,0.0832329168915748,0.5719704031944275,0.3967194259166717,-0.1575117856264114,0.9715028405189514,0.5728148818016052,0.417389839887619,0.1200527846813201,0.0952262729406356,0.5735905170440674,0.3931902945041656,-0.1519413441419601,0.9685642123222352,0.565050482749939,0.4123534262180328,0.0968267172574997,0.0969232097268104,0.5731934905052185,0.4029761850833893,-0.1325597167015075,0.950219750404358,0.5636646747589111,0.4240692555904388,0.1027934402227401,0.1004653796553611,0.5592681169509888,0.4361513555049896,-0.07236959785223,0.998319447040558,0.5468790531158447,0.4354071021080017,0.0722812116146087,0.9965125918388368,0.5662739872932434,0.2765409350395202,-0.0602107308804988,0.8826706409454346,0.5528143048286438,0.2773440182209015,0.0713478624820709,0.3496182262897491,0.5623238682746887,0.1101088970899581,-0.029317108914256,0.8889914751052856,0.5505409836769104,0.123489461839199,0.1077626645565033,0.3864313662052154,0.5540496110916138,0.0911726504564285,-0.0282045658677816,0.9187947511672974,0.5431925654411316,0.1025053709745407,0.1090270951390266,0.5123258829116821,0.5841739177703857,0.0896090790629386,-0.0765529572963714,0.8800031542778015,0.5719424486160278,0.0987139642238617,0.0646244809031486,0.4586551189422607,hoyeon_stand_normal_01,25.495098,25.079872,23.0,20.099751,16.278821,13.152946,9.055385,6.082763,5.656854,7.615773,9.486833,11.401754,13.601471,15.811388,18.384776,18.788294,20.59126,20.808652,20.0,18.439089,16.278821,13.453624,10.29563,8.062258,9.486833,13.038405,8.944272,9.433981,10.0,10.630146,11.313708,11.313708,12.041595,12.727922,12.727922,12.727922,12.041595,12.041595,10.630146,10.630146,10.0,10.0,9.433981,9.433981,8.944272,9.219544,9.055385,10.049876,12.649111,16.155494,19.313208,22.472205,13.416408,11.401754,10.630146,8.544004,9.0,9.486833,12.206556,14.21267,16.970563,19.104973,20.518285,21.931712,22.627417,24.041631,23.345235,22.671568,22.022716,19.209373,15.0,9.219544,4.472136,4.242641,9.486833,15.297059,19.416488,23.769729,8.944272,11.661904,13.453624,15.556349,16.401219,17.492856,16.552945,13.601471,12.165525,9.0,6.082763,3.162278,2.0,3.605551,6.324555,8.062258,10.049876,13.0,14.035669,16.03122,17.029386,17.0,18.0,18.027756,17.117243,16.278821,15.652476,14.317821,12.083046,11.401754,9.219544,10.0,10.198039,11.401754,12.649111,14.56022,15.297059,17.117243,18.027756,19.026298,20.223748,19.646883,19.924859,18.027756,16.155494,13.928388,11.18034,8.246211,9.219544,11.661904,15.231546,18.027756,8.246211,7.071068,5.09902,5.656854,7.615773,9.486833,12.369317,14.56022,16.155494,17.088007,17.464249,17.0,15.264338,14.422205,12.806248,12.806248,11.401754,11.401754,9.433981,10.29563,11.18034,11.7047,14.56022,14.56022,16.155494,16.155494
hoyeon_stand_normal_01,2346,782,78.20427322404372,29.998360745314464,10,0.5674307346343994,0.6808356642723083,0.0007038252661004,0.9998180270195008,0.5644205808639526,0.6924276947975159,-0.0145506141707301,0.9998120069503784,0.5637428164482117,0.6928810477256775,-0.0145775694400072,0.9998208284378052,0.5631905794143677,0.6933298110961914,-0.0145771037787199,0.99985009431839,0.5641223192214966,0.6927651762962341,0.0101691167801618,0.9997328519821168,0.5632612109184265,0.6933239698410034,0.0101897316053509,0.9996559023857116,0.5624461770057678,0.6938931941986084,0.0101473331451416,0.9997089505195618,0.5566867589950562,0.6883508563041687,-0.0553358718752861,0.9998576045036316,0.5552923679351807,0.68973308801651,0.0535560324788093,0.999531388282776,0.5631303191184998,0.6698872447013855,-0.0119726276025176,0.9998000264167786,0.5630723237991333,0.6699488162994385,0.0196218434721231,0.999726414680481,0.5489152669906616,0.6310585737228394,-0.1296252161264419,0.9999912977218628,0.5366908311843872,0.6222714185714722,0.1275535076856613,0.9996259212493896,0.5569255352020264,0.5294862985610962,-0.161375030875206,0.9953027367591858,0.5456052422523499,0.5202726721763611,0.1473283618688583,0.0962825939059257,0.5703098773956299,0.4294016361236572,-0.136717140674591,0.9862262606620787,0.5612472891807556,0.4465193152427673,0.1140795052051544,0.084231711924076,0.571906328201294,0.3967091143131256,-0.1580233573913574,0.9719361662864684,0.573463499546051,0.4176275134086609,0.1202169209718704,0.096076987683773,0.5735825896263123,0.3931933641433716,-0.1525895595550537,0.9690585732460022,0.5669135451316833,0.4127336144447326,0.0970432981848716,0.0978118851780891,0.573189914226532,0.4029785096645355,-0.1331000626087188,0.9509351849555968,0.5640435814857483,0.4243974387645721,0.102986104786396,0.1013702377676963,0.5591686367988586,0.4361442923545837,-0.0724301114678382,0.9983330965042114,0.5469899773597717,0.435410737991333,0.0723421797156333,0.9965459704399108,0.5661148428916931,0.2766116857528686,-0.0603751689195632,0.8837547898292542,0.5528280138969421,0.2774088084697723,0.0713140740990638,0.3499941229820251,0.5619713664054871,0.1099861711263656,-0.0295084677636623,0.8902193307876587,0.5505472421646118,0.1235096529126167,0.1077236756682396,0.3880987763404846,0.5535409450531006,0.0909823849797248,-0.0283968243747949,0.9190482497215272,0.5431005358695984,0.10252096503973,0.1089885160326957,0.5131053328514099,0.5841914415359497,0.0889476761221885,-0.07708740234375,0.8812792897224426,0.5721005201339722,0.0987375080585479,0.0646325349807739,0.4608709216117859,hoyeon_stand_normal_01,9.899495,10.29563,11.401754,14.035669,16.03122,17.029386,18.027756,18.11077,17.262677,16.278821,14.56022,13.341664,11.401754,9.055385,7.0,6.324555,6.403124,8.246211,11.045361,15.033296,19.026298,22.090722,24.33105,25.96151,25.632011,23.706539,10.29563,11.18034,12.083046,12.083046,12.083046,11.18034,10.29563,9.433981,8.485281,7.81025,8.062258,7.615773,8.246211,8.062258,9.055385,9.0,10.049876,11.18034,12.369317,13.601471,14.866069,16.763055,16.763055,16.763055,15.524175,13.601471,14.56022,15.524175,16.278821,16.124515,16.124515,15.033296,14.035669,12.0,10.0,8.062258,6.082763,4.472136,2.236068,3.605551,6.403124,8.602325,13.038405,15.811388,18.027756,20.0,22.022716,22.022716,21.260292,19.79899,16.970563,13.453624,8.544004,7.28011,6.0,4.123106,2.828427,2.0,3.605551,5.385165,7.071068,8.062258,8.0,9.0,8.0,8.062258,7.071068,6.082763,5.09902,4.0,3.162278,1.414214,2.236068,4.242641,6.403124,8.062258,10.29563,12.083046,13.5363125,13.673034,13.2319,12.2111025,11.6832385,11.334208,11.328428,11.0207975,11.156854,11.4497475,11.260475,11.2638195,11.5468145,11.4095325,12.4355285,12.9866665,14.842308,15.403061,16.010859,15.4038155,14.876462,15.1018015,14.847783,16.2483885,16.8287945,16.8086855,10.6305695,10.27263,10.125617,10.3597595,11.0118115,11.512265,11.9275295,11.9275295,12.109772,11.7361435,10.6936505,9.9825445,10.0,9.842117,10.1592575,9.6388385,9.619951,9.6414195,10.385165,9.994937,11.167423,11.086042,11.788289,12.8012725,12.908327,13.5111265
hoyeon_stand_normal_01,2349,783,78.30427868852459,29.998360745314464,10,0.5674393773078918,0.6808533072471619,0.0006933005643077,0.999821960926056,0.5644207000732422,0.6924360990524292,-0.0145530235022306,0.999815821647644,0.5637422204017639,0.6928892731666565,-0.0145798241719603,0.9998245239257812,0.563188910484314,0.6933369040489197,-0.0145791890099644,0.9998530745506288,0.5641252994537354,0.6927703619003296,0.0101707838475704,0.999738335609436,0.5632656812667847,0.6933274269104004,0.010191380046308,0.9996631741523744,0.5624518990516663,0.6938948631286621,0.0101490188390016,0.9997152090072632,0.5566829442977905,0.6883488893508911,-0.0553369857370853,0.9998602867126464,0.5552946329116821,0.6897293925285339,0.0535814687609672,0.9995403289794922,0.5631309747695923,0.6698855757713318,-0.0119834821671247,0.9998043775558472,0.5630770325660706,0.6699470281600952,0.0196206253021955,0.9997321963310242,0.5488514304161072,0.631049394607544,-0.1296374499797821,0.9999914169311525,0.5367761850357056,0.6222285628318787,0.1276009678840637,0.999630570411682,0.5569002032279968,0.5294395685195923,-0.161373108625412,0.9953635334968568,0.5456802248954773,0.5200212001800537,0.1473341733217239,0.0974809005856514,0.570270299911499,0.4294180274009704,-0.1367557495832443,0.9864482879638672,0.5611765384674072,0.4465210735797882,0.1140687465667724,0.0854902565479278,0.5718529224395752,0.396718829870224,-0.1580839902162552,0.9723387360572816,0.5733903646469116,0.4174414873123169,0.120214857161045,0.0972151383757591,0.5735591053962708,0.3932109177112579,-0.1525937914848327,0.9695143103599548,0.5668826699256897,0.4126984179019928,0.0970342680811882,0.098971739411354,0.5731658935546875,0.4029929041862488,-0.1331172436475753,0.9515820741653442,0.5640845894813538,0.4243966341018677,0.1029750928282737,0.1025229021906852,0.5591581463813782,0.43607097864151,-0.0724614784121513,0.9983452558517456,0.5470135807991028,0.4353955388069153,0.0723734647035598,0.9965795278549194,0.5661223530769348,0.2766212224960327,-0.0604150407016277,0.8854231834411621,0.552884042263031,0.2774142026901245,0.0713344737887382,0.3521755635738373,0.5619820952415466,0.1100761294364929,-0.029490815475583,0.8919245600700378,0.5505520105361938,0.1236104220151901,0.1078082174062728,0.3906180560588836,0.5535783171653748,0.0909822359681129,-0.0283735636621713,0.9197002649307252,0.5432441830635071,0.1026271432638168,0.109084203839302,0.5146345496177673,0.5841892957687378,0.0893960371613502,-0.0769780799746513,0.8829565644264221,0.5720997452735901,0.0988657474517822,0.0647667795419693,0.4636834859848022,hoyeon_stand_normal_01,10.0,10.440307,12.0,13.152946,16.124515,17.117243,18.11077,18.027756,17.0,16.0,15.033296,13.038405,11.045361,10.0,7.071068,5.830952,5.830952,8.062258,11.0,15.132746,18.11077,22.022716,24.0,25.179357,25.495098,24.041631,9.899495,11.313708,11.313708,12.041595,11.313708,11.313708,10.630146,9.219544,8.062258,8.544004,8.246211,8.062258,8.0,8.0,9.055385,9.219544,9.848858,11.18034,12.529964,13.038405,15.264338,16.643317,16.643317,16.124515,16.124515,13.892444,10.77033,9.219544,8.0,7.615773,7.81025,9.486833,11.18034,14.035669,16.0,18.027756,19.026298,21.023796,22.0,23.0,23.021729,22.090722,20.099751,18.248288,14.142136,10.0,5.385165,6.082763,9.486833,14.317821,18.788294,22.847319,8.246211,11.18034,14.035669,16.0,17.117243,17.464249,16.155494,14.317821,12.529964,9.219544,6.403124,4.472136,1.0,2.0,4.472136,6.403124,8.485281,9.899495,12.041595,12.806248,14.21267,15.620499,15.620499,15.556349,14.866069,13.601471,11.7047,12.649111,13.601471,13.601471,13.601471,13.0,13.0,11.18034,10.29563,9.433981,7.211103,5.830952,4.123106,4.123106,5.0,7.81025,10.0,13.038405,16.643317,18.601075,20.808652,21.400935,22.022716,20.615528,19.104973,16.278821,13.0,14.317821,15.652476,16.124515,15.811388,15.811388,14.422205,12.206556,10.816654,8.062258,6.324555,6.082763,5.09902,5.385165,6.403124,7.81025,8.602325,9.219544,9.219544,10.0,10.816654,10.0,10.630146,9.899495,10.630146,10.816654
hoyeon_stand_normal_01,2352,784,78.40428415300546,29.998360745314464,10,0.567488431930542,0.6808739900588989,0.0006984979263506,0.9998238682746888,0.5644418001174927,0.6924468278884888,-0.0145507212728261,0.9998177289962769,0.5637585520744324,0.6928983330726624,-0.014577598311007,0.9998263120651244,0.5631987452507019,0.6933445334434509,-0.014577011577785,0.9998545050621032,0.5641508102416992,0.6927796602249146,0.0101823760196566,0.99974125623703,0.5632932782173157,0.6933336853981018,0.0102027636021375,0.9996670484542848,0.5624790191650391,0.6938983201980591,0.0101603539660573,0.9997186064720154,0.5566813349723816,0.6883468627929688,-0.0553386397659778,0.999861478805542,0.5553089380264282,0.6897229552268982,0.053619023412466,0.9995455145835876,0.563153088092804,0.6698843240737915,-0.0119813224300742,0.9998062252998352,0.5631107091903687,0.6699463725090027,0.019624913111329,0.9997348189353944,0.5487908124923706,0.6310480833053589,-0.1296155899763107,0.9999914169311525,0.5368395447731018,0.6222240328788757,0.1275859475135803,0.9996331930160522,0.556888222694397,0.5295192003250122,-0.1613733768463134,0.9954031109809875,0.545840859413147,0.5200187563896179,0.147403746843338,0.0988742634654045,0.5701246857643127,0.4296035170555115,-0.1372065544128418,0.9866321682929992,0.5616112351417542,0.4469211101531982,0.1141503304243087,0.0870961919426918,0.5716592073440552,0.3968391716480255,-0.1586414724588394,0.9726764559745787,0.5737114548683167,0.4177748560905456,0.1203254386782646,0.0987065285444259,0.5734606981277466,0.393326461315155,-0.1530307829380035,0.9698972702026368,0.5677170157432556,0.4130155444145202,0.0971244797110557,0.1004909873008728,0.5730786919593811,0.4031325280666351,-0.1335406899452209,0.9521312713623048,0.5642555952072144,0.42472904920578,0.1030676737427711,0.1040388941764831,0.5591630935668945,0.4360245168209076,-0.0724521800875663,0.9983428120613098,0.54707932472229,0.4353930950164795,0.072364330291748,0.9966012835502625,0.5661136507987976,0.2766109704971313,-0.0604985505342483,0.8858228921890259,0.552912175655365,0.2773508727550506,0.0712200179696083,0.3525788187980652,0.561988115310669,0.1105141788721084,-0.0294733773916959,0.8923872113227844,0.5507768392562866,0.1236426308751106,0.1075576469302177,0.3911000192165375,0.5536388158798218,0.0913449749350547,-0.0283671151846647,0.920156180858612,0.5435874462127686,0.1030158326029777,0.1088238209486007,0.5152233242988586,0.5841392278671265,0.0892882272601127,-0.0766439437866211,0.8835911154747009,0.5721272826194763,0.098864696919918,0.0646184533834457,0.4643940329551697,hoyeon_stand_normal_01,10.440307,10.0,10.0,13.416408,14.764823,16.552945,17.0,17.492856,16.643317,15.811388,14.21267,12.806248,10.630146,8.602325,6.708204,5.0,5.830952,7.211103,10.77033,14.317821,18.384776,21.931712,24.186773,25.0,25.495098,23.345235,11.045361,12.041595,13.038405,12.0,12.041595,11.045361,11.18034,10.198039,9.486833,8.944272,8.602325,8.602325,8.485281,9.219544,8.602325,9.848858,9.486833,11.401754,12.165525,13.152946,15.033296,16.03122,17.117243,17.262677,16.124515,14.142136,14.21267,15.811388,15.811388,16.124515,15.652476,15.231546,13.928388,12.649111,11.401754,9.219544,7.071068,4.123106,2.828427,4.0,6.708204,9.433981,13.601471,17.204651,20.0,22.203603,24.413111,23.853721,24.186773,22.36068,20.124612,16.155494,9.219544,7.615773,6.708204,5.0,2.236068,1.414214,3.162278,5.385165,7.211103,8.602325,9.219544,9.899495,9.219544,9.219544,7.81025,7.81025,6.403124,5.656854,3.605551,1.414214,1.0,2.236068,5.0,7.211103,9.219544,11.313708,12.649111,13.928388,13.928388,14.866069,13.928388,13.601471,13.601471,12.369317,11.18034,9.055385,8.062258,6.324555,5.830952,5.0,6.324555,8.062258,11.0,14.035669,17.029386,20.024984,22.0,22.0,23.021729,21.023796,20.099751,17.029386,12.041595,13.038405,14.035669,15.0,15.033296,14.035669,13.038405,11.045361,9.055385,7.071068,6.082763,5.0,5.0,5.385165,6.082763,7.071068,8.246211,9.219544,9.219544,10.198039,10.440307,10.198039,11.401754,11.045361,11.0,11.045361
hoyeon_stand_normal_01,2355,785,78.50428961748634,29.998360745314464,10,0.5675114393234253,0.6808751821517944,0.0007692986982874,0.999824583530426,0.564453661441803,0.6924458146095276,-0.0145091759040951,0.9998183250427246,0.5637696981430054,0.6928966045379639,-0.0145358042791485,0.9998270869255066,0.5632070302963257,0.6933423280715942,-0.0145347500219941,0.999855101108551,0.5641568303108215,0.6927790641784668,0.0102617600932717,0.999742031097412,0.5632973909378052,0.6933326721191406,0.0102819260209798,0.9996681213378906,0.5624810457229614,0.6938968896865845,0.0102391839027404,0.9997193813323976,0.5566825270652771,0.6883408427238464,-0.0553400292992591,0.999862253665924,0.5553082227706909,0.6897161602973938,0.0537608638405799,0.9995466470718384,0.5631653666496277,0.6698821187019348,-0.0119288228452205,0.9998072385787964,0.5631199479103088,0.6699450016021729,0.0197406988590955,0.9997358322143556,0.5487881898880005,0.6310610175132751,-0.1296313405036926,0.999991536140442,0.5368413925170898,0.6222383975982666,0.1279886066913604,0.9996351599693298,0.55687415599823,0.5295737385749817,-0.1616337746381759,0.9954635500907898,0.5459559559822083,0.5200250744819641,0.1482434421777725,0.0995746999979019,0.5700277090072632,0.4297106862068176,-0.1374808251857757,0.9868552684783936,0.5619221925735474,0.4469805657863617,0.1147580593824386,0.0883404985070228,0.5715586543083191,0.3968693017959595,-0.1590049415826797,0.9730821251869202,0.5741007924079895,0.4179847538471222,0.120931789278984,0.0999452993273735,0.5734348297119141,0.3933587372303009,-0.1534190326929092,0.9703462719917296,0.5683422088623047,0.4131085574626922,0.097507007420063,0.1017836555838584,0.5730600953102112,0.4031701683998108,-0.1338128894567489,0.9527637362480164,0.5644978284835815,0.4248064756393432,0.1035815253853797,0.1053309440612793,0.5591806173324585,0.4359892606735229,-0.0725121423602104,0.9983444213867188,0.5470720529556274,0.4353435635566711,0.0724240615963935,0.9966121912002563,0.5661013722419739,0.2766126990318298,-0.060498759150505,0.8869060277938843,0.552769660949707,0.2773803174495697,0.0712745711207389,0.3544327616691589,0.5619845986366272,0.110535480082035,-0.0294677652418613,0.8934128284454346,0.550772488117218,0.1234056949615478,0.1075617298483848,0.3930187225341797,0.5536746382713318,0.0913559421896934,-0.0283609945327043,0.9203972220420836,0.5436554551124573,0.1023585721850395,0.108826495707035,0.5164758563041687,0.5841405987739563,0.0890113189816474,-0.076575756072998,0.8846048712730408,0.5721248984336853,0.0988146364688873,0.064636044204235,0.4665368497371673,hoyeon_stand_normal_01,24.2589115,24.575872500000003,23.040484,20.7710405,17.261121,13.673034,10.5399175,8.154234500000001,7.071068,7.930992,9.6414195,11.7424,13.435016,15.6364875,16.932734,18.7873705,20.564535,21.200677,20.9143655,19.499325,17.8600225,14.78011,10.9078455,8.177126999999999,8.5731645,11.8731475,9.424429,9.424429,10.172753,10.85589,11.421122,12.1093725,12.601965,12.601965,12.1093725,11.855152,11.3536325,10.9299715,10.018099,9.7434165,10.0584895,10.0584895,9.4218835,9.787209,10.0320635,10.408327,10.5399175,11.260677,12.841455,14.9496825,18.013878,21.2822275,14.21267,15.811388,15.264338,16.124515,15.652476,15.231546,13.928388,11.7047,10.440307,8.062258,6.0,4.123106,2.236068,4.472136,7.211103,10.630146,14.142136,18.384776,21.213203,23.345235,25.495098,24.839485,25.612497,23.021729,20.248457,17.492856,8.246211,7.615773,5.830952,4.242641,2.236068,2.236068,4.123106,6.324555,8.062258,9.433981,10.0,10.0,10.630146,9.899495,9.219544,8.485281,7.071068,6.403124,4.472136,3.162278,1.414214,2.0,4.472136,6.403124,8.602325,11.313708,13.152946,14.142136,14.317821,15.297059,14.317821,14.142136,13.038405,12.0,11.0,10.0,8.0,7.0,6.324555,5.830952,6.403124,8.062258,10.77033,13.601471,16.492423,19.646883,20.880613,22.135944,22.472205,21.540659,19.697716,17.464249,11.18034,13.152946,14.035669,15.033296,15.0,14.035669,13.038405,11.045361,9.0,8.062258,6.324555,5.0,5.0,5.830952,6.324555,7.28011,8.246211,9.486833,9.486833,10.77033,10.77033,10.77033,10.77033,10.198039,11.18034,11.045361
hoyeon_stand_normal_01,2358,786,78.60429508196721,29.998360745314464,10,0.5675483345985413,0.680866539478302,0.0008085374138318,0.999826967716217,0.5644820332527161,0.6924394965171814,-0.0144907711073756,0.9998207688331604,0.5637938976287842,0.6928902268409729,-0.0145174385979771,0.9998295903205872,0.563223659992218,0.6933366656303406,-0.0145162586122751,0.9998571872711182,0.5641783475875854,0.6927733421325684,0.0102965403348207,0.9997453689575196,0.5633148550987244,0.6933271884918213,0.0103166885673999,0.9996724724769592,0.562493085861206,0.6938921213150024,0.0102740041911602,0.9997228980064392,0.5566819310188293,0.6883377432823181,-0.0553488656878471,0.999864399433136,0.5553082823753357,0.6897134780883789,0.0537880063056945,0.9995527863502502,0.5631795525550842,0.6698628664016724,-0.0119052920490503,0.9998101592063904,0.5631324648857117,0.6699299812316895,0.0197916384786367,0.999739408493042,0.5487848520278931,0.6310853362083435,-0.1296312510967254,0.9999916553497314,0.5368430614471436,0.6222462058067322,0.1280269920825958,0.9996379613876344,0.5568883419036865,0.5296198725700378,-0.161651000380516,0.995524764060974,0.5459852814674377,0.5200261473655701,0.1482632011175155,0.1001295074820518,0.5700054168701172,0.4298647344112396,-0.1374705582857132,0.9870861768722534,0.5615270137786865,0.4468907713890075,0.1147663369774818,0.089358776807785,0.5715561509132385,0.3969359397888183,-0.1589589565992355,0.9735023379325868,0.5740777254104614,0.4178904294967651,0.1209301799535751,0.101012036204338,0.573425829410553,0.3934045135974884,-0.1533642411231994,0.9708057045936584,0.5679885745048523,0.412830501794815,0.0974975749850273,0.1028890609741211,0.5730494856834412,0.4032325446605682,-0.1338028460741043,0.9534295797348022,0.5645020008087158,0.4246791303157806,0.1035831049084663,0.1064100563526153,0.5592269897460938,0.4359106421470642,-0.0725080743432045,0.9983488917350768,0.547021746635437,0.4352303743362427,0.0724197924137115,0.9966223239898682,0.5661284327507019,0.2765475213527679,-0.0603790022432804,0.8879939317703247,0.5526651740074158,0.2773817181587219,0.0712763592600822,0.3576164841651916,0.561941385269165,0.11045902967453,-0.02931016869843,0.8944710493087769,0.5506795048713684,0.1232524439692497,0.1074840500950813,0.395350843667984,0.5536695122718811,0.0912721380591392,-0.0282024797052145,0.920740246772766,0.5433998703956604,0.1017100438475608,0.1087392643094062,0.5179308652877808,0.5840874910354614,0.0891985669732093,-0.0763975456357002,0.8855965733528137,0.5720223188400269,0.0988125428557396,0.0646527856588363,0.468794971704483,hoyeon_stand_normal_01,12.806248,11.401754,13.0,15.297059,18.439089,19.416488,20.615528,19.646883,18.973666,18.027756,16.155494,14.317821,12.649111,10.440307,9.055385,7.28011,7.81025,10.816654,14.317821,18.384776,22.847319,26.832816,30.016662,30.805844,30.479501,28.319605,12.806248,14.21267,14.422205,15.0,13.601471,12.806248,12.727922,11.313708,11.401754,10.816654,10.29563,9.848858,9.486833,10.198039,10.049876,10.049876,11.045361,11.18034,13.341664,14.56022,16.763055,18.027756,18.973666,18.973666,18.681542,17.088007,11.18034,10.0,7.81025,7.28011,8.062258,8.944272,11.401754,13.453624,15.620499,17.804494,19.209373,20.615528,22.022716,22.671568,22.671568,21.931712,20.518285,17.691806,14.866069,9.899495,5.385165,4.242641,8.246211,13.152946,18.248288,21.587033,7.211103,10.0,13.453624,14.866069,16.401219,16.124515,15.231546,13.601471,12.165525,9.055385,7.071068,4.123106,2.236068,2.236068,4.472136,6.082763,8.062258,10.049876,12.0,13.0,14.0,15.0,15.033296,15.033296,15.132746,14.317821,15.811388,14.866069,13.601471,11.401754,10.049876,9.055385,10.440307,10.77033,12.083046,14.317821,15.231546,17.720045,18.439089,20.099751,21.023796,21.023796,21.213203,19.416488,17.262677,14.317821,11.045361,8.246211,8.485281,10.440307,14.142136,17.029386,9.055385,8.0,6.324555,5.656854,7.615773,10.198039,12.165525,15.132746,16.278821,17.720045,17.088007,17.464249,17.0,15.264338,14.422205,13.038405,11.661904,11.661904,11.18034,10.77033,11.7047,13.341664,14.317821,15.297059,16.492423,16.763055
hoyeon_stand_normal_01,2361,787,78.70430054644808,29.998360745314464,10,0.5675899982452393,0.6808758974075317,0.0009945089695975,0.9998299479484558,0.5645293593406677,0.6924408078193665,-0.0143443876877427,0.9998238682746888,0.5638347268104553,0.6928926706314087,-0.014371046796441,0.999832808971405,0.5632535219192505,0.6933408379554749,-0.0143694281578063,0.9998597502708436,0.5642223358154297,0.6927735805511475,0.0104824043810367,0.9997494220733644,0.5633563995361328,0.6933276057243347,0.0105025628581643,0.9996779561042786,0.5625283122062683,0.6938928961753845,0.0104599716141819,0.9997273087501526,0.5566834807395935,0.6883535385131836,-0.0553503409028053,0.9998669624328612,0.5553134679794312,0.689719557762146,0.0538546219468116,0.9995601773262024,0.5631970763206482,0.6698712110519409,-0.0118120042607188,0.9998135566711426,0.5631529688835144,0.6699354648590088,0.0199287179857492,0.9997434616088868,0.5487831830978394,0.6311279535293579,-0.1296256184577942,0.999991774559021,0.5368527173995972,0.6222579479217529,0.1280171275138855,0.999640703201294,0.5570010542869568,0.5296439528465271,-0.1615560203790664,0.9955748319625854,0.5460916757583618,0.5200246572494507,0.1481997370719909,0.1007677912712097,0.5699979066848755,0.4300082623958587,-0.136969119310379,0.9872843623161316,0.5613154172897339,0.4468804001808166,0.114744022488594,0.0902894660830497,0.5715535879135132,0.3969998061656952,-0.1584307849407196,0.9738662242889404,0.5740593075752258,0.4178643822669983,0.1208530887961387,0.1019378304481506,0.5734203457832336,0.393454909324646,-0.1530173867940902,0.9712035655975342,0.5678542852401733,0.4127339422702789,0.0974464938044548,0.1038510650396347,0.5730412006378174,0.4033119678497314,-0.133367583155632,0.9540303945541382,0.5645304322242737,0.424634039402008,0.103565365076065,0.1073565557599067,0.5592289566993713,0.4359082281589508,-0.072429783642292,0.9983528852462769,0.5470420122146606,0.4352304935455322,0.0723403841257095,0.9966351985931396,0.566132664680481,0.2765463292598724,-0.0601723156869411,0.88799649477005,0.5525652170181274,0.2774189710617065,0.0711928084492683,0.3590074479579925,0.5619257688522339,0.1104581803083419,-0.0290289595723152,0.8943465948104858,0.5506436824798584,0.1233002394437789,0.1072322949767112,0.3956184983253479,0.5536781549453735,0.0912514775991439,-0.0279202982783317,0.9203163385391236,0.5432725548744202,0.1018396690487861,0.1084828302264213,0.5180098414421082,0.5840710997581482,0.0898711308836937,-0.07613405585289,0.8854134678840637,0.5719403624534607,0.0991275534033775,0.0645578131079673,0.4690316617488861,hoyeon_stand_normal_01,10.049876,10.77033,11.661904,12.806248,14.866069,14.866069,15.620499,15.620499,15.0,14.422205,13.038405,11.661904,10.0,9.219544,7.81025,6.708204,7.071068,9.055385,10.77033,14.317821,17.464249,20.248457,22.135944,23.537205,23.194827,22.0,9.486833,9.486833,10.440307,10.440307,9.486833,9.486833,8.544004,8.062258,8.602325,7.81025,7.81025,7.81025,7.81025,8.602325,8.062258,8.544004,8.544004,9.219544,10.198039,12.165525,13.152946,14.142136,15.132746,15.297059,15.297059,13.152946,12.955715,12.4333865,11.7794655,10.9678375,11.103639,11.547777,11.9422635,12.264982,12.7111025,13.130018,12.341919,12.061553,11.52236,12.6194295,13.73213,15.0196475,16.3615415,16.7764725,16.102351,14.8130605,13.416408,14.241139,15.901678,17.557263,18.7873705,18.3424375,8.972135999999999,9.883479,10.310887,10.75484,9.9142135,9.514693,9.7205495,9.78011,8.852350000000001,8.503264999999999,7.3246675,6.244426000000001,4.772002,5.272002,5.876123,6.5163795,7.46344,7.46988,7.603278,7.9187695,8.211102499999999,9.7084695,10.460596,12.36342,12.763588,12.795146,12.083046,12.649111,13.601471,14.56022,13.928388,13.0,13.416408,11.18034,10.816654,9.433981,8.062258,5.830952,4.472136,4.0,5.0,6.403124,9.433981,12.529964,16.124515,18.35756,20.59126,21.633308,22.203603,20.808652,19.416488,16.401219,13.601471,15.0,16.401219,16.278821,16.278821,16.278821,14.866069,12.727922,9.899495,7.81025,6.708204,5.385165,5.0,5.385165,5.830952,7.211103,8.062258,9.433981,9.433981,9.433981,10.29563,10.29563,10.816654,10.0,9.899495,10.0
hoyeon_stand_normal_01,2364,788,78.80430601092895,29.998360745314464,10,0.5676353573799133,0.6808779239654541,0.0009796295780688,0.9998322129249572,0.564566433429718,0.6924378275871277,-0.0143598821014165,0.9998262524604796,0.563858687877655,0.6928908228874207,-0.0143864406272768,0.9998354315757751,0.5632646679878235,0.6933401823043823,-0.0143846683204174,0.9998618364334106,0.564284086227417,0.6927683353424072,0.0104801869019865,0.9997522234916688,0.5634263753890991,0.693321943283081,0.0105003453791141,0.999681830406189,0.562602162361145,0.6938878297805786,0.0104577932506799,0.9997302889823914,0.5566768050193787,0.6883546113967896,-0.0554128661751747,0.9998690485954284,0.5553327798843384,0.6897178888320923,0.0538668036460876,0.9995646476745604,0.5632094740867615,0.669870138168335,-0.0118404934182763,0.9998164772987366,0.5631921887397766,0.6699342727661133,0.0199236553162336,0.9997463822364808,0.5487539172172546,0.6311468482017517,-0.1297632902860641,0.9999918937683104,0.5369144082069397,0.6222524046897888,0.1280266940593719,0.9996418952941896,0.5570040941238403,0.529616117477417,-0.1616413742303848,0.995633900165558,0.5462709665298462,0.5199782252311707,0.1481986939907074,0.1014591380953788,0.5699634552001953,0.4300515055656433,-0.1369603276252746,0.9875160455703736,0.5617271661758423,0.4468837082386017,0.1147858798503875,0.0913107767701149,0.5715360641479492,0.3970142304897308,-0.1584152579307556,0.9742929339408876,0.5711154341697693,0.4175792932510376,0.1208802610635757,0.1028598621487617,0.5734128355979919,0.3934661746025085,-0.153041735291481,0.971676230430603,0.5677858591079712,0.4126014113426208,0.0975396558642387,0.104814626276493,0.5730348825454712,0.4033389687538147,-0.1333676278591156,0.9547326564788818,0.5646829605102539,0.4245780110359192,0.103631243109703,0.1083225533366203,0.5591156482696533,0.4358417093753814,-0.0724456533789634,0.9983506798744202,0.5471218228340149,0.4352087676525116,0.0723565071821212,0.9966315627098083,0.5660855770111084,0.2766180038452148,-0.0601696372032165,0.8880218863487244,0.5525225400924683,0.277624100446701,0.0712032094597816,0.3594188690185547,0.5618041753768921,0.110508494079113,-0.0289919804781675,0.8941395878791809,0.5505601167678833,0.1236214637756347,0.1072574332356453,0.3949546217918396,0.5535345673561096,0.0912498459219932,-0.0278903525322675,0.9195584654808044,0.5430320501327515,0.1021302118897438,0.1085181310772895,0.5174355506896973,0.5840702056884766,0.0906871631741523,-0.0762090682983398,0.8850717544555664,0.5719262957572937,0.0997153967618942,0.0646474510431289,0.4687444865703583,hoyeon_stand_normal_01,21.587033,22.203603,20.024984,18.027756,15.132746,12.165525,9.0,6.082763,5.830952,6.403124,8.062258,9.848858,11.18034,13.416408,14.764823,16.643317,17.204651,18.439089,18.384776,17.029386,15.0,12.806248,9.899495,7.615773,9.0,11.401754,8.602325,9.219544,10.0,10.816654,10.816654,10.816654,11.661904,10.816654,10.816654,10.816654,10.0,9.433981,9.433981,9.433981,8.944272,8.944272,8.544004,8.544004,9.219544,9.055385,9.0,10.049876,11.401754,13.928388,16.552945,19.313208,12.2324595,10.91678425,9.70976025,8.6816605,8.7533815,10.025521,11.33403925,12.51305675,14.10319725,15.43801025,15.523728,16.2111545,16.420741,17.46657775,18.2558145,18.358129500000004,18.54618575,17.141072,14.98707725,11.8063775,8.955883,9.27195725,12.78476175,16.024237749999998,19.229022,20.620222,8.372069,10.3803835,12.07031475,13.2547665,13.5464665,13.21142675,13.07046825,12.3960695,10.90968475,9.30271025,7.15941225,5.4277445,3.504035,3.9265705,5.24872175,6.48369475,7.94054925,9.20755325,9.929376,10.91292,11.72719325,13.06442825,13.511812250000002,14.23223725,14.20003775,13.75312425,16.03122,14.035669,12.0,10.049876,8.544004,7.81025,8.485281,10.0,11.401754,12.806248,14.866069,16.970563,17.804494,19.416488,20.124612,20.615528,19.924859,19.646883,17.464249,14.56022,10.77033,7.071068,8.062258,10.198039,13.928388,17.464249,10.049876,8.062258,5.830952,5.830952,7.0,9.219544,12.369317,14.317821,16.124515,16.124515,17.0,17.029386,15.033296,14.142136,13.341664,12.369317,11.401754,10.198039,10.049876,10.0,11.045361,12.165525,13.152946,15.132746,16.124515,17.117243
hoyeon_stand_normal_01,2367,789,78.90431147540984,29.998360745314464,10,0.5678208470344543,0.6808909177780151,0.0002493473875802,0.9998326301574708,0.5647044777870178,0.6924399137496948,-0.0150973880663514,0.999826967716217,0.5639617443084717,0.6928943395614624,-0.0151235051453113,0.999836564064026,0.5633277893066406,0.6933462023735046,-0.0151218427345156,0.999862790107727,0.5644745230674744,0.6927704215049744,0.0098821781575679,0.999752163887024,0.5636299848556519,0.6933258175849915,0.0099032679572701,0.999682068824768,0.5628089904785156,0.6938948035240173,0.0098615586757659,0.9997299313545228,0.5566753149032593,0.6883699893951416,-0.0563736222684383,0.9998701810836792,0.5554133653640747,0.689740777015686,0.0535960607230663,0.999563217163086,0.5633060932159424,0.6698774695396423,-0.0126607306301593,0.9998183250427246,0.5633633136749268,0.6699446439743042,0.0193060729652643,0.9997471570968628,0.5487430095672607,0.6311501860618591,-0.1308684647083282,0.9999920129776,0.5369540452957153,0.622287929058075,0.1279514878988266,0.9996397495269777,0.5570367574691772,0.5295581221580505,-0.1630148142576217,0.9956961274147034,0.5464307069778442,0.5200207233428955,0.1481770873069763,0.1016192734241485,0.5699406862258911,0.4299927055835724,-0.1383682042360305,0.9877601861953736,0.5616440176963806,0.4468546211719513,0.114778347313404,0.0918044447898864,0.5714424848556519,0.3970031440258026,-0.1600808650255203,0.9747353196144104,0.5711891055107117,0.4176364243030548,0.120879091322422,0.1033235862851142,0.5733839869499207,0.3934574723243713,-0.1546629220247268,0.9721667170524596,0.5677065253257751,0.4124798774719238,0.0975349023938179,0.1052917093038559,0.5730182528495789,0.4033209979534149,-0.1347652822732925,0.9554429054260254,0.5647155046463013,0.4244974255561828,0.1036252826452255,0.1087987273931503,0.5590242743492126,0.4358388185501098,-0.0725609511137008,0.9983350038528442,0.5471219420433044,0.4352197051048279,0.0724738389253616,0.9965856671333312,0.5658329725265503,0.27765953540802,-0.0601732991635799,0.8880444765090942,0.5524398684501648,0.2789647281169891,0.0716193839907646,0.3586836755275726,0.5613887310028076,0.1107044368982315,-0.0287953894585371,0.893663227558136,0.550446629524231,0.124386042356491,0.1082976758480072,0.3926883935928345,0.552983283996582,0.0912510603666305,-0.0276996884495019,0.918436586856842,0.5427877306938171,0.1025570407509803,0.10966607183218,0.5155242681503296,0.5840733051300049,0.0911490693688392,-0.0763794109225273,0.8842467665672302,0.5719524621963501,0.100301593542099,0.065686360001564,0.4671460688114166,hoyeon_stand_normal_01,22.825424,22.203603,21.260292,19.104973,15.620499,12.806248,9.899495,7.211103,6.082763,7.071068,8.544004,10.77033,12.649111,14.56022,16.492423,17.464249,19.235384,19.026298,19.026298,18.11077,16.124515,14.142136,10.0,8.544004,9.219544,12.206556,9.055385,9.219544,10.440307,11.401754,11.401754,12.369317,12.369317,12.165525,11.18034,11.18034,10.198039,9.219544,9.219544,8.544004,8.544004,8.944272,8.944272,9.433981,9.433981,10.0,9.899495,10.630146,11.661904,13.928388,17.088007,19.313208,11.509204,9.400182,7.640055,6.3954835,6.403124,8.503264999999999,10.725815,12.7611315,15.495292,17.7460025,18.705537,20.360756,21.319122,22.313726000000003,22.779499,21.696611500000003,20.73083,17.5056715,13.8718035,8.7996945,4.495358,4.3027755,9.6678455,14.4912125,19.6706735,22.8980065,7.772002,10.877288,13.8297425,15.754693,17.1787195,16.9081605,16.420386999999998,15.012029,12.9670195,10.1021555,6.994157,4.611063,2.236068,2.5811390000000003,4.6213205,6.45101,8.4176585,10.9452265,12.255474,13.9070705,15.243284,16.420386999999998,16.5630285,16.1010545,15.6364875,14.7111025,12.206556,13.038405,13.892444,15.264338,14.422205,14.422205,12.806248,12.041595,11.313708,9.219544,7.81025,6.403124,5.385165,5.0,6.324555,8.062258,11.401754,14.21267,17.029386,20.0,22.803509,23.021729,23.853721,23.021729,21.095023,17.492856,12.041595,13.453624,14.21267,15.811388,15.264338,15.264338,13.038405,11.661904,9.433981,7.211103,5.656854,4.472136,4.0,5.09902,5.385165,6.708204,8.062258,8.944272,8.944272,9.848858,9.848858,9.848858,10.29563,10.29563,10.0,10.630146
hoyeon_stand_normal_01,2370,790,79.00431693989071,29.998360745314464,10,0.5679254531860352,0.6808987259864807,-0.0002913299831561,0.9998324513435364,0.5647871494293213,0.6924390196800232,-0.0156097253784537,0.999827206134796,0.5640274286270142,0.6928936243057251,-0.0156355835497379,0.9998371601104736,0.5633715987205505,0.6933459043502808,-0.0156335905194282,0.9998632669448853,0.5645762085914612,0.6927701830863953,0.0093984687700867,0.9997515678405762,0.56373530626297,0.6933261156082153,0.0094196153804659,0.9996817111968994,0.5629135966300964,0.6938964128494263,0.0093780467286705,0.9997290968894958,0.5566739439964294,0.6883726119995117,-0.0570419169962406,0.9998707175254822,0.5554485321044922,0.6897530555725098,0.0531239062547683,0.9995617866516112,0.563359797000885,0.6698768734931946,-0.0132852094247937,0.9998196363449096,0.5634450316429138,0.6699476838111877,0.0187289919704198,0.999747395515442,0.5487433671951294,0.6311459541320801,-0.1313304156064987,0.9999920725822448,0.536953330039978,0.6223154664039612,0.1273256093263626,0.9996375441551208,0.5570781230926514,0.529533863067627,-0.163567915558815,0.9957453608512878,0.5464732050895691,0.5201001167297363,0.1476396918296814,0.1018944084644317,0.5699360966682434,0.4299481213092804,-0.1391791403293609,0.987962245941162,0.5615721344947815,0.4467807412147522,0.1142082512378692,0.0922806188464164,0.5714383721351624,0.3969936072826385,-0.1610547006130218,0.9750912189483644,0.5712154507637024,0.4176454246044159,0.1203717142343521,0.1038017496466636,0.5733768939971924,0.3934500217437744,-0.1555076539516449,0.9725585579872132,0.5676756501197815,0.4123428165912628,0.0969790145754814,0.1057504042983055,0.5730152726173401,0.4033063650131225,-0.1355490088462829,0.9560114145278932,0.5647838711738586,0.424389898777008,0.1030550301074981,0.1092393174767494,0.5590070486068726,0.4358387291431427,-0.0725489035248756,0.998315453529358,0.5470216870307922,0.4352251887321472,0.0724619850516319,0.996535062789917,0.5657063126564026,0.2783266603946686,-0.0600963868200778,0.8875432014465332,0.5522428154945374,0.2795555591583252,0.0717636123299598,0.3578118979930877,0.5610793828964233,0.1107558757066726,-0.0282916352152824,0.8926106095314026,0.5502437353134155,0.1250632852315902,0.1086397245526313,0.3895408511161804,0.5526935458183289,0.0912410318851471,-0.0271657779812812,0.9175876975059508,0.5425354242324829,0.1029768139123916,0.1100497543811798,0.5131882429122925,0.5840747356414795,0.0914199724793434,-0.0761468410491943,0.8828272819519043,0.571943998336792,0.100808635354042,0.0661677792668342,0.4642633497714996,hoyeon_stand_normal_01,22.022716,23.194827,21.587033,19.924859,16.155494,13.0,9.486833,7.071068,6.324555,7.211103,8.485281,10.630146,12.041595,14.142136,16.278821,17.029386,18.601075,19.723083,19.235384,18.384776,16.155494,13.928388,10.29563,7.81025,8.544004,12.0,9.219544,10.0,10.630146,12.041595,12.727922,12.806248,12.806248,12.806248,12.206556,11.401754,10.630146,9.219544,9.219544,9.219544,9.219544,8.602325,9.433981,9.433981,10.29563,10.29563,10.440307,11.18034,12.0,14.035669,17.117243,19.104973,14.317821,15.132746,15.033296,15.0,15.0,14.035669,13.152946,11.18034,9.219544,7.28011,5.385165,2.828427,2.0,3.162278,7.071068,10.049876,14.0,17.029386,20.024984,22.090722,24.083189,24.186773,24.186773,22.36068,19.416488,16.492423,9.219544,8.246211,6.708204,5.0,3.605551,2.236068,3.605551,6.082763,7.0,9.055385,9.219544,10.440307,9.486833,9.486833,8.544004,8.544004,7.28011,6.324555,4.123106,3.0,1.414214,2.236068,4.242641,7.211103,8.944272,10.77033,15.231546,13.0,12.529964,10.29563,8.485281,8.062258,8.544004,10.198039,11.401754,12.649111,14.866069,17.088007,17.888544,18.867962,20.615528,19.79899,20.518285,19.209373,17.204651,14.21267,10.630146,7.615773,7.28011,11.401754,14.142136,17.029386,9.848858,8.062258,5.656854,5.09902,7.28011,9.433981,11.661904,13.892444,15.652476,17.0,16.155494,15.811388,15.524175,14.317821,13.152946,12.041595,11.045361,10.198039,9.486833,10.77033,11.18034,11.661904,13.892444,15.264338,16.124515,16.552945
hoyeon_stand_normal_01,2373,791,79.10432240437159,29.998360745314464,10,0.5679946541786194,0.6809058785438538,-0.00031520347693,0.9998331069946288,0.5648486018180847,0.6924394369125366,-0.0156398303806781,0.9998279213905334,0.5640801787376404,0.6928942799568176,-0.0156657733023166,0.9998381733894348,0.5634109377861023,0.6933468580245972,-0.0156634952872991,0.9998639822006226,0.5646415948867798,0.6927708387374878,0.009380686096847,0.9997517466545104,0.5638007521629333,0.6933276057243347,0.0094019351527094,0.9996823072433472,0.5629758238792419,0.6938992142677307,0.0093602538108825,0.9997290372848512,0.5566730499267578,0.6883805394172668,-0.0571273900568485,0.9998714327812196,0.5554687976837158,0.6897701025009155,0.0531140714883804,0.99956077337265,0.5633928179740906,0.669878363609314,-0.0133252097293734,0.9998211860656738,0.5634863376617432,0.6699535846710205,0.0187066588550806,0.9997479319572448,0.5487430095672607,0.6311682462692261,-0.1315552443265915,0.9999921321868896,0.5369461178779602,0.6223564147949219,0.1273267567157745,0.9996349215507508,0.5570757985115051,0.5295915007591248,-0.1638662070035934,0.9957861304283142,0.5465441942214966,0.5202339291572571,0.1476927697658538,0.1017327085137367,0.5698890686035156,0.4299569725990295,-0.1392822563648224,0.9881186485290528,0.5615312457084656,0.4466766119003296,0.1143094524741172,0.0923521220684051,0.5713627934455872,0.397013247013092,-0.1611031740903854,0.9753631353378296,0.570124626159668,0.4172906577587127,0.1205525398254394,0.1039142459630966,0.5733530521392822,0.3934613168239593,-0.1555459797382354,0.9728632569313048,0.5676153898239136,0.4122333228588104,0.0971100628376007,0.1058754548430442,0.5730006694793701,0.4033125340938568,-0.1356443613767624,0.95645272731781,0.564954400062561,0.4242763519287109,0.1031353026628494,0.1093550100922584,0.5589292645454407,0.4358000159263611,-0.0726128816604614,0.9983021020889282,0.5469972491264343,0.4351553320884704,0.0725256204605102,0.996496856212616,0.565544843673706,0.2783143520355224,-0.0600926354527473,0.8880959749221802,0.5522414445877075,0.279545396566391,0.0718404203653335,0.3591503202915191,0.5609691143035889,0.1105514019727706,-0.0282942522317171,0.8931283354759216,0.550243079662323,0.125055506825447,0.1088598296046257,0.3901314437389374,0.5525537133216858,0.091114230453968,-0.0271776672452688,0.917395830154419,0.5424537658691406,0.103040263056755,0.1102757900953292,0.5129972100257874,0.5840756893157959,0.0911800116300582,-0.0767301246523857,0.883222222328186,0.5719982981681824,0.1007143855094909,0.0662581920623779,0.4654920399188995,hoyeon_stand_normal_01,25.0,24.698178,23.706539,20.248457,17.204651,13.601471,10.816654,7.615773,7.0,7.615773,9.433981,11.661904,13.038405,15.264338,17.0,18.788294,19.313208,19.924859,20.396078,18.11077,17.029386,14.142136,10.440307,8.602325,9.433981,12.649111,9.848858,10.29563,11.18034,12.529964,13.038405,13.038405,13.892444,13.416408,12.529964,12.529964,11.661904,11.18034,10.816654,10.816654,10.0,10.0,9.899495,9.899495,10.630146,10.0,10.29563,11.7047,13.341664,15.132746,18.11077,21.213203,14.866069,15.556349,16.278821,16.401219,15.811388,15.264338,13.892444,11.661904,10.29563,8.544004,6.324555,4.0,2.236068,3.162278,7.211103,10.0,14.21267,17.804494,20.615528,23.021729,24.413111,25.238859,24.698178,21.954498,19.235384,15.231546,9.848858,8.944272,7.211103,5.0,3.162278,2.236068,3.162278,5.09902,7.615773,9.433981,9.433981,10.0,9.219544,9.219544,8.485281,8.485281,7.071068,5.656854,3.605551,2.236068,1.414214,3.0,5.385165,7.615773,10.29563,12.206556,13.4004195,14.0,12.903124,11.964194,11.888623,11.317976000000002,11.28992,11.3536325,11.0827625,11.3722305,11.6211615,11.415476,11.574702,12.173427,12.807764,14.499935,16.374183000000002,16.8630415,17.546597499999997,17.1267755,16.5528175,15.511358,15.7465035,16.159173,16.8889105,16.8962205,11.0809515,10.8789545,11.180792,10.502832,12.1057345,12.908327,13.0657175,13.463121,12.905694,12.807372,11.716255,10.7213495,10.1394105,10.0463175,10.021811,9.3186,9.3064285,9.732006,10.12899,10.3738445,10.4178675,11.236193,11.928093,12.632169,13.271406,13.2006095
hoyeon_stand_normal_01,2376,792,79.20432786885246,29.998360745314464,10,0.5680705904960632,0.681096076965332,-0.0002641564060468,0.99983412027359,0.5648996233940125,0.6925484538078308,-0.0156047753989696,0.9998289346694946,0.5641223192214966,0.6930027008056641,-0.0156306382268667,0.9998394250869752,0.5634405016899109,0.6934539079666138,-0.0156281385570764,0.9998648762702942,0.5647038817405701,0.6928803324699402,0.0094517292454838,0.999752402305603,0.5638679265975952,0.693437933921814,0.0094734719023108,0.9996836185455322,0.5630444884300232,0.6940115690231323,0.0094324676319956,0.9997296929359436,0.5566722750663757,0.6884674429893494,-0.0571109242737293,0.9998722672462464,0.5555053949356079,0.6898794174194336,0.0532694645226001,0.9995604157447816,0.5634381175041199,0.670024573802948,-0.013301458209753,0.9998224973678588,0.5635486245155334,0.6701179146766663,0.0187817122787237,0.9997482299804688,0.5487390160560608,0.631267786026001,-0.1316266506910324,0.9999922513961792,0.5369511246681213,0.6224846839904785,0.1276310980319976,0.999633252620697,0.5570758581161499,0.5299726128578186,-0.1638895720243454,0.995832860469818,0.5466795563697815,0.5207758545875549,0.1484825909137725,0.1015045344829559,0.5698492527008057,0.4304339587688446,-0.1391952931880951,0.9882553815841676,0.5619595646858215,0.4467383623123169,0.1150939986109733,0.0923587456345558,0.5713509917259216,0.3974329233169555,-0.1609849631786346,0.9755980372428894,0.5693067908287048,0.4172030389308929,0.1214117333292961,0.1039218083024025,0.573330283164978,0.3938144743442535,-0.1554293930530548,0.9731345176696776,0.5675821900367737,0.4122293591499328,0.0979396179318428,0.1059135049581527,0.5729758739471436,0.4037515223026275,-0.1355570256710052,0.9568467140197754,0.5650054812431335,0.4242736399173736,0.1038873866200447,0.1093830615282058,0.5588415861129761,0.4360141456127167,-0.0729964151978492,0.9982985854148864,0.5469952821731567,0.435293048620224,0.0729101449251174,0.9964826703071594,0.5651044845581055,0.2788414359092712,-0.0604330189526081,0.8883281350135803,0.5522518157958984,0.2801052331924438,0.0719460397958755,0.3582306802272796,0.5607824921607971,0.1104024350643158,-0.029094360768795,0.8935320377349854,0.5502502918243408,0.12518011033535,0.1089930161833763,0.3901927471160888,0.5521637797355652,0.0908537805080413,-0.0280754640698432,0.9167252779006958,0.5424007177352905,0.1031325906515121,0.1103929579257965,0.5122489929199219,0.5840931534767151,0.0908800810575485,-0.0791191309690475,0.8838064670562744,0.5721387267112732,0.1007094457745552,0.0662543326616287,0.4670581221580505,hoyeon_stand_normal_01,23.600847,23.323808,22.36068,19.313208,16.763055,13.601471,9.486833,7.211103,6.403124,7.28011,9.055385,11.0,13.0,15.033296,16.03122,18.248288,18.439089,19.924859,19.313208,17.888544,16.124515,13.416408,9.848858,7.0,8.062258,10.630146,9.486833,10.440307,11.401754,11.401754,12.165525,13.341664,13.341664,13.341664,12.369317,12.369317,11.401754,11.401754,10.198039,10.049876,10.049876,10.0,10.0,10.049876,10.049876,10.198039,10.440307,11.18034,12.206556,14.866069,17.691806,19.79899,16.124515,17.029386,17.0,17.029386,16.124515,16.124515,14.317821,12.369317,10.440307,8.544004,6.708204,3.605551,2.0,3.162278,7.071068,10.049876,14.035669,17.029386,20.099751,22.090722,24.186773,24.186773,24.33105,21.377558,18.439089,14.56022,10.049876,9.0,8.062258,6.324555,4.242641,3.0,2.828427,5.385165,7.071068,8.0,9.055385,9.055385,9.219544,9.219544,8.246211,8.246211,6.082763,5.09902,3.0,2.0,1.0,3.605551,5.830952,8.544004,10.440307,12.369317,15.811388,13.341664,12.369317,10.198039,9.055385,8.246211,8.944272,10.816654,12.206556,13.601471,15.811388,17.492856,17.888544,20.248457,20.615528,22.36068,21.095023,20.024984,18.0,15.033296,11.18034,8.062258,7.615773,11.0,14.142136,17.464249,8.062258,6.324555,4.123106,5.0,7.615773,10.440307,13.341664,15.524175,17.088007,17.088007,17.464249,17.0,16.124515,14.422205,13.601471,12.806248,12.206556,10.816654,10.29563,10.440307,11.401754,12.165525,14.142136,15.132746,16.278821,17.464249
hoyeon_stand_normal_01,2379,793,79.30433333333333,29.998360745314464,10,0.5681153535842896,0.6814232468605042,-0.0002844434638973,0.9998352527618408,0.5649141669273376,0.6927812099456787,-0.0156158944591879,0.9998301863670348,0.564132034778595,0.6932295560836792,-0.0156418066471815,0.9998407363891602,0.5634444355964661,0.6936655640602112,-0.0156391635537147,0.9998658299446106,0.5647211074829102,0.6930890083312988,0.0094172218814492,0.9997538924217224,0.5638828277587891,0.6936300992965698,0.0094391163438558,0.999685764312744,0.563054621219635,0.6941860318183899,0.0093986010178923,0.9997312426567078,0.5566604137420654,0.6885972023010254,-0.0570968426764011,0.999873161315918,0.5555062890052795,0.6900151968002319,0.0532145537436008,0.999561607837677,0.563475489616394,0.6702803373336792,-0.0132976491004228,0.9998236298561096,0.5635896325111389,0.6703394651412964,0.0187556874006986,0.9997487664222716,0.5487377643585205,0.6313002705574036,-0.1316857635974884,0.999992311000824,0.5369071364402771,0.6225489377975464,0.1276287883520126,0.9996294975280762,0.5570812225341797,0.5302577018737793,-0.1638534665107727,0.99586284160614,0.5466867089271545,0.5211009383201599,0.1484081596136093,0.1006219610571861,0.5698439478874207,0.4307796061038971,-0.138752669095993,0.988304615020752,0.5620813369750977,0.4468434751033783,0.1149630472064018,0.0915356054902076,0.5713493824005127,0.3977729976177215,-0.1603489965200424,0.9756680130958556,0.5686771869659424,0.4172040820121765,0.1212944164872169,0.1031127497553825,0.5733247399330139,0.394126147031784,-0.1546831429004669,0.9732272624969482,0.5674986243247986,0.4122836291790008,0.0978313907980918,0.1051256209611892,0.5729688405990601,0.4040789604187011,-0.1350827664136886,0.9569960832595824,0.5650061964988708,0.4243052005767822,0.1037472561001777,0.1086017116904258,0.5587947964668274,0.4361554980278015,-0.0732953399419784,0.9982969760894777,0.5469952821731567,0.4353532195091247,0.0732089281082153,0.9964670538902284,0.5651044845581055,0.2788278460502624,-0.0606090351939201,0.8882134556770325,0.5522355437278748,0.2800925076007843,0.0721112862229347,0.3560456931591034,0.5607503056526184,0.1100452467799186,-0.0296960342675447,0.893787682056427,0.5502516627311707,0.1251829415559768,0.1092274114489555,0.3895336091518402,0.5520527958869934,0.0905460566282272,-0.0287380255758762,0.9161930680274964,0.5423158407211304,0.1031473353505134,0.1106120124459266,0.5114297270774841,0.5840962529182434,0.0906449779868125,-0.0798925533890724,0.8843229413032532,0.5721567273139954,0.1005734950304031,0.06643907725811,0.4679348170757293,hoyeon_stand_normal_01,17.17549,17.471122,17.1820655,16.9193655,15.660758,14.23377,12.204539,11.0640355,10.966797,11.1041655,11.5207975,11.524938,12.0276925,12.154748,12.4679625,13.313436,14.328834,15.4478575,16.594810000000003,17.173251999999998,17.7460025,16.964194,16.635531,15.708032499999998,16.8100815,17.034576,9.2155525,9.848858,9.6678455,10.1445825,10.514599,10.826179,10.848475,10.6995785,10.206366,10.170832,9.6846585,9.7201925,8.8631545,8.261296999999999,8.4531215,8.6304895,8.905125,9.2426405,9.63471,10.5352265,11.6109675,12.506402,14.1598465,15.212093499999998,16.9859545,17.3734945,16.401219,17.804494,18.384776,18.439089,17.804494,17.204651,15.264338,13.416408,11.18034,9.486833,6.082763,4.123106,3.162278,5.385165,8.602325,12.806248,17.029386,21.260292,24.083189,27.658633,29.068884,29.832868,29.206164,26.627054,23.853721,19.723083,10.630146,10.0,8.944272,6.324555,4.123106,3.162278,4.472136,7.071068,9.219544,10.816654,11.661904,12.529964,12.083046,12.083046,10.77033,9.848858,8.544004,7.615773,5.830952,3.605551,1.0,2.0,5.09902,8.544004,10.77033,13.416408,14.317821,13.0,11.18034,9.486833,8.062258,8.062258,8.544004,10.29563,11.661904,13.416408,14.317821,16.763055,17.464249,19.235384,20.024984,20.024984,20.099751,18.248288,16.278821,13.152946,10.0,7.615773,8.062258,11.18034,15.0,18.027756,8.602325,6.708204,5.09902,4.472136,7.211103,8.544004,11.7047,13.928388,15.231546,17.0,16.643317,15.811388,15.0,13.453624,12.727922,11.313708,9.899495,9.899495,9.219544,10.29563,10.29563,11.7047,13.0,14.866069,15.231546,15.231546
hoyeon_stand_normal_01,2382,794,79.4043387978142,29.998360745314464,10,0.568143904209137,0.6815899610519409,-0.0001732184755383,0.9998356699943542,0.5649235248565674,0.6929108500480652,-0.0154716288670897,0.999830722808838,0.564136803150177,0.6933611631393433,-0.0154979331418871,0.999841332435608,0.5634467601776123,0.6937936544418335,-0.0154955526813864,0.9998661279678344,0.5647360682487488,0.6932043433189392,0.0094993812963366,0.9997543692588806,0.5638963580131531,0.6937415599822998,0.0095213530585169,0.9996865391731262,0.5630634427070618,0.6942939758300781,0.009481256827712,0.9997316598892212,0.5566276907920837,0.6887006163597107,-0.0568910390138626,0.9998734593391418,0.5555063486099243,0.6901446580886841,0.0532153993844985,0.9995615482330322,0.5635080933570862,0.6704226136207581,-0.013169115409255,0.9998238682746888,0.5636305212974548,0.6704469919204712,0.0188077501952648,0.9997483491897584,0.5487364530563354,0.6313022971153259,-0.1316136568784713,0.9999922513961792,0.5368635654449463,0.6225602626800537,0.1275677531957626,0.999625563621521,0.5570911765098572,0.5304202437400818,-0.1633492112159729,0.995859444141388,0.5466665625572205,0.5213137865066528,0.1481837481260299,0.0997441336512565,0.5698358416557312,0.4310604631900787,-0.1367207318544387,0.9882546663284302,0.5612478256225586,0.4468423724174499,0.1149538233876228,0.0905478820204734,0.5713457465171814,0.3980943262577057,-0.157816007733345,0.975568413734436,0.5678470134735107,0.4172027707099914,0.1212892904877662,0.1021846681833267,0.5732808709144592,0.3944325745105743,-0.1520636230707168,0.9731347560882568,0.5670881867408752,0.4123000204563141,0.0978482291102409,0.1042052432894706,0.5729188323020935,0.4043832421302795,-0.1330260336399078,0.9569056034088136,0.5648841261863708,0.4243077933788299,0.103740282356739,0.1076752468943595,0.5587743520736694,0.4364449083805084,-0.0733511224389076,0.998285949230194,0.5470008850097656,0.4356074333190918,0.0732645243406295,0.9964506030082704,0.565098762512207,0.2788322567939758,-0.0608332194387912,0.8873902559280396,0.5523104071617126,0.2801921367645263,0.0720534697175026,0.3529232144355774,0.5605974197387695,0.1099473387002945,-0.0299922339618206,0.8930104374885559,0.5502237677574158,0.1254815608263015,0.1091352552175521,0.3872333765029907,0.5519071221351624,0.0904999449849128,-0.0289843454957008,0.91516774892807,0.5422248840332031,0.103281170129776,0.1105060130357742,0.5093185305595398,0.5840832591056824,0.0906401351094245,-0.0798032209277153,0.8839264512062073,0.57216477394104,0.1005817353725433,0.0661568492650985,0.4666906595230102,hoyeon_stand_normal_01,11.661904,11.18034,14.035669,15.132746,18.248288,19.235384,20.099751,20.024984,19.0,17.0,15.033296,13.038405,11.0,9.055385,7.28011,6.403124,7.615773,11.045361,15.033296,18.027756,22.022716,26.0,28.071338,29.427878,29.12044,26.570661,12.806248,14.21267,15.0,15.620499,14.866069,14.21267,12.806248,11.401754,10.816654,9.848858,9.219544,9.055385,9.0,10.049876,10.198039,10.440307,11.7047,13.0,14.764823,15.264338,17.492856,17.492856,18.35756,18.35756,17.492856,14.422205,10.049876,8.062258,6.708204,7.211103,7.071068,9.219544,11.7047,13.416408,15.264338,18.027756,20.0,21.400935,22.203603,22.203603,23.021729,21.633308,20.248457,18.027756,14.422205,9.219544,4.472136,4.242641,9.219544,14.142136,19.104973,22.36068,9.0,12.041595,15.132746,17.464249,18.027756,18.788294,17.492856,15.811388,13.453624,10.630146,8.602325,5.385165,3.0,2.236068,4.123106,6.708204,8.602325,10.630146,12.041595,13.453624,14.866069,15.620499,15.620499,15.811388,13.892444,13.0,15.231546,13.928388,11.7047,10.29563,7.81025,7.81025,8.544004,9.219544,11.401754,13.341664,14.56022,16.155494,17.888544,18.867962,20.0,19.849433,19.79899,19.104973,17.029386,13.453624,9.899495,6.708204,6.324555,9.219544,13.038405,16.124515,9.219544,7.615773,5.0,5.09902,7.28011,10.440307,13.0,15.231546,17.088007,17.720045,17.464249,17.262677,16.124515,15.033296,13.0,13.0,11.0,11.0,10.049876,10.198039,10.77033,12.083046,13.416408,14.764823,15.652476,16.124515
hoyeon_stand_normal_01,2385,795,79.50434426229508,29.998360745314464,10,0.5682246685028076,0.6816394925117493,-0.0011885727290064,0.9998337030410768,0.5649510025978088,0.6929610371589661,-0.0163872651755809,0.999829113483429,0.5641511678695679,0.6934131979942322,-0.0164136011153459,0.999839961528778,0.5634490251541138,0.6938433051109314,-0.0164126995950937,0.9998648166656494,0.564793050289154,0.6932429671287537,0.0085617061704397,0.9997513890266418,0.5639592409133911,0.6937773823738098,0.0085840784013271,0.9996834993362428,0.5631231665611267,0.6943289041519165,0.0085453735664486,0.9997289180755616,0.5565810799598694,0.6887234449386597,-0.0576904602348804,0.9998720288276672,0.5555230379104614,0.6901879906654358,0.0523167252540588,0.9995553493499756,0.5635936260223389,0.6704480051994324,-0.0142116630449891,0.9998225569725036,0.5637689828872681,0.6704576015472412,0.0177328381687402,0.999744951725006,0.5487244725227356,0.6311361193656921,-0.1321898251771927,0.9999921321868896,0.5368800759315491,0.6225401759147644,0.1262479126453399,0.9996176958084106,0.557052731513977,0.5303491950035095,-0.1635846644639969,0.9958375096321106,0.5466550588607788,0.5213125944137573,0.1462613642215728,0.0985593795776367,0.5697577595710754,0.4310499727725982,-0.1372393816709518,0.9881581664085388,0.5607346296310425,0.4468239843845367,0.1124904528260231,0.0895382165908813,0.5712419152259827,0.398093432188034,-0.1584857851266861,0.975365936756134,0.5672377943992615,0.4171614050865173,0.1186689063906669,0.1011864989995956,0.5732163786888123,0.3944390714168548,-0.1527052223682403,0.9729318618774414,0.566684901714325,0.412290096282959,0.0953217446804046,0.1031933203339576,0.5728598237037659,0.4043856263160705,-0.1336055397987365,0.9566397666931152,0.5647483468055725,0.4242895841598511,0.1013071164488792,0.1066898480057716,0.5586823225021362,0.4364643096923828,-0.073418952524662,0.998262882232666,0.547254204750061,0.4356752634048462,0.0733343511819839,0.996398150920868,0.5650795102119446,0.2788666486740112,-0.0609472654759883,0.8859413862228394,0.5525279641151428,0.280315637588501,0.072247490286827,0.3473212718963623,0.5604543089866638,0.1099573448300361,-0.0299650374799966,0.8915686011314392,0.5503162741661072,0.1262329667806625,0.1099352091550827,0.3821251094341278,0.5517503023147583,0.0905520468950271,-0.0289535205811262,0.91362202167511,0.5426805019378662,0.103983037173748,0.1113703250885009,0.5051881074905396,0.5841156840324402,0.0906745791435241,-0.0798197984695434,0.882473886013031,0.5724298357963562,0.1009043976664543,0.0667992904782295,0.4631063044071197,hoyeon_stand_normal_01,25.0,24.698178,22.36068,19.723083,16.643317,12.206556,8.944272,7.071068,7.28011,8.602325,10.630146,12.727922,14.866069,16.278821,18.439089,20.0,20.248457,21.470911,21.023796,19.313208,17.088007,13.928388,10.816654,8.602325,10.198039,13.038405,8.0,8.062258,8.246211,9.486833,9.848858,10.77033,11.18034,12.083046,12.083046,12.083046,12.083046,10.77033,10.77033,9.848858,8.944272,9.433981,8.602325,8.602325,8.485281,8.602325,9.848858,11.401754,13.152946,16.03122,20.024984,22.203603,10.0,8.944272,6.082763,5.385165,5.830952,8.246211,10.0,12.165525,14.317821,16.492423,17.720045,19.924859,20.615528,20.880613,21.587033,20.615528,18.439089,16.278821,12.369317,8.544004,3.605551,5.0,10.29563,14.764823,19.235384,21.954498,8.246211,11.7047,13.892444,15.811388,17.029386,16.970563,16.401219,15.264338,12.529964,9.848858,7.28011,4.0,1.414214,2.236068,4.242641,7.211103,8.944272,11.18034,13.0,14.317821,15.231546,16.552945,16.552945,16.124515,14.422205,14.21267,16.03122,14.035669,12.0,11.045361,9.219544,8.944272,9.219544,10.630146,12.727922,14.142136,16.278821,17.029386,18.027756,19.235384,20.615528,20.880613,20.615528,19.235384,17.117243,14.142136,11.401754,8.602325,7.28011,11.045361,14.56022,17.720045,8.062258,6.0,4.472136,5.385165,8.0,11.0,13.0,15.0,17.029386,18.027756,17.262677,17.464249,15.524175,14.866069,13.928388,13.0,11.7047,10.440307,10.198039,10.049876,11.0,13.038405,14.035669,15.033296,16.03122,17.0
hoyeon_stand_normal_01,2388,796,79.60434972677595,29.998360745314464,10,0.5683202743530273,0.6815542578697205,-0.0021958113647997,0.999833881855011,0.5649563074111938,0.6929283142089844,-0.017254976555705,0.9998295903205872,0.5641542673110962,0.6933795809745789,-0.0172806736081838,0.999840497970581,0.5634394884109497,0.6938078999519348,-0.0172809157520532,0.999865174293518,0.5648267865180969,0.6932045221328735,0.007625950500369,0.9997515678405762,0.5639983415603638,0.6937390565872192,0.0076485923491418,0.9996843338012696,0.56316077709198,0.6942951083183289,0.0076116104610264,0.9997296333312988,0.5564247369766235,0.6886281371116638,-0.0581710487604141,0.9998722076416016,0.5555242300033569,0.690144956111908,0.0515503734350204,0.9995548725128174,0.5636552572250366,0.6702308654785156,-0.0150944422930479,0.999823272228241,0.5639077425003052,0.6701833605766296,0.0167557299137115,0.9997447729110718,0.5487031936645508,0.6306988000869751,-0.1323232203722,0.9999920725822448,0.5369784832000732,0.6224584579467773,0.1251653581857681,0.9996134042739868,0.55681312084198,0.5299985408782959,-0.1635776311159134,0.9958373308181764,0.5466877222061157,0.5212201476097107,0.1443778872489929,0.0976983904838562,0.5696414709091187,0.4309333860874176,-0.1377714425325393,0.988148033618927,0.5607268810272217,0.4460670053958893,0.1099730804562568,0.0887240767478942,0.5710383653640747,0.3980112671852112,-0.1592452973127365,0.9753229022026062,0.5672624111175537,0.4171393513679504,0.1158618628978729,0.1003118082880973,0.5731614232063293,0.3944108784198761,-0.1535594314336776,0.9729003310203552,0.5666572451591492,0.4122900068759918,0.0926158800721168,0.1022958308458328,0.5728349089622498,0.4043222367763519,-0.1342360377311706,0.9566195607185364,0.5647539496421814,0.423775166273117,0.0988136604428291,0.1058327257633209,0.5586395263671875,0.436371386051178,-0.0734171792864799,0.998250126838684,0.5475019812583923,0.4356570541858673,0.0733325481414794,0.9963685274124146,0.5651276707649231,0.2788602411746979,-0.0609642714262008,0.8844019174575806,0.552616536617279,0.2803110778331756,0.0722697898745536,0.3420054018497467,0.5604562759399414,0.1100403368473053,-0.0299332663416862,0.8900055289268494,0.550432026386261,0.1264743059873581,0.1100348532199859,0.377397358417511,0.5517650246620178,0.0907636731863021,-0.0289078075438737,0.9120632410049438,0.5432314276695251,0.1046199277043342,0.1114759594202041,0.5014094710350037,0.5841513872146606,0.0908011794090271,-0.0797033980488777,0.8808579444885254,0.5725591778755188,0.1010167375206947,0.066883347928524,0.4594592452049255,hoyeon_stand_normal_01,8.246211,8.602325,10.630146,13.601471,15.0,16.401219,17.029386,17.029386,16.278821,14.866069,13.453624,11.313708,9.899495,8.602325,6.708204,6.0,6.708204,9.219544,12.727922,15.620499,19.849433,22.627417,24.758837,25.612497,25.238859,23.706539,10.198039,11.18034,11.401754,12.369317,11.401754,11.401754,10.440307,9.219544,8.062258,7.0,6.082763,6.324555,5.830952,6.403124,7.071068,8.062258,8.944272,9.848858,10.77033,13.0,13.928388,14.866069,15.231546,14.317821,13.928388,11.401754,12.2111025,11.0693275,11.4317895,10.531249,10.4330345,10.608622,11.1846585,11.119817,11.634027499999998,11.7006095,11.451757,11.103313,11.5,12.904326,13.93986,15.700877,16.815789,16.8241275,16.507604,14.707353,13.6037185,14.6037185,16.814394,18.245966,19.375928,19.0586885,8.112191,9.056067,10.201562,10.016648,10.1313385,9.4995615,10.1393,10.544689,10.134407,9.3267625,8.201562,7.551140999999999,6.433107,6.5308865,7.159282000000001,8.050527,8.007670000000001,8.659379,8.640523,9.0463825,9.1802915,10.183578,12.035534,12.519113,13.453831999999998,13.341664,12.165525,12.165525,13.152946,14.142136,13.152946,13.152946,12.369317,11.401754,10.440307,8.944272,7.615773,5.385165,4.123106,3.605551,5.0,7.28011,10.440307,13.341664,16.278821,19.416488,20.615528,22.803509,22.135944,21.18962,19.313208,16.155494,14.422205,15.811388,16.401219,17.029386,17.691806,16.278821,14.866069,12.727922,10.630146,7.81025,6.708204,5.09902,5.09902,5.385165,6.403124,7.81025,7.81025,9.219544,9.219544,10.630146,10.0,10.630146,10.630146,9.899495,10.0,10.29563
hoyeon_stand_normal_01,2394,798,79.80436065573771,29.998360745314464,10,0.5685116648674011,0.6813457608222961,-0.0103543745353817,0.9998385906219482,0.5650035738945007,0.6928128600120544,-0.0254836715757846,0.9998348951339722,0.5641669631004333,0.6932747960090637,-0.0255032870918512,0.99984610080719,0.5634381771087646,0.6937181353569031,-0.0255039390176534,0.9998698830604552,0.5649442672729492,0.6930786371231079,-0.0004575276107061,0.9997574090957642,0.5641209483146667,0.6936218738555908,-0.0004346177738625,0.9996929168701172,0.5632712244987488,0.6942002177238464,-0.000465736084152,0.999736189842224,0.5561997890472412,0.688543438911438,-0.0656641498208046,0.9998769164085388,0.5555307269096375,0.6900931596755981,0.0445879064500331,0.9995648264884948,0.5637311339378357,0.6699056029319763,-0.0229204129427671,0.9998305439949036,0.5641002058982849,0.669796884059906,0.0090957796201109,0.9997528195381165,0.5485602021217346,0.6302241683006287,-0.1379268765449524,0.9999923706054688,0.5372040867805481,0.6221837997436523,0.1204224973917007,0.999613344669342,0.5561866164207458,0.5278506278991699,-0.1691340506076812,0.99605131149292,0.5466918349266052,0.5198352336883545,0.1406855285167694,0.0988499596714973,0.5693967938423157,0.4291706383228302,-0.1481724828481674,0.988905668258667,0.5606881976127625,0.444305956363678,0.1058356910943985,0.0904950574040412,0.5706280469894409,0.3964968621730804,-0.1714762151241302,0.9767011404037476,0.5673797726631165,0.4166160225868225,0.1116319000720977,0.1018343120813369,0.5729870200157166,0.3932900428771972,-0.165773719549179,0.9744306206703186,0.5665960907936096,0.4119156301021576,0.0881564542651176,0.1037882640957832,0.5727584958076477,0.4027683436870575,-0.1446776837110519,0.9588950872421264,0.5647586584091187,0.4223269820213318,0.0947306081652641,0.1072457805275917,0.5586220026016235,0.4346418976783752,-0.0734056159853935,0.9982538223266602,0.5477121472358704,0.4346579611301422,0.0733276605606079,0.9963522553443908,0.5651165843009949,0.2787738442420959,-0.060945488512516,0.8852723240852356,0.5526681542396545,0.2801325917243957,0.0734028592705726,0.3402220010757446,0.5604344010353088,0.1101578027009964,-0.0282349307090044,0.890604555606842,0.5507325530052185,0.1266143918037414,0.1120439693331718,0.3753201365470886,0.5518099069595337,0.0911824181675911,-0.0269428398460149,0.9128544926643372,0.5437134504318237,0.1048870384693145,0.1135796159505844,0.50083988904953,0.5841659903526306,0.0908260196447372,-0.0771682634949684,0.8811200857162476,0.5727099776268005,0.1009651571512222,0.0697991400957107,0.4591050744056701,hoyeon_stand_normal_01,8.7147765,9.29694,10.615108,13.1900345,14.779922,15.7628595,16.7477345,16.6313385,16.1394105,15.066373,13.537037,12.041595,10.5476185,8.640901,7.4479415,6.117038,6.269578,8.650798,12.0207975,15.6641395,19.130841,22.1131595,25.079872,25.757161,25.5704335,23.473302500000003,10.7806995,11.2147295,11.921836,12.365058,12.7290015,12.023277,10.905243,9.3904555,8.6221155,8.2153235,6.6978115,6.646933,6.8078865,7.175589,7.175589,7.8078865,9.081908,10.2468345,11.0511055,12.843758,14.1752965,15.0652035,15.811388,15.3942565,14.4912125,12.603278,12.908327,12.844966,11.6757605,11.04951,11.0278,11.646902,12.349359,12.369317,12.747549,12.5897505,12.124144,12.173427,11.7246355,12.409377,13.8081635,15.111874,16.508979500000002,16.0451045,15.791006500000002,14.404326,12.904577,14.094337,16.8100815,17.8304105,18.845903,18.3071705,9.472136,9.6509675,11.01146,11.0548865,10.6638785,9.735872,9.7764725,10.125617,9.79021,9.004144499999999,7.2426405,6.671325,5.316879,5.715376,6.5977075,7.245606499999999,7.525248,8.582762500000001,7.9906865,8.066372999999999,8.7693645,10.361397,11.8329005,12.0445355,13.0771605,13.328155,14.1513715,14.370013,13.764982,12.908327,11.8208745,11.2422315,11.218224,11.3640015,11.6729325,11.595261,11.9205315,11.735629500000002,11.9336865,12.533168,13.16561,14.338893,15.8493125,16.7002305,17.0921145,16.894509499999998,16.1085895,14.9882265,14.534442,16.051549,17.3229765,17.3050495,10.965952,10.995323,10.734121,10.803469,11.8862665,12.7963445,13.522695,13.652427499999998,13.109772,12.540011,12.107864,11.3600225,10.6889205,10.6077545,10.571068,10.576473,10.610455,10.59017,10.2201535,10.424429,11.09017,12.0192025,12.3007355,13.4283745,13.9118285,13.7068235
hoyeon_stand_normal_01,2397,799,79.90436612021858,29.998360745314464,10,0.5685662031173706,0.681194543838501,-0.0113177467137575,0.999841034412384,0.5650212168693542,0.6927167177200317,-0.026552464812994,0.9998375773429872,0.5641717910766602,0.6931837201118469,-0.0265727303922176,0.9998491406440736,0.5634374022483826,0.693637490272522,-0.0265739299356937,0.9998725056648254,0.5649799704551697,0.6929827332496643,-0.0014393217861652,0.9997599720954896,0.5641547441482544,0.6935334801673889,-0.0014158131089061,0.9996964931488036,0.563298225402832,0.6941266655921936,-0.0014461037935689,0.99973863363266,0.5561168193817139,0.6884922385215759,-0.0668770372867584,0.9998799562454224,0.555530846118927,0.6900588870048523,0.0437987484037876,0.9995694756507874,0.5637509226799011,0.6697191596031189,-0.0238709114491939,0.9998345971107484,0.5641470551490784,0.6695987582206726,0.0082572754472494,0.9997568726539612,0.5485029816627502,0.6301088929176331,-0.1397388130426406,0.9999926686286926,0.5372084975242615,0.6220768690109253,0.1205749213695526,0.9996131062507628,0.5557597279548645,0.5272459983825684,-0.171828493475914,0.9961973428726196,0.5467460751533508,0.5194514989852905,0.1412039846181869,0.099400945007801,0.5692601799964905,0.4283578395843506,-0.1511256396770477,0.98939049243927,0.5617107152938843,0.4438974261283874,0.1065743267536163,0.0917565450072288,0.5702522993087769,0.3956364095211029,-0.1745665818452835,0.9776045680046082,0.5675832629203796,0.4164005517959595,0.1124157384037971,0.1029673591256141,0.5728709697723389,0.3926261365413666,-0.1690184026956558,0.9754257798194884,0.5668198466300964,0.4118218719959259,0.0889145955443382,0.104947954416275,0.5727272033691406,0.4019961059093475,-0.1476292014122009,0.960375726222992,0.5651378035545349,0.42200568318367,0.0954441577196121,0.1083552837371826,0.5586025714874268,0.4339435994625091,-0.0737216919660568,0.9982710480690002,0.5477123856544495,0.4339019656181335,0.073651485145092,0.9963615536689758,0.5650134682655334,0.2787566184997558,-0.0611531920731067,0.886929988861084,0.5525344610214233,0.2801148295402527,0.074245736002922,0.3421266674995422,0.5603711009025574,0.1100293099880218,-0.0282008703798055,0.8922319412231445,0.5506210923194885,0.1266040652990341,0.1128276884555816,0.3773278594017029,0.5517314076423645,0.0910300910472869,-0.0269039198756217,0.91363263130188,0.5432276129722595,0.1048249378800392,0.1143374070525169,0.5022816061973572,0.5841389298439026,0.0896106213331222,-0.077189989387989,0.8825897574424744,0.5726865530014038,0.1007576808333396,0.0705595836043357,0.4620283544063568,hoyeon_stand_normal_01,23.537205,24.351591,21.931712,20.124612,16.643317,13.038405,8.944272,6.082763,5.385165,7.071068,8.602325,10.29563,13.038405,15.264338,18.027756,19.209373,21.260292,21.931712,22.022716,20.0,17.492856,14.422205,11.401754,7.211103,8.062258,11.7047,8.944272,8.544004,8.246211,8.062258,9.0,9.055385,10.198039,11.18034,11.401754,12.165525,11.18034,11.18034,10.198039,10.198039,9.219544,9.486833,8.544004,8.544004,8.062258,7.81025,7.211103,8.544004,11.18034,14.035669,18.027756,21.023796,10.0,8.246211,7.211103,5.830952,7.0,8.544004,10.29563,12.806248,14.866069,16.278821,18.439089,19.849433,20.518285,21.260292,21.260292,20.518285,18.384776,16.278821,12.727922,7.81025,3.162278,4.0,8.544004,13.928388,18.027756,20.880613,8.0,11.18034,13.341664,14.866069,16.552945,17.0,15.811388,14.866069,12.041595,10.0,7.615773,5.09902,3.605551,3.162278,5.09902,7.28011,8.944272,11.18034,13.038405,14.422205,14.422205,15.811388,16.124515,15.652476,15.231546,13.601471,15.195122,13.483466,11.5698235,10.4841845,8.3011625,8.365746000000001,8.503264999999999,10.1021555,11.260677,13.067472,14.561995,16.326238,17.977984499999998,19.1677865,19.9673865,20.6800215,20.2004675,18.708244,17.029488,13.730305,10.340011,6.7233625,7.285383,10.725815,14.57891,17.934014,8.7481195,6.8078865,4.130649,4.297621,6.6055515,9.994937,12.6846585,14.7746835,15.8428455,17.0065295,16.762038,16.6179355,15.7669825,14.5041025,12.9114705,11.954131,10.7558735,10.340011,9.109772,9.3267625,10.1445825,11.553227,13.3007355,14.7746835,15.6677815,16.763055
hoyeon_stand_normal_01,2400,800,80.00437158469946,29.998360745314464,10,0.5686044096946716,0.6811509132385254,-0.0111858760938048,0.9998452663421632,0.5650330185890198,0.69270259141922,-0.0264197122305631,0.9998419284820556,0.564174473285675,0.6931742429733276,-0.0264394152909517,0.9998536705970764,0.5634362101554871,0.6936322450637817,-0.026439543813467,0.9998763203620912,0.5650063753128052,0.692959725856781,-0.0012356565566733,0.9997652769088744,0.5641802549362183,0.6935101747512817,-0.0012122493935748,0.999703586101532,0.5633200407028198,0.6941062211990356,-0.0012423220323398,0.9997440576553344,0.5560625791549683,0.6884880661964417,-0.066993623971939,0.9998838901519777,0.5555318593978882,0.6900447010993958,0.0439699329435825,0.9995785355567932,0.5637665390968323,0.6696594953536987,-0.0238669421523809,0.9998400211334229,0.564181923866272,0.6695196032524109,0.008346046321094,0.999762773513794,0.548366367816925,0.6300998330116272,-0.1403887718915939,0.9999929666519164,0.5373813509941101,0.6219416856765747,0.120834968984127,0.9996146559715272,0.5551138520240784,0.5270944237709045,-0.1731504052877426,0.9963559508323668,0.5471184253692627,0.5191856622695923,0.1416280716657638,0.1009489893913269,0.5689179301261902,0.427923321723938,-0.1551942080259323,0.9899289608001708,0.5632030367851257,0.4435497522354126,0.1070543453097343,0.094284176826477,0.5695399045944214,0.3952614367008209,-0.1789098381996154,0.9786251187324524,0.5686140656471252,0.4159800112247467,0.1127520352602005,0.1051924675703048,0.572609543800354,0.3923292160034179,-0.1736213862895965,0.976550042629242,0.568998396396637,0.4117755591869354,0.0891294181346893,0.10723228007555,0.5725998282432556,0.4016456007957458,-0.1518036276102066,0.9620593786239624,0.5661922693252563,0.4216234385967254,0.095886044204235,0.1105978637933731,0.5584114789962769,0.4337763488292694,-0.07398372143507,0.9982895851135254,0.5478156208992004,0.4335158765316009,0.0739184245467186,0.9963854551315308,0.5643025040626526,0.2788887619972229,-0.061649277806282,0.8882842063903809,0.5525314807891846,0.2802120447158813,0.0743767097592353,0.3424824476242065,0.5599760413169861,0.1098138764500618,-0.0283494889736175,0.8935233950614929,0.5506216883659363,0.1264935880899429,0.1128284707665443,0.3784233927726745,0.5512860417366028,0.0908423662185669,-0.0270638782531023,0.91414874792099,0.5430294871330261,0.1047405153512954,0.114300288259983,0.502669632434845,0.584115743637085,0.0882924571633338,-0.0782636553049087,0.8839225769042969,0.5727387070655823,0.1005734875798225,0.0703550949692726,0.4646050631999969,hoyeon_stand_normal_01,8.246211,8.246211,10.816654,13.601471,15.620499,16.401219,17.804494,17.204651,16.643317,15.264338,13.892444,13.038405,10.816654,9.219544,7.071068,6.324555,6.082763,9.433981,12.041595,16.278821,20.518285,24.083189,26.400758,27.45906,27.730849,25.632011,10.0,11.401754,12.806248,13.453624,12.727922,12.041595,11.313708,10.630146,8.602325,7.615773,7.28011,7.071068,6.082763,6.324555,6.708204,8.062258,9.219544,10.630146,11.313708,13.453624,14.866069,16.278821,16.278821,15.556349,14.866069,12.041595,14.21267,15.0,15.264338,15.264338,14.764823,14.317821,12.649111,10.440307,9.219544,7.071068,5.0,3.605551,3.0,5.0,7.81025,11.313708,14.866069,18.439089,21.260292,22.671568,24.083189,24.758837,23.345235,21.260292,19.209373,15.0,8.602325,7.071068,6.403124,4.472136,3.162278,3.162278,5.09902,6.708204,8.602325,9.219544,9.899495,10.630146,10.630146,10.0,9.219544,7.81025,7.211103,5.656854,4.242641,2.828427,1.0,2.236068,4.472136,7.211103,9.219544,11.313708,16.124515,15.132746,13.152946,11.0,9.055385,9.486833,9.433981,10.0,11.401754,13.601471,15.811388,17.492856,18.788294,20.248457,20.880613,21.377558,21.213203,20.099751,17.029386,14.035669,11.18034,8.062258,7.615773,11.0,14.317821,17.464249,9.055385,7.0,5.385165,5.830952,8.246211,11.045361,13.038405,16.03122,17.117243,18.248288,18.439089,17.720045,17.464249,16.552945,14.764823,13.416408,12.529964,11.18034,10.77033,11.401754,11.18034,13.038405,14.035669,16.0,17.029386,17.029386
hoyeon_stand_normal_01,2403,801,80.10437704918033,29.998360745314464,10,0.5686320066452026,0.6811509728431702,-0.0117526613175868,0.9998469948768616,0.5650489330291748,0.69270259141922,-0.0270085558295249,0.9998437166213988,0.5641860365867615,0.6931754350662231,-0.0270273014903068,0.999855935573578,0.5634405016899109,0.6936350464820862,-0.0270262546837329,0.9998781681060792,0.565019965171814,0.6929581165313721,-0.0017630364745855,0.9997668862342834,0.5641899704933167,0.6935087442398071,-0.0017401506192982,0.9997064471244812,0.5633252263069153,0.6941041350364685,-0.0017711580730974,0.999745786190033,0.5560591816902161,0.688487708568573,-0.0678382962942123,0.9998858571052552,0.5555327534675598,0.6900370121002197,0.0434132143855094,0.9995814561843872,0.5637979507446289,0.6696624755859375,-0.0245596375316381,0.9998429417610168,0.5642118453979492,0.6695191264152527,0.0077346395701169,0.999765157699585,0.5483359098434448,0.630092203617096,-0.1411933153867721,0.9999931454658508,0.5375058054924011,0.6218332648277283,0.1203955113887786,0.9996134042739868,0.5547590255737305,0.5269855856895447,-0.1743877977132797,0.9964728355407716,0.5474531054496765,0.5189225077629089,0.1418500542640686,0.1021023616194725,0.5685423612594604,0.4275498986244201,-0.1577385514974594,0.9903489351272584,0.5641393661499023,0.4433278739452362,0.107350580394268,0.0964806973934173,0.5689470767974854,0.3950177729129791,-0.1815190613269806,0.9794190526008606,0.5694462060928345,0.4156222939491272,0.1131019070744514,0.1071575656533241,0.5722737908363342,0.3921247124671936,-0.1762323677539825,0.9774256348609924,0.5702016353607178,0.4117238521575928,0.0895796492695808,0.1092529743909835,0.5723809003829956,0.401375263929367,-0.154401957988739,0.9633566737174988,0.5669738054275513,0.4212864339351654,0.0962054058909416,0.1126095131039619,0.5582441687583923,0.4335271418094635,-0.074144922196865,0.9982947707176208,0.5479936003684998,0.4331717491149902,0.0740825608372688,0.996381938457489,0.5638262033462524,0.2793817520141601,-0.0617738552391529,0.8895255923271179,0.5526810884475708,0.2808132469654083,0.074627473950386,0.3423586785793304,0.5596455335617065,0.1097700744867324,-0.0283490847796201,0.894807755947113,0.5506860017776489,0.1264898627996444,0.1131921634078025,0.3789958953857422,0.5508767366409302,0.0908432826399803,-0.0270701330155134,0.9145969152450562,0.5432014465332031,0.1046985387802124,0.1146498546004295,0.5026911497116089,0.5841160416603088,0.0883868709206581,-0.0786089524626731,0.8851466178894043,0.5731557011604309,0.1006177514791488,0.0705037787556648,0.4668800234794616,hoyeon_stand_normal_01,8.062258,7.81025,10.440307,12.165525,14.142136,16.124515,17.262677,16.492423,15.524175,14.56022,13.601471,11.7047,10.440307,8.246211,7.0,5.385165,5.656854,8.544004,12.165525,15.033296,19.104973,22.203603,24.515301,26.248809,26.0,24.186773,11.401754,13.341664,13.152946,14.142136,14.142136,14.142136,12.165525,11.18034,9.486833,8.544004,8.062258,7.81025,7.81025,8.062258,7.615773,8.246211,9.055385,10.0,12.0,13.0,15.033296,16.03122,16.03122,16.0,15.0,13.038405,13.1623395,13.26137525,13.13348475,12.9153555,12.960763,12.569093,11.982092,11.11398475,10.564824000000002,9.2686805,7.984096249999999,7.10607625,7.2149985,8.838642499999999,10.8451185,13.1490125,15.1651315,17.2768125,18.579113,18.603005,18.52724625,19.33682975,19.841188,19.132063,18.68773925,16.403882,8.084494,7.8555615,7.710939000000001,6.8761835,6.047656249999999,6.112510500000001,7.335044,7.87479275,8.87518425,9.043033,8.8697,8.79036825,8.679549999999999,8.259883,8.106644500000002,7.475667749999999,7.672173499999999,6.828427,6.02270825,5.232831749999999,4.809017,6.118034,7.78884375,9.599943499999998,10.940391000000002,12.327686,14.6958825,14.153546,12.63115925,11.95598975,10.16412825,10.2943655,10.03227525,10.18692225,10.87991425,12.181657,13.423461,14.26094625,14.9351325,15.73400075,16.848712,17.4223255,18.1377545,18.0094755,17.04404125,15.07017775,13.298899,11.3848055,11.44150225,13.703412,15.826576,17.344077249999998,10.2292545,8.8031675,7.991720750000001,8.194339249999999,9.90423425,11.69964575,13.140039,14.61582675,15.05196475,15.667400999999998,15.3203255,14.367369,14.03800825,13.309659,12.29896625,11.4516205,10.935448,10.336247749999998,10.020719499999998,10.81095375,10.71271575,11.92436425,12.96332725,14.1022695,14.969644249999998,15.08439825
hoyeon_stand_normal_01,2406,802,80.2043825136612,29.998360745314464,10,0.5686447620391846,0.6810745000839233,-0.0109970970079302,0.9998486042022704,0.5650595426559448,0.6926590204238892,-0.0262452308088541,0.9998455047607422,0.5641921162605286,0.6931393146514893,-0.0262650344520807,0.999858021736145,0.5634414553642273,0.6936080455780029,-0.0262640640139579,0.9998798370361328,0.5650336742401123,0.6928997039794922,-0.0010728298220783,0.999768614768982,0.5642021894454956,0.6934465169906616,-0.0010501296492293,0.9997091889381408,0.5633344054222107,0.6940433382987976,-0.0010823648190125,0.9997477531433104,0.5560417175292969,0.6884657740592957,-0.0671001970767974,0.9998875856399536,0.5555334091186523,0.6899842619895935,0.0438583344221115,0.9995843768119812,0.5638080835342407,0.6696070432662964,-0.0237983204424381,0.9998452663421632,0.5642225742340088,0.6694297790527344,0.0084247319027781,0.999767005443573,0.5482742190361023,0.630090057849884,-0.1406114548444748,0.9999933242797852,0.5375291705131531,0.6217589974403381,0.120478056371212,0.999612271785736,0.5545266270637512,0.5269842147827148,-0.1737292408943176,0.9965600967407228,0.5475469827651978,0.5188425183296204,0.143459603190422,0.1027500629425048,0.5683767795562744,0.4274720847606659,-0.1563100218772888,0.9906520247459412,0.564404308795929,0.4431501924991607,0.1095173582434654,0.0977566689252853,0.5687767267227173,0.3949421048164367,-0.1798083931207656,0.97997784614563,0.5697355270385742,0.4154897332191467,0.1155951395630836,0.1082589551806449,0.5721642374992371,0.3920770287513733,-0.1743641793727874,0.978044867515564,0.5706021785736084,0.4117206335067749,0.091774895787239,0.110404223203659,0.5722957849502563,0.4013385772705078,-0.1529172509908676,0.9642606973648072,0.5672048926353455,0.421156644821167,0.0982574447989463,0.1137932240962982,0.5580850839614868,0.4334476590156555,-0.074334405362606,0.9982997179031372,0.5480487942695618,0.4330401420593261,0.0742741823196411,0.996386468410492,0.56340491771698,0.2797227203845978,-0.0623464025557041,0.8901337385177612,0.5527933239936829,0.2810912132263183,0.0746196582913398,0.3408380448818207,0.5593515038490295,0.1097624823451042,-0.0288844089955091,0.8954511880874634,0.5508769154548645,0.1264678835868835,0.1131295338273048,0.3784661889076233,0.5503910779953003,0.0908426791429519,-0.0276272967457771,0.914726495742798,0.543347954750061,0.104652389883995,0.1145791932940483,0.5017604827880859,0.5841109156608582,0.0879389494657516,-0.0797626003623008,0.8858951330184937,0.5736216306686401,0.1005354300141334,0.0704506188631057,0.4678721725940704,hoyeon_stand_normal_01,24.083189,23.345235,21.84033,19.313208,16.552945,12.083046,8.544004,6.082763,5.385165,6.403124,8.062258,9.848858,12.083046,14.317821,17.0,17.492856,19.416488,20.615528,19.79899,19.104973,16.401219,12.806248,9.899495,6.324555,7.28011,11.661904,9.055385,9.055385,9.0,9.219544,10.440307,10.77033,10.77033,12.083046,12.083046,13.0,11.7047,11.7047,10.77033,10.77033,9.848858,9.848858,8.944272,8.602325,8.485281,7.81025,7.615773,9.219544,11.0,15.033296,18.027756,21.023796,12.112009,11.5227505,11.0026315,10.566373,11.156703,10.820365,11.315073,11.7876625,11.910104,11.466293,10.9681925,10.6066015,11.429997,12.677285,13.879987,14.984317,15.464194,16.114536,15.897934,14.534442,12.9713035,13.9148225,16.337141000000003,17.003833999999998,18.1661055,17.807764,7.566663,8.640055,9.018754,9.280231,8.9330345,9.062743,9.571068,9.0413815,9.1480435,8.866522,7.839905,6.9505905,6.728954,6.519766,6.9937450000000005,7.1410855,8.133244,8.0,7.8027755,7.637236499999999,8.618034,10.0,11.1055515,11.988784,12.661238,13.341664,13.26725,13.174346,12.1093725,12.9119795,11.2728715,11.101898,10.6305695,10.3738445,10.3580745,10.761843,11.035534,11.0290365,11.081971,11.2195445,12.816811,13.467092999999998,15.062306,15.9192,17.0586965,16.1046865,15.417458,14.707353,15.2672315,16.406824,17.335331,17.2239055,11.403124,10.606335,10.5982765,10.5577265,11.5622575,12.3539305,13.241673,13.2004335,12.9866865,13.086514,12.201562,11.014693,10.6117675,10.066373,9.8331095,9.486833,9.340932,9.4921555,9.271109,10.2201535,10.2450915,10.8103235,11.8909855,12.204539,12.9099025,13.1394105
hoyeon_stand_normal_01,2412,804,80.40439344262295,29.998360745314464,10,0.568688154220581,0.680993378162384,-0.0103317881003022,0.999849021434784,0.5651024580001831,0.6926272511482239,-0.0255878735333681,0.9998462796211244,0.564221203327179,0.693114697933197,-0.0256085805594921,0.9998594522476196,0.5634519457817078,0.6935911774635315,-0.0256076846271753,0.9998810291290284,0.5651010274887085,0.692854106426239,-0.0003715363272931,0.9997680187225342,0.5642784833908081,0.6933975219726562,-0.0003486993955448,0.9997095465660096,0.5634152293205261,0.6939949989318848,-0.0003817824472207,0.9997472167015076,0.5560290217399597,0.6884528398513794,-0.0666294246912002,0.9998889565467834,0.5555625557899475,0.6899455189704895,0.0444734916090965,0.9995837807655334,0.5638347268104553,0.6695658564567566,-0.0232250764966011,0.9998477101325988,0.5642626881599426,0.6693646311759949,0.0090730190277099,0.9997677206993104,0.548101544380188,0.630055844783783,-0.1401202231645584,0.9999935030937196,0.5375795364379883,0.621662974357605,0.1207587346434593,0.999609112739563,0.554315984249115,0.5268102288246155,-0.1731579452753067,0.9966691136360168,0.5477119088172913,0.5187110900878906,0.1440528184175491,0.1040810495615005,0.5682117938995361,0.4273414611816406,-0.15521140396595,0.9910904169082642,0.5646335482597351,0.4431735575199127,0.1099069565534591,0.1003061383962631,0.5686101317405701,0.3947639167308807,-0.1786275953054428,0.9807791113853456,0.5712270736694336,0.4153953492641449,0.1159307956695556,0.1105066835880279,0.572087824344635,0.3919504880905151,-0.1732673346996307,0.978932797908783,0.5709277391433716,0.4116891920566559,0.091986060142517,0.1127180829644203,0.5722392201423645,0.401254266500473,-0.1518514305353164,0.9655576944351196,0.5682189464569092,0.4212723970413208,0.0985694155097007,0.1161927208304405,0.5578528642654419,0.433188259601593,-0.0743338540196418,0.998279869556427,0.5483147501945496,0.4328034818172455,0.0742738544940948,0.9963312149047852,0.5633627772331238,0.2798014879226684,-0.0624066852033138,0.8898090124130249,0.5531346201896667,0.2811911404132843,0.0746090337634086,0.3379509747028351,0.559240996837616,0.1097725257277488,-0.0288222562521696,0.8947775363922119,0.5513555407524109,0.1263045519590377,0.1131570041179657,0.3746986985206604,0.5503059029579163,0.090773768723011,-0.0275880750268697,0.9138308763504028,0.543687641620636,0.1045898720622062,0.1146117001771926,0.4985218346118927,0.5840718746185303,0.0875180512666702,-0.0799091011285781,0.884976863861084,0.573810875415802,0.1004684939980506,0.0703197717666626,0.4660947620868683,hoyeon_stand_normal_01,19.028226333333333,18.90353533333333,17.772523333333336,16.726588333333336,15.654205333333332,14.10015,11.399082666666668,10.227454,9.325638,9.999798333333333,10.343612333333333,11.519358666666667,12.457267,12.880539666666666,13.550499333333336,14.170591666666668,14.846373666666668,16.161106666666665,16.833834999999997,17.204758,17.237587333333334,16.408429666666667,15.271696666666664,13.739901666666666,13.814301666666667,14.924593000000002,8.992143666666665,9.455444333333332,10.168053333333331,10.052016,10.509988,10.843321333333334,10.919047,11.286083,10.768833333333331,10.495093666666667,10.534108333333334,9.687419333333333,9.848001333333334,9.082070333333334,9.386882,9.055839666666666,9.093934,9.503705333333334,9.441767333333331,10.053158666666668,11.000628,11.765686333333337,13.490229666666666,15.565373333333334,17.269861333333335,18.353677333333334,10.315073,8.602325,7.28011,7.071068,8.3322915,9.9497475,12.36826,13.672398,16.658,18.354649,19.3102745,21.514975,21.9965645,22.637857,22.637857,21.8383015,20.443668,17.290350500000002,13.3007355,8.881774,4.061553,5.04951,10.072244,14.7910795,19.0539295,22.4164425,8.514897000000001,11.313708,13.9070705,15.9538275,16.7764725,16.4496975,15.894741,14.5842075,12.5192025,9.5526305,6.994157,4.6213205,3.0811390000000003,3.605551,5.830952,7.4479415,9.219544,10.615108,12.10356,13.571068,14.5842075,15.083021,15.7057835,14.7195975,14.56022,13.0,15.195122,14.006922,12.345353,10.385165,8.988992499999998,8.2737695,9.2169905,10.6704955,11.631693,13.076473,15.392611,16.821658499999998,18.314415500000003,19.5424085,20.699449,20.7543745,21.124418,19.7419205,17.0680865,13.9193065,10.239502,7.1410855,7.7781745,11.041523,14.351178,17.704825999999997,9.81601,7.175589,4.736068,4.7541355,6.737096,9.829925500000002,12.821533,15.195122,16.510299,17.970047,17.3247535,17.3355365,16.821658499999998,15.3980215,13.779272,12.617996,11.6109675,11.168612499999998,10.2169905,10.5226805,10.5399175,12.0254325,13.7649295,15.115773,16.354253,16.354253
hoyeon_stand_normal_01,2415,805,80.50439890710382,29.998360745314464,10,0.5687553286552429,0.6809401512145996,-0.0104382513090968,0.999849021434784,0.5651511549949646,0.6926024556159973,-0.0256326105445623,0.9998466372489928,0.5642532110214233,0.6930945515632629,-0.0256533492356538,0.9998599886894226,0.5634647607803345,0.6935761570930481,-0.025652926415205,0.9998814463615416,0.5651848912239075,0.6928256750106812,-0.0003789501497521,0.999768078327179,0.5643734335899353,0.6933703422546387,-0.0003561596095096,0.9997100830078124,0.5635190606117249,0.6939705610275269,-0.0003892486856784,0.9997475147247314,0.556018590927124,0.6884413361549377,-0.0665799528360366,0.9998894929885864,0.5556010007858276,0.6899285316467285,0.0446390248835086,0.9995835423469543,0.5638826489448547,0.6695258021354675,-0.0233356822282075,0.9998486042022704,0.5643490552902222,0.6693207621574402,0.0090059610083699,0.9997677206993104,0.5480223298072815,0.6300405263900757,-0.1401037871837616,0.9999935626983644,0.5377222299575806,0.6215988397598267,0.1208343282341957,0.9996070265769958,0.5541808605194092,0.5266650319099426,-0.1731627732515335,0.9967247247695924,0.5478484034538269,0.5185599327087402,0.1440349072217941,0.104525126516819,0.5681673884391785,0.4273464977741241,-0.155597910284996,0.9912974238395692,0.564655601978302,0.442935973405838,0.1096567288041114,0.1012537702918052,0.5685994625091553,0.3947539627552032,-0.1791758239269256,0.98115336894989,0.5711864233016968,0.4151036143302917,0.1156347543001174,0.1113058030605316,0.5720838308334351,0.3919506669044494,-0.173700526356697,0.9793496131896972,0.5710086822509766,0.4115704894065857,0.0916549041867256,0.1135415956377983,0.5722354650497437,0.40125772356987,-0.1522116512060165,0.9661689400672911,0.5681448578834534,0.4209742248058319,0.0983010083436966,0.1170717701315879,0.5576727986335754,0.4331398904323578,-0.0743483006954193,0.9982640743255616,0.5485253930091858,0.4327099919319153,0.074289359152317,0.996293008327484,0.5632915496826172,0.2798821032047272,-0.0625500306487083,0.8885340094566345,0.5532999038696289,0.2812575697898865,0.0746118053793907,0.3329857885837555,0.5592375993728638,0.1098370775580406,-0.0288428775966167,0.8930379152297974,0.5516967177391052,0.126251071691513,0.1131840422749519,0.3697381317615509,0.5502880811691284,0.0909689515829086,-0.0276058260351419,0.9126764535903932,0.543890118598938,0.1045852452516555,0.1146403029561042,0.4950352013111114,0.58407062292099,0.0874948129057884,-0.0799886286258697,0.883247435092926,0.5756052732467651,0.1004823818802833,0.0702577903866767,0.4621332883834839,hoyeon_stand_normal_01,9.848858,10.0,11.18034,14.56022,14.866069,16.763055,16.763055,16.492423,16.492423,15.297059,13.152946,12.165525,10.198039,8.544004,7.211103,6.403124,7.28011,9.0,13.152946,16.492423,19.416488,23.345235,26.07681,26.0,26.172505,24.515301,10.0,10.816654,12.206556,11.401754,12.806248,11.401754,10.816654,9.433981,8.944272,8.544004,7.28011,7.071068,7.0,7.071068,7.28011,8.944272,8.944272,10.29563,11.401754,12.806248,14.21267,14.866069,16.401219,15.0,15.0,12.041595,12.8359265,12.549883,11.9170615,11.408489,12.1705395,12.038509,12.771945,13.0918655,13.1394105,13.2195445,12.966098,12.592497,12.453818,13.51815,15.278168999999998,16.2381375,16.967346499999998,17.345903,16.688760000000002,15.036618,13.474265,14.57738,16.758783,18.419936,19.414145,19.6960135,9.609772,10.327089,10.969875,11.2099545,10.8006835,10.173419,10.561553,10.066373,9.7201925,8.3834715,7.626104,6.2749115,5.031129,5.612268,6.1055515,6.555531,7.2434165,7.6551255,7.5,8.1401415,8.5510685,10.0270145,10.9636495,12.06325,12.9747,13.103278,16.0,15.033296,14.0,11.045361,10.198039,9.848858,10.0,10.630146,12.806248,14.142136,15.556349,17.804494,19.416488,19.723083,21.023796,21.540659,21.84033,20.615528,17.464249,14.317821,10.77033,7.81025,7.28011,10.198039,13.928388,17.888544,10.0,7.071068,5.385165,5.830952,8.062258,10.0,13.038405,16.03122,17.0,18.027756,19.104973,17.262677,17.464249,15.811388,14.866069,13.0,11.7047,11.401754,11.401754,11.045361,12.041595,13.038405,14.035669,16.03122,17.029386,17.029386
hoyeon_stand_normal_01,2418,806,80.60440437158469,29.998360745314464,10,0.5688869953155518,0.6809363961219788,-0.0103623224422335,0.999850571155548,0.5652481913566589,0.6926023960113525,-0.025542402639985,0.9998485445976256,0.564326286315918,0.6930957436561584,-0.0255630873143672,0.9998618960380554,0.5635054707527161,0.6935784220695496,-0.0255628526210784,0.9998831152915956,0.5653270483016968,0.6928231716156006,-0.000265429058345,0.9997705221176147,0.5645309090614319,0.6933673620223999,-0.0002425461570965,0.99971342086792,0.5636894702911377,0.6939674615859985,-0.0002753587614279,0.9997502565383912,0.5560159683227539,0.6884394884109497,-0.0664712414145469,0.9998911023139954,0.555674135684967,0.689925491809845,0.0447416193783283,0.9995874166488647,0.5639752149581909,0.6695201396942139,-0.0232637524604797,0.9998508095741272,0.5644914507865906,0.6693146824836731,0.0091090202331542,0.9997699856758118,0.547953724861145,0.6300392150878906,-0.1400197148323059,0.9999936819076538,0.5379142165184021,0.6215824484825134,0.1208523362874984,0.999608278274536,0.5540941953659058,0.5266183018684387,-0.173051118850708,0.9967896342277528,0.5481599569320679,0.5185193419456482,0.1443140059709549,0.1053146049380302,0.5681484341621399,0.4274309873580932,-0.1554621756076812,0.9915183782577516,0.564845621585846,0.4428556263446808,0.10974932461977,0.1023691743612289,0.5686058402061462,0.3947722613811493,-0.1790568232536316,0.9815571904182434,0.5711574554443359,0.4149466753005981,0.1157282367348671,0.112237311899662,0.5720933079719543,0.3919913470745086,-0.1735376566648483,0.9797980785369872,0.5712880492210388,0.4115511476993561,0.0917157381772995,0.1144975870847702,0.5722386240959167,0.401316225528717,-0.1520438641309738,0.9668210744857788,0.5690059661865234,0.4209527969360351,0.0983841568231582,0.1180571988224983,0.557561457157135,0.4331535398960113,-0.074360080063343,0.9982589483261108,0.5486348867416382,0.4327174723148346,0.0743020921945571,0.9962821006774902,0.5632789731025696,0.2803679704666137,-0.0627547651529312,0.8877626061439514,0.5533450841903687,0.2816976308822632,0.0746080726385116,0.3296107649803161,0.5592344403266907,0.1100203320384025,-0.0289897061884403,0.8919141888618469,0.5518210530281067,0.1262587010860443,0.1131564006209373,0.3664101064205169,0.5502725839614868,0.0911015644669532,-0.0277442838996648,0.9119099378585817,0.5439965724945068,0.1045794412493705,0.1146109029650688,0.4927041530609131,0.584075391292572,0.0885307714343071,-0.0801824480295181,0.8821712136268616,0.5755348801612854,0.1006232947111129,0.0701796114444732,0.459621399641037,hoyeon_stand_normal_01,23.600847,24.186773,21.931712,19.313208,15.811388,12.369317,9.486833,6.403124,5.830952,7.071068,9.0,11.045361,13.0,14.0,16.03122,17.117243,19.235384,19.646883,18.973666,17.088007,15.231546,13.0,9.486833,7.071068,8.062258,10.630146,8.944272,8.944272,9.486833,10.440307,11.18034,11.18034,12.165525,12.165525,12.369317,12.165525,12.165525,11.18034,11.18034,10.198039,10.049876,10.049876,9.055385,9.0,9.055385,9.219544,9.848858,10.816654,12.041595,14.866069,18.439089,20.518285,11.18034,9.486833,8.602325,7.211103,8.246211,10.049876,11.401754,13.416408,14.764823,17.492856,18.867962,20.248457,21.095023,21.954498,20.59126,20.124612,18.788294,16.155494,13.0,8.062258,3.605551,4.242641,9.486833,14.866069,18.027756,21.540659,8.062258,10.77033,12.369317,14.142136,15.033296,15.033296,14.317821,12.649111,10.29563,8.602325,5.656854,3.162278,2.828427,4.123106,6.082763,8.246211,9.486833,10.77033,12.529964,13.416408,14.764823,15.652476,15.231546,14.866069,14.317821,13.152946,15.297059,14.142136,13.152946,11.7047,9.848858,8.602325,9.219544,10.630146,12.206556,13.601471,15.0,16.970563,17.691806,19.209373,20.248457,20.59126,20.615528,18.384776,17.088007,13.928388,10.29563,7.81025,8.062258,10.440307,13.892444,16.643317,10.198039,7.28011,6.403124,5.385165,7.0,10.198039,12.649111,14.56022,16.492423,18.11077,18.027756,17.0,16.124515,15.132746,14.317821,13.152946,12.165525,11.045361,11.045361,10.0,11.045361,12.369317,13.341664,15.524175,16.492423,16.278821
hoyeon_stand_normal_01,2421,807,80.70440983606557,29.998360745314464,10,0.5690666437149048,0.6809152960777283,-0.0102965468540787,0.999853014945984,0.5653844475746155,0.6925908327102661,-0.0254904925823211,0.9998513460159302,0.5644344687461853,0.6930857300758362,-0.0255113784223794,0.9998645782470704,0.5635726451873779,0.6935693025588989,-0.0255106966942548,0.9998853802680968,0.565502941608429,0.6928098201751709,-0.00023830452119,0.9997743964195251,0.5647160410881042,0.6933549642562866,-0.0002157067501684,0.9997183680534364,0.5638829469680786,0.6939558982849121,-0.0002495782682672,0.9997544288635254,0.556012749671936,0.6884030103683472,-0.0664526969194412,0.9998933672904968,0.5557660460472107,0.6899025440216064,0.0449297837913036,0.9995938539505004,0.5641061067581177,0.6694784164428711,-0.0232006311416625,0.9998535513877868,0.5646681189537048,0.6692692637443542,0.0091422693803906,0.9997732043266296,0.5479171872138977,0.6300054788589478,-0.1399529129266739,0.9999938011169434,0.537993848323822,0.6215471625328064,0.1212042272090911,0.9996098279953004,0.5540980100631714,0.5265103578567505,-0.1730077266693115,0.9968510270118712,0.5482534766197205,0.5184842944145203,0.1447914391756057,0.1054733917117118,0.5681484341621399,0.427520215511322,-0.1553386747837066,0.9916960597038268,0.5648476481437683,0.4428395330905914,0.1102759838104248,0.1025868579745292,0.5686617493629456,0.3947911858558655,-0.1789507567882537,0.9818766117095948,0.5711060762405396,0.4149141013622284,0.1163055598735809,0.1123101264238357,0.572134256362915,0.3920374810695648,-0.173314943909645,0.9801537990570068,0.5712888836860657,0.4115535914897918,0.092422030866146,0.1145829483866691,0.5722662210464478,0.4013727903366089,-0.1518440395593643,0.9673351049423218,0.5689541697502136,0.4209401607513428,0.0989565104246139,0.11816918104887,0.5575301051139832,0.4331961274147033,-0.0743940025568008,0.998274028301239,0.5486341118812561,0.4327362179756164,0.0743370726704597,0.9963123202323914,0.5633933544158936,0.2804677784442901,-0.0631332322955131,0.8876368999481201,0.5533437132835388,0.2817996442317962,0.074601761996746,0.3273548185825348,0.5592520833015442,0.1100416556000709,-0.0295749921351671,0.8916245698928833,0.5518382787704468,0.1262772679328918,0.1130653768777847,0.3650128841400146,0.5502784848213196,0.0911179929971695,-0.0283000469207763,0.911605417728424,0.5440046191215515,0.104569487273693,0.1145103946328163,0.4916772246360779,0.584132194519043,0.0882911011576652,-0.0803463011980056,0.8820071816444397,0.5762143731117249,0.1006199643015861,0.0700574964284896,0.4587014019489288,hoyeon_stand_normal_01,25.495098,25.632011,23.769729,20.396078,17.117243,13.152946,10.198039,7.211103,6.403124,7.28011,10.198039,12.041595,14.142136,16.124515,17.464249,19.646883,20.880613,20.615528,20.124612,19.723083,16.643317,13.892444,10.77033,8.062258,8.944272,12.041595,10.0,10.0,10.29563,11.18034,11.7047,13.0,13.928388,13.928388,13.928388,13.0,13.0,12.083046,11.7047,10.77033,10.440307,10.440307,10.198039,10.198039,10.049876,10.049876,10.198039,11.7047,13.892444,16.401219,19.209373,22.203603,11.045361,9.486833,8.602325,7.211103,7.071068,8.246211,10.77033,13.038405,15.0,17.029386,18.439089,19.104973,19.849433,20.615528,20.615528,20.615528,18.601075,16.643317,13.038405,8.602325,3.605551,3.162278,8.0,13.0,17.0,21.023796,7.28011,10.198039,12.041595,14.0,15.132746,15.297059,13.928388,12.529964,10.816654,7.81025,5.830952,4.123106,2.236068,3.162278,5.09902,7.28011,8.544004,10.77033,12.083046,13.416408,14.317821,14.317821,15.231546,14.866069,14.317821,13.152946,14.866069,14.142136,12.041595,10.0,8.944272,8.246211,9.0,10.049876,12.041595,13.0,15.0,17.029386,18.248288,19.646883,18.973666,19.697716,20.124612,18.867962,16.643317,13.038405,9.848858,8.062258,7.81025,11.661904,14.317821,18.027756,9.433981,6.403124,5.0,4.123106,6.403124,9.219544,12.806248,14.142136,15.556349,16.278821,16.401219,16.643317,16.124515,14.317821,13.0,11.7047,10.77033,9.848858,10.29563,10.0,10.630146,12.041595,12.806248,14.21267,15.620499,16.278821
hoyeon_stand_normal_01,2424,808,80.80441530054645,29.998360745314464,10,0.5691950917243958,0.6809116005897522,-0.0091513805091381,0.999854564666748,0.5655072927474976,0.6925882697105408,-0.0242856256663799,0.9998531937599182,0.5645518898963928,0.6930837035179138,-0.0243073590099811,0.9998661875724792,0.5636721849441528,0.69356769323349,-0.0243077147752046,0.9998867511749268,0.5656278729438782,0.6928064227104187,0.0009433765080757,0.9997771382331848,0.5648409724235535,0.6933516263961792,0.0009667219128459,0.9997218251228333,0.5640108585357666,0.6939530968666077,0.0009343156707473,0.9997574687004088,0.5560369491577148,0.6883809566497803,-0.0652981624007225,0.9998945593833924,0.555869996547699,0.6898760795593262,0.0459542386233806,0.9995980858802797,0.5642460584640503,0.6694748997688293,-0.0221265032887458,0.999855101108551,0.5648021101951599,0.6692661643028259,0.0101790111511945,0.9997749924659728,0.5479134321212769,0.6299778819084167,-0.1387896537780761,0.9999938011169434,0.5379967093467712,0.6215307116508484,0.1214348003268241,0.9996097087860109,0.55424565076828,0.5265074372291565,-0.1710246205329895,0.9968584775924684,0.5482295751571655,0.5184707045555115,0.1447915285825729,0.1050507947802543,0.5681850910186768,0.4276629984378814,-0.1510531306266784,0.9916912317276,0.5648117065429688,0.4428331255912781,0.1102807223796844,0.1021162793040275,0.5688130259513855,0.394865334033966,-0.1739646941423416,0.9818328022956848,0.5706195831298828,0.4148807525634765,0.1163089051842689,0.1117988601326942,0.5722086429595947,0.39211106300354,-0.168297991156578,0.9801119565963744,0.5712416768074036,0.4115501344203949,0.0924270898103714,0.114075094461441,0.5723097920417786,0.4014871716499328,-0.1475377231836319,0.9672654271125792,0.5686201453208923,0.4209164381027221,0.098963588476181,0.1177126765251159,0.5575401782989502,0.4334441721439361,-0.0743677765130996,0.9982765913009644,0.5486093163490295,0.432953268289566,0.0743107870221138,0.9963193535804749,0.5634356737136841,0.2804970741271972,-0.0631316974759101,0.8866824507713318,0.5533508062362671,0.2818067073822021,0.0743508785963058,0.3239282667636871,0.559262216091156,0.1102421358227729,-0.0296602565795183,0.8904185891151428,0.5518365502357483,0.1262773424386978,0.1125769987702369,0.3625465333461761,0.550282895565033,0.091168574988842,-0.0283874571323394,0.9106352925300598,0.5440006852149963,0.1046076789498329,0.1140128523111343,0.4899635314941406,0.584118127822876,0.0889777243137359,-0.0803363025188446,0.8809000849723816,0.5757161378860474,0.1006846651434898,0.0693952143192291,0.4564042389392853,hoyeon_stand_normal_01,10.049876,10.440307,11.661904,14.422205,15.0,17.204651,16.643317,16.124515,16.124515,14.317821,13.928388,12.083046,9.848858,8.062258,6.403124,5.830952,6.0,8.246211,11.7047,14.317821,17.464249,20.615528,23.086793,23.537205,24.083189,22.0,12.041595,13.0,13.0,13.0,13.0,12.0,11.0,10.049876,9.219544,8.544004,8.944272,8.602325,9.219544,9.219544,9.219544,10.0,10.816654,11.661904,12.529964,13.416408,15.231546,16.155494,16.552945,15.652476,15.231546,13.0,16.970563,17.691806,17.804494,18.027756,17.492856,17.0,15.231546,13.0,10.440307,9.219544,6.0,4.123106,3.162278,6.324555,9.433981,12.806248,17.804494,22.022716,24.839485,27.802878,29.206164,29.410882,28.84441,25.553865,22.825424,18.788294,9.433981,7.81025,7.071068,4.472136,2.236068,4.0,6.324555,8.062258,10.0,10.630146,12.041595,12.041595,11.401754,10.816654,10.0,8.602325,7.211103,5.656854,4.242641,2.236068,2.0,4.123106,6.324555,8.944272,11.661904,13.601471,16.492423,14.56022,13.601471,11.7047,9.433981,9.219544,10.0,10.816654,11.661904,13.892444,15.811388,17.204651,18.439089,19.79899,20.615528,20.808652,20.59126,19.235384,17.464249,14.764823,10.816654,8.602325,8.0,10.77033,13.892444,17.492856,9.219544,6.324555,4.242641,5.09902,7.28011,9.486833,13.0,14.866069,16.492423,16.492423,17.262677,17.029386,16.03122,15.0,14.035669,13.038405,12.041595,11.045361,10.049876,10.198039,11.401754,12.649111,13.601471,14.866069,17.088007,16.763055
hoyeon_stand_normal_01,2427,809,80.90442076502733,29.998360745314464,10,0.5693432688713074,0.680916965007782,-0.0069738775491714,0.9998552203178406,0.5656440854072571,0.6925866007804871,-0.0220910478383302,0.9998542070388794,0.5646846890449524,0.6930821537971497,-0.0221133809536695,0.9998669028282166,0.5637903809547424,0.693566083908081,-0.0221136882901191,0.9998872876167296,0.5657640695571899,0.6928046345710754,0.0030864779837429,0.999778926372528,0.5649768114089966,0.6933495998382568,0.0031101512722671,0.9997239708900452,0.5641509890556335,0.6939502954483032,0.0030773028265684,0.9997596144676208,0.5560740828514099,0.6883506178855896,-0.0634073764085769,0.999894917011261,0.5559914708137512,0.6898594498634338,0.0475834496319294,0.9996011257171632,0.5644025802612305,0.6694738864898682,-0.0200963392853736,0.9998552799224854,0.5649440884590149,0.6692666411399841,0.0121357636526227,0.9997756481170654,0.5479198098182678,0.6299360394477844,-0.1366938948631286,0.9999936819076538,0.5379972457885742,0.6215296983718872,0.1217977777123451,0.999609351158142,0.5546901226043701,0.5265130400657654,-0.1684062629938125,0.9968217611312866,0.5481377840042114,0.5184961557388306,0.1447845548391342,0.104293018579483,0.5683041214942932,0.4278546273708343,-0.1467363238334655,0.9915287494659424,0.5646428465843201,0.4437120258808136,0.1102869287133216,0.1011310219764709,0.5690265893936157,0.3949949145317077,-0.1692089587450027,0.9814943075180054,0.5698907971382141,0.4149176180362701,0.116329975426197,0.1108343079686164,0.5722688436508179,0.3921743035316467,-0.1633635461330413,0.9797437787055968,0.5710312128067017,0.4115541875362396,0.0924744829535484,0.1130994856357574,0.572338342666626,0.401570588350296,-0.1431755870580673,0.966707706451416,0.5678749084472656,0.4213206768035888,0.098973773419857,0.116806536912918,0.5576229691505432,0.4340986609458923,-0.0741085633635521,0.9982742071151732,0.5484893321990967,0.4335376024246216,0.0740499421954155,0.9963259100914,0.5636352896690369,0.2806926667690277,-0.0630569905042648,0.8852270245552063,0.5533509850502014,0.2819623053073883,0.0737348645925521,0.3205139338970184,0.5593674778938293,0.1105094403028488,-0.0296527408063411,0.8887060284614563,0.5518487095832825,0.1262664198875427,0.1113983243703842,0.3597869575023651,0.5504409074783325,0.0915480032563209,-0.0283732395619153,0.9096203446388244,0.5440882444381714,0.1046045273542404,0.1128133907914161,0.4882116913795471,0.5841003060340881,0.0900316536426544,-0.0795795619487762,0.8793349862098694,0.5759228467941284,0.1007744595408439,0.0682615041732788,0.4531929194927215,hoyeon_stand_normal_01,24.33105,24.020824,22.022716,19.104973,16.278821,12.165525,9.0,7.28011,7.81025,8.602325,10.29563,12.529964,14.764823,16.124515,17.492856,19.416488,19.209373,20.518285,19.104973,18.439089,15.620499,13.453624,10.630146,8.544004,9.0,12.369317,7.81025,8.485281,9.219544,10.0,10.816654,12.206556,12.206556,12.206556,12.206556,12.206556,11.401754,11.401754,10.0,10.0,9.433981,8.944272,8.944272,8.544004,9.486833,9.055385,10.0,11.18034,13.601471,15.811388,19.313208,21.84033,15.811388,16.492423,17.262677,17.117243,16.124515,15.033296,14.0,12.0,10.049876,8.062258,6.082763,4.472136,3.162278,4.472136,7.211103,10.29563,13.892444,17.492856,19.723083,22.472205,23.853721,24.413111,22.803509,20.615528,17.691806,14.142136,8.062258,8.0,6.082763,4.472136,3.162278,2.236068,4.472136,6.082763,7.0,8.062258,9.055385,9.219544,8.246211,8.246211,7.28011,6.324555,5.09902,4.123106,2.0,1.0,2.828427,5.0,7.81025,8.602325,11.661904,12.529964,12.0207975,12.0827625,12.703861,13.6886665,13.6886665,12.5827625,12.0207975,11.543478,10.024938,8.609772,7.566663,6.0,4.561553,4.3573885,5.1925825,7.175589,10.0990195,13.076473,16.0622575,19.117692,20.623772,21.200677,21.341028,20.3576395,18.8932575,15.824345,13.1900345,14.846483,16.0451045,16.627739,15.8398345,15.983441,14.591945,12.3660785,10.6053185,7.930992,6.0413815,4.561553,4.472136,5.0,6.117038,6.9596535,7.8390155,9.1891265,9.472136,9.7169905,10.147815,10.556142,10.556142,9.8912315,9.6678455,10.2450915
hoyeon_stand_normal_01,2430,810,81.0044262295082,29.998360745314464,10,0.5694481134414673,0.6808722019195557,-0.0046146078966557,0.99985671043396,0.5657733082771301,0.6925153136253357,-0.0196806564927101,0.9998560547828674,0.5648117661476135,0.6930117607116699,-0.0197035167366266,0.9998682737350464,0.5639052987098694,0.6934962868690491,-0.0197033658623695,0.9998884201049804,0.5658888220787048,0.6927472949028015,0.0054330546408891,0.9997819066047668,0.565102219581604,0.6933016180992126,0.0054570357315242,0.9997274875640868,0.5642799139022827,0.6939086318016052,0.0054243430495262,0.9997630715370178,0.5561189651489258,0.6883038282394409,-0.0611511580646038,0.9998958110809326,0.5561202764511108,0.6898384094238281,0.0495591610670089,0.9996062517166138,0.5644996762275696,0.6694450974464417,-0.0178159344941377,0.999856412410736,0.5650428533554077,0.6692557334899902,0.0143393157050013,0.999777853488922,0.5479220747947693,0.6299329400062561,-0.1345532983541488,0.9999935626983644,0.5379955172538757,0.6215447187423706,0.122585229575634,0.9996103048324584,0.5553539991378784,0.5266740918159485,-0.165641114115715,0.996782124042511,0.5479629635810852,0.5185783505439758,0.1447933763265609,0.1037673205137252,0.5684957504272461,0.4281651675701141,-0.142606496810913,0.9913476705551147,0.5642902255058289,0.443728506565094,0.1103827804327011,0.1000422090291976,0.5692392587661743,0.3952181041240692,-0.1647469997406005,0.9811293482780457,0.5689680576324463,0.4149150252342224,0.1164778396487236,0.1097449138760566,0.5722799301147461,0.3922856450080871,-0.1587894260883331,0.9793472290039062,0.5685468316078186,0.411360502243042,0.092771403491497,0.1119764372706413,0.5723379850387573,0.4017287790775299,-0.1389798671007156,0.9661126732826232,0.5667827129364014,0.4215000569820404,0.0991156026721,0.1157249957323074,0.5578098893165588,0.4343493282794952,-0.0738152414560318,0.9982695579528807,0.5484405159950256,0.4339169561862945,0.0737534835934639,0.996321439743042,0.5639504194259644,0.2806852161884308,-0.0628585517406463,0.8835715055465698,0.5533589124679565,0.2819075286388397,0.0731250047683715,0.3173717558383941,0.5594481229782104,0.1106290221214294,-0.029650330543518,0.8866721391677856,0.5518550872802734,0.1262632608413696,0.110545165836811,0.3561975657939911,0.5505329966545105,0.0915293246507644,-0.0283716097474098,0.9083900451660156,0.5441072583198547,0.1046023443341255,0.1119648292660713,0.4859569370746612,0.5840895175933838,0.0908954218029975,-0.0792686939239502,0.8774259090423584,0.5752723217010498,0.1011696755886077,0.0673999860882759,0.4490883946418762,hoyeon_stand_normal_01,9.899495,11.18034,12.369317,14.142136,16.124515,17.262677,17.464249,16.492423,15.811388,14.866069,13.0,10.77033,9.486833,8.246211,6.0,5.385165,7.071068,8.944272,12.083046,15.231546,18.384776,21.023796,22.825424,23.853721,23.430749,21.213203,11.313708,12.041595,12.727922,12.727922,12.041595,11.313708,10.630146,10.0,8.944272,8.944272,8.246211,9.219544,9.055385,9.0,9.055385,10.049876,10.198039,11.18034,11.401754,12.649111,13.928388,14.866069,15.811388,15.811388,14.866069,13.0,14.422205,14.764823,15.652476,15.231546,14.866069,13.928388,12.369317,11.401754,9.219544,7.071068,5.0,3.162278,2.0,3.605551,7.071068,10.0,13.601471,16.401219,19.209373,22.022716,23.430749,23.345235,22.627417,20.518285,18.439089,14.21267,7.28011,6.708204,5.0,3.605551,2.0,2.828427,4.123106,6.082763,7.28011,8.544004,8.944272,8.944272,8.944272,8.062258,8.062258,6.708204,5.830952,4.472136,3.0,2.236068,2.0,4.123106,5.830952,7.81025,9.899495,11.313708,16.492423,14.866069,12.649111,11.18034,10.0,9.055385,9.486833,10.29563,11.661904,13.892444,15.652476,16.155494,18.027756,19.416488,20.099751,21.023796,20.024984,20.099751,17.117243,14.035669,11.045361,8.944272,8.062258,11.045361,15.0,18.027756,10.198039,8.062258,5.09902,4.242641,6.324555,9.055385,12.041595,15.132746,16.278821,16.492423,17.720045,17.088007,15.652476,14.764823,13.892444,13.038405,11.401754,10.816654,10.29563,10.77033,10.440307,12.369317,14.317821,15.132746,16.278821,17.464249
hoyeon_stand_normal_01,2433,811,81.10443169398907,29.998360745314464,10,0.5695374011993408,0.6807332634925842,-0.0028015351854264,0.9998577237129213,0.5659081339836121,0.6923728585243225,-0.0179774519056081,0.9998573064804076,0.5649556517601013,0.6928723454475403,-0.0179999079555273,0.9998690485954284,0.5640465617179871,0.6933636665344238,-0.0179983396083116,0.999889075756073,0.5659935474395752,0.6926218867301941,0.0071179359219968,0.9997844099998474,0.5652020573616028,0.6931927800178528,0.0071412310935556,0.9997302889823914,0.5643772482872009,0.6938155293464661,0.0071080862544476,0.9997662305831908,0.5561951398849487,0.6882302165031433,-0.0596999116241931,0.9998960494995116,0.556221067905426,0.6898086071014404,0.050971683114767,0.9996110200881958,0.5645914077758789,0.6693360209465027,-0.0160218887031078,0.999856412410736,0.5651178359985352,0.6691775321960449,0.0161273553967475,0.9997794032096864,0.5479391813278198,0.6299305558204651,-0.1328690946102142,0.9999934434890748,0.5378965139389038,0.6215416789054871,0.1235872209072113,0.9996132850646972,0.5560230612754822,0.5270447134971619,-0.1638434678316116,0.9967182874679564,0.5475205183029175,0.5185941457748413,0.1449835002422332,0.1031770929694175,0.5687226057052612,0.4284981787204742,-0.1396370232105255,0.9910329580307008,0.562306821346283,0.4441116154193878,0.1108440980315208,0.098832681775093,0.569510281085968,0.3955310583114624,-0.161519706249237,0.9805286526679992,0.5705524682998657,0.4153020679950714,0.1170750707387924,0.1086181327700614,0.5723109841346741,0.3924762904644012,-0.1553600281476974,0.9786929488182068,0.5671291351318359,0.4113050699234009,0.0935042276978492,0.1108320653438568,0.572339653968811,0.4019513428211212,-0.1359250694513321,0.9651151895523072,0.565920889377594,0.4217328429222107,0.0996473506093025,0.1145827397704124,0.5582363605499268,0.434387058019638,-0.0737322121858596,0.9982712268829346,0.5482779145240784,0.4339470863342285,0.0736679881811142,0.9963358640670776,0.5646564364433289,0.2799942195415497,-0.0627131760120391,0.883296549320221,0.5532627701759338,0.2809817790985107,0.0730251595377922,0.3166153132915497,0.5599227547645569,0.1106323525309562,-0.0296544134616851,0.8864163160324097,0.5518094897270203,0.1261807680130005,0.1103352010250091,0.3556452989578247,0.5510996580123901,0.091353490948677,-0.028373546898365,0.9084468483924866,0.5441119074821472,0.1044240742921829,0.1117572262883186,0.4861420691013336,0.584281325340271,0.0915869548916816,-0.0784208625555038,0.8772768378257751,0.5748667120933533,0.1012529358267784,0.0673927143216133,0.4478978216648102,hoyeon_stand_normal_01,9.055385,9.848858,10.816654,13.601471,14.422205,15.264338,15.264338,14.764823,14.317821,13.0,11.7047,9.848858,8.062258,7.211103,6.403124,6.324555,7.0,9.055385,11.401754,14.56022,17.464249,19.416488,21.213203,22.022716,22.0,20.099751,9.055385,10.0,10.0,10.0,10.0,9.0,9.0,8.062258,7.28011,6.324555,6.708204,7.211103,6.403124,7.071068,7.211103,7.81025,8.062258,8.944272,9.848858,10.77033,12.083046,13.0,13.0,13.0,12.083046,10.440307,10.440307,8.944272,7.071068,6.708204,7.0,8.544004,10.29563,12.806248,14.866069,16.278821,17.691806,19.104973,19.849433,20.615528,20.615528,20.0,18.027756,15.264338,12.206556,7.81025,4.123106,5.656854,10.77033,14.866069,19.313208,21.931712,9.219544,11.313708,13.601471,15.264338,15.652476,15.811388,14.317821,13.152946,11.0,8.062258,5.09902,3.162278,1.0,2.0,5.0,7.071068,8.246211,10.440307,11.7047,12.649111,13.601471,13.601471,14.317821,13.152946,13.038405,12.0,15.524175,15.524175,13.341664,12.165525,10.0,10.198039,10.440307,10.77033,12.529964,14.317821,15.231546,17.088007,18.681542,20.396078,20.099751,21.0,21.023796,19.104973,17.262677,14.142136,11.0,8.544004,8.602325,11.401754,14.142136,17.029386,9.0,7.071068,5.385165,5.0,7.28011,10.0,13.0,15.033296,16.03122,18.248288,17.464249,16.763055,17.088007,15.652476,13.892444,12.529964,11.661904,11.18034,10.77033,10.77033,11.401754,12.165525,13.152946,15.132746,17.117243,16.278821
hoyeon_stand_normal_01,2436,812,81.20443715846994,29.998360745314464,10,0.5696322917938232,0.6805902719497681,-0.0018808253807947,0.999859094619751,0.5660916566848755,0.6922104358673096,-0.0171408709138631,0.9998590350151062,0.5651567578315735,0.6927139759063721,-0.0171636901795864,0.9998701214790344,0.5642514824867249,0.693221390247345,-0.0171616990119218,0.9998900294303894,0.5661314129829407,0.6924651265144348,0.0078682592138648,0.9997875690460204,0.5653308033943176,0.6930451393127441,0.0078910365700721,0.999733865261078,0.564498782157898,0.6936842799186707,0.0078573515638709,0.9997701048851012,0.5563105344772339,0.6881664991378784,-0.0590945407748222,0.9998964667320251,0.5563223958015442,0.6897598505020142,0.051256600767374,0.9996172189712524,0.5646817088127136,0.6692193150520325,-0.0151404645293951,0.9998567700386048,0.5651817321777344,0.6690834164619446,0.0169079434126615,0.9997817277908324,0.5480065941810608,0.6299135088920593,-0.1313616186380386,0.9999932646751404,0.5377563238143921,0.6215479373931885,0.1235892623662948,0.9996170997619628,0.5567264556884766,0.5270946025848389,-0.1613833606243133,0.9966198205947876,0.5470708608627319,0.5185982584953308,0.1442966759204864,0.1028186902403831,0.5689868927001953,0.4285331666469574,-0.135494202375412,0.9906036257743835,0.5608233213424683,0.4439563751220703,0.1104675307869911,0.0975973531603813,0.5697640180587769,0.3956917226314544,-0.1570146679878235,0.979714334011078,0.5686390399932861,0.4153010845184326,0.1167476698756218,0.1074997931718826,0.572353184223175,0.3925462961196899,-0.1508888900279998,0.9778044819831848,0.5661022067070007,0.4112597405910492,0.0932453125715255,0.1096826270222663,0.5723459124565125,0.4020031988620758,-0.1317940950393676,0.9637987017631532,0.5651547908782959,0.4218577742576599,0.0993224382400512,0.1134100779891014,0.5587217211723328,0.4344711601734161,-0.073189228773117,0.9982619881629944,0.5480708479881287,0.4340413510799408,0.0731183513998985,0.9963348507881165,0.5652382969856262,0.2791852355003357,-0.0619236305356025,0.882570743560791,0.5530670881271362,0.2799306213855743,0.0724991559982299,0.316962867975235,0.5608914494514465,0.1106495335698127,-0.0291486699134111,0.8857167959213257,0.5517928004264832,0.1259050071239471,0.1095514222979545,0.3553726077079773,0.5522153377532959,0.0913025513291359,-0.0278257522732019,0.9085551500320436,0.5441707372665405,0.1042257025837898,0.1109614595770835,0.4863306283950805,0.5842941999435425,0.0919326022267341,-0.0760495662689209,0.8767296671867371,0.5742961168289185,0.1012629643082618,0.0668647363781929,0.4463797509670257,hoyeon_stand_normal_01,10.5399175,11.7748285,13.34239,15.6485295,16.6394105,17.732124499999998,17.873900499999998,17.4369125,16.7090855,15.2643025,13.8671145,11.7748285,10.0234485,8.623105500000001,7.531129,6.5163795,7.81025,10.147815,13.0192025,15.9679515,19.5181455,22.006432,24.3532695,25.096638,24.8794185,22.41551,11.401754,11.8731475,12.216311,11.8731475,11.509204,10.8770075,10.4140925,9.63471,8.972135999999999,8.9998285,9.29694,9.219544,8.7745455,8.7745455,9.424429,9.4521215,9.757587,10.9299715,11.804155000000002,13.125291,14.3972285,15.7551835,16.59244,16.106303500000003,15.243284,14.1412385,10.198039,8.544004,7.81025,7.211103,8.246211,9.055385,11.401754,13.0,15.652476,17.0,19.235384,20.124612,21.023796,21.023796,21.931712,20.615528,19.313208,17.088007,13.0,8.944272,5.0,5.830952,10.630146,15.0,18.601075,22.022716,8.602325,10.29563,13.416408,14.866069,16.492423,16.124515,15.0,13.152946,11.401754,8.544004,5.830952,3.605551,2.236068,3.162278,5.0,6.324555,8.544004,9.848858,11.18034,12.529964,13.416408,14.317821,13.928388,13.601471,13.341664,12.041595,12.727922,13.453624,14.866069,14.866069,14.866069,14.866069,14.142136,12.727922,11.401754,10.0,8.602325,7.071068,5.830952,5.385165,6.0,8.246211,10.77033,13.892444,17.0,19.723083,21.470911,22.36068,22.36068,21.931712,19.313208,17.088007,12.041595,13.601471,15.0,15.811388,16.124515,14.764823,13.416408,12.083046,9.433981,7.81025,5.656854,5.385165,5.0,6.082763,6.324555,8.246211,9.486833,9.486833,10.440307,11.401754,11.401754,11.401754,11.401754,11.7047,11.18034,11.661904
hoyeon_stand_normal_01,2439,813,81.30444262295082,29.998360745314464,10,0.5697917938232422,0.6804474592208862,-0.0009817978134378,0.9998607635498048,0.5663831830024719,0.6920210719108582,-0.0163553394377231,0.9998610019683838,0.5654711127281189,0.6925257444381714,-0.0163782387971878,0.999871551990509,0.5645734667778015,0.6930494904518127,-0.0163760986179113,0.9998912811279296,0.5663673281669617,0.6922833919525146,0.0087237218394875,0.9997908473014832,0.5655516386032104,0.6928716897964478,0.0087465662509202,0.9997375011444092,0.5647045969963074,0.6935303807258606,0.0087134335190057,0.9997738599777222,0.5564891695976257,0.6881104707717896,-0.0587526299059391,0.9998973608016968,0.556460440158844,0.6897205710411072,0.0518556050956249,0.9996236562728882,0.5648260712623596,0.6691192388534546,-0.0143979592248797,0.9998574256896972,0.5653016567230225,0.6690200567245483,0.017748512327671,0.9997843503952026,0.5480774641036987,0.6299105286598206,-0.1308789253234863,0.9999931454658508,0.5376867651939392,0.6215963363647461,0.1237644329667091,0.999621331691742,0.5571357607841492,0.5272026062011719,-0.1609424501657486,0.9965572357177734,0.5467705130577087,0.5186971426010132,0.1442848145961761,0.1027040779590606,0.5692197680473328,0.4285403788089752,-0.1349445730447769,0.9903045892715454,0.5601397752761841,0.4443318247795105,0.1104747205972671,0.0967628806829452,0.5699654817581177,0.3957354724407196,-0.156582310795784,0.9791396856307985,0.5678134560585022,0.4153001308441162,0.1167625933885574,0.1067755743861198,0.5723785161972046,0.3925619125366211,-0.1504538655281067,0.9771769046783448,0.5656911730766296,0.4112169742584228,0.0932621285319328,0.1089387312531471,0.5723525285720825,0.402015745639801,-0.1312376856803894,0.9628654718399048,0.5647892355918884,0.4219701290130615,0.0993350520730018,0.1126375719904899,0.5591891407966614,0.4345062971115112,-0.072895310819149,0.9982610940933228,0.5480025410652161,0.4341067969799042,0.07282205671072,0.9963524341583252,0.5656569600105286,0.2787567675113678,-0.0616848841309547,0.8815107941627502,0.5530007481575012,0.2793517112731933,0.0721729025244712,0.3169657289981842,0.5613535046577454,0.1107692942023277,-0.0288471411913633,0.8845850825309753,0.5517903566360474,0.1257195770740509,0.1089665368199348,0.3547354936599731,0.5526667833328247,0.0912932232022285,-0.0274438057094812,0.9086489081382751,0.5442339181900024,0.104046419262886,0.1103549227118492,0.4865843951702118,0.5842922925949097,0.0922063365578651,-0.0743930414319038,0.8759142756462097,0.5739616751670837,0.1012641265988349,0.0663950443267822,0.4444687068462372,hoyeon_stand_normal_01,10.198039,11.045361,12.649111,13.928388,15.231546,16.155494,16.763055,16.492423,15.297059,14.142136,12.041595,10.049876,9.055385,7.28011,6.403124,5.830952,7.28011,9.055385,12.0,15.033296,18.027756,21.0,23.086793,23.345235,22.803509,21.18962,11.0,12.041595,12.041595,12.041595,11.045361,10.0,10.0,9.055385,9.219544,9.486833,8.944272,8.944272,8.944272,8.602325,8.602325,9.219544,9.899495,10.0,11.401754,12.206556,13.892444,14.422205,15.264338,15.264338,14.422205,12.529964,14.866069,15.811388,15.524175,16.278821,15.132746,15.132746,14.035669,12.0,10.0,8.062258,6.082763,4.472136,2.236068,3.605551,6.403124,9.433981,12.529964,16.124515,18.867962,21.095023,22.203603,22.203603,22.022716,19.849433,17.691806,13.453624,8.0,7.071068,6.082763,4.472136,2.828427,2.236068,3.162278,5.0,7.0,8.062258,8.246211,8.246211,8.544004,7.28011,6.324555,6.324555,4.123106,3.162278,2.0,1.414214,2.236068,4.242641,7.071068,8.602325,10.816654,11.661904,15.811388,15.0,13.038405,11.661904,9.848858,9.219544,10.0,11.045361,13.038405,14.035669,15.0,17.029386,18.248288,19.646883,20.248457,20.615528,20.59126,19.723083,17.492856,14.764823,11.7047,9.0,8.944272,11.313708,14.21267,18.027756,8.544004,6.324555,5.0,5.0,6.708204,8.544004,11.7047,13.928388,15.231546,15.652476,16.643317,16.401219,15.620499,14.142136,12.727922,12.041595,12.041595,10.630146,10.630146,10.0,10.816654,12.529964,13.892444,14.764823,16.643317,16.643317
hoyeon_stand_normal_01,2442,814,81.40444808743169,29.998360745314464,10,0.5700005888938904,0.6803382635116577,-0.0004120798257645,0.999862253665924,0.5666790008544922,0.6918270587921143,-0.0158661361783742,0.999862790107727,0.5657859444618225,0.6923277974128723,-0.0158889759331941,0.9998728036880492,0.564896821975708,0.692859947681427,-0.0158865936100482,0.9998923540115356,0.5666049122810364,0.6921108961105347,0.0092660300433635,0.9997938871383668,0.5657681226730347,0.6927128434181213,0.0092889638617634,0.9997408986091614,0.5649017691612244,0.6933910846710205,0.0092562120407819,0.999777376651764,0.5566882491111755,0.6880349516868591,-0.0586021170020103,0.9998981356620787,0.5565976500511169,0.6896695494651794,0.0522051081061363,0.9996294379234314,0.5650318264961243,0.6690722703933716,-0.0139566091820597,0.999857783317566,0.5654611587524414,0.6689999103546143,0.018256552517414,0.9997865557670592,0.5482138395309448,0.629887044429779,-0.1306209415197372,0.9999929666519164,0.537653386592865,0.6215958595275879,0.1238099709153175,0.999625325202942,0.55770343542099,0.5274567604064941,-0.1606903076171875,0.9964870810508728,0.5466617345809937,0.5189683437347412,0.1442782580852508,0.102508045732975,0.5694746375083923,0.428607702255249,-0.1339880675077438,0.9899872541427612,0.5598298907279968,0.4444895088672638,0.1104956790804863,0.096021831035614,0.5702958703041077,0.3958162069320678,-0.1555527299642563,0.9785369634628296,0.5686578154563904,0.4154954850673675,0.1167899444699287,0.1062230467796325,0.5724334120750427,0.3926089406013489,-0.1493099182844162,0.97651207447052,0.5654283165931702,0.4110488891601562,0.0932756513357162,0.1083741635084152,0.5723785161972046,0.402080237865448,-0.1302235275506973,0.9618849754333496,0.5645543932914734,0.4219797253608703,0.0993570312857627,0.1120277643203735,0.5595394968986511,0.434626042842865,-0.0725604444742202,0.9982619285583496,0.5479474663734436,0.4342284500598907,0.072484903037548,0.9963716268539428,0.5659815073013306,0.2786467969417572,-0.0613875202834606,0.8801745772361755,0.5528857707977295,0.2792041897773742,0.0718954652547836,0.3169495463371277,0.5616458654403687,0.1109411418437957,-0.0284513738006353,0.8831784129142761,0.551767885684967,0.125525563955307,0.1084517315030098,0.3539944887161255,0.5535151362419128,0.091308444738388,-0.0269716195762157,0.90861314535141,0.5442864894866943,0.103916622698307,0.1098344102501869,0.4867350459098816,0.5842908024787903,0.0927633792161941,-0.072958305478096,0.8748206496238708,0.5735705494880676,0.1013816744089126,0.0661212354898452,0.442400574684143,hoyeon_stand_normal_01,23.345235,23.600847,21.954498,19.235384,16.552945,13.0,10.29563,7.81025,8.062258,8.246211,10.049876,12.041595,14.035669,15.132746,16.278821,17.464249,18.681542,19.313208,18.384776,17.0,15.652476,13.416408,10.440307,9.0,10.440307,12.529964,9.219544,10.198039,11.401754,12.369317,13.341664,14.142136,14.142136,14.035669,13.038405,13.0,12.0,11.0,10.049876,9.055385,9.219544,9.486833,9.486833,10.77033,10.77033,11.18034,12.206556,12.806248,14.142136,15.620499,19.209373,21.260292,11.401754,9.848858,8.602325,7.211103,7.071068,8.062258,10.77033,12.529964,14.422205,16.401219,17.804494,19.209373,20.0,21.400935,20.808652,20.248457,18.867962,16.124515,12.529964,7.81025,4.123106,5.0,10.440307,15.524175,19.924859,22.847319,7.81025,10.630146,13.601471,14.764823,16.155494,15.524175,14.142136,13.0,10.049876,8.062258,4.472136,2.236068,1.414214,4.0,6.082763,8.246211,10.198039,11.7047,13.0,14.866069,14.866069,15.811388,15.524175,15.297059,15.132746,14.0,16.124515,15.264338,13.038405,12.206556,10.630146,9.433981,10.77033,11.401754,12.649111,14.56022,16.763055,18.027756,18.788294,20.248457,21.400935,21.260292,21.931712,19.849433,17.804494,14.866069,12.041595,9.486833,8.246211,12.206556,14.866069,16.970563,9.433981,6.403124,5.385165,5.0,8.062258,10.0,12.806248,15.0,17.204651,18.027756,17.0,17.464249,16.155494,15.811388,14.56022,13.341664,12.369317,11.401754,10.440307,11.18034,11.661904,13.038405,14.422205,15.620499,17.204651,16.643317
hoyeon_stand_normal_01,2445,815,81.50445355191256,29.998360745314464,10,0.5701798796653748,0.6803106069564819,-2.9211723813205023e-05,0.999864399433136,0.5668814182281494,0.691750705242157,-0.015473105944693,0.999865174293518,0.5659968852996826,0.6922472715377808,-0.0154956588521599,0.9998746514320374,0.5651121735572815,0.692777693271637,-0.0154929924756288,0.9998939633369446,0.5667721033096313,0.6920511722564697,0.009633638896048,0.9997978806495668,0.5659201145172119,0.6926624774932861,0.0096568325534462,0.999745547771454,0.5650423169136047,0.6933490037918091,0.0096253398805856,0.9997819066047668,0.5568235516548157,0.6880003809928894,-0.0582383498549461,0.9998993873596193,0.5567044615745544,0.6896541714668274,0.0524885617196559,0.9996368288993835,0.5652092099189758,0.6690680384635925,-0.0135600147768855,0.9998589158058168,0.5655974745750427,0.6689954400062561,0.0186207089573144,0.999789834022522,0.5484727621078491,0.6298813223838806,-0.1302624493837356,0.999992847442627,0.5376497507095337,0.6216012835502625,0.1239567324519157,0.9996305108070374,0.5583235621452332,0.5277695059776306,-0.160245805978775,0.996440589427948,0.5466655492782593,0.5192872881889343,0.1442820578813552,0.1025419533252716,0.5698188543319702,0.4286874830722809,-0.133192092180252,0.9897623062133788,0.5598439574241638,0.4441709518432617,0.1104985848069191,0.0955126583576202,0.5706595778465271,0.395910769701004,-0.1547857075929641,0.978102207183838,0.5680473446846008,0.4153518974781036,0.1167907416820526,0.1058715060353279,0.5725907683372498,0.3926926851272583,-0.1484271436929702,0.976030170917511,0.5654681324958801,0.4108055830001831,0.0932662710547447,0.1080001667141914,0.5725574493408203,0.4021661281585693,-0.129371091723442,0.9611634016036988,0.5645677447319031,0.4219662845134735,0.0993592292070388,0.1116055473685264,0.560023307800293,0.4347534775733948,-0.0723342075943946,0.9982745051383972,0.5479003190994263,0.4343734085559845,0.0722569525241851,0.9964057803153992,0.5662815570831299,0.2786009311676025,-0.0611242055892944,0.8793550133705139,0.5527249574661255,0.2792005836963653,0.0718158110976219,0.3176861107349396,0.561796247959137,0.1109440326690673,-0.028287399560213,0.8824666142463684,0.5516300797462463,0.1253813505172729,0.1082532927393913,0.354138970375061,0.5535259246826172,0.0912360250949859,-0.0267928335815668,0.9090091586112976,0.5443049669265747,0.1038371697068214,0.1096301302313804,0.4875940382480621,0.5843763947486877,0.0930665209889411,-0.0724107548594474,0.8744243383407593,0.5734256505966187,0.101437322795391,0.0661152228713035,0.441467136144638,hoyeon_stand_normal_01,24.083189,23.021729,22.203603,19.416488,15.524175,12.369317,9.055385,8.246211,8.062258,9.219544,10.630146,12.806248,14.866069,16.278821,17.029386,18.601075,18.601075,19.723083,19.235384,17.464249,15.652476,13.416408,11.401754,10.0,11.401754,14.142136,7.615773,9.848858,10.77033,12.083046,13.416408,13.892444,13.038405,13.601471,12.206556,11.401754,10.0,9.433981,9.433981,8.944272,8.544004,8.544004,9.219544,9.219544,10.198039,10.049876,11.0,12.041595,13.152946,16.492423,18.439089,21.587033,10.975335,10.1021555,8.959631,7.0674025,7.807536,8.772002,11.109204,13.226812,15.6044125,17.345903,19.1701785,20.5547725,21.342057,22.378568,22.146196,21.596002,19.7735745,17.2144875,13.367318,8.986057,4.6708305,5.701562,10.1021555,14.920998,19.2175885,23.117412,8.9109345,11.954131,13.606335,15.185804,16.6394105,16.5596135,15.2787355,13.647541,10.742834,8.772002,5.04951,3.162278,1.618034,3.061553,5.5,7.6586395,9.271109,10.9513695,12.6846585,13.8297425,14.895883,14.7746835,15.5542235,15.328460499999998,14.176745,13.537037,14.317821,13.341664,12.369317,10.049876,9.0,8.246211,8.944272,10.29563,12.206556,13.038405,14.764823,16.155494,17.720045,19.416488,19.104973,20.0,20.024984,18.11077,16.124515,13.038405,10.049876,8.062258,8.602325,11.18034,14.035669,18.027756,9.055385,7.0,4.123106,4.242641,6.082763,9.0,11.0,13.0,15.033296,16.278821,15.297059,15.811388,14.866069,14.317821,12.529964,11.18034,10.29563,9.848858,9.848858,9.486833,10.198039,12.165525,13.152946,15.132746,16.124515,16.278821
hoyeon_stand_normal_01,2448,816,81.60445901639343,29.998360745314464,10,0.5702851414680481,0.6802921295166016,0.0007304116734303,0.9998642206192015,0.566989004611969,0.6916926503181458,-0.0146878976374864,0.999865174293518,0.5661123394966125,0.692179799079895,-0.014710827730596,0.9998741745948792,0.5652377009391785,0.692699670791626,-0.0147078819572925,0.9998936653137208,0.5668541193008423,0.6920080780982971,0.010341728106141,0.9997984766960144,0.5659930109977722,0.6926237940788269,0.0103644430637359,0.9997459053993224,0.5651098489761353,0.6933122873306274,0.0103313652798533,0.9997828006744384,0.5569444298744202,0.6879466772079468,-0.0574938282370567,0.9998987913131714,0.5567801594734192,0.6896252036094666,0.052935816347599,0.9996382594108582,0.5653122067451477,0.669053852558136,-0.0127981007099151,0.9998576045036316,0.5656664967536926,0.6689911484718323,0.0192893277853727,0.9997898936271667,0.5487233400344849,0.6298776268959045,-0.129371091723442,0.9999926686286926,0.5376288890838623,0.6216121315956116,0.1240277513861656,0.9996342658996582,0.5587249398231506,0.5280557870864868,-0.1592737138271331,0.9963570833206176,0.5466886162757874,0.5197106599807739,0.1442669779062271,0.1028132140636444,0.5700007677078247,0.4287328422069549,-0.1322671324014663,0.9894734025001526,0.5598365068435669,0.4437916278839111,0.1106267943978309,0.0952084213495254,0.570843517780304,0.3959898054599762,-0.1537463963031768,0.9775637984275818,0.567694365978241,0.4151277542114258,0.1169914454221725,0.1057527884840965,0.5726528763771057,0.3927333056926727,-0.1473275572061538,0.975429892539978,0.5654776692390442,0.4104546010494232,0.0934009253978729,0.1078374460339546,0.5726032257080078,0.4022116661071777,-0.128405675292015,0.9602791666984558,0.5645523071289062,0.4211930334568023,0.0994931608438491,0.1114040911197662,0.560282826423645,0.4350614249706268,-0.0716712847352027,0.9982656836509703,0.5478097796440125,0.434652179479599,0.0715894028544426,0.996408224105835,0.5664336681365967,0.2786052227020263,-0.0604928210377693,0.8768234252929688,0.5524566173553467,0.2792120575904846,0.0712838470935821,0.3169986307621002,0.5619037747383118,0.1112743392586708,-0.0276319440454244,0.8796308040618896,0.5513938665390015,0.125361829996109,0.1074684783816337,0.3516338169574737,0.5539246797561646,0.0913869366049766,-0.0260902103036642,0.9085010886192322,0.5443063974380493,0.103840485215187,0.1088469326496124,0.486607164144516,0.5843812823295593,0.0938144475221633,-0.0709016323089599,0.8719449043273926,0.573104202747345,0.1016337573528289,0.065609373152256,0.4374118745326996,hoyeon_stand_normal_01,24.083189,24.33105,22.803509,20.248457,16.155494,13.0,10.198039,8.0,8.544004,9.433981,11.401754,14.21267,15.0,16.643317,18.35756,18.35756,19.697716,19.313208,18.973666,17.720045,15.811388,13.928388,11.661904,9.899495,11.18034,13.601471,8.944272,10.29563,12.529964,12.529964,13.892444,13.601471,14.21267,13.453624,12.727922,12.041595,10.630146,10.630146,10.0,9.433981,8.944272,9.848858,9.848858,10.440307,10.440307,11.401754,12.165525,13.038405,15.0,17.117243,20.099751,22.090722,14.035669,14.142136,15.297059,14.56022,14.56022,13.601471,12.083046,11.18034,8.944272,7.211103,5.0,3.162278,3.162278,4.472136,7.28011,10.198039,14.142136,17.262677,20.223748,22.36068,23.537205,23.769729,23.086793,21.18962,18.384776,15.231546,7.81025,6.403124,4.472136,3.0,1.414214,3.162278,4.242641,7.211103,8.062258,8.544004,9.486833,9.486833,9.219544,9.219544,8.062258,7.28011,6.082763,4.123106,3.162278,2.236068,2.236068,3.605551,6.324555,8.246211,10.198039,11.045361,13.152946,14.035669,15.033296,15.033296,15.033296,15.132746,13.152946,12.369317,11.401754,10.440307,8.246211,7.071068,6.082763,5.385165,7.071068,9.433981,12.083046,15.231546,18.384776,20.615528,22.847319,23.706539,23.706539,22.825424,20.59126,17.492856,12.369317,13.601471,14.866069,15.231546,15.652476,14.764823,13.892444,11.661904,9.848858,7.615773,6.082763,4.123106,4.472136,4.242641,5.830952,7.211103,8.602325,9.433981,10.0,10.0,10.0,10.0,10.816654,10.816654,11.18034,11.7047
hoyeon_stand_normal_01,2451,817,81.70446448087432,29.998360745314464,10,0.5703861713409424,0.680281400680542,0.0010437174933031,0.99986469745636,0.5670788288116455,0.691649854183197,-0.014360262081027,0.9998658299446106,0.5662072896957397,0.6921302080154419,-0.014383896254003,0.9998742938041688,0.5653379559516907,0.6926422119140625,-0.0143813239410519,0.9998939037322998,0.5669257044792175,0.69197678565979,0.0105924867093563,0.9998000264167786,0.5660582184791565,0.6925962567329407,0.0106150479987263,0.9997473359107972,0.5651707053184509,0.6932860612869263,0.0105816116556525,0.9997845888137816,0.5570493340492249,0.6879175901412964,-0.0568539686501026,0.9998988509178162,0.5568557977676392,0.6896026134490967,0.0532249175012111,0.9996412396430968,0.5654323697090149,0.6690480709075928,-0.0123247532173991,0.9998570084571838,0.565763533115387,0.6689934134483337,0.0196576379239559,0.999790608882904,0.5489015579223633,0.6299375295639038,-0.1285740286111831,0.9999925494194032,0.5376328229904175,0.6216334700584412,0.1242293417453765,0.9996373057365416,0.5587852597236633,0.5286772847175598,-0.1585898250341415,0.9962939023971558,0.5467962026596069,0.5199925899505615,0.1442669481039047,0.1025588065385818,0.5700101256370544,0.4289236068725586,-0.1310744136571884,0.9892185926437378,0.559899628162384,0.4436380267143249,0.1106287240982055,0.094554878771305,0.5709096193313599,0.3961637020111084,-0.152346983551979,0.9770828485488892,0.5676864981651306,0.4150246083736419,0.116984836757183,0.1052864268422126,0.5726802945137024,0.3928760886192322,-0.1459036469459533,0.9748934507369996,0.5655452609062195,0.4102920293807983,0.0933828502893447,0.1073431074619293,0.5726177096366882,0.4023575782775879,-0.1271660178899765,0.9594985842704772,0.5645657777786255,0.4207780957221985,0.09949342161417,0.1108723953366279,0.560547411441803,0.4352239370346069,-0.0713829547166824,0.998268723487854,0.5477904677391052,0.4347196221351623,0.0713002681732177,0.996428370475769,0.5666163563728333,0.2785830795764923,-0.0601837113499641,0.8761940598487854,0.5523531436920166,0.2792082726955414,0.070918783545494,0.3192916214466095,0.5619693994522095,0.1113051995635032,-0.0275583826005458,0.879091739654541,0.5511263608932495,0.125266894698143,0.1066321954131126,0.353053331375122,0.5541144013404846,0.0913910716772079,-0.0260250400751829,0.908873438835144,0.5442833304405212,0.1037964820861816,0.1079606041312217,0.4882248938083648,0.5844030976295471,0.0940222665667533,-0.0709139108657836,0.8717334270477295,0.5729369521141052,0.1016533002257347,0.0649434253573417,0.4373985528945923,hoyeon_stand_normal_01,23.853721,24.186773,21.931712,20.248457,15.811388,12.649111,9.433981,8.485281,8.944272,9.486833,11.401754,13.341664,15.524175,16.763055,18.027756,18.788294,20.124612,19.723083,18.867962,18.027756,15.811388,13.892444,11.7047,11.045361,12.165525,14.866069,8.246211,10.440307,11.401754,12.369317,14.142136,14.035669,15.0,14.035669,13.038405,12.041595,10.049876,9.0,9.0,8.062258,8.246211,9.486833,9.486833,9.848858,10.77033,11.18034,11.661904,13.601471,14.21267,16.278821,19.104973,21.931712,10.29563,8.602325,8.602325,7.071068,8.246211,8.944272,11.401754,12.727922,15.620499,16.401219,18.601075,20.0,20.615528,21.400935,21.260292,21.260292,19.104973,16.970563,12.727922,9.219544,5.09902,4.472136,9.055385,14.035669,18.027756,21.095023,7.81025,10.630146,12.806248,15.264338,15.652476,15.811388,14.56022,13.152946,11.0,9.055385,6.324555,3.605551,2.0,2.828427,5.09902,6.082763,8.0,10.0,12.041595,12.041595,13.038405,14.035669,14.0,14.0,13.152946,12.369317,14.422205,13.601471,12.041595,10.630146,9.219544,8.944272,8.544004,10.198039,11.18034,13.152946,14.317821,16.492423,17.088007,17.888544,19.416488,19.209373,19.849433,18.384776,16.278821,12.727922,10.0,8.246211,8.544004,11.401754,14.142136,17.029386,8.485281,7.071068,4.472136,4.123106,5.656854,7.81025,11.401754,12.806248,14.866069,15.556349,15.620499,15.264338,14.764823,13.416408,13.0,11.7047,10.77033,9.486833,9.848858,9.433981,10.0,12.041595,12.727922,14.866069,14.866069,15.620499
hoyeon_stand_normal_01,2454,818,81.8044699453552,29.998360745314464,10,0.5705209374427795,0.6802765727043152,0.0010045304661616,0.99986469745636,0.5671913623809814,0.6916280388832092,-0.0144157717004418,0.9998660683631896,0.56632000207901,0.6921056509017944,-0.0144396284595131,0.9998739957809448,0.5654497146606445,0.6926146745681763,-0.0144373616203665,0.999893844127655,0.5670257806777954,0.6919613480567932,0.0105000780895352,0.9998010396957396,0.5661496520042419,0.692583441734314,0.0105226747691631,0.9997481107711792,0.5652549862861633,0.6932743787765503,0.0104890819638967,0.9997859001159668,0.5571392774581909,0.687903106212616,-0.0568491332232952,0.9998985528945924,0.5569204688072205,0.6895906329154968,0.0531262196600437,0.9996435046195984,0.5655816793441772,0.6690421104431152,-0.0123178120702505,0.9998558163642884,0.56589674949646,0.6689997911453247,0.0196129027754068,0.9997908473014832,0.549029529094696,0.6299610733985901,-0.1280446052551269,0.9999923706054688,0.537632405757904,0.6216747164726257,0.1241390779614448,0.9996398091316224,0.5588668584823608,0.5290124416351318,-0.15778848528862,0.9962023496627808,0.5468053221702576,0.5202385783195496,0.1437067687511444,0.1017640531063079,0.5700076818466187,0.4289921522140503,-0.1297973394393921,0.9888617396354676,0.5596807599067688,0.4435100555419922,0.1102199479937553,0.0933944582939148,0.5709823966026306,0.3961840271949768,-0.1509416699409485,0.976426124572754,0.5686156749725342,0.4149902462959289,0.116523690521717,0.104337640106678,0.5727632641792297,0.3928852081298828,-0.1443948149681091,0.9741598963737488,0.5654749274253845,0.4102038741111755,0.0928037613630294,0.1063530072569847,0.5726643204689026,0.4023677110671997,-0.125849187374115,0.9584332704544068,0.5644657015800476,0.4205207228660583,0.0990626960992813,0.1098471730947494,0.5608358383178711,0.4353918731212616,-0.0708002522587776,0.998274564743042,0.5477741360664368,0.4347610175609588,0.0707167387008667,0.9964531660079956,0.5669253468513489,0.2784617245197296,-0.0595846511423587,0.8755009174346924,0.5520897507667542,0.2791551351547241,0.0705145224928855,0.3218385875225067,0.5622044801712036,0.1114120334386825,-0.0269878227263689,0.8785671591758728,0.5509560108184814,0.1251556277275085,0.1059778705239296,0.3545511960983276,0.5546026229858398,0.0914130434393882,-0.0254246853291988,0.9093743562698364,0.5442849397659302,0.1037747785449028,0.1072963252663612,0.4896090626716614,0.5844412446022034,0.0941136255860328,-0.0694675892591476,0.8714326024055481,0.5727466940879822,0.1015771105885505,0.0645830780267715,0.4371685683727264,hoyeon_stand_normal_01,10.198039,10.77033,11.661904,13.601471,14.422205,15.811388,15.264338,14.764823,14.317821,13.0,10.77033,9.486833,7.615773,7.211103,6.403124,6.324555,8.062258,10.0,12.041595,15.033296,17.029386,19.0,21.023796,21.213203,20.615528,18.973666,8.944272,8.544004,8.544004,8.544004,7.615773,7.211103,7.211103,7.071068,7.81025,7.81025,7.211103,8.602325,8.062258,8.062258,7.211103,7.615773,7.615773,8.246211,8.246211,10.049876,11.045361,12.041595,13.152946,13.152946,13.152946,12.041595,13.601471,13.601471,15.264338,14.764823,14.317821,13.928388,12.649111,10.440307,9.219544,7.071068,5.0,3.605551,3.162278,5.385165,8.062258,10.630146,14.21267,17.804494,20.615528,22.803509,23.600847,24.413111,23.853721,21.954498,19.235384,15.231546,8.0,7.071068,5.385165,3.605551,1.0,2.0,4.123106,6.324555,7.615773,8.944272,9.433981,10.0,10.0,9.219544,7.81025,7.81025,6.403124,5.0,3.605551,2.0,2.0,3.162278,5.385165,7.211103,9.219544,11.313708,16.106303500000003,13.9070705,13.129936,11.93423,9.619951,8.866522,9.5526305,10.524938,12.0226805,13.5192025,15.033444500000002,16.0622575,17.7342375,18.610977,19.6722995,20.4743275,19.9730865,19.0685005,17.0761355,14.340373,11.2616765,9.024938,8.348968,10.700877,14.1412385,16.979993999999998,9.196431,7.28011,5.5413815,5.1925825,5.830952,8.7323155,11.237515,13.464194,14.9851485,15.8884955,16.227352500000002,16.010859,14.866069,14.142136,12.3847585,12.041595,11.401754,10.630146,9.899495,10.2648205,10.700877,11.93423,13.4654245,15.0145805,15.9538275,16.923983999999997
hoyeon_stand_normal_01,2457,819,81.90447540983607,29.998360745314464,10,0.5706197619438171,0.6802228093147278,0.0009829746559262,0.9998654127120972,0.5672900676727295,0.6915658116340637,-0.0144785046577453,0.9998670816421508,0.5664182305335999,0.6920406818389893,-0.014502421952784,0.9998745322227478,0.5655423402786255,0.6925483345985413,-0.0145003227517008,0.9998944997787476,0.567113995552063,0.6919081807136536,0.0104224681854248,0.999803066253662,0.5662299394607544,0.6925369501113892,0.0104453172534704,0.9997502565383912,0.5653263926506042,0.6932337880134583,0.0104118688032031,0.9997883439064026,0.5572046637535095,0.6878742575645447,-0.0569247677922248,0.9998989701271056,0.5569747090339661,0.6895738244056702,0.0530471056699752,0.9996479153633118,0.5656996965408325,0.6690064072608948,-0.0123212877660989,0.9998556971549988,0.5660030245780945,0.6689854264259338,0.0195919647812843,0.999792456626892,0.5491995215415955,0.6299713253974915,-0.1278478056192398,0.9999922513961792,0.5375738739967346,0.6217382550239563,0.1241149380803108,0.9996444582939148,0.559066891670227,0.52921062707901,-0.1572444289922714,0.996107280254364,0.5468046069145203,0.5203791260719299,0.1433505117893219,0.1010667383670806,0.5700090527534485,0.4290487766265869,-0.1282677203416824,0.988467276096344,0.5595421195030212,0.4433744847774505,0.1100096404552459,0.0921039283275604,0.5711101293563843,0.396190732717514,-0.149338498711586,0.9757139682769777,0.5687920451164246,0.4149592220783233,0.1163461282849311,0.1032463833689689,0.5728639960289001,0.3928931951522827,-0.1426591575145721,0.9733615517616272,0.5653883814811707,0.4100971221923828,0.0925578027963638,0.1052170544862747,0.572715163230896,0.4023763537406921,-0.1242608278989791,0.9572575688362122,0.5643491744995117,0.4202960729598999,0.098840981721878,0.108665220439434,0.5610975623130798,0.4354473054409027,-0.0705142319202423,0.9982897043228148,0.547685444355011,0.4347526431083679,0.070429541170597,0.9964828491210938,0.5675192475318909,0.2781290113925934,-0.0591540783643722,0.875248372554779,0.5515512228012085,0.2788497507572174,0.0705190673470497,0.3253524601459503,0.5628731846809387,0.1115464568138122,-0.0267841387540102,0.8785627484321594,0.5507858991622925,0.1250268220901489,0.1060358807444572,0.3561913073062897,0.5554037690162659,0.0914210751652717,-0.0252419188618659,0.9098357558250428,0.544285774230957,0.1037133783102035,0.1073742881417274,0.4907329380512237,0.5848106741905212,0.0948654562234878,-0.0689715445041656,0.8714247345924377,0.5726255178451538,0.1016120016574859,0.0646810829639434,0.4372217655181885,hoyeon_stand_normal_01,24.186773,24.166092,22.135944,19.646883,16.278821,12.369317,9.848858,7.81025,8.602325,9.848858,11.7047,13.928388,15.231546,16.552945,17.888544,18.867962,19.416488,19.209373,19.209373,17.691806,15.620499,13.601471,11.18034,10.198039,12.0,14.317821,9.219544,10.198039,12.165525,13.152946,14.035669,15.0,15.033296,14.142136,12.165525,11.18034,10.198039,9.055385,9.0,8.062258,8.062258,9.219544,10.440307,10.440307,11.401754,11.7047,12.083046,13.892444,14.422205,16.401219,19.209373,22.022716,14.0,14.035669,15.132746,15.297059,14.317821,13.601471,12.649111,10.77033,8.944272,7.211103,5.656854,4.472136,3.162278,5.0,7.615773,10.440307,14.56022,17.720045,20.880613,22.135944,23.4094,23.4094,23.769729,21.931712,19.235384,14.764823,8.602325,6.708204,5.385165,4.0,1.414214,1.414214,4.472136,6.324555,8.062258,9.055385,10.049876,10.0,10.0,9.055385,8.062258,7.071068,6.082763,5.09902,3.0,1.0,1.414214,3.162278,5.385165,7.28011,10.198039,12.041595,17.0,16.124515,13.892444,13.038405,10.630146,10.0,10.29563,11.7047,13.0,14.866069,16.155494,17.888544,19.723083,20.808652,21.260292,21.213203,21.260292,20.615528,18.601075,15.0,12.727922,9.848858,10.0,12.083046,14.422205,17.804494,9.219544,7.071068,5.385165,6.082763,7.211103,10.630146,12.727922,15.620499,16.401219,18.027756,17.492856,17.464249,17.088007,15.811388,14.56022,13.341664,12.369317,11.401754,10.77033,11.18034,11.661904,13.038405,14.422205,16.401219,18.027756,17.492856
hoyeon_stand_normal_01,2460,820,82.00448087431694,29.998360745314464,10,0.5706654191017151,0.6802018880844116,0.0009723922121338,0.9998632669448853,0.5673304796218872,0.6915403008460999,-0.0144947953522205,0.9998655915260316,0.5664564967155457,0.6920115947723389,-0.0145187731832265,0.999872624874115,0.5655771493911743,0.69251549243927,-0.0145166339352726,0.9998931288719176,0.5671567320823669,0.6918904781341553,0.0103959646075963,0.9998010993003844,0.5662708282470703,0.6925228238105774,0.0104187037795782,0.9997475147247314,0.5653647184371948,0.6932224035263062,0.0103848027065396,0.9997866749763488,0.5572440028190613,0.6878424882888794,-0.0569954738020896,0.9998972415924072,0.5570049285888672,0.6895605325698853,0.0529896505177021,0.9996457099914552,0.5657542943954468,0.6689708232879639,-0.012367719784379,0.9998528361320496,0.5660592913627625,0.6689726710319519,0.0195422787219285,0.9997903108596802,0.5493671298027039,0.6299656629562378,-0.1275093555450439,0.9999920129776,0.537563145160675,0.6218814849853516,0.1236303597688674,0.9996458888053894,0.5591504573822021,0.52921462059021,-0.1568217873573303,0.995962917804718,0.546836256980896,0.5208358764648438,0.1428240984678268,0.1006557121872901,0.5700120329856873,0.4291133284568786,-0.12826769053936,0.987989068031311,0.5595709085464478,0.444623053073883,0.1098645702004432,0.0912645235657692,0.5711783170700073,0.3961967527866363,-0.1493359506130218,0.9748448729515076,0.5697385668754578,0.4155972003936767,0.1162513568997383,0.1025875508785247,0.572926938533783,0.3928997814655304,-0.1427617222070694,0.9723865389823914,0.565416157245636,0.4101917445659637,0.0923985093832016,0.1045031026005745,0.5727488994598389,0.4023835361003876,-0.1243182197213172,0.9558438658714294,0.5643504858016968,0.4208962619304657,0.0986821576952934,0.1079642549157142,0.5612907409667969,0.4358117580413818,-0.0696958974003791,0.9982784986495972,0.5476453304290771,0.4350496232509613,0.0696104764938354,0.9964668154716492,0.567695677280426,0.2782059609889984,-0.0583946295082569,0.872323215007782,0.5511314868927002,0.2790461480617523,0.0702763944864273,0.3258873522281647,0.5632914304733276,0.1128527000546455,-0.0257929284125566,0.8754739761352539,0.5506172776222229,0.125501200556755,0.1059350594878196,0.3531649112701416,0.5561332106590271,0.0929990857839584,-0.024258529767394,0.9090079069137572,0.5443149209022522,0.1042960733175277,0.1073298081755638,0.4884571731090545,0.5848965048789978,0.0961518213152885,-0.0676591098308563,0.8681443333625793,0.5723762512207031,0.1023911461234092,0.0647047609090805,0.4323686063289642,hoyeon_stand_normal_01,22.5080445,22.5570065,20.7328265,18.751105,15.755106,12.665071,9.3904555,8.2153235,8.2525245,9.424429,10.725815,12.323416,13.9330345,15.5440035,16.2487725,17.0065295,18.2490305,17.680192499999997,17.2062315,16.035359999999997,14.7064295,12.647099,11.066461,10.199942,11.168612499999998,13.678113,8.829554,9.994937,11.7328825,12.9040135,14.0270695,14.066373,14.016648,12.85235,12.200877,11.119817,10.109772,9.1480435,8.335579,7.963874000000001,8.348968,8.829554,9.1670695,10.199942,10.9912705,11.2147295,11.8342755,12.5016125,13.952237,15.0856325,18.0524865,20.0007485,13.892444,14.764823,14.764823,15.231546,14.866069,13.601471,12.369317,11.18034,9.055385,7.0,5.09902,3.605551,3.0,5.385165,7.81025,11.313708,14.866069,17.691806,20.518285,22.627417,24.041631,24.758837,24.083189,21.400935,19.416488,15.264338,8.0,7.071068,5.09902,3.605551,1.414214,2.0,5.09902,6.324555,8.544004,9.848858,10.29563,10.29563,10.0,9.433981,8.602325,7.81025,6.403124,5.0,3.605551,2.0,1.0,3.162278,5.0,7.071068,9.899495,11.401754,17.691806,15.556349,14.142136,12.806248,10.29563,9.486833,10.198039,11.045361,14.0,15.033296,17.117243,17.262677,19.646883,20.248457,21.023796,21.954498,20.808652,20.808652,17.804494,15.811388,12.083046,10.049876,9.848858,12.806248,16.278821,19.209373,9.433981,6.708204,5.0,4.472136,7.211103,10.29563,13.416408,14.764823,17.492856,16.401219,17.691806,17.691806,15.620499,14.422205,13.892444,13.038405,11.661904,10.816654,10.630146,10.630146,10.630146,12.806248,15.0,16.401219,17.029386,18.439089
hoyeon_stand_normal_01,2463,821,82.10448633879781,29.998360745314464,10,0.5707387328147888,0.6801942586898804,0.0009569387766532,0.9998628497123718,0.5673923492431641,0.6915326118469238,-0.0145430918782949,0.999865472316742,0.5665150284767151,0.6920019388198853,-0.0145670976489782,0.9998722672462464,0.5656307339668274,0.6925032138824463,-0.0145651595667004,0.9998928904533386,0.5672218799591064,0.6918842196464539,0.0103829270228743,0.9998008608818054,0.566333532333374,0.6925166249275208,0.0104057705029845,0.9997472763061525,0.565424382686615,0.6932152509689331,0.0103715835139155,0.9997870326042176,0.5572919845581055,0.6878277063369751,-0.0572924502193927,0.9998967051506042,0.5570462346076965,0.6895480155944824,0.0529179982841014,0.9996461272239684,0.5658255815505981,0.6689656376838684,-0.0124718425795435,0.9998522400856018,0.5661342740058899,0.6689791083335876,0.019497275352478,0.9997902512550354,0.5494308471679688,0.6299435496330261,-0.1278776973485946,0.9999918937683104,0.5375619530677795,0.6219235062599182,0.1235540732741355,0.999647319316864,0.5592718124389648,0.5291207432746887,-0.157017707824707,0.995868444442749,0.5468558073043823,0.5208354592323303,0.1426121592521667,0.100148044526577,0.5700337290763855,0.4291213154792785,-0.129080668091774,0.9875840544700624,0.5595738887786865,0.4444033801555633,0.1094374805688858,0.0901972278952598,0.5712599158287048,0.39618581533432,-0.1502799093723297,0.9741047024726868,0.5697657465934753,0.4156019687652588,0.1158168241381645,0.1016367897391319,0.5729808211326599,0.3928898870944977,-0.1437961012125015,0.9715721011161804,0.5653483271598816,0.4101080000400543,0.0919983834028244,0.1035330221056938,0.5727730393409729,0.4023709297180176,-0.1251537352800369,0.9546363949775696,0.5642549991607666,0.420908123254776,0.0982491672039032,0.1069628968834877,0.5613018274307251,0.4358682930469513,-0.069824144244194,0.998277187347412,0.5476240515708923,0.4350683987140655,0.0697375982999801,0.9964586496353148,0.5677406191825867,0.2780153155326843,-0.0584368743002414,0.8721564412117004,0.5511375069618225,0.2789942920207977,0.0705942884087562,0.3270007669925689,0.5633097290992737,0.1126932501792907,-0.025840887799859,0.8757704496383667,0.5505503416061401,0.1255032420158386,0.1071042641997337,0.353298544883728,0.5560353398323059,0.092732049524784,-0.0243447013199329,0.9090006947517396,0.5442969799041748,0.1042858660221099,0.1086024865508079,0.4880273342132568,0.5850175023078918,0.0958378612995147,-0.0688569247722625,0.868289053440094,0.5723686218261719,0.1023837402462959,0.0658135265111923,0.4322085976600647,hoyeon_stand_normal_01,10.816654,10.77033,11.401754,13.038405,14.142136,15.297059,15.297059,14.56022,13.601471,12.649111,10.77033,9.848858,7.615773,7.071068,6.0,6.324555,7.81025,9.899495,12.041595,14.21267,17.029386,19.104973,20.518285,20.615528,21.095023,19.235384,9.486833,9.848858,9.848858,8.544004,7.28011,7.071068,7.0,7.071068,8.246211,8.246211,8.246211,9.219544,8.246211,8.246211,8.246211,8.246211,7.615773,8.062258,8.602325,9.219544,10.630146,11.313708,12.727922,13.453624,13.453624,12.727922,10.816654,9.219544,7.211103,7.071068,7.28011,8.602325,10.630146,12.206556,14.422205,16.124515,17.492856,19.235384,19.723083,20.59126,21.095023,20.248457,18.601075,16.401219,12.206556,8.062258,4.123106,5.09902,11.045361,16.124515,20.099751,24.020824,8.944272,10.816654,14.21267,15.556349,16.401219,16.643317,15.652476,13.928388,11.401754,8.062258,6.0,3.162278,1.0,3.162278,6.082763,8.062258,10.0,12.0,13.038405,14.035669,15.033296,16.03122,16.0,15.033296,14.142136,13.341664,15.620499,14.21267,12.806248,10.816654,8.944272,9.219544,9.0,10.0,11.045361,13.038405,15.0,16.03122,18.248288,18.681542,20.248457,19.697716,20.59126,17.492856,16.643317,13.892444,10.77033,8.0,8.602325,11.401754,14.422205,17.888544,8.602325,6.708204,4.123106,4.472136,6.403124,8.944272,11.18034,13.416408,14.764823,15.811388,15.620499,15.556349,14.866069,14.21267,12.806248,10.816654,10.0,9.433981,9.219544,9.899495,10.0,11.661904,12.206556,14.422205,15.811388,16.401219
hoyeon_stand_normal_01,2466,822,82.20449180327869,29.998360745314464,10,0.5707641243934631,0.6801769733428955,0.0008634070400148,0.9998572468757628,0.5674154162406921,0.6914968490600586,-0.0146295456215739,0.9998602271080016,0.5665405988693237,0.6919631958007812,-0.0146534796804189,0.9998670816421508,0.5656582117080688,0.692463755607605,-0.0146515676751732,0.99988853931427,0.5672422051429749,0.6918547749519348,0.0103066833689808,0.9997928738594056,0.5663534998893738,0.6924895644187927,0.0103295110166072,0.9997373819351196,0.5654433369636536,0.6931917667388916,0.0102951684966683,0.9997791647911072,0.557339608669281,0.6877912878990173,-0.0575018636882305,0.9998921751976012,0.5570695996284485,0.6895348429679871,0.0528395026922225,0.999633491039276,0.5658634901046753,0.6689605116844177,-0.0125309135764837,0.99984610080719,0.5661714673042297,0.6689791679382324,0.0194296594709157,0.9997827410697936,0.5495635867118835,0.6298866271972656,-0.1280731260776519,0.999991536140442,0.5375557541847229,0.6220364570617676,0.1228968426585197,0.9996424317359924,0.5594348907470703,0.5290682315826416,-0.1570627838373184,0.9957058429718018,0.5468582510948181,0.5210291743278503,0.142063483595848,0.0994529575109481,0.5700765252113342,0.4291269481182098,-0.1296567767858505,0.9870082139968872,0.5595741271972656,0.445131242275238,0.1092312037944793,0.0890020206570625,0.5713384747505188,0.3961890637874603,-0.1508955657482147,0.97309148311615,0.5697868466377258,0.4161248505115509,0.1156820729374885,0.1006000563502311,0.5730364322662354,0.3928839564323425,-0.144455686211586,0.970460057258606,0.5652537941932678,0.4101262986660003,0.0918555632233619,0.1024804413318634,0.5728060603141785,0.402363657951355,-0.1257658004760742,0.9530310034751892,0.5641466379165649,0.4211402237415313,0.0980354249477386,0.1059033051133155,0.5612947344779968,0.4359503388404846,-0.0698627531528472,0.9982446432113647,0.5476430654525757,0.4351913034915924,0.0697763264179229,0.9963921308517456,0.5677264928817749,0.2779964208602905,-0.0583022870123386,0.8701021075248718,0.5511762499809265,0.278989315032959,0.0705964490771293,0.3262194991111755,0.563325047492981,0.1127422526478767,-0.0256668664515018,0.8742558360099792,0.5505197048187256,0.1257041543722152,0.1073066517710685,0.3512873351573944,0.5559896230697632,0.0927150472998619,-0.0242103915661573,0.9082096219062804,0.544302225112915,0.1044420376420021,0.1088418737053871,0.4863102436065674,0.5850277543067932,0.0957940891385078,-0.0691306963562965,0.8666075468063354,0.5723472237586975,0.1024835929274559,0.0659179612994194,0.4296919107437134,hoyeon_stand_normal_01,12.0,11.18034,12.649111,13.0,14.317821,15.231546,14.866069,14.56022,13.341664,12.369317,11.18034,10.198039,8.246211,7.28011,6.403124,6.403124,7.615773,9.486833,12.369317,14.317821,16.278821,18.439089,19.924859,20.615528,20.59126,18.867962,10.77033,10.77033,9.848858,9.486833,8.062258,8.062258,7.81025,7.81025,8.602325,8.602325,9.433981,10.0,9.433981,9.219544,8.602325,8.602325,8.062258,8.062258,9.486833,10.198039,11.18034,12.165525,14.142136,14.317821,14.317821,13.152946,16.552945,17.0,18.027756,17.804494,17.029386,16.278821,14.142136,12.806248,10.816654,8.062258,5.385165,4.0,3.605551,6.0,9.219544,12.649111,17.088007,21.18962,24.351591,26.248809,28.160256,28.861739,27.658633,25.317978,22.203603,18.11077,9.219544,7.81025,6.403124,4.472136,2.236068,3.0,5.830952,7.81025,9.899495,11.401754,11.661904,12.529964,11.18034,11.18034,9.848858,8.944272,7.615773,5.830952,3.605551,2.236068,2.236068,4.0,7.071068,9.055385,12.369317,13.601471,13.0,14.035669,15.033296,15.033296,15.033296,15.0,14.0,13.038405,12.041595,11.045361,9.055385,8.0,7.071068,6.324555,7.071068,9.433981,11.18034,15.231546,17.088007,20.615528,21.931712,23.259407,23.259407,22.36068,20.59126,17.888544,12.0,13.0,15.033296,15.132746,15.297059,14.317821,13.601471,11.401754,9.219544,7.071068,6.0,5.385165,5.0,5.830952,6.708204,7.615773,8.944272,9.848858,10.29563,10.29563,11.661904,11.661904,11.661904,11.18034,11.7047,11.401754
hoyeon_stand_normal_01,2469,823,82.30449726775956,29.998360745314464,10,0.5708224177360535,0.6801698803901672,0.0011454422492533,0.9998528361320496,0.5674558281898499,0.6914900541305542,-0.0143648963421583,0.9998562335968018,0.5665813088417053,0.6919562816619873,-0.0143896369263529,0.9998630285263062,0.5656974911689758,0.6924564242362976,-0.0143883135169744,0.9998852014541626,0.5672761797904968,0.6918478012084961,0.0105848629027605,0.9997870326042176,0.5663835406303406,0.6924819946289062,0.0106073720380663,0.9997299909591676,0.5654686689376831,0.6931834816932678,0.0105711640790104,0.9997734427452089,0.5573912858963013,0.6877803802490234,-0.0574774146080017,0.9998885989189148,0.5570923089981079,0.6895252466201782,0.0528402253985405,0.9996244311332704,0.5659433603286743,0.6689714193344116,-0.0124078383669257,0.9998407363891602,0.5662418007850647,0.6690019965171814,0.0195711385458707,0.9997765421867372,0.5497719645500183,0.6298826932907104,-0.1281907856464386,0.999991238117218,0.5375365018844604,0.6221809387207031,0.1228226497769355,0.9996377825737,0.55946284532547,0.5290461778640747,-0.1573398113250732,0.9955462217330932,0.5468384623527527,0.5212115049362183,0.1419348567724228,0.0986707508563995,0.5701022744178772,0.4291520714759826,-0.1293797194957733,0.9864196181297302,0.5594877004623413,0.4458646178245544,0.1092377975583076,0.0876220539212226,0.5713967084884644,0.396207332611084,-0.1504510194063186,0.9720452427864076,0.5697669982910156,0.4164803624153137,0.1157168298959732,0.0993473902344703,0.5730894804000854,0.3928895890712738,-0.144010528922081,0.969302773475647,0.5651389360427856,0.4103795289993286,0.0918901339173317,0.1011995896697044,0.572840690612793,0.4023682773113251,-0.1255184710025787,0.9513726830482484,0.56404709815979,0.4216761589050293,0.0980417877435684,0.1046306788921356,0.561332106590271,0.4362087845802307,-0.0698635652661323,0.998222827911377,0.547653317451477,0.4354855418205261,0.069776639342308,0.9963454604148864,0.5677902102470398,0.2779971361160278,-0.0582056790590286,0.8677366971969604,0.551183819770813,0.2789876461029053,0.0705730244517326,0.3247680366039276,0.5634559988975525,0.1130347624421119,-0.0255946796387434,0.8721617460250854,0.550491988658905,0.1259367913007736,0.1073313280940055,0.3484677970409393,0.5560231804847717,0.0927367433905601,-0.0241541806608438,0.9073477387428284,0.5443080067634583,0.1046098098158836,0.1088787019252777,0.4839149713516235,0.585107147693634,0.0958401262760162,-0.0692961663007736,0.8643684983253479,0.5723291039466858,0.102760300040245,0.0659831538796424,0.4260206520557403,hoyeon_stand_normal_01,12.083046,11.401754,12.041595,14.0,15.0,16.0,16.03122,15.132746,14.317821,12.369317,11.401754,9.486833,8.246211,7.071068,6.082763,6.708204,7.071068,9.219544,11.661904,14.422205,16.643317,18.601075,20.615528,21.213203,20.615528,19.416488,11.0,11.0,10.049876,10.0,9.055385,8.062258,8.246211,8.544004,8.944272,9.433981,10.29563,10.29563,10.29563,8.944272,8.944272,8.944272,8.602325,9.219544,9.899495,11.401754,12.206556,13.038405,14.422205,15.0,15.0,13.601471,11.109204,9.396565,8.650798,7.6586395,7.906714,9.3011625,11.426688,13.1488525,15.405122,16.794382,18.763629,20.2412655,20.905390500000003,21.8871155,22.0905335,21.118204,19.343773,17.2600895,13.1488525,8.7745455,4.352285500000001,5.5413815,10.3335865,15.442011,19.71891,23.428261,8.650798,11.9351125,14.4390205,16.1400045,17.1023255,17.1170185,15.949660000000002,14.2821705,11.965859,9.2255915,6.2281165000000005,3.5811390000000003,1.618034,2.9953525,5.415476,7.413437999999999,9.396565,11.44252,12.8245555,13.7649295,14.866069,15.983441,15.231546,15.442011,14.578391,13.9070705,12.083046,12.649111,13.601471,14.56022,13.601471,13.928388,13.416408,11.661904,11.661904,9.433981,8.062258,6.708204,5.385165,5.0,5.830952,7.81025,10.630146,13.601471,15.811388,18.601075,20.615528,21.260292,21.260292,20.615528,18.439089,15.620499,13.0,14.317821,15.652476,16.124515,16.643317,15.811388,15.0,12.206556,10.816654,8.062258,6.324555,6.082763,5.09902,5.385165,5.830952,7.81025,7.81025,9.219544,9.433981,10.0,10.816654,10.816654,10.816654,10.630146,10.630146,10.816654
hoyeon_stand_normal_01,2472,824,82.40450273224043,29.998360745314464,10,0.5708536505699158,0.6801925301551819,0.0012350745964795,0.999847948551178,0.5674684643745422,0.6914935111999512,-0.0142408274114131,0.999851644039154,0.566594123840332,0.6919589638710022,-0.0142659973353147,0.9998583197593688,0.5657112002372742,0.692457377910614,-0.0142649682238698,0.999881386756897,0.5672886967658997,0.691853940486908,0.0107160713523626,0.9997804164886476,0.5663960576057434,0.6924899816513062,0.0107382638379931,0.9997214674949646,0.5654814839363098,0.6931915283203125,0.0107006933540105,0.9997667074203492,0.5574290752410889,0.6877775192260742,-0.0574136152863502,0.9998844861984252,0.5571144819259644,0.689529538154602,0.0528613440692424,0.9996129870414734,0.5659923553466797,0.6690297722816467,-0.0123814214020967,0.9998350739479064,0.5662873387336731,0.6690865755081177,0.019603306427598,0.9997695684432985,0.5499758124351501,0.6298879384994507,-0.1282562762498855,0.9999908208847046,0.5375350117683411,0.6223279237747192,0.1227196678519249,0.9996317028999328,0.5594236254692078,0.5290442705154419,-0.1575445979833603,0.9953965544700624,0.546840250492096,0.5215728282928467,0.1418841481208801,0.0979342460632324,0.5701058506965637,0.4291580021381378,-0.1296274363994598,0.985934317111969,0.5594303011894226,0.4467349648475647,0.1092437431216239,0.0865771174430847,0.5714157819747925,0.3962146937847137,-0.1507180780172348,0.971171498298645,0.5698736906051636,0.4172198176383972,0.1157377064228057,0.0984275192022323,0.5731037259101868,0.3928932249546051,-0.1442920863628387,0.9683305621147156,0.5651065111160278,0.4106880128383636,0.0918952971696853,0.1002473905682563,0.5728461146354675,0.4023712575435638,-0.1257792562246322,0.9499871730804444,0.5640010833740234,0.422242134809494,0.0980493128299713,0.1037166640162468,0.5613322854042053,0.4365474283695221,-0.0697311535477638,0.9981939792633056,0.5477253794670105,0.4359859228134155,0.0696437135338783,0.9962915182113647,0.56778883934021,0.27822145819664,-0.0580492354929447,0.8645168542861938,0.5512256622314453,0.2790776789188385,0.0703897327184677,0.3219463229179382,0.5634893178939819,0.11367067694664,-0.0253462567925453,0.869112491607666,0.5505416989326477,0.126138836145401,0.1072905510663986,0.3446098268032074,0.5561257004737854,0.0930616185069084,-0.0239098239690065,0.9062393307685852,0.5443703532218933,0.1048606261610984,0.1088396310806274,0.4810585677623749,0.5850972533226013,0.095925934612751,-0.0692501738667488,0.8612236976623535,0.5722743272781372,0.1029272302985191,0.0659091249108314,0.4212246537208557,hoyeon_stand_normal_01,20.396078,21.84033,19.313208,17.888544,14.764823,12.529964,9.848858,8.246211,7.071068,8.544004,9.848858,11.18034,12.083046,13.0,14.866069,15.811388,16.492423,16.278821,16.124515,15.132746,14.035669,12.165525,10.440307,9.433981,9.219544,11.661904,8.062258,10.29563,11.661904,13.601471,14.21267,14.142136,14.21267,13.601471,11.661904,11.661904,9.433981,8.602325,7.81025,7.81025,7.211103,8.944272,8.944272,10.29563,10.29563,11.18034,12.083046,11.7047,13.341664,14.142136,16.03122,18.11077,9.848858,9.219544,8.062258,6.708204,7.81025,9.486833,11.045361,13.0,15.033296,18.027756,19.026298,20.099751,21.023796,22.022716,22.022716,21.0,20.0,17.029386,14.035669,9.055385,5.0,5.09902,9.433981,15.0,19.416488,22.472205,9.0,12.041595,14.317821,16.763055,17.464249,17.0,16.643317,14.21267,12.727922,10.0,7.211103,4.123106,2.236068,2.236068,4.242641,6.403124,8.602325,10.816654,11.661904,13.038405,13.892444,14.422205,14.422205,14.422205,14.21267,12.806248,15.231546,13.928388,13.0,11.18034,10.0,9.219544,9.433981,11.18034,12.083046,13.416408,16.124515,16.643317,17.804494,19.104973,19.849433,20.0,19.723083,19.235384,17.0,13.892444,11.401754,8.062258,9.0,11.401754,15.231546,18.35756,8.602325,6.403124,3.605551,4.123106,5.830952,9.219544,12.041595,14.21267,15.0,16.124515,15.652476,16.155494,14.866069,14.317821,13.152946,12.165525,11.18034,10.198039,9.219544,9.848858,10.29563,11.661904,13.892444,14.764823,15.652476,17.0
hoyeon_stand_normal_01,2475,825,82.5045081967213,29.998360745314464,10,0.5709303617477417,0.6801894903182983,0.0009243215899914,0.9998425245285034,0.5675246119499207,0.6914852857589722,-0.0144866006448864,0.999846339225769,0.5666497945785522,0.6919501423835754,-0.0145120583474636,0.9998530745506288,0.565766453742981,0.6924476623535156,-0.0145116355270147,0.9998770952224731,0.5673509240150452,0.6918458342552185,0.0104481019079685,0.9997725486755372,0.5664597153663635,0.6924833059310913,0.010470082052052,0.999711573123932,0.5655457973480225,0.6931866407394409,0.0104312179610133,0.999758780002594,0.5575010180473328,0.6877702474594116,-0.0576473735272884,0.9998799562454224,0.5571941137313843,0.6895236968994141,0.0524685941636562,0.9995993971824646,0.5661174654960632,0.6690341234207153,-0.0127437859773635,0.9998292326927184,0.5664205551147461,0.6690965294837952,0.0192038156092166,0.999761998653412,0.5501492023468018,0.6298697590827942,-0.1285662204027176,0.999990463256836,0.5375533699989319,0.6224253177642822,0.1220268011093139,0.9996247887611388,0.5594165325164795,0.5289024114608765,-0.158196359872818,0.995281457901001,0.546837568283081,0.5216526389122009,0.1411260515451431,0.097412995994091,0.5701079964637756,0.4291367828845978,-0.1310431361198425,0.9855610132217408,0.5593759417533875,0.4471005499362945,0.1087701022624969,0.085633248090744,0.5714194178581238,0.3961920440196991,-0.1522751301527023,0.9705040454864502,0.5698800683021545,0.4174698293209076,0.1153410598635673,0.0975371897220611,0.573107898235321,0.3928582072257995,-0.1457586735486984,0.9675983786582948,0.5650585293769836,0.4108279347419739,0.0915382355451583,0.099325492978096,0.5728496313095093,0.4023375809192657,-0.1272532790899276,0.9489348530769348,0.5639521479606628,0.422491580247879,0.0975963175296783,0.1027934029698371,0.5613284707069397,0.4367221891880035,-0.0697310045361518,0.9981589913368224,0.5478789210319519,0.4362812340259552,0.0696441307663917,0.9962273240089417,0.5677394866943359,0.2786432206630707,-0.0580585040152072,0.8623557686805725,0.5514081716537476,0.2793437540531158,0.0703175738453865,0.3195777535438537,0.563484787940979,0.1138172373175621,-0.0252268500626087,0.8673517107963562,0.550658106803894,0.1262658387422561,0.1072993278503418,0.3419294655323028,0.5561067461967468,0.093575395643711,-0.023774866014719,0.9056028127670288,0.5444541573524475,0.1050353646278381,0.1088509261608123,0.4791820645332336,0.5850715041160583,0.0959396585822105,-0.0693481490015983,0.8594930171966553,0.5722764730453491,0.1030568182468414,0.0658707991242408,0.4182017743587494,hoyeon_stand_normal_01,22.090722,22.36068,20.615528,18.973666,16.155494,13.0,9.219544,8.0,8.246211,9.433981,10.816654,12.206556,14.422205,15.264338,17.0,17.464249,17.464249,18.027756,17.720045,17.464249,15.524175,13.601471,11.18034,10.630146,11.661904,14.317821,8.544004,10.77033,12.083046,13.416408,15.264338,15.0,14.866069,13.453624,12.041595,10.630146,9.219544,8.485281,7.211103,8.062258,7.615773,9.486833,9.486833,10.440307,11.401754,11.401754,12.369317,13.152946,14.035669,15.0,18.027756,20.024984,14.56022,15.231546,15.652476,16.124515,15.264338,14.422205,12.806248,11.401754,9.219544,7.071068,5.0,3.162278,2.236068,4.123106,7.071068,9.219544,13.341664,16.492423,19.416488,21.377558,22.36068,23.194827,22.090722,20.024984,18.0,14.035669,8.485281,7.81025,5.830952,4.123106,2.236068,2.0,3.605551,5.656854,7.81025,8.602325,8.944272,8.944272,8.944272,8.544004,7.615773,6.708204,5.385165,4.472136,2.828427,2.0,2.236068,4.123106,6.082763,9.0,10.049876,12.165525,11.7047,12.649111,13.601471,13.601471,13.601471,13.601471,13.0,11.18034,10.29563,9.433981,8.062258,6.324555,5.09902,5.09902,5.830952,7.071068,10.630146,13.601471,17.204651,18.601075,20.615528,22.022716,22.671568,21.260292,19.104973,16.278821,11.18034,12.529964,15.264338,15.811388,15.620499,14.866069,13.453624,11.313708,9.219544,7.81025,5.830952,4.123106,4.123106,4.472136,5.0,6.403124,7.81025,8.602325,8.602325,10.0,10.0,10.816654,10.0,10.630146,9.899495,10.0
hoyeon_stand_normal_01,2478,826,82.60451366120219,29.998360745314464,10,0.5710461735725403,0.680182933807373,0.0007069670828059,0.999839186668396,0.5676300525665283,0.6914695501327515,-0.0146996127441525,0.9998429417610168,0.566754162311554,0.6919369697570801,-0.0147254951298236,0.999849796295166,0.5658685564994812,0.6924371123313904,-0.0147255631163716,0.999874472618103,0.5674626231193542,0.6918287873268127,0.0102558610960841,0.9997674226760864,0.5665725469589233,0.6924705505371094,0.0102781616151332,0.9997050762176514,0.5656583309173584,0.6931784749031067,0.010238766670227,0.999753475189209,0.5576009750366211,0.6877638101577759,-0.0578839406371116,0.999877154827118,0.5573281049728394,0.6895264387130737,0.0523063503205776,0.999589502811432,0.5663225650787354,0.6690373420715332,-0.0129898274317383,0.999825954437256,0.5666304230690002,0.6691033244132996,0.018990034237504,0.9997575879096984,0.5502724051475525,0.6298858523368835,-0.1291549056768417,0.9999902844429016,0.5375573039054871,0.622552216053009,0.1220106929540634,0.9996200799942015,0.5594009757041931,0.5288873314857483,-0.1590376794338226,0.995222508907318,0.546790361404419,0.5216665267944336,0.1411446183919906,0.0969351157546043,0.5701125860214233,0.429142951965332,-0.1316220164299011,0.9853731989860536,0.5592641234397888,0.4470832347869873,0.1087804734706878,0.0848090872168541,0.5714437961578369,0.3961822092533111,-0.1529257893562317,0.9701646566390992,0.5696834325790405,0.4174586534500122,0.1153480261564254,0.0968168526887893,0.5731305480003357,0.3928487002849579,-0.1462973952293396,0.9672240614891052,0.5649988651275635,0.410843551158905,0.0915460065007209,0.0985823273658752,0.5728690028190613,0.4023286700248718,-0.1277863681316375,0.948360800743103,0.5639058947563171,0.4225552380084991,0.0976058542728424,0.1020074784755706,0.5613323450088501,0.4367287158966064,-0.0697367042303085,0.9981375336647034,0.5479446053504944,0.4363127946853637,0.0696495100855827,0.9961748719215392,0.5677382349967957,0.2786502540111542,-0.0580365099012851,0.8623592257499695,0.5515514016151428,0.2793482840061188,0.0703410804271698,0.3202859461307525,0.5634780526161194,0.1137803345918655,-0.0251999776810407,0.8678956627845764,0.5506494045257568,0.1262614578008651,0.1075945943593978,0.3426272571086883,0.5560893416404724,0.0935416892170906,-0.0237574912607669,0.9059982895851136,0.5444596409797668,0.1050343737006187,0.1091457158327102,0.4797118008136749,0.5850478410720825,0.0955425128340721,-0.0693911090493202,0.8599503636360168,0.572262704372406,0.1029151007533073,0.0659933611750602,0.4187486469745636,hoyeon_stand_normal_01,14.317821,13.601471,15.556349,17.804494,18.601075,20.615528,20.615528,19.79899,19.104973,17.029386,15.0,12.806248,11.401754,9.219544,8.062258,8.246211,9.055385,11.401754,14.317821,17.888544,21.023796,24.166092,25.632011,26.925824,27.45906,25.079872,13.453624,14.21267,12.806248,12.806248,11.313708,10.630146,10.816654,11.18034,11.7047,12.649111,12.649111,12.649111,12.369317,12.369317,11.401754,11.18034,11.045361,12.0,13.038405,14.142136,16.492423,17.464249,18.439089,19.235384,19.235384,17.262677,11.045361,9.486833,8.602325,7.81025,8.246211,10.0,12.165525,13.601471,15.811388,17.464249,19.313208,20.615528,21.540659,22.472205,22.135944,21.84033,19.646883,17.464249,13.341664,8.544004,5.0,6.324555,10.630146,15.556349,19.79899,22.671568,8.602325,11.18034,14.317821,15.811388,16.278821,17.029386,16.0,14.142136,12.369317,8.544004,5.830952,4.242641,2.0,3.162278,5.09902,6.324555,8.944272,10.29563,12.529964,13.038405,13.892444,14.764823,14.764823,14.317821,13.928388,13.341664,15.7715795,14.512595,12.407425,11.401754,9.693164,9.433981,9.8741765,10.5352265,12.4278335,13.9070705,15.243284,16.761754,18.3983245,19.0087815,20.2203465,19.961801,20.5195265,19.567116,17.060632,14.070529,11.247024,9.353188500000002,9.63471,12.1242855,15.537863000000002,17.7947135,8.2737695,6.3638395,4.297621,4.297621,6.2429435,9.081908,11.7424,14.070529,15.6838685,16.441588,16.759231,15.921304,15.3980215,13.779272,12.617996,11.9351125,10.975335,10.410103,9.472136,9.7169905,10.0990195,11.8855355,13.397644,14.386444999999998,16.0451045,16.831948
hoyeon_stand_normal_01,2481,827,82.70451912568306,29.998360745314464,10,0.57123202085495,0.6801441311836243,0.0002557404222898,0.9998350739479064,0.5678144693374634,0.6914252638816833,-0.0150492489337921,0.9998387098312378,0.5669370293617249,0.6918990015983582,-0.0150747345760464,0.999845802783966,0.5660498142242432,0.6924049258232117,-0.0150750521570444,0.9998711943626404,0.5676503777503967,0.6917775273323059,0.0098709519952535,0.9997612237930298,0.5667549967765808,0.6924247741699219,0.0098934741690754,0.9996975660324096,0.5658333897590637,0.6931401491165161,0.0098540494218468,0.9997472763061525,0.5577491521835327,0.6877581477165222,-0.0581043101847171,0.9998734593391418,0.5575066208839417,0.6895236372947693,0.0519126243889331,0.9995768070220948,0.5666036605834961,0.6690273880958557,-0.013443935662508,0.9998211860656738,0.5669057965278625,0.6690933704376221,0.0184881426393985,0.9997511506080629,0.5504093766212463,0.6298853158950806,-0.1296996176242828,0.9999900460243224,0.5376193523406982,0.6226121783256531,0.1217273101210594,0.9996117353439332,0.559424638748169,0.5288308262825012,-0.1599977761507034,0.9951594471931458,0.5467079877853394,0.5216310620307922,0.1408346444368362,0.096032366156578,0.5701157450675964,0.4291404783725738,-0.1328954845666885,0.9851717352867126,0.5589138269424438,0.4459715783596039,0.1085101440548896,0.0836573392152786,0.5714633464813232,0.3961620628833771,-0.1543486714363098,0.9698094129562378,0.5686529278755188,0.4171230792999267,0.115164965391159,0.0957896783947944,0.5731461644172668,0.3928394317626953,-0.1474290937185287,0.9668332934379578,0.564795732498169,0.4108341634273529,0.0913761109113693,0.0975245982408523,0.5728809237480164,0.402317613363266,-0.1289877444505691,0.9477669596672058,0.5625415444374084,0.422436773777008,0.0973543301224708,0.1009049788117408,0.5613296627998352,0.4367314279079437,-0.0697963610291481,0.9981122016906738,0.5480186343193054,0.4363234937191009,0.069709300994873,0.996114194393158,0.5677333474159241,0.2789601683616638,-0.0580439232289791,0.8626599311828613,0.5517395734786987,0.2797300219535827,0.0704246312379837,0.3194965422153473,0.563490092754364,0.1140208318829536,-0.0251257251948118,0.8684691786766052,0.5507879257202148,0.1264889985322952,0.1080229580402374,0.342295229434967,0.5561023354530334,0.094047300517559,-0.0236618481576442,0.9063239693641664,0.5445584058761597,0.1052357107400894,0.1095767840743064,0.4793504774570465,0.5850383639335632,0.0955336838960647,-0.0694479942321777,0.8604381084442139,0.5723031759262085,0.1029171571135521,0.0663303360342979,0.4185034930706024,hoyeon_stand_normal_01,11.313708,12.206556,12.529964,13.928388,15.231546,16.155494,16.155494,15.652476,14.764823,13.892444,12.206556,10.816654,9.433981,8.544004,7.28011,7.0,8.544004,10.29563,12.206556,14.21267,17.029386,18.601075,21.095023,21.470911,21.540659,19.924859,11.18034,10.29563,10.29563,9.433981,8.944272,8.544004,8.246211,9.055385,9.0,10.0,10.0,10.0,10.049876,9.0,9.055385,9.055385,9.219544,9.486833,9.848858,11.18034,11.661904,13.892444,15.264338,14.764823,14.764823,13.892444,13.341664,14.317821,15.132746,15.033296,15.033296,14.0,13.038405,11.045361,9.219544,7.28011,4.472136,3.605551,3.0,5.0,8.602325,11.18034,14.764823,17.888544,20.59126,22.825424,23.323808,23.853721,23.021729,21.400935,18.439089,14.866069,8.246211,7.071068,5.0,3.0,1.414214,2.236068,4.0,6.0,8.062258,9.219544,10.440307,10.440307,9.486833,9.486833,8.544004,7.615773,6.324555,5.09902,4.123106,2.0,1.0,2.828427,5.0,7.211103,8.944272,10.77033,15.0,14.0,12.0,11.045361,9.219544,8.944272,9.219544,9.899495,12.041595,13.453624,15.556349,16.401219,18.027756,18.35756,19.697716,20.248457,20.615528,18.439089,16.278821,14.317821,10.77033,8.485281,8.544004,11.045361,14.317821,17.720045,8.0,6.082763,4.472136,4.472136,6.0,8.246211,11.401754,13.152946,15.132746,16.0,16.0,16.03122,15.132746,14.317821,12.649111,11.401754,10.440307,10.440307,9.219544,10.049876,10.0,11.045361,13.152946,15.132746,16.124515,16.03122
hoyeon_stand_normal_01,2484,828,82.80452459016394,29.998360745314464,10,0.5713824033737183,0.6801356673240662,0.0001275006507057,0.9998315572738647,0.5679760575294495,0.6914089918136597,-0.0151698496192693,0.9998350143432616,0.567103385925293,0.6918864846229553,-0.0151951946318149,0.9998422861099244,0.5662201046943665,0.6923958659172058,-0.0151955308392643,0.9998683333396912,0.5678088068962097,0.691756546497345,0.0097568528726696,0.9997559785842896,0.5669098496437073,0.6924061179161072,0.0097792269662022,0.9996911883354188,0.5659816861152649,0.6931244730949402,0.0097393756732344,0.9997422099113464,0.5579006671905518,0.6877529621124268,-0.0582677759230136,0.9998700618743896,0.5576527714729309,0.6895202398300171,0.0517676845192909,0.9995667338371276,0.5668214559555054,0.6690289974212646,-0.0136068072170019,0.99981689453125,0.567108154296875,0.6690965294837952,0.0183383580297231,0.9997457265853882,0.5505024790763855,0.6298796534538269,-0.1298809796571731,0.9999897480010986,0.5377013087272644,0.6226522326469421,0.1215515211224556,0.9996063113212584,0.5594984889030457,0.5287747979164124,-0.160255566239357,0.9950705766677856,0.5466792583465576,0.5215457081794739,0.1406444013118744,0.095467485487461,0.5701272487640381,0.4291419684886932,-0.1332655251026153,0.984901487827301,0.558552622795105,0.4454027414321899,0.1084010973572731,0.0829095989465713,0.5714737176895142,0.3961508870124817,-0.1547673195600509,0.9693396091461182,0.5680645704269409,0.4168967306613922,0.11509969830513,0.0951609686017036,0.5731693506240845,0.3928319215774536,-0.1478291898965835,0.9663128852844238,0.5645787715911865,0.4108479917049408,0.0913102999329567,0.0968720763921737,0.5729045867919922,0.4023084044456482,-0.1293701082468032,0.94699627161026,0.5617493391036987,0.4224294126033783,0.0972566679120063,0.1002216041088104,0.5613495111465454,0.4367341697216034,-0.0698038563132286,0.9980804920196532,0.548055112361908,0.4363414347171783,0.0697169378399849,0.9960552453994752,0.567742645740509,0.2790348827838897,-0.0580006763339042,0.862230658531189,0.5517745614051819,0.2798204123973846,0.070448450744152,0.3186815679073334,0.5635439157485962,0.1143486127257347,-0.0248513761907815,0.8681967258453369,0.5508835911750793,0.1265975832939148,0.1082607433199882,0.3411928415298462,0.5562340021133423,0.0946786329150199,-0.0233622025698423,0.9062194228172302,0.5446625351905823,0.105498306453228,0.1098288372159004,0.4783739149570465,0.5850253701210022,0.0955332145094871,-0.0693503841757774,0.8600468635559082,0.5723397731781006,0.1029228493571281,0.0665188506245613,0.4173163175582886,hoyeon_stand_normal_01,13.038405,12.727922,13.601471,15.652476,17.0,17.888544,18.35756,18.027756,16.401219,15.620499,14.21267,12.041595,10.0,8.062258,7.28011,7.0,8.544004,11.18034,14.422205,17.204651,20.248457,23.323808,25.059928,26.0,25.96151,23.345235,11.401754,12.041595,12.041595,11.313708,10.630146,9.433981,9.848858,9.486833,10.198039,10.198039,10.198039,10.198039,10.198039,10.198039,10.049876,10.0,9.0,10.198039,11.401754,12.649111,13.928388,16.155494,17.088007,16.763055,16.763055,14.866069,14.317821,15.524175,15.811388,16.155494,15.652476,14.764823,13.892444,12.206556,10.0,8.485281,6.403124,4.123106,3.605551,5.385165,8.062258,11.045361,15.0,18.0,21.023796,24.020824,25.079872,25.179357,24.33105,22.561028,19.646883,15.811388,9.219544,7.81025,5.830952,4.123106,1.0,1.414214,4.472136,6.324555,8.246211,9.219544,10.198039,10.049876,10.049876,9.055385,8.062258,8.0,6.0,5.0,3.0,1.414214,1.414214,3.162278,6.082763,8.062258,10.0,12.041595,12.041595,14.142136,14.142136,14.317821,15.132746,14.142136,14.035669,12.0,11.0,10.049876,8.0,7.0,6.082763,5.0,5.830952,7.28011,10.198039,13.038405,16.03122,19.026298,21.095023,22.203603,22.203603,21.377558,19.235384,16.278821,13.0,15.0,16.124515,17.117243,16.278821,15.297059,13.341664,12.369317,10.198039,8.062258,6.082763,5.385165,5.0,5.830952,6.708204,6.708204,8.544004,9.848858,9.848858,11.18034,11.18034,11.18034,11.18034,11.7047,11.401754,11.045361
hoyeon_stand_normal_01,2487,829,82.90453005464481,29.998360745314464,10,0.5715625286102295,0.6801344752311707,-0.0006911667878739,0.9998301863670348,0.5681385397911072,0.6914018988609314,-0.0159218739718198,0.9998334050178528,0.5672616958618164,0.691881000995636,-0.0159461013972759,0.9998407959938048,0.5663728713989258,0.6923921704292297,-0.0159465763717889,0.9998671412467957,0.5679853558540344,0.6917490363121033,0.0090304426848888,0.9997538328170776,0.5670861005783081,0.6923990249633789,0.009053043089807,0.9996888041496276,0.5661531686782837,0.6931177377700806,0.0090148141607642,0.9997403025627136,0.558013379573822,0.6877527832984924,-0.0586969181895256,0.9998685717582704,0.5577933192253113,0.6895200610160828,0.0513986274600029,0.9995617866516112,0.5670367479324341,0.6690654754638672,-0.0143254287540912,0.9998152256011964,0.5673378109931946,0.6691256761550903,0.017648596316576,0.9997432231903076,0.5505520105361938,0.6298764944076538,-0.1306357681751251,0.999989688396454,0.5378568768501282,0.6226584911346436,0.12154521048069,0.999603271484375,0.5594947338104248,0.5286503434181213,-0.1612197309732437,0.995063066482544,0.5467004179954529,0.5212276577949524,0.1406591534614563,0.0950555577874183,0.5701274871826172,0.4291348159313202,-0.1351915448904037,0.9848724007606506,0.5585373044013977,0.4448254406452179,0.108225017786026,0.0826219394803047,0.5714741349220276,0.3961220979690552,-0.1569379270076751,0.969279944896698,0.5680868029594421,0.4166965186595917,0.1148508936166763,0.0949229225516319,0.5731748342514038,0.3928150832653045,-0.1501448154449463,0.96625417470932,0.5645777583122253,0.4107644259929657,0.0911193192005157,0.0966284871101379,0.5729084610939026,0.4022887945175171,-0.1313693821430206,0.9468900561332704,0.5616054534912109,0.4216104447841644,0.0970927402377128,0.0999506041407585,0.5613430142402649,0.4366946518421173,-0.0702884644269943,0.998077154159546,0.5480818152427673,0.436323344707489,0.0702050998806953,0.9960464239120485,0.5677282810211182,0.2793497741222381,-0.0583965554833412,0.8628277778625488,0.5520182847976685,0.2802225947380066,0.0709545984864234,0.3170036971569061,0.5635358095169067,0.114403985440731,-0.0250550471246242,0.8689152002334595,0.5510517358779907,0.1267234086990356,0.1090432330965995,0.3409260213375091,0.5561119914054871,0.0947402045130729,-0.0235486384481191,0.906365931034088,0.544664204120636,0.1055338680744171,0.1105956733226776,0.4783264398574829,0.5850223898887634,0.0955012887716293,-0.0699014887213707,0.8608018159866333,0.5725093483924866,0.1029237136244773,0.0672958567738533,0.4177360236644745,hoyeon_stand_normal_01,24.413111,24.839485,22.627417,20.615528,17.204651,13.601471,9.899495,8.062258,8.062258,9.055385,11.18034,12.369317,15.297059,16.278821,18.11077,19.026298,20.0,20.024984,20.099751,19.235384,16.278821,14.142136,12.0,9.486833,10.630146,13.453624,9.219544,10.440307,11.401754,12.649111,13.341664,14.317821,13.152946,13.152946,12.041595,11.18034,10.049876,10.198039,9.486833,8.544004,8.944272,8.944272,9.433981,10.29563,10.816654,10.630146,11.313708,12.041595,13.038405,15.652476,18.788294,21.470911,14.56022,15.297059,16.124515,16.03122,15.0,15.0,13.038405,11.045361,10.049876,7.28011,5.385165,2.828427,2.0,3.605551,7.615773,10.440307,14.56022,17.720045,20.880613,23.086793,24.351591,24.698178,24.166092,21.470911,19.235384,15.264338,8.0,7.071068,6.082763,3.605551,2.236068,2.828427,5.09902,7.071068,8.0,9.055385,10.198039,10.198039,10.198039,9.219544,8.246211,7.28011,6.082763,5.09902,4.0,2.236068,2.0,3.605551,5.656854,7.81025,9.433981,11.18034,14.866069,13.453624,12.041595,10.630146,8.944272,8.246211,9.055385,9.0,11.045361,12.041595,14.0,16.03122,17.262677,18.681542,18.384776,19.697716,19.723083,18.027756,15.811388,13.038405,9.848858,8.0,8.062258,10.630146,13.892444,17.0,8.485281,6.403124,4.472136,4.472136,6.403124,8.062258,11.18034,12.529964,15.264338,15.620499,16.278821,14.866069,14.21267,13.601471,13.038405,10.816654,10.29563,9.433981,9.219544,9.219544,9.219544,10.816654,12.206556,14.422205,15.811388,15.620499
hoyeon_stand_normal_01,2490,830,83.00453551912568,29.998360745314464,10,0.5717405676841736,0.6801334619522095,-0.0009733849437907,0.9998319149017334,0.5682963132858276,0.6913958787918091,-0.0162020083516836,0.9998348355293274,0.567414402961731,0.6918768882751465,-0.0162255279719829,0.9998422265052797,0.566519021987915,0.6923906207084656,-0.0162256304174661,0.9998682737350464,0.5681623816490173,0.6917425394058228,0.0087624257430434,0.9997564554214478,0.5672680139541626,0.6923927068710327,0.00878497492522,0.9996923208236694,0.5663356184959412,0.6931115388870239,0.0087475022301077,0.9997431635856628,0.5581220388412476,0.6877585649490356,-0.0587792843580246,0.9998696446418762,0.5579383373260498,0.6895217895507812,0.0513316802680492,0.9995660781860352,0.5672410130500793,0.6690928936004639,-0.0145150898024439,0.9998169541358948,0.5675689578056335,0.6691511273384094,0.017468748614192,0.999745547771454,0.5505654215812683,0.6298772692680359,-0.1308487951755523,0.9999897480010986,0.5379406213760376,0.6226626634597778,0.1217623949050903,0.9996054768562316,0.5594929456710815,0.5286058187484741,-0.1614024341106414,0.9950823187828064,0.5467413067817688,0.5209428071975708,0.1407029181718826,0.0950782597064971,0.5701297521591187,0.4290961921215057,-0.1353010386228561,0.984940230846405,0.5585706233978271,0.4439287781715393,0.1080845668911933,0.0827701389789581,0.5714740753173828,0.3960749208927154,-0.1571036875247955,0.9693934321403505,0.568111777305603,0.4163624942302704,0.1145983040332794,0.0951302647590637,0.5731796026229858,0.3927710950374603,-0.1503973752260208,0.9663764834403992,0.564613401889801,0.4102796614170074,0.0908910185098648,0.0968375876545906,0.5729113817214966,0.4022197127342224,-0.1314895153045654,0.9470505118370056,0.562146782875061,0.4208319783210754,0.0969480648636818,0.1001482233405113,0.5613335967063904,0.4364322423934936,-0.0707578286528587,0.9980907440185548,0.5479748845100403,0.4360343217849731,0.0706755369901657,0.9960698485374452,0.5677715539932251,0.2793356776237488,-0.058690570294857,0.8642674684524536,0.5520086884498596,0.2801775634288788,0.0714954659342765,0.3173128664493561,0.5635335445404053,0.1139949038624763,-0.02542938105762,0.8702989816665649,0.5509918928146362,0.1263613551855087,0.1094888821244239,0.3421806693077087,0.5561056137084961,0.0941041260957717,-0.0239499472081661,0.9068936109542848,0.5446139574050903,0.1051549166440963,0.1110199019312858,0.4794608652591705,0.5850263833999634,0.0951606631278991,-0.0704132243990898,0.8621190190315247,0.5725048184394836,0.1026224642992019,0.0679892376065254,0.4193460941314697,hoyeon_stand_normal_01,16.5101285,16.712235,16.5326955,16.0732195,15.1651775,14.74328,13.5415705,12.050227,11.415476,11.551144,11.3722305,11.9848,11.6259585,11.3007355,11.8413785,11.4935125,12.381437,13.174249,14.1924955,15.8880315,16.437796499999997,16.4375535,16.3783745,16.254662,17.0676285,17.6827015,9.4489775,9.8913325,10.307160499999998,10.978767,11.872475,11.693448,11.488443,11.323431500000002,10.7998965,10.2285695,9.5276925,9.109772,8.828855,8.640901,8.544004,9.196431,8.988992499999998,9.680329,10.846694500000002,11.336584,12.8351875,12.8351875,14.492417,15.403061,16.582137000000003,16.986833,13.892444,14.422205,15.0,15.620499,14.866069,14.142136,12.727922,10.630146,9.219544,7.211103,5.385165,3.0,2.828427,5.0,7.28011,10.440307,13.928388,17.088007,19.924859,21.84033,23.769729,23.537205,23.345235,21.213203,18.11077,15.0,6.708204,5.830952,5.0,2.828427,1.0,3.162278,4.472136,6.403124,8.485281,9.219544,10.0,10.0,10.0,9.433981,8.602325,7.211103,6.403124,5.656854,4.242641,3.162278,2.236068,3.162278,5.0,7.071068,8.544004,10.77033,12.041595,12.806248,12.806248,13.601471,13.601471,13.453624,12.727922,12.041595,10.630146,9.219544,8.602325,6.403124,5.656854,4.472136,5.0,7.28011,9.433981,12.206556,15.264338,18.027756,19.723083,20.59126,21.470911,20.59126,18.788294,15.652476,13.453624,14.142136,15.556349,16.278821,15.620499,15.811388,14.422205,12.206556,10.0,8.485281,6.403124,5.830952,5.09902,5.0,6.324555,7.28011,8.544004,9.486833,9.486833,10.440307,10.440307,11.401754,11.7047,10.77033,10.29563,10.0
hoyeon_stand_normal_01,2493,831,83.10454098360655,29.998360745314464,10,0.5718315243721008,0.6801270246505737,-0.0009854063391685,0.999836266040802,0.5683742165565491,0.6913915276527405,-0.0162130277603864,0.9998390674591064,0.5674889087677002,0.6918722987174988,-0.0162363536655902,0.9998462200164796,0.5665894746780396,0.6923865675926208,-0.0162363052368164,0.9998716115951538,0.5682503581047058,0.6917387247085571,0.0087583987042307,0.999762773513794,0.5673593878746033,0.692388117313385,0.0087809618562459,0.9997003078460692,0.5664294958114624,0.6931064128875732,0.0087436381727457,0.999749720096588,0.5581820011138916,0.6877626776695251,-0.0587766207754612,0.9998729825019836,0.5580212473869324,0.6895233392715454,0.0513720959424972,0.9995776414871216,0.567327082157135,0.6690919995307922,-0.0145188560709357,0.9998219013214112,0.5676708221435547,0.6691523790359497,0.0174695327877998,0.9997522830963136,0.5505675077438354,0.6298739910125732,-0.1308470070362091,0.9999899864196776,0.5379502177238464,0.6226620674133301,0.1220604628324508,0.9996128678321838,0.5594967007637024,0.528550922870636,-0.1613886356353759,0.995147466659546,0.5467836260795593,0.5207576751708984,0.1408082097768783,0.0961776450276374,0.5701542496681213,0.4289445877075195,-0.1352787017822265,0.98520028591156,0.5589208006858826,0.4437363147735595,0.1080799475312233,0.0836631134152412,0.571467399597168,0.3959407806396484,-0.1571671664714813,0.9698418974876404,0.569097638130188,0.416177898645401,0.1145684793591499,0.0959324687719345,0.5731832385063171,0.3926497101783752,-0.1505771577358245,0.9668633341789246,0.5650148391723633,0.4102148413658142,0.0908691212534904,0.0976246520876884,0.5729192495346069,0.4020414650440216,-0.1314785182476043,0.947740077972412,0.5631178617477417,0.4207015335559845,0.0969443023204803,0.1009631752967834,0.5613161325454712,0.4363261461257934,-0.0707639455795288,0.9981114864349364,0.5477255582809448,0.4358678460121155,0.0706818774342536,0.9961162805557252,0.5677692890167236,0.2793164253234863,-0.0587992817163467,0.8644834160804749,0.5518481731414795,0.280032217502594,0.0715015679597854,0.317215234041214,0.563531219959259,0.1138400435447692,-0.0254892148077487,0.8700123429298401,0.5508963465690613,0.1259464919567108,0.10947035998106,0.3415763676166534,0.5561579465866089,0.0938862264156341,-0.0240047685801982,0.9069359302520752,0.544614851474762,0.1048619002103805,0.1109994798898696,0.4794528484344482,0.5849501490592957,0.094955489039421,-0.0704164430499076,0.8617392182350159,0.5723754167556763,0.1022684723138809,0.0679634436964988,0.4183022081851959,hoyeon_stand_normal_01,9.219544,9.219544,11.045361,13.341664,15.524175,16.492423,17.464249,17.464249,17.262677,16.124515,15.132746,13.152946,12.165525,10.198039,8.544004,7.211103,6.708204,8.062258,11.18034,14.56022,18.681542,22.561028,25.495098,27.073973,27.0,25.179357,9.433981,10.816654,11.401754,11.401754,11.401754,10.816654,10.0,9.899495,9.219544,8.602325,8.062258,7.615773,7.071068,7.071068,7.071068,8.246211,8.544004,9.848858,11.661904,13.038405,14.422205,16.643317,16.643317,17.492856,16.124515,13.892444,14.422205,15.811388,15.620499,16.278821,15.556349,14.866069,13.453624,11.401754,10.0,7.211103,5.830952,3.162278,1.414214,3.162278,6.708204,10.29563,13.038405,16.124515,19.235384,21.470911,23.259407,22.847319,22.472205,20.248457,17.720045,13.341664,7.81025,7.071068,5.830952,4.123106,2.236068,2.0,4.123106,5.830952,7.071068,8.485281,9.219544,9.219544,8.602325,8.602325,7.81025,6.403124,5.656854,4.242641,3.605551,2.0,2.828427,4.123106,6.0,8.246211,9.486833,11.18034,10.630146,12.206556,12.206556,13.601471,12.806248,12.806248,12.041595,10.630146,9.899495,7.81025,7.071068,5.656854,4.472136,4.0,5.385165,7.81025,10.630146,12.727922,16.278821,18.384776,21.260292,21.931712,22.671568,21.260292,19.209373,17.029386,13.416408,14.317821,16.552945,17.088007,17.088007,15.524175,14.56022,12.369317,9.486833,7.615773,5.830952,4.242641,4.123106,4.0,5.09902,6.324555,7.28011,8.246211,9.219544,9.219544,10.198039,10.198039,10.198039,9.848858,9.848858,9.433981
hoyeon_stand_normal_01,2496,832,83.20454644808743,29.998360745314464,10,0.571993887424469,0.6801919341087341,-0.0008300526533275,0.9998411536216736,0.5684808492660522,0.6914948225021362,-0.0160482991486787,0.9998437166213988,0.5675947070121765,0.6919843554496765,-0.0160714946687221,0.9998507499694824,0.5666961073875427,0.6925033926963806,-0.0160709377378225,0.9998753666877748,0.5683489441871643,0.691825807094574,0.0090296547859907,0.9997699856758118,0.567453145980835,0.6924721598625183,0.0090519282966852,0.99970942735672,0.5665203928947449,0.6931827664375305,0.0090154325589537,0.9997571110725404,0.5582506656646729,0.6878250241279602,-0.0583789758384227,0.9998769164085388,0.558096170425415,0.6895626783370972,0.0524808131158351,0.9995903372764589,0.5674776434898376,0.6691325902938843,-0.0142996991053223,0.9998274445533752,0.567791759967804,0.6691946983337402,0.0178420208394527,0.9997592568397522,0.5505240559577942,0.6299375295639038,-0.1308634728193283,0.9999902844429016,0.5380252003669739,0.6225842237472534,0.1246888116002082,0.9996203184127808,0.5591486692428589,0.5285866856575012,-0.1618927270174026,0.9952556490898132,0.5470500588417053,0.5205764770507812,0.1437738686800003,0.0972861126065254,0.5701000690460205,0.4293223023414612,-0.1366697996854782,0.9856000542640686,0.5598390102386475,0.443586140871048,0.1090763509273529,0.085160382091999,0.5713946223258972,0.3962107300758362,-0.1589783132076263,0.9705432057380676,0.5690804719924927,0.4157117307186126,0.1152243316173553,0.0973666682839393,0.5731861591339111,0.3928327858448028,-0.1526316255331039,0.9676249623298644,0.5659516453742981,0.4101380109786987,0.0914471298456192,0.0990872010588646,0.5729230642318726,0.4022983908653259,-0.1328851282596588,0.9488146305084229,0.5643491148948669,0.4206317961215973,0.0978334695100784,0.1024653017520904,0.5611288547515869,0.4362241625785827,-0.0714361816644668,0.998133897781372,0.5475159883499146,0.43555349111557,0.0713549330830574,0.9961591958999634,0.5678179264068604,0.2790677547454834,-0.0594275221228599,0.8660757541656494,0.5518388748168945,0.279618889093399,0.0720406249165535,0.3178403377532959,0.5635254979133606,0.1136268600821495,-0.0265692565590143,0.8711074590682983,0.5508756637573242,0.1256464123725891,0.1096993461251258,0.3421012461185455,0.5559228658676147,0.0935622975230217,-0.0252196546643972,0.9071921110153198,0.54461270570755,0.1047192737460136,0.1111948266625404,0.479786217212677,0.5849405527114868,0.0947445929050445,-0.0729768127202987,0.8625711798667908,0.5723756551742554,0.1020321771502494,0.0680373236536979,0.4191448092460632,hoyeon_stand_normal_01,22.36068,23.086793,22.0,19.104973,17.262677,13.152946,10.049876,8.062258,6.708204,7.071068,8.062258,9.848858,11.7047,13.928388,16.155494,17.464249,19.235384,20.248457,20.808652,19.849433,17.691806,15.556349,12.041595,8.062258,8.0,9.848858,8.544004,8.544004,8.944272,9.433981,9.433981,10.0,10.630146,10.630146,9.899495,10.630146,9.899495,9.899495,9.899495,9.219544,10.0,10.0,9.433981,9.433981,8.944272,8.944272,9.219544,10.0,11.18034,13.601471,16.763055,19.646883,14.21267,14.9330345,15.6838685,16.461069000000002,15.495292,14.4887465,13.111328,11.260677,9.460407,6.994157,5.2420925,3.0811390000000003,2.699173,4.785578,8.154234500000001,11.086042,14.5393695,17.916125,20.4319925,22.4697265,24.227371,24.09142,23.695463,21.4242345,18.673077,15.132421,7.175589,6.324555,4.736068,2.828427,1.0,2.5,4.472136,6.708204,8.3322915,9.219544,10.2648205,10.2648205,9.899495,9.899495,8.485281,7.81025,6.737096,6.0299890000000005,4.0388435000000005,3.0811390000000003,2.236068,3.0,4.611063,6.994157,8.7732985,10.7234,15.811388,14.56022,13.601471,11.401754,10.049876,9.055385,9.219544,9.848858,12.083046,13.0,15.231546,15.811388,17.464249,18.11077,19.026298,20.024984,20.099751,19.235384,17.464249,14.142136,12.041595,9.219544,9.219544,11.18034,13.341664,17.262677,9.219544,7.071068,4.123106,4.242641,6.324555,10.049876,13.038405,15.132746,16.278821,16.492423,16.763055,17.464249,15.652476,13.892444,13.038405,12.206556,12.206556,10.816654,9.848858,9.848858,10.440307,11.18034,13.152946,14.142136,16.278821,16.492423
hoyeon_stand_normal_01,2499,833,83.3045519125683,29.998360745314464,10,0.5723553895950317,0.6801764965057373,-0.0014759921468794,0.9998446106910706,0.5689104795455933,0.6914932727813721,-0.016725031659007,0.9998466372489928,0.5680266618728638,0.6919891834259033,-0.0167475063353776,0.9998536705970764,0.5671281218528748,0.6925187110900879,-0.0167454853653907,0.9998778104782104,0.5687521696090698,0.6918217539787292,0.0084870867431163,0.9997748136520386,0.5678354501724243,0.692468523979187,0.0085093164816498,0.9997157454490662,0.5668663382530212,0.6931794285774231,0.0084734661504626,0.999762237071991,0.558540403842926,0.687882125377655,-0.0588573962450027,0.9998794794082642,0.5583376288414001,0.6895889043807983,0.052433218806982,0.9995985627174376,0.5678609609603882,0.6691333055496216,-0.0148584730923175,0.9998314380645752,0.5681055784225464,0.669188916683197,0.0174534060060977,0.9997644424438475,0.5505238175392151,0.6300541758537292,-0.1322215646505355,0.9999905824661256,0.5380500555038452,0.6225429773330688,0.1250584870576858,0.9996273517608644,0.5589029788970947,0.528584897518158,-0.1639428287744522,0.9953487515449524,0.54706871509552,0.5199950933456421,0.1440562605857849,0.0986232310533523,0.5700852870941162,0.4293028116226196,-0.1388065367937088,0.9859600067138672,0.5600053668022156,0.4424087405204773,0.1090700328350067,0.0870848149061203,0.5712935328483582,0.3961790204048157,-0.1615255326032638,0.9711911678314208,0.5689524412155151,0.414262443780899,0.1152055710554122,0.0992166921496391,0.5731809735298157,0.3928086161613464,-0.1550909429788589,0.968329131603241,0.5660491585731506,0.4088816046714782,0.0913572013378143,0.1009626165032386,0.5729291439056396,0.4022562503814697,-0.1349964439868927,0.9497880339622498,0.5646682381629944,0.4194456040859222,0.0978106185793876,0.1043839901685714,0.5608185529708862,0.4351229965686798,-0.0725117698311805,0.9981533288955688,0.5471696853637695,0.4341260492801666,0.0724328830838203,0.996180772781372,0.5678180456161499,0.2789640426635742,-0.0597555972635746,0.868735134601593,0.5516246557235718,0.2795535027980804,0.0743128433823585,0.3197304308414459,0.563404381275177,0.1129912436008453,-0.0267782118171453,0.8735222816467285,0.5505887269973755,0.1255824118852615,0.1122409254312515,0.3447159230709076,0.5554687976837158,0.0929534584283828,-0.0254824496805667,0.9081332087516784,0.5435761213302612,0.1045791283249855,0.1137218922376632,0.4826652705669403,0.5849786400794983,0.0943198204040527,-0.0733919441699981,0.8647101521492004,0.5723735690116882,0.1018948405981063,0.0713280886411666,0.422577440738678,hoyeon_stand_normal_01,23.021729,23.430749,22.627417,20.518285,17.204651,13.601471,10.0,7.071068,5.385165,5.09902,6.708204,8.602325,11.401754,13.453624,15.620499,17.204651,20.248457,21.470911,21.931712,20.248457,18.681542,16.492423,12.369317,7.615773,6.708204,10.0,9.899495,9.899495,9.219544,9.219544,9.433981,8.944272,9.848858,10.440307,10.198039,10.440307,10.198039,10.198039,10.198039,10.049876,10.049876,10.049876,10.049876,9.055385,9.0,8.062258,7.615773,7.81025,10.0,12.529964,15.652476,18.788294,14.866069,16.278821,16.401219,17.204651,15.811388,15.264338,13.892444,11.661904,9.848858,7.615773,5.385165,3.0,2.236068,3.605551,7.211103,10.630146,14.21267,16.401219,20.0,21.633308,23.021729,23.323808,22.825424,20.124612,17.888544,13.928388,8.246211,6.708204,5.830952,4.242641,2.0,2.236068,4.0,6.324555,7.615773,8.944272,9.433981,9.433981,9.433981,8.602325,8.602325,7.211103,6.403124,5.385165,4.123106,3.0,2.236068,3.0,5.385165,8.062258,9.433981,11.401754,15.811388,14.422205,12.206556,11.661904,8.544004,8.246211,8.0,9.219544,11.18034,12.369317,14.317821,15.132746,17.029386,18.027756,20.223748,20.396078,19.924859,18.973666,17.088007,13.928388,10.198039,8.062258,7.071068,9.486833,13.152946,17.117243,10.630146,7.81025,5.830952,4.123106,7.071068,10.0,12.206556,15.0,17.029386,17.691806,18.384776,18.439089,16.401219,15.264338,13.892444,13.416408,12.083046,11.661904,10.0,9.219544,10.630146,11.661904,13.038405,13.892444,15.264338,16.643317
hoyeon_stand_normal_01,2502,834,83.40455737704917,29.998360745314464,10,0.5729356408119202,0.6801558136940002,-0.0035533045884221,0.999849259853363,0.5695145130157471,0.691490650177002,-0.0187831781804561,0.9998509883880616,0.5685998797416687,0.6919889450073242,-0.0188038479536771,0.9998583197593688,0.5676653981208801,0.6925253868103027,-0.0188004430383443,0.9998815655708312,0.5693867802619934,0.6918102502822876,0.0067274840548634,0.9997806549072266,0.56846022605896,0.6924518942832947,0.0067515135742723,0.9997233748435974,0.5674554109573364,0.6931600570678711,0.0067196576856076,0.9997677803039552,0.5588302612304688,0.6879173517227173,-0.0607041046023368,0.9998837113380432,0.5587188005447388,0.6895909905433655,0.0518019050359725,0.9996076226234436,0.5684191584587097,0.6691336631774902,-0.016903456300497,0.9998371005058287,0.5686097741127014,0.6691732406616211,0.0157936830073595,0.9997702240943908,0.5505117774009705,0.6302469372749329,-0.1355934739112854,0.9999910593032836,0.5382283329963684,0.6224731206893921,0.12543985247612,0.9996289610862732,0.5581862926483154,0.5285874605178833,-0.1697180420160293,0.9955512285232544,0.5473117828369141,0.51961749792099,0.1457020938396453,0.0990652590990066,0.5697949528694153,0.4289712607860565,-0.1479786336421966,0.986653745174408,0.5623819231987,0.4419153034687042,0.1099792644381523,0.0886609554290771,0.5702857971191406,0.3959597945213318,-0.171736866235733,0.9724481105804444,0.5691410303115845,0.4136607944965362,0.1161404624581337,0.1006140932440757,0.5728769302368164,0.3926763236522674,-0.165245920419693,0.9697100520133972,0.5688987374305725,0.4088426232337951,0.0919733271002769,0.1024337783455848,0.5728381872177124,0.4020606577396393,-0.1441643089056015,0.9517886638641356,0.5660828948020935,0.4190886616706848,0.0985452905297279,0.1059349998831749,0.5599592924118042,0.4347399175167084,-0.073931835591793,0.9981825351715088,0.5471533536911011,0.4331591427326202,0.0738598778843879,0.9962078332901,0.5672674179077148,0.2789109647274017,-0.0610264688730239,0.8715963363647461,0.5516437888145447,0.2795530259609222,0.0756172835826873,0.3210971355438232,0.5627635717391968,0.1116249188780784,-0.0282903015613555,0.8765286803245544,0.5505804419517517,0.1252216547727584,0.1133758053183555,0.3487119376659393,0.5541125535964966,0.0917575135827064,-0.027157749980688,0.9092907309532166,0.5430673360824585,0.1040298789739608,0.1147794425487518,0.4860899448394775,0.5849781632423401,0.0909759849309921,-0.0769838765263557,0.8677244782447815,0.5727258324623108,0.1010251641273498,0.0718108266592025,0.4283226132392883,hoyeon_stand_normal_01,22.022716,23.345235,21.260292,20.0,16.643317,14.422205,10.816654,8.485281,6.708204,6.082763,7.071068,9.486833,11.18034,13.416408,15.231546,18.384776,19.924859,21.587033,21.213203,21.095023,20.0,17.0,13.0,8.246211,7.81025,9.848858,9.219544,9.219544,8.602325,9.433981,8.944272,8.944272,9.486833,9.486833,9.219544,10.198039,9.055385,9.055385,10.049876,10.0,10.0,10.0,10.0,9.0,9.055385,9.055385,8.544004,8.602325,9.899495,12.206556,15.264338,18.867962,15.0,17.029386,17.691806,16.970563,16.970563,16.278821,14.21267,12.806248,10.816654,8.062258,5.830952,3.162278,2.236068,4.0,6.708204,9.848858,13.892444,16.124515,19.235384,21.023796,22.36068,21.931712,21.540659,18.973666,16.763055,13.341664,8.602325,7.81025,6.403124,5.0,2.236068,1.414214,3.162278,5.0,6.403124,7.81025,8.602325,8.602325,8.602325,8.062258,8.062258,7.211103,5.830952,5.0,2.828427,2.236068,1.414214,3.0,5.385165,7.615773,9.848858,11.661904,11.661904,13.416408,13.928388,14.866069,13.928388,13.928388,13.416408,12.529964,10.816654,10.0,8.062258,6.708204,5.385165,5.09902,5.830952,7.071068,10.0,13.038405,15.811388,18.867962,20.808652,22.203603,23.600847,22.203603,19.209373,17.029386,14.142136,14.866069,17.029386,17.804494,18.027756,16.643317,15.264338,12.529964,9.433981,7.81025,5.830952,5.09902,5.09902,5.385165,7.211103,7.81025,8.602325,10.0,10.816654,11.661904,11.661904,11.661904,11.661904,11.401754,11.313708,10.630146
hoyeon_stand_normal_01,2505,835,83.50456284153006,29.998360745314464,10,0.5736595988273621,0.6799227595329285,-0.0034749086480587,0.9998540282249452,0.570303201675415,0.6914055943489075,-0.0187300667166709,0.9998552203178406,0.5693654417991638,0.6919309496879578,-0.0187508538365364,0.9998627305030824,0.5683967471122742,0.6924972534179688,-0.0187465939670801,0.9998850226402284,0.570161759853363,0.6916795969009399,0.0068037416785955,0.9997864365577698,0.5692132711410522,0.6923046112060547,0.006827650591731,0.9997308254241944,0.5681613087654114,0.6930105686187744,0.0067953593097627,0.9997732043266296,0.5593075156211853,0.6879377961158752,-0.0608048625290393,0.9998875856399536,0.5592442154884338,0.6895749568939209,0.0521229021251201,0.999617636203766,0.5691612362861633,0.6690282225608826,-0.0168822407722473,0.999842882156372,0.5692669749259949,0.6689639687538147,0.0158554296940565,0.9997765421867372,0.5503798127174377,0.6308358311653137,-0.1367924809455871,0.999991536140442,0.5383755564689636,0.6222931742668152,0.1276224255561828,0.9996365904808044,0.5567510724067688,0.5287176370620728,-0.1731886118650436,0.9957512617111206,0.5473393797874451,0.5191421508789062,0.1498030573129654,0.1014816910028457,0.5688040852546692,0.428969144821167,-0.155864730477333,0.9873670339584352,0.5643768906593323,0.4418610632419586,0.1135917156934738,0.0923976823687553,0.5689355731010437,0.3959369957447052,-0.1802669018507003,0.9737777709960938,0.5722213387489319,0.4136528372764587,0.1200698986649513,0.1039742231369018,0.5720555186271667,0.3926579058170318,-0.1739512383937835,0.9711732864379884,0.5713427066802979,0.4089994430541992,0.0955138429999351,0.1059131100773811,0.5722591876983643,0.4020855128765106,-0.1521558612585067,0.953909993171692,0.5692794322967529,0.4191276729106903,0.1019645929336547,0.1095312535762786,0.5575045943260193,0.4344262182712555,-0.0754004493355751,0.9982157945632936,0.5471076965332031,0.4321982264518738,0.0753319486975669,0.9962596893310548,0.5664433836936951,0.2786559462547302,-0.062998242676258,0.8739156126976013,0.5518134832382202,0.2793038189411163,0.0763976424932479,0.3206750750541687,0.5622321963310242,0.109731487929821,-0.0310195963829755,0.8788322806358337,0.5507195591926575,0.1241576597094535,0.1141425222158432,0.3507131934165954,0.5534338355064392,0.090584896504879,-0.0300198774784803,0.9104864001274108,0.54312664270401,0.1030867844820022,0.1155009269714355,0.4881695210933685,0.584855854511261,0.0878631919622421,-0.0808267444372177,0.8703016042709351,0.5745922923088074,0.098770260810852,0.0718893706798553,0.4323171377182007,hoyeon_stand_normal_01,9.486833,8.0,7.615773,10.0,11.313708,13.453624,14.866069,14.142136,14.866069,14.142136,13.453624,12.041595,11.313708,9.899495,9.219544,6.708204,6.082763,6.708204,9.219544,12.806248,16.401219,20.615528,24.041631,26.248809,26.627054,25.059928,8.062258,8.944272,10.29563,11.18034,11.18034,11.18034,10.77033,9.848858,8.544004,8.246211,7.071068,7.0,6.0,6.082763,5.830952,6.403124,7.071068,8.062258,9.433981,11.18034,13.416408,14.764823,16.124515,15.811388,15.264338,13.892444,14.866069,15.620499,16.401219,16.643317,16.643317,14.764823,13.416408,12.083046,9.848858,8.246211,6.082763,4.0,2.236068,4.123106,7.211103,10.630146,14.142136,17.691806,19.849433,21.260292,22.671568,23.430749,22.203603,20.248457,18.027756,13.892444,8.602325,7.81025,5.656854,3.605551,2.0,1.0,3.605551,5.656854,6.403124,8.602325,9.433981,9.433981,9.433981,8.944272,8.062258,8.062258,6.708204,5.830952,3.605551,2.236068,2.236068,4.472136,7.211103,9.219544,12.041595,13.111062,16.0778675,15.083021,13.038405,12.10356,9.271109,8.988992499999998,9.3267625,10.315073,12.041595,13.833147,14.9330345,15.6838685,18.081027,18.4929255,20.509941,20.819662,20.2361025,19.104525,17.418644,14.5041025,11.291047,8.543803,8.3951075,10.6217,13.635026,16.658,9.081908,6.203659,4.123106,4.3573885,7.140055,11.045361,14.0889025,16.1550205,17.732124499999998,18.85392,19.274296,18.6136915,16.522683999999998,15.537863000000002,14.1752965,12.903124,11.7424,10.793492,10.0234485,9.7683545,10.5990195,11.605443,13.5902705,15.1485295,16.1550205,16.5742315
hoyeon_stand_normal_01,2508,836,83.60456830601093,29.998360745314464,10,0.574219286441803,0.6798409819602966,-0.0034303360152989,0.9998550415039062,0.570917010307312,0.691400408744812,-0.0187163520604372,0.99985533952713,0.5699765682220459,0.6919287443161011,-0.0187371931970119,0.9998635649681092,0.5690027475357056,0.6924988031387329,-0.0187324006110429,0.9998853802680968,0.5707554221153259,0.6916565299034119,0.0070461416617035,0.9997860789299012,0.5698026418685913,0.692270040512085,0.0070700743235647,0.9997308254241944,0.5687410831451416,0.692966103553772,0.0070354910567402,0.9997721910476683,0.5597589015960693,0.6879619359970093,-0.0607574135065078,0.9998883605003356,0.5597320795059204,0.6895627379417419,0.052982609719038,0.9996151328086852,0.5696979761123657,0.668999433517456,-0.0168394446372985,0.999844491481781,0.5697322487831116,0.6688652634620667,0.0161214061081409,0.9997761249542236,0.5503395795822144,0.6312911510467529,-0.1373528391122818,0.9999919533729552,0.53868168592453,0.6222147941589355,0.1297760903835296,0.999636709690094,0.5557664632797241,0.5288940072059631,-0.1753389537334442,0.995905101299286,0.5477181077003479,0.5189557075500488,0.152928426861763,0.1026837453246116,0.5675432085990906,0.4289842545986175,-0.1610563844442367,0.9879799485206604,0.5657446980476379,0.4416401982307434,0.1169076487421989,0.0952247828245163,0.5670115947723389,0.3959815502166748,-0.1855061203241348,0.9749377369880676,0.5735804438591003,0.4135558009147644,0.1237482354044914,0.1064823567867279,0.570869505405426,0.3926714658737182,-0.1793389469385147,0.9724535942077636,0.572503387928009,0.4091061353683471,0.0991212874650955,0.1085367351770401,0.5714096426963806,0.4022141993045807,-0.1574628949165344,0.9557355046272278,0.5708762407302856,0.4191372096538543,0.1052089408040046,0.1123116165399551,0.5555089712142944,0.4338462650775909,-0.0768287554383277,0.998219907283783,0.5471360087394714,0.4310762584209442,0.0767605602741241,0.9962412714958192,0.5653266906738281,0.2778584957122803,-0.0639171749353408,0.8762772083282471,0.5520346760749817,0.2757668197154999,0.0774014294147491,0.3197192251682281,0.5615169405937195,0.1088874563574791,-0.0325338058173656,0.8813468217849731,0.5515130162239075,0.124094970524311,0.1154055520892143,0.3524864315986633,0.5517279505729675,0.0896230340003967,-0.0317216925323009,0.9113174676895142,0.5431921482086182,0.1025725528597831,0.1167303770780563,0.4896670579910278,0.5848023891448975,0.0864301100373268,-0.0842985957860946,0.8730194568634033,0.5761651396751404,0.0984978228807449,0.0724683925509452,0.4369942843914032,hoyeon_stand_normal_01,8.246211,7.071068,8.062258,9.899495,11.313708,12.806248,13.453624,13.453624,13.453624,12.727922,12.041595,11.313708,9.899495,8.602325,7.211103,5.385165,5.0,5.830952,8.602325,12.529964,16.124515,19.723083,23.021729,24.839485,24.758837,22.803509,9.486833,10.440307,11.401754,12.649111,12.649111,11.7047,11.7047,10.440307,9.219544,8.246211,8.062258,7.0,6.082763,6.324555,5.830952,7.071068,7.81025,8.602325,10.29563,12.083046,13.416408,14.317821,15.652476,15.264338,15.264338,12.529964,11.045361,9.055385,6.708204,5.830952,6.0,8.544004,10.816654,13.601471,15.620499,18.439089,19.849433,20.615528,21.400935,22.203603,22.203603,20.808652,19.416488,16.643317,13.038405,7.211103,4.123106,5.830952,11.401754,16.492423,20.615528,22.803509,8.944272,11.7047,14.56022,16.278821,17.029386,17.0,16.03122,14.317821,11.401754,9.486833,6.708204,3.605551,1.0,2.0,4.472136,6.708204,8.944272,10.29563,12.529964,13.892444,14.764823,15.652476,16.552945,16.155494,15.811388,14.56022,12.041595,12.369317,13.341664,13.601471,13.601471,13.341664,13.341664,11.18034,11.045361,9.055385,8.062258,6.082763,5.385165,5.656854,5.830952,8.246211,10.049876,13.0,16.0,19.0,21.023796,22.022716,22.090722,21.095023,20.099751,17.117243,13.341664,15.524175,15.811388,17.088007,16.155494,16.155494,14.317821,12.083046,9.848858,7.28011,5.0,4.123106,4.242641,5.385165,6.324555,7.28011,9.486833,9.486833,10.77033,10.77033,10.77033,11.18034,11.18034,10.440307,10.440307,10.049876
hoyeon_stand_normal_01,2511,837,83.7045737704918,29.998360745314464,10,0.5745037198066711,0.679733157157898,-0.0033469249028712,0.9998547434806824,0.5712903738021851,0.6913840770721436,-0.018636230379343,0.9998536109924316,0.5703524947166443,0.6919246912002563,-0.0186572857201099,0.9998629689216614,0.5693787336349487,0.6924984455108643,-0.0186524502933025,0.9998844265937804,0.5711251497268677,0.6916084289550781,0.0070684463717043,0.9997828006744384,0.5701747536659241,0.6922129392623901,0.0070922886952757,0.9997275471687316,0.5691165924072266,0.6929013729095459,0.0070584099739789,0.999768078327179,0.5600661635398865,0.6879964470863342,-0.0607953332364559,0.9998879432678224,0.560122549533844,0.6895601153373718,0.0532039739191532,0.9996058344841005,0.5699310898780823,0.6689536571502686,-0.0167680289596319,0.9998445510864258,0.5699486136436462,0.6687355041503906,0.0161654558032751,0.9997727274894714,0.5502529740333557,0.6316313147544861,-0.1385161429643631,0.9999923706054688,0.5390293002128601,0.622165322303772,0.1309194564819336,0.999633491039276,0.5549822449684143,0.528964638710022,-0.1763671785593032,0.996066391468048,0.5478338003158569,0.5185410380363464,0.1547386199235916,0.1038926243782043,0.5666404366493225,0.4290867745876312,-0.1616911143064499,0.9885836243629456,0.5664923787117004,0.4414929747581482,0.1190906912088394,0.0977085307240486,0.5657077431678772,0.396131694316864,-0.1857776641845703,0.9760920405387878,0.5741742253303528,0.4135410487651825,0.1261143833398819,0.1085639297962188,0.5700405240058899,0.3927597105503082,-0.1799410432577133,0.973732590675354,0.5730946063995361,0.4093954265117645,0.1017881855368614,0.1107657551765441,0.5707680583000183,0.4025068283081054,-0.1581437587738037,0.9575849175453186,0.5715939402580261,0.4191967844963074,0.1074748411774635,0.1146586313843727,0.5542541146278381,0.432960957288742,-0.0785088911652565,0.9982163310050964,0.5473048686981201,0.430044949054718,0.0784440115094184,0.9961986541748048,0.5631839036941528,0.2773387730121612,-0.0647512823343277,0.8797236084938049,0.5521816611289978,0.2745364904403686,0.0781366899609565,0.3198065161705017,0.5603496432304382,0.108688123524189,-0.0338160954415798,0.8846606016159058,0.552595853805542,0.1241024881601333,0.11671132594347,0.3556694090366363,0.5502084493637085,0.0893854945898056,-0.033180758357048,0.911811113357544,0.5435085892677307,0.1023121029138565,0.1180357262492179,0.4909381568431854,0.5848086476325989,0.0858395025134086,-0.0879980400204658,0.8764272332191467,0.5777767896652222,0.0982163026928901,0.0731278732419014,0.4436658024787903,hoyeon_stand_normal_01,9.433981,9.486833,9.0,10.440307,12.083046,14.317821,15.231546,15.231546,15.231546,13.928388,13.928388,12.649111,11.7047,9.848858,7.615773,5.830952,4.472136,5.09902,8.062258,12.206556,15.811388,19.416488,22.825424,24.166092,25.298221,23.537205,9.219544,10.0,11.401754,12.041595,12.041595,12.041595,11.313708,10.0,8.602325,8.062258,7.615773,7.28011,7.071068,7.071068,7.28011,7.615773,8.062258,10.0,11.401754,12.806248,14.866069,15.620499,17.029386,16.401219,15.620499,13.601471,14.317821,15.132746,16.03122,16.03122,16.0,15.0,13.038405,12.041595,9.219544,7.28011,5.385165,2.828427,3.162278,4.242641,8.062258,10.77033,14.866069,18.384776,20.615528,21.931712,23.259407,23.706539,22.825424,21.095023,18.027756,15.0,8.246211,7.071068,5.0,3.162278,1.414214,1.414214,4.0,6.0,7.071068,8.062258,9.219544,10.440307,9.486833,9.486833,8.544004,7.615773,7.28011,5.09902,4.123106,3.0,1.414214,1.414214,3.605551,5.830952,8.544004,10.440307,12.083046,13.0,13.0,13.601471,13.928388,13.928388,13.416408,11.661904,11.18034,9.433981,8.062258,6.708204,5.09902,5.09902,5.830952,8.485281,10.630146,13.601471,17.204651,20.0,22.022716,22.671568,23.345235,21.931712,20.518285,17.691806,13.453624,15.620499,16.401219,16.643317,16.643317,16.124515,14.764823,11.661904,9.433981,7.211103,5.0,4.123106,4.123106,5.385165,6.403124,7.81025,9.219544,10.0,10.816654,10.816654,11.661904,11.18034,11.661904,10.816654,10.630146,10.630146
hoyeon_stand_normal_01,2514,838,83.80457923497268,29.998360745314464,10,0.5745349526405334,0.6795508861541748,-0.0034588978160172,0.9998544454574584,0.5713645219802856,0.6913120746612549,-0.0188496187329292,0.9998522400856018,0.5704260468482971,0.6918841600418091,-0.0188710298389196,0.9998626708984376,0.5694519877433777,0.6924798488616943,-0.0188651960343122,0.999883770942688,0.5712000131607056,0.6914717555046082,0.0070091909728944,0.9997799396514891,0.5702493190765381,0.6920651197433472,0.0070330873131752,0.9997247457504272,0.5691959857940674,0.6927477717399597,0.0069977459497749,0.9997644424438475,0.56013023853302,0.6880095601081848,-0.0613962225615978,0.9998881220817566,0.5602139830589294,0.6895470023155212,0.0531940385699272,0.999598264694214,0.5699387192726135,0.6688941121101379,-0.0169870555400848,0.999845325946808,0.5699633955955505,0.6685953736305237,0.0161453653126955,0.9997705817222596,0.5500921010971069,0.6319389939308167,-0.1399353891611099,0.9999927282333374,0.5390928387641907,0.6221379637718201,0.1312096714973449,0.9996312260627748,0.5543762445449829,0.5290235877037048,-0.1775956749916076,0.9962257146835328,0.5478335618972778,0.5179779529571533,0.1557952463626861,0.1048437803983688,0.5658482909202576,0.4291171133518219,-0.1623572409152984,0.9891492128372192,0.5666274428367615,0.4414034485816955,0.1198367029428482,0.1000476330518722,0.5650492906570435,0.3962003588676452,-0.1865055412054062,0.9771741628646852,0.5743434429168701,0.4135359823703766,0.126892864704132,0.1105822250247001,0.5694976449012756,0.3928044438362121,-0.1806073635816574,0.974931538105011,0.5732153654098511,0.4096817672252655,0.102477803826332,0.1129237338900566,0.5702674388885498,0.4026986062526703,-0.1587307602167129,0.959318220615387,0.5717757344245911,0.419287621974945,0.108197808265686,0.11691764742136,0.5535587668418884,0.431996613740921,-0.0793244987726211,0.9982231259346008,0.5474401712417603,0.4290052652359009,0.0792620554566383,0.9961753487586976,0.5622956156730652,0.2766051888465881,-0.0654506310820579,0.8832528591156006,0.5524638891220093,0.2734602391719818,0.0788609981536865,0.319537341594696,0.5595325827598572,0.1078028306365013,-0.0345076508820056,0.8881022334098816,0.5533775091171265,0.124044731259346,0.1180206686258316,0.3584536910057068,0.5491697192192078,0.0885019749402999,-0.0339041426777839,0.912467896938324,0.5437228083610535,0.1020194366574287,0.1193743124604225,0.4921167194843292,0.5848132371902466,0.0847374275326728,-0.089277908205986,0.8798462748527527,0.5786686539649963,0.0977571010589599,0.0740280821919441,0.4498035907745361,hoyeon_stand_normal_01,23.68131,23.1095665,22.293516500000003,19.6675675,16.6469485,13.0918655,10.050373,7.1622775,5.283598,5.377937,6.889636,9.353188500000002,11.291047,13.247305,15.2149025,17.3747155,18.999982000000003,20.7828215,20.8473295,19.8324725,17.546749,14.610985,10.7998965,6.849268,6.5769155,9.994937,10.049876,9.5526305,8.7328775,8.551303,8.503264999999999,9.018153,10.310649000000002,11.01595,11.3358705,11.3358705,11.3358705,11.3358705,11.3358705,10.971927,10.6066015,10.266626,9.5595195,9.6162355,8.640901,7.6552645,7.807536,8.167747499999999,10.737984999999998,12.9040135,16.4496975,19.8324725,13.601471,15.0,15.620499,15.556349,15.556349,14.866069,12.806248,11.401754,9.433981,6.708204,4.472136,3.0,2.236068,4.123106,7.615773,10.816654,14.422205,17.492856,20.59126,22.825424,23.706539,24.166092,22.847319,21.540659,18.973666,14.56022,7.81025,6.403124,5.0,3.162278,2.236068,3.162278,5.0,6.403124,7.81025,8.602325,9.433981,9.433981,9.433981,9.433981,8.944272,8.062258,7.211103,5.830952,4.242641,2.828427,2.0,2.236068,4.0,6.082763,8.544004,10.29563,16.03122,14.0,12.0,11.045361,9.219544,7.615773,7.81025,9.219544,10.630146,12.806248,14.142136,14.866069,16.401219,18.027756,19.235384,19.697716,18.973666,18.681542,16.492423,13.341664,9.848858,7.071068,7.0,9.848858,13.892444,16.643317,9.848858,7.615773,5.0,4.242641,7.28011,10.198039,14.035669,16.124515,17.262677,18.439089,18.681542,18.384776,16.155494,15.652476,13.892444,13.038405,12.206556,10.29563,8.944272,9.219544,10.049876,11.0,12.041595,14.142136,15.132746,16.03122
hoyeon_stand_normal_01,2517,839,83.90458469945355,29.998360745314464,10,0.5744643807411194,0.6794958114624023,-0.0034164262469857,0.9998562335968018,0.5713184475898743,0.6912963390350342,-0.0188182238489389,0.9998531341552734,0.5703925490379333,0.691878616809845,-0.0188397150486707,0.9998641610145568,0.569429337978363,0.6924785375595093,-0.0188336130231618,0.9998847842216492,0.5711269974708557,0.6914348006248474,0.0070389658212661,0.999780535697937,0.5701732039451599,0.6920259594917297,0.0070628030225634,0.9997261166572572,0.5691236853599548,0.6927061080932617,0.00702731218189,0.9997648000717164,0.560126006603241,0.6880419254302979,-0.0613791607320308,0.9998894333839417,0.5601845383644104,0.6895447969436646,0.0534203238785266,0.999597668647766,0.5698846578598022,0.6688933968544006,-0.0169532690197229,0.9998481273651124,0.5698959231376648,0.6685914397239685,0.0161545164883136,0.9997720718383788,0.5498029589653015,0.6322147846221924,-0.1395983248949051,0.999993085861206,0.5391172170639038,0.6220335960388184,0.1315554827451706,0.999633014202118,0.5535916090011597,0.5290418863296509,-0.1775212734937667,0.996367871761322,0.5478683710098267,0.5175235867500305,0.1570468693971634,0.1064897403120994,0.5650342702865601,0.4291324615478515,-0.1646919846534729,0.989693522453308,0.5669995546340942,0.4417153298854828,0.1201784759759903,0.104324460029602,0.5645980834960938,0.3962220549583435,-0.1890408992767334,0.97822505235672,0.574823260307312,0.4135847687721252,0.1268980354070663,0.1145290434360504,0.5690396428108215,0.3928351402282715,-0.1834409385919571,0.9760958552360536,0.5736696124076843,0.4102515578269958,0.1022749170660972,0.1170825362205505,0.5697121024131775,0.402849793434143,-0.1612203866243362,0.9610163569450378,0.5721345543861389,0.4196282029151916,0.1084153726696968,0.1211925521492958,0.5531757473945618,0.4316720366477966,-0.0795724168419838,0.9982521533966064,0.5477405190467834,0.4285788834095001,0.0795115604996681,0.9962106347084044,0.5615647435188293,0.2765454649925232,-0.0659205093979835,0.887052595615387,0.5536685585975647,0.2736570835113525,0.0791369602084159,0.3205982446670532,0.5591676831245422,0.1066451147198677,-0.0353265888988971,0.8922784924507141,0.5535410642623901,0.123888611793518,0.1184703111648559,0.3637018799781799,0.5487262010574341,0.0875108391046524,-0.0348055213689804,0.913788378238678,0.5437644124031067,0.1017685383558273,0.1198304593563079,0.4949140548706054,0.584800124168396,0.083790048956871,-0.0911991968750953,0.8840810060501099,0.5789356827735901,0.0972598642110824,0.074282519519329,0.4587337076663971,hoyeon_stand_normal_01,8.544004,9.0,9.486833,12.206556,14.422205,15.811388,16.401219,17.204651,16.643317,15.811388,14.764823,13.038405,11.661904,10.0,7.81025,5.830952,5.0,6.708204,10.0,14.422205,18.601075,22.803509,25.495098,26.907248,27.202941,24.698178,9.899495,11.313708,12.727922,13.453624,13.453624,12.806248,12.041595,11.313708,9.219544,8.602325,7.615773,7.28011,7.0,7.071068,7.615773,8.944272,10.0,11.401754,12.806248,14.866069,15.556349,17.691806,17.691806,17.029386,16.278821,14.142136,11.0,9.219544,7.211103,6.403124,7.071068,8.246211,12.083046,13.892444,16.643317,18.601075,20.0,21.400935,22.203603,23.021729,23.853721,21.954498,20.59126,17.0,13.416408,8.602325,4.472136,5.0,10.440307,15.297059,18.681542,22.135944,8.544004,11.401754,14.142136,16.03122,17.0,16.124515,16.278821,14.56022,12.083046,9.848858,7.211103,4.242641,2.0,2.0,4.123106,6.324555,7.615773,9.848858,11.661904,13.416408,14.764823,15.652476,16.155494,16.155494,15.811388,14.317821,10.816654,12.206556,13.038405,13.601471,13.038405,13.038405,12.529964,11.18034,10.29563,8.944272,6.708204,5.830952,4.242641,4.472136,6.0,7.071068,10.440307,13.928388,16.763055,18.973666,20.880613,22.803509,22.803509,21.587033,19.416488,17.464249,13.038405,15.033296,17.0,17.029386,17.117243,16.124515,14.142136,12.165525,9.055385,7.071068,5.09902,3.605551,3.605551,5.09902,6.0,7.0,8.0,9.0,10.0,10.049876,11.18034,11.18034,10.049876,10.0,10.049876,10.440307
hoyeon_stand_normal_01,2520,840,84.00459016393442,29.998360745314464,10,0.5739957094192505,0.6794481873512268,-0.0033835212234407,0.9998591542243958,0.5708163976669312,0.6912715435028076,-0.0187922026962041,0.9998555779457092,0.5699107050895691,0.6918593049049377,-0.0188137535005807,0.9998669028282166,0.5689641833305359,0.6924625039100647,-0.0188076570630073,0.9998868703842164,0.5706424117088318,0.6914078593254089,0.0070639848709106,0.9997832775115968,0.5697267055511475,0.6920006275177002,0.0070877973921597,0.9997301697731018,0.5687345862388611,0.6926771998405457,0.0070521687157452,0.9997676610946656,0.5599218010902405,0.6880444288253784,-0.0613531284034252,0.9998915791511536,0.5600082278251648,0.6895257830619812,0.0534703806042671,0.999601662158966,0.5693445801734924,0.6688662767410278,-0.0169244073331356,0.9998518228530884,0.5694672465324402,0.668577253818512,0.0161729268729686,0.9997751712799072,0.5491324067115784,0.6322333216667175,-0.1392959952354431,0.99999338388443,0.5391871333122253,0.6219065189361572,0.131178542971611,0.9996370673179626,0.5526151657104492,0.5290027856826782,-0.1763947904109954,0.9964791536331176,0.5488154292106628,0.5175291895866394,0.156597301363945,0.1082793250679969,0.5642871260643005,0.4292376637458801,-0.1624168306589126,0.9901368618011476,0.5684234499931335,0.4436174035072326,0.1194463297724723,0.1088314801454544,0.5642745494842529,0.3963672220706939,-0.1865577399730682,0.9790665507316588,0.5758955478668213,0.4145310223102569,0.1260375529527664,0.1187439411878585,0.5687293410301208,0.3929724991321563,-0.1812938004732132,0.9770324230194092,0.5761796832084656,0.412529706954956,0.1015312299132347,0.121564857661724,0.569209635257721,0.4031256437301636,-0.15909443795681,0.962392508983612,0.5728809237480164,0.4219662845134735,0.1076920330524444,0.1258222907781601,0.5526686906814575,0.4320130944252014,-0.0792582184076309,0.9982828497886658,0.5480107069015503,0.4287703037261963,0.0791981890797615,0.996263325214386,0.5614768266677856,0.2774457037448883,-0.0660675466060638,0.8888694643974304,0.55363529920578,0.2738458514213562,0.0789024457335472,0.3189780712127685,0.5588669180870056,0.1065799444913864,-0.035773865878582,0.8946831822395325,0.553497850894928,0.1240229159593582,0.1180141121149063,0.365901917219162,0.5486119389533997,0.0874038636684417,-0.0353053174912929,0.9135789275169371,0.5438219308853149,0.1019801050424575,0.1193829700350761,0.4950072765350342,0.584799587726593,0.0837299898266792,-0.0922756493091583,0.8866509199142456,0.5788962244987488,0.0973650515079498,0.0741425082087516,0.4645980894565582,hoyeon_stand_normal_01,6.708204,6.0,8.062258,10.816654,13.601471,14.422205,15.0,14.422205,14.422205,13.038405,13.038405,10.816654,9.433981,7.81025,7.071068,5.385165,5.09902,7.211103,10.630146,14.21267,17.804494,21.260292,24.041631,24.839485,25.0,23.323808,9.433981,10.29563,11.18034,12.083046,12.083046,12.083046,10.77033,9.848858,8.062258,7.211103,5.656854,5.0,5.385165,5.0,6.082763,6.324555,7.615773,9.433981,10.816654,12.206556,13.038405,14.422205,14.422205,13.892444,13.038405,10.816654,13.453624,11.401754,8.944272,7.071068,6.708204,8.485281,10.29563,13.0,15.811388,17.720045,19.646883,20.880613,21.84033,22.472205,22.472205,21.540659,20.124612,17.0,12.529964,8.062258,3.0,4.123106,9.486833,15.231546,19.313208,22.135944,8.062258,11.401754,12.649111,14.317821,16.124515,16.401219,14.866069,13.453624,10.816654,8.062258,5.385165,3.162278,1.0,2.828427,4.472136,7.615773,8.944272,10.77033,13.0,14.866069,16.155494,17.464249,17.464249,17.888544,17.492856,16.643317,11.661904,12.529964,13.416408,14.317821,13.416408,13.416408,13.038405,12.206556,10.816654,9.219544,7.81025,6.403124,4.472136,4.0,4.472136,7.071068,10.0,12.206556,15.811388,18.027756,20.808652,22.022716,22.022716,21.260292,19.849433,17.029386,15.0,17.492856,18.35756,18.788294,18.788294,17.464249,16.155494,13.928388,11.18034,8.062258,6.403124,5.0,5.0,5.09902,7.615773,8.544004,9.848858,10.77033,11.7047,11.7047,12.649111,12.649111,11.7047,11.18034,10.816654,10.630146
hoyeon_stand_normal_01,2523,841,84.1045956284153,29.998360745314464,10,0.5735421776771545,0.679387092590332,-0.0067935609258711,0.9998647570610046,0.5703308582305908,0.6912460923194885,-0.0224317722022533,0.9998608231544496,0.5694218277931213,0.6918396949768066,-0.0224495399743318,0.999872088432312,0.5684566497802734,0.6924471855163574,-0.0224414635449647,0.9998912215232848,0.5702235102653503,0.6913861632347107,0.0034605241380631,0.9997904896736144,0.5693570971488953,0.6919843554496765,0.0034864114131778,0.9997392892837524,0.5684188604354858,0.6926628351211548,0.003456856822595,0.9997749924659728,0.5595512390136719,0.6880477666854858,-0.0649031326174736,0.9998959898948668,0.5598143339157104,0.6895272135734558,0.0495929680764675,0.999614417552948,0.5688351988792419,0.6687644720077515,-0.0202035196125507,0.9998579621315002,0.5690893530845642,0.6684778928756714,0.0129458820447325,0.999782919883728,0.5488049387931824,0.6321071982383728,-0.1409588009119033,0.9999937415122986,0.5391806960105896,0.6218189597129822,0.1284950375556945,0.999644935131073,0.5526122450828552,0.5284456610679626,-0.1770542562007904,0.9966431260108948,0.5488015413284302,0.5174422860145569,0.1549128592014312,0.1109656319022178,0.5645029544830322,0.4289780855178833,-0.1634287685155868,0.9906911849975586,0.5688462853431702,0.4448845982551574,0.1175981387495994,0.1130122616887092,0.5645161271095276,0.39624884724617,-0.1879151612520218,0.9801305532455444,0.5760529637336731,0.415015697479248,0.1236448213458061,0.1223136708140373,0.5688126087188721,0.3929341435432434,-0.1829340457916259,0.9782082438468932,0.5767289400100708,0.4134834408760071,0.0991524159908294,0.1252872049808502,0.5692799687385559,0.4029802083969116,-0.1601820290088653,0.9641618132591248,0.5730820894241333,0.4230233132839203,0.1058698445558548,0.1295177787542343,0.5530060529708862,0.4320370852947235,-0.0790155753493309,0.998329758644104,0.5478644967079163,0.4288599789142608,0.0789532214403152,0.9963552951812744,0.5615466833114624,0.2776485979557037,-0.0658739358186721,0.8912771940231323,0.5536190867424011,0.2747918963432312,0.0787126794457435,0.3218507468700409,0.558883011341095,0.1066669300198555,-0.0355718471109867,0.8976014852523804,0.5534808039665222,0.1235371604561805,0.1177186518907547,0.3722781836986542,0.5488500595092773,0.0874581784009933,-0.0350233577191829,0.914824903011322,0.5439348220825195,0.1015088111162185,0.1191035732626915,0.4985045194625854,0.5847999453544617,0.0839659795165062,-0.090639904141426,0.8898119330406189,0.5786829590797424,0.097379133105278,0.0739642083644867,0.4728138446807861,hoyeon_stand_normal_01,6.0,5.830952,7.211103,9.848858,12.083046,13.0,14.317821,14.317821,14.317821,12.529964,11.661904,10.29563,8.944272,7.615773,6.082763,4.123106,4.242641,6.324555,10.049876,14.035669,17.029386,20.099751,22.36068,23.769729,23.4094,21.931712,8.944272,11.18034,11.661904,13.038405,13.038405,12.206556,10.816654,9.433981,8.062258,7.615773,6.082763,6.0,5.09902,5.385165,6.403124,7.071068,7.81025,9.433981,10.29563,12.529964,13.416408,14.764823,14.764823,13.892444,12.529964,11.18034,13.153830500000002,13.0638395,12.1513365,11.735629500000002,11.405694,12.830123,13.067472,13.4745575,13.6330965,13.853649,13.4607045,13.116484,13.5208155,13.823591,15.203872,17.140614,17.5305605,17.362795,16.724027,15.298551,13.416408,13.516582,15.8184545,17.479077500000002,18.593879,18.5616075,8.7732985,9.8494095,10.125617,10.3077645,9.6313385,9.513878,10.3027755,10.2092305,9.346936,8.3834715,7.8390155,6.267197,5.031129,5.149163,5.535534,6.0413815,6.6231055,7.2817065,7.9056945,7.5078425,8.4691945,9.3432265,10.7957215,12.1705395,13.0622575,14.01561,11.661904,12.206556,12.806248,14.21267,13.601471,13.601471,13.038405,11.661904,10.29563,8.944272,7.211103,5.830952,5.0,4.123106,6.082763,8.544004,10.77033,14.317821,16.552945,19.697716,21.540659,23.4094,24.041631,23.086793,20.880613,17.720045,14.035669,16.03122,18.0,18.027756,18.11077,16.124515,15.132746,12.165525,9.055385,7.071068,5.09902,3.605551,4.123106,5.09902,6.0,8.062258,9.055385,10.0,10.0,11.045361,11.045361,11.045361,11.045361,10.0,11.045361,10.440307
hoyeon_stand_normal_01,2526,842,84.20460109289617,29.998360745314464,10,0.5731793642044067,0.6793012619018555,-0.0069164359010756,0.9998679161071776,0.5699562430381775,0.6912058591842651,-0.0224733911454677,0.9998637437820436,0.5690489411354065,0.6918111443519592,-0.0224917959421873,0.9998751282691956,0.5680810213088989,0.692427396774292,-0.0224841516464948,0.9998937249183656,0.5698696970939636,0.6913427114486694,0.0033215794246643,0.9997944831848145,0.5690233707427979,0.6919477581977844,0.0033473679795861,0.999744474887848,0.5681111812591553,0.6926296353340149,0.003317322814837,0.9997790455818176,0.5592562556266785,0.6880497932434082,-0.0647947490215301,0.9998985528945924,0.5595903396606445,0.6895192265510559,0.0491655208170414,0.9996218681335448,0.5684227347373962,0.6686298251152039,-0.0202989820390939,0.999861776828766,0.5687378644943237,0.6683095693588257,0.0127401901409029,0.999787449836731,0.5485435724258423,0.6318359375,-0.1405460983514785,0.9999939799308776,0.5391497015953064,0.6216016411781311,0.1273305565118789,0.9996482729911804,0.5527817010879517,0.5280556678771973,-0.1766292750835418,0.9967511892318726,0.5485421419143677,0.5171644687652588,0.1532213687896728,0.1124214977025985,0.5647417902946472,0.4289793968200683,-0.1618985384702682,0.9910540580749512,0.5685798525810242,0.4449933171272278,0.116698570549488,0.1145743951201438,0.5649991631507874,0.3962624967098236,-0.1861008703708648,0.9808105826377868,0.5758466720581055,0.4149739146232605,0.1226517409086227,0.123495914041996,0.5690510272979736,0.3930270373821258,-0.1806925237178802,0.9789636135101318,0.576539933681488,0.413428783416748,0.0984958410263061,0.1265179067850113,0.5694685578346252,0.4030069410800934,-0.1585033386945724,0.9652748107910156,0.5727904438972473,0.4229915142059326,0.1051514223217964,0.1307364553213119,0.5531891584396362,0.4317407011985779,-0.0788642242550849,0.9983471035957336,0.5478314757347107,0.4289473295211792,0.0788071304559707,0.9963831901550292,0.5617005825042725,0.2776584327220917,-0.0656854212284088,0.8927873373031616,0.5540652871131897,0.2753159403800964,0.0785640403628349,0.3226436078548431,0.5589159727096558,0.1067765727639198,-0.0349215827882289,0.8992128372192383,0.5536145567893982,0.1234843954443931,0.1175909787416458,0.3742746114730835,0.5489895939826965,0.087501510977745,-0.0343476720154285,0.9152066707611084,0.5445038676261902,0.1014250293374061,0.1189542263746261,0.4989338219165802,0.5848044157028198,0.0840837284922599,-0.0904843136668205,0.8913955092430115,0.5786445140838623,0.097502589225769,0.0737035274505615,0.476062148809433,hoyeon_stand_normal_01,24.758837,25.612497,23.021729,20.59126,17.888544,13.416408,10.29563,7.071068,5.385165,6.082763,7.615773,10.29563,13.038405,15.264338,17.492856,19.235384,21.023796,22.472205,21.84033,21.377558,18.248288,15.132746,11.18034,7.211103,7.28011,10.049876,8.246211,8.246211,8.062258,7.81025,7.81025,9.433981,10.29563,11.18034,12.083046,12.529964,12.083046,12.083046,11.18034,11.18034,9.848858,9.848858,9.486833,9.219544,8.062258,8.0,8.544004,9.433981,12.041595,15.0,18.601075,22.022716,12.206556,9.899495,8.062258,7.071068,7.615773,9.219544,11.401754,13.892444,16.552945,17.464249,19.697716,20.615528,21.931712,23.259407,22.825424,21.954498,20.248457,18.027756,13.601471,9.433981,4.123106,4.123106,9.219544,13.341664,18.439089,21.377558,8.062258,11.401754,13.453624,14.866069,16.401219,16.124515,14.764823,13.928388,11.401754,9.219544,6.0,3.0,1.414214,2.236068,4.472136,6.324555,8.246211,10.198039,12.165525,13.152946,14.142136,15.297059,16.278821,15.524175,15.811388,15.231546,12.165525,13.0,13.0,14.0,14.0,14.0,13.038405,12.041595,11.18034,9.055385,8.062258,6.0,5.09902,4.472136,5.656854,8.062258,10.77033,13.601471,16.763055,18.973666,21.18962,22.472205,22.472205,21.540659,20.615528,17.464249,13.416408,15.264338,15.811388,16.401219,16.401219,15.620499,14.21267,12.041595,9.219544,6.403124,5.09902,4.123106,4.242641,5.656854,7.211103,8.062258,9.433981,10.816654,10.0,11.401754,10.630146,12.041595,11.401754,10.816654,10.29563,10.77033
hoyeon_stand_normal_01,2529,843,84.30460655737704,29.998360745314464,10,0.5729747414588928,0.6791611909866333,-0.006635614670813,0.9998721480369568,0.5697481036186218,0.6911366581916809,-0.0221828445792198,0.9998679161071776,0.5688392519950867,0.6917591094970703,-0.0222019385546445,0.9998791217803956,0.5678666830062866,0.6923900842666626,-0.0221944581717252,0.9998970627784728,0.5696842074394226,0.6912664175033569,0.003617589129135,0.9998006820678712,0.5688506960868835,0.691880464553833,0.0036431103944778,0.9997522830963136,0.5679537057876587,0.6925680637359619,0.0036120088770985,0.9997856020927428,0.559065043926239,0.6880494356155396,-0.0646539628505706,0.9999019503593444,0.5594481229782104,0.6894952654838562,0.0493762530386447,0.9996342062950134,0.5681648254394531,0.6684443354606628,-0.0200603697448968,0.9998664259910583,0.5685247778892517,0.6680945158004761,0.0129966977983713,0.999794065952301,0.5483171939849854,0.6316056847572327,-0.1397654563188552,0.999994158744812,0.5391431450843811,0.6213945150375366,0.1269469559192657,0.9996546506881714,0.5529030561447144,0.5277381539344788,-0.173722892999649,0.996843695640564,0.5483014583587646,0.5169717073440552,0.1517131030559539,0.1140789836645126,0.5650418996810913,0.4290699362754822,-0.1565862149000167,0.9913427233695984,0.5681209564208984,0.4450636804103851,0.115563303232193,0.1157124042510986,0.5657222867012024,0.3962891697883606,-0.1805070340633392,0.9813450574874878,0.575689435005188,0.4149205386638641,0.1212760731577873,0.1243204176425933,0.5693965554237366,0.3931502997875213,-0.1753240674734115,0.9795566201210022,0.5759972929954529,0.4132851064205169,0.0975080877542495,0.1273493468761444,0.5697217583656311,0.4030895233154297,-0.1532201468944549,0.9661570191383362,0.5727525949478149,0.4229613244533539,0.1042207852005958,0.1315260231494903,0.5534818768501282,0.4315094947814941,-0.0780446454882621,0.9983724355697632,0.5478304624557495,0.4290082156658172,0.0779924541711807,0.9964444041252136,0.5620994567871094,0.2775538563728332,-0.0655325353145599,0.8938955664634705,0.5541549324989319,0.2755258679389953,0.077674888074398,0.323959618806839,0.559583306312561,0.107044830918312,-0.0342016033828258,0.9002252221107483,0.553602397441864,0.1234776228666305,0.1157259717583656,0.3759901821613312,0.5503101348876953,0.0876041203737258,-0.0333884134888649,0.915746808052063,0.5450003743171692,0.1015214174985885,0.1169997453689575,0.4998847842216491,0.5848485827445984,0.0841662809252739,-0.0864146128296852,0.8924648761749268,0.578545331954956,0.0976862534880638,0.0721893534064292,0.4778324365615845,hoyeon_stand_normal_01,6.708204,7.0,9.486833,11.18034,13.416408,14.764823,15.652476,15.652476,15.652476,14.317821,13.0,12.083046,10.29563,8.944272,6.403124,5.0,5.0,6.708204,9.219544,12.727922,16.970563,20.518285,22.022716,23.600847,24.186773,21.931712,8.544004,9.486833,10.440307,11.401754,11.401754,10.198039,9.219544,8.246211,7.615773,5.830952,5.0,5.0,4.123106,5.0,6.082763,6.324555,7.615773,8.944272,10.29563,12.529964,12.529964,13.892444,14.764823,13.416408,12.529964,10.816654,14.764823,16.552945,17.088007,17.088007,16.763055,15.524175,14.56022,12.369317,11.18034,9.055385,7.071068,4.0,2.236068,3.162278,6.403124,9.433981,13.038405,16.643317,19.416488,22.203603,22.803509,23.430749,22.671568,20.518285,17.691806,14.21267,9.219544,7.615773,6.708204,5.0,2.828427,1.414214,3.0,5.09902,6.324555,7.615773,8.062258,8.602325,8.062258,8.062258,7.211103,6.708204,5.830952,4.472136,3.162278,2.0,2.236068,3.162278,5.830952,7.071068,9.219544,11.401754,16.124515,16.124515,13.416408,12.083046,10.440307,9.055385,9.055385,10.440307,11.401754,12.369317,14.317821,16.278821,17.117243,19.0,19.104973,19.235384,20.615528,18.973666,17.088007,13.601471,10.198039,8.062258,7.81025,9.848858,13.341664,16.124515,9.219544,5.830952,5.09902,5.0,8.602325,11.18034,14.764823,17.0,18.027756,19.416488,19.209373,18.384776,17.691806,16.401219,14.422205,13.038405,11.661904,10.630146,9.899495,10.0,11.18034,12.083046,13.0,15.231546,17.088007,16.552945
hoyeon_stand_normal_01,2532,844,84.40461202185791,29.998360745314464,10,0.572833776473999,0.6791329979896545,-0.0071262791752815,0.9998770952224731,0.5696023106575012,0.6911201477050781,-0.0226964652538299,0.9998729228973388,0.5686914920806885,0.6917470693588257,-0.0227146092802286,0.9998838305473328,0.5677157044410706,0.6923815011978149,-0.0227082651108503,0.999900996685028,0.5695573687553406,0.6912498474121094,0.0031144351232796,0.9998080134391784,0.568734884262085,0.6918667554855347,0.0031400495208799,0.9997614622116088,0.5678502917289734,0.6925554275512695,0.0031112721189856,0.9997934103012084,0.5589351654052734,0.688051164150238,-0.0650331228971481,0.9999060034751892,0.559355616569519,0.6894890666007996,0.0489531531929969,0.9996488690376282,0.5680007934570312,0.6683920621871948,-0.0205204430967569,0.9998719692230223,0.5683932900428772,0.6680323481559753,0.0125534320250153,0.9998021125793456,0.5480855703353882,0.6314415335655212,-0.1395898014307022,0.9999943375587464,0.5391427278518677,0.6212933659553528,0.1257765144109726,0.999663233757019,0.552992582321167,0.5274380445480347,-0.1730749905109405,0.9969353675842284,0.5482938885688782,0.5169447064399719,0.1501682847738266,0.1165710836648941,0.5650928020477295,0.4291393458843231,-0.1555400490760803,0.9916250109672546,0.568076491355896,0.4451229870319366,0.1137319132685661,0.1179734766483306,0.5660209655761719,0.3962999880313873,-0.1796010136604309,0.9818668365478516,0.5755768418312073,0.4148997664451599,0.1191424056887626,0.1261512339115142,0.5695335865020752,0.3931781351566314,-0.1746299117803573,0.9801361560821532,0.5758988857269287,0.4132175147533417,0.0953826829791069,0.1292351633310318,0.569789469242096,0.4031165242195129,-0.1522643417119979,0.967025637626648,0.5726221799850464,0.4229475855827331,0.1024287194013595,0.1333701014518737,0.5536925792694092,0.4313951432704925,-0.0773945897817611,0.9983959794044496,0.547969400882721,0.4290571212768554,0.077347956597805,0.9965051412582396,0.5623188018798828,0.2773961126804352,-0.0653464496135711,0.894740104675293,0.5542024970054626,0.2755797207355499,0.0770473033189773,0.3254269063472748,0.5601165890693665,0.1071035489439964,-0.0331490859389305,0.901137351989746,0.5535956621170044,0.1231599599123001,0.114818200469017,0.3778358101844787,0.5514711737632751,0.0876098349690437,-0.0321883261203765,0.9160153865814208,0.5453852415084839,0.1014616042375564,0.116060122847557,0.5009143352508545,0.5848451852798462,0.0842979177832603,-0.0846761614084243,0.8934309482574463,0.57850182056427,0.0968082845211029,0.0709349066019058,0.4800669848918915,hoyeon_stand_normal_01,7.071068,7.28011,10.049876,12.369317,14.56022,16.492423,17.720045,17.464249,17.464249,16.278821,15.297059,13.152946,12.165525,10.440307,7.615773,6.403124,5.385165,7.28011,10.29563,14.422205,18.867962,22.472205,25.942244,27.313001,27.513633,25.70992,10.0,11.0,12.0,13.0,13.0,12.041595,11.045361,10.0,8.062258,7.071068,6.324555,5.0,5.0,5.385165,6.082763,8.0,8.062258,10.198039,11.18034,13.341664,15.297059,16.492423,16.278821,16.278821,14.317821,12.369317,12.165525,10.0,7.28011,6.403124,6.324555,8.0,10.440307,13.0,15.652476,17.888544,18.788294,20.615528,21.540659,22.472205,22.135944,20.880613,19.646883,16.492423,13.341664,8.544004,3.605551,5.830952,10.630146,15.811388,20.0,23.430749,9.433981,12.529964,13.928388,16.492423,17.262677,17.029386,16.0,14.035669,11.18034,9.219544,6.324555,3.162278,2.236068,4.472136,7.211103,8.602325,10.816654,12.206556,13.601471,15.264338,15.264338,16.124515,16.124515,15.231546,14.866069,11.291047,11.18034,12.083046,13.0,13.928388,13.0,13.0,12.083046,11.661904,10.29563,8.944272,8.062258,5.385165,5.09902,5.09902,5.830952,7.81025,10.816654,13.038405,16.643317,19.416488,20.808652,22.803509,22.022716,22.022716,19.849433,17.029386,13.601471,15.264338,16.124515,16.552945,16.552945,15.231546,13.928388,11.7047,8.544004,6.708204,4.242641,3.162278,3.162278,4.472136,5.830952,7.211103,8.602325,9.433981,10.29563,10.29563,11.18034,11.18034,11.18034,10.816654,10.0,10.630146
hoyeon_stand_normal_01,2535,845,84.5046174863388,29.998360745314464,10,0.5726721882820129,0.6791269779205322,-0.0074778436683118,0.9998815655708312,0.5694312453269958,0.6911147236824036,-0.0230002738535404,0.9998774528503418,0.5685203671455383,0.6917429566383362,-0.0230173096060752,0.9998880624771118,0.5675455927848816,0.6923778653144836,-0.0230106357485055,0.9999045729637146,0.5693954229354858,0.6912445425987244,0.0027306887786835,0.9998148679733276,0.5685808062553406,0.6918617486953735,0.0027559206355363,0.9997699856758118,0.5677064657211304,0.6925496459007263,0.0027279602363705,0.9998006820678712,0.5588333010673523,0.6880528330802917,-0.0650702118873596,0.999909520149231,0.5592554211616516,0.6894832849502563,0.0485254079103469,0.9996623396873474,0.567848265171051,0.6683769822120667,-0.0207719225436449,0.9998767971992492,0.5682584643363953,0.668009877204895,0.0122007150202989,0.9998094439506532,0.5480068922042847,0.6313412189483643,-0.13953597843647,0.9999945163726808,0.5391632318496704,0.6211729049682617,0.1250021159648895,0.9996716380119324,0.553059458732605,0.5272058248519897,-0.1725282967090606,0.9970107674598694,0.5482924580574036,0.516834020614624,0.14891417324543,0.1190268173813819,0.5651668906211853,0.4291577339172363,-0.1551498472690582,0.9918825626373292,0.5679826736450195,0.4451318979263305,0.1126109510660171,0.1204270049929618,0.5662574768066406,0.3962798714637756,-0.1792767196893692,0.982349157333374,0.5755575895309448,0.4147924780845642,0.1180478855967521,0.1282140761613845,0.5696589946746826,0.3931755423545837,-0.174354150891304,0.9806697964668274,0.5756290555000305,0.412907987833023,0.0942121744155883,0.1313245594501495,0.5698460340499878,0.4031104445457458,-0.1518950462341308,0.9678248167037964,0.5725950002670288,0.4229355156421661,0.1013343632221221,0.1354254484176635,0.5541751384735107,0.4313242733478546,-0.0767881870269775,0.9984217286109924,0.5480943322181702,0.4290926456451416,0.0767422243952751,0.9965745806694032,0.5624916553497314,0.2772267758846283,-0.0649692639708519,0.8955152630805969,0.5541725158691406,0.2756167948246002,0.0767411887645721,0.3269725143909454,0.5606558918952942,0.1071214601397514,-0.0321491211652755,0.9020944237709044,0.5535801649093628,0.1227235421538353,0.1143147423863411,0.3799843490123749,0.5531750917434692,0.0877207294106483,-0.0310708619654178,0.9167780876159668,0.5456492900848389,0.1013905704021453,0.1155498251318931,0.5026839971542358,0.5848472118377686,0.0843300223350524,-0.0822311267256736,0.8944586515426636,0.5784488916397095,0.0968439355492591,0.0706549733877182,0.4823373258113861,hoyeon_stand_normal_01,23.430749,23.021729,21.954498,20.124612,16.155494,11.7047,8.944272,6.403124,4.123106,6.082763,7.615773,10.29563,12.529964,14.317821,17.464249,19.313208,20.880613,21.377558,21.213203,20.024984,17.0,14.0,10.049876,6.708204,7.615773,12.165525,9.486833,8.944272,8.602325,7.81025,8.602325,9.433981,10.29563,11.18034,11.18034,12.083046,11.18034,11.18034,11.18034,10.29563,9.848858,9.848858,8.544004,8.544004,8.246211,7.0,7.28011,8.602325,11.313708,14.21267,17.804494,20.615528,15.0,16.401219,16.278821,16.970563,16.278821,15.620499,14.21267,12.806248,10.816654,9.433981,6.708204,4.123106,2.236068,3.0,6.324555,9.848858,13.416408,16.552945,18.788294,21.931712,22.847319,22.472205,22.135944,19.646883,17.464249,14.142136,8.602325,7.81025,6.403124,4.472136,2.0,2.0,3.162278,5.0,7.071068,7.81025,8.602325,8.602325,8.062258,8.062258,7.211103,5.830952,5.0,4.242641,2.828427,2.0,2.236068,4.0,5.09902,7.28011,9.848858,11.18034,13.115773,13.678113,12.617996,11.8144845,11.5987605,11.0489635,10.6231055,10.924429,10.647815,11.28992,10.995323,11.405694,10.7957215,11.360212,12.0524865,13.140055,14.538087,15.076182499999998,16.1394105,15.590351,15.012492,14.8532475,14.6509125,15.5724495,16.6355265,16.5769505,11.2653565,11.279309,11.18034,11.18034,12.3519795,12.779248,13.211204,13.463121,13.4694735,12.7101335,11.5560745,10.5468345,10.6394105,10.701562,10.124754,9.862081,9.472136,9.757587,10.0735925,10.4044405,11.027707,11.488443,12.1555075,12.3909055,12.8181995,13.2979005
hoyeon_stand_normal_01,2538,846,84.60462295081967,29.998360745314464,10,0.5726139545440674,0.679103672504425,-0.008015745319426,0.9998855590820312,0.5693475604057312,0.691100537776947,-0.023485803976655,0.9998815655708312,0.5684276819229126,0.6917336583137512,-0.0235022250562906,0.9998918771743774,0.5674431920051575,0.6923720836639404,-0.0234962124377489,0.9999077916145324,0.5693313479423523,0.6912289261817932,0.0022145609837025,0.9998210668563844,0.5685217976570129,0.6918483972549438,0.0022395914420485,0.9997777342796326,0.5676524639129639,0.6925375461578369,0.0022125830873847,0.999807357788086,0.5587579607963562,0.6880567669868469,-0.065288245677948,0.9999127388000488,0.5592058300971985,0.6894791126251221,0.0481421016156673,0.9996746182441713,0.5677976608276367,0.6683507561683655,-0.0212158914655447,0.9998813271522522,0.5682222247123718,0.6679722666740417,0.0117172515019774,0.999816358089447,0.5479653477668762,0.6312952041625977,-0.1394368857145309,0.999994695186615,0.5392135977745056,0.621130645275116,0.1246500089764595,0.9996799826622008,0.5531094670295715,0.5270406007766724,-0.172447845339775,0.997083842754364,0.5483134388923645,0.5167977213859558,0.1483385860919952,0.1213664337992668,0.565294086933136,0.429160863161087,-0.1550368666648864,0.9921247959136964,0.5677930116653442,0.445169985294342,0.1119277998805046,0.1225588992238044,0.566544234752655,0.3962345123291015,-0.179216518998146,0.9828030467033386,0.5754362344741821,0.4147188365459442,0.1174301430583,0.1299959123134613,0.5698509216308594,0.393168032169342,-0.1742645055055618,0.9811719059944152,0.5753625631332397,0.4126792848110199,0.0935092940926551,0.1331114768981933,0.5699671506881714,0.4030993282794952,-0.151760920882225,0.968572735786438,0.5725499987602234,0.4229236841201782,0.1006373241543769,0.1371770054101944,0.5544976592063904,0.4312882423400879,-0.0765458047389984,0.9984459280967712,0.5481846332550049,0.4291446506977081,0.0764999762177467,0.9966340661048888,0.5625200271606445,0.2770084142684936,-0.0649131312966346,0.8963442444801331,0.5541146397590637,0.2756228446960449,0.0766781345009803,0.3279683887958526,0.5609613060951233,0.1071631014347076,-0.031888410449028,0.9030503630638124,0.5534733533859253,0.1226569563150405,0.1142603680491447,0.3811317384243011,0.5537816286087036,0.0878171026706695,-0.0307676568627357,0.9175187945365906,0.5456472635269165,0.1013931035995483,0.1155011281371116,0.5037280321121216,0.5848778486251831,0.0845665261149406,-0.0817086175084114,0.8953924179077148,0.5783876180648804,0.0972483679652214,0.0706325694918632,0.4836902916431427,hoyeon_stand_normal_01,24.083189,23.0,22.090722,19.235384,15.524175,12.369317,8.062258,6.082763,5.656854,6.324555,9.219544,11.18034,13.152946,15.297059,17.464249,18.973666,20.248457,21.023796,20.59126,19.723083,17.204651,14.422205,10.29563,8.0,8.944272,12.727922,9.219544,8.062258,7.0,7.071068,7.615773,8.944272,10.29563,10.816654,10.816654,11.661904,11.661904,11.661904,10.29563,10.29563,9.433981,9.433981,8.602325,7.81025,7.071068,6.708204,7.071068,9.055385,11.18034,14.56022,17.720045,20.615528,12.041595,10.630146,8.062258,6.0,6.708204,7.81025,10.77033,12.649111,14.56022,17.464249,19.416488,20.396078,21.587033,21.84033,22.135944,21.18962,19.313208,17.464249,13.0,8.246211,3.162278,6.082763,10.77033,16.552945,20.615528,23.4094,9.219544,11.7047,14.764823,15.811388,16.401219,16.278821,15.620499,13.601471,11.18034,8.944272,5.385165,3.162278,2.236068,5.385165,7.28011,9.219544,11.18034,12.165525,14.317821,15.524175,16.492423,16.763055,16.155494,16.552945,14.764823,11.44252,15.620499,14.21267,12.806248,10.816654,9.848858,8.246211,9.0,10.049876,12.041595,13.152946,15.033296,16.0,17.117243,18.248288,19.646883,20.248457,19.697716,19.235384,17.0,14.317821,10.77033,8.0,8.062258,10.0,14.317821,17.088007,9.219544,5.656854,4.123106,4.472136,7.071068,10.0,13.038405,15.0,16.401219,17.029386,17.691806,17.029386,15.811388,13.892444,12.529964,12.529964,10.29563,10.29563,9.219544,9.899495,10.0,11.401754,13.038405,13.892444,15.264338,15.811388
hoyeon_stand_normal_01,2541,847,84.70462841530055,29.998360745314464,10,0.5725733041763306,0.6790919303894043,-0.0090719135478138,0.9998891949653624,0.5692700743675232,0.6910947561264038,-0.0244493559002876,0.9998852610588074,0.5683364272117615,0.6917296648025513,-0.0244648847728967,0.9998953342437744,0.5673351287841797,0.6923689842224121,-0.0244591366499662,0.9999107718467712,0.5692774057388306,0.691222608089447,0.0011975825764238,0.9998265504837036,0.5684728622436523,0.6918427348136902,0.0012226016260683,0.9997845888137816,0.5676082372665405,0.6925315856933594,0.0011971431085839,0.999813199043274,0.5586685538291931,0.6880583167076111,-0.065772958099842,0.999915599822998,0.5591620802879333,0.6894707083702087,0.0473821684718132,0.9996848106384276,0.5677570104598999,0.6683086156845093,-0.0221059098839759,0.9998854994773864,0.5681994557380676,0.6679210066795349,0.0107514951378107,0.999822437763214,0.5479149222373962,0.6312671899795532,-0.1395263671875,0.9999948740005492,0.5394095182418823,0.6210659742355347,0.1241085082292556,0.9996872544288636,0.5531516671180725,0.5269310474395752,-0.1724821180105209,0.997166872024536,0.5484380125999451,0.5167838931083679,0.1480951756238937,0.1242332085967063,0.565322995185852,0.4291695058345794,-0.1556771099567413,0.9924151301383972,0.5676202774047852,0.4452643990516662,0.1116998121142387,0.1258023381233215,0.5666397213935852,0.396208643913269,-0.1800028383731842,0.9833568930625916,0.5753291845321655,0.4147132933139801,0.1172666251659393,0.1328078210353851,0.5699871778488159,0.3931668400764465,-0.1749397367238998,0.9817844033241272,0.5750589370727539,0.412639319896698,0.0932714566588401,0.1359594017267227,0.5700846910476685,0.4030912220478058,-0.152364581823349,0.969504177570343,0.5724050998687744,0.4229125380516052,0.1003931611776351,0.1399637907743454,0.5546591877937317,0.431265652179718,-0.0762981250882148,0.9984633922576904,0.5486181378364563,0.4292096197605133,0.0762533172965049,0.996680498123169,0.5626536011695862,0.2769883871078491,-0.0648789331316948,0.8963979482650757,0.5541123747825623,0.2756603956222534,0.0764852687716484,0.3272094130516052,0.5610279440879822,0.1073749437928199,-0.0317116156220436,0.9031453132629396,0.5534622669219971,0.122648537158966,0.1141708046197891,0.3802829384803772,0.5539236068725586,0.0880385115742683,-0.0305694844573736,0.9178253412246704,0.5457311272621155,0.101441852748394,0.1154273822903633,0.5032888650894165,0.5848996043205261,0.0849853903055191,-0.0815931111574173,0.8955466747283936,0.578333854675293,0.0977533683180809,0.0705240964889526,0.4834319651126861,hoyeon_stand_normal_01,8.650798,8.503264999999999,10.239502,12.6224805,14.422205,15.811388,16.643317,16.522268,16.262867,14.8824115,13.435016,12.2857795,10.462888,8.602325,6.889636,5.7117875,5.6925825,8.007670000000001,11.511605,15.192661,18.7834665,22.7776725,25.2449605,26.4535925,26.190834,24.6037185,10.8377535,12.041595,12.883163499999998,13.226812,12.863961,12.863961,12.0207975,10.4497475,9.63471,8.154234500000001,7.626104,7.0725105,6.905125,6.9465065,7.9412175,8.503264999999999,9.2255915,10.700877,12.345353,14.006922,15.195122,15.679246,16.999433,16.191777000000002,15.012029,12.6916295,14.317821,15.132746,16.03122,16.03122,16.0,15.033296,14.035669,12.165525,11.18034,8.246211,6.324555,3.605551,3.162278,4.242641,6.708204,9.848858,13.928388,17.088007,19.697716,21.931712,23.259407,23.706539,21.954498,20.248457,18.027756,14.21267,9.0,8.0,6.082763,4.123106,1.414214,1.414214,4.0,5.09902,7.28011,8.246211,8.544004,8.544004,8.544004,7.615773,7.615773,6.708204,5.385165,4.472136,3.162278,1.0,1.0,2.828427,5.0,6.708204,9.848858,11.7047,12.041595,13.152946,13.341664,14.317821,14.317821,14.317821,13.152946,13.038405,11.045361,10.0,8.0,7.0,6.082763,4.472136,5.0,6.324555,9.055385,12.041595,15.033296,18.027756,20.024984,21.095023,22.203603,21.213203,19.235384,16.278821,14.0,15.033296,17.117243,17.262677,17.464249,16.492423,14.56022,12.369317,10.198039,8.062258,6.082763,5.385165,5.656854,5.830952,6.708204,7.615773,9.486833,9.848858,11.18034,11.18034,12.083046,12.083046,12.083046,11.7047,11.401754,11.045361
hoyeon_stand_normal_01,2544,848,84.80463387978142,29.998360745314464,10,0.5725931525230408,0.6790675520896912,-0.0088938036933541,0.9998947381973268,0.5692690014839172,0.6910861134529114,-0.0242898929864168,0.9998909831047058,0.5683294534683228,0.6917231678962708,-0.0243057385087013,0.9999005794525146,0.5673162341117859,0.6923633813858032,-0.0243002139031887,0.9999152421951294,0.5692843794822693,0.6912112832069397,0.0013907856773585,0.9998350143432616,0.5684829354286194,0.6918315291404724,0.0014158471021801,0.999794900417328,0.5676206350326538,0.6925192475318909,0.0013904286315664,0.9998220205307008,0.5586181879043579,0.6880596280097961,-0.0656642466783523,0.9999199509620668,0.5591575503349304,0.6894577741622925,0.0475093647837638,0.9997003078460692,0.5677648782730103,0.668259859085083,-0.0219511594623327,0.9998913407325744,0.5682313442230225,0.6678686738014221,0.0109351268038153,0.9998310804367064,0.5477405190467834,0.6312516927719116,-0.1393962502479553,0.9999951124191284,0.5396829843521118,0.6209790110588074,0.1241832748055458,0.99969744682312,0.5531734824180603,0.5268707871437073,-0.1722385883331298,0.9972765445709229,0.5495649576187134,0.5167943239212036,0.1488527506589889,0.1286272406578064,0.565386950969696,0.4292245209217071,-0.1556646525859832,0.9927852153778076,0.5686469674110413,0.4460416734218597,0.1117404252290725,0.1316986083984375,0.5665765404701233,0.3962075710296631,-0.1800083518028259,0.9840756058692932,0.5762125253677368,0.4151258170604706,0.1173905283212661,0.1380327343940735,0.5700103640556335,0.3931690454483032,-0.1749729365110397,0.9825761318206788,0.5764509439468384,0.4132047295570373,0.0933732911944389,0.141335591673851,0.5701049566268921,0.4030930399894714,-0.1523471176624298,0.970732033252716,0.5730291604995728,0.4234557449817657,0.1004047468304634,0.1452212482690811,0.5546867847442627,0.4313048720359802,-0.0759996548295021,0.9984930157661438,0.5488319993019104,0.4293009638786316,0.0759573951363563,0.996765911579132,0.5628473162651062,0.2767233252525329,-0.0648144111037254,0.8970728516578674,0.5539933443069458,0.2755841314792633,0.075650580227375,0.3298429250717163,0.561198890209198,0.1074138358235359,-0.0316999889910221,0.9039326310157776,0.553157389163971,0.1215393766760826,0.1124182417988777,0.3836977481842041,0.5539110898971558,0.0881965830922126,-0.0305334515869617,0.918885350227356,0.5456580519676208,0.100551538169384,0.1135782748460769,0.5059054493904114,0.5843967199325562,0.0850532874464988,-0.0813751220703125,0.8966495394706726,0.5777414441108704,0.0964032486081123,0.0682274103164672,0.4866228401660919,hoyeon_stand_normal_01,23.345235,23.430749,21.633308,18.35756,15.652476,12.083046,8.602325,6.403124,6.324555,7.0,9.219544,11.401754,12.649111,15.524175,17.464249,18.248288,20.099751,20.0,20.024984,19.104973,17.262677,14.142136,11.0,8.246211,9.219544,11.661904,8.602325,8.062258,7.615773,8.544004,8.246211,9.055385,10.049876,11.045361,11.045361,11.045361,11.045361,11.045361,10.049876,10.049876,9.055385,9.0,8.0,8.062258,8.062258,7.615773,8.062258,9.219544,11.401754,14.422205,17.492856,20.808652,13.601471,14.21267,15.556349,15.556349,14.866069,14.21267,12.806248,11.401754,9.433981,6.708204,5.385165,3.0,2.236068,4.123106,7.615773,10.29563,14.422205,18.35756,20.59126,23.706539,24.596748,25.079872,23.769729,21.540659,18.973666,15.524175,7.81025,6.403124,5.0,3.162278,2.236068,2.236068,5.0,7.071068,7.81025,8.602325,9.433981,9.433981,10.29563,9.433981,8.062258,8.062258,7.211103,5.0,4.242641,2.236068,2.236068,3.162278,5.0,7.28011,8.544004,11.18034,14.21267,14.21267,11.401754,10.0,8.944272,8.246211,8.0,9.055385,11.045361,12.041595,14.035669,16.0,17.029386,18.248288,18.973666,19.313208,20.124612,18.35756,16.124515,13.892444,10.77033,8.0,8.062258,10.816654,13.928388,17.088007,9.219544,7.071068,4.472136,4.123106,7.071068,8.602325,11.661904,14.422205,15.620499,17.029386,16.970563,15.620499,15.811388,14.422205,12.529964,12.529964,10.29563,9.433981,8.602325,9.219544,9.219544,10.816654,12.206556,13.892444,15.0,15.0
hoyeon_stand_normal_01,2547,849,84.90463934426229,29.998360745314464,10,0.5726302266120911,0.6790415048599243,-0.0089269494637846,0.9998998641967772,0.5692873001098633,0.6910642981529236,-0.0243513192981481,0.9998962879180908,0.5683400630950928,0.691706657409668,-0.0243672206997871,0.9999054670333862,0.5673210620880127,0.6923499703407288,-0.0243621859699487,0.9999194741249084,0.5693272352218628,0.6911834478378296,0.0013776759151369,0.999842882156372,0.5685303211212158,0.6918054819107056,0.0014027130091562,0.9998045563697816,0.5676708817481995,0.6924930810928345,0.0013782957103103,0.9998302459716796,0.5586135983467102,0.688058614730835,-0.0656240805983543,0.9999241232872008,0.5591657161712646,0.6894431710243225,0.0476250760257244,0.9997147917747498,0.5677942633628845,0.668232798576355,-0.0219234693795442,0.999896764755249,0.568284273147583,0.6678427457809448,0.0110029131174087,0.9998390674591064,0.5476194620132446,0.6312474012374878,-0.1393495500087738,0.9999953508377076,0.539895236492157,0.6209653615951538,0.124429814517498,0.999707579612732,0.5531350374221802,0.5268701910972595,-0.1721900254487991,0.9973854422569276,0.5506111979484558,0.5170326232910156,0.1495109945535659,0.1330819576978683,0.5654389262199402,0.429228276014328,-0.155737891793251,0.9931583404541016,0.5693911910057068,0.4464048743247986,0.1118054017424583,0.1383530050516128,0.5665691494941711,0.3961626291275024,-0.180239200592041,0.9848109483718872,0.5778980255126953,0.4154888689517975,0.1173141449689865,0.1440402418375015,0.5700333714485168,0.3931508660316467,-0.1752970069646835,0.9833828210830688,0.5773010849952698,0.4134401082992553,0.0930684059858322,0.1475235521793365,0.570113480091095,0.403076559305191,-0.1524162590503692,0.9719923138618468,0.5735664367675781,0.4236543774604797,0.1004208698868751,0.1512897312641143,0.554833173751831,0.4313249289989471,-0.0757367089390754,0.9985278844833374,0.5490424036979675,0.4294450581073761,0.0756953805685043,0.996854603290558,0.5635891556739807,0.2763046324253082,-0.0647669583559036,0.8975146412849426,0.5539014339447021,0.2753602266311645,0.0753976628184318,0.3328145444393158,0.5617866516113281,0.1075674444437027,-0.031688567250967,0.9044851064682008,0.5531122088432312,0.1211178228259086,0.1114832162857055,0.3868690133094787,0.55488121509552,0.088446706533432,-0.0305293165147304,0.9197450280189514,0.5457066297531128,0.1001381874084472,0.1125987395644187,0.5086785554885864,0.5843528509140015,0.0852075144648552,-0.0810788944363594,0.8975059390068054,0.5774510502815247,0.0958743691444397,0.0675827339291572,0.4895668625831604,hoyeon_stand_normal_01,10.198039,9.433981,10.630146,13.038405,14.764823,16.124515,17.492856,17.492856,17.204651,15.811388,14.21267,12.806248,11.401754,9.433981,7.615773,6.0,6.708204,8.485281,12.206556,16.124515,20.248457,24.413111,27.018512,28.284271,28.425341,26.627054,11.18034,12.165525,13.152946,14.142136,14.142136,13.152946,12.165525,11.18034,10.440307,9.486833,8.944272,8.602325,8.485281,7.81025,8.062258,8.944272,9.486833,11.18034,12.165525,14.142136,15.132746,17.117243,17.117243,17.262677,16.278821,14.142136,12.206556,10.77033,9.055385,7.28011,7.81025,9.433981,11.401754,14.142136,17.117243,19.026298,20.024984,22.022716,23.086793,24.083189,24.186773,23.345235,21.377558,18.439089,14.317821,9.219544,4.0,4.472136,10.0,15.0,20.0,23.021729,8.544004,12.083046,13.892444,15.811388,17.029386,16.970563,15.620499,13.892444,11.18034,8.544004,6.082763,4.123106,2.236068,2.828427,5.0,7.211103,8.944272,11.18034,12.083046,14.317821,15.231546,15.652476,16.124515,16.643317,16.401219,14.866069,15.811388,15.0,12.206556,11.18034,9.486833,9.055385,10.0,11.18034,13.341664,14.317821,16.278821,17.029386,19.0,20.099751,21.213203,21.587033,21.18962,20.248457,18.384776,14.866069,11.18034,8.062258,8.485281,12.083046,15.524175,18.248288,8.602325,6.403124,3.162278,3.605551,7.211103,10.816654,13.892444,15.811388,17.804494,18.384776,19.104973,18.439089,15.811388,15.264338,13.416408,12.529964,11.661904,10.816654,10.0,9.899495,10.0,10.816654,13.892444,15.264338,16.643317,16.643317
hoyeon_stand_normal_01,2550,850,85.00464480874317,29.998360745314464,10,0.5727813243865967,0.6789733171463013,-0.008845392614603,0.9999033212661744,0.5694401264190674,0.6909990906715393,-0.024289347231388,0.9998998045921326,0.5684804916381836,0.6916497945785522,-0.0243055690079927,0.999908685684204,0.5674524307250977,0.6923024654388428,-0.0243005752563476,0.9999222755432128,0.5694901347160339,0.6911132335662842,0.0014562832657247,0.9998480677604676,0.5686811208724976,0.6917389631271362,0.0014812920708209,0.9998109936714172,0.5678088068962097,0.6924312114715576,0.0014566465979442,0.9998356699943542,0.5586504340171814,0.6880369186401367,-0.0655878856778144,0.9999269247055054,0.5592321753501892,0.6893914937973022,0.0477091111242771,0.999724507331848,0.567907989025116,0.6681488752365112,-0.0218507051467895,0.99990051984787,0.5683897733688354,0.6677651405334473,0.0110902702435851,0.9998445510864258,0.547620952129364,0.6312404274940491,-0.1393178552389145,0.9999955296516418,0.5401166677474976,0.6209601759910583,0.1245170012116432,0.999714970588684,0.5531331300735474,0.5268215537071228,-0.1721147000789642,0.997462511062622,0.5509439706802368,0.5170419216156006,0.1496429741382599,0.136357769370079,0.5654790997505188,0.4291577935218811,-0.1557324975728988,0.9934471845626832,0.5696691274642944,0.4465206265449524,0.1118463203310966,0.1434575170278549,0.566554605960846,0.3960348665714264,-0.1802401691675186,0.985377848148346,0.578476071357727,0.4158827066421509,0.1172835454344749,0.1486667692661285,0.5700671672821045,0.393105536699295,-0.175320491194725,0.9840040802955629,0.5777058005332947,0.4138582050800323,0.0929416418075561,0.1522774398326873,0.5701574683189392,0.4030154049396515,-0.1524117738008499,0.9729568362236024,0.5738850235939026,0.4239106476306915,0.1004218384623527,0.1559823304414749,0.5550801157951355,0.4312572777271271,-0.0756207779049873,0.9985480308532716,0.5492386221885681,0.4294560551643371,0.0755798444151878,0.996908962726593,0.5636006593704224,0.2760367691516876,-0.064694657921791,0.8979198336601257,0.5538198947906494,0.2751748263835907,0.0753863081336021,0.3354144096374511,0.5619462132453918,0.1077679991722107,-0.0315116718411445,0.904909610748291,0.5530114769935608,0.1211262568831443,0.1115011349320411,0.3894960880279541,0.5551749467849731,0.0886316150426864,-0.0303506348282098,0.9203234314918518,0.5457248687744141,0.1003803759813308,0.112633965909481,0.5111205577850342,0.5843949913978577,0.0853104442358017,-0.0806515887379646,0.8980306386947632,0.5772401094436646,0.0959598198533058,0.0677380487322807,0.4920013546943664,hoyeon_stand_normal_01,11.18034,11.045361,11.401754,13.416408,13.892444,16.124515,16.124515,17.0,16.552945,15.231546,13.928388,13.0,10.77033,8.944272,8.602325,6.403124,6.324555,8.062258,10.77033,14.317821,17.888544,21.931712,24.351591,25.70992,25.317978,24.0,10.049876,11.18034,12.165525,12.165525,12.165525,11.045361,11.045361,11.0,10.049876,9.055385,9.219544,9.486833,8.944272,8.062258,8.602325,8.485281,9.219544,10.816654,11.661904,13.416408,14.764823,17.0,17.0,17.492856,16.643317,13.892444,13.601471,11.661904,9.486833,7.0,7.211103,8.602325,10.77033,13.341664,15.132746,18.11077,19.104973,21.095023,22.203603,23.345235,23.345235,21.587033,19.646883,16.763055,12.649111,8.246211,3.162278,4.472136,10.816654,15.811388,20.248457,22.825424,8.062258,11.401754,13.601471,15.652476,16.124515,16.401219,14.866069,13.453624,10.0,8.062258,5.385165,2.0,1.0,2.828427,5.830952,8.062258,8.944272,11.18034,13.0,14.317821,15.652476,17.0,17.492856,17.204651,16.401219,16.278821,11.7047,12.083046,13.416408,13.416408,14.317821,13.928388,12.649111,11.401754,10.440307,9.219544,7.28011,6.324555,5.0,4.472136,5.09902,8.062258,11.18034,13.341664,16.492423,19.646883,21.587033,23.345235,24.33105,23.345235,21.213203,18.248288,13.152946,14.142136,16.492423,16.763055,16.763055,14.866069,13.928388,11.7047,9.486833,7.28011,5.0,3.162278,4.242641,4.472136,5.385165,6.082763,7.28011,8.246211,9.486833,9.486833,10.77033,10.77033,10.440307,10.198039,10.049876,10.049876
hoyeon_stand_normal_01,2553,851,85.10465027322404,29.998360745314464,10,0.573298990726471,0.6789472103118896,-0.0087691992521286,0.9999054074287416,0.5699615478515625,0.6909873485565186,-0.0242161061614751,0.9999019503593444,0.5689667463302612,0.6916429996490479,-0.0242324937134981,0.9999106526374816,0.5679142475128174,0.6922990083694458,-0.0242274813354015,0.9999240040779114,0.5700215101242065,0.6910955309867859,0.0015312354080379,0.9998513460159302,0.5691787600517273,0.6917224526405334,0.0015562230255454,0.9998149871826172,0.5682609677314758,0.6924163699150085,0.0015313068870455,0.9998390078544616,0.5588608384132385,0.6880320310592651,-0.0655495673418045,0.9999287724494934,0.5594738125801086,0.6893824934959412,0.0477746687829494,0.9997310042381288,0.5683463215827942,0.6681300401687622,-0.0217896234244108,0.999902844429016,0.5687395334243774,0.6677427291870117,0.0111549189314246,0.9998481869697572,0.5476823449134827,0.6312360167503357,-0.1392891407012939,0.9999956488609314,0.5402299761772156,0.6209606528282166,0.1245798021554946,0.9997202157974244,0.5531613826751709,0.5268229246139526,-0.1720684915781021,0.9975213408470154,0.5508752465248108,0.5170895457267761,0.1494926810264587,0.1382456570863723,0.5657228231430054,0.4291355907917022,-0.1554362028837204,0.9936481714248656,0.5694929957389832,0.4464962780475616,0.1118313744664192,0.1453002393245697,0.5668555498123169,0.3959484100341797,-0.1799680739641189,0.9857587218284608,0.578231930732727,0.4158789217472076,0.117279976606369,0.1503235101699829,0.5704238414764404,0.3930705487728119,-0.17488993704319,0.9844182729721068,0.5773411393165588,0.4138323366641998,0.0929270908236503,0.1539235860109329,0.5705033540725708,0.4029602408409118,-0.1520386040210724,0.9735855460166932,0.5737946629524231,0.4239227473735809,0.1003961637616157,0.1575790345668792,0.5556965470314026,0.431258350610733,-0.0752801373600959,0.9985540509223938,0.5492510199546814,0.4295346438884735,0.0752373188734054,0.996932089328766,0.5636914968490601,0.2759599983692169,-0.0643420293927192,0.8971816897392273,0.5537692308425903,0.2751758694648742,0.0752657502889633,0.336071252822876,0.5620444416999817,0.1081336885690689,-0.0309656783938407,0.903961718082428,0.5529416799545288,0.1211303174495697,0.1113346144556999,0.3889285624027252,0.5552433133125305,0.0888961479067802,-0.0297400224953889,0.9205141067504884,0.5457497239112854,0.1002661362290382,0.1124798953533172,0.5119089484214783,0.584228515625,0.0856755599379539,-0.0789597332477569,0.8972224593162537,0.5770118832588196,0.0962021946907043,0.06780756264925,0.4905814230442047,hoyeon_stand_normal_01,22.472205,22.803509,21.213203,19.104973,17.0,13.0,10.049876,7.28011,7.211103,7.81025,8.062258,9.848858,11.7047,13.928388,15.231546,16.552945,18.35756,18.867962,19.209373,18.439089,16.970563,14.142136,10.630146,8.062258,8.0,10.77033,9.433981,10.29563,11.18034,11.18034,11.18034,12.529964,12.529964,12.083046,12.083046,11.18034,11.18034,10.77033,9.848858,10.440307,10.440307,10.440307,10.198039,10.198039,10.198039,10.049876,10.0,10.198039,11.7047,14.317821,17.0,19.235384,11.8855355,10.532979999999998,8.840095999999999,7.1410855,8.0282305,9.3267625,11.44252,13.678113,15.5622575,17.957631999999997,19.654562,21.353125,22.297881,23.267326500000003,23.279467,22.097168,20.987818,18.431105,13.5089395,9.081908,3.4757665,4.3027755,9.994937,14.9851485,20.1312055,23.2437675,8.514897000000001,11.7328825,14.323977,16.115773,16.5080195,17.0416575,16.0019295,13.952237,11.6259585,8.840095999999999,6.0466845,2.9953525,1.2071070000000002,2.699173,4.736068,6.889636,8.881774,10.4442935,12.649111,13.601471,14.244304,15.2643025,15.9656485,15.8884955,15.921304,15.3102495,11.401754,12.806248,13.453624,14.142136,14.21267,13.601471,12.806248,11.661904,10.816654,8.602325,7.211103,6.403124,5.0,4.123106,6.082763,7.615773,11.661904,14.422205,16.643317,20.248457,21.954498,23.706539,24.186773,22.825424,21.470911,17.888544,12.165525,14.142136,16.03122,16.0,16.03122,15.033296,14.035669,11.045361,9.055385,7.0,5.09902,3.605551,3.162278,4.123106,5.0,6.082763,7.071068,8.062258,9.0,10.0,10.0,10.0,10.0,10.049876,9.219544,9.848858
hoyeon_stand_normal_01,2556,852,85.20465573770491,29.998360745314464,10,0.5739231705665588,0.6790372729301453,-0.0085879946127533,0.9999064207077026,0.5705175995826721,0.6910542845726013,-0.0241152066737413,0.9999030828475952,0.5695158839225769,0.6917174458503723,-0.0241317059844732,0.9999117255210876,0.5684696435928345,0.6923729181289673,-0.0241265371441841,0.9999249577522278,0.5705462694168091,0.6911413073539734,0.0017478415975347,0.999853014945984,0.5696715116500854,0.6917604804039001,0.0017729377141222,0.9998170733451844,0.5687107443809509,0.692441463470459,0.001747973030433,0.9998407363891602,0.5592892169952393,0.6880577206611633,-0.0655359998345375,0.999929904937744,0.5597823858261108,0.6893860697746277,0.048118595033884,0.9997341632843018,0.5689996480941772,0.6683021783828735,-0.0217295009642839,0.999904215335846,0.5692404508590698,0.6678531765937805,0.0113762710243463,0.9998502135276794,0.5479174256324768,0.631232738494873,-0.1393558233976364,0.9999957084655762,0.540282666683197,0.6209630370140076,0.1250755935907364,0.9997218251228333,0.553716778755188,0.5273532867431641,-0.1724068820476532,0.9975640177726746,0.5508629679679871,0.517406165599823,0.1500011533498764,0.1380690038204193,0.56618732213974,0.4292786717414856,-0.1553034633398056,0.9937739968299866,0.5687773823738098,0.4462262690067291,0.112461894750595,0.1453696638345718,0.5673156380653381,0.3959511518478393,-0.1798265725374221,0.9859846234321594,0.5772140622138977,0.4155598878860473,0.1180891096591949,0.1504845172166824,0.5707849264144897,0.3931019306182861,-0.1744787991046905,0.9846635460853576,0.5762428045272827,0.4133468270301819,0.0935174375772476,0.1540672183036804,0.5708991289138794,0.4030046463012695,-0.1518046259880066,0.9739283323287964,0.5735123157501221,0.4231685400009155,0.1009531244635582,0.1577081382274627,0.5563846826553345,0.4312717616558075,-0.0753494799137115,0.9985576272010804,0.5493701100349426,0.4296047985553741,0.0753052160143852,0.9969336986541748,0.5637455582618713,0.2759490311145782,-0.0642220675945282,0.8973144888877869,0.5537578463554382,0.275181770324707,0.07584810256958,0.3365159928798675,0.5620666742324829,0.1081447824835777,-0.0308520253747701,0.9043427109718324,0.5529415011405945,0.1212345659732818,0.1126133725047111,0.3894012570381164,0.5552048087120056,0.0888959094882011,-0.0296569168567657,0.9209818243980408,0.5457509160041809,0.1004479974508285,0.1138402745127677,0.5131861567497253,0.584328830242157,0.0857203975319862,-0.0790902450680732,0.897554874420166,0.577014684677124,0.0964765697717666,0.069556787610054,0.4914450645446777,hoyeon_stand_normal_01,23.0,23.086793,22.36068,19.646883,16.763055,13.928388,10.440307,8.062258,6.082763,7.211103,8.485281,10.0,11.401754,14.21267,15.620499,16.970563,17.691806,19.209373,19.416488,18.35756,16.552945,14.317821,11.18034,8.485281,8.246211,11.045361,10.0,10.630146,11.313708,12.041595,12.806248,12.806248,12.806248,12.206556,11.401754,11.401754,10.0,9.899495,9.219544,9.219544,10.0,9.433981,10.0,10.29563,10.29563,10.29563,10.77033,10.198039,11.045361,13.038405,16.124515,19.235384,13.341664,14.56022,14.866069,15.231546,14.317821,14.317821,12.529964,11.661904,10.0,7.81025,5.656854,4.123106,3.162278,5.0,7.28011,10.198039,14.142136,17.117243,19.235384,22.36068,23.537205,23.537205,22.803509,21.18962,18.384776,14.317821,7.81025,7.071068,5.656854,3.605551,1.0,1.414214,3.605551,5.385165,7.28011,8.246211,9.219544,9.219544,9.219544,8.062258,7.071068,7.071068,6.082763,5.09902,3.162278,1.414214,2.236068,3.162278,5.09902,7.071068,9.0,10.049876,16.124515,14.764823,12.529964,11.661904,9.219544,8.602325,8.944272,10.198039,11.18034,13.341664,14.56022,17.088007,17.888544,19.235384,20.248457,20.615528,21.260292,20.518285,18.384776,14.866069,11.401754,8.544004,7.28011,10.0,13.601471,16.643317,9.848858,8.062258,5.656854,4.123106,6.324555,9.433981,12.806248,15.0,16.643317,17.0,17.464249,18.027756,16.492423,15.297059,14.142136,13.152946,12.041595,11.18034,10.198039,10.440307,11.18034,12.206556,13.601471,14.422205,16.643317,16.643317
hoyeon_stand_normal_01,2559,853,85.30466120218578,29.998360745314464,10,0.5743319392204285,0.6790158152580261,-0.0039577092975378,0.9999080896377563,0.5709555149078369,0.6910263895988464,-0.0196787249296903,0.999904990196228,0.5699361562728882,0.6916956305503845,-0.0196973457932472,0.9999133348464966,0.5688839554786682,0.6923571228981018,-0.0196915287524461,0.9999263882637024,0.5709914565086365,0.691109299659729,0.0060705323703587,0.9998561143875122,0.570099413394928,0.6917296051979065,0.0060955444350838,0.999820590019226,0.5691127777099609,0.692412793636322,0.0060690729878842,0.999843955039978,0.5596235394477844,0.6880524158477783,-0.0620907619595527,0.9999314546585084,0.5600648522377014,0.6893737316131592,0.0514589548110961,0.999740481376648,0.5693625807762146,0.6682932376861572,-0.0172757804393768,0.999905526638031,0.5695696473121643,0.667838454246521,0.0157483611255884,0.999853014945984,0.5483352541923523,0.6312314867973328,-0.1353753358125686,0.999995768070221,0.5401811599731445,0.6210361123085022,0.1270133107900619,0.999726176261902,0.5548596978187561,0.5280855298042297,-0.1679371446371078,0.9975817799568176,0.5504388809204102,0.517837643623352,0.1504061371088028,0.1374974846839904,0.5667639374732971,0.4294992983341217,-0.1459386199712753,0.9937809705734252,0.5675201416015625,0.4462229311466217,0.113620601594448,0.1436436772346496,0.5678562521934509,0.3960933685302734,-0.1695422977209091,0.9859696626663208,0.5760604739189148,0.4155548512935638,0.1193980947136879,0.1490083634853363,0.571068525314331,0.3932041823863983,-0.1635918617248535,0.984638512134552,0.5750355124473572,0.4133206903934479,0.0949258953332901,0.1525361686944961,0.5711634159088135,0.4030945301055908,-0.1421584188938141,0.973865270614624,0.5728020071983337,0.4232722818851471,0.1021627634763717,0.1561579704284668,0.5573840737342834,0.4316946268081665,-0.0748781859874725,0.9985687136650084,0.5488795042037964,0.430054634809494,0.0748279243707656,0.9969674348831176,0.5640658736228943,0.2759115993976593,-0.0635431855916976,0.8971901535987854,0.5529546141624451,0.2751685678958893,0.0750929415225982,0.3397720158100128,0.5623026490211487,0.1083626598119735,-0.0304861869663,0.9039047360420228,0.552398145198822,0.1211005598306655,0.110742799937725,0.3910903632640838,0.5554170608520508,0.0890006124973297,-0.0292282868176698,0.9212377071380616,0.5456870198249817,0.1000206097960472,0.1119192466139793,0.5150812268257141,0.5841929316520691,0.0864138677716255,-0.0767482817173004,0.897264838218689,0.5763289332389832,0.0965707451105117,0.0684102848172187,0.4911960363388061,hoyeon_stand_normal_01,12.529964,11.7047,12.041595,14.035669,15.033296,16.03122,17.029386,16.0,16.03122,15.033296,13.152946,12.165525,10.049876,9.0,7.071068,6.708204,7.071068,8.944272,11.7047,14.56022,17.720045,21.18962,24.166092,25.059928,25.238859,24.083189,11.18034,11.18034,11.18034,11.18034,11.045361,11.0,10.049876,10.049876,10.198039,11.18034,10.440307,10.440307,10.440307,9.486833,8.544004,8.944272,8.602325,9.219544,10.630146,12.806248,14.21267,16.401219,17.029386,17.691806,17.691806,15.556349,17.117243,18.11077,19.0,19.0,18.027756,17.117243,16.278821,14.317821,12.369317,9.486833,7.615773,5.0,3.162278,4.242641,7.615773,11.7047,15.811388,18.973666,22.472205,25.632011,27.313001,27.730849,26.41969,24.698178,20.808652,16.401219,9.848858,9.486833,7.071068,5.0,2.236068,2.236068,4.472136,6.082763,8.062258,9.0,10.0,10.049876,10.049876,9.055385,8.062258,7.0,6.0,4.123106,3.162278,2.236068,3.162278,5.656854,7.211103,9.433981,12.083046,13.601471,11.401754,12.806248,13.038405,14.422205,13.601471,14.21267,13.453624,12.727922,11.313708,9.899495,8.485281,7.071068,5.0,4.123106,5.09902,7.211103,9.219544,12.727922,15.556349,18.384776,20.518285,22.022716,22.671568,20.615528,19.209373,17.029386,12.727922,14.866069,16.401219,16.643317,16.643317,16.124515,14.764823,12.529964,10.29563,8.602325,6.403124,5.385165,5.09902,5.0,6.082763,7.28011,8.544004,9.486833,9.486833,10.440307,10.198039,10.440307,10.440307,10.77033,10.29563,10.630146
hoyeon_stand_normal_01,2562,854,85.40466666666667,29.998360745314464,10,0.5745745301246643,0.6789121031761169,-0.0012982824118807,0.999908208847046,0.5712496042251587,0.6909342408180237,-0.016952296718955,0.999905288219452,0.5702286958694458,0.6916197538375854,-0.0169720984995365,0.9999133944511414,0.5691854953765869,0.6922983527183533,-0.0169662423431873,0.9999264478683472,0.5712776184082031,0.6910061836242676,0.0084651987999677,0.9998568892478944,0.5703701376914978,0.6916317343711853,0.0084902606904506,0.999821126461029,0.5693657398223877,0.6923248171806335,0.0084605542942881,0.9998445510864258,0.5599105358123779,0.6880467534065247,-0.0593178980052471,0.9999316930770874,0.5602733492851257,0.6893646121025085,0.0528784282505512,0.9997427463531494,0.5696071982383728,0.6682232022285461,-0.0144999409094452,0.9999047517776488,0.5698032975196838,0.667770504951477,0.0181006994098424,0.9998533725738524,0.5489871501922607,0.6312406063079834,-0.1327714174985885,0.999995768070221,0.5399174094200134,0.6211481094360352,0.1279134899377823,0.9997278451919556,0.5564478039741516,0.5282938480377197,-0.1645004153251648,0.9975579977035522,0.5494171977043152,0.5180936455726624,0.1502204537391662,0.1352066099643707,0.5674842000007629,0.4295448362827301,-0.1396307945251464,0.9936341047286988,0.5653393864631653,0.4462160468101501,0.1143715307116508,0.1391220241785049,0.5685215592384338,0.3961191475391388,-0.162544310092926,0.985673725605011,0.571821928024292,0.4155512452125549,0.1206829771399498,0.1449194103479385,0.5713437795639038,0.3932214975357055,-0.1561201512813568,0.9843031167984008,0.5708245038986206,0.4130007624626159,0.0965638011693954,0.1482944041490554,0.5713710784912109,0.4030945301055908,-0.1356841623783111,0.973340094089508,0.5692115426063538,0.4232033193111419,0.103091076016426,0.1518949568271637,0.5582140684127808,0.4319574236869812,-0.0743845030665397,0.9985775351524352,0.5480729341506958,0.4302611351013183,0.0743253454566001,0.996991753578186,0.564773678779602,0.2760134041309356,-0.0629380866885185,0.8967700600624084,0.5518022179603577,0.2752653658390045,0.0742949545383453,0.3415710628032684,0.5624338984489441,0.1084430664777755,-0.0302661675959825,0.902896761894226,0.5520119071006775,0.1206509321928024,0.109182097017765,0.3910605907440185,0.555454432964325,0.0890947803854942,-0.0289092753082513,0.9215148091316224,0.5455660223960876,0.099634438753128,0.110341265797615,0.5160447955131531,0.58414226770401,0.0866014212369918,-0.0736991912126541,0.8964213132858276,0.5759205222129822,0.0956837460398674,0.0677255615592002,0.4885428547859192,hoyeon_stand_normal_01,21.954498,22.203603,21.260292,19.79899,15.620499,13.453624,9.899495,8.602325,7.28011,8.0,10.0,11.045361,12.041595,14.035669,15.033296,16.0,18.0,18.11077,18.248288,17.464249,15.524175,14.317821,11.18034,9.055385,10.29563,12.041595,9.219544,10.630146,12.806248,13.038405,13.892444,14.317821,13.928388,12.649111,11.401754,10.440307,9.219544,7.615773,8.062258,7.81025,8.485281,9.899495,9.899495,10.630146,10.630146,11.313708,11.313708,11.401754,12.529964,14.317821,16.155494,19.313208,12.0,11.18034,9.848858,7.81025,8.062258,9.055385,11.045361,13.341664,14.866069,17.088007,19.313208,20.248457,21.18962,21.18962,23.086793,21.587033,20.396078,17.262677,14.142136,9.219544,4.472136,4.472136,10.0,15.0,19.209373,22.671568,8.062258,10.77033,13.601471,15.297059,16.124515,16.03122,15.132746,13.341664,10.77033,8.944272,5.656854,2.236068,1.414214,3.0,5.385165,7.615773,8.944272,11.661904,12.206556,14.422205,14.422205,15.264338,15.652476,14.317821,14.866069,13.341664,13.156543,12.841455,12.7909665,12.481431,11.6544135,11.0640355,10.405125,10.5693405,10.8103235,11.0083985,11.334208,11.0679715,11.014693,11.692388,13.3491455,14.1553575,15.8858,16.7766025,16.907811000000002,16.7766025,16.097106,15.202965,15.6289205,16.6912115,17.1562105,17.0733145,10.700877,10.112007,9.802441,9.3194235,11.0413815,11.14094,12.2200795,12.323416,11.686603,11.6749445,10.6117675,9.8027755,9.3027755,9.132621,9.125983,9.1846585,8.7201535,9.1301485,9.055385,9.609772,10.198039,10.310649000000002,11.283678,12.305048,12.7620875,12.258301500000002
hoyeon_stand_normal_01,2565,855,85.50467213114754,29.998360745314464,10,0.5748305916786194,0.6787933707237244,-0.0004903372027911,0.9999085068702698,0.5715318322181702,0.690826416015625,-0.0161073692142963,0.9999056458473206,0.5705022215843201,0.6915310025215149,-0.0161268822848796,0.9999135732650756,0.5694586634635925,0.6922287344932556,-0.016122018918395,0.9999266266822816,0.5715731978416443,0.6908825635910034,0.0091214422136545,0.9998579025268556,0.5706614851951599,0.6915147304534912,0.009146673604846,0.9998221397399902,0.5696499943733215,0.6922205686569214,0.0091172056272625,0.999845802783966,0.5601887106895447,0.6880393624305725,-0.0584475956857204,0.999931812286377,0.5605319142341614,0.6893587112426758,0.053033847361803,0.9997456073760986,0.5698719024658203,0.6681694984436035,-0.0136639354750514,0.9999040961265564,0.5700958371162415,0.6677238345146179,0.0187026187777519,0.9998540282249452,0.5495895147323608,0.6312432289123535,-0.1310531347990036,0.9999957084655762,0.5398671627044678,0.6212095022201538,0.1278813779354095,0.9997300505638124,0.5577957034111023,0.5284997224807739,-0.1616045832633972,0.9975056648254396,0.5481594800949097,0.5181781053543091,0.1487749367952346,0.1329657137393951,0.5685765147209167,0.429904967546463,-0.1358716189861297,0.9933719038963318,0.5618313550949097,0.4446616470813751,0.1143505275249481,0.1345991194248199,0.5699033737182617,0.3963210880756378,-0.1584145277738571,0.9851675033569336,0.5704069137573242,0.4151852130889892,0.1206924617290496,0.1408812254667282,0.5719684958457947,0.3933836221694946,-0.151774913072586,0.9837350845336914,0.567383348941803,0.4120051264762878,0.0967608392238617,0.1440967619419098,0.5718081593513489,0.4032589793205261,-0.1318961977958679,0.9724622964859008,0.5663000345230103,0.4227297306060791,0.1031140610575676,0.1475926637649536,0.5593598484992981,0.4322694540023803,-0.0736538991332054,0.9985808730125428,0.5478054285049438,0.4305923283100128,0.0735879093408584,0.9970047473907472,0.5659006237983704,0.2761032283306122,-0.062111847102642,0.8971928954124451,0.5512905120849609,0.2754101455211639,0.0734772980213165,0.3450835347175598,0.5627798438072205,0.1089943796396255,-0.0297937467694282,0.9028266072273254,0.5518314838409424,0.1206588074564933,0.1081737279891967,0.3921069800853729,0.5558355450630188,0.0892384499311447,-0.0283357985317707,0.9218743443489076,0.5455570816993713,0.0995420664548873,0.1093537285923957,0.5167189240455627,0.5841309428215027,0.0868532285094261,-0.0721061900258064,0.8963308930397034,0.5756534337997437,0.0962876081466674,0.0671703815460205,0.4870896935462951,hoyeon_stand_normal_01,22.022716,22.022716,21.213203,19.416488,16.492423,13.601471,11.18034,9.0,8.246211,8.944272,9.433981,11.401754,12.806248,13.601471,15.0,16.401219,16.643317,18.35756,18.35756,17.0,16.552945,14.317821,12.529964,10.630146,10.29563,12.649111,9.486833,11.7047,13.0,14.764823,15.811388,15.620499,14.866069,12.806248,11.401754,10.0,7.81025,7.81025,6.708204,7.28011,8.246211,9.219544,10.198039,11.401754,12.369317,12.649111,12.369317,13.341664,13.038405,14.0,16.03122,19.104973,14.866069,15.620499,16.401219,15.811388,16.124515,14.764823,13.416408,12.083046,10.77033,8.246211,6.082763,4.0,2.828427,4.123106,6.708204,10.816654,14.422205,18.027756,21.095023,22.825424,24.596748,25.079872,23.769729,22.135944,18.681542,15.524175,8.062258,8.0,6.0,3.162278,1.0,2.236068,4.0,6.082763,8.246211,9.486833,10.77033,9.848858,9.848858,9.848858,8.944272,7.615773,6.324555,5.09902,4.0,2.236068,3.162278,4.123106,6.324555,8.944272,10.816654,12.041595,16.763055,14.866069,13.928388,11.7047,10.29563,9.219544,10.0,11.18034,12.083046,13.416408,15.652476,17.492856,18.601075,19.849433,21.213203,21.260292,22.203603,20.248457,18.867962,15.811388,12.806248,9.433981,9.055385,11.7047,13.892444,17.204651,8.944272,6.708204,5.0,5.0,6.708204,9.433981,11.661904,14.764823,15.652476,16.552945,16.763055,16.492423,15.297059,14.142136,13.038405,13.038405,11.045361,11.045361,10.198039,10.440307,10.77033,13.0,14.317821,15.652476,17.464249,17.088007
hoyeon_stand_normal_01,2568,856,85.60467759562842,29.998360745314464,10,0.5752096772193909,0.6786385178565979,-0.0040778201073408,0.9999063014984132,0.5719015002250671,0.6906708478927612,-0.0195386465638875,0.9999033808708192,0.5708609223365784,0.6913880109786987,-0.0195559430867433,0.999911367893219,0.569807767868042,0.6921026706695557,-0.0195520985871553,0.9999247789382936,0.5719565749168396,0.6907264590263367,0.005427717231214,0.9998548030853271,0.5710480213165283,0.6913674473762512,0.0054521872662007,0.9998185038566588,0.5700333714485168,0.6920894980430603,0.0054236920550465,0.9998430609703064,0.5605690479278564,0.6879813075065613,-0.0614415854215621,0.9999297261238098,0.5609154105186462,0.6893296241760254,0.0489706546068191,0.9997401237487792,0.5702987313270569,0.6680821776390076,-0.0171424988657236,0.9999008774757384,0.57056725025177,0.667650580406189,0.0148908849805593,0.9998505115509032,0.5503547191619873,0.6308101415634155,-0.1335111260414123,0.9999955296516418,0.5400052666664124,0.6212298274040222,0.1236490905284881,0.9997245669364928,0.5590531229972839,0.5282412767410278,-0.1619007438421249,0.9974190592765808,0.5474118590354919,0.5181335806846619,0.1431805491447448,0.1299090683460235,0.5696629285812378,0.4298043847084045,-0.1391250193119049,0.9929952025413512,0.5594673156738281,0.4430155456066131,0.1108693107962608,0.1295546591281891,0.5709745287895203,0.3963176012039184,-0.1618547439575195,0.9844334721565248,0.563258171081543,0.4136015474796295,0.1177270263433456,0.1362183690071106,0.5726338028907776,0.3934135735034942,-0.1552356630563736,0.9829331040382384,0.5652774572372437,0.411061942577362,0.0944224298000335,0.1392701715230941,0.5724026560783386,0.4032629132270813,-0.1352209895849228,0.9712179899215698,0.5631479024887085,0.4208238422870636,0.1000075787305831,0.1426669359207153,0.5600017309188843,0.4322249889373779,-0.0736686512827873,0.9985644221305848,0.5478700399398804,0.4306361973285675,0.0736023262143135,0.9969565272331238,0.5665174126625061,0.2761823534965515,-0.0615137368440628,0.8974875807762146,0.5516805052757263,0.275642991065979,0.0738858133554458,0.3464172482490539,0.5628320574760437,0.10946074873209,-0.0288827437907457,0.9034581184387208,0.5518696904182434,0.1217450350522995,0.1104053929448127,0.3927816152572632,0.5558398365974426,0.0895259454846382,-0.0274324156343936,0.9222093224525452,0.5455662608146667,0.1008709296584129,0.1118063181638717,0.517082154750824,0.5843881368637085,0.0883099809288978,-0.0725740939378738,0.8968687057495117,0.5756738781929016,0.0973245725035667,0.0702737048268318,0.487273633480072,hoyeon_stand_normal_01,17.077747000000002,16.895560500000002,16.353222000000002,16.5571785,15.572445,15.298321,14.658613,13.2781745,12.4579725,11.4702285,11.327553,10.737787999999998,9.9497475,9.924845,9.687983,10.635963,10.757941,11.9330345,13.4004195,14.7744435,15.8879965,16.298723,17.3955455,17.3587725,17.7942635,17.5108645,11.718197,12.3847585,13.220767,12.8862445,12.8217645,12.262516000000002,12.51561,11.5441405,11.6109675,10.5503315,10.0,9.2539025,9.076473,9.346936,9.972879,10.4841845,9.9128575,11.208204,11.0693275,12.3589175,13.319938,14.4329045,14.849706,15.659215,16.0335165,16.6744385,11.0,9.219544,8.062258,7.81025,8.544004,10.049876,11.045361,13.341664,15.524175,17.088007,18.973666,20.248457,21.18962,22.135944,21.84033,21.587033,20.396078,17.262677,14.317821,9.486833,5.656854,5.385165,10.630146,15.556349,19.79899,23.430749,8.944272,12.083046,14.866069,16.492423,18.248288,18.027756,17.029386,15.132746,12.369317,9.848858,7.211103,4.242641,1.0,2.0,4.123106,6.708204,8.062258,10.816654,12.206556,13.601471,13.601471,14.422205,14.422205,14.764823,13.928388,13.601471,12.083046,13.416408,14.764823,14.317821,14.317821,14.317821,13.928388,12.649111,11.401754,10.198039,8.246211,7.28011,5.830952,5.656854,6.708204,9.055385,12.0,15.033296,17.029386,20.024984,22.0,23.021729,24.020824,23.021729,21.023796,18.027756,11.18034,13.0,13.928388,14.866069,15.524175,14.317821,13.152946,11.18034,9.219544,7.28011,5.830952,4.242641,4.472136,4.123106,6.082763,7.0,7.0,8.0,9.055385,10.049876,10.049876,10.198039,10.049876,10.0,10.049876,10.198039
hoyeon_stand_normal_01,2571,857,85.70468306010929,29.998360745314464,10,0.5755736827850342,0.6786035299301147,-0.0057564885355532,0.9999002814292908,0.5722607970237732,0.6905913949012756,-0.0212202854454517,0.9998971223831176,0.5712191462516785,0.6913033127784729,-0.0212392825633287,0.9999051690101624,0.5701638460159302,0.6920135617256165,-0.0212365202605724,0.9999197125434875,0.5723006725311279,0.6906580328941345,0.0034957220777869,0.9998465180397034,0.5713843107223511,0.6913021802902222,0.003518873360008,0.9998080134391784,0.5703571438789368,0.6920281052589417,0.0034866628702729,0.9998347759246826,0.5609557628631592,0.6878515481948853,-0.0630785971879959,0.9999244213104248,0.5612534284591675,0.6892812252044678,0.0461752042174339,0.9997252821922302,0.5707105994224548,0.6680645942687988,-0.0187796335667371,0.9998932480812072,0.570959746837616,0.667638897895813,0.0129239223897457,0.9998418688774108,0.5512446165084839,0.6301784515380859,-0.1345042586326599,0.9999950528144836,0.5400092005729675,0.6213013529777527,0.1203586310148239,0.9997153282165528,0.5608135461807251,0.5276204943656921,-0.1630723476409912,0.99724280834198,0.5468555092811584,0.5180814862251282,0.1385431289672851,0.1268051564693451,0.5711238980293274,0.4287453591823578,-0.1381347179412841,0.992349088191986,0.5584335923194885,0.4418957233428955,0.1074444130063057,0.1243370249867439,0.5724138617515564,0.3959740102291107,-0.1602559238672256,0.9832237362861632,0.5611766576766968,0.4128540754318237,0.1146629303693771,0.1314117759466171,0.5736327767372131,0.3933219313621521,-0.1532642245292663,0.9816074967384338,0.5628377795219421,0.4100611805915832,0.0915417969226837,0.1342664361000061,0.5732985734939575,0.4030957818031311,-0.1341068297624588,0.969218134880066,0.5622138381004333,0.4195839464664459,0.096743457019329,0.1375554054975509,0.5608291029930115,0.4320033490657806,-0.0731842368841171,0.9985178112983704,0.54798424243927,0.4306761026382446,0.0731105804443359,0.9968591928482056,0.5670939683914185,0.276260107755661,-0.0598115511238575,0.895490288734436,0.5517975687980652,0.2762164175510406,0.0739378854632377,0.3457866311073303,0.5631734728813171,0.1098852083086967,-0.0259441696107387,0.9018136262893676,0.5519288778305054,0.1221335381269455,0.1112927347421646,0.3904396891593933,0.5563649535179138,0.0898597911000251,-0.0243929699063301,0.9219024181365968,0.5456830859184265,0.1012959629297256,0.1127959638833999,0.5160277485847473,0.5845569968223572,0.0898302122950553,-0.0689447969198226,0.8952426910400391,0.5756658911705017,0.0980007201433181,0.0717900916934013,0.4837350845336914,hoyeon_stand_normal_01,15.524175,17.720045,16.763055,17.088007,15.231546,13.928388,11.7047,10.440307,9.055385,8.0,8.062258,7.615773,7.615773,7.211103,8.485281,9.219544,10.816654,11.661904,13.416408,14.317821,14.317821,13.0,13.0,11.18034,10.049876,11.401754,11.045361,13.038405,16.278821,17.720045,18.788294,18.027756,17.029386,14.866069,11.401754,8.602325,5.0,3.162278,3.605551,5.656854,7.81025,10.630146,11.401754,13.601471,14.764823,14.764823,15.231546,13.928388,12.083046,10.816654,10.630146,11.18034,10.0,8.544004,7.071068,7.28011,7.81025,8.602325,10.77033,12.649111,14.317821,16.278821,18.439089,19.235384,20.396078,20.615528,20.615528,19.924859,18.973666,16.763055,12.649111,8.062258,5.385165,6.082763,10.198039,15.524175,19.646883,22.561028,9.055385,12.165525,14.56022,17.088007,17.888544,17.492856,17.204651,14.866069,12.727922,10.0,6.708204,4.472136,2.0,1.414214,4.242641,6.708204,8.544004,10.77033,11.7047,13.601471,13.928388,14.866069,13.928388,14.317821,13.892444,12.206556,12.083046,13.0,13.416408,14.764823,14.764823,14.317821,13.928388,12.649111,11.401754,10.440307,9.219544,7.28011,6.708204,5.0,5.385165,7.071068,10.0,13.038405,15.132746,18.11077,20.099751,21.023796,21.023796,20.0,18.0,15.0,11.661904,13.416408,15.231546,14.866069,15.811388,14.56022,13.601471,11.401754,9.486833,7.615773,5.830952,5.656854,5.385165,5.385165,6.082763,7.071068,8.062258,9.055385,10.049876,10.049876,10.198039,11.18034,10.049876,10.049876,11.0,10.198039
hoyeon_stand_normal_01,2574,858,85.80468852459016,29.998360745314464,10,0.5763118267059326,0.6785994172096252,-0.0089612286537885,0.9998931884765624,0.5729646682739258,0.690585196018219,-0.0245236363261938,0.9998900890350342,0.5719105005264282,0.6912978291511536,-0.0245437193661928,0.999898076057434,0.5708248019218445,0.6920051574707031,-0.0245425458997488,0.9999139904975892,0.5729755759239197,0.6906503438949585,0.0001655946980463,0.9998376369476318,0.5720527768135071,0.6912958025932312,0.0001869613333838,0.999796986579895,0.5710079073905945,0.692022979259491,0.0001513292081654,0.9998263716697692,0.5615178346633911,0.6878101825714111,-0.066438503563404,0.999918520450592,0.5617573857307434,0.6892533302307129,0.042694192379713,0.9997109174728394,0.5714085698127747,0.6680660843849182,-0.0219744741916656,0.9998850226402284,0.5716171264648438,0.6676357388496399,0.0097009800374507,0.9998331069946288,0.5518313050270081,0.6296309232711792,-0.1367811411619186,0.9999945163726808,0.5401814579963684,0.6214047074317932,0.1170235499739646,0.999707579612732,0.5621340274810791,0.5267385840415955,-0.1631965935230255,0.9970176219940186,0.5469115972518921,0.5180959701538086,0.1339771300554275,0.1240613460540771,0.5725288987159729,0.4275090396404266,-0.1374671161174774,0.9915075302124025,0.5584221482276917,0.4407500624656677,0.1022568643093109,0.1194693073630333,0.5736733675003052,0.3954076170921325,-0.1594560444355011,0.9816699624061584,0.5610256791114807,0.412172794342041,0.1093486547470092,0.126871109008789,0.5747186541557312,0.3929620385169983,-0.1523190885782241,0.9799073338508606,0.5622078776359558,0.4090358912944793,0.0862080678343772,0.1295289993286132,0.5743935704231262,0.4025159776210785,-0.1333871781826019,0.9666629433631896,0.5619724988937378,0.4184491038322449,0.0915884003043174,0.1327303498983383,0.5614559054374695,0.4317379295825958,-0.0727908313274383,0.99846088886261,0.5480248928070068,0.4307048320770263,0.0727137252688407,0.9967511296272278,0.5678566694259644,0.2762938439846039,-0.0584399551153183,0.8931435346603394,0.5518087148666382,0.2768833637237549,0.0744392573833465,0.3449169397354126,0.5634568333625793,0.1101969182491302,-0.0230177976191043,0.899814248085022,0.5519208312034607,0.1222928762435913,0.1131587252020835,0.3873452246189117,0.5565904974937439,0.0901090577244758,-0.0214015934616327,0.9213723540306092,0.5456803441047668,0.101374551653862,0.1147856786847114,0.5146958231925964,0.5847641229629517,0.091261550784111,-0.065820425748825,0.8930867314338684,0.5755972266197205,0.0983185693621635,0.0742664858698844,0.4794320166110992,hoyeon_stand_normal_01,15.0,16.401219,17.204651,17.204651,16.643317,14.422205,12.806248,10.630146,9.219544,8.062258,8.544004,8.062258,7.0,8.246211,8.544004,9.433981,10.630146,12.727922,14.21267,15.620499,16.401219,15.811388,14.422205,13.416408,11.401754,12.041595,11.045361,14.0,16.278821,17.720045,18.788294,18.027756,17.029386,14.21267,10.816654,8.062258,4.472136,1.0,3.0,5.0,8.246211,10.440307,11.7047,13.416408,15.264338,14.422205,14.21267,12.806248,11.401754,8.944272,8.0,9.848858,11.401754,10.630146,8.944272,8.062258,8.246211,9.433981,11.313708,12.806248,15.0,16.643317,17.492856,18.867962,20.248457,20.248457,21.633308,20.0,20.0,17.029386,12.806248,8.602325,4.123106,4.472136,10.0,15.0,19.0,23.021729,8.246211,11.7047,14.317821,16.124515,17.804494,17.691806,17.029386,15.0,12.529964,9.848858,6.324555,4.0,1.0,2.828427,5.385165,7.28011,10.198039,12.165525,13.152946,15.132746,16.124515,17.117243,17.262677,16.278821,15.524175,13.928388,12.0,13.038405,13.038405,14.035669,14.0,14.0,13.038405,12.165525,11.18034,10.198039,8.246211,6.082763,5.0,4.472136,5.656854,7.615773,10.77033,13.601471,16.763055,18.973666,21.18962,21.540659,21.540659,20.615528,18.788294,15.231546,12.041595,14.035669,15.0,15.033296,15.033296,15.132746,13.152946,12.165525,10.049876,8.062258,6.082763,5.385165,5.0,5.656854,5.830952,6.708204,8.062258,8.062258,8.062258,9.433981,9.433981,9.433981,9.433981,8.944272,9.848858,10.198039
hoyeon_stand_normal_01,2577,859,85.90469398907103,29.998360745314464,10,0.5770854353904724,0.6785949468612671,-0.0107778636738657,0.999890387058258,0.573678195476532,0.6905672550201416,-0.0260096136480569,0.9998872876167296,0.5726147294044495,0.6912728548049927,-0.0260296333581209,0.9998949766159058,0.5714977979660034,0.6919748187065125,-0.0260293055325746,0.999911606311798,0.5736846327781677,0.6906340718269348,-0.001640970702283,0.9998349547386168,0.5727693438529968,0.6912736296653748,-0.0016199754318222,0.9997933506965636,0.5717170834541321,0.6919935345649719,-0.0016542398370802,0.999823808670044,0.5621360540390015,0.6877109408378601,-0.0665346086025238,0.9999160170555116,0.5623283386230469,0.6891404390335083,0.0413465462625026,0.9997061491012572,0.5721713900566101,0.6680618524551392,-0.0231725201010704,0.9998818039894104,0.5723742246627808,0.6676239371299744,0.0080633182078599,0.9998302459716796,0.552471935749054,0.628882646560669,-0.1369194090366363,0.9999942183494568,0.5407944321632385,0.6213936805725098,0.1163635700941085,0.9997040033340454,0.5624836087226868,0.5261045098304749,-0.1639707833528518,0.9968864917755128,0.547383189201355,0.5180513262748718,0.1323578953742981,0.1219034120440483,0.5734030604362488,0.4270167052745819,-0.1377023011445999,0.991081476211548,0.5589223504066467,0.4395267367362976,0.0994676202535629,0.1156128942966461,0.5744760036468506,0.3951177299022674,-0.1598234921693802,0.9808630347251892,0.5618103742599487,0.4101478159427643,0.106045015156269,0.1233490779995918,0.5755791068077087,0.3928382396697998,-0.1526848971843719,0.9790185689926147,0.5629512667655945,0.4072029590606689,0.0830105915665626,0.1258215010166168,0.5752986073493958,0.4022676646709442,-0.133607342839241,0.965337336063385,0.5626247525215149,0.4174112379550934,0.0888125225901603,0.1289407461881637,0.5619199872016907,0.4316997230052948,-0.0724796205759048,0.998437523841858,0.5481245517730713,0.4307394623756408,0.072398692369461,0.9967084527015686,0.5685136318206787,0.2761685252189636,-0.0581463575363159,0.8915857672691345,0.5517933368682861,0.276932030916214,0.0744450464844703,0.3428739607334137,0.5639235973358154,0.1104792654514312,-0.0230443812906742,0.8981639742851257,0.5519027709960938,0.1223002150654792,0.1131251826882362,0.383515864610672,0.5570419430732727,0.090426430106163,-0.0214614775031805,0.9208767414093018,0.5456715822219849,0.1013815999031066,0.1147296130657196,0.512123167514801,0.5849038362503052,0.0916900634765625,-0.0662263482809066,0.8912680745124817,0.575350821018219,0.0983099192380905,0.0738834515213966,0.4744788706302643,hoyeon_stand_normal_01,12.369317,15.524175,16.492423,17.464249,16.492423,14.56022,13.928388,12.083046,10.29563,9.219544,7.071068,5.830952,5.09902,5.09902,5.656854,6.708204,9.219544,11.18034,13.038405,15.033296,15.0,15.0,14.142136,10.440307,9.433981,9.433981,11.18034,14.422205,17.029386,17.691806,18.601075,18.35756,16.155494,14.56022,11.18034,8.0,4.472136,2.236068,4.242641,5.385165,8.246211,11.045361,12.0,14.035669,15.132746,15.297059,14.317821,12.369317,10.198039,7.0,5.0,6.082763,15.0,16.03122,16.124515,15.297059,15.524175,14.56022,13.0,11.18034,9.433981,7.81025,6.403124,4.123106,4.123106,5.656854,8.544004,11.7047,14.56022,18.681542,20.880613,23.086793,24.351591,24.698178,23.769729,23.259407,19.235384,16.124515,10.0,9.219544,7.071068,5.0,2.236068,1.0,4.472136,6.324555,8.544004,10.440307,11.18034,11.18034,11.045361,10.049876,10.049876,9.0,7.0,6.0,4.0,2.0,1.414214,3.162278,6.082763,9.055385,11.045361,13.038405,16.492423,14.56022,12.369317,11.401754,9.433981,9.219544,8.602325,10.29563,11.661904,13.892444,15.264338,17.204651,18.439089,19.104973,20.0,20.248457,20.59126,18.788294,16.552945,13.416408,10.816654,8.062258,9.0,10.77033,14.764823,17.492856,8.944272,7.211103,5.0,5.09902,6.324555,8.944272,11.661904,13.416408,14.317821,15.231546,15.811388,15.524175,14.317821,13.152946,12.041595,11.0,10.0,10.0,9.055385,10.198039,10.440307,11.7047,13.928388,15.231546,16.155494,16.763055
hoyeon_stand_normal_01,2580,860,86.00469945355191,29.998360745314464,10,0.5777899622917175,0.6785507798194885,-0.0123540181666612,0.9998900890350342,0.5743461847305298,0.6905010938644409,-0.0272613335400819,0.999886989593506,0.5732685923576355,0.6911998987197876,-0.0272813625633716,0.999894380569458,0.5721267461776733,0.6919016242027283,-0.0272822640836238,0.9999113082885742,0.5743929147720337,0.6905705332756042,-0.0031025549396872,0.9998353123664856,0.5734996795654297,0.6912054419517517,-0.0030807773582637,0.9997935891151428,0.5724676847457886,0.6919230222702026,-0.0031115976162254,0.999824285507202,0.5627790689468384,0.687598466873169,-0.0667320191860199,0.9999155402183532,0.5630754232406616,0.6890031695365906,0.0401235409080982,0.9997053742408752,0.5729316473007202,0.6680347919464111,-0.0243981890380382,0.9998815655708312,0.5732341408729553,0.6675904989242554,0.0065278378315269,0.9998303055763244,0.5529375076293945,0.6281934380531311,-0.1371034234762191,0.9999939799308776,0.5418747067451477,0.6213032007217407,0.1150363534688949,0.9996992945671082,0.5626377463340759,0.5254929661750793,-0.1644167453050613,0.9968016147613524,0.5481435656547546,0.5177665948867798,0.1306895166635513,0.1198710575699806,0.5739432573318481,0.4265905022621155,-0.1376950144767761,0.990813970565796,0.5592719316482544,0.4376052916049957,0.098001591861248,0.111974224448204,0.5749741792678833,0.3947532176971435,-0.1596079915761947,0.9803164601325988,0.5626041293144226,0.4076098203659057,0.1044502183794975,0.1199505776166915,0.5762010812759399,0.3926770687103271,-0.1525154262781143,0.9784244298934937,0.5636110305786133,0.404951810836792,0.0816406458616256,0.1222505867481231,0.5760058760643005,0.4019234478473663,-0.133580669760704,0.9644626975059508,0.5630475878715515,0.4155707359313965,0.0873997434973716,0.1252841502428054,0.5625432729721069,0.4316988289356231,-0.0721571743488311,0.9984089732170104,0.5488536357879639,0.4308504164218902,0.0720717385411262,0.9966446757316588,0.5686385631561279,0.2760947346687317,-0.0576170049607753,0.8894497156143188,0.5519139766693115,0.277006596326828,0.0741475969552993,0.3398706614971161,0.5639336109161377,0.1104886382818222,-0.0231447983533144,0.8963544964790344,0.5518763065338135,0.122273214161396,0.1130973324179649,0.3793077766895294,0.5570134520530701,0.090493232011795,-0.0216882470995187,0.9199691414833068,0.5455836057662964,0.1013792306184768,0.1146794036030769,0.5088534951210022,0.585105299949646,0.0918734669685363,-0.0673566833138465,0.889480710029602,0.5753345489501953,0.0982724875211715,0.0737942680716514,0.4700942039489746,hoyeon_stand_normal_01,13.0,16.155494,17.088007,17.088007,17.088007,15.524175,13.341664,11.18034,10.0,8.062258,5.385165,4.472136,2.236068,2.236068,4.123106,7.0,10.049876,12.165525,14.317821,15.524175,16.763055,16.155494,14.764823,11.401754,10.29563,10.0,12.206556,14.764823,17.088007,18.681542,19.235384,17.117243,16.0,14.035669,10.440307,8.062258,5.0,5.0,5.830952,7.81025,9.848858,11.7047,13.601471,14.56022,15.297059,15.132746,14.142136,12.041595,9.055385,5.09902,2.236068,5.0,9.400182,8.377261,7.54518,7.531129,8.7996945,10.024938,11.7216745,13.226812,14.8824115,16.227352500000002,17.616203499999997,18.722122,19.416488,20.248457,19.8324725,19.162079,17.7811055,15.731932,12.095934,7.7130115,4.736068,5.1925825,9.2434165,14.450869,18.486833,21.270329500000003,8.602325,11.8517495,15.0488075,16.582137000000003,17.9659725,18.449532,17.044003500000002,15.2787355,12.6592355,9.7434165,6.889636,4.813903,2.118034,2.699173,4.736068,7.0725105,9.271109,11.35235,12.9849915,14.6336075,15.7931205,15.7931205,15.7931205,15.077747,13.9330345,12.7535945,12.369317,14.317821,14.317821,15.297059,15.524175,14.56022,13.928388,13.0,12.083046,10.29563,8.944272,7.615773,6.324555,6.0,6.708204,8.485281,10.630146,13.601471,17.204651,20.0,21.400935,22.671568,22.671568,21.931712,19.104973,16.278821,12.041595,14.142136,15.297059,15.297059,16.492423,15.811388,13.601471,12.649111,10.440307,8.246211,7.0,6.082763,6.324555,5.830952,6.403124,7.071068,8.485281,9.899495,9.899495,10.630146,10.630146,10.630146,10.630146,10.630146,10.0,11.661904
hoyeon_stand_normal_01,2583,861,86.10470491803278,29.998360745314464,10,0.5782827138900757,0.6783003807067871,-0.0119134429842233,0.9998891353607178,0.5749117136001587,0.6902291178703308,-0.0268646478652954,0.9998859763145448,0.5738176107406616,0.6909410953521729,-0.0268852412700653,0.9998932480812072,0.5726446509361267,0.6916810274124146,-0.0268862321972847,0.9999104738235474,0.5750433802604675,0.6902772784233093,-0.0025801120791584,0.9998342990875244,0.5742033123970032,0.6909069418907166,-0.0025574548635631,0.999791979789734,0.5732221603393555,0.6916356682777405,-0.0025877458974719,0.9998230934143066,0.5633232593536377,0.6874725818634033,-0.0666792839765548,0.9999147057533264,0.5639002323150635,0.688782811164856,0.0409049279987812,0.9997023344039916,0.5733391046524048,0.6678714752197266,-0.0240374263375997,0.9998807311058044,0.5738000273704529,0.6673936247825623,0.007061936892569,0.999829113483429,0.553066611289978,0.6281701922416687,-0.1370507776737213,0.999993860721588,0.5433940291404724,0.6213032007217407,0.1158715337514877,0.9996956586837769,0.5627039074897766,0.5254989862442017,-0.1643855571746826,0.9967331886291504,0.5501294732093811,0.5177803039550781,0.1324430555105209,0.1181799843907356,0.5742464065551758,0.4266220331192016,-0.1375139355659485,0.9905688762664796,0.5597073435783386,0.4370429217815399,0.0998188927769661,0.1089495122432708,0.5751925706863403,0.3947020173072815,-0.1591902822256088,0.9798248410224916,0.5631589293479919,0.4069842398166656,0.1062773317098617,0.1170702651143074,0.5766080617904663,0.3926399648189544,-0.1524090021848678,0.977894127368927,0.5643622875213623,0.4043656289577484,0.0832936689257621,0.1192436590790748,0.5764663815498352,0.4018571376800537,-0.1334829032421112,0.963694155216217,0.5640034079551697,0.4150931239128113,0.0891365259885788,0.1222259253263473,0.5628106594085693,0.4316957592964172,-0.0721616521477699,0.9983848929405212,0.5500324964523315,0.4309960305690765,0.072076641023159,0.9965816736221312,0.5687932968139648,0.2761070430278778,-0.0578029863536357,0.886695146560669,0.5526106357574463,0.277350515127182,0.0738836750388145,0.3352501392364502,0.5638859868049622,0.1104340106248855,-0.0233658067882061,0.893644392490387,0.5518773198127747,0.1222802177071571,0.1129567772150039,0.3736639320850372,0.5566734075546265,0.0904890745878219,-0.0220926813781261,0.9180899262428284,0.5455213785171509,0.1013823896646499,0.1145607680082321,0.5045292973518372,0.5854396224021912,0.0919614806771278,-0.0699546858668327,0.8868224620819092,0.5754113793373108,0.0984474644064903,0.0731387510895729,0.4645528197288513,hoyeon_stand_normal_01,18.027756,14.866069,11.18034,6.403124,3.162278,2.828427,4.0,5.385165,7.211103,7.81025,8.602325,8.944272,9.486833,10.198039,9.0,8.062258,6.324555,5.0,4.0,6.403124,9.848858,14.142136,19.026298,22.0,24.083189,24.186773,13.0,11.401754,10.0,8.544004,8.485281,9.848858,11.045361,13.038405,14.317821,14.56022,14.866069,13.928388,13.0,11.18034,8.944272,7.81025,5.830952,4.0,5.656854,9.433981,13.0,16.155494,19.924859,21.84033,24.041631,23.086793,8.944272,7.071068,6.082763,7.211103,8.602325,9.848858,11.18034,12.041595,14.0,16.0,17.0,18.027756,18.027756,19.026298,19.026298,18.0,17.029386,14.0,11.045361,7.28011,4.472136,7.28011,11.661904,15.811388,19.416488,22.472205,10.049876,13.0,16.124515,17.464249,18.973666,18.384776,18.35756,15.811388,13.453624,10.630146,7.211103,3.605551,1.0,2.236068,5.0,7.81025,9.433981,11.661904,13.892444,15.652476,15.652476,16.552945,16.552945,15.652476,14.422205,12.041595,12.369317,14.56022,14.866069,15.811388,15.524175,15.524175,14.317821,13.152946,11.045361,10.049876,9.055385,7.071068,6.324555,5.656854,5.830952,8.246211,11.18034,14.142136,16.124515,19.104973,20.223748,21.377558,21.587033,20.615528,18.681542,15.524175,12.083046,13.0,14.866069,15.524175,15.524175,14.317821,13.341664,12.369317,9.486833,8.544004,7.211103,5.656854,5.830952,6.708204,7.28011,8.246211,8.246211,9.219544,10.440307,10.440307,10.77033,11.401754,10.440307,11.18034,11.045361,11.045361
hoyeon_stand_normal_01,2586,862,86.20471038251365,29.998360745314464,10,0.5786545276641846,0.6781755685806274,-0.0117659820243716,0.9998873472213744,0.5753067135810852,0.6900900602340698,-0.0267512015998363,0.999884307384491,0.5741938352584839,0.6908203959465027,-0.0267742592841386,0.999891459941864,0.5730005502700806,0.6915904879570007,-0.0267785992473363,0.9999091625213624,0.5755122303962708,0.6901288628578186,-0.0023230526130646,0.9998322129249572,0.5747061371803284,0.690765380859375,-0.0023010522127151,0.9997887015342712,0.5737622380256653,0.6915076971054077,-0.002331119030714,0.9998204708099364,0.5637683868408203,0.6874493360519409,-0.0655487105250358,0.999913454055786,0.5645595788955688,0.6886981725692749,0.0413250736892223,0.9996968507766724,0.5736616849899292,0.6678059101104736,-0.0237095337361097,0.9998788833618164,0.5742432475090027,0.6673142313957214,0.0072375177405774,0.9998265504837036,0.5531318187713623,0.6281794309616089,-0.136588916182518,0.9999938011169434,0.544743001461029,0.621320366859436,0.1161556616425514,0.9996913075447084,0.5629003047943115,0.5254958271980286,-0.1640681475400924,0.996658205986023,0.5517966747283936,0.5179441571235657,0.1335567682981491,0.1162075996398925,0.5744313597679138,0.4267141222953796,-0.1374054253101349,0.990288496017456,0.5608158111572266,0.4372596144676208,0.101151093840599,0.1058163866400718,0.5753423571586609,0.3947073519229889,-0.1588528305292129,0.9792739152908324,0.565197765827179,0.4074743092060089,0.108291395008564,0.1140125766396522,0.5768411159515381,0.3926418125629425,-0.152277186512947,0.9772968292236328,0.5651964545249939,0.4045615792274475,0.0862281396985054,0.1160589605569839,0.576705813407898,0.4018560945987701,-0.1334005892276764,0.96280699968338,0.5648437738418579,0.4152397215366363,0.0908879563212394,0.1190325990319252,0.5630006194114685,0.43227219581604,-0.0721842870116233,0.9983684420585632,0.5510985851287842,0.43216472864151,0.0720999464392662,0.9965357184410096,0.5687363147735596,0.2778347432613373,-0.0578934103250503,0.8835688233375549,0.5532020926475525,0.2794389724731445,0.0736246109008789,0.3300827145576477,0.5635472536087036,0.110747255384922,-0.0248474422842264,0.8903878331184387,0.5518857836723328,0.1227406710386276,0.112539954483509,0.3675101995468139,0.5558364987373352,0.0905526354908943,-0.0237697437405586,0.9159460067749025,0.5454448461532593,0.1014986708760261,0.1141742542386055,0.4994890689849853,0.5857722759246826,0.0924587547779083,-0.0728022009134292,0.8835341930389404,0.5756658315658569,0.0992969498038292,0.0722945854067802,0.4580423831939697,hoyeon_stand_normal_01,17.492856,13.892444,9.433981,5.0,2.236068,1.414214,3.605551,5.385165,7.28011,8.0,9.055385,9.219544,9.486833,9.433981,8.485281,7.211103,5.385165,4.123106,4.123106,7.615773,11.401754,16.278821,20.808652,24.698178,25.942244,26.0,10.816654,9.899495,10.29563,10.440307,11.0,11.401754,13.0,13.892444,14.422205,14.21267,14.142136,12.727922,12.041595,10.816654,9.433981,8.544004,7.0,7.615773,9.219544,12.041595,14.422205,18.35756,20.59126,22.36068,23.706539,22.36068,8.944272,8.062258,7.28011,6.403124,8.062258,9.219544,11.0,12.041595,14.142136,15.524175,16.492423,17.720045,18.681542,18.973666,18.973666,17.720045,16.763055,14.56022,10.440307,6.708204,3.162278,5.0,9.848858,14.866069,18.384776,21.023796,9.055385,12.369317,14.866069,17.0,18.35756,18.601075,17.691806,15.620499,13.601471,10.29563,7.28011,4.0,2.236068,3.162278,6.403124,7.81025,10.630146,12.206556,14.422205,16.643317,17.492856,17.492856,17.492856,16.643317,15.0,13.453624,16.643317,16.124515,13.892444,12.206556,9.899495,9.219544,9.848858,10.77033,11.401754,13.601471,14.866069,16.552945,17.0,18.601075,19.209373,19.849433,19.849433,18.439089,16.401219,13.453624,10.630146,7.615773,9.219544,11.661904,13.601471,16.401219,9.433981,7.615773,6.082763,6.082763,7.211103,9.899495,12.041595,14.142136,14.866069,15.620499,16.401219,15.264338,14.764823,13.0,12.649111,11.7047,10.77033,10.77033,9.848858,10.29563,10.816654,12.806248,14.21267,15.620499,16.401219,17.804494
hoyeon_stand_normal_01,2589,863,86.30471584699454,29.998360745314464,10,0.5792725682258606,0.67789626121521,-0.0122101102024316,0.9998846650123596,0.576043426990509,0.6898702383041382,-0.0272239968180656,0.999881625175476,0.5749338865280151,0.6906245946884155,-0.027248365804553,0.9998888969421388,0.5737271904945374,0.691437304019928,-0.0272545535117387,0.99990713596344,0.5762748718261719,0.6898686289787292,-0.0027894950471818,0.9998283386230468,0.5754902958869934,0.6905031204223633,-0.0027662003412842,0.999783456325531,0.5745671987533569,0.6912618279457092,-0.002796393353492,0.999816358089447,0.5645667910575867,0.6874243021011353,-0.0661570280790329,0.9999116659164428,0.5654916167259216,0.6886059045791626,0.041090752929449,0.9996894598007202,0.5742465257644653,0.6676200032234192,-0.0241698343306779,0.9998763799667358,0.5749291777610779,0.6670853495597839,0.0069352849386632,0.9998231530189514,0.5533244013786316,0.6282667517662048,-0.1372679024934768,0.9999937415122986,0.5460249781608582,0.6214016079902649,0.1160830035805702,0.9996887445449828,0.5632444024085999,0.5255111455917358,-0.1648833155632019,0.996581256389618,0.5530667901039124,0.5180491209030151,0.133319690823555,0.1149705946445465,0.574897050857544,0.426741749048233,-0.1384576857089996,0.9899719953536988,0.5617943406105042,0.4370114505290985,0.10148586332798,0.1029421240091323,0.5756790637969971,0.3947058320045471,-0.159545436501503,0.9786601662635804,0.5652903914451599,0.407213032245636,0.1085377782583236,0.1111193522810936,0.5772820115089417,0.3926219344139099,-0.1529280543327331,0.976639986038208,0.5657175779342651,0.4040946364402771,0.0863457769155502,0.1130486205220222,0.5771690011024475,0.4018334746360779,-0.1344607919454574,0.9618085622787476,0.5654774904251099,0.4150053560733795,0.0911367163062095,0.1159957647323608,0.5632963180541992,0.4323098361492157,-0.0722126960754394,0.9983460903167723,0.5522283911705017,0.4323044419288635,0.0721281841397285,0.9964683055877686,0.5688324570655823,0.2781171500682831,-0.058077935129404,0.8809718489646912,0.5539624691009521,0.2798084318637848,0.0736595764756202,0.3252647221088409,0.5634375810623169,0.1104446351528167,-0.0255753993988037,0.8881685733795166,0.5519649386405945,0.1225845068693161,0.1128280907869339,0.3622956573963165,0.555575430393219,0.0903512984514236,-0.0245633386075496,0.9146931767463684,0.5454388856887817,0.1012474223971366,0.1144655793905258,0.4961161315441131,0.5859485864639282,0.0924021154642105,-0.0743316486477851,0.8813170194625854,0.5757808089256287,0.0990753248333931,0.0722074508666992,0.4529775977134704,hoyeon_stand_normal_01,13.038405,9.433981,6.403124,3.605551,2.236068,3.605551,5.385165,6.708204,7.211103,7.81025,8.602325,8.062258,8.544004,7.071068,7.0,5.09902,3.605551,2.0,4.123106,8.0,13.341664,16.763055,21.023796,24.186773,25.806976,24.839485,10.29563,10.77033,11.401754,13.038405,13.038405,14.317821,14.56022,13.928388,14.317821,13.416408,12.529964,11.401754,10.0,8.485281,8.062258,7.28011,8.062258,9.219544,10.77033,12.529964,15.264338,17.204651,18.601075,20.0,19.416488,18.027756,7.211103,6.082763,6.324555,7.81025,8.602325,10.29563,12.649111,13.341664,15.297059,17.117243,17.117243,18.11077,19.104973,20.024984,19.026298,18.027756,17.029386,14.035669,11.045361,7.28011,5.830952,7.071068,10.77033,14.764823,19.235384,21.470911,10.77033,13.416408,16.124515,18.027756,19.849433,19.79899,18.601075,16.643317,14.317821,11.7047,8.062258,5.0,2.828427,3.162278,5.0,7.615773,9.486833,11.7047,12.649111,14.56022,15.524175,15.524175,15.524175,14.56022,12.649111,11.18034,12.768335,13.814539,14.7564715,15.192661,15.192661,14.591945,13.571068,12.579162,11.240951,9.609772,8.365746000000001,6.889636,5.415476,5.2774495,6.5769155,8.7434165,11.847236,14.686841,17.363463,19.925456,21.6154835,22.5887575,22.4131125,20.793516500000003,18.708244,15.6394105,11.553227,13.2038595,14.351178,15.195122,14.7548645,13.8718035,12.979597,10.905243,9.219544,7.343420500000001,6.269578,5.04951,5.0,5.733964,6.203659,7.4479415,8.303131,9.353188500000002,9.353188500000002,10.319173,10.198039,10.319173,10.319173,10.410103,10.59017,11.291047
hoyeon_stand_normal_01,2592,864,86.40472131147541,29.998360745314464,10,0.5799662470817566,0.6773861050605774,-0.0121012972667813,0.9998822212219238,0.5768112540245056,0.6894865036010742,-0.027140075340867,0.9998794198036194,0.5757051706314087,0.6902398467063904,-0.027164451777935,0.9998867511749268,0.5744892358779907,0.691083550453186,-0.0271706897765398,0.9999054074287416,0.5770205855369568,0.6894587278366089,-0.0026303720660507,0.99982488155365,0.57622230052948,0.6900759935379028,-0.0026064862031489,0.9997788667678832,0.5752827525138855,0.6908407211303711,-0.0026361972559243,0.9998126029968262,0.5653022527694702,0.6872848868370056,-0.0663752257823944,0.9999099969863892,0.5661603808403015,0.688325822353363,0.0413530282676219,0.9996825456619264,0.5748797655105591,0.6671179533004761,-0.0241890475153923,0.9998743534088136,0.5755704641342163,0.6665854454040527,0.0070797717198729,0.999820113182068,0.5537003874778748,0.6282743215560913,-0.137545108795166,0.999993622303009,0.5470873117446899,0.6214077472686768,0.1161723285913467,0.9996849298477172,0.5636493563652039,0.5255494713783264,-0.1651855260133743,0.9965131282806396,0.5539712309837341,0.5181810259819031,0.1337337046861648,0.1137745678424835,0.5752212405204773,0.426770806312561,-0.1387594491243362,0.9897006750106812,0.5625317096710205,0.4371121227741241,0.1018142625689506,0.1005132868885994,0.5759108066558838,0.3947040736675262,-0.1596581786870956,0.9781215190887452,0.5653231739997864,0.4072600901126861,0.1087882742285728,0.1087453365325927,0.577625572681427,0.3926089107990265,-0.1529878228902816,0.9760653376579284,0.5663332343101501,0.4040136337280273,0.0864422097802162,0.1105696931481361,0.5775206685066223,0.4018219709396362,-0.1347583085298538,0.9609394669532776,0.566185712814331,0.4150574505329132,0.0913790315389633,0.1135005429387092,0.5637341737747192,0.432360827922821,-0.0722306445240974,0.9983198642730712,0.5533199310302734,0.4324710369110107,0.0721466466784477,0.9963988661766052,0.5689617991447449,0.2781423926353454,-0.0581938214600086,0.8783817887306213,0.5547119975090027,0.2798647582530975,0.0736724287271499,0.3214094638824463,0.5633903741836548,0.1104373037815094,-0.0258301459252834,0.8860331773757935,0.5520210862159729,0.1225788816809654,0.1129276677966117,0.3579244613647461,0.5553738474845886,0.0903428122401237,-0.0248255990445613,0.9135344624519348,0.5454005599021912,0.1012103259563446,0.1145715191960334,0.4929888844490051,0.5859976410865784,0.0920310690999031,-0.0750503838062286,0.8790897130966187,0.5758297443389893,0.0987076684832573,0.0721952468156814,0.4485654532909393,hoyeon_stand_normal_01,18.867962,19.723083,18.867962,16.643317,15.264338,12.206556,9.219544,6.403124,3.605551,2.0,2.828427,4.472136,7.28011,9.848858,12.083046,13.892444,17.204651,18.439089,19.79899,20.615528,19.416488,17.888544,14.866069,10.049876,6.708204,7.28011,12.083046,11.401754,11.045361,11.045361,10.440307,8.944272,8.485281,9.433981,9.486833,11.18034,11.0,12.041595,12.165525,12.165525,12.369317,12.369317,11.401754,11.401754,10.77033,8.944272,7.81025,5.830952,5.09902,8.602325,11.313708,14.422205,8.602325,7.211103,7.071068,7.28011,8.944272,10.630146,12.806248,13.892444,14.764823,16.552945,17.464249,18.027756,18.384776,18.384776,18.027756,17.088007,15.811388,12.649111,9.486833,5.0,3.605551,7.071068,10.77033,14.764823,19.235384,21.023796,9.219544,12.806248,15.264338,17.0,18.384776,18.681542,17.262677,15.0,13.038405,10.440307,6.708204,5.0,4.0,4.242641,6.708204,8.246211,11.18034,13.038405,15.0,16.03122,17.029386,17.029386,17.0,16.0,14.035669,12.165525,12.649111,13.601471,14.56022,15.524175,14.56022,14.866069,13.0,12.083046,11.18034,9.433981,8.062258,6.708204,5.09902,5.09902,5.830952,7.81025,11.401754,13.601471,15.811388,18.601075,20.615528,21.260292,20.518285,19.79899,16.970563,14.142136,13.0,14.317821,14.764823,16.124515,15.264338,15.264338,13.601471,12.206556,9.433981,7.615773,7.071068,6.0,6.324555,6.708204,7.211103,8.602325,8.602325,10.0,10.816654,10.816654,10.816654,11.661904,10.816654,10.630146,11.313708,11.661904
hoyeon_stand_normal_01,2595,865,86.50472677595629,29.998360745314464,10,0.5807943940162659,0.6766753792762756,-0.0144192483276128,0.9998798370361328,0.5777062177658081,0.688998281955719,-0.0293983854353427,0.999877393245697,0.5765911936759949,0.6897403001785278,-0.029420806095004,0.999884843826294,0.5753500461578369,0.6906046271324158,-0.029429031535983,0.9999038577079772,0.5779411196708679,0.6889438033103943,-0.0047304783947765,0.9998216032981871,0.5771503448486328,0.6895420551300049,-0.0047055436298251,0.9997751116752625,0.5762104392051697,0.690315306186676,-0.0047317966818809,0.9998096227645874,0.5660580396652222,0.6870851516723633,-0.0690246671438217,0.9999081492424012,0.5669381618499756,0.6880047917366028,0.0397077910602092,0.9996756911277772,0.5757315158843994,0.6663641333580017,-0.0267607308924198,0.999872624874115,0.5764778256416321,0.6658271551132202,0.0048123029991984,0.9998173117637634,0.5542367100715637,0.6282747983932495,-0.1392449289560318,0.9999934434890748,0.5486637949943542,0.6213929057121277,0.1135629713535308,0.9996805787086488,0.5638885498046875,0.5255579352378845,-0.1666134744882583,0.9964391589164734,0.5550999045372009,0.5181962847709656,0.1322991549968719,0.1124928519129753,0.5754278898239136,0.4267933070659637,-0.1411173045635223,0.9894121885299684,0.5633763074874878,0.4371345937252044,0.1004054769873619,0.0984481424093246,0.5761271715164185,0.3946952819824219,-0.1624206155538559,0.9775295853614808,0.5669208765029907,0.4073329269886017,0.1073002815246582,0.1067443192005157,0.5778936147689819,0.3925962448120117,-0.1556671559810638,0.975435435771942,0.5670071244239807,0.4038644731044769,0.0846567600965499,0.1084721460938453,0.5777639150619507,0.4017992615699768,-0.1371814459562301,0.9599887132644652,0.5668929219245911,0.4149765074253082,0.0898615792393684,0.1114066690206527,0.5640547871589661,0.4325156509876251,-0.0721670910716056,0.9982836842536926,0.5552396178245544,0.4329830408096313,0.0720864385366439,0.9963127970695496,0.5689359903335571,0.2789294719696045,-0.0582488439977169,0.8761265277862549,0.5556102991104126,0.2811599969863891,0.0736809223890304,0.3175489604473114,0.5633204579353333,0.1109936907887458,-0.0258617606014013,0.8841962814331055,0.5523067712783813,0.1231720075011253,0.1133023500442504,0.3536577224731445,0.5551064610481262,0.0907893329858779,-0.024833919480443,0.9121728539466858,0.5454133152961731,0.1016432717442512,0.115005113184452,0.4893960356712341,0.5856878757476807,0.0922380536794662,-0.0755659565329551,0.8769080638885498,0.5761643052101135,0.0994349718093872,0.0721282288432121,0.4446485042572021,hoyeon_stand_normal_01,20.248457,21.18962,18.973666,16.763055,14.56022,11.7047,8.544004,5.09902,2.0,2.0,4.123106,6.324555,8.544004,10.440307,13.601471,15.524175,18.248288,20.099751,21.023796,21.0,20.099751,17.262677,13.928388,10.0,7.615773,8.246211,11.7047,10.29563,9.219544,7.211103,6.082763,6.324555,7.071068,8.602325,9.848858,11.401754,12.369317,13.152946,13.038405,13.038405,13.038405,12.0,11.0,10.049876,8.062258,6.324555,4.242641,4.123106,7.071068,10.816654,13.892444,17.464249,18.681542,18.973666,19.313208,18.788294,17.888544,16.124515,13.601471,12.041595,9.899495,7.211103,5.385165,4.123106,4.472136,7.071068,10.049876,13.341664,16.492423,20.615528,23.769729,25.70992,25.70992,25.70992,24.515301,22.36068,19.235384,16.124515,12.083046,10.440307,9.055385,6.082763,3.605551,3.162278,5.656854,8.062258,10.440307,12.369317,13.152946,13.152946,13.038405,12.041595,11.0,10.0,9.055385,7.071068,5.09902,2.236068,1.414214,4.123106,7.28011,10.198039,13.341664,16.278821,16.643317,15.264338,13.038405,11.401754,9.219544,8.944272,9.486833,11.045361,12.165525,13.152946,15.297059,16.492423,18.027756,18.788294,18.867962,19.209373,18.439089,16.970563,14.142136,11.313708,8.062258,7.0,8.062258,12.041595,15.0,17.804494,8.602325,6.403124,5.385165,5.09902,7.615773,9.433981,12.206556,14.422205,15.264338,16.124515,15.231546,15.811388,14.56022,13.341664,12.165525,11.18034,10.198039,9.219544,9.486833,10.29563,10.816654,12.806248,14.21267,16.401219,17.804494,18.027756
hoyeon_stand_normal_01,2598,866,86.60473224043716,29.998360745314464,10,0.5817292332649231,0.6763539910316467,-0.0156440734863281,0.9998781085014344,0.5786107778549194,0.6887866258621216,-0.030543515458703,0.9998762011528016,0.5774686932563782,0.6895223259925842,-0.0305659398436546,0.9998835325241088,0.5761849880218506,0.6903915405273438,-0.0305762030184268,0.9999030232429504,0.5789092779159546,0.6887155771255493,-0.0058773667551577,0.9998195767402648,0.5781331658363342,0.6892984509468079,-0.0058514601550996,0.9997723698616028,0.5772002339363098,0.6900658011436462,-0.0058747320435941,0.9998075366020204,0.5668197870254517,0.6869695782661438,-0.0698345601558685,0.9999071955680848,0.567861795425415,0.6877909302711487,0.0389967672526836,0.9996699690818788,0.5767165422439575,0.6660645604133606,-0.0278480071574449,0.999871551990509,0.5775401592254639,0.6655275821685791,0.0037482411134988,0.9998151063919068,0.5547625422477722,0.6282618045806885,-0.1399987041950225,0.9999933242797852,0.5499207377433777,0.6213802099227905,0.113122209906578,0.999675989151001,0.564310610294342,0.5255361199378967,-0.1675181835889816,0.996401309967041,0.556056797504425,0.5181964635848999,0.1320761740207672,0.1105190590023994,0.5758671164512634,0.4268158376216888,-0.1420087814331054,0.989219605922699,0.5642961859703064,0.437086671590805,0.1001415774226188,0.0959741100668907,0.5766171813011169,0.3946914672851562,-0.1634124666452407,0.9771049618721008,0.5670092105865479,0.4073061645030975,0.1070059761404991,0.1043431386351585,0.5785456299781799,0.3925853669643402,-0.1564275920391082,0.9749822616577148,0.5677251219749451,0.4038459062576294,0.0843276008963584,0.1059670448303222,0.5783841609954834,0.4017849564552307,-0.137967973947525,0.9593063592910768,0.5676062703132629,0.4149984121322632,0.0895857512950897,0.108899101614952,0.5646359324455261,0.4326841533184051,-0.072168193757534,0.9982678294181824,0.55663001537323,0.433459460735321,0.0720891505479812,0.9962565302848816,0.5693680644035339,0.2797449231147766,-0.0584916099905967,0.872593879699707,0.5561457276344299,0.2827358245849609,0.0737497135996818,0.3115545511245727,0.5633708238601685,0.1119638532400131,-0.0260554924607276,0.8811402916908264,0.5523579120635986,0.1240924298763275,0.1136800795793533,0.3477197289466858,0.5549493432044983,0.0916721448302269,-0.0250081401318311,0.9105449318885804,0.5453588962554932,0.101967729628086,0.1154264137148857,0.4854743182659149,0.5856865048408508,0.0930220410227775,-0.0758785977959632,0.8738284111022949,0.5753247737884521,0.1006733700633049,0.0723763778805732,0.438954085111618,hoyeon_stand_normal_01,13.31364,12.0433965,12.7835795,13.158038,12.566373,11.2235575,10.134407,8.580755499999999,6.972089,6.708203999999999,7.934675,8.3834715,8.866522,9.041523,9.887791,9.9142135,11.4426805,13.3257905,15.417458,17.015968,18.096490000000003,18.263639,17.920956999999998,16.6305875,16.1772035,16.7686025,10.031129,10.2450915,9.9754555,9.909766,9.6388045,9.903685,10.3362695,10.4929335,10.8020975,10.575957,9.986544,9.627926,8.634682,8.581139,9.0,10.140055,10.266097,9.9128575,10.243738,9.6184795,9.0622575,10.8216585,13.065075,14.482167,15.6649565,15.315073,17.0,18.027756,17.117243,17.262677,16.278821,14.56022,12.649111,11.18034,8.602325,6.403124,4.472136,4.0,4.242641,6.324555,10.198039,13.038405,16.03122,19.026298,22.022716,23.021729,24.083189,24.083189,23.086793,20.099751,17.117243,13.152946,11.18034,10.0,8.062258,5.385165,3.605551,3.162278,5.385165,8.246211,9.055385,11.0,12.041595,12.165525,12.165525,11.401754,10.198039,9.219544,7.28011,6.324555,4.472136,1.414214,1.414214,4.0,7.071068,10.049876,13.038405,15.033296,16.552945,15.811388,13.928388,11.661904,10.0,9.219544,9.433981,11.18034,12.083046,13.928388,15.231546,16.124515,17.204651,18.439089,19.104973,19.104973,18.601075,17.204651,15.264338,12.206556,9.219544,6.324555,7.28011,10.816654,14.21267,17.029386,8.602325,7.071068,5.830952,6.0,8.246211,10.77033,13.416408,15.231546,16.155494,16.763055,17.720045,17.262677,15.132746,14.035669,13.0,12.0,11.0,11.045361,10.198039,10.440307,11.7047,12.529964,13.892444,16.124515,17.0,18.35756
hoyeon_stand_normal_01,2601,867,86.70473770491803,29.998360745314464,10,0.5830569863319397,0.6760753393173218,-0.015842592343688,0.9998793005943298,0.5800060033798218,0.6886020302772522,-0.0304304063320159,0.9998774528503418,0.5788572430610657,0.689325213432312,-0.0304524078965187,0.999884307384491,0.5775226354598999,0.6901891827583313,-0.0304622612893581,0.9999040365219116,0.5803495049476624,0.688502848148346,-0.0059547112323343,0.999822199344635,0.5795890688896179,0.6890480518341064,-0.0059294239617884,0.9997755885124208,0.5786427855491638,0.6897867321968079,-0.0059530963189899,0.999810516834259,0.5679269433021545,0.6867820620536804,-0.0695483610033989,0.999907910823822,0.5691472887992859,0.6874693036079407,0.0389146879315376,0.9996721148490906,0.5781593322753906,0.6658053994178772,-0.0278639830648899,0.9998733997344972,0.5789968967437744,0.66523277759552,0.0034420581068843,0.999817430973053,0.5556730031967163,0.6281566023826599,-0.1398892849683761,0.9999932050704956,0.551174521446228,0.6207729578018188,0.1128386929631233,0.9996760487556458,0.56437087059021,0.524921178817749,-0.1675736457109451,0.9963656067848206,0.5557350516319275,0.5170317888259888,0.1304255574941635,0.1104439049959182,0.5761956572532654,0.4266952574253082,-0.1420194059610366,0.9891785383224488,0.5630719065666199,0.4337019920349121,0.0971988216042518,0.0947404950857162,0.5770204663276672,0.3944635093212127,-0.1634473651647567,0.9769827127456664,0.5638796091079712,0.4042224884033203,0.1037725582718849,0.1033062860369682,0.5792695879936218,0.3923835158348083,-0.1563254296779632,0.9748512506484984,0.5668899416923523,0.4009865820407867,0.081156849861145,0.10477826744318,0.5790221691131592,0.4016135036945343,-0.137939453125,0.9591002464294434,0.5658400654792786,0.4116690158843994,0.0866990089416503,0.1075821071863174,0.564922034740448,0.4324782788753509,-0.0720932334661483,0.9982362985610962,0.5569264888763428,0.433332085609436,0.0720154717564582,0.996178150177002,0.569912850856781,0.279721051454544,-0.058555644005537,0.8700299859046936,0.5565267205238342,0.2826764285564422,0.073755107820034,0.3058196008205414,0.5634401440620422,0.1119558364152908,-0.0259603541344404,0.8779370784759521,0.5524571537971497,0.1242801249027252,0.1139634326100349,0.3405256867408752,0.5549309849739075,0.0917345434427261,-0.0248632114380598,0.9090678691864014,0.5453475713729858,0.1020517125725746,0.1156766563653945,0.4807974994182586,0.5856863260269165,0.0931942388415336,-0.0756860598921775,0.8709895610809326,0.5750181078910828,0.1015369817614555,0.0724117383360862,0.432038813829422,hoyeon_stand_normal_01,20.59126,21.095023,20.248457,18.027756,15.264338,11.661904,8.062258,4.472136,2.0,2.236068,4.242641,7.81025,10.0,13.038405,16.124515,17.888544,19.697716,21.023796,21.540659,21.18962,18.681542,16.278821,12.0,9.486833,8.602325,11.045361,11.18034,10.0,8.246211,6.708204,5.0,4.0,4.242641,6.708204,8.246211,10.049876,11.0,12.041595,13.152946,13.341664,12.649111,11.7047,11.18034,10.29563,8.602325,5.656854,3.162278,2.828427,6.0,10.198039,14.56022,18.384776,8.062258,5.830952,5.385165,6.324555,8.602325,11.313708,14.21267,15.811388,17.492856,19.235384,20.124612,21.023796,21.023796,20.615528,20.615528,18.788294,16.552945,13.928388,9.486833,5.0,3.162278,6.708204,12.206556,16.401219,20.0,21.633308,10.0,13.152946,16.492423,19.313208,20.124612,19.723083,18.601075,17.029386,14.142136,11.401754,8.062258,5.385165,3.162278,3.162278,5.0,7.28011,9.486833,12.083046,13.416408,15.652476,16.552945,17.464249,17.464249,17.088007,15.811388,13.341664,12.165525,14.142136,15.033296,15.132746,15.033296,15.132746,13.152946,12.369317,11.401754,9.219544,8.246211,7.071068,6.082763,5.830952,7.071068,9.433981,11.18034,14.317821,17.464249,18.788294,21.023796,21.954498,21.954498,20.248457,18.027756,15.811388,11.18034,12.529964,13.892444,14.422205,13.601471,12.806248,12.041595,10.0,7.81025,5.830952,5.09902,4.123106,5.0,5.656854,6.403124,7.81025,8.485281,9.899495,9.899495,10.630146,10.630146,10.630146,11.313708,10.630146,10.816654,11.18034
hoyeon_stand_normal_01,2604,868,86.8047431693989,29.998360745314464,10,0.5844267010688782,0.6756788492202759,-0.0154436519369483,0.9998793005943298,0.581443190574646,0.6883026361465454,-0.0301161035895347,0.9998778104782104,0.580288290977478,0.6890245676040649,-0.0301380213350057,0.9998844265937804,0.5789207816123962,0.6898959279060364,-0.0301465857774019,0.9999043941497804,0.5817988514900208,0.688147246837616,-0.0056081512011587,0.999823033809662,0.5810324549674988,0.6886450052261353,-0.0055832085199654,0.9997763633728028,0.5800563097000122,0.6893491744995117,-0.0056078294292092,0.9998112916946412,0.5691213011741638,0.6865589618682861,-0.0693634673953056,0.9999081492424012,0.5704079270362854,0.6871118545532227,0.0391615442931652,0.9996704459190368,0.5795348286628723,0.6654691100120544,-0.0275289323180913,0.9998745322227478,0.580366313457489,0.6648166179656982,0.0038321716710925,0.9998181462287904,0.5564066767692566,0.627860426902771,-0.1399705111980438,0.9999932050704956,0.5519623160362244,0.6203254461288452,0.1131921857595443,0.9996722936630248,0.564655065536499,0.5242032408714294,-0.1680584996938705,0.9963645339012146,0.5558995008468628,0.5166726112365723,0.1305503100156784,0.1090150699019432,0.576957106590271,0.4266737997531891,-0.1424411386251449,0.9891785383224488,0.562747061252594,0.4335760474205017,0.0979277044534683,0.0929534956812858,0.5781011581420898,0.3944192826747894,-0.1641802638769149,0.976942539215088,0.5632869601249695,0.4042629301548004,0.104524441063404,0.1018090173602104,0.5806201100349426,0.3923792541027069,-0.156519278883934,0.9748108386993408,0.5666553378105164,0.4010704457759857,0.0818472430109977,0.1031836569309234,0.5801857709884644,0.4016121029853821,-0.1381427496671676,0.9589922428131104,0.5657755136489868,0.4117640256881714,0.0873908549547195,0.1058840677142143,0.565136730670929,0.4324705898761749,-0.0722417309880256,0.998224675655365,0.5572363138198853,0.4333381652832031,0.0721660852432251,0.9961183667182922,0.5702016949653625,0.2796882688999176,-0.058926735073328,0.8688440322875977,0.556972324848175,0.2826712131500244,0.0738931968808174,0.300488531589508,0.5634315609931946,0.1117498651146888,-0.0264575611799955,0.8766804337501526,0.5525760054588318,0.1243218630552291,0.1145207807421684,0.335570365190506,0.554577112197876,0.0913510993123054,-0.0253694131970405,0.9079477190971376,0.5452179312705994,0.1020334735512733,0.1162310168147087,0.4769786298274994,0.5856856107711792,0.0931776389479637,-0.0768759995698928,0.8698382377624512,0.5749380588531494,0.101634569466114,0.0724804103374481,0.4279430210590362,hoyeon_stand_normal_01,17.720045,18.681542,18.681542,17.464249,15.524175,12.649111,9.486833,6.708204,4.472136,1.414214,2.0,4.123106,7.28011,9.486833,13.416408,15.652476,18.35756,19.723083,21.095023,20.248457,19.209373,16.278821,13.601471,9.486833,8.246211,10.630146,12.041595,11.661904,12.083046,11.401754,10.0,8.246211,7.211103,5.830952,6.0,6.324555,8.602325,9.219544,10.0,10.816654,11.18034,11.18034,10.77033,10.440307,9.219544,8.062258,5.0,3.605551,3.162278,6.403124,9.433981,13.0,8.544004,5.830952,3.162278,4.242641,6.324555,9.055385,12.041595,14.0,16.03122,17.117243,18.11077,19.235384,19.235384,19.235384,19.235384,17.262677,16.278821,13.152946,9.219544,4.472136,2.236068,5.830952,10.440307,14.56022,17.720045,19.646883,9.486833,12.165525,14.035669,17.0,18.11077,18.248288,16.492423,15.811388,13.0,10.29563,7.211103,5.0,2.236068,2.828427,4.123106,6.0,9.0,11.045361,12.041595,14.035669,16.03122,17.029386,17.0,17.0,16.03122,14.142136,11.7047,13.601471,14.56022,14.56022,15.524175,14.56022,13.601471,13.0,11.18034,9.848858,8.544004,6.324555,6.082763,5.09902,5.830952,8.485281,10.816654,13.038405,16.643317,18.867962,20.248457,20.808652,20.615528,19.849433,17.691806,14.866069,11.7047,13.0,14.764823,15.264338,14.422205,13.601471,12.206556,10.0,8.062258,6.708204,5.09902,5.0,5.385165,5.830952,7.071068,7.071068,8.485281,9.219544,10.630146,10.0,10.816654,11.401754,11.401754,10.630146,10.630146,10.816654
hoyeon_stand_normal_01,2607,869,86.90474863387978,29.998360745314464,10,0.5859955549240112,0.6750053763389587,-0.0162744801491498,0.9998847246170044,0.5830851197242737,0.6878098845481873,-0.0308085735887289,0.9998830556869508,0.5819546580314636,0.6885315179824829,-0.0308253224939107,0.9998890161514282,0.5805854797363281,0.6894342303276062,-0.0308340303599834,0.999908447265625,0.5834509134292603,0.6875903010368347,-0.0064737978391349,0.9998311400413512,0.5827040076255798,0.6880220770835876,-0.0064449715428054,0.9997864365577698,0.5817305445671082,0.6886849999427795,-0.0064620045013725,0.9998200535774232,0.5704585909843445,0.6863636374473572,-0.0698118060827255,0.9999113082885742,0.5718061327934265,0.6867001056671143,0.0374882742762565,0.9996818900108336,0.5813204050064087,0.6649866700172424,-0.0284622274339199,0.9998796582221984,0.5821359753608704,0.664247453212738,0.0026112098712474,0.9998249411582948,0.5573397874832153,0.6270186901092529,-0.1403318345546722,0.9999931454658508,0.553429901599884,0.6183050274848938,0.1111859083175659,0.9996758699417114,0.5646020174026489,0.5229256749153137,-0.1677259802818298,0.9963387846946716,0.5557272434234619,0.5138043165206909,0.130235880613327,0.1111411079764366,0.5775765180587769,0.42668217420578,-0.1412581950426101,0.9891255497932434,0.5567184686660767,0.4289450347423553,0.097757913172245,0.0939027518033981,0.5791646242141724,0.3944164216518402,-0.1623001396656036,0.9767690300941468,0.5551032423973083,0.4023581147193908,0.1043895855545997,0.1029574945569038,0.5820766091346741,0.3923914432525635,-0.1540874689817428,0.9746557474136353,0.5620840191841125,0.3987594544887543,0.0818178728222847,0.1043151393532753,0.5814205408096313,0.401640921831131,-0.1365447789430618,0.9587929844856262,0.5614870190620422,0.408655047416687,0.0873414650559425,0.1067516654729843,0.5654012560844421,0.4324971437454223,-0.0729024708271026,0.9982424974441528,0.5591793656349182,0.4333797693252563,0.0728179663419723,0.9961560368537904,0.570408821105957,0.2797677516937256,-0.0598302595317363,0.8685970902442932,0.5591040253639221,0.2830298244953155,0.0741274580359458,0.2948460578918457,0.5634065866470337,0.1113757342100143,-0.0274536292999982,0.8769746422767639,0.5537934899330139,0.1243156045675277,0.1160706654191017,0.3334639370441437,0.5542209148406982,0.0913460180163383,-0.026340065523982,0.9079726934432985,0.5457760095596313,0.102043479681015,0.1177641600370407,0.4740820229053497,0.5855413675308228,0.0929911211133003,-0.0785408243536949,0.8713162541389465,0.5751391053199768,0.10160543769598,0.0731231942772865,0.4290058314800262,hoyeon_stand_normal_01,13.341664,10.049876,7.071068,5.830952,5.830952,7.0,8.062258,9.219544,9.486833,9.848858,10.77033,10.29563,10.29563,10.0,9.219544,7.81025,6.324555,6.082763,8.602325,12.041595,16.401219,20.808652,24.413111,27.018512,27.658633,26.172505,4.123106,2.828427,2.236068,4.472136,7.071068,8.062258,10.440307,12.083046,12.529964,12.206556,11.401754,9.899495,8.485281,6.403124,4.242641,2.828427,1.414214,3.0,6.082763,9.055385,12.0,15.0,17.029386,18.11077,18.248288,17.464249,14.422205,13.418274,12.245069,11.673654,12.4211065,12.7183475,12.980987,13.3956235,12.9866865,12.8217645,12.013149,11.9142135,11.707107,13.0,15.042487,16.102068,17.1616785,17.2351545,16.688779,15.2081515,13.896162,14.5128895,16.360433999999998,17.860125,18.4394095,17.4850585,10.4497475,11.5021435,11.904171,12.1055515,11.692388,10.840771,10.752659,11.1778875,10.531129,9.524938,8.664992999999999,7.261006,6.142971999999999,6.4391515,7.0772025,7.566663,8.063226499999999,8.5,8.5,8.634682,8.51561,10.3174685,11.720899,13.2411105,14.267008999999998,14.450869,12.206556,13.453624,13.453624,14.142136,14.866069,14.21267,13.601471,12.206556,10.816654,9.433981,8.062258,6.403124,5.656854,5.385165,6.082763,7.615773,10.29563,13.601471,15.811388,18.867962,21.095023,21.954498,21.470911,20.124612,17.888544,15.231546,13.038405,13.892444,14.764823,15.652476,15.231546,14.866069,13.928388,11.7047,9.848858,7.615773,6.403124,5.0,5.09902,5.0,6.082763,7.071068,8.062258,9.055385,10.049876,10.049876,11.045361,11.045361,11.045361,11.18034,10.440307,11.18034
hoyeon_stand_normal_01,2610,870,87.00475409836065,29.998360745314464,10,0.5869394540786743,0.6748988032341003,-0.0161136593669652,0.999890148639679,0.5841193795204163,0.6877317428588867,-0.0306571461260318,0.9998885989189148,0.5829957127571106,0.6884651184082031,-0.0306736454367637,0.9998939633369446,0.581630289554596,0.6893860101699829,-0.0306824073195457,0.9999127388000488,0.5845343470573425,0.6874713897705078,-0.0062902774661779,0.9998396039009094,0.5838134288787842,0.6878852844238281,-0.0062601217068731,0.9997971057891846,0.5828608870506287,0.6885451078414917,-0.0062745413742959,0.9998291730880736,0.5712130069732666,0.6863601207733154,-0.0696755945682525,0.9999151229858398,0.572679877281189,0.6866884827613831,0.0376943312585353,0.9996955394744872,0.5823105573654175,0.664911150932312,-0.0283402111381292,0.999885082244873,0.5831313729286194,0.664070188999176,0.0027728152927011,0.9998325109481812,0.5576916933059692,0.6267998814582825,-0.1404218077659607,0.9999932050704956,0.5534829497337341,0.6176633238792419,0.1115633994340896,0.999678909778595,0.5645506381988525,0.5219097137451172,-0.1676190048456192,0.9963746666908264,0.5545786619186401,0.5128645896911621,0.1303905844688415,0.113167367875576,0.5779350996017456,0.4259259402751922,-0.1400609165430069,0.9891279935836792,0.5529751181602478,0.4287102520465851,0.0980894267559051,0.0942666828632354,0.5797978043556213,0.3937967419624328,-0.1606843322515487,0.9766896963119508,0.5520107746124268,0.402539312839508,0.104759506881237,0.1033581420779228,0.5825781226158142,0.3919761180877685,-0.1519355475902557,0.9746081829071044,0.5570694208145142,0.3989867269992828,0.082006886601448,0.1047554314136505,0.5817763209342957,0.4011868834495544,-0.1349312365055084,0.958725094795227,0.5575668811798096,0.4087580740451813,0.0875535681843757,0.1069509759545326,0.5659189820289612,0.4322017431259155,-0.0740442425012588,0.9982765913009644,0.5597742199897766,0.4332209825515747,0.0739531815052032,0.9961897134780884,0.5714908838272095,0.2794394791126251,-0.0612212009727954,0.8678864240646362,0.5601666569709778,0.2829810678958893,0.0754994601011276,0.2879681289196014,0.5635054707527161,0.1106127426028251,-0.0287024900317192,0.8768070340156555,0.5537863969802856,0.1244681179523468,0.1184963136911392,0.3298308849334717,0.55381178855896,0.0909244790673255,-0.0275756362825632,0.9078130722045898,0.5453395843505859,0.1020282357931137,0.1201696693897247,0.4713873863220215,0.5856724381446838,0.0924243107438087,-0.0798597484827041,0.8725358843803406,0.5752099752426147,0.1016701087355613,0.0758042559027671,0.428922951221466,hoyeon_stand_normal_01,14.764823,14.422205,13.453624,14.21267,15.0,15.811388,15.264338,15.264338,15.264338,13.892444,13.038405,12.529964,11.18034,10.440307,10.198039,10.0,11.401754,12.083046,15.264338,19.416488,23.021729,26.627054,30.016662,30.870698,30.675723,28.861739,8.602325,8.062258,7.81025,7.81025,6.708204,8.246211,10.198039,11.18034,11.401754,12.649111,11.7047,10.77033,9.848858,8.544004,8.246211,7.071068,7.0,8.246211,9.848858,12.083046,14.317821,16.552945,18.384776,18.973666,18.973666,18.027756,16.278821,16.970563,17.691806,17.029386,16.401219,15.264338,13.416408,11.18034,9.848858,7.28011,5.09902,3.0,2.236068,3.605551,7.071068,10.630146,14.21267,17.804494,20.0,22.022716,22.022716,22.022716,21.260292,19.104973,16.278821,12.727922,10.29563,9.848858,8.246211,7.0,4.123106,3.605551,4.123106,5.830952,7.81025,8.602325,8.944272,9.848858,9.486833,8.544004,8.544004,7.28011,6.324555,5.09902,3.162278,1.0,1.414214,3.605551,5.830952,8.602325,10.816654,13.601471,16.492423,15.524175,14.56022,12.165525,11.045361,10.049876,10.440307,11.18034,12.083046,14.317821,16.155494,18.027756,18.681542,20.396078,21.095023,21.023796,21.023796,19.104973,17.117243,14.035669,11.045361,8.544004,8.602325,11.401754,14.035669,17.029386,9.0,7.071068,5.385165,5.0,7.28011,9.0,12.0,14.0,15.033296,17.262677,16.278821,15.524175,16.155494,15.231546,13.892444,13.416408,11.661904,11.18034,11.18034,10.77033,11.18034,12.165525,14.142136,16.124515,17.262677,16.278821
hoyeon_stand_normal_01,2613,871,87.10475956284152,29.998360745314464,10,0.5874485373497009,0.6744875311851501,-0.014433573000133,0.9998973608016968,0.5846989154815674,0.6874435544013977,-0.028270298615098,0.9998955726623536,0.5835322141647339,0.688167929649353,-0.0282814968377351,0.9999006390571594,0.5821151733398438,0.6891034245491028,-0.0282893944531679,0.9999183416366576,0.5852790474891663,0.6871169805526733,-0.004208761267364,0.999849796295166,0.5846544504165649,0.6874762773513794,-0.004173438064754,0.9998098015785216,0.5838252305984497,0.6880953311920166,-0.0041750250384211,0.99983948469162,0.5715638399124146,0.6862496733665466,-0.0654569342732429,0.9999202489852904,0.5738054513931274,0.6864768862724304,0.0400697775185108,0.999710202217102,0.582590639591217,0.6643493175506592,-0.0262178611010313,0.9998920559883118,0.5836619138717651,0.6633671522140503,0.0043955985456705,0.999841332435608,0.557534396648407,0.6268056035041809,-0.1388931572437286,0.9999935030937196,0.556265115737915,0.6160017251968384,0.115604467689991,0.999674379825592,0.5622665286064148,0.5219566822052002,-0.1655569523572921,0.9965720176696776,0.5553226470947266,0.5124691724777222,0.1389379948377609,0.114580288529396,0.5763607621192932,0.4269479215145111,-0.1396480351686477,0.9898512959480286,0.5539567470550537,0.4281577169895172,0.1079270914196968,0.0963505581021308,0.5770208239555359,0.3946918845176697,-0.1602311730384826,0.9780985713005066,0.5523974895477295,0.4015705585479736,0.1146030649542808,0.1055302917957305,0.5817238688468933,0.3932874202728271,-0.1518992334604263,0.976158082485199,0.5580280423164368,0.3983902633190155,0.0934558138251304,0.1069622784852981,0.5813302397727966,0.4025642871856689,-0.1344556361436844,0.9611061215400696,0.5587435364723206,0.408415824174881,0.0980442613363266,0.1087545081973075,0.5655454993247986,0.4321598708629608,-0.0749754756689071,0.9982978105545044,0.5619409680366516,0.4327393472194671,0.07488314807415,0.9962124824523926,0.571446418762207,0.2782481908798218,-0.0620977990329265,0.8728153109550476,0.561122715473175,0.2805018424987793,0.0744223222136497,0.2928884923458099,0.5634786486625671,0.110219769179821,-0.0307049546390771,0.8812267780303955,0.5542399883270264,0.1233676075935363,0.1161157563328743,0.3390406966209411,0.5537500977516174,0.0909163132309913,-0.0297882836312055,0.9096863865852356,0.5453369617462158,0.1013925597071647,0.1175082102417945,0.474719226360321,0.5853868126869202,0.0892945006489753,-0.0844635441899299,0.8773802518844604,0.5766452550888062,0.101048894226551,0.0710698738694191,0.4400712251663208,hoyeon_stand_normal_01,11.661904,13.152946,14.0,16.124515,18.11077,20.223748,20.099751,19.104973,19.104973,18.11077,16.03122,15.132746,13.152946,11.401754,10.77033,9.219544,10.29563,12.369317,16.03122,20.024984,25.0,29.017236,31.256999,32.557641,33.24154,31.38471,8.062258,8.944272,10.29563,11.18034,12.083046,12.083046,12.083046,11.18034,10.77033,9.486833,8.544004,8.062258,7.0,7.071068,7.615773,8.602325,10.0,12.041595,14.866069,17.029386,18.439089,20.0,20.808652,19.416488,18.027756,15.811388,15.811388,17.0,17.0,16.552945,16.155494,14.56022,12.369317,11.18034,9.055385,7.0,5.0,2.236068,1.414214,4.123106,7.071068,11.045361,14.035669,17.029386,20.024984,22.022716,23.021729,23.021729,22.022716,19.026298,17.029386,13.038405,10.440307,10.198039,9.055385,7.071068,5.385165,3.605551,4.123106,5.0,6.403124,8.062258,8.944272,8.944272,9.486833,9.486833,8.544004,8.246211,7.28011,6.082763,4.123106,3.0,1.414214,3.162278,5.830952,7.81025,10.816654,12.206556,12.0,14.0,14.035669,14.035669,14.035669,14.035669,13.0,12.0,11.045361,9.055385,8.0,7.0,6.082763,5.0,6.403124,8.544004,11.7047,13.341664,16.492423,18.439089,20.615528,21.84033,22.135944,20.248457,18.384776,15.231546,12.041595,14.035669,16.0,17.029386,17.117243,15.132746,14.142136,12.165525,11.045361,9.055385,7.0,5.09902,5.0,5.0,6.708204,7.615773,8.544004,9.486833,9.848858,10.77033,11.18034,11.18034,11.18034,11.7047,11.7047,11.18034
hoyeon_stand_normal_01,2616,872,87.20476502732241,29.998360745314464,10,0.5876855850219727,0.674437403678894,-0.0096456063911318,0.9999042749404908,0.5848121047019958,0.6874098777770996,-0.0228015687316656,0.9999022483825684,0.5835158228874207,0.6881396174430847,-0.0228162333369255,0.9999070763587952,0.5820003151893616,0.6890861392021179,-0.0228217262774705,0.9999237060546876,0.5856770873069763,0.687009334564209,0.0011341783683747,0.9998594522476196,0.5851812362670898,0.6873124241828918,0.0011670773383229,0.9998218417167664,0.5845015048980713,0.6878743171691895,0.0011731783160939,0.9998492002487184,0.5716426372528076,0.6861923336982727,-0.0574580878019332,0.9999250769615172,0.5746915340423584,0.6863650679588318,0.0476985201239585,0.9997230768203736,0.5826244950294495,0.664207935333252,-0.0204947832971811,0.9998982548713684,0.5841386914253235,0.6630358695983887,0.0099673559889197,0.9998481273651124,0.5568905472755432,0.6266032457351685,-0.1333602219820022,0.999993860721588,0.559175431728363,0.6131024360656738,0.1247926875948906,0.999653935432434,0.5571374893188477,0.5239698886871338,-0.1644952595233917,0.9967898726463318,0.5584712624549866,0.5116201043128967,0.1489342153072357,0.1114855110645294,0.5717709064483643,0.4305850565433502,-0.1445319205522537,0.9906170964241028,0.5608999133110046,0.4262597858905792,0.1144452393054962,0.096584603190422,0.5704623460769653,0.3973762691020965,-0.1659584194421768,0.9796255826950072,0.5592209696769714,0.3974380791187286,0.1202098950743675,0.106135107576847,0.577471911907196,0.396930068731308,-0.1575938165187835,0.9778285026550292,0.5628023147583008,0.396268218755722,0.0985273122787475,0.1075394377112388,0.5781640410423279,0.4061832427978515,-0.1392559260129928,0.9637001156806946,0.5639846324920654,0.4064567983150482,0.1040505394339561,0.1091159135103225,0.5644934177398682,0.4307669997215271,-0.0766133964061737,0.9983235597610474,0.5649692416191101,0.4293642342090606,0.076536513864994,0.9961926937103271,0.5701024532318115,0.276987612247467,-0.0640654265880584,0.8791705965995789,0.5626947283744812,0.2767025232315063,0.0744044631719589,0.3028316795825958,0.5628769397735596,0.1095894798636436,-0.0376742742955684,0.8876180052757263,0.5549048185348511,0.1229940205812454,0.1134079843759536,0.3545072078704834,0.5525887608528137,0.0903759002685546,-0.0376234911382198,0.9127024412155152,0.5452635884284973,0.1005136221647262,0.1144365295767784,0.4834327399730682,0.5852428078651428,0.086822010576725,-0.0959038808941841,0.8841441869735718,0.5789497494697571,0.1006766408681869,0.0682596117258071,0.4586012661457062,hoyeon_stand_normal_01,21.540659,22.135944,20.615528,19.416488,15.132746,12.041595,9.055385,6.324555,4.242641,4.0,6.324555,8.062258,10.816654,13.038405,15.811388,17.492856,20.59126,22.36068,22.472205,22.135944,19.646883,16.492423,12.649111,8.602325,7.615773,10.049876,8.485281,7.81025,7.071068,6.403124,4.472136,5.09902,5.09902,6.324555,7.615773,8.944272,9.433981,10.29563,10.29563,10.29563,9.848858,10.77033,9.848858,8.544004,7.615773,5.830952,5.0,5.0,7.615773,11.661904,15.264338,18.35756,14.866069,15.231546,15.652476,16.124515,15.264338,14.422205,12.806248,10.630146,8.485281,6.403124,4.242641,2.0,2.236068,5.0,7.81025,11.313708,15.556349,18.384776,21.213203,24.041631,25.455844,25.455844,24.041631,21.931712,19.104973,15.620499,9.486833,8.544004,8.062258,6.403124,4.472136,4.123106,4.242641,6.324555,7.071068,9.0,10.049876,10.049876,10.049876,10.049876,10.049876,9.055385,8.062258,7.071068,6.082763,4.123106,2.0,1.414214,3.162278,6.082763,8.246211,10.440307,14.652136,14.6101725,14.351178,14.23377,13.112591,12.479395,12.7476095,12.3847585,12.427689,12.071068,12.0445355,12.050227,12.2160135,12.4110515,13.59784,14.247334,15.3475945,16.048975,16.658,15.9931235,15.2720435,15.204582000000002,15.529937,15.983227,16.907144,16.8862315,10.755381,10.062306,9.9330345,10.9470755,11.885193,12.87028,13.379036,13.9773495,13.62365,12.6491105,12.208244,11.360212,11.116938,11.064203,10.5413815,11.14094,11.1289745,11.119817,10.524938,11.045361,11.6109675,11.8245555,12.955715,13.667917,13.601681,13.7844515
hoyeon_stand_normal_01,2619,873,87.30477049180328,29.998360745314464,10,0.5880022644996643,0.6744812726974487,-0.0015270027797669,0.9999045133590698,0.5849528908729553,0.6874562501907349,-0.0150639563798904,0.999900758266449,0.5834721326828003,0.6882206797599792,-0.0150956716388463,0.9999064803123474,0.5818618535995483,0.6891880035400391,-0.0151025531813502,0.999923288822174,0.5862094759941101,0.6870039105415344,0.0089292339980602,0.999857485294342,0.5858703255653381,0.6872801780700684,0.0089549142867326,0.999818742275238,0.5853660106658936,0.6877883076667786,0.0089402953162789,0.999844253063202,0.5715487599372864,0.6861862540245056,-0.0487120673060417,0.9999247193336488,0.5755770802497864,0.6863177418708801,0.0569633617997169,0.9997091889381408,0.582635760307312,0.6642144322395325,-0.0115226358175277,0.9998961091041564,0.5847116112709045,0.662948489189148,0.0190825443714857,0.9998369812965392,0.5546764731407166,0.6265659928321838,-0.1263406425714492,0.9999940991401672,0.5626912713050842,0.6118113994598389,0.1357776969671249,0.999597430229187,0.5516759753227234,0.5301332473754883,-0.1658457219600677,0.9969770908355712,0.5618497729301453,0.5117433071136475,0.1617785841226577,0.1075236946344375,0.5625563263893127,0.4366269707679748,-0.1680268794298172,0.9913419485092164,0.5684797167778015,0.4258984625339508,0.1278191059827804,0.0976146832108497,0.5611840486526489,0.3999735713005066,-0.1909321993589401,0.9811065793037416,0.5685876607894897,0.3962506651878357,0.1332689970731735,0.1073099747300148,0.5706208348274231,0.4000247418880462,-0.1843564659357071,0.979440212249756,0.5696637034416199,0.3955366909503937,0.1111218482255935,0.1087575107812881,0.572634756565094,0.4091061651706695,-0.1636655926704406,0.9662232995033264,0.5703971982002258,0.4058887660503387,0.1169682890176773,0.1105329096317291,0.5616055727005005,0.4278995394706726,-0.0776120126247406,0.9982728362083436,0.5675703883171082,0.4245611131191253,0.0775471776723861,0.9959525465965272,0.5693542957305908,0.2748824656009674,-0.0659228786826133,0.8824774026870728,0.5655288100242615,0.2746448516845703,0.0741752088069915,0.307722806930542,0.5609176754951477,0.1086337938904762,-0.0440452322363853,0.8898765444755554,0.5550782680511475,0.1223957613110542,0.1066443994641304,0.3581050634384155,0.5494546294212341,0.0898375064134597,-0.0447950884699821,0.912219226360321,0.5445303320884705,0.1000013798475265,0.1071410626173019,0.4845158755779266,0.5852218270301819,0.0817996487021446,-0.1064819544553756,0.886726975440979,0.5806791186332703,0.0967504903674125,0.060850366950035,0.4654210209846496,hoyeon_stand_normal_01,5.0,2.236068,5.09902,8.062258,10.29563,12.529964,12.529964,13.892444,13.892444,13.038405,12.206556,10.816654,10.0,9.219544,7.81025,5.385165,5.09902,6.403124,8.944272,13.0,16.763055,20.880613,24.041631,25.298221,25.079872,24.166092,6.324555,7.615773,8.944272,10.0,10.630146,10.630146,10.630146,9.219544,7.81025,6.403124,5.0,2.828427,1.0,2.236068,3.0,5.0,7.0,9.0,11.0,13.038405,14.035669,15.132746,16.124515,15.297059,13.341664,10.440307,11.661904,10.0,7.81025,6.324555,6.082763,7.071068,9.433981,11.18034,13.928388,15.811388,17.720045,19.924859,21.18962,22.472205,21.540659,21.023796,20.124612,17.0,13.416408,8.944272,4.0,5.0,10.198039,15.811388,19.924859,23.537205,8.944272,11.661904,13.601471,16.278821,16.970563,17.804494,16.643317,14.764823,12.083046,9.848858,6.324555,4.123106,1.0,2.0,4.123106,7.071068,9.055385,10.049876,12.041595,14.035669,15.033296,16.124515,16.124515,16.278821,15.524175,14.866069,16.03122,16.124515,14.035669,12.0,11.045361,9.486833,11.18034,10.816654,12.206556,13.601471,14.422205,17.492856,17.464249,18.973666,19.416488,19.235384,19.104973,18.027756,15.0,13.038405,9.219544,7.211103,7.615773,10.049876,14.035669,16.03122,9.0,7.071068,5.830952,5.830952,7.28011,10.049876,13.0,15.0,17.029386,18.11077,17.262677,17.464249,16.763055,16.155494,14.317821,13.0,12.083046,10.77033,10.440307,10.198039,12.041595,13.0,14.0,16.0,17.0,18.0
hoyeon_stand_normal_01,2622,874,87.40477595628415,29.998360745314464,10,0.5878511071205139,0.6759665608406067,-0.0232379827648401,0.9998977184295654,0.5839647054672241,0.6884599924087524,-0.0359312929213047,0.9998899102211,0.5822862386703491,0.6893081068992615,-0.0359876118600368,0.9998983144760132,0.5804187655448914,0.6902121305465698,-0.0360253378748893,0.9999171495437622,0.5858354568481445,0.687587320804596,-0.0132173411548137,0.9998437762260436,0.5853740572929382,0.6877412796020508,-0.0131913516670465,0.9997999668121338,0.5849145650863647,0.6881082057952881,-0.0132140088826417,0.9998213648796082,0.5698049068450928,0.6863370537757874,-0.0547976233065128,0.9999216794967652,0.5752699971199036,0.6863622069358826,0.0434205792844295,0.9996663331985474,0.5822985768318176,0.6657524108886719,-0.028013776987791,0.9998907446861268,0.5842922925949097,0.6641613841056824,0.000963048019912,0.9998131394386292,0.548450767993927,0.6266452074050903,-0.1286709010601043,0.9999942183494568,0.5665770173072815,0.612098217010498,0.1345543265342712,0.9995126128196716,0.5451143383979797,0.530092716217041,-0.1677170544862747,0.9971363544464112,0.5643851161003113,0.5118067264556885,0.1547722518444061,0.1034094840288162,0.5545280575752258,0.436956524848938,-0.1693748980760574,0.9919346570968628,0.5722395777702332,0.4262427091598511,0.1214881166815757,0.0996975153684616,0.5531571507453918,0.4009856879711151,-0.1914106160402298,0.9822828769683838,0.5745480060577393,0.3964008390903473,0.1308868378400802,0.1098017618060112,0.5614312887191772,0.4010767936706543,-0.1878235340118408,0.9807263016700744,0.5755282044410706,0.3955744802951813,0.1053990647196769,0.1113583445549011,0.5633140802383423,0.4099437594413757,-0.1658895909786224,0.9682950973510742,0.5748833417892456,0.4061688184738159,0.1119889169931411,0.1134281381964683,0.5573990941047668,0.4267313182353973,-0.0772068426012992,0.998213827610016,0.5692890882492065,0.4235884547233581,0.0771703049540519,0.9956504702568054,0.5664745569229126,0.2731597423553467,-0.0656157433986663,0.8820340633392334,0.5686126947402954,0.2743421792984009,0.0735991448163986,0.3067480027675628,0.5595249533653259,0.1085499972105026,-0.0419231317937374,0.8862259387969971,0.5561065077781677,0.1224022880196571,0.1033676639199256,0.3541660606861114,0.5489165782928467,0.0883673578500747,-0.0427130088210105,0.9036816358566284,0.5451461672782898,0.0980910137295723,0.1037524789571762,0.476542055606842,0.5851535797119141,0.0796477049589157,-0.1084807738661766,0.8824529051780701,0.5830851793289185,0.094749242067337,0.0555709265172481,0.463234543800354,hoyeon_stand_normal_01,21.5588695,23.0853295,22.146196,19.5273085,16.8241275,13.683234,9.9435175,6.140055,3.6925825,2.699173,4.4142135,6.815688,9.8239825,11.899755,14.482167,16.999433,19.0865735,20.7480705,20.7480705,20.4319925,18.533159,15.030941,11.7216745,8.5952415,9.1374645,11.531829,11.46895,12.0178345,10.607602,8.8631545,7.2434165,5.0542685,3.642692,3.618034,5.1055515,7.164718499999999,9.1930515,10.4442935,11.44252,12.345353,12.170832,12.6589105,12.096006,11.102197,10.0547365,8.061553,5.0276925,4.1594155,4.965053,8.282752499999999,12.3824115,16.540315999999997,9.848858,7.81025,5.830952,6.0,6.708204,8.485281,10.816654,13.892444,15.231546,17.464249,18.384776,20.615528,20.615528,21.931712,21.931712,21.023796,19.235384,17.0,13.416408,8.544004,5.09902,5.09902,9.055385,14.317821,18.681542,21.587033,9.899495,12.806248,15.0,16.643317,17.888544,17.464249,16.763055,15.297059,12.041595,10.0,7.071068,4.123106,1.414214,2.236068,4.123106,7.071068,9.0,11.0,13.038405,14.035669,15.033296,16.03122,16.03122,16.0,15.033296,13.152946,15.524175,13.601471,12.649111,10.77033,9.433981,8.485281,9.433981,10.77033,11.7047,13.928388,15.231546,16.552945,17.492856,19.416488,20.518285,20.518285,19.849433,18.601075,16.643317,13.601471,9.219544,7.615773,7.28011,10.630146,14.142136,17.691806,8.246211,6.324555,4.242641,4.0,6.324555,8.944272,12.083046,14.317821,15.231546,15.811388,15.524175,15.297059,14.142136,13.038405,12.0,11.0,10.049876,9.0,9.055385,9.219544,9.848858,11.18034,12.529964,14.764823,15.652476,16.155494
hoyeon_stand_normal_01,2625,875,87.50478142076503,29.998360745314464,10,0.5866430401802063,0.6773092150688171,-0.0239089969545602,0.9998945593833924,0.5816882848739624,0.6891268491744995,-0.0338713303208351,0.9998807907104492,0.5794327855110168,0.6898884773254395,-0.0339004918932914,0.999893069267273,0.5772580504417419,0.6906106472015381,-0.0339155942201614,0.999912440776825,0.584962785243988,0.6881523728370667,-0.011374189518392,0.9998329281806946,0.5851938128471375,0.6881764531135559,-0.0113406656309962,0.9997869729995728,0.5845746397972107,0.6883888244628906,-0.011353044770658,0.9998000264167786,0.566758394241333,0.6862856149673462,-0.0288126450031995,0.9999205470085144,0.5751856565475464,0.6862753629684448,0.0555881187319755,0.9996255040168762,0.580755889415741,0.6664604544639587,-0.025386668741703,0.9998887777328492,0.5841802358627319,0.6648659110069275,0.0020275057759135,0.9997979998588562,0.5415964722633362,0.6260100603103638,-0.0924620330333709,0.9999943971633912,0.5749843716621399,0.6069662570953369,0.1441831737756729,0.9994674921035768,0.5367406010627747,0.5305739641189575,-0.145356997847557,0.997215449810028,0.57319176197052,0.5056909918785095,0.1771410554647445,0.1006959527730941,0.5437168478965759,0.4376140236854553,-0.1741178333759308,0.9923636317253112,0.5814739465713501,0.4257585406303406,0.130327507853508,0.1067805215716362,0.5417526364326477,0.402924120426178,-0.1990505307912826,0.98318213224411,0.5859042406082153,0.3968076109886169,0.1295583099126815,0.1181789115071296,0.5504690408706665,0.4037484228610992,-0.2009930312633514,0.9817476272583008,0.5865233540534973,0.3954061269760132,0.105352908372879,0.1201448440551757,0.5521618127822876,0.412321388721466,-0.1737062484025955,0.9699885845184326,0.5839277505874634,0.405385822057724,0.1183647736907005,0.1216476559638977,0.5471225380897522,0.4264639019966125,-0.0737005770206451,0.9982837438583374,0.5717306733131409,0.4224953055381775,0.0737549215555191,0.995806097984314,0.5527650117874146,0.273139625787735,-0.0772858932614326,0.8862305283546448,0.5731725692749023,0.2732318937778473,0.059625219553709,0.3312811851501465,0.5529404878616333,0.1147646084427833,-0.0480420663952827,0.8881948590278625,0.5581324100494385,0.1218827813863754,0.0919636785984039,0.3802720010280609,0.5461218357086182,0.0921783000230789,-0.048884592950344,0.8925070762634277,0.5505355596542358,0.0979876890778541,0.091472789645195,0.4844217598438263,0.578064501285553,0.080579288303852,-0.1278210580348968,0.8843051791191101,0.5830882787704468,0.0918677002191543,0.0322166644036769,0.4854662120342254,hoyeon_stand_normal_01,19.924859,21.587033,21.213203,20.024984,18.0,16.0,13.0,10.049876,8.246211,7.615773,7.211103,7.211103,8.944272,9.486833,12.165525,14.317821,17.262677,19.646883,20.880613,21.540659,21.023796,19.235384,16.124515,12.083046,11.0,11.7047,13.453624,14.21267,14.422205,13.892444,13.416408,12.083046,11.18034,9.433981,8.602325,8.485281,7.81025,8.944272,9.848858,10.77033,11.7047,13.0,13.416408,13.892444,14.422205,14.422205,12.206556,11.661904,9.486833,10.049876,11.18034,14.56022,15.524175,15.811388,16.155494,15.231546,14.764823,13.038405,11.401754,9.219544,8.485281,5.656854,3.605551,1.0,1.414214,4.242641,7.071068,10.630146,13.453624,17.029386,19.209373,20.615528,21.400935,22.203603,21.400935,20.0,17.204651,13.601471,10.0,9.219544,7.211103,6.324555,5.09902,5.0,6.324555,7.071068,9.0,9.055385,10.198039,10.440307,9.486833,9.486833,7.615773,6.708204,5.830952,4.472136,2.828427,2.0,2.236068,5.09902,7.071068,9.055385,12.165525,14.142136,15.652476,14.317821,12.529964,10.816654,9.899495,8.602325,9.486833,10.440307,12.165525,13.341664,15.524175,16.763055,18.384776,20.124612,20.248457,20.808652,20.615528,18.384776,16.970563,13.453624,9.433981,7.071068,8.062258,11.313708,15.0,18.027756,7.615773,6.708204,4.242641,4.0,5.830952,7.81025,10.630146,12.806248,14.422205,15.264338,15.231546,14.866069,13.928388,13.341664,12.165525,11.045361,10.049876,9.219544,9.219544,9.486833,10.29563,11.661904,13.038405,14.422205,16.643317,17.0
hoyeon_stand_normal_01,2628,876,87.6047868852459,29.998360745314464,10,0.5841387510299683,0.6790763735771179,-0.0528333522379398,0.9998993277549744,0.5784008502960205,0.6906952857971191,-0.0515085346996784,0.9998819231987,0.5761633515357971,0.6912890672683716,-0.0515635013580322,0.999894678592682,0.5737612247467041,0.6918548941612244,-0.0516081266105175,0.9999130964279176,0.5833849310874939,0.6896460652351379,-0.0369415283203125,0.999837338924408,0.584285318851471,0.6895108222961426,-0.0369223691523075,0.9997939467430116,0.584494411945343,0.6894800066947937,-0.036912977695465,0.9998047947883606,0.5633339285850525,0.6866790056228638,-0.0261962581425905,0.9999208450317384,0.5755477547645569,0.6863232851028442,0.0449908934533596,0.999629557132721,0.5778471827507019,0.6676041483879089,-0.0411003082990646,0.9998941421508788,0.5833798050880432,0.6661468148231506,-0.022367799654603,0.999805510044098,0.5364779233932495,0.6224393248558044,-0.0619602762162685,0.9999942779541016,0.585491418838501,0.5989967584609985,0.1260209530591964,0.9995022416114808,0.5307316184043884,0.5278108716011047,-0.1053786799311637,0.9969763159751892,0.5862367749214172,0.4933768808841705,0.1663548648357391,0.1286019384860992,0.5343039035797119,0.4371174573898315,-0.1670020967721939,0.9917120933532716,0.5941925048828125,0.4141519665718078,0.1055042892694473,0.1545372456312179,0.5313901305198669,0.4026402831077575,-0.1916128993034362,0.9821146130561828,0.5988638401031494,0.3865746259689331,0.0934613421559333,0.1622630804777145,0.5393826961517334,0.4031293988227844,-0.1994833052158355,0.9808143973350524,0.5974133014678955,0.3866105675697326,0.0679694935679435,0.1651009917259216,0.5421821475028992,0.4118194878101349,-0.1682844161987304,0.9691150784492492,0.5950230956077576,0.3954827487468719,0.0921497717499733,0.1651669144630432,0.5440031290054321,0.4265961349010467,-0.0641500428318977,0.9984064102172852,0.5739163160324097,0.422706127166748,0.0642031356692314,0.9961448907852172,0.5474799871444702,0.2732385993003845,-0.0863639339804649,0.890887439250946,0.5740153789520264,0.2734639346599579,0.0413312539458274,0.3611174821853637,0.5496290326118469,0.1196926236152648,-0.0475189089775085,0.8920213580131531,0.5596509575843811,0.1233028396964073,0.0859300792217254,0.4144666790962219,0.5445972084999084,0.094345174729824,-0.048061516135931,0.8764906525611877,0.5521609783172607,0.0984268859028816,0.0857019424438476,0.4970423281192779,0.5715112686157227,0.0807025432586669,-0.1364144682884216,0.8868675827980042,0.583122968673706,0.0916528329253196,0.0167555939406156,0.5129856467247009,hoyeon_stand_normal_01,22.36068,22.803509,21.18962,18.788294,15.652476,13.416408,10.440307,9.219544,8.062258,8.246211,9.486833,9.848858,11.661904,12.206556,14.422205,15.811388,18.027756,19.723083,21.023796,20.615528,19.924859,17.720045,15.811388,12.529964,12.727922,15.264338,13.928388,13.416408,13.892444,13.038405,13.038405,12.529964,12.083046,12.083046,13.0,13.0,13.416408,12.529964,12.529964,12.529964,12.529964,12.529964,11.661904,11.661904,12.529964,11.661904,12.083046,12.369317,13.152946,15.033296,18.027756,20.024984,5.0,7.211103,8.544004,9.219544,11.0,12.165525,12.649111,14.317821,15.811388,16.401219,17.691806,18.384776,19.104973,19.209373,18.601075,17.204651,15.811388,13.892444,9.848858,5.385165,2.236068,4.472136,9.219544,14.142136,17.691806,20.518285,13.038405,15.297059,15.811388,17.0,16.643317,16.278821,14.21267,12.083046,10.198039,9.055385,8.062258,7.81025,9.486833,10.198039,11.045361,12.0,13.038405,13.038405,14.142136,13.152946,13.038405,12.0,10.0,8.062258,6.324555,4.242641,17.464249,16.492423,14.317821,11.7047,10.29563,9.219544,8.602325,9.848858,12.083046,13.928388,15.231546,17.0,18.027756,20.0,20.518285,21.260292,21.400935,19.416488,17.492856,14.422205,10.630146,8.062258,8.062258,10.29563,12.806248,16.278821,8.544004,6.708204,5.656854,5.385165,6.082763,8.544004,10.77033,12.649111,13.601471,14.56022,15.297059,14.142136,14.142136,13.0,12.0,11.045361,10.0,10.0,10.049876,10.440307,11.7047,13.0,15.231546,17.464249,18.384776,19.924859
hoyeon_stand_normal_01,2631,877,87.70479234972677,29.998360745314464,10,0.5818415880203247,0.6794266104698181,-0.112173207104206,0.9999045729637146,0.5768916606903076,0.6911634802818298,-0.1095416471362114,0.9998835921287536,0.5746335983276367,0.6918071508407593,-0.1095822751522064,0.999896228313446,0.5720425248146057,0.6924325823783875,-0.1096368879079818,0.9999138116836548,0.582182765007019,0.689865231513977,-0.0973220616579055,0.9998422861099244,0.5836328864097595,0.6895990371704102,-0.0973233059048652,0.9998016357421876,0.584435224533081,0.6894785165786743,-0.0973130092024803,0.999811828136444,0.561828076839447,0.6874271035194397,-0.065922163426876,0.9999206066131592,0.5763479471206665,0.6861376762390137,-0.0119692990556359,0.9996376633644104,0.5758097171783447,0.6685184836387634,-0.0955128222703933,0.9999003410339355,0.5816329121589661,0.6666062474250793,-0.0792766138911247,0.9998156428337096,0.5330854654312134,0.6218591928482056,-0.0718427151441574,0.9999936819076538,0.5884804129600525,0.5967605113983154,0.0652010142803192,0.999540627002716,0.5253382325172424,0.5262532830238342,-0.0912322700023651,0.996550977230072,0.5902072191238403,0.4926730692386627,0.1083259284496307,0.177748218178749,0.5252507925033569,0.4367195069789886,-0.1576904356479644,0.9900721311569214,0.598125159740448,0.4117737412452698,0.0473204627633094,0.2119581550359726,0.5234845280647278,0.4023755192756653,-0.1853343844413757,0.9790021777153016,0.602434515953064,0.3837141990661621,0.0326065458357334,0.2120799869298935,0.5287953019142151,0.4027019441127777,-0.1941422969102859,0.977965772151947,0.6001780033111572,0.3832078576087951,0.0070584090426564,0.2157185226678848,0.5315448641777039,0.4114386141300201,-0.163898155093193,0.9659082293510436,0.5975542068481445,0.3922921419143677,0.0345778986811637,0.2146883159875869,0.5426353812217712,0.4303993880748749,-0.0502899698913097,0.9985143542289734,0.5751602053642273,0.4253114461898803,0.0503129586577415,0.996463179588318,0.5460056066513062,0.2757152915000915,-0.0832926705479621,0.8955016136169434,0.5739341378211975,0.2743470370769501,0.0264578256756067,0.3981649577617645,0.5487197041511536,0.1224675774574279,-0.0351343490183353,0.8964486718177795,0.5603418946266174,0.122786670923233,0.080353707075119,0.4522533714771271,0.544661819934845,0.0971149951219558,-0.0351920686662197,0.8526720404624939,0.5538482069969177,0.0971853286027908,0.0806228071451187,0.5066497921943665,0.5652352571487427,0.0808610096573829,-0.1283439695835113,0.8889391422271729,0.5828516483306885,0.0868628844618797,0.00051715207519,0.5415722727775574,hoyeon_stand_normal_01,22.090722,22.0,21.095023,18.248288,15.524175,12.369317,10.049876,8.0,7.28011,7.211103,8.485281,10.0,11.401754,13.038405,15.0,16.401219,18.439089,19.79899,20.518285,20.0,18.867962,16.643317,14.21267,11.401754,12.649111,15.297059,12.649111,12.083046,12.529964,11.661904,11.661904,10.29563,9.848858,10.440307,10.440307,11.18034,11.401754,12.369317,12.369317,12.369317,12.649111,12.083046,12.083046,11.18034,11.18034,10.77033,9.486833,10.049876,11.045361,13.341664,16.492423,18.439089,10.440307,11.0,12.369317,13.416408,14.422205,15.556349,17.204651,18.35756,20.124612,20.248457,22.135944,23.086793,23.086793,23.086793,22.135944,20.880613,18.681542,14.56022,10.198039,6.0,3.162278,7.211103,12.727922,17.691806,21.931712,24.758837,16.124515,18.0,19.235384,18.973666,17.888544,15.620499,12.806248,9.486833,8.062258,7.81025,9.848858,11.18034,13.0,14.142136,15.524175,16.763055,17.088007,17.088007,17.088007,17.088007,16.763055,15.297059,13.038405,12.041595,10.440307,10.0,19.0,17.029386,15.033296,12.0,9.219544,8.062258,8.485281,9.433981,11.661904,13.416408,15.264338,16.401219,18.439089,19.79899,19.849433,19.416488,19.723083,17.888544,15.652476,12.529964,10.0,7.211103,7.0,9.848858,13.038405,15.0,6.324555,5.0,4.123106,5.0,6.324555,9.219544,12.165525,13.341664,14.56022,14.866069,14.866069,14.317821,13.892444,13.038405,10.816654,10.29563,8.944272,8.246211,9.055385,10.0,11.045361,13.152946,16.278821,18.248288,20.099751,20.024984
hoyeon_stand_normal_01,2634,878,87.80479781420765,29.998360745314464,10,0.5806589722633362,0.6832788586616516,-0.1069060713052749,0.999911367893219,0.5761982798576355,0.6939806938171387,-0.1048659905791282,0.9998880624771118,0.5737873315811157,0.694675624370575,-0.1048960611224174,0.999900221824646,0.5713722109794617,0.6954286694526672,-0.1049296781420707,0.9999164342880248,0.5808700323104858,0.6923481822013855,-0.0927248299121856,0.9998501539230348,0.5823710560798645,0.6919329166412354,-0.0927238017320633,0.9998133778572084,0.5836299061775208,0.6916422247886658,-0.0927127748727798,0.9998226165771484,0.5611323714256287,0.6894341707229614,-0.0697942599654197,0.9999212026596068,0.5762043595314026,0.6873211860656738,-0.015654070302844,0.9996554255485536,0.5752122402191162,0.6727225184440613,-0.093378834426403,0.999906837940216,0.5807421207427979,0.6710782051086426,-0.0774595513939857,0.9998277425765992,0.531687319278717,0.6218989491462708,-0.0668923109769821,0.9999927282333374,0.588431715965271,0.596910297870636,0.0492923632264137,0.9995770454406738,0.5200114846229553,0.526382327079773,-0.0770008340477943,0.9961858987808228,0.5915544033050537,0.4945638477802276,0.0889780223369598,0.2329126298427581,0.5154433250427246,0.4367738962173462,-0.1322774440050125,0.9893425107002258,0.6017163991928101,0.4128133058547973,0.0355250164866447,0.2750738263130188,0.5114136934280396,0.4027900397777557,-0.1554381251335144,0.9772725105285645,0.6059533357620239,0.3849931359291076,0.0225357376039028,0.2686152160167694,0.5170843601226807,0.4029402136802673,-0.1732950210571289,0.97649747133255,0.6025782823562622,0.3836426436901092,-0.0020659265574067,0.2729101479053497,0.5197813510894775,0.4115914702415466,-0.1404426246881485,0.9647058248519896,0.5998013019561768,0.3929158449172973,0.0235899295657873,0.2706030905246734,0.5392851233482361,0.4370879232883453,-0.0387522615492343,0.9986193776130676,0.5741401314735413,0.4305226504802704,0.0387518368661403,0.9967650175094604,0.5433977246284485,0.2811718583106994,-0.0725427716970443,0.8991845846176147,0.5726602077484131,0.2818073630332947,0.015577120706439,0.4400486648082733,0.545580267906189,0.1280732899904251,-0.0111489193513989,0.9001144766807556,0.5602205991744995,0.1279614269733429,0.0742842331528663,0.4907156825065613,0.5433043837547302,0.1063111200928688,-0.0104572940617799,0.8266461491584778,0.555189847946167,0.1039323136210441,0.0753581076860427,0.5113272070884705,0.5561283826828003,0.0854294449090957,-0.1102543920278549,0.8906657695770264,0.5711553692817688,0.0872724503278732,-0.003774814074859,0.5701284408569336,hoyeon_stand_normal_01,19.723083,19.697716,17.720045,15.524175,13.341664,10.198039,7.28011,5.0,4.472136,6.0,7.0,9.055385,11.18034,13.152946,15.132746,17.029386,19.0,21.095023,21.377558,20.615528,18.681542,15.524175,13.152946,12.165525,13.416408,17.204651,10.77033,10.816654,10.816654,10.0,8.602325,7.211103,6.708204,7.071068,7.0,8.0,9.0,10.0,10.049876,10.049876,10.198039,10.198039,10.440307,9.486833,8.544004,8.246211,7.0,6.324555,8.602325,11.313708,14.866069,17.029386,16.654103499999998,16.278821,15.3102495,14.1573245,12.7841845,11.893873,10.6053185,8.303131,7.140055,5.04951,3.162278,2.236068,2.699173,5.328427,7.848192,10.239502,13.606335,15.35952,17.2972915,19.1171045,19.500152,19.500152,18.656841,16.672141,14.8476145,11.954131,5.1925825,5.0,6.354102,7.8390155,9.81601,11.8731475,13.814539,14.422205,14.052557,13.226812,11.8731475,10.5352265,8.0282305,6.2429435,4.1828735,2.118034,1.0,2.8027755,5.2420925,7.4479415,9.196431,11.426688,13.8671145,15.2086495,16.124515,16.643317,12.649111,14.317821,15.297059,16.492423,16.492423,15.524175,14.866069,13.928388,12.083046,10.29563,8.944272,6.708204,5.09902,5.0,5.830952,7.071068,10.0,12.206556,15.0,17.204651,18.439089,19.104973,19.104973,18.384776,16.278821,13.453624,12.041595,13.453624,15.556349,16.278821,15.620499,14.21267,12.806248,10.630146,9.219544,8.062258,7.071068,6.0,7.28011,8.062258,9.433981,10.29563,11.661904,12.529964,12.529964,13.416408,13.416408,12.529964,11.661904,11.401754,11.313708,10.816654
hoyeon_stand_normal_01,2637,879,87.90480327868852,29.998360745314464,10,0.5771989226341248,0.6835384964942932,-0.1653038114309311,0.9999182224273682,0.5727555155754089,0.6941006779670715,-0.1600237637758255,0.9998930096626282,0.5702294707298279,0.6947792768478394,-0.1600401401519775,0.9999048709869384,0.5673888325691223,0.6954823732376099,-0.1600694209337234,0.9999196529388428,0.5781363248825073,0.692477285861969,-0.1518836021423339,0.9998573064804076,0.5798922181129456,0.6920304298400879,-0.1518807113170623,0.999824285507202,0.5814250111579895,0.6917148232460022,-0.1518602222204208,0.9998323321342468,0.5576003789901733,0.6895872354507446,-0.1062187626957893,0.9999231696128844,0.5760656595230103,0.6873513460159302,-0.0686314851045608,0.9996724128723145,0.5716419219970703,0.6734597682952881,-0.1442915648221969,0.999914050102234,0.5784199833869934,0.6718396544456482,-0.1333494037389755,0.9998408555984496,0.5293334722518921,0.6218467354774475,-0.0765678882598877,0.999992311000824,0.5879376530647278,0.5970609784126282,0.0023625569883733,0.999612033367157,0.5166177153587341,0.525020956993103,-0.0614215731620788,0.9956489205360411,0.5916044116020203,0.4961864948272705,0.0505796186625957,0.2929989099502563,0.5092779994010925,0.4353174269199371,-0.1148786768317222,0.9877957105636596,0.601331353187561,0.4141500890254974,-0.0042041568085551,0.3343517184257507,0.5042351484298706,0.4026137888431549,-0.1359538286924362,0.9740241169929504,0.6060169339179993,0.3863178789615631,-0.0196456797420978,0.3217000961303711,0.5110059976577759,0.4023538529872894,-0.1581191271543502,0.973666489124298,0.6031110882759094,0.3846964836120605,-0.0473694540560245,0.3265188336372375,0.5140788555145264,0.4109454452991485,-0.1247079297900199,0.9620122313499452,0.5999733209609985,0.3940610587596893,-0.0172801669687032,0.3233070373535156,0.535627543926239,0.4377624094486236,-0.0277916621416807,0.998721480369568,0.5733873844146729,0.4307931661605835,0.0277735982090234,0.9970357418060304,0.5370864272117615,0.2811051905155182,-0.0539289787411689,0.9062584042549132,0.5719448924064636,0.281550258398056,0.0090268310159444,0.4886001348495483,0.5379946231842041,0.1262781620025634,0.0260888654738664,0.9072850942611694,0.5603618621826172,0.1282617300748825,0.0820596888661384,0.5346049070358276,0.5386107563972473,0.1059171482920646,0.0277081746608018,0.8024835586547852,0.556760847568512,0.1068310365080833,0.0814657732844352,0.5245741605758667,0.5449924468994141,0.0793622955679893,-0.0811393484473228,0.8969349265098572,0.5627389550209045,0.0843096449971199,0.0011371214641258,0.6054893136024475,hoyeon_stand_normal_01,22.803509,23.853721,22.825424,20.615528,17.088007,13.601471,9.486833,5.385165,2.828427,2.828427,5.830952,8.944272,12.083046,14.764823,17.0,19.723083,21.633308,23.600847,23.430749,21.931712,19.79899,16.278821,10.816654,8.0,10.0,14.866069,14.764823,14.422205,14.21267,12.806248,11.401754,9.433981,8.544004,7.071068,8.062258,8.944272,9.433981,11.401754,12.806248,12.806248,13.601471,14.422205,13.892444,12.529964,12.529964,10.29563,7.211103,5.0,5.09902,8.485281,13.453624,17.691806,14.035669,15.297059,15.811388,14.764823,15.811388,15.556349,16.401219,17.492856,17.888544,18.384776,19.313208,19.924859,19.924859,19.924859,18.973666,17.088007,14.866069,11.7047,8.246211,4.123106,4.0,8.944272,13.892444,18.867962,21.954498,24.596748,19.209373,21.095023,21.540659,19.646883,17.117243,14.035669,9.848858,7.211103,6.082763,8.485281,10.29563,13.341664,15.132746,16.03122,17.029386,17.117243,17.117243,17.117243,16.124515,16.03122,14.0,13.152946,10.77033,10.630146,10.816654,12.649111,13.0,14.56022,15.524175,15.524175,15.524175,15.811388,13.928388,13.0,12.083046,10.29563,8.944272,7.615773,6.082763,6.0,5.830952,7.81025,9.899495,13.453624,14.866069,17.691806,18.384776,19.849433,19.209373,18.601075,16.643317,13.892444,13.601471,16.401219,17.029386,17.691806,18.384776,16.278821,14.866069,12.727922,10.630146,8.062258,6.324555,6.082763,6.708204,8.062258,9.433981,10.0,11.401754,12.206556,13.038405,13.892444,13.892444,13.892444,13.038405,12.806248,12.041595,11.401754
hoyeon_stand_normal_01,2640,880,88.00480874316939,29.998360745314464,10,0.5717786550521851,0.6837279200553894,-0.2219354957342147,0.999924659729004,0.5671972632408142,0.6942580342292786,-0.2120538055896759,0.9998979568481444,0.5642067193984985,0.6949465870857239,-0.2120657116174698,0.9999094605445862,0.561186671257019,0.6955815553665161,-0.212093323469162,0.9999229311943054,0.5738941431045532,0.692494809627533,-0.2087219208478927,0.9998638033866882,0.5755441188812256,0.6920400261878967,-0.2087285071611404,0.9998338222503662,0.5774689316749573,0.6916689872741699,-0.2087084650993347,0.9998397827148438,0.5533062219619751,0.6896231770515442,-0.1374984681606292,0.9999240040779114,0.5758905410766602,0.6868543028831482,-0.1221464723348617,0.9996821284294128,0.5646377801895142,0.673470675945282,-0.1932653486728668,0.9999204874038696,0.574048638343811,0.6716737151145935,-0.1888826489448547,0.999852418899536,0.5271982550621033,0.6199127435684204,-0.0843609720468521,0.9999914765357972,0.5875310301780701,0.5978729128837585,-0.0501997023820877,0.9996398687362672,0.514615535736084,0.5205262303352356,-0.0531116984784603,0.9952007532119752,0.591204047203064,0.4965438842773437,-0.0045150206424295,0.356080412864685,0.5080457329750061,0.4329610466957092,-0.106735460460186,0.9869890213012696,0.5998113751411438,0.4148587882518768,-0.058797750622034,0.3899953663349151,0.5039347410202026,0.402469128370285,-0.1263236254453659,0.9719933867454528,0.6043539047241211,0.3868469297885895,-0.0764835700392723,0.3718761503696441,0.5098556280136108,0.4020510911941528,-0.1516156941652298,0.9720641374588012,0.6016784906387329,0.3850716650485992,-0.103729523718357,0.3771689236164093,0.5126556754112244,0.4104219973087311,-0.1177311167120933,0.960810124874115,0.5985351204872131,0.3945111334323883,-0.0714653953909874,0.3735619485378265,0.5330552458763123,0.4382645189762115,-0.0156390611082315,0.998803734779358,0.572790265083313,0.4317540228366852,0.0155959883704781,0.9972609281539916,0.5321540236473083,0.2810408174991607,-0.0460111945867538,0.9082894325256348,0.5695635080337524,0.2815399765968323,-0.0063314288854599,0.5273720026016235,0.5319769978523254,0.1276466399431228,0.0407179407775402,0.9082310199737548,0.5596649646759033,0.1301437020301818,0.0787292420864105,0.5673424601554871,0.5319300889968872,0.1117166802287101,0.0432908348739147,0.7674435377120972,0.5558215379714966,0.1129066422581672,0.0810435190796852,0.5201389193534851,0.531790018081665,0.0799561515450477,-0.0628301054239273,0.8959024548530579,0.5613439083099365,0.0846878737211227,-0.0146912699565291,0.629855751991272,hoyeon_stand_normal_01,7.81025,5.0,6.403124,9.433981,13.038405,14.764823,17.0,17.492856,17.492856,16.124515,15.264338,13.416408,12.083046,9.848858,8.246211,6.0,5.0,7.28011,11.045361,16.0,20.024984,24.020824,28.0,29.068884,29.274562,27.658633,7.615773,8.944272,12.529964,13.892444,15.264338,15.264338,15.652476,15.652476,13.892444,13.416408,11.18034,9.433981,7.211103,5.656854,4.123106,4.123106,6.403124,8.485281,11.401754,14.21267,17.029386,19.104973,19.79899,19.849433,18.439089,16.401219,16.401219,17.029386,15.556349,14.21267,13.892444,13.928388,14.317821,15.033296,16.0,17.029386,17.029386,18.027756,19.026298,19.026298,18.0,17.029386,15.033296,13.038405,9.0,6.082763,4.472136,7.28011,11.7047,15.231546,19.313208,21.84033,15.620499,16.124515,16.155494,15.297059,13.0,9.219544,5.830952,4.123106,4.242641,7.071068,10.049876,11.401754,13.928388,14.764823,15.264338,15.811388,15.0,15.0,13.601471,13.038405,12.083046,11.401754,11.0,11.18034,13.928388,14.764823,12.206556,13.601471,14.21267,15.0,15.0,14.422205,13.892444,12.529964,11.18034,9.848858,8.062258,6.403124,5.656854,5.385165,6.0,8.062258,11.18034,13.341664,15.524175,17.464249,19.235384,20.223748,20.099751,19.104973,17.029386,14.0,12.369317,14.317821,16.278821,16.124515,16.03122,15.033296,13.038405,11.045361,9.055385,7.28011,5.830952,5.0,5.385165,6.082763,7.0,8.0,9.0,10.049876,11.045361,11.18034,11.18034,11.18034,11.045361,11.0,11.045361,10.440307
hoyeon_stand_normal_01,2643,881,88.10481420765028,29.998360745314464,10,0.566107988357544,0.6835219264030457,-0.2443875968456268,0.9999300837516784,0.5615024566650391,0.6941345930099487,-0.2344682365655899,0.9999009370803832,0.5585027933120728,0.6948460340499878,-0.2344791293144226,0.9999123811721802,0.5554832220077515,0.6955547332763672,-0.2345076203346252,0.9999246001243592,0.5687831044197083,0.6924265623092651,-0.2320989966392517,0.9998676776885986,0.5710049867630005,0.6919874548912048,-0.2321153134107589,0.999840497970581,0.5730002522468567,0.6916335225105286,-0.2321039140224456,0.9998441338539124,0.5493013858795166,0.6896026730537415,-0.1581415683031082,0.9999223351478576,0.5736466646194458,0.686212420463562,-0.1473443359136581,0.9996850490570068,0.5593134760856628,0.6732091903686523,-0.2147737294435501,0.9999253153800964,0.56929612159729,0.6714388728141785,-0.2117066979408264,0.9998613595962524,0.5229754447937012,0.6174554228782654,-0.0969790518283844,0.999990165233612,0.5861513614654541,0.5984804034233093,-0.0757714882493019,0.9996621608734132,0.5123559832572937,0.5170232653617859,-0.0620082132518291,0.9947882890701294,0.5908188223838806,0.4966373145580292,-0.0298956651240587,0.4154509902000427,0.505832314491272,0.4303341507911682,-0.1147116720676422,0.9863198399543762,0.5974665880203247,0.4152288138866424,-0.0806257575750351,0.4421506524085998,0.5011381506919861,0.4012362658977508,-0.1341401040554046,0.9702709913253784,0.6013112664222717,0.3870787322521209,-0.0987109020352363,0.4194953441619873,0.5065119862556458,0.4005453586578369,-0.1579454988241195,0.9707055687904358,0.5986433029174805,0.3853857517242431,-0.1244950070977211,0.4251477718353271,0.5097756385803223,0.4091848731040954,-0.1250392347574234,0.9598766565322876,0.5959358811378479,0.3947899341583252,-0.0923679918050766,0.4212482571601867,0.5309404134750366,0.4392469525337219,-0.0114034628495574,0.9988647103309632,0.5724934935569763,0.4329095780849457,0.0113409599289298,0.9974481463432312,0.526288628578186,0.2821167409420013,-0.0453332439064979,0.907233476638794,0.5664597153663635,0.2836683094501495,-0.0113700665533542,0.5584253668785095,0.5258029103279114,0.1311181634664535,0.0435558557510376,0.9039822816848756,0.5588254332542419,0.1348649263381958,0.0728964731097221,0.592007040977478,0.5258799195289612,0.1192103773355484,0.0466153025627136,0.7269484996795654,0.5552837252616882,0.1220384836196899,0.0758925527334213,0.5099514126777649,0.5261272192001343,0.0831924900412559,-0.0559842661023139,0.8888335824012756,0.5605138540267944,0.0891442373394966,-0.0217958763241767,0.6464290022850037,hoyeon_stand_normal_01,7.615773,4.0,3.605551,7.071068,10.0,12.0,14.035669,14.035669,14.0,13.038405,12.041595,11.045361,10.049876,8.246211,6.708204,5.0,4.123106,5.385165,8.485281,12.206556,16.643317,20.248457,23.021729,25.612497,26.248809,24.041631,7.071068,10.0,12.806248,14.21267,16.278821,16.970563,17.029386,17.029386,15.0,12.806248,10.630146,8.485281,6.403124,4.472136,4.123106,5.0,7.211103,8.944272,11.7047,14.866069,17.088007,19.697716,20.124612,20.124612,18.35756,15.264338,18.027756,17.492856,16.124515,14.317821,13.341664,13.038405,13.038405,13.601471,14.866069,15.231546,16.155494,17.464249,18.027756,18.027756,17.720045,16.492423,15.132746,12.165525,9.219544,5.830952,5.09902,7.615773,12.529964,15.652476,19.313208,21.84033,16.124515,17.029386,16.278821,15.811388,13.038405,10.0,5.656854,2.236068,2.236068,5.830952,8.544004,10.440307,13.152946,14.035669,15.0,15.033296,15.132746,15.132746,14.142136,13.038405,12.0,11.18034,11.18034,12.041595,14.866069,15.811388,12.062320499999998,13.0192025,13.678113,14.6336075,14.6336075,13.952237,13.3772085,11.7748285,10.319173,9.353188500000002,7.7631605,6.203659,4.5,4.736068,5.5413815,8.335579,11.2201535,13.6886665,16.7609045,18.840771,20.4743275,21.2822275,21.317841,19.8987335,18.316532,14.7252835,13.3628725,14.482167,16.0606515,16.5596135,16.732124499999998,15.7764725,13.8824115,12.208204,9.885165,7.807536,6.2281165000000005,5.5413815,5.151544,5.5210095,6.2429435,7.8366965,8.3322915,9.609772,10.0990195,10.5352265,10.5352265,10.5352265,10.9210305,10.433265,9.924429,10.2450915
hoyeon_stand_normal_01,2646,882,88.20481967213115,29.998360745314464,10,0.5611981749534607,0.6843531131744385,-0.2661151587963104,0.9999361634254456,0.5565674901008606,0.694136917591095,-0.2555113434791565,0.9999074935913086,0.5534136295318604,0.6947527527809143,-0.2555102109909057,0.9999182224273682,0.5506990551948547,0.6954652070999146,-0.2555330693721771,0.9999293684959412,0.5644976496696472,0.6925456523895264,-0.2538528144359588,0.9998764991760254,0.5667438507080078,0.6920595169067383,-0.253876268863678,0.9998520016670228,0.5687870383262634,0.6916258335113525,-0.2538647353649139,0.9998546838760376,0.545276403427124,0.6895349025726318,-0.1762636750936508,0.9999253153800964,0.5703569054603577,0.6858019232749939,-0.1688423305749893,0.9997033476829528,0.5543038249015808,0.6737407445907593,-0.2356124222278595,0.999931275844574,0.5648357272148132,0.672406017780304,-0.2335371524095535,0.9998725652694702,0.5192524790763855,0.6151642203330994,-0.1134714633226394,0.9999893307685852,0.584660530090332,0.5988559126853943,-0.0969049111008644,0.9996853470802308,0.5080301761627197,0.5151240825653076,-0.0718457773327827,0.994585394859314,0.5889090299606323,0.4973017275333404,-0.0514545328915119,0.4704945087432861,0.5013432502746582,0.4294703900814056,-0.1205709129571914,0.9861938953399658,0.5954380035400391,0.4153238534927368,-0.1037885695695877,0.4908110201358795,0.4975357949733734,0.4011632204055786,-0.1426408588886261,0.9696002006530762,0.5990461707115173,0.3871710002422333,-0.1231063306331634,0.4644120037555694,0.5019938945770264,0.400472491979599,-0.1718950122594833,0.970308482646942,0.5971680879592896,0.3855613470077514,-0.1490369737148285,0.4703211784362793,0.505393922328949,0.4091396331787109,-0.1336579918861389,0.9599052667617798,0.5947896838188171,0.3948121070861816,-0.1155865713953971,0.4661026000976562,0.5282331705093384,0.4404329061508178,-0.0077483118511736,0.9989347457885742,0.5709560513496399,0.4337840974330902,0.0076624155044555,0.9976465702056884,0.5228287577629089,0.2848838567733764,-0.0413061715662479,0.9107157588005066,0.562675416469574,0.285244733095169,-0.0146589716896414,0.5938761830329895,0.5255752801895142,0.1363752484321594,0.0561303570866584,0.9060940146446228,0.5587093234062195,0.1374700367450714,0.0733759552240371,0.6228453516960144,0.5264691114425659,0.1260313093662262,0.0598182082176208,0.7006768584251404,0.5560764074325562,0.1224225237965583,0.0764715820550918,0.5084665417671204,0.5257249474525452,0.0852857306599617,-0.0449073761701583,0.8899268507957458,0.5620318055152893,0.0909243747591972,-0.0234170760959386,0.6702532172203064,hoyeon_stand_normal_01,10.440307,6.082763,3.605551,4.0,7.071068,9.219544,10.440307,11.7047,11.7047,11.7047,10.77033,11.18034,10.29563,9.433981,7.81025,7.071068,5.830952,5.0,5.830952,9.219544,12.529964,15.652476,20.124612,21.954498,23.853721,23.600847,5.385165,7.28011,10.198039,12.369317,14.56022,16.763055,17.088007,17.464249,16.552945,14.764823,13.892444,11.661904,9.433981,6.708204,4.123106,3.162278,3.605551,6.082763,9.0,12.0,15.0,17.029386,19.104973,19.235384,18.439089,16.492423,13.601471,13.453624,13.453624,13.601471,13.601471,12.206556,11.661904,10.29563,8.544004,7.28011,6.0,5.385165,5.830952,7.211103,8.944272,11.7047,13.928388,16.552945,17.888544,19.723083,20.248457,20.0,18.439089,16.278821,13.453624,10.630146,1.414214,1.414214,4.242641,6.403124,9.433981,11.7047,12.649111,13.152946,13.038405,12.0,11.0,10.049876,8.062258,6.0,4.123106,3.605551,3.162278,5.0,6.082763,8.246211,10.440307,11.401754,13.601471,13.601471,13.928388,14.317821,16.155494,14.317821,13.0,11.7047,10.198039,9.0,10.049876,10.440307,11.401754,13.601471,14.317821,16.124515,18.027756,19.0,19.104973,19.416488,18.681542,18.027756,16.155494,12.649111,9.219544,7.071068,7.071068,9.848858,12.369317,14.56022,9.486833,8.062258,7.071068,7.81025,9.433981,12.083046,15.231546,16.552945,17.888544,19.235384,18.867962,18.601075,17.804494,16.278821,14.866069,12.727922,12.041595,11.401754,10.816654,11.18034,11.7047,12.369317,14.56022,16.492423,16.763055,16.763055
hoyeon_stand_normal_01,2649,883,88.30482513661202,29.998360745314464,10,0.5581294298171997,0.6843158006668091,-0.2357469499111175,0.9999417066574096,0.5533139705657959,0.6940826177597046,-0.2252543568611145,0.99991375207901,0.550527811050415,0.6947342753410339,-0.2252565771341323,0.9999237656593324,0.5482177138328552,0.6953662633895874,-0.2252728790044784,0.9999339580535888,0.5605701804161072,0.6925130486488342,-0.2224759757518768,0.999884843826294,0.56302410364151,0.6920285224914551,-0.2224838435649871,0.999862551689148,0.565059244632721,0.6915977001190186,-0.2224625945091247,0.999864399433136,0.5423063039779663,0.6893665790557861,-0.1496658325195312,0.9999285936355592,0.5654576420783997,0.6856729388237,-0.1366125047206878,0.9997193217277528,0.5517740249633789,0.6735725998878479,-0.2066097110509872,0.9999368786811828,0.5614559054374695,0.6724688410758972,-0.2030843198299408,0.999882996082306,0.515741229057312,0.6135916709899902,-0.1044890061020851,0.9999890327453612,0.5838689208030701,0.5990455150604248,-0.06397096067667,0.9997061491012572,0.5034938454627991,0.5131388306617737,-0.0598598308861255,0.9946466684341432,0.5876632928848267,0.4979666173458099,-0.0193075854331254,0.5189958214759827,0.4967731237411499,0.4270370900630951,-0.1182878240942955,0.9866639375686646,0.5943486094474792,0.4155311584472656,-0.0770134702324867,0.5337280631065369,0.4922890067100525,0.3987737596035003,-0.1395856440067291,0.9703019261360168,0.5968843102455139,0.3874059617519378,-0.095897763967514,0.503844678401947,0.4972485601902008,0.3980916738510132,-0.168276309967041,0.9711353778839112,0.5932883024215698,0.3858468234539032,-0.1216485351324081,0.5099054574966431,0.500968873500824,0.4075118899345398,-0.1302344650030136,0.9612200260162354,0.5908456444740295,0.395121157169342,-0.0888186618685722,0.5049062371253967,0.5241636633872986,0.438546359539032,-0.0092022716999053,0.999004065990448,0.5670763254165649,0.43220254778862,0.0091454470530152,0.997829020023346,0.5189849734306335,0.2828028500080108,-0.0393208600580692,0.9159333109855652,0.56097412109375,0.2850770652294159,-0.0135975331068038,0.6294054985046387,0.5246058702468872,0.1369884312152862,0.062657706439495,0.910583794116974,0.5589776635169983,0.1378623247146606,0.0768824964761734,0.6541175842285156,0.5264912247657776,0.1255268454551696,0.0667553469538688,0.6874748468399048,0.5570217370986938,0.121017500758171,0.0795625522732734,0.514763355255127,0.5257347822189331,0.0852901041507721,-0.0376553982496261,0.8940159678459167,0.5618330836296082,0.0909618809819221,-0.0175743214786052,0.6951364278793335,hoyeon_stand_normal_01,10.0,7.2434165,7.404918,9.271109,12.041595,14.0178345,15.516648,15.532258,15.5325275,14.592083,13.5994105,12.5226805,11.0276925,9.59017,8.382431,7.300563,7.7720495,8.7481195,10.742834,13.571068,16.1977115,18.9277885,21.9738565,23.855064,23.210886,22.1093115,3.3839145000000004,4.123106,5.415476,7.531129,9.862081,11.2358965,12.615773,13.405694,12.7620875,12.6734675,11.545527,10.031129,8.0413815,6.04951,4.081139,2.828427,3.5,6.3954835,9.534201,12.7490805,16.084946000000002,18.4559165,20.2686025,20.652008,19.5622575,17.6708085,20.024984,19.0,19.104973,18.248288,17.464249,15.811388,14.317821,12.529964,11.401754,9.899495,8.602325,8.246211,9.0,11.401754,14.317821,17.0,20.59126,24.186773,25.942244,27.730849,29.154759,28.79236,27.202941,24.515301,20.396078,16.124515,6.324555,3.0,1.414214,5.09902,10.0,12.369317,15.811388,16.552945,17.492856,17.204651,16.278821,14.866069,12.727922,10.630146,8.485281,5.0,3.162278,3.162278,5.385165,8.246211,11.18034,14.317821,17.262677,19.416488,20.396078,21.213203,11.661904,13.416408,13.416408,13.892444,13.892444,13.892444,12.806248,11.401754,10.630146,8.485281,7.071068,5.830952,4.123106,4.0,5.830952,7.81025,11.313708,13.453624,16.970563,18.384776,20.518285,22.022716,21.400935,20.0,18.027756,15.264338,13.601471,15.264338,16.643317,17.492856,17.492856,16.124515,14.764823,12.529964,9.433981,7.81025,6.403124,5.385165,6.0,7.071068,7.615773,8.544004,9.486833,10.440307,10.77033,11.7047,11.401754,11.7047,10.440307,10.29563,10.0,9.899495
hoyeon_stand_normal_01,2652,884,88.4048306010929,29.998360745314464,10,0.5526973009109497,0.6841965317726135,-0.2116073071956634,0.9999464750289916,0.5482575297355652,0.6937636137008667,-0.2013945579528808,0.9999186396598816,0.5455532073974609,0.694275438785553,-0.2013966143131256,0.999928057193756,0.5427228212356567,0.6947053670883179,-0.2014075666666031,0.9999374151229858,0.5553843379020691,0.6922697424888611,-0.198566123843193,0.9998910427093506,0.5576144456863403,0.6917948722839355,-0.1985726058483123,0.9998707175254822,0.5598930716514587,0.6913524270057678,-0.1985562890768051,0.9998719096183776,0.536885142326355,0.6886924505233765,-0.1322907507419586,0.9999306201934814,0.560675859451294,0.6852807998657227,-0.1143180131912231,0.9997321367263794,0.5467259287834167,0.673465371131897,-0.1830988526344299,0.9999417662620544,0.5558322668075562,0.6723933815956116,-0.1794372051954269,0.999892234802246,0.5115060210227966,0.6127395629882812,-0.0776491463184356,0.9999891519546508,0.5783995389938354,0.5991194248199463,-0.0434434786438941,0.9997279644012452,0.5002533793449402,0.513054370880127,-0.0420860983431339,0.9945679903030396,0.5835537314414978,0.5011922717094421,0.0009548655361868,0.562999427318573,0.4943840205669403,0.4264487624168396,-0.1128996908664703,0.987053394317627,0.5885564088821411,0.4191864430904388,-0.0600066445767879,0.5745386481285095,0.4901943802833557,0.3981388509273529,-0.1362509131431579,0.9710628390312196,0.591498613357544,0.3901579678058624,-0.0798426643013954,0.5431994199752808,0.4948447644710541,0.3973505795001983,-0.1638422608375549,0.9719871282577516,0.5881450772285461,0.3893830180168152,-0.1068974658846855,0.5492672324180603,0.4983558654785156,0.4070971012115478,-0.124942272901535,0.9625283479690552,0.5859113931655884,0.3984342515468597,-0.0724586322903633,0.5437687039375305,0.5201465487480164,0.437938243150711,-0.0092897471040487,0.9990783929824828,0.5626161694526672,0.4319287538528442,0.0092624016106128,0.99800705909729,0.517288088798523,0.2815766036510467,-0.0407569408416748,0.9207518696784972,0.5581886768341064,0.2836586833000183,-0.0165429282933473,0.6612696051597595,0.5238153338432312,0.1358085423707962,0.0633042976260185,0.9150962829589844,0.5589446425437927,0.137225940823555,0.078553132712841,0.6822910308837891,0.5263250470161438,0.1228818371891975,0.0675505325198173,0.6758043169975281,0.5567208528518677,0.1219079196453094,0.0800660625100135,0.521110475063324,0.5260576605796814,0.085036389529705,-0.0373392067849636,0.8983601927757263,0.5604168176651001,0.0916711762547493,-0.014130019582808,0.7181675434112549,hoyeon_stand_normal_01,22.825424,21.540659,20.880613,18.439089,15.132746,11.18034,8.246211,5.0,4.123106,6.082763,8.544004,10.77033,13.0,15.231546,17.088007,19.313208,19.924859,20.880613,19.646883,18.439089,16.492423,13.928388,11.661904,10.0,11.401754,14.035669,9.433981,10.816654,10.0,9.899495,8.485281,8.485281,5.656854,4.472136,3.0,4.472136,5.0,7.071068,8.485281,8.485281,9.219544,10.0,10.29563,8.944272,8.544004,6.708204,4.472136,3.0,5.0,9.219544,14.142136,17.691806,16.278821,16.124515,15.132746,14.0,12.0,11.045361,10.198039,8.544004,6.708204,5.656854,5.0,5.09902,6.082763,7.615773,9.433981,12.206556,15.0,17.204651,19.416488,20.808652,21.095023,21.095023,20.124612,17.464249,15.231546,11.7047,4.0,2.236068,1.0,4.0,6.324555,9.486833,11.18034,13.038405,12.806248,14.142136,13.453624,12.206556,10.816654,9.433981,8.062258,6.403124,4.242641,3.162278,2.236068,3.605551,6.708204,9.486833,11.401754,13.601471,15.524175,15.524175,12.806248,13.453624,14.866069,14.866069,15.620499,15.0,14.422205,13.892444,12.083046,9.848858,8.944272,6.708204,5.0,5.0,5.09902,7.071068,10.440307,13.0,16.155494,18.027756,19.924859,20.880613,20.615528,19.416488,17.262677,14.142136,13.416408,15.231546,17.088007,17.088007,17.088007,16.763055,14.866069,13.928388,11.18034,9.433981,7.81025,6.708204,7.28011,8.062258,9.0,10.0,11.0,12.0,12.0,13.038405,13.0,13.038405,12.0,11.045361,11.401754,10.77033
hoyeon_stand_normal_01,2655,885,88.50483606557377,29.998360745314464,10,0.5474919676780701,0.6821292042732239,-0.1978051513433456,0.9999502301216124,0.5431254506111145,0.6920792460441589,-0.1878853291273117,0.9999213814735411,0.5401795506477356,0.6923426985740662,-0.1878940314054489,0.9999302625656128,0.5375851988792419,0.6924809813499451,-0.1879069954156875,0.9999390244483948,0.5500900745391846,0.6909666061401367,-0.184770181775093,0.9998942613601683,0.5523754954338074,0.6904422044754028,-0.1847766488790512,0.9998753666877748,0.5544270277023315,0.6899200677871704,-0.1847678273916244,0.9998760223388672,0.531904399394989,0.6864945292472839,-0.1157941743731498,0.9999289512634276,0.5555474162101746,0.683806300163269,-0.1010639891028404,0.9997363686561584,0.5420176982879639,0.6703107357025146,-0.1698620319366455,0.9999452829360962,0.5504952669143677,0.6701285243034363,-0.1656851470470428,0.9998993277549744,0.5071931481361389,0.6115703582763672,-0.0593521036207675,0.999988853931427,0.5724362730979919,0.5992993116378784,-0.0323304645717144,0.999744951725006,0.4970181286334991,0.5116996765136719,-0.0283498838543891,0.9943440556526184,0.5772512555122375,0.5013335943222046,0.0079472074285149,0.6019057631492615,0.4914836883544922,0.4260502755641937,-0.1020548343658447,0.9873596429824828,0.5824965834617615,0.4197231829166412,-0.0572140365839004,0.6104626059532166,0.4869472682476043,0.3973096907138824,-0.1268552392721176,0.9716524481773376,0.5860660672187805,0.3907497823238373,-0.0784206166863441,0.5775662660598755,0.4911521375179291,0.3960529565811157,-0.1533979326486587,0.9726701378822328,0.582412600517273,0.3902467787265777,-0.1056717708706855,0.5837171673774719,0.494783490896225,0.4062235653400421,-0.1140423864126205,0.9635859727859496,0.5801274180412292,0.3992263078689575,-0.0697903484106063,0.5777802467346191,0.5157631039619446,0.4349310398101806,-0.0072257919237017,0.999140739440918,0.5575361251831055,0.4302978217601776,0.0072243986651301,0.9981606602668762,0.5154443383216858,0.2794328331947326,-0.0366106033325195,0.9240849018096924,0.5550581812858582,0.2801302671432495,-0.0197747945785522,0.6890619397163391,0.5245417356491089,0.1347124427556991,0.067404069006443,0.9183123111724854,0.5579028725624084,0.1368355751037597,0.0783591568470001,0.7067957520484924,0.5274966955184937,0.1209662556648254,0.0717692300677299,0.6683595776557922,0.5564863085746765,0.120788998901844,0.0810999348759651,0.5237460732460022,0.5248269438743591,0.0846609845757484,-0.0311699509620666,0.9014143347740172,0.559371292591095,0.091705285012722,-0.0172546692192554,0.7376140356063843,hoyeon_stand_normal_01,24.839485,25.806976,24.186773,21.023796,17.464249,13.0,8.944272,5.656854,5.09902,5.830952,8.602325,11.313708,13.453624,16.278821,19.104973,19.849433,22.022716,22.203603,21.633308,20.248457,17.804494,14.866069,11.401754,10.198039,11.18034,14.317821,10.29563,10.0,10.630146,9.899495,8.485281,7.071068,5.0,3.162278,3.162278,5.0,7.211103,8.602325,9.433981,10.630146,11.313708,11.313708,10.630146,10.816654,8.602325,7.211103,4.242641,3.162278,6.403124,11.661904,16.643317,20.615528,10.440307,11.045361,12.165525,13.341664,15.231546,15.652476,17.492856,18.027756,18.027756,18.601075,19.416488,20.0,19.416488,20.0,18.601075,17.204651,16.401219,14.21267,11.401754,9.486833,10.049876,12.083046,16.643317,20.0,23.021729,24.698178,15.652476,17.720045,19.235384,19.0,18.248288,16.763055,13.416408,9.433981,6.403124,2.236068,2.0,3.605551,7.071068,8.602325,11.661904,13.416408,14.317821,15.811388,16.763055,17.720045,17.464249,16.492423,15.524175,13.601471,12.083046,10.630146,18.027756,15.811388,13.601471,11.401754,9.055385,8.062258,8.544004,10.29563,12.206556,13.892444,14.764823,16.552945,18.027756,18.681542,20.396078,20.099751,20.0,19.0,17.029386,13.0,10.049876,6.708204,7.211103,9.055385,12.041595,15.033296,8.944272,7.28011,6.082763,6.403124,8.602325,11.18034,14.317821,16.552945,17.0,17.492856,18.027756,17.804494,15.620499,14.21267,12.806248,12.041595,10.816654,10.29563,9.486833,10.198039,12.165525,14.035669,16.124515,18.11077,19.416488,19.646883
hoyeon_stand_normal_01,2658,886,88.60484153005464,29.998360745314464,10,0.5432078242301941,0.6815490126609802,-0.1728416830301284,0.99995356798172,0.5387182831764221,0.6909046769142151,-0.1597611755132675,0.9999237060546876,0.5357955098152161,0.6909622550010681,-0.1597758084535598,0.999932050704956,0.5331649780273438,0.6908551454544067,-0.159783273935318,0.9999403357505798,0.5458360910415649,0.6900988817214966,-0.1591688245534896,0.999897003173828,0.5481853485107422,0.6895833015441895,-0.1591741144657135,0.9998793005943298,0.5502723455429077,0.689082145690918,-0.1591667532920837,0.9998796582221984,0.527779757976532,0.6846447587013245,-0.0825154706835746,0.9999281764030457,0.5518323183059692,0.6826901435852051,-0.0761644095182418,0.9997414946556092,0.5377413630485535,0.6693727970123291,-0.1422199457883834,0.9999484419822692,0.5466185808181763,0.6697916984558105,-0.1414666026830673,0.9999056458473206,0.5040699243545532,0.6104691028594971,-0.0399070866405963,0.9999886751174928,0.5682684183120728,0.599428117275238,-0.0158798657357692,0.9997599124908448,0.4936022460460663,0.5118116140365601,-0.0163490418344736,0.9940199255943298,0.5727882385253906,0.5026097893714905,0.0151833612471818,0.635719895362854,0.4884366691112518,0.4261200726032257,-0.0906833633780479,0.9875238537788392,0.5796639323234558,0.4229027926921844,-0.0418711528182029,0.642081618309021,0.4839788377285003,0.3970078825950622,-0.1156656220555305,0.9721198081970216,0.5836874842643738,0.3930358588695526,-0.060064923018217,0.6077930927276611,0.4881509840488434,0.3957768678665161,-0.1404056698083877,0.9731892347335817,0.5796718001365662,0.3935243785381317,-0.0867339596152305,0.6140599250793457,0.4918282926082611,0.4060276448726654,-0.1020891442894935,0.9644061326980592,0.5771615505218506,0.4029728174209595,-0.0541542954742908,0.6079021096229553,0.5124624371528625,0.4334051012992859,-0.0099492091685533,0.9991961717605592,0.5543286800384521,0.4294390976428985,0.0099657829850912,0.9982970356941224,0.512730598449707,0.2759749889373779,-0.0371457450091838,0.927423059940338,0.5541417002677917,0.2770951688289642,-0.0177707634866237,0.7137106657028198,0.5234717130661011,0.1340926438570022,0.0547140389680862,0.9213581085205078,0.5555471181869507,0.1322464197874069,0.0724393278360366,0.728451669216156,0.5266683101654053,0.1203863248229026,0.0578003786504268,0.6568196415901184,0.555031955242157,0.1183116659522056,0.0752562955021858,0.5272494554519653,0.5241973996162415,0.0837999880313873,-0.0434697903692722,0.9040088653564452,0.5589790344238281,0.0868609175086021,-0.0229867808520793,0.7546289563179016,hoyeon_stand_normal_01,5.656854,5.09902,7.28011,10.29563,11.661904,13.892444,14.764823,14.764823,14.764823,13.892444,12.529964,11.661904,10.29563,8.602325,6.403124,5.385165,5.385165,7.81025,10.630146,15.0,18.027756,20.808652,23.600847,24.207437,23.430749,21.931712,1.414214,2.236068,3.0,5.09902,6.324555,8.246211,8.062258,9.055385,8.0,8.0,7.0,5.0,4.0,2.0,1.0,2.828427,5.0,7.071068,10.0,12.206556,13.892444,15.652476,16.155494,15.811388,14.56022,12.369317,8.640901,9.272002,10.0990195,11.509204,12.062320499999998,13.319938,14.052557,14.4887465,14.591945,15.0488075,15.3939475,16.2171575,16.2171575,15.715943500000002,15.243284,14.070529,12.7276795,10.8770075,8.8011625,7.4479415,8.0282305,10.532979999999998,14.78011,18.1217915,20.307764,22.3040745,15.4103435,17.1170185,18.3983245,18.447859,17.464249,15.9679515,13.170832,10.049876,6.203659,3.162278,2.3027755,4.7182515,7.106687,9.192388,10.970545,12.7476095,14.3007355,15.1167965,16.383916,16.383916,16.132169,15.0373405,13.4856895,12.603076,10.0020395,10.630146,12.806248,14.422205,15.264338,15.811388,15.811388,15.811388,14.866069,13.453624,12.041595,11.401754,9.219544,7.071068,5.830952,5.385165,6.082763,8.544004,11.18034,13.892444,16.643317,18.867962,20.59126,21.470911,22.36068,20.615528,18.384776,15.811388,13.453624,15.0,16.401219,17.204651,17.492856,16.124515,13.892444,12.206556,10.0,7.81025,6.708204,7.071068,7.071068,8.246211,9.486833,10.440307,11.7047,12.649111,13.601471,13.341664,13.341664,13.341664,12.369317,11.7047,11.18034,10.816654
hoyeon_stand_normal_01,2664,888,88.80485245901639,29.998360745314464,10,0.5369027256965637,0.6802744269371033,-0.1891975253820419,0.9999596476554872,0.5326411128044128,0.6892880797386169,-0.1772688031196594,0.9999277591705322,0.5296800136566162,0.6890671253204346,-0.1772570759057998,0.9999352097511292,0.526983916759491,0.6886662244796753,-0.177253246307373,0.9999423027038574,0.5396031141281128,0.6890093088150024,-0.1776353567838668,0.9999032020568848,0.541944682598114,0.6886780261993408,-0.1776457726955413,0.99988853931427,0.544248640537262,0.6883161664009094,-0.1776468604803085,0.999889075756073,0.5219110250473022,0.682887613773346,-0.0799131244421005,0.9999245405197144,0.5466368794441223,0.6824247241020203,-0.0956376269459724,0.9997603297233582,0.53195720911026,0.6673779487609863,-0.1561062633991241,0.9999537467956544,0.5410088300704956,0.6690999865531921,-0.1572468429803848,0.9999175667762756,0.4992013871669769,0.6095728278160095,-0.040730033069849,0.9999884366989136,0.5644728541374207,0.6016302108764648,-0.0309715867042541,0.99979567527771,0.4909204542636871,0.5107463002204895,0.0011065329890698,0.9931491613388062,0.5711145401000977,0.506749153137207,0.0099902702495455,0.6992228031158447,0.4848738312721252,0.4254764020442962,-0.0669776126742363,0.9876750111579896,0.5784199833869934,0.4260582625865936,-0.052701111882925,0.7037163972854614,0.4804085493087768,0.3966657519340515,-0.0887849107384681,0.9727091193199158,0.5826543569564819,0.396978497505188,-0.0744568333029747,0.6704730987548828,0.4832398593425751,0.3951154053211212,-0.1153391599655151,0.9739190936088562,0.5786887407302856,0.3971064984798431,-0.1021338179707527,0.6763303279876709,0.4863661825656891,0.405007541179657,-0.0790261030197143,0.9656672477722168,0.5761285424232483,0.406149297952652,-0.0650305822491645,0.6699462532997131,0.5113914608955383,0.4334845244884491,-0.0045136744156479,0.9993042349815368,0.5530655980110168,0.4304956495761871,0.0044903829693794,0.9985602498054504,0.5113983750343323,0.2753536999225616,-0.0310560632497072,0.9347925782203674,0.5533826351165771,0.2764869630336761,-0.023889759555459,0.7584773898124695,0.5235835909843445,0.1331538259983062,0.0632763653993606,0.9293349385261536,0.5541144013404846,0.1291099339723587,0.0665548518300056,0.7689028382301331,0.527620255947113,0.1182949319481849,0.0664529800415039,0.6471600532531738,0.5536217093467712,0.1144001260399818,0.0689171105623245,0.5390507578849792,0.5253612995147705,0.0817216858267784,-0.0392149910330772,0.9120662212371826,0.55472731590271,0.0828814357519149,-0.0280362013727426,0.7882470488548279,hoyeon_stand_normal_01,16.029964,15.0248085,15.1037185,15.575628000000002,15.5169435,14.7131445,13.220767,11.987079,11.2462115,10.6775635,11.185235,12.2090625,12.3715525,13.2100725,13.6766215,13.932115,15.1018015,17.020577000000003,18.3479765,20.025236,21.026518000000003,21.8027045,20.7171295,19.9398415,20.2782565,20.8584465,6.8277135,7.826238,8.7422585,9.416294,9.497074,9.3748995,9.2690555,8.170832,8.214949,8.561553,8.59017,8.7481195,8.133244,7.5990195,6.818911,6.559457,7.622662,8.9932295,9.8912315,10.701961,10.831993,11.116938,12.6622775,14.7333025,16.8174725,17.5288025,13.815073,13.829766,13.163425,13.716487,13.153830500000002,13.0956755,12.700877,12.2600645,12.046739,11.217172,11.716255,11.6622775,11.514693,12.6377985,12.9866865,13.831355,14.208642,14.0226805,14.1453845,14.093435,14.6089265,15.9765785,17.724517,17.7460025,18.2433395,17.2631025,9.4945875,9.3216585,9.651379,10.1251425,11.1394105,11.0489635,11.0990195,10.200877,8.852350000000001,7.412091,6.948986,7.46988,7.46344,7.7130115,7.9449785,8.616353,8.246211500000001,8.658910500000001,8.9805865,9.802441,11.0569915,12.0443405,13.0890535,13.5902705,14.18748,13.85235,14.2691085,13.826238,13.208204,12.8487865,11.318997,10.976193,10.701961,10.928075,10.440307,10.4566605,10.608622,10.7780505,10.7764725,10.982496,11.8005375,12.5736465,14.577552999999998,15.345903,15.577747,15.595512,14.7986055,13.866,13.776837,13.7666665,14.328951,14.358981,11.103278,11.453743,11.259796,11.7361435,12.810381500000002,13.4745575,13.5620345,13.527115,13.449115,13.0002745,12.0552595,11.4095325,11.1616875,10.8500915,10.8191135,10.325403,10.5399175,10.169901,10.581283,10.4178675,11.401754,12.427689,12.7481075,13.089158,13.5628935,13.5725395
hoyeon_stand_normal_01,2667,889,88.90485792349726,29.998360745314464,10,0.5367215871810913,0.6801964640617371,-0.2179250717163086,0.9999624490737916,0.5318339467048645,0.6890865564346313,-0.2069011181592941,0.9999299645423888,0.5293754935264587,0.6888149380683899,-0.2068889886140823,0.9999368786811828,0.5264782905578613,0.6883324384689331,-0.2068839520215988,0.9999431371688844,0.5390505194664001,0.6889897584915161,-0.2068977206945419,0.9999067187309264,0.5414242148399353,0.6886860132217407,-0.2069180905818939,0.9998936653137208,0.5439294576644897,0.6883342862129211,-0.2069221884012222,0.9998942017555236,0.5215694904327393,0.6824067234992981,-0.1204522401094436,0.9999231696128844,0.5460600256919861,0.6825436353683472,-0.1239443644881248,0.9997715950012208,0.5314794778823853,0.6672334671020508,-0.1851398199796676,0.9999563694000244,0.5412447452545166,0.6691079139709473,-0.1854360401630401,0.9999233484268188,0.4986196756362915,0.6089357137680054,-0.0506116896867752,0.9999878406524658,0.565017819404602,0.6022098660469055,-0.0556328669190406,0.9998119473457336,0.49115651845932,0.5100827217102051,-0.0116867553442716,0.9925203323364258,0.5715207457542419,0.5075942277908325,-0.0142355458810925,0.7273750901222229,0.4864430725574493,0.4255183339118957,-0.0806103572249412,0.98702734708786,0.5783634781837463,0.4276199340820312,-0.0797787755727768,0.7307462096214294,0.4812070429325104,0.396650493144989,-0.1022864282131195,0.9714865684509276,0.5827178955078125,0.3987456858158111,-0.1020865440368652,0.6982536315917969,0.483965128660202,0.3948212265968323,-0.1283598393201828,0.9728848338127136,0.5787383913993835,0.3991664946079254,-0.1297546178102493,0.703885018825531,0.4876041114330292,0.4046101570129394,-0.0924398824572563,0.9646916389465332,0.5761224627494812,0.408352643251419,-0.0921309143304824,0.6973660588264465,0.5116478204727173,0.4334375858306885,-0.0036261505447328,0.9993468523025512,0.553662896156311,0.430517315864563,0.0035856165923178,0.99867045879364,0.5125021934509277,0.2743756175041199,-0.0270952191203832,0.938859522342682,0.5542160272598267,0.2747955918312073,-0.0210309289395809,0.7793071269989014,0.5236803889274597,0.1328957974910736,0.0731154680252075,0.9340981245040894,0.5537605881690979,0.1283659636974334,0.073206715285778,0.7883144021034241,0.527709424495697,0.1178442761301994,0.0765706822276115,0.6515630483627319,0.5529411435127258,0.1135782971978187,0.0769166424870491,0.5517163872718811,0.5259329080581665,0.0804511234164238,-0.0319546982645988,0.9176348447799684,0.5543087124824524,0.0802975371479988,-0.0236920621246099,0.8052122592926025,hoyeon_stand_normal_01,7.81025,4.123106,5.0,8.062258,11.18034,13.416408,15.231546,15.231546,15.652476,15.231546,14.317821,13.0,11.7047,10.198039,9.0,7.28011,7.071068,8.944272,12.165525,15.033296,19.026298,23.021729,25.019992,26.0,27.0,25.019992,2.828427,4.0,5.09902,7.615773,8.944272,11.18034,11.7047,12.649111,13.341664,12.165525,11.045361,10.0,8.0,6.082763,3.162278,3.162278,5.385165,8.944272,12.206556,15.0,17.029386,18.384776,18.439089,17.204651,14.422205,16.281049250000002,17.029386,16.0,16.0,15.033296,14.035669,12.041595,11.18034,9.219544,7.615773,5.830952,5.0,5.09902,6.082763,8.246211,10.77033,13.416408,15.652476,18.384776,20.248457,21.18962,21.84033,20.396078,19.235384,17.029386,15.033296,11.0,3.605551,1.414214,1.414214,4.123106,6.082763,8.544004,10.440307,10.77033,11.661904,11.661904,10.816654,10.0,9.219544,8.602325,7.211103,5.830952,4.472136,4.123106,3.162278,4.242641,5.385165,8.246211,10.198039,12.165525,14.035669,15.033296,11.18034,12.369317,13.341664,14.317821,14.317821,14.142136,14.035669,12.0,11.0,9.055385,8.062258,6.0,5.09902,5.0,5.385165,8.246211,11.18034,14.142136,17.117243,19.235384,21.377558,21.587033,21.84033,20.880613,18.973666,15.811388,12.649111,13.928388,16.155494,16.552945,16.552945,15.652476,13.416408,11.7047,9.486833,7.071068,6.082763,5.830952,5.656854,7.211103,8.062258,8.944272,10.29563,10.29563,10.816654,11.661904,12.206556,11.401754,10.816654,9.848858,9.486833,9.055385
hoyeon_stand_normal_01,2670,890,89.00486338797813,29.998360745314464,10,0.5363144278526306,0.6804988980293274,-0.2017239034175872,0.999964714050293,0.5312181711196899,0.6891924142837524,-0.1912232190370559,0.9999307990074158,0.5290068984031677,0.6888778209686279,-0.1912218779325485,0.9999371767044068,0.5263830423355103,0.6883735060691833,-0.1912214905023574,0.9999427795410156,0.5386227965354919,0.6892607808113098,-0.1897416412830352,0.9999083876609802,0.5412469506263733,0.6890364289283752,-0.1897566318511963,0.9998965859413148,0.5438569784164429,0.6887819170951843,-0.1897632777690887,0.9998973608016968,0.5215510129928589,0.6825029253959656,-0.1166431084275245,0.9999189972877502,0.5461950302124023,0.6829781532287598,-0.1076613962650299,0.9997772574424744,0.5310085415840149,0.6673704385757446,-0.1717280000448227,0.9999584555625916,0.541211724281311,0.6693601012229919,-0.1699492335319519,0.9999281764030457,0.4980302453041076,0.6078374981880188,-0.0479761883616447,0.999987006187439,0.5657072067260742,0.6034168601036072,-0.0431709550321102,0.9998260736465454,0.4914082884788513,0.5073366761207581,-0.0114907305687665,0.9917461276054382,0.5716583728790283,0.508243203163147,-0.006222516298294,0.7522528171539307,0.4870540201663971,0.4240733683109283,-0.0867001712322235,0.9863364696502686,0.5784689784049988,0.4274672865867615,-0.0738581418991088,0.7546844482421875,0.4817938804626465,0.395154744386673,-0.1088762655854225,0.9703446626663208,0.5827247500419617,0.3985983431339264,-0.0966563150286674,0.7227708697319031,0.4850582778453827,0.3934966325759887,-0.1317308992147445,0.9719051122665404,0.5788955688476562,0.3989549875259399,-0.1242081671953201,0.7282295227050781,0.4886672794818878,0.4034957885742187,-0.09786968678236,0.9637261033058168,0.5763704776763916,0.4082242250442505,-0.0863890647888183,0.7216041684150696,0.5119601488113403,0.4296683669090271,-0.0032227016054093,0.9993866086006165,0.5544832944869995,0.4287096261978149,0.0031811255030333,0.998771607875824,0.5131797790527344,0.2709192335605621,-0.0261217169463634,0.9431062340736388,0.5545617938041687,0.2710832357406616,-0.0195274390280246,0.798801064491272,0.5239525437355042,0.1311749219894409,0.0837881043553352,0.9388208389282228,0.553895890712738,0.1273817121982574,0.0861308053135871,0.8065065145492554,0.5278897881507874,0.1159723848104476,0.0883025676012039,0.6605812907218933,0.5529007315635681,0.1127238795161247,0.0908043161034584,0.5664194822311401,0.5261579155921936,0.0793909132480621,-0.0193574614822864,0.923252522945404,0.554789662361145,0.0788687914609909,-0.0150834089145064,0.8212475776672363,hoyeon_stand_normal_01,20.099751,21.377558,20.615528,18.973666,16.155494,13.0,9.486833,7.071068,5.09902,5.0,6.324555,8.062258,10.049876,13.0,15.0,16.0,18.0,19.0,19.0,19.026298,17.0,15.033296,12.165525,9.848858,9.219544,10.77033,10.198039,10.440307,10.77033,10.29563,9.433981,7.81025,5.656854,3.605551,1.414214,2.0,4.123106,6.082763,8.0,9.0,10.049876,10.198039,10.440307,10.77033,9.848858,8.062258,5.0,2.236068,3.0,7.071068,12.165525,15.033296,17.262677,18.248288,17.262677,16.278821,15.132746,14.142136,12.041595,10.0,8.062258,6.324555,5.0,5.0,5.09902,7.0,9.219544,11.401754,14.56022,17.464249,18.439089,20.223748,20.099751,20.024984,19.026298,16.124515,13.152946,10.198039,2.236068,2.0,5.0,7.071068,9.486833,10.77033,11.18034,11.661904,12.206556,11.401754,10.816654,10.0,8.602325,7.211103,6.708204,5.09902,5.0,5.385165,5.656854,7.211103,8.944272,10.77033,12.649111,14.56022,15.524175,15.130943333333333,13.4790515,14.1038665,13.8857225,12.4739835,12.06325,11.552112,10.995323,11.0,11.3536325,11.6670175,11.7169905,12.046739,11.793616,11.3600225,11.8849705,13.299272,14.1285275,15.149552,15.405694,15.005525,14.0768225,13.7591425,13.864694,15.04731,14.779675,14.722108,10.5076225,10.987963,10.6735505,11.0679715,11.936823,13.200877,13.8718035,13.6412015,12.986829,13.0253525,11.6023255,11.224535,11.4317895,11.0640355,10.651295,10.905243,9.787209,10.0020395,11.012896,11.403124,11.511605,12.36826,12.647099,13.3773305,13.9173985,14.050062
hoyeon_stand_normal_01,2673,891,89.10486885245902,29.998360745314464,10,0.5369035005569458,0.6809443831443787,-0.1955001056194305,0.9999670386314392,0.5316916704177856,0.6896582245826721,-0.1855802536010742,0.9999330043792723,0.5291955471038818,0.6891502141952515,-0.1855828464031219,0.99993896484375,0.5269562005996704,0.6884942650794983,-0.1855876594781875,0.9999441504478456,0.5390675663948059,0.6903201341629028,-0.1832595765590667,0.9999115467071532,0.5417653322219849,0.6902983784675598,-0.183271124958992,0.9999008774757384,0.543971061706543,0.6901206970214844,-0.1832730770111084,0.9999017119407654,0.5217788815498352,0.6825789213180542,-0.1078210771083831,0.9999188780784608,0.5459116697311401,0.6835793256759644,-0.1017280742526054,0.9997849464416504,0.5316177010536194,0.6678406000137329,-0.1669662296772003,0.999960720539093,0.5418779253959656,0.6699660420417786,-0.1639720648527145,0.9999327659606934,0.4985553920269012,0.6072860360145569,-0.046917226165533,0.9999867081642152,0.5661224722862244,0.6040337681770325,-0.0367761813104152,0.9998387098312378,0.4923330545425415,0.5070111155509949,-0.0124829048290848,0.9912157654762268,0.5718174576759338,0.5093259811401367,-7.221991836559027e-05,0.7739284634590149,0.4875463843345642,0.4237890839576721,-0.0867071598768234,0.9858927130699158,0.578924834728241,0.4281632602214813,-0.0663418099284172,0.7758346199989319,0.482652336359024,0.3947846591472626,-0.1094978079199791,0.9696252346038818,0.5831053853034973,0.3996070027351379,-0.0886782184243202,0.7443182468414307,0.4862984120845794,0.3933817744255066,-0.1341514885425567,0.9712926149368286,0.5794188976287842,0.3996375501155853,-0.1157660856842994,0.7496650815010071,0.489676684141159,0.4034459888935089,-0.0984658524394035,0.9631221294403076,0.5769200921058655,0.4085636734962463,-0.078787513077259,0.7428874373435974,0.5133582353591919,0.4297357499599457,-0.0050165560096502,0.9994255304336548,0.5550895929336548,0.4294385612010956,0.0049717044457793,0.9988636374473572,0.5144933462142944,0.2717553377151489,-0.0285924449563026,0.9461385011672974,0.5554753541946411,0.2712842524051666,-0.0185210034251213,0.8148714303970337,0.5244380235671997,0.1307414919137954,0.0702184364199638,0.9426596760749816,0.5538453459739685,0.1273313164710998,0.0839311182498931,0.8216568827629089,0.5280699133872986,0.1153138428926467,0.0739116966724395,0.6617618203163147,0.5525001287460327,0.1126929894089698,0.0883621200919151,0.5747629404067993,0.5269726514816284,0.0793169662356376,-0.0242920331656932,0.9276958703994752,0.5547379851341248,0.0794166848063469,-0.0186386834830045,0.8345088958740234,hoyeon_stand_normal_01,22.825424,23.853721,22.803509,21.260292,17.691806,14.142136,10.630146,7.211103,5.0,5.830952,7.211103,8.944272,12.083046,13.928388,17.088007,18.027756,19.924859,21.18962,21.540659,20.248457,18.973666,16.763055,14.142136,11.18034,10.816654,12.806248,11.401754,12.727922,13.453624,12.206556,11.661904,8.944272,6.324555,4.123106,1.414214,2.0,4.123106,6.324555,8.544004,9.848858,10.816654,11.401754,11.313708,12.041595,10.0,9.433981,5.830952,1.414214,3.162278,8.062258,13.341664,17.088007,16.28905275,16.39188925,15.742425,14.95467275,14.36150825,13.806216,12.56742125,11.57353275,10.610148,9.7057745,8.6997475,8.933107,9.304173000000002,10.86579825,12.1564765,13.540267,15.35011225,16.46386175,16.455201250000002,17.289573,17.6639555,18.416374,18.53939225,17.560847250000002,15.88231125,14.318758250000002,5.93773925,5.8604925,7.7560905,9.3705585,10.80353875,11.6327475,11.39565375,10.90770825,10.67976925,9.58377575,9.29122575,9.2092985,8.653448000000001,7.77169725,7.8260325,7.18228775,7.39945875,7.50324275,8.04676575,9.112898,10.31062125,12.13093825,13.3495865,14.496748749999998,15.3232845,15.228590666666667,14.12713775,14.31915425,13.9954275,13.0606885,12.22283075,11.68649325,11.2565245,11.1637765,11.7079765,11.5583825,11.55927075,12.07614525,11.72776,11.7571095,12.4864955,13.74799525,14.661692,15.830596,16.0245055,15.620120749999998,14.84376275,14.2628635,14.188296,15.04924525,15.1185225,14.91945225,10.38553025,10.66016325,10.87332,11.4386375,12.056637,12.948691,13.77241875,13.6801565,13.0483005,12.68151425,11.8892405,11.30303125,11.42013925,11.01541625,10.676628,10.852498,10.3179505,10.25831925,10.8754405,11.426487,11.532416,12.2401185,12.83515175,13.51991925,13.90982275,14.006843749999998
hoyeon_stand_normal_01,2676,892,89.2048743169399,29.998360745314464,10,0.5374935865402222,0.6806930303573608,-0.1815102398395538,0.999968945980072,0.5322148203849792,0.6896077394485474,-0.1701643317937851,0.9999343752861024,0.5294339656829834,0.6891059875488281,-0.1701650023460388,0.9999400973320008,0.5272520184516907,0.68848717212677,-0.1701652705669403,0.9999449253082277,0.5399385690689087,0.6902307868003845,-0.1692286431789398,0.9999133348464966,0.5425012111663818,0.6902108788490295,-0.1692375391721725,0.9999035596847534,0.544573187828064,0.6900374293327332,-0.1692404150962829,0.9999043941497804,0.5220749378204346,0.6825767755508423,-0.0894783586263656,0.9999181032180786,0.5466315746307373,0.6835865378379822,-0.0860230177640914,0.9997893571853638,0.5319667458534241,0.667706310749054,-0.1504203826189041,0.9999626278877258,0.5423738360404968,0.6696927547454834,-0.1493332684040069,0.999936580657959,0.4992899596691131,0.6071082949638367,-0.0322414189577102,0.9999865293502808,0.5664699673652649,0.6054539084434509,-0.0264900308102369,0.9998498558998108,0.4926899969577789,0.5069446563720703,0.0054571065120399,0.990720272064209,0.5720322728157043,0.5111772418022156,0.0096762767061591,0.7929170727729797,0.4876347482204437,0.4234206080436706,-0.0643701553344726,0.985544741153717,0.5792127847671509,0.4293654263019562,-0.063237577676773,0.7944289445877075,0.4828442633152008,0.3945041298866272,-0.0862443819642067,0.9690832495689392,0.5831824541091919,0.4007355570793152,-0.0833219736814498,0.7631719708442688,0.4867276549339294,0.3932748734951019,-0.1120880097150802,0.9708399772644044,0.5796942114830017,0.4004923701286316,-0.1088638380169868,0.7684707045555115,0.4900824427604675,0.4032734334468841,-0.0763112306594848,0.9626576900482178,0.5772655606269836,0.409206748008728,-0.0774179026484489,0.7615682482719421,0.5142076015472412,0.4298155903816223,-0.0052218488417565,0.9994614720344543,0.5554232001304626,0.4294401109218597,0.0051789209246635,0.9989472031593324,0.5152397751808167,0.2718879282474518,-0.0269863400608301,0.9490329027175904,0.556354820728302,0.2716980576515198,-0.0184109434485435,0.8295243382453918,0.5244827270507812,0.1306925266981125,0.070720687508583,0.9461127519607544,0.5537658333778381,0.1273036748170852,0.0829800590872764,0.8353783488273621,0.5280152559280396,0.1147662624716758,0.0741823390126228,0.6630463004112244,0.5523392558097839,0.1125926002860069,0.0870600715279579,0.5824358463287354,0.52730393409729,0.079251505434513,-0.0304879285395145,0.9315863251686096,0.5541485548019409,0.0797410011291503,-0.0181850418448448,0.8464416265487671,hoyeon_stand_normal_01,8.0,4.472136,3.162278,5.385165,8.544004,9.848858,11.18034,12.083046,12.529964,11.661904,10.816654,9.433981,9.433981,7.81025,6.403124,5.385165,5.09902,6.403124,8.602325,12.529964,15.231546,19.313208,21.540659,22.847319,23.259407,21.470911,1.0,2.236068,4.0,6.0,8.062258,9.219544,11.401754,11.7047,11.7047,11.18034,9.433981,8.602325,6.403124,5.0,2.236068,2.236068,5.385165,8.544004,11.401754,13.341664,16.278821,17.117243,17.0,17.029386,14.035669,17.276128,15.3154285,14.535490499999998,14.222173000000002,13.6305245,13.5902705,13.470296,13.0932475,13.1470655,13.158038,13.086994,12.399495,12.866214,13.509326,14.7315965,15.093409,15.67878,16.1400045,15.4634745,14.4713135,14.355398,15.22816,16.807764,18.0524865,18.9971795,18.6116765,18.4394775,9.6394105,9.720985,10.512181,11.670049,12.120244499999998,12.495165,11.6109675,10.1535125,9.1529825,7.765797500000001,7.765797500000001,8.418597,8.704571,8.3322915,8.943861,9.2655555,9.7989175,9.6213205,10.4366775,11.014693,11.6769705,13.491546499999998,14.050062,14.4332775,15.122394,15.326238,14.775224,14.534442,14.1051325,13.6473935,12.3824115,11.8208745,11.517726,11.327553,12.062320499999998,11.4497475,11.401551,12.1055515,11.661904,12.1541965,13.0880205,14.1967185,15.1948565,16.51164,16.643317,16.234716499999998,15.610703,14.7665845,14.511898,15.0511805,15.45737,15.1167965,10.263438,10.3323635,11.0730895,11.8093035,12.176451,12.696504999999998,13.673034,13.7191115,13.109772,12.337675999999998,12.1761555,11.3815275,11.408489,10.966797,10.701961,10.799753,10.848692,10.514599,10.737984999999998,11.44985,11.553227,12.111977,13.0232045,13.662508,13.902247,13.9636255
hoyeon_stand_normal_01,2682,894,89.40488524590164,29.998360745314464,10,0.5370350480079651,0.6817107796669006,-0.1688590496778488,0.9999722242355348,0.5320020914077759,0.6908407807350159,-0.1568411439657211,0.9999369382858276,0.5291058421134949,0.6900612711906433,-0.1568458676338195,0.9999423027038574,0.5269157290458679,0.6890986561775208,-0.1568510085344314,0.9999465346336364,0.5400230288505554,0.691646933555603,-0.1561779379844665,0.9999165534973145,0.5424589514732361,0.6914910674095154,-0.1561811864376068,0.9999083280563354,0.544669508934021,0.6912169456481934,-0.1561802476644516,0.9999091625213624,0.5220327973365784,0.6826603412628174,-0.0765158310532569,0.9999175667762756,0.5474774837493896,0.6839591264724731,-0.0739675909280777,0.9997974634170532,0.5314047336578369,0.6686896085739136,-0.1381345242261886,0.9999659657478333,0.542406439781189,0.6702558994293213,-0.137413740158081,0.9999430179595948,0.5005700588226318,0.6070953607559204,-0.0220394004136323,0.9999858736991882,0.5669066905975342,0.6063824892044067,-0.0177500322461128,0.9998676776885986,0.4932614266872406,0.5071371793746948,0.016477620229125,0.9893476963043212,0.5723955631256104,0.511601984500885,0.0188629571348428,0.8247038125991821,0.4882009327411651,0.4231471121311188,-0.0506737418472766,0.98395836353302,0.579395055770874,0.4300547242164612,-0.0459787882864475,0.8247771859169006,0.4836345314979553,0.3944180607795715,-0.0716675966978073,0.9664639830589294,0.5834968686103821,0.4013966023921966,-0.0682450458407402,0.7931324243545532,0.4870816171169281,0.3933050036430359,-0.097358301281929,0.9685124158859252,0.5798458456993103,0.4007764756679535,-0.0960080474615097,0.798534631729126,0.4903978109359741,0.4030322134494781,-0.0626234635710716,0.9600710272789,0.5774227380752563,0.4092562198638916,-0.0591478571295738,0.7913981676101685,0.515079915523529,0.4292951822280884,-0.0046311845071613,0.9995208382606506,0.5557985305786133,0.4294212460517883,0.0045931558124721,0.9990882873535156,0.5159493684768677,0.2722274959087372,-0.0268121138215065,0.9537580013275146,0.5582688450813293,0.2721860408782959,-0.0202388763427734,0.8540585041046143,0.5246551632881165,0.1305152922868728,0.0726652294397354,0.9517949223518372,0.5536820888519287,0.1273365914821624,0.0823649540543556,0.8584138751029968,0.5287309885025024,0.1148686558008194,0.0763445571064949,0.662161648273468,0.5522437691688538,0.1129029169678688,0.0862359255552291,0.5933290123939514,0.5278036594390869,0.07936392724514,-0.0308034606277942,0.9377799034118652,0.5541112422943115,0.079569473862648,-0.0177870020270347,0.8663371205329895,hoyeon_stand_normal_01,13.603663333333335,11.114728333333334,9.749690333333334,11.301905666666668,12.633316666666666,13.223901666666668,12.977717666666669,12.491705666666666,11.777537666666667,11.200490333333336,11.45432,11.390304333333331,11.636087333333334,11.467852666666667,11.268235666666667,11.164833,11.33434,12.078185333333332,14.27795,16.372559,18.610992,20.279219333333334,20.75603166666667,21.091904666666668,21.643757333333337,20.956559,5.955610666666666,6.585927000000001,8.151207999999999,9.802857666666666,10.544436,11.264038333333334,11.065522666666666,10.456670333333332,10.632671,10.620593666666666,11.122809666666669,10.243435333333332,9.469428,7.676418333333333,6.650511000000001,5.622277333333333,6.699826000000001,8.519008666666666,10.541379666666666,11.191541,11.939466333333334,13.154749666666666,16.019906666666667,17.654017666666665,18.22487233333333,17.464249,13.3143805,12.7476095,12.2200795,11.885165,12.5016125,14.0855755,15.01561,16.014693,17.513878,19.012492,19.0637535,19.6643605,19.236018,19.4175835,18.822452,16.919572000000002,15.041941,12.349359,10.1178625,7.7720495,8.905125,12.234076,16.1478965,19.7419205,22.5320285,23.781173,14.422205,16.278821,17.416939999999997,16.643317,15.652476,12.8245555,10.6053185,7.912056999999999,5.6080585,3.924096,4.061553,5.7117875,6.9701640000000005,9.196431,10.514599,12.35235,13.2887495,14.23377,15.0421975,16.008299,17.106234,16.62211,16.763055,16.2872215,16.6217505,14.9851485,13.8815275,13.28011,12.843758,12.7187115,11.5276925,11.031129,10.642308,11.0071915,11.18034,10.7849395,11.0872995,11.0679715,10.7462115,11.360212,11.513878,13.3210355,14.295903,14.815997,15.410617,14.942785,14.9624295,13.932115,13.753983,14.3611085,14.6846585,14.512595,10.701961,10.815644,10.45467,11.5830895,12.6535295,13.778624,13.635026,13.973085,13.345230999999998,12.4126565,12.0795375,11.630574500000002,10.5839735,10.481756,10.4044405,10.1253175,9.7169905,9.880463,9.8239825,10.2285695,11.200877,12.200877,12.315073,12.7326005,13.4830505,13.374755
hoyeon_stand_normal_01,2685,895,89.50489071038251,29.998360745314464,10,0.5370217561721802,0.6831502914428711,-0.1726063638925552,0.9999737739562988,0.5321532487869263,0.6921457648277283,-0.1612793058156967,0.9999388456344604,0.5292695164680481,0.6911672949790955,-0.1612837165594101,0.9999439716339112,0.5269952416419983,0.6899428963661194,-0.1612896025180816,0.9999479651451112,0.5400267839431763,0.6930460333824158,-0.1600382328033447,0.9999191164970398,0.5423819422721863,0.6928694844245911,-0.1600431948900222,0.9999114871025084,0.5447005033493042,0.6925475597381592,-0.1600417345762252,0.9999123811721802,0.5222078561782837,0.6826967000961304,-0.0829786956310272,0.9999189972877502,0.5476733446121216,0.6842963695526123,-0.0780742391943931,0.9998040199279784,0.531464159488678,0.6698343753814697,-0.1427014917135238,0.999967634677887,0.542488694190979,0.671203076839447,-0.1411436200141906,0.999946117401123,0.5008110404014587,0.6065310835838318,-0.0301797967404127,0.9999852776527404,0.5670402646064758,0.6063498854637146,-0.0181445013731718,0.999874711036682,0.4935406148433685,0.5066260099411011,0.0064813317731022,0.9886010885238647,0.5724790096282959,0.511477530002594,0.0174657218158245,0.8372984528541565,0.4886980950832367,0.4231733381748199,-0.0602993592619895,0.9826602339744568,0.579499363899231,0.4299519658088684,-0.0468003302812576,0.8364120125770569,0.4841445088386535,0.3944286704063415,-0.0815626829862594,0.9643482565879822,0.5836414098739624,0.4012480080127716,-0.0692875608801841,0.8039584755897522,0.4875940382480621,0.3935123383998871,-0.1070843935012817,0.9665517210960388,0.5800122022628784,0.4006455838680267,-0.0970649421215057,0.8095134496688843,0.4909085929393768,0.4030933976173401,-0.0721457451581955,0.9578586220741272,0.5775556564331055,0.4091834127902984,-0.0600208528339862,0.8022493124008179,0.5151227116584778,0.4292904436588287,-0.0050043393857777,0.9995428919792176,0.5562573671340942,0.4294343590736389,0.0049649020656943,0.9991441369056702,0.516159176826477,0.272371232509613,-0.0277078989893198,0.955845057964325,0.5592821836471558,0.2722837924957275,-0.0195396598428487,0.8643490672111511,0.5247926115989685,0.1302911341190338,0.0688389092683792,0.9542779922485352,0.5537410378456116,0.1271158307790756,0.0781829804182052,0.8679957389831543,0.5287781953811646,0.1142395585775375,0.0711791589856147,0.6587736010551453,0.5522602200508118,0.1128247082233429,0.0813856795430183,0.5975625514984131,0.527952253818512,0.0791966766119003,-0.0389960259199142,0.9402873516082764,0.5542608499526978,0.0788913294672966,-0.0219728648662567,0.874480664730072,hoyeon_stand_normal_01,20.248457,20.880613,19.646883,18.248288,16.124515,12.165525,9.219544,6.324555,4.242641,4.0,5.385165,7.071068,9.899495,12.041595,14.21267,16.401219,17.804494,18.601075,19.209373,19.209373,17.204651,15.264338,12.529964,9.219544,8.246211,10.630146,12.649111,13.0,12.529964,12.206556,10.0,7.81025,5.656854,2.828427,1.414214,3.0,6.082763,7.071068,9.055385,10.0,11.045361,12.165525,12.165525,11.401754,9.848858,8.944272,5.830952,2.236068,1.414214,6.403124,10.816654,15.264338,16.124515,16.124515,16.124515,16.278821,15.132746,13.341664,11.18034,9.219544,7.28011,5.830952,4.242641,3.162278,5.09902,7.211103,9.219544,12.041595,15.0,17.204651,18.867962,20.59126,21.023796,20.248457,18.681542,16.278821,13.341664,10.049876,3.162278,2.236068,3.162278,5.09902,8.062258,9.219544,11.401754,11.7047,13.0,12.083046,11.18034,11.18034,10.29563,8.944272,7.615773,7.28011,6.082763,5.09902,5.385165,5.656854,7.211103,7.615773,10.198039,11.18034,13.038405,14.0,12.165525,14.035669,14.035669,15.033296,15.033296,15.132746,14.317821,13.341664,12.649111,10.77033,9.486833,7.28011,6.082763,5.09902,5.830952,7.81025,10.29563,13.416408,16.552945,17.888544,20.124612,21.470911,21.095023,20.248457,18.027756,15.0,13.601471,15.231546,16.552945,16.552945,17.0,15.652476,14.317821,12.083046,9.486833,8.246211,7.071068,6.708204,7.81025,8.485281,9.219544,10.0,11.401754,12.041595,12.041595,12.727922,12.727922,12.727922,11.313708,10.630146,10.816654,10.77033
hoyeon_stand_normal_01,2688,896,89.60489617486338,29.998360745314464,10,0.5372174978256226,0.6836034655570984,-0.17427359521389,0.9999752044677734,0.532321572303772,0.6925935745239258,-0.1629229933023452,0.999940812587738,0.5293961763381958,0.6915104389190674,-0.1629291921854019,0.9999456405639648,0.5270296335220337,0.6901541948318481,-0.1629364192485809,0.9999494552612304,0.5401666164398193,0.6936651468276978,-0.1615959703922271,0.9999216198921204,0.5424721240997314,0.6935656666755676,-0.1616010069847107,0.999914526939392,0.5448988676071167,0.6933109164237976,-0.1615979075431823,0.9999154210090636,0.5223175883293152,0.6827300190925598,-0.0845410749316215,0.9999209046363832,0.5477878451347351,0.6846516728401184,-0.07929527759552,0.9998103380203248,0.531776487827301,0.6701841354370117,-0.1444777697324752,0.9999693632125854,0.5427700281143188,0.6716201305389404,-0.142806738615036,0.9999491572380066,0.501096248626709,0.6061733961105347,-0.0326401740312576,0.9999850392341614,0.5671315789222717,0.6063284873962402,-0.018717298284173,0.9998807907104492,0.4937280118465423,0.5059689283370972,0.0034082375932484,0.9880302548408508,0.5725163221359253,0.511389434337616,0.0180598441511392,0.8479458093643188,0.4889910817146301,0.4228710532188415,-0.0647237822413444,0.981552243232727,0.5796439051628113,0.4298613965511322,-0.046684194356203,0.8462939262390137,0.484462171792984,0.3944390714168548,-0.0863278284668922,0.9626015424728394,0.5838034749031067,0.4011217057704925,-0.068997599184513,0.8129131197929382,0.4878976941108703,0.3935408890247345,-0.111789159476757,0.9649320840835572,0.5801953673362732,0.4005162119865417,-0.0968575328588485,0.8186506032943726,0.4911941587924957,0.4031056761741638,-0.0765260010957717,0.9560613632202148,0.5777269601821899,0.4090860784053802,-0.0598346069455146,0.8112873435020447,0.5152841210365295,0.428611159324646,-0.0052231019362807,0.9995639324188232,0.5567474961280823,0.428952008485794,0.0051875039935112,0.999192714691162,0.5166381001472473,0.2724277079105377,-0.0283585730940103,0.957637369632721,0.5601247549057007,0.2718466520309448,-0.0191403944045305,0.8730421662330627,0.5248867869377136,0.1290508359670639,0.0679735839366912,0.9563262462615968,0.5538054704666138,0.1271253228187561,0.0812198370695114,0.8758667707443237,0.5288099050521851,0.1127962693572044,0.0707996860146522,0.6537637114524841,0.552263081073761,0.1129470244050026,0.0850631445646286,0.6004314422607422,0.5283060073852539,0.0790408849716186,-0.038472481071949,0.942244827747345,0.5544267892837524,0.0789784789085388,-0.0169477928429842,0.8812195062637329,hoyeon_stand_normal_01,8.0,3.605551,3.162278,5.656854,9.219544,10.816654,13.038405,13.038405,13.892444,13.892444,13.416408,12.083046,10.77033,9.486833,8.062258,6.0,4.472136,5.09902,7.28011,11.18034,14.422205,18.027756,21.633308,23.021729,22.472205,21.095023,1.0,3.605551,5.656854,7.81025,10.630146,11.313708,12.727922,12.806248,12.806248,12.206556,11.661904,8.944272,6.324555,5.09902,2.0,1.0,2.828427,5.830952,8.944272,11.7047,14.56022,17.464249,18.248288,18.11077,17.029386,15.0,15.514693,15.091166,14.8392485,14.264982,13.903124,13.363961,13.5,12.930632,12.6334545,12.0645245,11.7195445,11.7885545,12.0524865,12.8595995,14.2249665,14.3631815,14.9981845,14.84483,14.20507,13.661866,14.719908,16.0913985,17.789621500000003,17.672214,17.4393675,16.6975555,9.196912,9.4995615,10.434114,11.1925825,12.1387155,12.2912215,11.44252,10.072652,9.264982,8.9575645,8.330952,8.9932295,8.840095999999999,8.9109345,9.2512825,9.346936,9.842117,9.78011,10.125617,11.279309,12.4491285,12.8536635,13.7666925,14.706083,14.917043499999998,15.78794,17.492856,15.264338,13.038405,11.661904,9.486833,9.219544,9.055385,10.198039,12.165525,13.341664,15.297059,17.117243,18.0,19.104973,20.223748,20.615528,19.924859,18.384776,16.155494,13.928388,10.198039,8.062258,7.81025,10.29563,13.0,16.155494,8.544004,7.071068,6.082763,7.211103,8.602325,11.661904,14.764823,16.124515,17.492856,18.027756,18.601075,17.029386,16.278821,14.142136,12.727922,12.041595,9.899495,10.0,9.433981,9.848858,11.401754,13.341664,14.56022,16.763055,18.027756,18.788294
hoyeon_stand_normal_01,2691,897,89.70490163934426,29.998360745314464,10,0.5371952652931213,0.6836817264556885,-0.1750047951936721,0.9999764561653136,0.5322682857513428,0.6926947236061096,-0.1634908020496368,0.9999427199363708,0.529382050037384,0.6915841698646545,-0.1634984463453292,0.9999473094940186,0.5269919633865356,0.6901917457580566,-0.1635084301233291,0.9999510049819946,0.5400612950325012,0.6937819719314575,-0.1622187197208404,0.9999240636825562,0.5423606038093567,0.6936991214752197,-0.1622241288423538,0.9999173283576964,0.5448477864265442,0.6934487819671631,-0.162220150232315,0.9999182820320128,0.5223573446273804,0.6827133297920227,-0.084608681499958,0.9999231100082396,0.547796368598938,0.6847633123397827,-0.0796520188450813,0.9998164772987366,0.5318208932876587,0.6702608466148376,-0.1450923383235931,0.9999710321426392,0.5428425073623657,0.6717147827148438,-0.1435141861438751,0.999951958656311,0.5012922883033752,0.6060323715209961,-0.0331377871334552,0.9999849200248718,0.5672085881233215,0.6063068509101868,-0.0185742061585187,0.9998864531517028,0.4938189685344696,0.5056681036949158,0.0026065150741487,0.9877073168754578,0.5726393461227417,0.5113401412963867,0.0191489476710557,0.8576819896697998,0.4892004132270813,0.422630250453949,-0.0661820992827415,0.9808818697929382,0.579673171043396,0.4297547936439514,-0.0460370033979415,0.8554137349128723,0.4846781194210052,0.3944023549556732,-0.0880085006356239,0.9614998698234558,0.5838992595672607,0.4010786414146423,-0.0682774782180786,0.8213086724281311,0.4881127178668976,0.3935620486736297,-0.1135636195540428,0.9639124870300292,0.5802950263023376,0.4004785716533661,-0.0963697060942649,0.8272078037261963,0.491418182849884,0.4031085968017578,-0.0780051201581955,0.9548941850662231,0.5778043866157532,0.4090530276298523,-0.0592218674719333,0.8197208046913147,0.5153470635414124,0.4286810457706451,-0.0054025673307478,0.9995822310447692,0.5570179224014282,0.4289422929286957,0.0053674494847655,0.9992362856864928,0.5171374678611755,0.2724863588809967,-0.0300335586071014,0.9589724540710448,0.5607309937477112,0.2713657915592193,-0.0194682106375694,0.8803722858428955,0.5249563455581665,0.1277586072683334,0.0665157586336135,0.9578757286071776,0.5538320541381836,0.1269691288471222,0.0809362009167671,0.8824338316917419,0.5288021564483643,0.1114693358540535,0.0692964270710945,0.6484103202819824,0.5521736741065979,0.1126535758376121,0.0847977623343467,0.6018131375312805,0.5283620357513428,0.0790033042430877,-0.0405374616384506,0.9436102509498596,0.55454421043396,0.0790106803178787,-0.0173196252435445,0.8866682052612305,hoyeon_stand_normal_01,22.671568,23.345235,22.671568,20.615528,18.601075,15.0,11.401754,7.81025,5.0,3.162278,3.605551,6.082763,9.055385,12.0,14.0,16.0,18.0,20.0,20.0,20.0,19.0,16.03122,12.165525,8.944272,9.433981,11.045361,13.341664,13.152946,13.038405,12.0,10.049876,7.071068,5.09902,2.236068,2.236068,5.656854,7.81025,10.0,12.206556,13.038405,13.416408,14.317821,13.928388,13.601471,12.369317,10.198039,7.071068,4.123106,2.236068,7.211103,11.661904,16.643317,15.811388,14.317821,13.601471,13.038405,14.035669,14.56022,16.155494,17.464249,19.313208,19.697716,21.540659,22.135944,21.587033,21.377558,20.099751,19.026298,16.0,14.0,10.049876,7.211103,7.615773,12.165525,16.03122,20.024984,23.194827,24.738634,15.811388,17.0,17.204651,16.970563,15.620499,12.806248,10.0,7.211103,5.0,4.0,4.472136,6.403124,8.485281,10.630146,12.041595,12.806248,14.21267,15.0,16.401219,17.204651,17.804494,17.804494,18.439089,18.439089,18.384776,17.029386,16.643317,15.0,13.601471,10.816654,8.944272,8.246211,8.0,9.055385,10.198039,12.369317,14.317821,15.132746,17.029386,18.027756,19.235384,19.416488,18.973666,18.027756,16.155494,12.649111,9.219544,6.082763,7.071068,8.544004,12.369317,15.297059,9.848858,8.246211,7.0,7.615773,9.899495,11.401754,14.422205,16.643317,17.804494,17.804494,17.691806,16.970563,15.620499,14.21267,12.206556,11.401754,10.0,9.899495,8.602325,9.433981,10.77033,11.7047,14.866069,15.811388,17.088007,17.888544
hoyeon_stand_normal_01,2694,898,89.80490710382513,29.998360745314464,10,0.5372951030731201,0.6837374567985535,-0.1709473878145218,0.9999775290489196,0.5324113965034485,0.6928092241287231,-0.1591015309095382,0.999944269657135,0.5295547246932983,0.6916703581809998,-0.1591115593910217,0.9999486804008484,0.5271176695823669,0.6902602314949036,-0.1591282933950424,0.9999523162841796,0.5401220321655273,0.6938634514808655,-0.1580148041248321,0.9999259114265442,0.5424181222915649,0.6937656402587891,-0.1580198556184768,0.9999194741249084,0.5449426174163818,0.6934857368469238,-0.1580131649971008,0.9999204874038696,0.5224784016609192,0.6826985478401184,-0.0800706297159195,0.9999250173568726,0.5478481650352478,0.6847806572914124,-0.0755973756313324,0.9998213648796082,0.5319272875785828,0.6703579425811768,-0.1408631354570388,0.999972403049469,0.5429211854934692,0.6717568039894104,-0.1395641863346099,0.9999542236328124,0.5013788342475891,0.6060715317726135,-0.0295255221426486,0.9999849796295166,0.5672651529312134,0.6062908172607422,-0.0153542160987854,0.9998913407325744,0.4937705397605896,0.5057706832885742,0.0054862224496901,0.9874681830406188,0.572816014289856,0.511281430721283,0.0224341489374637,0.8660552501678467,0.4893442094326019,0.4226534068584442,-0.0626918971538543,0.9804125428199768,0.579980194568634,0.4297476708889007,-0.0418432913720607,0.8630537986755371,0.4847808480262756,0.3945304751396179,-0.0845633074641227,0.9607154130935668,0.5840134024620056,0.4013433754444122,-0.0637571662664413,0.8280481696128845,0.488166868686676,0.3939595818519592,-0.1098418310284614,0.9631868004798888,0.5804303288459778,0.4007169902324676,-0.0919239968061447,0.8341251611709595,0.4914511144161224,0.4032991230487823,-0.0743671134114265,0.954027771949768,0.5779970288276672,0.409189909696579,-0.0550029352307319,0.8265076875686646,0.5157303214073181,0.4291561543941498,-0.005573833361268,0.9996007680892944,0.55722576379776,0.4291479885578155,0.0055383238941431,0.9992773532867432,0.5177951455116272,0.2725381553173065,-0.0312683135271072,0.9595760703086852,0.5607978701591492,0.2709301114082336,-0.0200056508183479,0.8856551051139832,0.5249771475791931,0.1262063235044479,0.0607024356722831,0.9587710499763488,0.5538113713264465,0.1266116052865982,0.0784423872828483,0.8870885968208313,0.5287641882896423,0.1095762625336647,0.0632029697299003,0.6398340463638306,0.5518876314163208,0.1119928956031799,0.0821052566170692,0.5990656614303589,0.5284273624420166,0.0785801112651825,-0.0457925051450729,0.9440898895263672,0.5546285510063171,0.0788081288337707,-0.0193449575453996,0.8903318643569946,hoyeon_stand_normal_01,10.29563,5.0,4.472136,8.062258,11.7047,14.866069,16.763055,16.763055,17.464249,17.464249,16.492423,15.297059,14.142136,12.0,10.049876,7.28011,6.403124,7.0,9.848858,14.21267,19.104973,24.041631,26.870058,29.0,29.732137,28.319605,2.236068,4.123106,8.062258,11.18034,13.152946,15.297059,16.492423,16.763055,16.155494,15.231546,13.416408,11.661904,8.602325,5.656854,2.236068,2.0,4.472136,8.602325,12.041595,16.278821,19.104973,22.803509,24.413111,24.186773,22.825424,20.124612,13.892444,13.416408,12.649111,11.045361,12.041595,13.152946,13.601471,14.866069,15.811388,17.088007,17.720045,18.681542,18.439089,18.11077,18.027756,16.0,14.0,11.045361,8.062258,6.708204,6.708204,11.045361,15.033296,18.11077,20.396078,22.135944,14.56022,16.155494,17.492856,16.401219,14.142136,12.727922,10.630146,7.81025,5.830952,5.09902,5.385165,7.211103,7.81025,10.0,11.401754,12.206556,13.601471,14.422205,15.264338,15.264338,15.811388,15.811388,16.401219,15.620499,15.556349,14.866069,12.10356,13.5275475,14.7131445,15.901498,15.426704,15.3445475,14.5041025,13.319938,12.5192025,11.330952,9.2169905,7.936254,6.3638395,5.6080585,6.201562,8.5952415,10.77033,14.317821,16.522683999999998,19.2175885,20.7480705,21.8383015,21.8383015,20.902574,18.734918,15.5883255,12.601965,14.400246,15.342886,16.2764725,15.577747,14.450869,13.0192025,11.09017,8.9998285,7.54518,5.830952,6.2429435,6.854102,7.671184,8.7328775,9.842436,10.8103235,11.7836395,11.9351125,12.3715525,12.062320499999998,12.062320499999998,10.9078455,10.9210305,10.4841845,10.6704955
hoyeon_stand_normal_01,2697,899,89.904912568306,29.998360745314464,10,0.5374537110328674,0.6838220357894897,-0.1668710708618164,0.999978244304657,0.5325878262519836,0.6929591298103333,-0.1550556719303131,0.9999450445175172,0.5297381281852722,0.6917859315872192,-0.1550661623477935,0.9999493360519408,0.5272632837295532,0.6903560161590576,-0.155085876584053,0.9999529719352722,0.540254533290863,0.6939812302589417,-0.1539215743541717,0.9999268054962158,0.5425584316253662,0.6938573122024536,-0.1539259403944015,0.9999206066131592,0.5450906157493591,0.6935423612594604,-0.1539185792207718,0.9999216198921204,0.5226013660430908,0.6826951503753662,-0.0769164562225341,0.9999259114265442,0.5479133725166321,0.6847994327545166,-0.0721415430307388,0.9998239278793336,0.5320768356323242,0.6704444885253906,-0.1371000558137893,0.9999734163284302,0.54304039478302,0.6717911958694458,-0.1357519328594207,0.9999558925628662,0.5015867948532104,0.6061148643493652,-0.0272829737514257,0.9999849200248718,0.5673080682754517,0.6062871813774109,-0.0130110094323754,0.9998950362205504,0.4936901926994324,0.5057917833328247,0.0074168327264487,0.9872329235076904,0.5729789137840271,0.5112535357475281,0.0241530407220125,0.8730663061141968,0.4895622134208679,0.4226430654525757,-0.0586032904684543,0.979920506477356,0.5802465081214905,0.4298288524150848,-0.03882372751832,0.8692272305488586,0.4851705431938171,0.3946495354175567,-0.0801073238253593,0.9598647356033324,0.5841156244277954,0.4016126990318298,-0.0602594576776027,0.8331096172332764,0.4887446463108063,0.3944147229194641,-0.1048332676291465,0.9623916745185852,0.5805292129516602,0.4009653031826019,-0.0880450531840324,0.8393716216087341,0.4919081330299377,0.4035238623619079,-0.0699938088655471,0.95310640335083,0.5781564712524414,0.4093666970729828,-0.0517762154340744,0.8316163420677185,0.5160526633262634,0.4298403561115265,-0.0057776812463998,0.9996166825294496,0.5574436187744141,0.4293460249900818,0.0057420637458562,0.9993127584457396,0.5183034539222717,0.2725045084953308,-0.0324398465454578,0.9598668813705444,0.5608694553375244,0.2707067430019378,-0.0214800760149955,0.8898136019706726,0.5250929594039917,0.1249871179461479,0.0587075948715209,0.9591477513313292,0.5538260340690613,0.1263317316770553,0.0767297819256782,0.8903677463531494,0.5287613272666931,0.1080624088644981,0.0613293088972568,0.6295981407165527,0.5518019795417786,0.111473761498928,0.0804692283272743,0.5938506722450256,0.5284773707389832,0.0784811228513717,-0.0463935695588588,0.9437721967697144,0.5547358393669128,0.0787602066993713,-0.020073790103197,0.8925936818122864,hoyeon_stand_normal_01,22.472205,22.825424,22.36068,20.615528,18.027756,14.866069,10.77033,7.615773,4.242641,3.0,4.242641,6.708204,9.848858,11.7047,14.866069,16.763055,19.924859,21.18962,21.18962,21.18962,19.924859,17.720045,14.142136,10.049876,9.433981,11.661904,14.0,15.132746,14.317821,13.341664,11.7047,8.544004,5.385165,3.0,2.236068,5.09902,7.615773,9.486833,11.401754,13.341664,14.142136,15.132746,15.033296,14.0,13.038405,11.18034,8.062258,4.123106,1.414214,6.403124,11.313708,16.278821,16.124515,17.0,16.552945,15.231546,15.231546,13.0,11.7047,9.486833,8.246211,6.082763,5.09902,3.605551,4.472136,7.28011,9.055385,12.041595,15.033296,17.262677,18.439089,19.646883,20.248457,19.697716,17.888544,15.264338,12.206556,8.602325,2.236068,2.236068,3.605551,5.830952,8.062258,10.0,11.401754,12.041595,12.727922,12.041595,11.401754,10.630146,9.219544,7.81025,7.071068,6.403124,5.385165,5.09902,6.082763,6.708204,8.062258,9.219544,11.313708,12.806248,13.601471,14.422205,17.720045,16.763055,14.866069,11.401754,10.049876,9.055385,9.486833,10.29563,11.661904,13.038405,15.264338,17.0,18.384776,19.924859,20.396078,20.223748,21.023796,19.026298,17.0,14.0,10.049876,7.615773,6.708204,9.0,12.165525,14.317821,9.219544,7.0,6.324555,8.485281,10.29563,13.0,14.866069,17.088007,18.384776,19.697716,18.788294,18.35756,16.643317,15.0,14.21267,12.206556,10.816654,10.29563,9.486833,10.198039,12.041595,13.038405,15.0,17.0,19.104973,19.235384
hoyeon_stand_normal_01,2700,900,90.00491803278689,29.998360745314464,10,0.5376072525978088,0.6838087439537048,-0.1689450293779373,0.9999791383743286,0.5327476859092712,0.6929608583450317,-0.1572852879762649,0.9999464154243468,0.5299030542373657,0.6917890310287476,-0.1572948545217514,0.9999505281448364,0.5274076461791992,0.6903666257858276,-0.1573121696710586,0.9999541640281676,0.540394127368927,0.6939617395401001,-0.15608711540699,0.9999284744262696,0.5427014231681824,0.6938323378562927,-0.1560919135808944,0.999922513961792,0.5452095866203308,0.6935174465179443,-0.1560853123664856,0.9999234676361084,0.5227304697036743,0.682647705078125,-0.0787530168890953,0.9999276399612428,0.5479824542999268,0.6847965121269226,-0.0740988627076149,0.9998281002044678,0.5322255492210388,0.6704134345054626,-0.1390790045261383,0.9999745488166808,0.5431386232376099,0.6717097163200378,-0.1376893669366836,0.999957799911499,0.501880407333374,0.6061491966247559,-0.0272902008146047,0.9999849200248718,0.5673627853393555,0.6063149571418762,-0.0143026551231741,0.9998986721038818,0.4936491549015045,0.5059732794761658,0.0087857563048601,0.9871181845664978,0.5732141137123108,0.5113441944122314,0.0231781359761953,0.8799381852149963,0.4897657036781311,0.4226151406764984,-0.0575631782412529,0.9796473383903505,0.5804558396339417,0.4299761354923248,-0.039467979222536,0.8752467632293701,0.4853363037109375,0.3947352170944214,-0.0792049616575241,0.9593355059623718,0.5842084884643555,0.4018256664276123,-0.060521874576807,0.8383182287216187,0.4890183806419372,0.3945753872394562,-0.1044037342071533,0.961911916732788,0.5806076526641846,0.4011363983154297,-0.0888134390115737,0.8447339534759521,0.492154449224472,0.40360227227211,-0.0691428706049919,0.9525393843650818,0.5782812237739563,0.4095166623592376,-0.0522155985236167,0.8368157744407654,0.5165687203407288,0.4300515055656433,-0.005851820576936,0.9996305108070374,0.5578948855400085,0.4293506145477295,0.0058157215826213,0.9993445873260498,0.518603503704071,0.2725366652011871,-0.0324403345584869,0.9603412747383118,0.5609105825424194,0.2702665328979492,-0.0217206180095672,0.894223690032959,0.5253072381019592,0.1247254088521003,0.0588243529200553,0.9598020911216736,0.5538337230682373,0.1256564855575561,0.0757436975836753,0.8942661881446838,0.5288099646568298,0.1073372811079025,0.0614906325936317,0.6236869692802429,0.5518044233322144,0.1104311048984527,0.0793496370315551,0.5916574597358704,0.5284892916679382,0.0783266872167587,-0.046126265078783,0.9440717101097108,0.5548095107078552,0.0784275457262992,-0.0218599028885364,0.8955501317977905,hoyeon_stand_normal_01,10.0,5.09902,3.162278,6.403124,9.899495,12.727922,14.866069,15.620499,15.620499,15.620499,15.620499,13.601471,13.038405,11.18034,9.486833,8.062258,7.28011,7.211103,9.219544,14.0,18.027756,22.203603,26.172505,28.160256,29.068884,27.018512,3.605551,5.830952,8.544004,10.77033,13.928388,15.231546,17.0,17.492856,16.643317,15.811388,14.21267,12.041595,9.219544,6.403124,2.828427,1.0,3.162278,7.615773,9.486833,14.56022,17.720045,20.615528,22.203603,23.086793,22.022716,18.0,17.888544,18.35756,18.35756,17.492856,16.643317,15.264338,13.601471,11.401754,9.899495,7.81025,6.708204,6.082763,6.082763,8.062258,10.630146,12.041595,16.278821,18.439089,20.0,21.633308,21.954498,21.023796,20.248457,17.720045,14.317821,11.18034,1.414214,1.0,3.605551,5.830952,7.615773,10.77033,11.401754,12.165525,12.041595,12.041595,11.0,10.0,8.0,7.071068,6.324555,5.385165,5.0,5.0,6.324555,7.071068,9.0,11.045361,12.369317,14.56022,15.811388,16.155494,11.0,12.0,13.038405,14.035669,14.0,14.035669,13.038405,12.165525,11.18034,10.440307,8.246211,6.082763,5.0,4.123106,5.0,6.708204,9.486833,13.341664,15.297059,18.439089,19.646883,20.880613,20.248457,19.313208,17.464249,14.317821,12.649111,14.866069,16.155494,16.155494,16.552945,15.652476,14.317821,12.083046,10.440307,8.246211,7.0,6.324555,6.403124,7.071068,7.81025,9.219544,10.0,10.630146,10.630146,10.630146,11.313708,10.630146,10.630146,10.0,8.944272,9.486833
hoyeon_stand_normal_01,2703,901,90.10492349726776,29.998360745314464,10,0.5377197861671448,0.6837964653968811,-0.1746191084384918,0.9999800324440002,0.5328627228736877,0.6929616332054138,-0.1628034859895706,0.9999479651451112,0.5300218462944031,0.6917914748191833,-0.1628140062093734,0.9999518990516664,0.5275154113769531,0.6903760433197021,-0.1628354340791702,0.9999554753303528,0.5404956936836243,0.6939477324485779,-0.1619224697351455,0.9999303817749025,0.5428030490875244,0.6938129663467407,-0.1619270592927932,0.999924659729004,0.5452889204025269,0.693496584892273,-0.1619151979684829,0.9999255537986756,0.5228212475776672,0.6826126575469971,-0.0825245529413223,0.9999297857284546,0.5480307936668396,0.6847966909408569,-0.0790256038308143,0.9998327493667604,0.5323336124420166,0.670387327671051,-0.1439903676509857,0.9999757409095764,0.5431931614875793,0.6716561317443848,-0.1429472267627716,0.9999597072601318,0.5022587180137634,0.6061661839485168,-0.0280866865068674,0.9999850392341614,0.5675047039985657,0.6063252687454224,-0.0176143888384103,0.9999022483825684,0.4936767518520355,0.5062891244888306,0.0066546378657221,0.9870705604553224,0.5734811425209045,0.5113247632980347,0.0209657847881317,0.8861910700798035,0.4899686872959137,0.4226097166538238,-0.059777595102787,0.979364812374115,0.5806806087493896,0.4299442768096924,-0.0430357791483402,0.880716860294342,0.4855300486087799,0.3947838544845581,-0.0813764631748199,0.9587896466255188,0.584334135055542,0.4018175601959228,-0.0646053627133369,0.8430543541908264,0.4892634451389313,0.3946747481822967,-0.106679730117321,0.9614171981811525,0.5807812213897705,0.4011149108409881,-0.0932916402816772,0.8496215343475342,0.4923766553401947,0.4036452770233154,-0.0713714361190795,0.951971709728241,0.5784990787506104,0.4094986617565155,-0.0561297163367271,0.8415969014167786,0.516843318939209,0.4300639629364013,-0.0058842441067099,0.9996439218521118,0.5581544637680054,0.4293530285358429,0.0058494708500802,0.9993738532066344,0.5186585783958435,0.2725134789943695,-0.0324424169957637,0.9610546231269836,0.560921311378479,0.2702502310276031,-0.0215027034282684,0.8986010551452637,0.5254003405570984,0.1245850324630737,0.0589183382689952,0.9606419801712036,0.5537897348403931,0.1256360113620758,0.0767565071582794,0.8980478048324585,0.5284796953201294,0.1072383001446724,0.0616609863936901,0.6181485056877136,0.5515457987785339,0.1103396788239479,0.0805011689662933,0.5911044478416443,0.5283936262130737,0.0781004279851913,-0.045649979263544,0.9446292519569396,0.5548427700996399,0.0781367421150207,-0.0204335246235132,0.8986045122146606,hoyeon_stand_normal_01,11.18034,5.09902,4.123106,8.544004,12.529964,15.264338,17.204651,18.027756,19.416488,18.601075,17.204651,16.278821,14.866069,13.453624,10.816654,8.544004,7.071068,7.81025,10.77033,15.297059,20.024984,25.019992,28.0,31.016125,31.064449,30.149627,3.162278,5.656854,9.219544,12.806248,15.0,17.029386,18.384776,19.104973,18.439089,17.204651,15.264338,12.529964,9.848858,6.324555,3.162278,4.472136,8.246211,12.369317,17.262677,20.099751,24.020824,25.019992,25.179357,24.33105,21.377558,17.499455166666664,15.297059,14.866069,14.317821,13.892444,14.21267,14.142136,15.620499,15.811388,17.204651,18.027756,19.209373,19.849433,19.79899,19.104973,18.439089,17.204651,15.811388,13.038405,10.630146,8.062258,9.0,11.401754,14.866069,18.681542,20.615528,22.203603,14.422205,15.652476,15.811388,15.297059,13.038405,11.0,9.0,6.082763,4.472136,3.605551,6.082763,7.0,9.0,10.049876,11.045361,13.038405,13.152946,14.142136,15.297059,15.297059,16.278821,16.124515,16.124515,16.03122,16.0,16.03122,12.041595,13.0,15.0,15.0,15.0,14.035669,13.152946,12.369317,11.401754,10.198039,9.219544,7.071068,6.082763,5.385165,6.403124,9.433981,11.18034,13.928388,17.088007,19.313208,21.023796,22.36068,21.470911,20.59126,18.35756,15.811388,11.7047,14.317821,14.317821,15.652476,14.764823,13.892444,13.038405,10.29563,8.944272,6.082763,6.082763,5.385165,5.656854,7.211103,8.602325,9.433981,10.0,10.0,11.401754,10.630146,11.313708,11.313708,10.630146,10.0,10.29563,10.440307
hoyeon_stand_normal_01,2706,902,90.20492896174864,29.998360745314464,10,0.5378010272979736,0.6837851405143738,-0.1739736944437027,0.999980926513672,0.5329464077949524,0.6930162310600281,-0.1619934141635894,0.99994957447052,0.5301083922386169,0.6918475031852722,-0.1620045304298401,0.9999533295631408,0.5275933146476746,0.690424919128418,-0.1620242595672607,0.9999567866325378,0.5405691862106323,0.6939775347709656,-0.1611453145742416,0.9999324083328248,0.542871356010437,0.6938347220420837,-0.161149114370346,0.9999269247055054,0.5453329086303711,0.6935058832168579,-0.1611362397670745,0.9999277591705322,0.5228871703147888,0.6826111078262329,-0.0818637609481811,0.999931812286377,0.5480619072914124,0.6848152279853821,-0.0782829821109771,0.9998374581336976,0.5324099063873291,0.6703855991363525,-0.1433850675821304,0.9999768733978271,0.5432202219963074,0.671646237373352,-0.14236980676651,0.99996155500412,0.5025718212127686,0.6061785817146301,-0.0289448667317628,0.9999851584434508,0.5676969885826111,0.606320858001709,-0.017332212999463,0.9999054074287416,0.4936753213405609,0.5063366293907166,0.006690265610814,0.9870392680168152,0.5738213062286377,0.5111936330795288,0.0210201498121023,0.891832172870636,0.489998996257782,0.4224928617477417,-0.0599460341036319,0.9792067408561708,0.5808886885643005,0.4298667013645172,-0.043205015361309,0.8857611417770386,0.4855444133281708,0.3947901725769043,-0.0817217528820037,0.9584717154502868,0.5844840407371521,0.4017844796180725,-0.0647923052310943,0.8475368022918701,0.4893608689308166,0.3946805298328399,-0.1069933548569679,0.9611310362815856,0.5809418559074402,0.4010508060455322,-0.0933446809649467,0.8542112708091736,0.4924759864807129,0.4036409258842468,-0.0715376287698745,0.9516643285751344,0.578669548034668,0.4094416499137878,-0.0562754087150096,0.8461093902587891,0.5169454216957092,0.4298440515995025,-0.005993831437081,0.9996574521064758,0.5583400726318359,0.4291856288909912,0.00595846446231,0.9994022250175476,0.5186706781387329,0.2724348604679107,-0.0324123166501522,0.9617666006088256,0.5609148144721985,0.2701030671596527,-0.0212856624275445,0.902717113494873,0.5254657864570618,0.1245048642158508,0.0614168159663677,0.9613689184188844,0.5537973642349243,0.1256797760725021,0.0787674188613891,0.9016773700714112,0.5284448266029358,0.1072800084948539,0.0644584074616432,0.6147209405899048,0.5515034198760986,0.1103718280792236,0.0827494338154792,0.5909183621406555,0.5282996296882629,0.0780456066131591,-0.0427209585905075,0.9451407194137572,0.554955780506134,0.0779683962464332,-0.0178639907389879,0.901523232460022,hoyeon_stand_normal_01,19.138199333333333,17.420205,16.670732333333333,16.199558666666668,15.598710666666667,14.363526,12.385276666666664,10.179233,8.203265666666667,7.217492,7.750035,9.435378333333333,10.568792333333334,12.046796,13.166814333333331,14.591598333333332,15.44948,16.83294666666667,17.545515333333334,18.981194,19.776442,18.854355666666667,18.111296666666664,16.521207,15.327374999999998,15.848337333333332,10.953907666666666,11.905173333333332,12.645677,13.02536,12.786697333333334,11.619955333333332,9.713844333333332,8.083428333333334,6.875876666666667,7.784884000000001,9.456496,10.50121,11.358005666666664,11.067292666666669,11.285840333333333,10.559902,11.133344666666668,12.134374666666666,12.489883333333331,12.415175,11.758309666666667,9.965252,8.123029,10.934503,14.282441666666664,16.99891033333333,15.016648,15.5,14.587716,14.237205,14.035262,13.9588845,13.495864,12.810381500000002,13.174249,12.654639500000002,12.536671,11.670049,13.1036875,13.384392,14.266376,14.0824045,15.0421975,14.570767,14.271959,14.292516,14.7559085,16.0192025,17.055385,17.6610215,17.7726335,17.001067,8.8801215,8.7693645,10.5,11.1394105,11.28011,11.041523,10.9452265,9.24504,8.184658500000001,8.127331,8.352350000000001,8.278531000000001,8.544004,8.7323155,8.4265465,9.264982,9.257714,9.18229,10.2108385,10.986271,11.904171,12.805674,13.527115,14.286605,14.976762,14.779922,16.415883,14.686841,12.7909665,10.6891895,9.272002,8.1477655,8.7732985,10.1021555,11.44252,12.764982,14.8268755,16.477082000000003,17.693472999999997,18.900632,19.9247165,20.383371,19.5424085,18.2448095,15.521467,12.8422585,9.25091,6.269578,6.5769155,9.433981,12.4239215,15.243284,9.3261005,7.175589,6.3638395,6.854102,9.271109,11.85235,14.176745,16.093357,17.528571,18.013878,17.873900499999998,17.18996,15.7057835,14.2299785,13.152946,11.2235575,10.198039,9.1374645,9.4521215,9.757587,11.086042,12.768335,14.464194,15.8163825,17.146329,17.873900499999998
hoyeon_stand_normal_01,2709,903,90.30493442622952,29.998360745314464,10,0.5378642678260803,0.6838457584381104,-0.1739984899759292,0.9999817609786988,0.5330082178115845,0.6932501792907715,-0.1620897352695465,0.9999511241912842,0.5301707983016968,0.6921049356460571,-0.162100613117218,0.9999547600746156,0.527653157711029,0.6906805038452148,-0.1621196717023849,0.9999580979347228,0.5406273007392883,0.6941518783569336,-0.1611955761909485,0.9999343752861024,0.5429311394691467,0.6940011382102966,-0.1611995548009872,0.9999290704727172,0.5453813672065735,0.6936342716217041,-0.1611873805522918,0.9999297857284546,0.5229349732398987,0.6826299428939819,-0.0821806564927101,0.999933898448944,0.5480853319168091,0.6849274039268494,-0.0783986896276474,0.9998419880867004,0.5324706435203552,0.6704447865486145,-0.1435023695230484,0.9999779462814332,0.5432597398757935,0.671686053276062,-0.1423941105604171,0.9999632835388184,0.5028743147850037,0.6062012314796448,-0.0297602508217096,0.9999853372573853,0.5678671002388,0.6062993407249451,-0.0174290239810943,0.9999076724052428,0.4936614334583282,0.506389319896698,0.0060721980407834,0.987069010734558,0.5740582942962646,0.5108041763305664,0.0208423398435115,0.8966665863990784,0.4900626838207245,0.4223544299602508,-0.0607543848454952,0.9791399836540222,0.5810428857803345,0.4297091364860534,-0.0433917529881,0.8900178670883179,0.4856126606464386,0.3947855532169342,-0.082576222717762,0.9583095908164978,0.5845595598220825,0.401671290397644,-0.0651484206318855,0.8511833548545837,0.4893873929977417,0.3946578800678253,-0.1078347116708755,0.960989773273468,0.580999493598938,0.4008927643299103,-0.0937074720859527,0.8579727411270142,0.4925067722797394,0.4035913348197937,-0.0723438262939453,0.951539158821106,0.5787379145622253,0.4093353450298309,-0.0564983338117599,0.8497823476791382,0.5171775221824646,0.429707407951355,-0.0060683833435177,0.9996694326400756,0.5585677623748779,0.4290623366832733,0.0060325851663947,0.9994263648986816,0.5186808109283447,0.2719496190547943,-0.0324098020792007,0.9623020887374878,0.5609149932861328,0.2699558734893799,-0.0212437156587839,0.906166136264801,0.5255270600318909,0.1240645945072174,0.0624373033642768,0.9619128704071044,0.5538036823272705,0.1256340593099594,0.0794914811849594,0.9045071601867676,0.5283810496330261,0.1070161387324333,0.0655503720045089,0.61089026927948,0.5514732003211975,0.1101637482643127,0.0835885256528854,0.5896173715591431,0.5282511115074158,0.0778931230306625,-0.0415607616305351,0.945338785648346,0.5550693273544312,0.0777343064546585,-0.0168030299246311,0.903677463531494,hoyeon_stand_normal_01,23.0,23.086793,23.345235,20.615528,18.681542,14.56022,10.198039,7.0,5.385165,4.472136,6.0,8.246211,10.440307,13.928388,15.231546,17.088007,19.313208,20.615528,20.615528,20.615528,19.697716,17.0,14.422205,11.313708,10.440307,12.041595,14.866069,16.155494,15.652476,14.422205,12.806248,10.630146,7.211103,4.472136,2.236068,4.123106,7.071068,9.055385,11.18034,12.369317,13.601471,13.928388,14.317821,13.892444,13.038405,11.401754,7.81025,3.605551,1.414214,6.324555,12.369317,17.262677,16.124515,16.278821,16.492423,15.524175,14.56022,13.601471,11.7047,10.29563,9.433981,7.81025,5.830952,6.324555,7.0,8.246211,10.77033,13.416408,15.652476,18.384776,20.248457,21.18962,21.587033,21.377558,20.099751,18.027756,15.0,11.0,2.828427,1.0,3.0,5.09902,8.062258,10.049876,11.18034,11.401754,11.7047,11.7047,10.77033,9.848858,8.944272,6.708204,5.385165,4.123106,4.123106,3.605551,5.0,6.324555,8.246211,10.049876,11.045361,13.038405,14.0,15.0,13.0,14.035669,15.033296,15.033296,15.033296,15.0,14.035669,13.038405,12.165525,10.198039,9.055385,7.0,6.082763,5.830952,6.403124,8.944272,11.7047,14.866069,16.763055,19.924859,21.540659,22.847319,21.931712,21.023796,19.235384,16.124515,12.369317,13.601471,14.56022,15.811388,15.231546,14.317821,13.0,10.77033,9.219544,7.0,6.082763,5.830952,6.403124,7.211103,8.062258,9.433981,10.29563,10.816654,10.816654,11.401754,11.401754,11.401754,10.816654,10.29563,10.77033,10.198039
hoyeon_stand_normal_01,2712,904,90.40493989071038,29.998360745314464,10,0.5379130244255066,0.6838597655296326,-0.1739714741706848,0.9999825358390808,0.533056378364563,0.6933836936950684,-0.1619802266359329,0.9999527335166932,0.5302194356918335,0.6922427415847778,-0.1619916707277298,0.9999562501907348,0.5276987552642822,0.690809428691864,-0.1620105654001236,0.9999594688415528,0.54067063331604,0.6942659020423889,-0.1611110121011734,0.9999364018440248,0.542970597743988,0.6941179037094116,-0.1611140668392181,0.999931275844574,0.5454017519950867,0.6937327980995178,-0.1611004322767257,0.9999318718910216,0.522970974445343,0.6826328039169312,-0.082196906208992,0.9999361634254456,0.5480983257293701,0.6850652694702148,-0.0784313455224037,0.9998467564582824,0.5325095653533936,0.6704566478729248,-0.1435286700725555,0.9999789595603944,0.5432836413383484,0.671694278717041,-0.1424249559640884,0.9999650120735168,0.5031015872955322,0.6062135100364685,-0.0302654523402452,0.9999856352806092,0.568035900592804,0.6062725186347961,-0.0173190664499998,0.9999099969863892,0.4936147332191467,0.5064203143119812,0.0055607506074011,0.9872517585754396,0.5741541385650635,0.510421872138977,0.020899960771203,0.9012315273284912,0.4900941252708435,0.4222659170627594,-0.0609501376748085,0.9794486165046692,0.5811486840248108,0.4294815063476562,-0.0434296987950801,0.8946967720985413,0.4856672883033752,0.3947845995426178,-0.0828941985964775,0.9588518142700196,0.5846266150474548,0.401534765958786,-0.0653129070997238,0.8557255268096924,0.4894151091575622,0.3946477174758911,-0.1082193925976753,0.9614969491958618,0.5810361504554749,0.4007386863231659,-0.0937988311052322,0.8625347018241882,0.4925369322299957,0.4035551846027374,-0.0725227668881416,0.9521835446357728,0.5787668824195862,0.4092120826244354,-0.0565366931259632,0.8542870879173279,0.5172874927520752,0.4297112226486206,-0.0061824191361665,0.9996805787086488,0.5586766600608826,0.4290511012077331,0.0061468039639294,0.999447762966156,0.5186407566070557,0.2719379961490631,-0.0328817777335643,0.9630348086357116,0.561115562915802,0.2699926197528839,-0.0211807191371917,0.909403383731842,0.5255612134933472,0.1240831613540649,0.062412928789854,0.962482213973999,0.5538079142570496,0.1256387382745742,0.0795412436127662,0.9073503017425536,0.5282212495803833,0.1070835590362548,0.0655271038413047,0.605800986289978,0.5514284372329712,0.1101691275835037,0.0835882946848869,0.5894114375114441,0.5282254815101624,0.077548049390316,-0.0416134968400001,0.9455658197402954,0.5553448796272278,0.0776442289352417,-0.0168043412268161,0.9058871865272522,hoyeon_stand_normal_01,21.213203,23.021729,22.0,21.095023,18.11077,14.142136,11.045361,8.0,5.09902,3.605551,5.0,6.324555,8.944272,12.529964,13.892444,16.124515,18.35756,19.235384,20.124612,19.235384,18.35756,16.124515,13.601471,10.630146,10.198039,11.18034,15.132746,15.033296,15.033296,14.142136,12.165525,10.198039,7.071068,5.0,3.605551,4.123106,7.071068,9.055385,11.045361,12.041595,13.0,14.035669,15.132746,14.317821,13.601471,11.7047,8.544004,5.385165,2.236068,5.09902,10.77033,14.866069,15.3102495,15.715943500000002,15.4103435,14.4887465,14.370013,13.8824115,13.000938,12.6491105,12.504633000000002,11.8815275,12.0223,11.929354,12.39395,13.2020335,14.1644255,14.9924905,15.3942565,15.806244499999998,15.714398499999998,15.0395905,15.3452275,16.5890345,16.9193465,17.528571,17.2305635,16.0505285,9.081139,8.2781745,9.614823,10.326238,10.869319,10.6506245,10.0519265,8.652788000000001,7.933415999999999,7.764982,8.5449325,9.1930515,9.196431,9.1930515,9.2400315,9.170832,8.8738435,9.132621,10.066158,10.87075,11.8178105,12.566373,13.179708,14.006922,14.2299785,14.815446,16.278821,15.033296,13.038405,11.18034,9.486833,8.062258,8.485281,10.630146,11.401754,13.601471,14.866069,16.278821,17.804494,18.027756,19.235384,19.697716,18.973666,17.720045,15.524175,12.369317,8.544004,6.403124,7.071068,9.219544,12.083046,15.231546,9.848858,8.062258,7.071068,7.615773,10.049876,11.045361,14.317821,16.278821,17.262677,18.027756,18.027756,17.0,16.03122,15.132746,13.152946,12.041595,11.045361,11.0,10.049876,10.198039,11.401754,12.649111,15.231546,15.811388,16.763055,17.720045
hoyeon_stand_normal_01,2715,905,90.50494535519124,29.998360745314464,10,0.5379514694213867,0.6839035749435425,-0.1727115660905838,0.9999831914901732,0.5330985188484192,0.6935392022132874,-0.1604143679141998,0.9999539852142334,0.5302634239196777,0.6924027800559998,-0.160428375005722,0.9999573826789856,0.5277320742607117,0.6909695267677307,-0.1604469865560531,0.999960482120514,0.5407077670097351,0.6944056749343872,-0.159680888056755,0.999937891960144,0.5430103540420532,0.694255530834198,-0.159682348370552,0.9999329447746276,0.5454309582710266,0.6938511729240417,-0.1596665978431701,0.999933421611786,0.5230110287666321,0.6826429963111877,-0.0806074813008308,0.9999377131462096,0.5481125116348267,0.6852166056632996,-0.0775980949401855,0.99985009431839,0.5325533151626587,0.6704896688461304,-0.1423923373222351,0.9999797344207764,0.5433284640312195,0.6717283725738525,-0.1415086090564727,0.999966323375702,0.5032182335853577,0.6062284708023071,-0.0298818033188581,0.9999857544898988,0.5681489706039429,0.6061936020851135,-0.0170152522623538,0.9999110698699952,0.4935097694396972,0.5064558386802673,0.0053808642551302,0.9873976707458496,0.5742267966270447,0.5100877285003662,0.0208154264837503,0.9053263664245604,0.4900580048561096,0.4222375154495239,-0.0637551844120025,0.9797176122665404,0.581251859664917,0.4293041825294494,-0.0438730083405971,0.8985958099365234,0.4856905341148376,0.3947888612747192,-0.0865917429327964,0.9592716097831726,0.5846922993659973,0.4013976156711578,-0.0659672394394874,0.8593481183052063,0.4894489049911499,0.3946486413478851,-0.1116347759962081,0.9618998169898988,0.5810495018959045,0.4005952477455139,-0.0939575582742691,0.8662043809890747,0.4925742149353027,0.4035540521144867,-0.0753247216343879,0.9527236223220824,0.5787837505340576,0.4091074466705322,-0.0567820146679878,0.8578271865844727,0.5173766016960144,0.4297008514404297,-0.006163905840367,0.9996878504753112,0.5587475895881653,0.4290526211261749,0.006129652261734,0.9994628429412842,0.5186423063278198,0.2719440758228302,-0.0334107540547847,0.9631975293159484,0.5611127614974976,0.2703976929187774,-0.0212281588464975,0.9119879603385924,0.5256894826889038,0.1245603337883949,0.0622009374201297,0.9626337885856628,0.5538137555122375,0.1256500035524368,0.0770595073699951,0.9099881052970886,0.5284148454666138,0.1079596281051635,0.0653401836752891,0.6034227609634399,0.5514326691627502,0.1101932153105735,0.0806988999247551,0.5888660550117493,0.5281311273574829,0.0775458663702011,-0.0416201427578926,0.9454107880592346,0.5553629994392395,0.0776588097214698,-0.0203681085258722,0.9077500104904176,hoyeon_stand_normal_01,10.198039,6.324555,3.605551,5.385165,8.062258,10.0,11.401754,12.041595,12.806248,12.041595,12.041595,10.630146,9.899495,8.602325,6.708204,6.082763,5.09902,6.403124,9.433981,12.083046,15.811388,18.681542,20.880613,23.086793,23.4094,21.540659,3.162278,4.0,6.324555,8.544004,10.440307,12.369317,13.341664,14.142136,14.035669,14.0,12.041595,11.045361,9.055385,6.082763,4.0,2.236068,2.236068,5.830952,8.602325,11.661904,15.264338,17.0,19.313208,19.924859,18.681542,16.278821,15.524175,15.297059,15.132746,14.035669,14.0,14.142136,14.317821,14.866069,14.866069,15.231546,16.155494,17.088007,16.763055,16.763055,17.464249,16.278821,15.132746,13.152946,10.440307,9.433981,9.219544,11.7047,14.317821,17.262677,19.646883,21.18962,16.03122,16.492423,17.464249,16.643317,15.620499,13.453624,10.0,7.211103,2.828427,2.236068,5.0,7.211103,9.433981,10.630146,12.041595,13.453624,14.21267,15.0,15.0,14.422205,14.422205,13.601471,13.453624,12.806248,13.892444,13.928388,12.165525,13.341664,14.56022,14.317821,14.317821,14.142136,13.038405,12.0,10.0,9.0,7.0,6.0,4.472136,4.242641,6.324555,8.062258,11.045361,14.035669,17.029386,19.104973,21.213203,22.36068,22.561028,20.615528,18.681542,15.524175,12.369317,14.56022,14.866069,16.155494,16.155494,15.231546,13.928388,11.7047,9.219544,7.071068,6.082763,5.830952,5.656854,6.403124,7.211103,8.944272,8.944272,10.29563,10.29563,10.816654,10.816654,10.29563,9.848858,9.848858,10.198039,10.049876
hoyeon_stand_normal_01,2718,906,90.60495081967213,29.998360745314464,10,0.5379728078842163,0.6839796304702759,-0.1705186516046524,0.9999837279319764,0.5331317782402039,0.6937122941017151,-0.1580185145139694,0.9999549388885498,0.5302978754043579,0.6925930380821228,-0.1580336540937423,0.9999582767486572,0.527754545211792,0.6911771297454834,-0.1580524891614914,0.9999613165855408,0.5407358407974243,0.6945503354072571,-0.1574131548404693,0.9999390840530396,0.543048083782196,0.6944051384925842,-0.1574137806892395,0.9999342560768129,0.5454793572425842,0.6939840912818909,-0.1573968082666397,0.9999346137046814,0.523047149181366,0.6826825737953186,-0.0782886520028114,0.9999389052391052,0.548130214214325,0.68539959192276,-0.0759618431329727,0.9998526573181152,0.5325823426246643,0.6705683469772339,-0.1403123587369918,0.999980330467224,0.5433714985847473,0.6718003153800964,-0.1396443098783493,0.9999674558639526,0.503354012966156,0.6063204407691956,-0.0288801863789558,0.9999858736991882,0.5682443976402283,0.6061645746231079,-0.0158401746302843,0.9999115467071532,0.4934392869472503,0.5064765810966492,0.0051306267268955,0.9875012636184692,0.5742714405059814,0.509891152381897,0.0210283324122428,0.908668577671051,0.4900452494621277,0.4221958816051483,-0.0638894066214561,0.9799490571022034,0.581355631351471,0.4291372895240783,-0.0438037291169166,0.9018165469169616,0.4857116639614105,0.3947896063327789,-0.0868458449840545,0.959647297859192,0.58475661277771,0.4012417197227478,-0.0658527463674545,0.8622279763221741,0.4894875586032867,0.3946454524993896,-0.1117653399705886,0.9622561931610109,0.5810760855674744,0.4004053771495819,-0.0935255736112594,0.8691524267196655,0.4926180243492126,0.403553158044815,-0.0754213109612464,0.9531997442245485,0.5787979364395142,0.4089768826961517,-0.0566141009330749,0.8606706857681274,0.5175143480300903,0.4296594858169555,-0.0061957137659192,0.9996947646141052,0.5588139295578003,0.4290368854999542,0.0061615877784788,0.9994767308235168,0.5186527967453003,0.2719671428203583,-0.0335534140467643,0.9634787440299988,0.5611169934272766,0.2706491351127624,-0.0212065950036048,0.914227306842804,0.5257457494735718,0.1250157803297042,0.0622316934168338,0.9627830386161804,0.5538032650947571,0.1257898360490799,0.0769248977303505,0.9121527671813964,0.5284442901611328,0.1087105572223663,0.0653962418437004,0.6002755761146545,0.5513978600502014,0.1106978133320808,0.0805716812610626,0.5877302885055542,0.5280297994613647,0.0776070952415466,-0.0410917736589908,0.9451949596405028,0.5553845763206482,0.0776736289262771,-0.0203210934996604,0.9092105031013488,hoyeon_stand_normal_01,14.142136,7.615773,5.09902,8.944272,12.806248,15.620499,18.439089,19.849433,19.849433,19.849433,18.439089,17.691806,16.278821,13.601471,12.083046,9.219544,9.219544,10.630146,14.422205,18.788294,23.4094,29.12044,32.280025,34.785054,35.1141,33.615473,4.242641,6.324555,9.0,12.041595,16.03122,19.026298,21.023796,22.022716,22.022716,21.213203,19.416488,16.492423,13.601471,10.77033,6.324555,3.0,2.236068,6.403124,10.816654,16.643317,20.59126,25.495098,27.856777,28.160256,27.658633,24.33105,14.866069,15.620499,15.0,14.422205,14.764823,14.317821,14.866069,14.56022,15.297059,15.297059,16.278821,16.278821,16.492423,16.763055,16.763055,15.811388,14.866069,12.649111,11.18034,9.0,9.486833,10.816654,12.806248,16.278821,17.691806,20.0,14.422205,15.556349,15.811388,15.652476,13.601471,12.165525,9.0,5.0,2.236068,2.0,5.0,7.211103,9.433981,11.18034,11.7047,13.601471,14.317821,14.142136,15.033296,14.035669,14.035669,13.152946,12.369317,11.7047,12.529964,12.806248,15.811388,14.422205,12.206556,11.18034,9.486833,9.055385,10.049876,11.18034,13.152946,15.132746,16.03122,17.0,18.11077,19.416488,20.880613,20.615528,19.235384,18.35756,16.124515,12.529964,9.848858,7.071068,7.81025,10.816654,14.317821,17.464249,8.944272,7.28011,7.0,6.708204,9.219544,12.206556,14.422205,17.204651,17.804494,18.439089,19.104973,17.691806,15.620499,15.0,13.601471,12.806248,12.041595,11.313708,10.0,10.816654,11.18034,13.0,15.231546,16.552945,17.0,17.492856
hoyeon_stand_normal_01,2721,907,90.704956284153,29.998360745314464,10,0.5379936099052429,0.6842049956321716,-0.1682377755641937,0.9999840259552002,0.5331540107727051,0.6939648985862732,-0.1557199656963348,0.9999551773071288,0.5303162932395935,0.6928883790969849,-0.1557351797819137,0.9999584555625916,0.5277727842330933,0.6914977431297302,-0.1557540893554687,0.99996155500412,0.5407588481903076,0.6947681307792664,-0.1551156044006347,0.9999393224716188,0.5430774092674255,0.6946296691894531,-0.1551168411970138,0.9999346137046814,0.5455201864242554,0.6941876411437988,-0.1551020145416259,0.9999348521232604,0.5230705142021179,0.6827585101127625,-0.0761332809925079,0.99993896484375,0.5481566786766052,0.6856304407119751,-0.0738430842757225,0.9998528957366944,0.5326069593429565,0.670741617679596,-0.1381136029958725,0.999980628490448,0.5434044003486633,0.6719645857810974,-0.1374659985303878,0.9999679923057556,0.5034158229827881,0.6064161062240601,-0.027043841779232,0.9999857544898988,0.5683098435401917,0.606130063533783,-0.0148130087181925,0.9999118447303772,0.4933917820453644,0.5066752433776855,0.0058841840364038,0.9874471426010132,0.5742877721786499,0.5097824931144714,0.0213575530797243,0.9116330146789552,0.4900384545326233,0.4221956729888916,-0.0631053745746612,0.9798832535743712,0.5814245939254761,0.4291049838066101,-0.0431538373231887,0.9044674038887024,0.485733151435852,0.3948331177234649,-0.0858852639794349,0.9594900012016296,0.5848062038421631,0.4012099802494049,-0.0651231110095977,0.8644586205482483,0.4895380139350891,0.3946911096572876,-0.110657013952732,0.962113618850708,0.5811043381690979,0.4003452062606811,-0.0925608500838279,0.8714662194252014,0.4926732182502746,0.4035922884941101,-0.0746055543422699,0.9530732035636902,0.57882159948349,0.4089331924915313,-0.0558873303234577,0.8628795146942139,0.5176641345024109,0.4296070039272308,-0.006164179649204,0.9997005462646484,0.5588663816452026,0.4290329217910766,0.0061309104785323,0.9994898438453674,0.5186566114425659,0.2719773054122925,-0.0335512906312942,0.963461458683014,0.5610930919647217,0.2708068490028381,-0.0211465898901224,0.9159066081047058,0.5258267521858215,0.1250234842300415,0.0617300458252429,0.962809681892395,0.5537960529327393,0.125868946313858,0.0762005820870399,0.9140104651451112,0.5285570025444031,0.1087224781513214,0.0648148208856582,0.5974856019020081,0.5513788461685181,0.1108040735125541,0.0797171965241432,0.5863223075866699,0.527954638004303,0.0776092037558555,-0.0414992421865463,0.9449499249458312,0.5554150342941284,0.0776950716972351,-0.0212855674326419,0.9105224609375,hoyeon_stand_normal_01,12.083046,7.211103,5.09902,7.615773,10.630146,12.727922,15.556349,16.278821,16.970563,16.970563,15.556349,14.866069,13.453624,12.206556,11.18034,9.219544,9.055385,10.29563,12.727922,16.643317,20.59126,24.596748,27.730849,29.529646,30.016662,28.84441,4.472136,5.09902,7.615773,10.29563,13.038405,15.264338,17.492856,17.888544,18.384776,18.027756,16.492423,14.317821,12.041595,9.055385,6.082763,4.123106,2.0,4.242641,8.485281,13.453624,16.970563,19.849433,22.203603,24.186773,23.259407,20.615528,15.0,14.21267,14.142136,12.806248,12.806248,11.661904,10.29563,8.544004,8.246211,7.071068,6.082763,6.708204,7.211103,8.485281,10.0,12.206556,14.422205,16.643317,18.027756,19.209373,19.849433,19.79899,17.691806,17.029386,14.21267,11.401754,4.0,1.0,1.414214,5.0,7.81025,10.630146,12.206556,12.529964,13.0,12.649111,12.165525,11.18034,9.055385,7.071068,5.09902,3.162278,2.828427,3.0,5.385165,6.708204,9.433981,11.18034,12.529964,13.892444,15.264338,15.264338,17.0,15.0,14.0,12.041595,10.198039,9.848858,10.0,11.401754,12.806248,14.21267,15.811388,17.492856,17.888544,18.973666,19.646883,20.223748,19.104973,18.027756,16.0,13.0,10.198039,8.062258,8.062258,10.198039,13.0,16.0,9.219544,7.615773,6.403124,7.615773,9.219544,12.041595,15.0,16.0,17.0,18.027756,18.11077,17.262677,16.278821,15.524175,14.56022,13.601471,11.401754,11.18034,11.045361,11.045361,12.041595,14.142136,15.297059,17.262677,18.11077,18.027756
hoyeon_stand_normal_01,2724,908,90.80496174863389,29.998360745314464,10,0.5380092263221741,0.6844143867492676,-0.1686882525682449,0.999984323978424,0.5331739187240601,0.6941823363304138,-0.1563730388879776,0.9999554753303528,0.5303347110748291,0.6931539177894592,-0.1563868373632431,0.9999586939811708,0.5277889370918274,0.691805899143219,-0.1564046591520309,0.999961793422699,0.5407771468162537,0.6949449181556702,-0.1555938273668289,0.9999396800994872,0.5431004762649536,0.6948150396347046,-0.1555946767330169,0.9999350905418396,0.5455520749092102,0.6943539381027222,-0.1555802375078201,0.999935269355774,0.5230934023857117,0.6828557252883911,-0.0770390257239341,0.9999390840530396,0.548179030418396,0.6858172416687012,-0.0740968957543373,0.9998536705970764,0.5326274633407593,0.6708988547325134,-0.1386490613222122,0.999980926513672,0.5434315800666809,0.6721039414405823,-0.1377805322408676,0.9999685883522034,0.5034286975860596,0.6064831614494324,-0.0275124106556177,0.9999856352806092,0.5683670043945312,0.6061061024665833,-0.0153070241212844,0.9999123215675354,0.4933713674545288,0.5067834854125977,0.0057133827358484,0.9873912930488586,0.5743854641914368,0.5096811652183533,0.0201024636626243,0.914743185043335,0.4900409281253814,0.4221929907798767,-0.0635855719447135,0.9797847867012024,0.5814446210861206,0.4290310740470886,-0.044578418135643,0.9070516228675842,0.4857475459575653,0.3948618173599243,-0.0865102484822273,0.9592440724372864,0.5848333835601807,0.4010935723781585,-0.0667025074362754,0.8666687607765198,0.4895730912685394,0.3946933150291443,-0.111320286989212,0.9618959426879884,0.5811383128166199,0.4002197980880737,-0.094119593501091,0.8737441301345825,0.4927180707454681,0.4035941660404205,-0.0751350373029708,0.9528504610061646,0.5788597464561462,0.4088320136070251,-0.0572905614972114,0.8650596141815186,0.517697274684906,0.4293065369129181,-0.0059967124834656,0.9997048377990724,0.5588878989219666,0.4289636015892029,0.0059654167853295,0.9995007514953612,0.51865553855896,0.2718307077884674,-0.0330071710050106,0.9635217189788818,0.5610694289207458,0.2708198130130768,-0.0211071800440549,0.917745053768158,0.5258514285087585,0.1242939308285713,0.0618002265691757,0.9629270434379578,0.5537744164466858,0.1258639246225357,0.0761025920510292,0.9158241748809814,0.5285668969154358,0.1078837290406227,0.0648515298962593,0.5960837006568909,0.5513481497764587,0.1106970831751823,0.0795777887105941,0.5850890874862671,0.5276219844818115,0.0775139853358268,-0.0415068119764328,0.9448837637901306,0.5554368495941162,0.0777273625135421,-0.0217645857483148,0.9117965698242188,hoyeon_stand_normal_01,21.095023,23.0,22.090722,20.223748,18.439089,15.297059,11.18034,8.062258,5.09902,3.605551,5.0,7.071068,9.486833,12.649111,14.866069,16.763055,18.973666,19.924859,20.880613,19.646883,18.681542,16.763055,13.416408,10.630146,9.848858,12.041595,15.231546,16.763055,16.278821,16.124515,15.033296,13.0,10.0,7.071068,4.472136,4.472136,6.0,8.062258,10.198039,12.165525,13.038405,15.033296,15.0,16.124515,15.297059,13.341664,10.440307,7.28011,4.123106,4.0,9.219544,13.601471,16.124515,15.811388,15.0,13.453624,13.453624,12.806248,10.816654,10.29563,9.848858,8.246211,8.062258,8.062258,8.544004,8.944272,10.630146,12.041595,14.866069,16.278821,18.384776,19.104973,19.849433,20.0,18.601075,16.643317,14.764823,11.18034,3.605551,1.0,2.0,4.472136,7.81025,9.899495,11.401754,12.529964,13.0,12.369317,11.18034,10.049876,8.062258,6.0,5.09902,3.605551,2.236068,4.123106,6.324555,8.062258,11.18034,13.416408,14.764823,15.652476,16.552945,16.552945,13.319938,13.9330345,14.4330345,14.905694,14.450869,13.7993125,12.7535945,11.6729325,10.8103235,9.29694,7.671184,5.5908915,4.6925825,4.3027755,6.0777535,7.930992,11.240951,13.9820285,17.0586965,19.2422635,21.1184995,21.9157955,21.0891465,20.4319925,18.354649,15.405694,13.78011,14.905694,16.544003500000002,17.029488,16.7477345,16.2487725,14.6336075,12.9849915,10.200877,8.246211,6.854102,5.9907045,6.9596535,7.343420500000001,8.0282305,8.9109345,10.0990195,11.401754,11.401754,12.0254325,11.8855355,11.8855355,11.8855355,11.9137145,10.9078455,11.7216745
hoyeon_stand_normal_01,2727,909,90.90496721311476,29.998360745314464,10,0.5380149483680725,0.6844367384910583,-0.1755878925323486,0.9999848008155824,0.5331832766532898,0.6942530870437622,-0.1631885170936584,0.999956488609314,0.5303447842597961,0.6932414174079895,-0.1632018685340881,0.9999596476554872,0.527800440788269,0.6919092535972595,-0.1632194519042968,0.9999626278877258,0.5407829284667969,0.6949929594993591,-0.1626661419868469,0.9999409317970276,0.5431098341941833,0.69486403465271,-0.162671223282814,0.9999364614486694,0.5455707907676697,0.6943942308425903,-0.1626581102609634,0.999936580657959,0.5231121182441711,0.6828789710998535,-0.0820228904485702,0.9999402761459352,0.5481868386268616,0.685904860496521,-0.0802034363150596,0.9998565316200256,0.5326550602912903,0.6709076762199402,-0.1447575092315673,0.9999815225601196,0.5434524416923523,0.6721129417419434,-0.1442236751317978,0.9999696016311646,0.5034396648406982,0.6065422296524048,-0.0298291742801666,0.999985694885254,0.5684541463851929,0.6060992479324341,-0.0193135067820549,0.9999136924743652,0.4933740794658661,0.506795346736908,0.0046321745030581,0.987454891204834,0.5744890570640564,0.5095851421356201,0.0172140765935182,0.917909562587738,0.4900129437446594,0.4221750795841217,-0.0656416863203048,0.9799195528030396,0.5814597606658936,0.4289232194423675,-0.0486667640507221,0.9099903106689452,0.4857324361801147,0.3948690891265869,-0.0886749699711799,0.9594221711158752,0.5848648548126221,0.4010261595249176,-0.0710427835583686,0.8695372939109802,0.4895574748516083,0.3946866691112518,-0.1140067130327224,0.962089776992798,0.5811684131622314,0.4001444280147552,-0.0989311262965202,0.8766496777534485,0.4927172064781189,0.4035662710666656,-0.0773982107639312,0.9530888199806212,0.5788838863372803,0.4087644815444946,-0.061552707105875,0.8678982853889465,0.5177308917045593,0.4291094541549682,-0.0059268828481435,0.9997097253799438,0.5589330792427063,0.4289070069789886,0.0058961566537618,0.9995117783546448,0.5186606049537659,0.2715805470943451,-0.0321367941796779,0.9638120532035828,0.5609122514724731,0.2708285748958587,-0.0208779443055391,0.9197786450386048,0.525789201259613,0.1240070089697837,0.0642107278108596,0.963370680809021,0.553699791431427,0.1257084012031555,0.0772506073117256,0.9179279804229736,0.528522253036499,0.107512429356575,0.0673383995890617,0.5968402028083801,0.5512489080429077,0.1103675961494445,0.0807840675115585,0.5858629941940308,0.5273648500442505,0.0775055810809135,-0.0399508439004421,0.945340931415558,0.5551016926765442,0.077779471874237,-0.0214990619570016,0.913520872592926,hoyeon_stand_normal_01,14.317821,9.848858,5.830952,7.071068,10.77033,13.892444,16.124515,17.492856,17.492856,17.492856,16.643317,14.422205,13.601471,12.041595,10.0,8.544004,8.0,9.848858,13.453624,17.804494,22.203603,26.627054,30.805844,32.015621,32.649655,30.413813,5.385165,6.0,8.544004,11.661904,14.764823,17.0,18.788294,19.697716,20.248457,19.924859,18.439089,16.278821,13.152946,11.18034,8.062258,5.385165,3.162278,5.385165,9.433981,14.422205,18.867962,22.472205,25.495098,26.925824,26.248809,23.537205,14.422205,14.21267,12.727922,12.806248,11.401754,10.29563,9.848858,9.219544,8.062258,8.0,7.071068,7.615773,7.211103,8.485281,10.630146,12.206556,14.422205,15.811388,18.027756,18.601075,19.209373,19.104973,18.384776,16.278821,13.453624,11.401754,4.0,2.0,1.414214,4.472136,7.211103,9.899495,12.041595,13.038405,13.416408,13.0,12.369317,11.18034,9.055385,7.0,5.0,4.123106,1.414214,3.0,4.472136,7.211103,10.0,12.206556,14.422205,15.264338,15.264338,15.264338,13.038405,14.0,15.033296,14.0,15.0,14.035669,13.152946,12.165525,10.198039,9.219544,7.28011,6.082763,5.0,4.472136,5.656854,8.062258,10.77033,13.0,15.231546,17.464249,19.697716,20.59126,20.248457,19.416488,17.204651,15.0,13.341664,14.56022,16.763055,18.027756,17.088007,16.155494,13.928388,12.649111,10.198039,8.062258,7.071068,6.708204,7.211103,7.81025,8.602325,9.433981,10.816654,10.816654,12.206556,12.206556,12.206556,12.806248,12.206556,12.529964,12.083046,12.369317
hoyeon_stand_normal_01,2730,910,91.00497267759565,29.998360745314464,10,0.5380265712738037,0.6844798922538757,-0.1762484014034271,0.9999852180480956,0.5331989526748657,0.6943308115005493,-0.1638929843902588,0.999957263469696,0.5303610563278198,0.6933357119560242,-0.1639058589935302,0.9999603629112244,0.5278130769729614,0.6920207738876343,-0.1639229655265808,0.9999632835388184,0.5407949090003967,0.6950581073760986,-0.1633511036634445,0.999941885471344,0.5431245565414429,0.6949396729469299,-0.1633572727441787,0.9999375343322754,0.5455858707427979,0.6944613456726074,-0.163345530629158,0.9999375939369202,0.5231263637542725,0.6829150319099426,-0.0826652571558952,0.999941110610962,0.548195481300354,0.6859999895095825,-0.0807910189032554,0.9998584985733032,0.5326647162437439,0.6709423661231995,-0.1453842669725418,0.9999819397926332,0.5434589385986328,0.6721437573432922,-0.1448281109333038,0.9999703764915466,0.5034515857696533,0.6067026257514954,-0.0301659367978572,0.9999857544898988,0.5684983134269714,0.6061158180236816,-0.0197723153978586,0.9999149441719056,0.4933916926383972,0.5069360136985779,0.0042182086035609,0.98746657371521,0.5745675563812256,0.5095791220664978,0.0169976241886615,0.9208443760871888,0.490011066198349,0.4222216308116913,-0.0666745081543922,0.98003488779068,0.5814774036407471,0.4288839399814605,-0.0487645901739597,0.912729263305664,0.4857038557529449,0.3949883878231048,-0.0897065624594688,0.9595959186553956,0.5848987102508545,0.4009953737258911,-0.0710970163345336,0.8722344040870667,0.4895306527614593,0.3947399854660034,-0.115226961672306,0.9622765183448792,0.58118736743927,0.400120735168457,-0.099002867937088,0.8793760538101196,0.4927156269550323,0.4035793244838714,-0.0785180106759071,0.9532989263534546,0.5788969397544861,0.4087412655353546,-0.0616677664220333,0.8705769777297974,0.5177425742149353,0.4290788769721985,-0.0058912453241646,0.9997139573097228,0.5589630007743835,0.428905040025711,0.0058612092398107,0.999522864818573,0.5186658501625061,0.2715835273265838,-0.0318837389349937,0.9641072154045104,0.5608311295509338,0.2708414793014526,-0.0208563897758722,0.9217676520347596,0.5257937908172607,0.1240200027823448,0.0645754858851432,0.9638071060180664,0.5536764860153198,0.125662013888359,0.077255293726921,0.9200739860534668,0.5285249352455139,0.1075235977768898,0.0677089393138885,0.5977848768234253,0.5512273907661438,0.1102859899401664,0.0807972252368927,0.5869941711425781,0.5271809697151184,0.0775031521916389,-0.0397529006004333,0.9458711743354796,0.5550690293312073,0.0777922868728637,-0.0215134602040052,0.9153005480766296,hoyeon_stand_normal_01,14.318564,14.067029,13.509326,12.7496255,12.849351,12.481431,11.7748285,10.2157875,9.0130855,8.246211500000001,8.246211500000001,8.902439000000001,9.462794,9.587075,10.434253,11.035534,11.362887,12.7195445,13.8293165,15.233911,16.3115195,16.6118145,16.398908,15.890285,15.763794999999998,15.3647355,8.5989735,9.7100825,10.6775635,11.038586,11.7686825,11.965859,11.6670175,10.7541085,9.257714,8.736068,9.1529825,9.3064285,9.081908,8.78787,8.5235345,8.603511000000001,8.687474,9.342403,10.6766195,11.874627,12.2200795,11.731363,11.2321245,11.722901,13.245896,14.2426885,15.033296,16.124515,16.124515,15.297059,14.317821,14.866069,14.866069,14.317821,14.764823,13.892444,14.764823,15.264338,15.264338,15.264338,15.264338,13.892444,14.422205,13.038405,11.401754,10.0,9.848858,11.18034,13.038405,15.033296,18.0,19.026298,15.132746,16.492423,17.464249,16.643317,15.620499,12.806248,9.433981,5.830952,2.236068,2.236068,5.09902,7.28011,9.848858,11.18034,12.206556,14.21267,14.866069,14.866069,14.866069,14.21267,14.21267,12.041595,11.401754,10.29563,11.401754,12.041595,13.453624,13.453624,14.866069,14.866069,14.21267,14.21267,13.038405,11.661904,10.29563,8.944272,7.615773,5.830952,5.656854,4.472136,5.0,7.071068,10.440307,12.649111,15.524175,17.464249,19.416488,20.223748,20.099751,19.104973,17.029386,14.0,13.453624,15.620499,16.401219,17.204651,17.204651,16.643317,15.264338,13.601471,11.401754,9.899495,8.602325,7.615773,7.071068,7.0,8.062258,9.219544,10.198039,11.18034,12.165525,12.165525,12.165525,12.165525,12.369317,11.7047,11.7047,11.661904
hoyeon_stand_normal_01,2733,911,91.1049781420765,29.998360745314464,10,0.5380374789237976,0.6844577789306641,-0.1827860474586486,0.9999855756759644,0.5332096815109253,0.6943375468254089,-0.170823648571968,0.9999578595161438,0.5303786396980286,0.6933497786521912,-0.1708344966173172,0.999960958957672,0.5278226733207703,0.6920433044433594,-0.1708513349294662,0.9999638199806212,0.5408052802085876,0.6950584650039673,-0.1701992899179458,0.9999426007270812,0.5431411266326904,0.6949397921562195,-0.170206606388092,0.9999383687973022,0.5456089377403259,0.6944612860679626,-0.1701951175928115,0.9999383091926576,0.5231554508209229,0.6829280853271484,-0.0899508967995643,0.9999419450759888,0.5482076406478882,0.6860201954841614,-0.0876038894057273,0.9998599886894226,0.5326998233795166,0.6709365844726562,-0.151881456375122,0.9999823570251464,0.5434780120849609,0.6721250414848328,-0.1512111127376556,0.999971091747284,0.503465473651886,0.6069261431694031,-0.0361550599336624,0.9999858736991882,0.5685576796531677,0.6061645746231079,-0.0251608323305845,0.999916136264801,0.4933964014053345,0.5071020722389221,-0.0005748505936935,0.9875979423522948,0.5746280550956726,0.509568989276886,0.0122649734839797,0.9237414002418518,0.4900131821632385,0.4222760498523712,-0.0709531381726265,0.980294406414032,0.5814906358718872,0.4288011193275451,-0.0531953573226928,0.91534024477005,0.4856888651847839,0.3950729072093963,-0.0938135311007499,0.9599788188934326,0.584933340549469,0.400930106639862,-0.0753882899880409,0.874777615070343,0.4895143508911133,0.3947764933109283,-0.1195052042603492,0.96266108751297,0.5812293291091919,0.4000464975833893,-0.1033087745308876,0.8819252848625183,0.4927219152450561,0.403590440750122,-0.0828110799193382,0.9537693858146667,0.5789320468902588,0.4086728692054748,-0.0660734251141548,0.8730860352516174,0.5178166627883911,0.4290720224380493,-0.0058812727220356,0.9997169375419616,0.5590078830718994,0.4289090037345886,0.0058509497903287,0.999531090259552,0.5186883211135864,0.2715394496917724,-0.0313561968505382,0.9644315242767334,0.560745894908905,0.2708494961261749,-0.02027971111238,0.9238523840904236,0.5257360339164734,0.124093122780323,0.0655305087566375,0.9642456769943236,0.5535997748374939,0.1256641745567321,0.0777918398380279,0.9221199750900269,0.5284804701805115,0.1076572686433792,0.0686986818909645,0.5990756750106812,0.5511650443077087,0.1102875098586082,0.0813373699784278,0.5883883237838745,0.5268048048019409,0.0774761959910392,-0.038916490972042,0.9464179873466492,0.5547199249267578,0.0778398886322975,-0.0213727727532386,0.9170129299163818,hoyeon_stand_normal_01,21.095023,23.0,23.021729,21.213203,18.439089,16.492423,12.165525,9.055385,7.071068,6.403124,6.708204,8.246211,11.045361,13.038405,16.0,17.029386,20.024984,21.095023,22.203603,21.213203,20.223748,18.11077,15.0,11.401754,10.816654,12.206556,15.0,16.278821,17.029386,16.401219,15.264338,13.416408,11.18034,8.062258,5.656854,5.385165,5.09902,7.615773,9.848858,11.18034,13.0,13.928388,14.56022,15.297059,14.035669,13.038405,11.0,8.062258,5.385165,6.082763,10.198039,14.317821,14.142136,16.03122,16.03122,16.03122,15.0,15.033296,15.132746,14.317821,14.56022,14.866069,14.866069,15.231546,15.231546,15.231546,15.231546,14.866069,14.317821,13.416408,11.661904,10.630146,10.816654,12.649111,14.317821,16.124515,18.248288,19.416488,13.601471,14.866069,16.401219,17.0,14.866069,12.165525,10.0,6.082763,2.236068,1.0,4.123106,6.708204,8.602325,10.630146,11.401754,13.038405,13.416408,14.317821,13.928388,13.601471,12.649111,10.77033,9.433981,8.485281,9.848858,11.401754,14.866069,14.21267,12.041595,10.0,9.848858,9.486833,10.049876,11.045361,12.041595,13.038405,14.142136,16.492423,16.763055,17.464249,18.027756,17.804494,17.029386,15.556349,13.453624,10.630146,7.211103,6.0,7.211103,10.630146,13.601471,16.401219,10.0,8.062258,7.28011,7.071068,8.602325,10.630146,14.142136,15.556349,17.691806,18.439089,17.804494,17.204651,16.643317,15.264338,13.892444,12.083046,11.18034,10.29563,10.0,10.630146,10.630146,12.806248,13.601471,15.811388,16.401219,17.029386
hoyeon_stand_normal_01,2736,912,91.20498360655738,29.998360745314464,10,0.5380486249923706,0.6844416856765747,-0.1591506004333496,0.9999857544898988,0.5332257747650146,0.6943439245223999,-0.1465460956096649,0.9999578595161438,0.5303968191146851,0.6933610439300537,-0.1465606987476349,0.9999608993530272,0.5278337597846985,0.6920604109764099,-0.146577700972557,0.9999637603759766,0.5408180952072144,0.6950604319572449,-0.1460817903280258,0.9999424815177916,0.5431566834449768,0.6949450373649597,-0.146083191037178,0.9999382495880128,0.54562908411026,0.6944679021835327,-0.1460710614919662,0.9999382495880128,0.5231643915176392,0.6829321980476379,-0.0665361806750297,0.9999412894248962,0.5482150912284851,0.6860621571540833,-0.0647782310843467,0.9998593926429749,0.5327109098434448,0.6709359884262085,-0.128833532333374,0.9999823570251464,0.5434947609901428,0.6721134185791016,-0.1283234506845474,0.999971330165863,0.5034740567207336,0.6071332693099976,-0.0174427460879087,0.9999860525131226,0.5685970187187195,0.6063019633293152,-0.0096423923969268,0.9999169111251832,0.4934022724628448,0.5072507858276367,0.0125031936913728,0.987491011619568,0.5747188329696655,0.5095708966255188,0.0226426534354686,0.9257726669311525,0.4900146424770355,0.4223860204219818,-0.0588576979935169,0.9804332852363586,0.58149254322052,0.4287644624710083,-0.0422976501286029,0.9174367189407348,0.4856862127780914,0.3951370120048523,-0.0822960063815116,0.9602503180503844,0.5849605798721313,0.4008448421955108,-0.0650673359632492,0.8768871426582336,0.4895212352275848,0.394847571849823,-0.1068780049681663,0.9629161953926086,0.5812680721282959,0.3999624252319336,-0.0924822613596916,0.8840071558952332,0.4927344918251037,0.4036370813846588,-0.0704526603221893,0.9540359973907472,0.5789621472358704,0.4086176455020904,-0.0550488457083702,0.8750798106193542,0.5178354382514954,0.4287919402122497,-0.0052971397526562,0.9997259974479676,0.5590780377388,0.428750991821289,0.0052705095149576,0.9995469450950624,0.518568754196167,0.2709259688854217,-0.0307826865464448,0.9651215076446532,0.5605699419975281,0.2705821990966797,-0.0205787606537342,0.9259083271026612,0.5255799293518066,0.1239679008722305,0.0659316927194595,0.965045154094696,0.5535619854927063,0.12558314204216,0.0781102180480957,0.92454731464386,0.5284326672554016,0.1072103530168533,0.0691374242305755,0.6025160551071167,0.5511459708213806,0.1100501790642738,0.0817719176411628,0.5902761816978455,0.5264652371406555,0.0768749415874481,-0.0381219834089279,0.9474576115608216,0.5546348094940186,0.077846422791481,-0.0207374114543199,0.9192510843276978,hoyeon_stand_normal_01,11.18034,8.062258,5.830952,5.0,7.28011,8.944272,9.433981,10.816654,10.816654,10.816654,10.816654,10.0,8.602325,7.81025,7.071068,5.830952,6.0,7.28011,8.602325,12.041595,15.556349,18.384776,21.213203,22.671568,22.803509,21.633308,5.0,5.385165,6.403124,7.81025,10.0,11.401754,12.806248,13.453624,14.142136,13.453624,12.806248,12.206556,10.816654,9.433981,7.211103,5.656854,3.162278,4.123106,6.403124,8.485281,12.041595,14.866069,17.029386,18.027756,18.35756,16.552945,16.124515,17.492856,17.492856,16.643317,17.204651,16.401219,16.278821,15.556349,15.620499,15.0,15.811388,15.811388,15.811388,15.811388,15.811388,15.811388,15.264338,13.892444,13.0,12.369317,12.0,13.341664,15.811388,17.464249,18.384776,20.248457,15.132746,17.029386,17.464249,17.088007,16.124515,14.21267,10.630146,6.708204,3.162278,1.414214,4.123106,8.062258,10.0,12.165525,13.341664,14.866069,15.231546,16.124515,15.811388,14.422205,13.601471,11.661904,10.77033,10.198039,11.045361,12.649111,16.552945,14.764823,13.416408,11.7047,10.198039,10.0,10.198039,11.18034,13.341664,14.142136,15.132746,16.0,17.029386,18.248288,18.681542,18.973666,17.888544,17.0,13.892444,11.18034,8.544004,6.082763,7.81025,10.816654,13.892444,17.0,9.486833,8.246211,7.071068,7.211103,8.602325,12.529964,14.764823,17.0,18.35756,18.027756,18.601075,17.804494,16.278821,15.556349,14.142136,12.727922,11.313708,11.401754,10.816654,11.18034,12.083046,13.928388,14.866069,15.811388,17.088007,17.464249
hoyeon_stand_normal_01,2739,913,91.30498907103824,29.998360745314464,10,0.5380561351776123,0.684420645236969,-0.1619149595499038,0.9999860525131226,0.5332385897636414,0.6943458318710327,-0.1494597047567367,0.999958336353302,0.53041011095047,0.6933642625808716,-0.1494733393192291,0.9999613165855408,0.5278422236442566,0.6920651793479919,-0.1494908481836319,0.99996417760849,0.5408286452293396,0.6950617432594299,-0.1489637643098831,0.9999430775642396,0.5431702136993408,0.6949530243873596,-0.1489658206701278,0.9999389052391052,0.5456526875495911,0.6944822669029236,-0.1489531993865966,0.9999389052391052,0.5231737494468689,0.6829373836517334,-0.0691949799656868,0.9999416470527648,0.5482345819473267,0.6861414313316345,-0.0673093795776367,0.9998607635498048,0.532734751701355,0.6709242463111877,-0.1314142048358917,0.9999826550483704,0.5435007214546204,0.6721037030220032,-0.1308766454458236,0.999971866607666,0.503545343875885,0.6074401140213013,-0.0191131196916103,0.9999862909317015,0.5686284303665161,0.606391966342926,-0.0101695256307721,0.9999184608459472,0.4934045374393463,0.5075849890708923,0.0122597776353359,0.9874561429023744,0.5747801661491394,0.5095658302307129,0.0234356857836246,0.9277105927467346,0.4900142848491668,0.4225015044212341,-0.0589527897536754,0.9805493950843812,0.5814979076385498,0.4287085831165313,-0.0418620519340038,0.9194796085357666,0.4856749176979065,0.3952111005783081,-0.0823047682642936,0.9604609608650208,0.5849696397781372,0.4007763564586639,-0.0645864531397819,0.8790289759635925,0.4895206987857818,0.3949238955974579,-0.1070816814899444,0.9631182551383972,0.5813127756118774,0.3999130725860595,-0.0922498032450676,0.8861274123191833,0.4927418828010559,0.4036713242530823,-0.0705926865339279,0.954233944416046,0.5790154337882996,0.4085736274719238,-0.0547197498381137,0.8771211504936218,0.5178428292274475,0.4287472367286682,-0.0052454164251685,0.9997348189353944,0.5590970516204834,0.4286702871322632,0.0052187233231961,0.9995623826980592,0.5185366868972778,0.2703657150268554,-0.0304308775812387,0.965907633304596,0.5605095028877258,0.2702793478965759,-0.0205141380429267,0.9280399084091188,0.5253930687904358,0.1233742162585258,0.0657821595668792,0.9659615755081176,0.553506076335907,0.1254233866930008,0.0789641216397285,0.926904022693634,0.5283491015434265,0.1063048392534256,0.0689635127782821,0.6060829162597656,0.5510553121566772,0.1096680536866188,0.0826996266841888,0.5930715799331665,0.5263672471046448,0.0762578025460243,-0.0382163785398006,0.9486839771270752,0.5544949173927307,0.0777805373072624,-0.019525134935975,0.9215027689933776,hoyeon_stand_normal_01,20.518285,21.931712,22.022716,20.248457,18.35756,14.764823,11.661904,8.602325,5.830952,6.0,7.28011,8.944272,10.816654,13.601471,15.0,17.804494,19.209373,20.808652,21.633308,21.095023,19.723083,17.204651,14.21267,12.206556,11.401754,14.0,14.56022,16.124515,16.0,16.03122,15.132746,13.341664,11.401754,8.246211,6.0,4.472136,5.0,7.615773,8.544004,10.77033,12.083046,13.416408,13.892444,14.422205,14.21267,13.453624,11.313708,7.81025,5.385165,5.830952,10.0,13.601471,14.866069,14.866069,12.806248,13.038405,12.083046,10.77033,10.198039,10.049876,9.0,8.062258,8.544004,8.062258,9.219544,9.219544,10.816654,12.529964,14.764823,17.0,18.35756,19.235384,19.723083,20.248457,19.416488,17.204651,15.620499,12.806248,5.09902,3.162278,1.414214,4.123106,6.708204,9.219544,11.313708,12.806248,13.038405,13.0,11.401754,10.198039,9.055385,7.0,5.0,3.0,1.414214,2.828427,5.0,7.81025,10.630146,12.727922,14.866069,16.278821,17.029386,17.029386,12.529964,13.416408,13.892444,14.764823,14.764823,13.892444,13.038405,11.401754,10.0,8.602325,7.211103,5.830952,5.09902,5.09902,6.708204,9.219544,12.041595,14.142136,17.029386,19.209373,20.615528,21.633308,21.095023,19.723083,18.35756,14.764823,12.041595,14.21267,15.811388,16.643317,16.643317,15.811388,13.892444,12.206556,10.0,7.071068,5.830952,5.09902,6.082763,6.324555,6.708204,8.944272,9.433981,10.29563,10.29563,11.18034,12.083046,11.18034,11.661904,10.816654,11.401754,10.630146
hoyeon_stand_normal_01,2742,914,91.40499453551912,29.998360745314464,10,0.5380639433860779,0.6844294667243958,-0.1636525690555572,0.9999864101409912,0.5332489609718323,0.6943634748458862,-0.1509942561388015,0.9999590516090392,0.5304191708564758,0.693385660648346,-0.1510052382946014,0.9999619722366332,0.5278472900390625,0.6920912861824036,-0.1510210782289505,0.9999647736549376,0.5408344268798828,0.6950806975364685,-0.1507515013217926,0.999944031238556,0.5431734919548035,0.6949886679649353,-0.150754690170288,0.9999399781227112,0.545669674873352,0.6945277452468872,-0.1507399678230285,0.9999399781227112,0.5231791734695435,0.6829462647438049,-0.0697043910622596,0.9999424815177916,0.548252284526825,0.6862500309944153,-0.0682173147797584,0.9998630285263062,0.5327427983283997,0.6709319949150085,-0.1324615627527237,0.9999830722808838,0.5435181856155396,0.6721164584159851,-0.1322411298751831,0.9999725818634032,0.5035807490348816,0.6076611280441284,-0.02046968229115,0.999986469745636,0.5686343312263489,0.6064913272857666,-0.0103908143937587,0.9999201893806458,0.4934071004390716,0.5078054070472717,0.0115508381277322,0.9875333309173584,0.5748016238212585,0.5096269249916077,0.023384440690279,0.9298964738845824,0.4900140166282654,0.4226105511188507,-0.0606581680476665,0.980747938156128,0.5815133452415466,0.4286966621875763,-0.0429315939545631,0.9217257499694824,0.4856545031070709,0.3952689468860626,-0.0843803584575653,0.9607873558998108,0.584990918636322,0.4007548093795776,-0.0659696534276008,0.8814412951469421,0.489522784948349,0.3949855268001556,-0.1096306592226028,0.9634323120117188,0.58137446641922,0.3998944163322449,-0.0940035283565521,0.8885151147842407,0.4927495121955871,0.40369912981987,-0.0725349336862564,0.9545694589614868,0.5790844559669495,0.4085555970668793,-0.0559749789535999,0.8794801235198975,0.5178688764572144,0.4287523031234741,-0.0052562304772436,0.9997407793998718,0.5591048002243042,0.4286708831787109,0.0052293860353529,0.999574899673462,0.5185253620147705,0.2703376114368438,-0.0303148236125707,0.9667733311653136,0.5604962706565857,0.2702904939651489,-0.0202360320836305,0.930328905582428,0.5253976583480835,0.1233512759208679,0.0660382136702537,0.966873049736023,0.5535048842430115,0.1254259496927261,0.0795588418841362,0.9294106960296632,0.5283492207527161,0.1063242331147193,0.0691914185881614,0.609469473361969,0.5510409474372864,0.1096676737070083,0.0832477137446403,0.5972656607627869,0.5263254046440125,0.0761180073022842,-0.0383162759244442,0.9499174356460572,0.5545227527618408,0.0777828320860862,-0.0193096604198217,0.9238669276237488,hoyeon_stand_normal_01,17.804494,19.416488,19.235384,17.888544,16.155494,13.601471,10.440307,7.615773,5.0,4.472136,5.09902,6.324555,8.944272,11.18034,13.038405,14.764823,17.0,18.788294,18.384776,18.973666,17.088007,14.866069,13.0,10.630146,10.29563,12.369317,14.56022,15.297059,16.03122,16.0,15.033296,13.152946,11.18034,9.055385,7.0,6.082763,5.0,7.211103,8.062258,10.29563,11.18034,12.529964,13.601471,14.21267,14.142136,13.453624,11.401754,9.219544,5.830952,5.0,7.211103,11.313708,15.921304,15.8102495,14.587716,12.979597,12.2879365,11.44252,10.975335,9.3267625,9.1374645,9.109772,8.062258,8.0798885,8.640901,9.609772,10.8377535,12.679751,15.030941,16.693596,17.9659725,19.051673,19.545855,19.7581195,18.813686500000003,16.7153025,14.606335,11.315073,4.736068,2.699173,1.2071070000000002,3.8643285,6.767829,9.5595195,12.103278,13.4654245,13.170832,13.3007355,12.1242855,10.6704955,8.8011625,6.701562,5.0,2.699173,1.2071070000000002,3.3027755,6.201562,8.3011625,11.200877,13.8007355,15.921304,17.3050495,18.069263,17.801813,16.401219,14.21267,12.206556,11.661904,9.848858,9.219544,10.049876,11.0,12.0,13.0,14.035669,16.278821,16.492423,17.464249,18.35756,18.027756,17.029386,16.278821,14.142136,11.313708,8.602325,6.082763,7.615773,9.899495,13.453624,16.278821,9.848858,8.544004,7.0,6.324555,7.81025,10.630146,13.038405,15.811388,17.204651,17.804494,17.691806,16.970563,16.278821,15.0,13.601471,12.206556,11.401754,10.630146,10.630146,10.630146,11.401754,13.038405,13.892444,16.124515,16.643317,17.204651
hoyeon_stand_normal_01,2745,915,91.505,29.998360745314464,10,0.5380633473396301,0.6844301223754883,-0.1652811616659164,0.9999867081642152,0.5332574248313904,0.6943656206130981,-0.1527760177850723,0.9999597072601318,0.5304310321807861,0.6933889389038086,-0.1527874022722244,0.999962568283081,0.5278549790382385,0.6920970678329468,-0.1528038531541824,0.9999653697013856,0.5408324003219604,0.6950879693031311,-0.1523970812559127,0.9999449253082277,0.543163537979126,0.6950105428695679,-0.1524004787206649,0.9999409317970276,0.5456755757331848,0.6945613622665405,-0.1523866206407547,0.9999409914016724,0.5231911540031433,0.6829515695571899,-0.0719039812684059,0.9999432563781738,0.5482668280601501,0.6863329410552979,-0.0700689628720283,0.999865174293518,0.5327563881874084,0.670932948589325,-0.1343529522418975,0.9999833703041076,0.5435332655906677,0.6721184849739075,-0.1339645981788635,0.9999731183052064,0.5036136507987976,0.6077869534492493,-0.0218451917171478,0.9999867081642152,0.5686455965042114,0.6066104173660278,-0.0115808518603444,0.9999215602874756,0.4934174120426178,0.5079360604286194,0.010659416206181,0.9875984191894532,0.5748233199119568,0.5096912980079651,0.0228886622935533,0.9316254258155824,0.4900153875350952,0.4227502942085266,-0.0608219020068645,0.9809750318527222,0.5815345048904419,0.4286828637123108,-0.0429480522871017,0.9234943389892578,0.4856525659561157,0.3953841626644134,-0.0842654481530189,0.9611796736717224,0.585002064704895,0.4007302522659302,-0.0657364651560783,0.8832458257675171,0.4895268380641937,0.39510178565979,-0.1094604805111885,0.9638002514839172,0.5813859105110168,0.39986053109169,-0.0937374830245971,0.8902994990348816,0.4927548170089721,0.4037633836269378,-0.0726201832294464,0.9549728631973268,0.579106330871582,0.4085344970226288,-0.055940143764019,0.8812335133552551,0.51788330078125,0.42876797914505,-0.0052647041156888,0.9997471570968628,0.5591172575950623,0.4286726415157318,0.0052375798113644,0.999586582183838,0.518507182598114,0.2702581584453583,-0.0301024001091718,0.9672937989234924,0.5604950785636902,0.2702952623367309,-0.0202461685985326,0.9316542744636536,0.5254021883010864,0.1232347413897514,0.0659951865673065,0.9673709869384766,0.5535027384757996,0.1254376173019409,0.0795894041657447,0.9307321906089784,0.5283493995666504,0.1062298491597175,0.069095455110073,0.6101088523864746,0.5510196685791016,0.1096687540411949,0.0833036005496978,0.5978825688362122,0.5262874364852905,0.0760321542620658,-0.0384047403931617,0.9504990577697754,0.5546045899391174,0.077793188393116,-0.0188510883599519,0.925059974193573,hoyeon_stand_normal_01,16.278821,18.681542,18.027756,17.888544,15.652476,12.529964,9.848858,7.615773,6.082763,5.385165,5.656854,7.211103,8.944272,11.18034,13.0,14.317821,16.552945,17.888544,18.35756,17.492856,16.643317,15.264338,12.529964,10.198039,9.055385,11.18034,12.041595,12.727922,14.21267,13.892444,12.529964,10.77033,9.486833,6.708204,5.0,4.472136,5.0,6.082763,7.28011,8.246211,10.198039,11.18034,12.041595,13.0,12.041595,11.045361,9.219544,7.071068,5.09902,5.0,8.062258,11.045361,16.124515,15.297059,13.601471,13.0,11.18034,10.816654,10.0,9.219544,8.602325,8.062258,7.28011,7.071068,8.062258,9.219544,9.848858,11.661904,13.892444,15.811388,16.643317,18.35756,19.235384,19.235384,17.888544,16.155494,13.928388,11.7047,4.472136,1.414214,1.414214,4.242641,8.062258,10.77033,12.369317,14.142136,14.0,14.035669,13.152946,11.401754,9.486833,7.615773,5.385165,4.0,2.236068,3.0,6.082763,8.246211,11.18034,13.152946,15.132746,17.117243,18.11077,17.117243,16.03122,15.0,13.038405,11.18034,10.440307,9.848858,10.0,10.630146,12.041595,13.453624,15.0,16.643317,17.0,17.088007,17.720045,18.248288,18.11077,16.03122,14.0,11.0,8.246211,5.830952,6.324555,10.0,12.041595,15.132746,10.198039,8.544004,7.211103,8.062258,9.219544,12.041595,14.035669,16.03122,18.0,19.026298,19.026298,18.248288,17.262677,16.492423,14.56022,13.601471,12.369317,11.18034,11.18034,12.0,12.041595,14.142136,15.297059,16.278821,17.262677,17.262677
hoyeon_stand_normal_01,2748,916,91.60500546448088,29.998360745314464,10,0.5380553603172302,0.6844759583473206,-0.1660028100013733,0.9999869465827942,0.5332633852958679,0.6943910717964172,-0.1535395979881286,0.9999602437019348,0.5304404497146606,0.6934102177619934,-0.1535511463880539,0.999963104724884,0.5278612375259399,0.6921166181564331,-0.1535681039094925,0.9999658465385436,0.5408262014389038,0.6951283812522888,-0.1531227976083755,0.99994558095932,0.5431479811668396,0.6950728893280029,-0.1531261354684829,0.9999416470527648,0.5456722974777222,0.6946370005607605,-0.1531123220920562,0.9999417066574096,0.5232051610946655,0.6829574108123779,-0.0727776736021041,0.9999439120292664,0.54827880859375,0.6864424347877502,-0.0709781572222709,0.999866545200348,0.5327638387680054,0.67097008228302,-0.1351879090070724,0.9999836087226868,0.5435426235198975,0.67216557264328,-0.1347550600767135,0.9999735355377196,0.5036224722862244,0.6078479886054993,-0.0225019231438636,0.9999868869781494,0.568655252456665,0.6066687107086182,-0.0121522108092904,0.9999223351478576,0.4934263527393341,0.5079957246780396,0.010027595795691,0.9876222014427184,0.5748586058616638,0.5098307728767395,0.0227091535925865,0.933016836643219,0.4900192320346832,0.4228671491146087,-0.0609147287905216,0.98110830783844,0.5815592408180237,0.4286685883998871,-0.0426508262753486,0.9247051477432252,0.4856533706188202,0.3954806625843048,-0.0844128876924514,0.9613984823226928,0.5850127339363098,0.4007124304771423,-0.0652670040726661,0.8842986822128296,0.4895339906215668,0.3951805531978607,-0.1095911413431167,0.9640053510665894,0.581405758857727,0.3998461663722992,-0.0932152941823005,0.8913851380348206,0.4927639961242676,0.4038047790527344,-0.0726918503642082,0.955174684524536,0.5791351795196533,0.4085204303264618,-0.0556187406182289,0.8822810053825378,0.5179391503334045,0.4288337528705597,-0.005258176010102,0.9997527003288268,0.5591433048248291,0.4287222027778625,0.0052307983860373,0.9995971322059632,0.5184645056724548,0.2704683840274811,-0.0301283057779073,0.9678457379341124,0.5604957342147827,0.2704904973506927,-0.0202854704111814,0.9331812858581544,0.5253967046737671,0.1232466772198677,0.0649443641304969,0.9680167436599731,0.5534931421279907,0.1255078464746475,0.0792387202382087,0.9324090480804444,0.5283491611480713,0.1062463745474815,0.0678758919239044,0.6123925447463989,0.5509873032569885,0.1096613481640815,0.0829010307788848,0.5998939275741577,0.5262501239776611,0.075821466743946,-0.0398079194128513,0.9513423442840576,0.5546483397483826,0.0777885317802429,-0.0190555043518543,0.9266295433044434,hoyeon_stand_normal_01,19.849433,22.203603,21.954498,20.124612,18.384776,15.231546,12.083046,9.433981,7.071068,5.385165,7.0,8.246211,9.848858,12.529964,14.764823,16.124515,18.35756,20.124612,21.023796,20.615528,19.313208,16.552945,13.892444,11.401754,10.29563,12.165525,14.56022,16.278821,17.029386,16.03122,15.132746,13.341664,11.18034,8.062258,6.082763,5.830952,6.403124,8.062258,9.848858,10.77033,13.0,13.416408,14.422205,15.0,14.866069,14.142136,11.313708,9.219544,6.324555,6.324555,10.0,14.142136,18.11077,16.278821,15.524175,13.0,12.529964,12.206556,11.313708,10.0,9.433981,8.544004,8.246211,9.0,9.219544,10.77033,12.529964,13.892444,15.811388,18.867962,20.248457,21.095023,21.954498,21.470911,20.124612,18.788294,16.155494,13.0,5.830952,3.162278,1.0,4.472136,8.544004,11.7047,14.317821,16.03122,16.03122,16.278821,15.524175,13.928388,12.083046,8.944272,6.708204,4.472136,2.0,2.0,5.09902,8.246211,11.401754,14.317821,17.117243,19.104973,20.024984,20.099751,16.124515,15.297059,13.341664,11.401754,11.18034,10.816654,10.630146,11.313708,13.453624,14.142136,15.620499,16.643317,17.0,18.384776,18.681542,19.416488,18.11077,17.029386,15.033296,12.041595,9.219544,7.211103,7.615773,10.198039,13.038405,16.0,10.29563,8.602325,7.211103,7.28011,9.0,12.165525,14.56022,16.492423,17.464249,18.248288,18.11077,18.027756,17.0,16.03122,15.033296,13.038405,12.041595,12.041595,12.041595,11.18034,12.369317,13.601471,14.56022,16.763055,17.464249,17.464249
hoyeon_stand_normal_01,2751,917,91.70501092896174,29.998360745314464,10,0.5380547046661377,0.6845754981040955,-0.1659680902957916,0.9999871253967284,0.5332686305046082,0.6944674849510193,-0.1534881442785263,0.9999605417251588,0.5304482579231262,0.6934919357299805,-0.1535004675388336,0.999963402748108,0.527866542339325,0.6922113299369812,-0.1535176634788513,0.9999660849571228,0.5408223271369934,0.6952491998672485,-0.1530421674251556,0.9999459385871888,0.5431373715400696,0.6952446699142456,-0.153045505285263,0.9999420642852784,0.5456660389900208,0.694854736328125,-0.1530319154262542,0.9999421238899232,0.523215651512146,0.6830020546913147,-0.0727171450853347,0.9999441504478456,0.5482887625694275,0.6867368817329407,-0.0708981305360794,0.9998674392700196,0.5327712893486023,0.6710740327835083,-0.1352048069238662,0.9999837875366212,0.543552041053772,0.6723130345344543,-0.1347322613000869,0.9999738931655884,0.5036433339118958,0.6079412698745728,-0.0224015414714813,0.999987006187439,0.5686667561531067,0.6067703366279602,-0.0118083031848073,0.999923050403595,0.4934290051460266,0.508061408996582,0.0099384067580103,0.987619161605835,0.5748737454414368,0.5099077224731445,0.0232653226703405,0.9341822266578674,0.4900206327438354,0.4229342639446258,-0.0611731745302677,0.981192708015442,0.5815653204917908,0.4286567568778991,-0.0424612239003181,0.9259923696517944,0.4856540858745575,0.3955542147159576,-0.0845878794789314,0.9615626335144044,0.5850270390510559,0.4006978869438171,-0.0650775730609893,0.8856174945831299,0.4895379245281219,0.3952247500419616,-0.109749898314476,0.9641574621200562,0.5814144611358643,0.3998348414897918,-0.0930506736040115,0.8927059769630432,0.4927700161933899,0.4038236439228058,-0.0729311928153038,0.9553239941596984,0.5791571736335754,0.4085109233856201,-0.0554416142404079,0.8835974931716919,0.5179653167724609,0.4286994040012359,-0.0052715693600475,0.9997574687004088,0.5591768026351929,0.4286758601665497,0.0052441144362092,0.9996057152748108,0.5184484720230103,0.269989937543869,-0.0300888065248727,0.968460202217102,0.560494065284729,0.2704624533653259,-0.0202971454709768,0.9345667362213136,0.5253273248672485,0.1229201704263687,0.0656986534595489,0.9685774445533752,0.553469717502594,0.1255338490009308,0.0806588605046272,0.9336791634559632,0.5281978845596313,0.1059718579053878,0.0687557607889175,0.6135527491569519,0.5509027242660522,0.1096564009785652,0.0845861062407493,0.6012539863586426,0.5262117385864258,0.0756539106369018,-0.0389646776020526,0.9519603252410888,0.5546548962593079,0.0777806788682937,-0.0169310439378023,0.9277658462524414,hoyeon_stand_normal_01,17.117243,18.439089,18.681542,17.088007,15.231546,13.416408,11.18034,8.544004,6.082763,5.09902,5.0,6.403124,8.062258,9.848858,11.7047,13.928388,14.866069,17.088007,17.464249,17.888544,16.124515,14.764823,12.083046,10.198039,9.219544,10.29563,13.416408,15.264338,15.0,14.866069,13.453624,12.041595,10.0,7.81025,6.403124,5.385165,6.0,7.28011,8.544004,9.848858,11.7047,12.649111,13.341664,13.152946,14.035669,12.0,11.0,9.0,6.324555,5.656854,7.28011,11.045361,16.763055,15.524175,14.317821,13.038405,12.0,11.045361,10.198039,9.486833,8.944272,8.602325,7.071068,7.211103,7.615773,9.219544,11.045361,12.041595,14.0,16.0,17.0,18.027756,19.026298,18.027756,18.11077,16.278821,14.317821,11.18034,5.0,2.236068,1.414214,4.123106,8.062258,10.0,12.165525,13.601471,13.928388,13.892444,13.038405,11.401754,9.219544,7.071068,5.656854,3.605551,2.236068,3.605551,5.385165,8.246211,11.401754,13.601471,15.811388,17.088007,18.027756,18.384776,14.0532435,13.7469575,13.545092,12.8413615,12.2298575,11.875901,11.500902,11.4679275,10.877288,11.0276925,11.4135405,10.6735505,10.893192,11.345903,11.5948295,13.1369835,13.8454475,14.3454405,14.066373,14.645554999999998,13.3137955,13.0003465,13.6024845,14.634648,15.063206,14.596363,11.818647,11.949692,12.164172999999998,12.590919,13.1784905,13.943786499999998,14.224852,14.402711,14.322294499999998,13.80216,12.8911515,11.9336865,11.744962,11.456416,11.194173500000002,11.1289745,10.6217,11.18034,11.404812,11.5698235,12.0156105,13.1900345,12.703861,13.988456500000002,14.342456,14.083054999999998
hoyeon_stand_normal_01,2754,918,91.80501639344264,29.998360745314464,10,0.5380619168281555,0.6846436858177185,-0.1838245242834091,0.9999874234199524,0.5332850813865662,0.6945217847824097,-0.1717519462108612,0.999961256980896,0.5304731130599976,0.6935545206069946,-0.1717604249715805,0.9999640583992004,0.5278849005699158,0.6922808885574341,-0.1717772483825683,0.9999666810035706,0.540824294090271,0.6953262090682983,-0.1711475402116775,0.9999468922615052,0.5431398153305054,0.6953476667404175,-0.1711539179086685,0.9999431371688844,0.5456715822219849,0.6949789524078369,-0.171140506863594,0.9999431371688844,0.5232331156730652,0.6830320954322815,-0.0903472974896431,0.9999452829360962,0.5482959747314453,0.6869467496871948,-0.0879126563668251,0.999869704246521,0.5328014492988586,0.6711481213569641,-0.152682363986969,0.9999842047691344,0.5435616374015808,0.6724159121513367,-0.1520181000232696,0.9999745488166808,0.5036711096763611,0.6079846620559692,-0.0364053510129451,0.9999870657920836,0.5686794519424438,0.6068814992904663,-0.0237252991646528,0.9999240636825562,0.493439644575119,0.5080863237380981,0.000498492619954,0.9877485036849976,0.5748891234397888,0.5099305510520935,0.0149797387421131,0.9356235265731812,0.4900352358818054,0.4229642152786255,-0.0691827163100242,0.9812971949577332,0.5816117525100708,0.4286420941352844,-0.051426563411951,0.9273352026939392,0.4856584370136261,0.3956139981746673,-0.0918321162462234,0.9617028832435608,0.5850676894187927,0.4006914794445038,-0.0737752765417099,0.8869479894638062,0.4895405769348144,0.3952493071556091,-0.1177877709269523,0.9642987251281738,0.5814772248268127,0.3998247981071472,-0.1020169630646705,0.8940541744232178,0.4927763342857361,0.4038364291191101,-0.0810801908373832,0.9554920792579652,0.5792232155799866,0.4085052609443664,-0.0644780695438385,0.8849490284919739,0.5180354714393616,0.4287363588809967,-0.005530240945518,0.999758780002594,0.5591840744018555,0.4287834167480469,0.0054982700385153,0.9996099472045898,0.5184924006462097,0.2700212895870209,-0.0302310828119516,0.9690101742744446,0.5605747103691101,0.2706872820854187,-0.0198186356574296,0.9361467957496644,0.5253288149833679,0.12327890843153,0.0665628239512443,0.9691288471221924,0.5534514784812927,0.1256891340017318,0.0816366523504257,0.9352113604545592,0.5281824469566345,0.1065719425678253,0.0697553381323814,0.6145815849304199,0.550850510597229,0.1102435886859893,0.0855617225170135,0.6046358346939087,0.5262130498886108,0.075693778693676,-0.0383970253169536,0.9526327848434448,0.5546613335609436,0.0778093412518501,-0.0162777379155159,0.9291940927505492,hoyeon_stand_normal_01,11.661904,8.544004,6.0,5.830952,7.211103,8.944272,9.848858,10.77033,12.083046,10.77033,10.77033,9.848858,9.486833,8.246211,7.071068,6.082763,5.830952,6.403124,8.246211,11.045361,15.033296,18.0,21.023796,22.090722,23.345235,21.587033,3.605551,3.605551,6.082763,8.062258,10.049876,12.165525,13.152946,14.317821,14.56022,13.928388,13.416408,12.083046,10.29563,8.062258,6.708204,5.09902,3.162278,4.472136,6.324555,9.219544,12.369317,15.524175,18.027756,18.788294,18.35756,17.492856,14.764823,13.416408,12.649111,11.18034,11.045361,10.0,9.055385,8.246211,8.062258,7.211103,7.071068,8.602325,8.944272,9.486833,11.18034,12.165525,14.035669,16.124515,17.117243,18.11077,19.235384,19.416488,17.464249,16.492423,14.56022,11.401754,5.385165,3.162278,3.0,6.082763,9.486833,11.18034,13.038405,13.453624,12.727922,12.806248,11.661904,8.944272,7.615773,5.385165,3.162278,1.414214,2.236068,4.472136,7.28011,9.486833,12.083046,14.317821,14.764823,16.124515,16.124515,14.7150685,13.453624,13.453624,14.866069,14.866069,14.866069,14.142136,13.453624,11.401754,10.0,8.602325,7.211103,5.656854,4.472136,4.123106,5.09902,8.062258,10.29563,13.892444,16.124515,18.35756,20.124612,20.615528,20.248457,19.924859,17.720045,14.56022,14.21267,15.620499,17.204651,18.027756,18.867962,17.492856,15.811388,13.601471,11.401754,9.219544,7.81025,6.324555,7.071068,7.071068,8.246211,8.544004,10.440307,10.77033,11.401754,12.369317,12.369317,12.369317,12.649111,12.083046,12.083046,12.206556
hoyeon_stand_normal_01,2757,919,91.9050218579235,29.998360745314464,10,0.5381180047988892,0.6846540570259094,-0.1997421830892563,0.9999878406524658,0.5333413481712341,0.6945680975914001,-0.1880953162908554,0.999962329864502,0.5305494666099548,0.6936285495758057,-0.1880998164415359,0.9999650716781616,0.5279383063316345,0.6923797130584717,-0.1881158798933029,0.9999675750732422,0.5408617854118347,0.6953687071800232,-0.1874916851520538,0.999948263168335,0.5431771874427795,0.6953985691070557,-0.1874996125698089,0.9999446868896484,0.5457116365432739,0.6950250267982483,-0.1874853670597076,0.999944508075714,0.5232900381088257,0.6830899119377136,-0.1062498837709426,0.9999470114707948,0.5483155846595764,0.687026858329773,-0.10392677038908,0.9998729825019836,0.5328988432884216,0.6711627244949341,-0.1682502180337906,0.9999847412109376,0.543628990650177,0.672434389591217,-0.1676112115383148,0.9999753832817078,0.5037223100662231,0.6080350875854492,-0.0489854402840137,0.999987244606018,0.5687052607536316,0.6070298552513123,-0.0364770106971263,0.9999254941940308,0.4934419095516205,0.5081217288970947,-0.008073809556663,0.9880050420761108,0.5749569535255432,0.5099688768386841,0.0049336296506226,0.9371440410614014,0.4900668263435364,0.4229668974876404,-0.076226569712162,0.9815692901611328,0.5816711187362671,0.4286311566829681,-0.0608323290944099,0.9285029768943788,0.4856961965560913,0.3956218063831329,-0.0983662381768226,0.9620933532714844,0.5851081609725952,0.4006818532943725,-0.0826829373836517,0.8879764676094055,0.4895724952220917,0.3952548503875732,-0.1249328851699829,0.964691400527954,0.5815492868423462,0.3998147845268249,-0.111482985317707,0.8951161503791809,0.4928087592124939,0.4038417339324951,-0.0882346332073211,0.9559802412986756,0.5792980790138245,0.4084940254688263,-0.0740136355161666,0.8860160112380981,0.518052875995636,0.4291547834873199,-0.0056074261665344,0.9997597932815552,0.559191107749939,0.4292207956314087,0.0055718296207487,0.9996135234832764,0.5185288786888123,0.2703461050987243,-0.0302423276007175,0.9692869186401368,0.5605738162994385,0.2710477709770202,-0.0196669865399599,0.9374325275421144,0.5254109501838684,0.1234455555677414,0.066654197871685,0.9694888591766356,0.5534656643867493,0.1259817034006118,0.0816970393061637,0.936217188835144,0.5282257795333862,0.1068908274173736,0.0698054507374763,0.6153186559677124,0.5508511662483215,0.1108377873897552,0.0855878144502639,0.606542706489563,0.5262884497642517,0.0757044330239296,-0.0384298935532569,0.953077495098114,0.5547142028808594,0.0778443291783332,-0.0163013096898794,0.9301726818084716,hoyeon_stand_normal_01,18.35756,20.124612,20.248457,18.973666,17.464249,14.317821,11.18034,7.615773,5.0,4.123106,5.09902,6.708204,8.602325,11.401754,13.453624,16.278821,17.691806,19.849433,20.615528,20.615528,19.209373,17.029386,14.142136,11.661904,10.198039,12.369317,16.124515,17.804494,17.691806,17.691806,16.401219,14.422205,12.206556,9.219544,6.403124,5.385165,6.082763,7.615773,9.433981,10.816654,13.038405,13.892444,15.652476,15.231546,15.811388,14.56022,12.369317,9.219544,5.385165,4.123106,6.708204,11.401754,15.297059,16.492423,17.464249,17.720045,16.763055,16.155494,15.652476,15.264338,14.422205,15.0,15.0,14.866069,15.620499,14.866069,15.556349,14.866069,14.142136,13.453624,12.206556,12.083046,12.369317,13.0,15.132746,16.278821,18.248288,19.235384,14.866069,16.124515,17.804494,17.691806,17.204651,14.317821,11.401754,8.062258,3.0,1.414214,4.0,7.071068,9.486833,11.18034,13.038405,14.21267,14.142136,14.866069,15.0,14.422205,13.601471,11.401754,9.899495,8.944272,10.198039,11.045361,12.727922,14.866069,14.866069,14.866069,14.866069,14.142136,12.727922,12.041595,10.816654,9.219544,7.81025,6.403124,5.830952,5.09902,6.082763,8.246211,10.77033,13.416408,15.652476,18.384776,20.248457,21.18962,20.880613,19.646883,17.464249,14.317821,12.806248,14.21267,16.401219,16.643317,16.643317,15.264338,13.892444,13.038405,10.0,8.485281,7.211103,6.324555,7.0,7.071068,8.544004,9.486833,10.440307,11.7047,11.7047,12.649111,12.649111,12.649111,12.649111,12.529964,12.529964,12.206556
hoyeon_stand_normal_01,2760,920,92.00502732240436,29.998360745314464,10,0.5381977558135986,0.6846726536750793,-0.1913325488567352,0.9999880790710448,0.5333982110023499,0.6946275234222412,-0.1794166713953018,0.9999629259109496,0.530617356300354,0.6937141418457031,-0.1794246733188629,0.9999656677246094,0.5279877781867981,0.6924877166748047,-0.1794420927762985,0.9999681115150452,0.5409009456634521,0.6954355835914612,-0.178845077753067,0.9999489784240724,0.5432204008102417,0.695477306842804,-0.1788512021303177,0.9999454617500304,0.545750081539154,0.6951106786727905,-0.1788374930620193,0.9999451637268066,0.5233668684959412,0.6831427216529846,-0.0980015322566032,0.9999479651451112,0.5483283400535583,0.6871814727783203,-0.0958355516195297,0.999874472618103,0.5330454111099243,0.6711767911911011,-0.1601221263408661,0.9999850392341614,0.5437185168266296,0.6724619269371033,-0.1595243513584137,0.9999758005142212,0.5038530826568604,0.6081286072731018,-0.0431433729827404,0.9999873638153076,0.5687459707260132,0.607257068157196,-0.03108362108469,0.9999259114265442,0.4934505820274353,0.5082241892814636,-0.0052879210561513,0.9881531000137328,0.5750658512115479,0.5101779103279114,0.0083555849269032,0.937946081161499,0.4901122748851776,0.4229965806007385,-0.0744106993079185,0.9817746877670288,0.5817822813987732,0.4286414682865143,-0.0572795495390892,0.9291266798973083,0.4857425093650818,0.3956590294837951,-0.0968494415283203,0.9624062776565552,0.5851964950561523,0.4007412493228912,-0.0792989432811737,0.8883958458900452,0.4896465241909027,0.3953054249286651,-0.1230329796671867,0.9649962782859802,0.5816733241081238,0.3998671472072601,-0.107791282236576,0.895598828792572,0.4928803145885467,0.4038995504379272,-0.0863332599401474,0.9563256502151488,0.5794233679771423,0.4085240066051483,-0.0703783333301544,0.8864624500274658,0.5181766748428345,0.429541140794754,-0.0056348922662436,0.999760925769806,0.5592405200004578,0.4294583201408386,0.0055983085185289,0.99961656332016,0.5185613632202148,0.270483136177063,-0.0302366130053997,0.9695069193840028,0.5605912804603577,0.2710873484611511,-0.0196202881634235,0.9382748007774352,0.5254086256027222,0.1234505102038383,0.0651916712522506,0.9698233604431152,0.5534641742706299,0.1259942203760147,0.0807688534259796,0.9370005130767822,0.5282139182090759,0.1069043353199958,0.0680196583271026,0.6157861948013306,0.5508427023887634,0.1108381897211074,0.0844388753175735,0.6074417233467102,0.5262901782989502,0.0755545645952224,-0.0406964085996151,0.9534621238708496,0.5547648668289185,0.0778310671448707,-0.0176078863441944,0.9308664202690125,hoyeon_stand_normal_01,17.106335,16.193176,14.1421355,13.661866,13.80977,13.2639865,13.1308805,11.9921835,10.1589105,10.074994,9.8824115,9.8704815,11.0276925,11.3750305,12.09017,12.0,12.772002,14.109772,15.420819,17.4455265,18.85392,19.68034,19.8727945,19.781005,19.39618,19.7597785,9.8102495,10.3174685,11.5178015,12.772002,13.31665,13.3007355,13.290859,12.540011,11.772699,11.295938,10.9470755,11.378336999999998,11.4059625,11.274303,10.7058605,9.8845975,9.066373,9.818385500000002,11.3078865,12.7187115,13.453831999999998,13.986833,13.6741755,14.3544865,16.0108645,17.21967,16.124515,15.297059,13.341664,12.649111,11.18034,10.816654,10.0,8.485281,7.81025,7.211103,7.615773,7.071068,8.0,8.246211,9.486833,11.18034,13.416408,14.764823,17.0,17.464249,17.464249,17.464249,17.088007,15.524175,13.341664,10.198039,4.123106,1.414214,1.414214,5.0,8.602325,10.29563,12.649111,13.341664,14.035669,14.0,13.038405,11.18034,9.219544,7.28011,5.09902,4.0,2.828427,3.0,6.082763,8.246211,11.18034,13.152946,15.132746,16.124515,17.117243,17.117243,14.0,15.132746,15.132746,15.132746,15.033296,15.0,14.0,12.041595,11.045361,9.055385,8.062258,6.0,5.09902,5.830952,6.403124,8.062258,10.77033,13.0,16.155494,18.384776,20.124612,20.59126,21.095023,19.723083,17.204651,15.0,13.152946,15.132746,16.124515,17.029386,17.0,17.0,15.0,13.0,11.045361,9.219544,7.615773,7.211103,7.81025,7.211103,7.615773,9.486833,10.440307,10.77033,11.7047,12.083046,13.0,13.0,12.649111,12.649111,12.369317,13.038405
hoyeon_stand_normal_01,2763,921,92.10503278688525,29.998360745314464,10,0.5383116602897644,0.6847091317176819,-0.1899903267621994,0.9999884366989136,0.5335047841072083,0.6947112679481506,-0.1780393123626709,0.999963879585266,0.530744194984436,0.6938384175300598,-0.1780477911233902,0.999966561794281,0.5280773043632507,0.692639946937561,-0.1780657917261123,0.999968945980072,0.5409777164459229,0.6955183148384094,-0.1773614138364792,0.9999502897262572,0.5433130860328674,0.6955667734146118,-0.1773670017719268,0.9999467730522156,0.5458317995071411,0.6952106356620789,-0.1773523241281509,0.9999464154243468,0.5234916806221008,0.6832116842269897,-0.0964481979608535,0.9999495148658752,0.5483644008636475,0.6873379349708557,-0.0938502103090286,0.9998773336410522,0.5332255363464355,0.6711954474449158,-0.1587262898683548,0.9999855160713196,0.5438296794891357,0.6725043058395386,-0.157996580004692,0.9999765157699584,0.503933846950531,0.6081531643867493,-0.0419221147894859,0.999987542629242,0.568797767162323,0.607390284538269,-0.0290372967720031,0.9999268651008606,0.4934583902359009,0.5082471966743469,-0.0046975105069577,0.9883319139480592,0.5751317739486694,0.5103961229324341,0.0100329155102372,0.9384614825248718,0.4901228845119476,0.4230004549026489,-0.0742879435420036,0.9819398522377014,0.581860363483429,0.4286338686943054,-0.0557271465659141,0.9293754696846008,0.4857679009437561,0.3956649601459503,-0.0969503596425056,0.962639570236206,0.5852263569831848,0.4007356762886047,-0.0778060629963874,0.8882959485054016,0.4897414147853851,0.3953138291835785,-0.1230333298444747,0.9652304649353028,0.5817086100578308,0.3998617529869079,-0.106292225420475,0.8955772519111633,0.4929592907428741,0.4039125740528106,-0.0861848443746566,0.9565966725349426,0.5794704556465149,0.408518373966217,-0.0688421353697776,0.8864122033119202,0.5183542370796204,0.42966029047966,-0.0057698055170476,0.9997639656066896,0.5592910647392273,0.4294744729995727,0.0057321465574204,0.9996222853660583,0.5186917781829834,0.2705497741699219,-0.0302440412342548,0.9698576331138612,0.560627818107605,0.2709961533546448,-0.0196267329156398,0.939348042011261,0.5254623293876648,0.1234399750828743,0.065716840326786,0.9702947735786438,0.5534691214561462,0.1258971393108368,0.0819999128580093,0.9379552602767944,0.52823406457901,0.1068581864237785,0.0686646923422813,0.6180785894393921,0.5508411526679993,0.1106072664260864,0.0859097093343734,0.6098288893699646,0.5264337062835693,0.075515441596508,-0.0399686321616172,0.9540943503379822,0.5548030734062195,0.0777052491903305,-0.0157604664564132,0.931794285774231,hoyeon_stand_normal_01,15.811388,17.088007,17.0,16.124515,14.422205,12.206556,9.433981,6.708204,5.09902,3.605551,5.0,6.324555,8.246211,10.198039,12.165525,14.142136,15.132746,17.262677,18.248288,18.248288,17.262677,15.297059,13.038405,11.045361,10.29563,11.313708,14.142136,15.033296,16.03122,15.132746,14.56022,12.649111,9.486833,7.28011,5.0,3.605551,4.472136,6.324555,8.246211,9.219544,11.401754,11.7047,13.0,12.529964,13.038405,11.401754,10.0,7.071068,3.605551,2.828427,6.324555,10.198039,14.21267,14.142136,13.453624,11.661904,11.18034,10.77033,9.219544,9.055385,8.0,7.28011,6.708204,7.211103,8.485281,9.433981,10.29563,13.0,13.928388,16.155494,18.027756,18.384776,19.697716,18.788294,18.35756,16.643317,14.422205,11.661904,5.0,3.0,1.0,3.605551,7.071068,10.630146,12.206556,13.892444,14.317821,13.601471,13.341664,12.041595,10.0,8.0,6.0,4.0,1.414214,2.236068,4.242641,7.071068,9.899495,12.041595,14.21267,15.811388,17.204651,16.401219,14.035669,14.142136,15.132746,15.132746,15.033296,14.035669,13.0,12.0,10.049876,9.055385,8.0,6.0,5.385165,5.830952,6.403124,8.944272,11.18034,13.928388,16.155494,18.384776,20.124612,20.59126,21.095023,19.416488,18.027756,15.0,12.165525,14.035669,15.033296,16.0,16.0,15.033296,14.035669,12.0,10.0,8.246211,6.708204,6.403124,6.403124,6.708204,7.615773,8.544004,9.486833,10.440307,10.440307,11.7047,11.7047,11.7047,11.7047,11.401754,12.165525,12.041595
hoyeon_stand_normal_01,2766,922,92.20503825136612,29.998360745314464,10,0.5384730100631714,0.6847747564315796,-0.1977997124195099,0.9999886751174928,0.5336644053459167,0.6948246955871582,-0.1861269026994705,0.9999645352363586,0.5309263467788696,0.6940059065818787,-0.186134397983551,0.9999672174453736,0.5282028913497925,0.6928395628929138,-0.1861528903245926,0.9999695420265198,0.5411112904548645,0.6956191062927246,-0.1853018254041671,0.9999511241912842,0.5434763431549072,0.6956629753112793,-0.1853078156709671,0.9999476671218872,0.545974850654602,0.6953034400939941,-0.1852933764457702,0.999947190284729,0.5236268043518066,0.6833173632621765,-0.104587934911251,0.9999507069587708,0.5484363436698914,0.6874623894691467,-0.101329430937767,0.9998791217803956,0.5334238409996033,0.6712373495101929,-0.1664801090955734,0.9999858736991882,0.5439779758453369,0.6725682020187378,-0.165569007396698,0.9999770522117616,0.5040370225906372,0.6081683039665222,-0.0487267337739467,0.9999876022338868,0.5688837766647339,0.6074758768081665,-0.0339762158691883,0.9999273419380188,0.4934931695461273,0.50826096534729,-0.0102597037330269,0.9884896278381348,0.5752149224281311,0.5106157064437866,0.006702727638185,0.9389619827270508,0.4901437759399414,0.4230066537857055,-0.0798254385590553,0.982021987438202,0.5819126963615417,0.4286274015903473,-0.0592767521739006,0.9293233752250672,0.4858008027076721,0.3956744968891144,-0.1024526134133338,0.962683379650116,0.5852702856063843,0.4007316529750824,-0.0811019018292427,0.8877695202827454,0.4898778796195984,0.3953309655189514,-0.1287648826837539,0.9652950763702391,0.5817731022834778,0.3998569548130035,-0.1096801608800888,0.8951524496078491,0.4930867254734039,0.4039425253868103,-0.0917699038982391,0.9566812515258788,0.5795394778251648,0.4085132181644439,-0.0724232345819473,0.8859348893165588,0.5183841586112976,0.4302788376808166,-0.0058660209178924,0.999764084815979,0.5592994093894958,0.429788738489151,0.0058266795240342,0.9996236562728882,0.5187060236930847,0.2709952294826507,-0.0309558976441621,0.9699167609214784,0.5606476068496704,0.2714844048023224,-0.019433207809925,0.94013112783432,0.5254474878311157,0.1239583864808082,0.0655462369322776,0.9705114960670472,0.5534783005714417,0.1261235922574997,0.0819661691784858,0.9387633800506592,0.5282100439071655,0.1073274612426757,0.0685079097747802,0.618948221206665,0.550841212272644,0.1106807813048362,0.0858672559261322,0.6114414930343628,0.5264052152633667,0.0761754512786865,-0.0402966365218162,0.954403281211853,0.5548714399337769,0.0777061358094215,-0.0161847602576017,0.9325423836708068,hoyeon_stand_normal_01,18.027756,20.59126,19.697716,19.313208,16.763055,13.601471,10.440307,7.615773,5.830952,4.472136,4.0,5.830952,7.81025,9.899495,12.041595,14.21267,15.620499,17.029386,18.439089,19.104973,17.691806,15.620499,13.601471,9.848858,9.0,10.77033,15.811388,16.278821,16.278821,15.0,14.422205,12.083046,8.944272,6.403124,3.605551,4.123106,5.830952,7.81025,10.0,11.401754,13.038405,14.422205,14.764823,15.231546,14.866069,13.601471,11.401754,8.246211,5.830952,4.0,7.211103,11.401754,15.840432,16.1394105,16.031340999999998,14.7770825,14.090352500000002,13.9146075,13.416408,12.3327635,11.734197,11.185235,11.367639,11.4021425,11.7932165,12.28978,12.982241,13.5008795,14.1231045,14.65422,14.752921999999998,14.7150685,15.041769,16.065707500000002,16.411839,16.278821,15.916971,15.4221755,9.4185485,9.2321245,10.131912,11.7479675,12.369317,12.464194,11.9275295,10.6944445,8.6943235,7.464194,8.50105,9.6388385,9.7434165,9.688314,9.0192025,9.097787,8.684407,9.451305,10.803469,11.8078025,12.821533,13.255726500000002,13.584938,13.730358,14.714313999999998,15.227422,13.453624,15.0,15.620499,15.620499,15.620499,14.866069,14.142136,12.041595,11.401754,9.219544,7.81025,6.403124,5.385165,5.0,6.082763,8.544004,11.18034,13.892444,17.0,19.235384,21.023796,21.931712,21.540659,20.248457,18.681542,15.524175,12.806248,15.0,16.401219,16.643317,16.643317,16.124515,14.422205,12.206556,10.0,8.485281,7.211103,6.324555,7.0,7.071068,8.246211,9.486833,10.440307,10.77033,11.7047,11.7047,11.7047,13.0,11.7047,12.529964,12.529964,12.206556
hoyeon_stand_normal_01,2769,923,92.305043715847,29.998360745314464,10,0.5386002659797668,0.6847931742668152,-0.2107957154512405,0.9999889731407166,0.5337949395179749,0.6948835253715515,-0.19924958050251,0.9999655485153198,0.5310653448104858,0.6940937638282776,-0.1992555558681488,0.99996817111969,0.52829909324646,0.6929414868354797,-0.1992752104997635,0.9999704360961914,0.5412418842315674,0.6956557035446167,-0.1984818577766418,0.999952495098114,0.5436471104621887,0.6956850290298462,-0.1984893828630447,0.9999490976333618,0.5461286306381226,0.6953163743019104,-0.1984750181436538,0.999948501586914,0.5237448215484619,0.6833822131156921,-0.1170203611254692,0.9999523758888244,0.548551619052887,0.687481701374054,-0.1140189096331596,0.9998824596405028,0.5335572361946106,0.6712566614151001,-0.179129883646965,0.9999863505363464,0.5441073179244995,0.6725845336914062,-0.1782987862825393,0.9999778270721436,0.5041659474372864,0.6081744432449341,-0.0583508163690567,0.9999876618385316,0.5689994096755981,0.6074872612953186,-0.0441264547407627,0.9999281167984008,0.4936886131763458,0.5081618428230286,-0.0165603403002023,0.9886505007743835,0.5753293633460999,0.5106436610221863,-0.0016454659635201,0.9400470852851868,0.4903635084629059,0.4230103194713592,-0.0849702134728431,0.9820863008499146,0.5820128321647644,0.4284876585006714,-0.067121535539627,0.9296237826347352,0.4859538078308105,0.3956819772720337,-0.1071651801466941,0.9626644849777222,0.5853460431098938,0.4007002711296081,-0.0886810794472694,0.8875917792320251,0.4900884330272674,0.3953522443771362,-0.1338898241519928,0.9653053283691406,0.5818405151367188,0.3998240530490875,-0.1172341778874397,0.8950325846672058,0.4933015704154968,0.4039625227451324,-0.0970060154795646,0.9567283987998962,0.5796176791191101,0.4084512591361999,-0.0801955908536911,0.8857765197753906,0.518438458442688,0.4311771988868713,-0.0058844033628702,0.999764621257782,0.5593044757843018,0.4302765130996704,0.0058434247039258,0.999625563621521,0.5187467932701111,0.271860808134079,-0.0313352718949317,0.9699506759643556,0.5606511235237122,0.2718877792358398,-0.0193715766072273,0.9410213232040404,0.525434136390686,0.1247102916240692,0.0656431913375854,0.9706700444221495,0.5534783005714417,0.126887172460556,0.0818863436579704,0.939299702644348,0.5281894207000732,0.1082182899117469,0.0686603039503097,0.6196408867835999,0.5508387088775635,0.1117462664842605,0.0857680961489677,0.6119683980941772,0.5262649655342102,0.0768411681056022,-0.0402683839201927,0.9546464681625366,0.5548563599586487,0.0777733772993087,-0.0162339322268962,0.9330127239227296,hoyeon_stand_normal_01,17.888544,19.235384,18.867962,17.804494,15.620499,12.041595,9.219544,7.211103,4.123106,4.472136,5.0,6.708204,8.246211,11.18034,13.152946,15.132746,17.262677,18.248288,19.235384,19.235384,18.248288,17.117243,14.035669,12.165525,11.18034,12.041595,16.124515,17.464249,17.088007,16.552945,15.264338,12.206556,9.433981,6.708204,4.123106,3.605551,5.830952,7.615773,9.848858,11.18034,12.529964,13.892444,13.601471,14.21267,14.142136,12.041595,10.630146,6.403124,3.605551,2.828427,7.28011,11.401754,15.231546,16.552945,15.652476,16.124515,15.264338,14.422205,14.21267,14.142136,14.142136,14.866069,14.21267,15.0,15.0,15.0,15.0,15.0,13.601471,13.038405,11.18034,10.440307,11.0,12.165525,14.866069,16.155494,19.313208,20.248457,15.132746,16.763055,17.464249,16.643317,16.278821,13.601471,10.29563,7.28011,4.0,1.0,4.123106,7.0,9.055385,10.440307,12.083046,13.416408,13.038405,14.21267,13.453624,13.453624,12.041595,11.401754,10.29563,9.219544,10.0,11.401754,13.928388,14.866069,14.866069,15.231546,15.231546,14.317821,13.416408,11.661904,10.816654,8.602325,7.211103,5.385165,5.0,5.385165,6.403124,8.485281,12.041595,14.866069,17.691806,19.79899,21.931712,22.022716,22.803509,21.400935,18.601075,15.811388,12.206556,13.601471,15.0,15.620499,16.278821,15.620499,14.142136,12.041595,10.0,8.062258,6.082763,6.0,6.324555,6.708204,7.211103,8.485281,9.219544,10.630146,10.0,10.816654,10.816654,11.401754,12.041595,11.313708,11.401754,11.661904
hoyeon_stand_normal_01,2772,924,92.40504918032786,29.998360745314464,10,0.5387857556343079,0.6848040819168091,-0.2170804888010025,0.99998939037323,0.5340251326560974,0.6949204206466675,-0.2057076096534729,0.9999669194221495,0.5313166975975037,0.6941623687744141,-0.2057123780250549,0.999969482421875,0.5285016298294067,0.6930283308029175,-0.2057343423366546,0.9999716877937316,0.5414573550224304,0.6956691145896912,-0.2049627155065536,0.9999542832374572,0.543921172618866,0.6956908106803894,-0.2049701809883117,0.9999510049819946,0.5463612675666809,0.6953230500221252,-0.2049518376588821,0.9999502897262572,0.5239535570144653,0.6834605932235718,-0.1232021898031234,0.9999545812606812,0.5487263798713684,0.6874909996986389,-0.1203011944890022,0.999886989593506,0.5337753891944885,0.6712828278541565,-0.1852200776338577,0.9999869465827942,0.5442875623703003,0.6725960969924927,-0.1844123750925064,0.9999787211418152,0.5043678879737854,0.608177900314331,-0.0628198012709617,0.9999878406524658,0.5691118836402893,0.6075012683868408,-0.0491196252405643,0.9999293684959412,0.4941335320472717,0.5081707239151001,-0.0197058506309986,0.9887123107910156,0.5754110813140869,0.5106529593467712,-0.0052211601287126,0.9407034516334534,0.490676611661911,0.4232931137084961,-0.0879040509462356,0.9818949699401855,0.5821926593780518,0.4284822344779968,-0.0701016262173652,0.9292423129081726,0.4860850572586059,0.3959193527698517,-0.1100212261080741,0.9621531963348388,0.5855163335800171,0.4007136821746826,-0.0915191322565078,0.8864918947219849,0.4902212917804718,0.3956526517868042,-0.137040913105011,0.9648694396018982,0.5820559859275818,0.3998471200466156,-0.1204636022448539,0.8940715789794922,0.4934641420841217,0.4042318165302276,-0.1001074239611625,0.9562544226646424,0.5798669457435608,0.4084501564502716,-0.0833701640367508,0.8848210573196411,0.5186879634857178,0.4331541061401367,-0.0058871959336102,0.999767243862152,0.5593122243881226,0.4316295683383941,0.0058458540588617,0.999630093574524,0.5187885761260986,0.2737796306610107,-0.0321164987981319,0.969838798046112,0.560566782951355,0.2732857167720794,-0.0190161671489477,0.9416888952255248,0.525446355342865,0.1251845061779022,0.0623934157192707,0.9710091948509216,0.5534727573394775,0.1275910884141922,0.0800658464431762,0.9401258826255798,0.528215765953064,0.1086612790822982,0.0650315135717392,0.6215164065361023,0.5508369207382202,0.1125869825482368,0.0834841281175613,0.6134531497955322,0.5262543559074402,0.0772899761795997,-0.0450940765440464,0.9551846385002136,0.5547584295272827,0.0779191702604293,-0.0196468140929937,0.9338752031326294,hoyeon_stand_normal_01,17.029386,19.026298,19.104973,18.248288,15.297059,12.369317,10.198039,7.071068,4.0,2.828427,3.0,5.385165,7.615773,10.29563,11.661904,13.892444,16.643317,17.492856,18.35756,18.35756,17.492856,16.643317,13.601471,10.630146,9.219544,11.18034,16.0,17.117243,17.262677,15.524175,14.866069,12.083046,8.944272,6.324555,4.123106,4.242641,6.082763,8.062258,10.049876,12.165525,13.152946,14.317821,14.56022,14.866069,14.317821,12.529964,10.29563,8.062258,4.123106,2.236068,7.0,11.18034,15.620499,14.422205,13.892444,13.0,12.649111,11.18034,11.045361,10.0,9.055385,8.544004,8.062258,7.81025,8.602325,9.433981,10.77033,12.369317,14.317821,16.492423,18.439089,19.646883,20.615528,20.880613,18.973666,17.464249,15.231546,12.529964,5.385165,2.828427,1.414214,4.123106,7.211103,9.219544,12.041595,13.038405,13.416408,13.0,12.369317,11.18034,9.055385,7.0,5.0,2.0,1.0,2.828427,5.830952,8.602325,10.630146,12.806248,14.866069,16.278821,16.970563,16.970563,14.764823,13.416408,11.661904,11.401754,9.219544,9.433981,9.848858,11.7047,13.0,14.317821,15.652476,16.643317,17.804494,18.384776,19.209373,18.601075,18.35756,17.0,14.317821,11.661904,9.219544,6.708204,8.062258,10.77033,14.764823,17.0,9.219544,7.81025,6.708204,7.0,8.544004,10.29563,14.422205,15.811388,16.643317,17.0,17.888544,17.464249,15.811388,14.56022,13.341664,12.369317,11.401754,10.77033,9.848858,11.18034,11.661904,12.206556,13.601471,15.811388,16.643317,16.643317
hoyeon_stand_normal_01,2775,925,92.50505464480874,29.998360745314464,10,0.5389745831489563,0.684847354888916,-0.2080186158418655,0.9999896287918092,0.5342835783958435,0.6949825882911682,-0.1964685022830963,0.9999676942825316,0.531585156917572,0.6942628622055054,-0.1964756548404693,0.9999702572822572,0.528734564781189,0.6931517720222473,-0.1964972019195556,0.999972403049469,0.5417083501815796,0.6956924200057983,-0.1957316994667053,0.9999552369117736,0.5442381501197815,0.6956952810287476,-0.195737823843956,0.999951958656311,0.5466253757476807,0.6953288912773132,-0.1957211643457412,0.999951183795929,0.5241559743881226,0.6835774183273315,-0.1144491210579872,0.999955952167511,0.5489528775215149,0.687497079372406,-0.1115016862750053,0.9998895525932312,0.5339392423629761,0.6713516116142273,-0.1764208674430847,0.9999873638153076,0.5444737076759338,0.6726245880126953,-0.1755964756011963,0.9999792575836182,0.5044968724250793,0.6081323027610779,-0.0561979562044143,0.9999880194664,0.5692196488380432,0.6075303554534912,-0.0431590415537357,0.999930500984192,0.494686096906662,0.508158266544342,-0.0156467612832784,0.9886337518692015,0.5754921436309814,0.5107198357582092,-0.0010252519277855,0.9408771991729736,0.490842342376709,0.4235207140445709,-0.0844593197107315,0.9815460443496704,0.5823964476585388,0.4284775555133819,-0.0663374811410904,0.9284544587135316,0.4861654639244079,0.3960986137390136,-0.1068357750773429,0.9614787697792052,0.5857470631599426,0.4007144272327423,-0.0880903899669647,0.8849277496337891,0.4902888238430023,0.3958054482936859,-0.1333542019128799,0.9642800688743592,0.5822715759277344,0.3998478353023529,-0.1166728734970092,0.8926602602005005,0.4935349822044372,0.4044499099254608,-0.0964936763048172,0.9555834531784058,0.5801071524620056,0.4084484577178955,-0.0794734060764312,0.883425235748291,0.5190012454986572,0.4332451820373535,-0.0058333044871687,0.999771237373352,0.5594326853752136,0.4317095279693603,0.0057913018390536,0.9996364712715148,0.5189523100852966,0.2738365530967712,-0.0320988185703754,0.9701172709465028,0.5605883002281189,0.2732705175876617,-0.0199696905910968,0.942718744277954,0.5254569053649902,0.1252101212739944,0.0624444745481014,0.9715267419815063,0.5534631609916687,0.1276177763938903,0.0806723907589912,0.9406121969223022,0.5282227396965027,0.1086637526750564,0.065128281712532,0.6237180829048157,0.5508174896240234,0.1125972867012023,0.0844784677028656,0.6137910485267639,0.5262573957443237,0.0770306661725044,-0.0447100959718227,0.9559122920036316,0.5546628832817078,0.0779211744666099,-0.0176862087100744,0.9344578981399536,hoyeon_stand_normal_01,9.219544,6.0,3.605551,4.0,7.28011,9.486833,10.77033,12.083046,12.083046,12.529964,11.18034,11.661904,10.816654,9.219544,8.485281,7.211103,6.082763,7.071068,8.062258,11.313708,13.601471,18.027756,20.248457,21.633308,22.203603,22.022716,3.0,3.605551,5.09902,8.246211,10.440307,12.649111,13.928388,14.317821,14.764823,13.892444,12.806248,11.401754,9.219544,7.071068,4.242641,2.828427,1.0,3.162278,6.324555,9.219544,12.165525,15.033296,17.0,18.027756,17.117243,16.278821,14.764823,16.643317,16.643317,15.811388,15.620499,14.866069,14.866069,14.21267,14.422205,14.422205,15.264338,14.764823,14.764823,14.764823,15.652476,14.764823,14.764823,13.416408,11.7047,11.045361,11.045361,11.7047,13.892444,16.124515,18.867962,20.59126,15.033296,17.464249,18.384776,17.492856,17.029386,14.21267,10.29563,7.28011,3.0,1.0,4.472136,7.071068,9.055385,11.18034,12.649111,13.928388,14.764823,14.422205,13.601471,13.601471,12.206556,10.816654,9.486833,9.055385,10.198039,11.7047,15.405694,13.319938,11.804155000000002,10.462888,9.219544,9.497074,9.7683545,11.119817,12.6592355,14.237205,15.7776975,16.59244,18.068416,19.2574225,18.7873705,19.4013445,18.7312665,17.648674999999997,15.405694,11.531829,8.5146425,6.2281165000000005,7.0674025,10.018099,13.8857225,17.083682500000002,9.666738,8.109049,6.849268,6.6622775,8.177126999999999,11.487806,13.5275475,15.715943500000002,17.1170185,17.592331,18.13666,17.429553499999997,15.8879965,14.5393695,13.601471,12.9040135,12.0254325,11.167423,10.700238,11.109204,12.206556,12.9223265,14.3174375,15.4424185,16.522268,16.401219
hoyeon_stand_normal_01,2778,926,92.6050601092896,29.998360745314464,10,0.5391665697097778,0.6848880052566528,-0.2110722810029983,0.9999898672103882,0.534586489200592,0.6950490474700928,-0.1998043060302734,0.9999685287475586,0.5319055914878845,0.69440096616745,-0.1998110562562942,0.9999710321426392,0.5290309190750122,0.6933633685112,-0.1998333930969238,0.9999731183052064,0.5420052409172058,0.6956989765167236,-0.1988467127084732,0.9999562501907348,0.5446010828018188,0.6956903338432312,-0.1988549977540969,0.9999530911445618,0.5469046235084534,0.6953070163726807,-0.1988405734300613,0.99995219707489,0.5244094729423523,0.6838403940200806,-0.1181407049298286,0.9999573230743408,0.5491923093795776,0.6874546408653259,-0.1140034943819046,0.9998923540115356,0.5340574383735657,0.6714581251144409,-0.1794982105493545,0.999987781047821,0.5446355938911438,0.6726463437080383,-0.178339198231697,0.999979853630066,0.5045196413993835,0.6080846786499023,-0.0585138909518718,0.9999881386756896,0.5693276524543762,0.6075430512428284,-0.0448644421994686,0.9999319314956664,0.4950454533100128,0.5080766677856445,-0.0163573939353227,0.9886449575424194,0.5755836367607117,0.5106974244117737,-0.0013078487245365,0.9415472745895386,0.4910258948802948,0.4236722886562347,-0.0845946744084358,0.981308102607727,0.582508385181427,0.428270161151886,-0.0656083524227142,0.9284928441047668,0.4862321615219116,0.3962240517139435,-0.1066577211022377,0.960993766784668,0.5859342217445374,0.40057373046875,-0.0870960280299186,0.8844819664955139,0.4903752505779266,0.3959148228168487,-0.1334692686796188,0.9638665318489076,0.582444429397583,0.3996387124061584,-0.1158261001110076,0.892280638217926,0.493634819984436,0.4045987129211426,-0.0967571586370468,0.955125629901886,0.5802647471427917,0.4082420170307159,-0.0787959098815918,0.8830409646034241,0.519187867641449,0.4335199296474457,-0.0058480920270085,0.9997736811637878,0.5595422983169556,0.4319138526916504,0.0058053354732692,0.9996413588523864,0.5190653800964355,0.2741847932338714,-0.0327623933553695,0.97036874294281,0.5606662034988403,0.2732712030410766,-0.0202633272856473,0.9437273740768432,0.5254185795783997,0.1255461424589157,0.0625680536031723,0.9719415903091432,0.553456723690033,0.1277602016925811,0.0807671174407005,0.9410749077796936,0.5281708240509033,0.1089610457420349,0.0653512552380561,0.6253437995910645,0.5507846474647522,0.1128955855965614,0.0846621543169021,0.6145049929618835,0.5262055993080139,0.077581338584423,-0.0442866794764995,0.9564752578735352,0.5546055436134338,0.0780901089310646,-0.0173244904726743,0.9349384307861328,hoyeon_stand_normal_01,18.027756,19.209373,19.104973,17.691806,15.620499,12.806248,9.219544,6.403124,4.123106,3.162278,4.472136,6.324555,8.246211,11.18034,13.152946,15.132746,17.117243,18.248288,19.235384,19.235384,18.11077,17.029386,14.0,11.18034,10.816654,12.206556,17.204651,17.691806,17.691806,16.401219,14.422205,11.661904,8.062258,5.656854,4.123106,4.123106,6.403124,8.485281,9.899495,11.313708,12.727922,14.21267,14.422205,14.422205,13.416408,12.083046,9.848858,6.324555,2.236068,2.828427,7.615773,12.083046,16.155494,14.56022,14.317821,13.038405,12.0,12.041595,10.198039,9.486833,8.944272,8.062258,7.071068,7.211103,7.615773,8.246211,9.0,11.045361,13.152946,15.297059,16.278821,18.248288,18.248288,18.11077,17.029386,16.0,14.035669,11.045361,3.0,1.414214,3.162278,5.0,8.062258,10.77033,12.529964,13.601471,14.21267,12.727922,12.041595,10.816654,8.062258,5.830952,4.472136,2.236068,2.236068,3.605551,6.708204,9.486833,11.7047,13.928388,15.652476,17.0,17.888544,17.888544,13.416408,15.231546,15.231546,15.652476,15.652476,14.764823,13.892444,12.206556,11.401754,9.219544,7.81025,5.830952,5.09902,5.0,5.830952,7.81025,11.313708,14.142136,16.278821,19.104973,19.849433,22.022716,21.400935,20.0,17.492856,14.764823,12.806248,14.21267,16.401219,16.278821,16.278821,14.866069,13.453624,12.041595,10.0,8.944272,7.28011,6.0,7.28011,7.615773,8.062258,8.944272,9.433981,10.816654,10.816654,11.661904,11.661904,12.206556,11.401754,12.041595,12.041595,12.206556
hoyeon_stand_normal_01,2781,927,92.70506557377048,29.998360745314464,10,0.5394113659858704,0.684903085231781,-0.2164830863475799,0.9999900460243224,0.5349248051643372,0.6950895190238953,-0.2054272443056106,0.999968945980072,0.53225177526474,0.694504976272583,-0.2054318934679031,0.9999714493751526,0.5293602347373962,0.6935361623764038,-0.2054519802331924,0.999973475933075,0.5423544049263,0.6957022547721863,-0.2043648064136505,0.9999567866325378,0.5449988842010498,0.6956486701965332,-0.2043762058019638,0.9999537467956544,0.5471822023391724,0.6952405571937561,-0.2043665498495102,0.9999527335166932,0.524696946144104,0.6840673089027405,-0.1237810030579567,0.9999581575393676,0.5494186282157898,0.6873456835746765,-0.1190496608614921,0.9998939037322998,0.5342072248458862,0.6715097427368164,-0.1848186701536178,0.9999880790710448,0.5448195338249207,0.6726515889167786,-0.1835030913352966,0.9999802708625792,0.5045251250267029,0.6080021858215332,-0.0622276999056339,0.9999881386756896,0.569484531879425,0.6075487732887268,-0.0487027205526828,0.9999331831932068,0.4952902793884277,0.507859468460083,-0.0171621479094028,0.9887164235115052,0.5756477117538452,0.5106536149978638,-0.0031033724080771,0.9424079656600952,0.4911853969097137,0.4236502051353454,-0.0840800255537033,0.9811696410179138,0.5825628638267517,0.4280153214931488,-0.0672187283635139,0.929123878479004,0.4862980246543884,0.3962212204933166,-0.1058075726032257,0.9606711864471436,0.5860949158668518,0.4004195928573608,-0.0884993523359298,0.885033905506134,0.4904926419258117,0.3959020972251892,-0.1328046321868896,0.9636001586914062,0.5826609134674072,0.3993798494338989,-0.1175842583179473,0.892838180065155,0.4937555491924286,0.404604822397232,-0.0962571948766708,0.954833447933197,0.5804319381713867,0.4079591929912567,-0.0804871544241905,0.883557140827179,0.5192568302154541,0.4334949254989624,-0.0058509013615548,0.9997739791870116,0.5596572160720825,0.4319017827510834,0.0058081415481865,0.9996438026428224,0.5190668702125549,0.2741770446300506,-0.0328078940510749,0.9708331227302552,0.5608826875686646,0.2733023762702942,-0.0202640332281589,0.9451597929000854,0.5253862738609314,0.1255966275930404,0.0633429586887359,0.9724785089492798,0.5534738302230835,0.1277687847614288,0.0812812373042106,0.9420678615570068,0.5281473398208618,0.1090647131204605,0.0662779062986373,0.6280408501625061,0.5508231520652771,0.1129509061574935,0.085269384086132,0.617067813873291,0.526155412197113,0.0774923712015152,-0.0441376082599163,0.9571899771690368,0.5546067953109741,0.0782018527388572,-0.0170150101184844,0.9359356164932252,hoyeon_stand_normal_01,17.117243,18.439089,17.720045,17.088007,14.317821,12.083046,9.848858,6.324555,4.0,3.605551,4.123106,6.0,8.062258,10.198039,12.369317,14.56022,16.492423,17.464249,18.439089,18.439089,17.464249,16.492423,13.928388,10.29563,10.0,10.440307,15.297059,15.811388,16.155494,14.764823,13.038405,10.816654,8.602325,5.830952,4.0,3.605551,5.385165,7.28011,9.486833,10.440307,12.083046,12.529964,12.529964,13.038405,12.806248,10.630146,8.485281,5.656854,2.236068,2.0,7.0,11.0,16.401219,17.204651,17.492856,17.492856,16.124515,15.231546,15.811388,15.524175,15.297059,15.132746,16.124515,16.03122,16.03122,16.03122,16.03122,15.033296,15.033296,13.0,12.165525,10.77033,10.816654,12.041595,14.422205,17.0,19.235384,21.095023,15.297059,18.027756,18.11077,17.720045,16.552945,13.601471,9.899495,6.708204,3.0,2.236068,5.0,8.544004,10.440307,12.165525,14.0,15.033296,15.132746,15.297059,14.56022,13.601471,12.369317,11.18034,10.049876,9.486833,10.816654,12.727922,15.652476,13.416408,12.083046,10.440307,8.062258,8.062258,8.544004,9.848858,12.083046,13.928388,15.811388,16.492423,17.117243,18.0,20.024984,19.235384,18.681542,17.720045,14.866069,12.649111,8.246211,5.385165,5.830952,10.198039,13.038405,16.03122,10.77033,9.219544,7.0,6.708204,8.485281,11.661904,13.416408,15.652476,17.0,17.492856,18.027756,17.804494,15.620499,14.866069,13.453624,12.727922,11.313708,10.630146,10.816654,11.18034,11.7047,12.649111,14.866069,15.811388,17.088007,17.464249
hoyeon_stand_normal_01,2784,928,92.80507103825136,29.998360745314464,10,0.5397098660469055,0.684903085231781,-0.2163321673870086,0.999990165233612,0.5352571606636047,0.6950995922088623,-0.2053320258855819,0.999969244003296,0.5325789451599121,0.6945226192474365,-0.2053380608558654,0.9999717473983764,0.5296804904937744,0.6935741305351257,-0.2053569257259369,0.999973714351654,0.54269939661026,0.6956667304039001,-0.2041913866996765,0.9999570846557616,0.5453678965568542,0.6955440044403076,-0.2042012065649032,0.999954104423523,0.5474261045455933,0.6951237320899963,-0.2041916996240615,0.9999529719352722,0.524997353553772,0.6841486096382141,-0.1237043887376785,0.9999587535858154,0.5496417880058289,0.6872143149375916,-0.118669681251049,0.999894678592682,0.5344488024711609,0.6715173125267029,-0.1846543848514557,0.999988317489624,0.5450811982154846,0.6726455092430115,-0.1832464039325714,0.9999805688858032,0.5045387744903564,0.6079741716384888,-0.0622557625174522,0.9999881982803344,0.5696812272071838,0.6075820326805115,-0.0480046197772026,0.9999343156814576,0.4955360293388366,0.5075106620788574,-0.017510799691081,0.9887558817863464,0.5757233500480652,0.5105677843093872,-0.0024340583477169,0.9429340958595276,0.4913552403450012,0.4235529601573944,-0.0856249779462814,0.9810358881950378,0.5826684236526489,0.4277479946613312,-0.0675299316644668,0.929589033126831,0.4863766431808471,0.3962062001228332,-0.1075086295604705,0.9603843688964844,0.5862560868263245,0.4002938866615295,-0.0889020934700965,0.8855330944061279,0.4906085729598999,0.3958801627159118,-0.134732961654663,0.9633668661117554,0.5829722285270691,0.399230420589447,-0.1182277649641037,0.8933390378952026,0.4938699901103973,0.4046097695827484,-0.0978803113102912,0.9545914530754088,0.5807252526283264,0.4077828526496887,-0.080895684659481,0.88401198387146,0.5192636251449585,0.4334694147109985,-0.0058624921366572,0.9997749924659728,0.5597628355026245,0.4318833649158478,0.0058192950673401,0.9996454119682312,0.5190101265907288,0.2741555273532867,-0.0331473425030708,0.9711122512817384,0.5608940720558167,0.2733087241649627,-0.0202466305345296,0.9462197422981262,0.5253360271453857,0.125578686594963,0.0637175515294075,0.97285395860672,0.553475022315979,0.1277682036161422,0.0822562724351883,0.9426988363265992,0.5281288027763367,0.1090454161167144,0.0667491406202316,0.630289614200592,0.550845742225647,0.1129710003733635,0.0863499715924263,0.6186574101448059,0.5260351300239563,0.0773326978087425,-0.0440148450434207,0.9577367901802064,0.5545714497566223,0.0784729123115539,-0.0162651818245649,0.9366485476493835,hoyeon_stand_normal_01,19.7103995,21.106708,20.7480705,19.195077,16.804833,13.7419,10.2450915,7.175589,4.736068,3.3839145000000004,3.162278,5.656854,7.5106765,9.7169905,11.93423,14.1573245,16.1478965,17.95815,18.612761,18.192658,17.95815,15.458407,12.8245555,10.1239575,9.353188500000002,10.630146,15.2643025,16.2618215,16.0622575,14.5344825,12.5827625,10.1239575,7.035534,4.123106,2.9953525,4.611063,6.8023325,8.881774,11.086042,12.407318,13.3772085,14.7252835,14.176745,15.066373,13.537037,12.0827625,9.609772,6.5413815,2.699173,4.472136,9.018153,13.0495,16.155494,17.088007,16.763055,15.811388,15.524175,14.317821,14.035669,14.0,14.035669,14.317821,14.317821,14.56022,14.56022,14.56022,15.524175,14.56022,13.601471,12.649111,11.18034,10.0,9.433981,11.7047,14.142136,16.124515,19.104973,20.223748,17.088007,18.439089,19.026298,18.11077,16.492423,14.317821,10.0,6.403124,2.236068,2.236068,5.656854,8.062258,10.77033,12.649111,13.341664,15.033296,15.0,15.033296,14.142136,13.152946,12.165525,10.0,9.219544,9.433981,10.630146,12.529964,14.21267,13.453624,11.401754,9.433981,8.544004,9.055385,9.055385,10.049876,12.165525,13.152946,15.0,16.03122,17.262677,17.720045,18.384776,19.235384,18.027756,16.401219,14.21267,11.401754,8.062258,6.0,7.211103,10.0,13.038405,16.124515,9.848858,7.28011,7.0,6.324555,7.81025,10.0,12.206556,14.422205,15.811388,16.401219,16.401219,15.556349,14.866069,13.453624,12.806248,11.401754,10.630146,9.899495,9.899495,10.0,10.816654,12.529964,13.892444,15.264338,16.643317,16.401219
hoyeon_stand_normal_01,2787,929,92.90507650273224,29.998360745314464,10,0.5398781895637512,0.6848104596138,-0.2297993302345276,0.999990463256836,0.5354689359664917,0.6950820088386536,-0.2192452400922775,0.9999701380729676,0.5328017473220825,0.694525420665741,-0.2192472070455551,0.9999725818634032,0.5299103856086731,0.6935786604881287,-0.2192652821540832,0.999974489212036,0.5429000854492188,0.6955510973930359,-0.2179187685251236,0.999958336353302,0.5455783009529114,0.6953577995300293,-0.2179335057735443,0.9999554753303528,0.5475893020629883,0.6949304342269897,-0.2179246544837951,0.9999542236328124,0.5252540111541748,0.6841564178466797,-0.1375525891780853,0.9999600648880004,0.5498378872871399,0.6870501041412354,-0.1317304819822311,0.9998977780342102,0.5346105098724365,0.6714630126953125,-0.1979422718286514,0.9999887347221376,0.5452509522438049,0.6725528836250305,-0.1963171660900116,0.999981164932251,0.5045658946037292,0.6079508662223816,-0.0738858878612518,0.9999882578849792,0.5698949694633484,0.6076008677482605,-0.0578707344830036,0.9999359846115112,0.4956825673580169,0.5074104070663452,-0.026687828823924,0.9889345169067384,0.5758733153343201,0.510563850402832,-0.0098717799410223,0.944202721118927,0.4915025532245636,0.4232995212078094,-0.0930802598595619,0.9811022877693176,0.5828615427017212,0.4277354180812835,-0.0741228759288787,0.9309203624725342,0.4864915907382965,0.3961317539215088,-0.1143565401434898,0.9603672027587892,0.5864903926849365,0.40028977394104,-0.0949927866458892,0.8871121406555176,0.4907206296920776,0.3958334922790527,-0.142129048705101,0.9633817672729492,0.5833600163459778,0.3992275595664978,-0.1244982481002807,0.8948628306388855,0.4939715564250946,0.4046061336994171,-0.1053639650344848,0.9546400904655457,0.5811088681221008,0.4077797532081604,-0.0874417871236801,0.8854934573173523,0.5193557143211365,0.4334551393985748,-0.0059367646463215,0.9997736811637878,0.5598942637443542,0.4320096671581268,0.0058898185379803,0.9996464252471924,0.5190348625183105,0.2747455537319183,-0.0331232920289039,0.9712846279144288,0.5609051585197449,0.2735992968082428,-0.0191285870969295,0.947336971759796,0.5253286361694336,0.1259348094463348,0.063089795410633,0.973243236541748,0.553490400314331,0.127878189086914,0.081961914896965,0.9436607956886292,0.5281304717063904,0.1093390211462974,0.0659195631742477,0.6343513131141663,0.5509217977523804,0.1130992993712425,0.0858031883835792,0.621982216835022,0.5259772539138794,0.0778142139315605,-0.0450232662260532,0.958348512649536,0.554594874382019,0.0789237171411514,-0.0174688138067722,0.9376189708709716,hoyeon_stand_normal_01,9.219544,5.09902,1.414214,3.605551,6.324555,8.544004,10.440307,11.401754,11.401754,12.369317,11.401754,11.18034,10.049876,9.0,8.062258,6.324555,5.656854,6.324555,7.071068,10.77033,13.892444,17.204651,20.808652,22.203603,23.323808,21.954498,2.236068,4.472136,7.28011,9.219544,12.369317,13.601471,14.866069,15.231546,15.231546,14.317821,12.529964,11.661904,9.433981,7.211103,5.0,2.236068,1.0,3.605551,6.403124,9.433981,12.529964,14.764823,16.552945,17.088007,17.720045,15.524175,16.155494,14.56022,14.317821,13.038405,12.0,11.18034,10.440307,9.486833,8.944272,7.81025,7.81025,7.211103,7.28011,8.062258,10.049876,11.18034,13.341664,15.524175,16.763055,18.681542,18.439089,18.439089,18.248288,16.124515,14.035669,11.0,3.605551,2.0,4.123106,7.0,9.486833,12.083046,13.601471,14.866069,14.866069,13.601471,12.529964,10.29563,8.544004,6.708204,3.605551,2.236068,2.828427,4.472136,7.615773,10.77033,13.0,15.652476,17.0,18.35756,18.35756,18.35756,16.492423,14.317821,12.165525,11.045361,10.049876,9.486833,9.848858,11.661904,13.416408,14.317821,15.652476,16.763055,17.464249,18.248288,20.024984,20.024984,19.104973,18.439089,15.524175,12.165525,10.0,7.615773,7.81025,10.77033,14.317821,16.278821,9.055385,8.246211,6.403124,7.211103,9.486833,11.18034,14.142136,15.132746,17.262677,17.262677,17.464249,16.763055,14.866069,14.317821,13.0,12.083046,12.083046,11.7047,10.440307,11.18034,12.041595,13.038405,15.033296,16.124515,17.117243,17.262677
hoyeon_stand_normal_01,2790,930,93.00508196721312,29.998360745314464,10,0.5399562120437622,0.6848053336143494,-0.224584549665451,0.9999905824661256,0.5356065034866333,0.695085883140564,-0.213751807808876,0.9999704360961914,0.5329521298408508,0.694533109664917,-0.2137560844421386,0.999972939491272,0.5300711393356323,0.6935855746269226,-0.2137747704982757,0.9999747276306152,0.5430238246917725,0.6955338716506958,-0.21263088285923,0.9999586939811708,0.5457141399383545,0.6953175663948059,-0.2126425206661224,0.9999558925628662,0.5477098822593689,0.694890022277832,-0.2126329690217971,0.9999545216560364,0.5254868865013123,0.6841759085655212,-0.1319659054279327,0.9999607801437378,0.5500327944755554,0.6870048642158508,-0.1269367039203643,0.9998987913131714,0.5346847772598267,0.6714621782302856,-0.1927647888660431,0.9999889731407166,0.5453585982322693,0.6725488901138306,-0.1913677901029586,0.9999814629554749,0.504766047000885,0.6079472899436951,-0.069290280342102,0.999988317489624,0.5701751112937927,0.6076362729072571,-0.0544651709496974,0.9999369978904724,0.4958412945270538,0.5074173808097839,-0.023022973909974,0.9890535473823548,0.5760079026222229,0.5105739235877991,-0.0073652639985084,0.9449467062950134,0.4916330873966217,0.4231857359409332,-0.0903468057513237,0.9811674356460572,0.5831499695777893,0.4277334213256836,-0.0720425024628639,0.9318435192108154,0.486610859632492,0.3960634768009186,-0.1122707948088646,0.9604315757751464,0.5868780016899109,0.4002951085567474,-0.0930946990847587,0.8882626891136169,0.490852802991867,0.3958197832107544,-0.1393487155437469,0.9634642601013184,0.5838702321052551,0.3992249369621277,-0.1227014064788818,0.895988404750824,0.4940912425518036,0.4046063721179962,-0.1025267839431762,0.9547500014305116,0.5816071629524231,0.4077775180339813,-0.0854560136795044,0.8866260647773743,0.5195288062095642,0.4334396719932556,-0.0059953653253614,0.9997738003730774,0.5601093173027039,0.4320642650127411,0.0059469952248036,0.9996477961540222,0.5191675424575806,0.2747326791286468,-0.0329564660787582,0.9717292189598083,0.5610179901123047,0.2736677527427673,-0.0187789723277091,0.948472499847412,0.5253291130065918,0.1260064989328384,0.0635650679469108,0.9737046957015992,0.5535953640937805,0.1283057630062103,0.0826631486415863,0.9444961547851562,0.5281192064285278,0.1093752011656761,0.066368244588375,0.6364362239837646,0.550995945930481,0.1136163845658302,0.0865173786878585,0.6247427463531494,0.5260461568832397,0.0779913216829299,-0.0448279231786727,0.9589534997940063,0.5550222992897034,0.0791860297322273,-0.0168514251708984,0.9385083317756652,hoyeon_stand_normal_01,21.587033,22.203603,22.090722,21.0,18.027756,15.033296,11.0,8.0,5.09902,3.605551,4.123106,5.830952,7.81025,10.630146,13.453624,15.620499,17.029386,19.849433,19.849433,19.849433,18.439089,16.401219,13.038405,9.486833,9.219544,11.401754,16.124515,16.492423,15.811388,15.231546,12.529964,10.29563,6.708204,3.0,3.605551,5.0,8.0,10.0,12.0,13.038405,14.035669,15.132746,15.297059,14.56022,13.928388,12.083046,9.848858,5.385165,2.236068,5.09902,9.848858,14.866069,15.811388,14.317821,14.035669,13.0,12.041595,11.401754,10.77033,8.944272,8.602325,7.81025,7.211103,7.615773,7.28011,8.0,10.198039,11.401754,13.0,15.231546,16.552945,18.384776,18.384776,18.027756,17.720045,15.524175,14.317821,11.18034,2.828427,2.236068,4.123106,7.0,10.198039,13.0,13.892444,14.21267,14.142136,14.21267,12.206556,10.29563,8.062258,5.830952,3.605551,2.0,2.236068,5.385165,7.615773,10.77033,13.0,15.231546,17.464249,17.464249,18.384776,17.464249,16.492423,14.142136,12.369317,10.77033,9.433981,9.219544,9.219544,10.816654,11.661904,13.038405,15.0,16.278821,17.691806,18.601075,18.867962,19.235384,19.313208,18.027756,15.524175,12.649111,9.848858,7.071068,7.071068,9.219544,11.7047,15.231546,10.29563,8.602325,7.81025,7.28011,8.0,11.18034,12.649111,14.866069,16.763055,16.492423,17.464249,17.117243,15.132746,15.033296,14.035669,13.0,12.0,11.045361,11.18034,11.401754,12.649111,13.928388,14.866069,16.155494,16.763055,17.720045
hoyeon_stand_normal_01,2793,931,93.105087431694,29.998360745314464,10,0.5399696826934814,0.6847931742668152,-0.2258878350257873,0.999990701675415,0.5356379747390747,0.6950771808624268,-0.2149806022644043,0.9999706149101256,0.5329952836036682,0.6945265531539917,-0.2149839550256729,0.9999731779098512,0.5301198363304138,0.6935716867446899,-0.2150028049945831,0.9999749064445496,0.5430523753166199,0.6955223083496094,-0.2141702473163604,0.999958872795105,0.5457538962364197,0.6952968835830688,-0.2141813337802887,0.99995619058609,0.5477704405784607,0.6948719024658203,-0.2141721993684768,0.999954640865326,0.525648295879364,0.6841838359832764,-0.1324263662099838,0.9999613165855408,0.5501947999000549,0.6869845986366272,-0.1287369728088379,0.9998995661735536,0.53470778465271,0.6714404225349426,-0.1937150806188583,0.9999891519546508,0.5454128980636597,0.6725436449050903,-0.1927091926336288,0.9999816417694092,0.5050919651985168,0.6079329252243042,-0.0683662667870521,0.9999884366989136,0.5705776214599609,0.6076632738113403,-0.055726408958435,0.9999380111694336,0.4960186779499054,0.5074083209037781,-0.0214653797447681,0.989105463027954,0.5761726498603821,0.5106146335601807,-0.0074411774985492,0.9456747174263,0.4917244911193847,0.423173576593399,-0.088483527302742,0.981147289276123,0.5835210680961609,0.4277337193489074,-0.0722511261701583,0.932807445526123,0.486728698015213,0.3960297703742981,-0.1089363545179367,0.9603579640388488,0.5872904062271118,0.4003255665302276,-0.0933077484369278,0.8895685076713562,0.4909919798374176,0.3958111107349396,-0.1372000724077224,0.9634164571762084,0.5844367146492004,0.3992423713207245,-0.1234947219491005,0.8972716927528381,0.4942210614681244,0.4046072363853454,-0.1009271293878555,0.9547033905982972,0.5821936130523682,0.4077997505664825,-0.0858981609344482,0.8879306316375732,0.5196284055709839,0.433431476354599,-0.0059967483393847,0.9997747540473938,0.5602667927742004,0.4322701692581177,0.0059480057097971,0.999650239944458,0.5192015171051025,0.2747113406658172,-0.0326646938920021,0.9720237851142884,0.5610189437866211,0.2737278342247009,-0.0187534503638744,0.949211597442627,0.5254020690917969,0.1259797215461731,0.0639439970254898,0.974013090133667,0.5536704659461975,0.1285134255886078,0.083000510931015,0.944976806640625,0.5281907916069031,0.1092950776219368,0.0667008012533187,0.6371955275535583,0.5510876774787903,0.1137944459915161,0.0868858471512794,0.6263442039489746,0.5263229608535767,0.0781322196125984,-0.0446507260203361,0.9593687653541564,0.5551702976226807,0.0797098278999328,-0.0164750628173351,0.9391475319862366,hoyeon_stand_normal_01,18.973666,19.646883,19.416488,18.248288,16.124515,13.038405,9.055385,6.082763,3.162278,2.0,3.605551,5.830952,8.062258,11.18034,13.0,15.231546,17.088007,19.313208,19.697716,19.313208,18.384776,15.811388,13.341664,10.0,8.602325,10.816654,16.155494,16.552945,16.124515,15.0,12.806248,9.219544,6.403124,4.123106,2.828427,5.385165,7.071068,10.049876,11.18034,12.165525,13.341664,14.56022,14.866069,13.928388,13.416408,11.661904,9.433981,5.830952,1.414214,3.605551,8.062258,12.529964,14.317821,13.601471,13.152946,12.041595,12.041595,11.18034,10.440307,9.848858,8.602325,8.485281,7.81025,7.615773,8.246211,9.0,10.049876,11.401754,13.601471,15.811388,17.088007,18.027756,18.973666,18.973666,18.681542,16.492423,14.317821,11.18034,3.605551,2.236068,4.0,6.324555,9.433981,11.313708,12.806248,13.892444,13.416408,12.649111,11.401754,10.049876,7.0,5.0,3.0,2.0,5.09902,7.615773,9.848858,12.529964,14.764823,16.643317,18.027756,18.027756,16.643317,17.48441075,13.038405,14.422205,15.264338,15.264338,14.422205,13.601471,12.806248,12.041595,9.899495,9.219544,7.071068,5.656854,4.472136,4.0,5.830952,7.81025,10.630146,12.727922,16.278821,18.439089,19.849433,20.808652,20.808652,18.867962,17.492856,14.764823,13.453624,15.556349,16.278821,17.029386,17.029386,15.620499,15.0,12.806248,11.313708,9.219544,7.615773,7.071068,7.0,7.071068,7.28011,8.544004,9.486833,9.848858,10.77033,10.77033,11.7047,11.7047,11.18034,10.816654,10.816654,11.313708
hoyeon_stand_normal_01,2796,932,93.20509289617486,29.998360745314464,10,0.5400182008743286,0.6847666501998901,-0.2229893058538437,0.999990701675415,0.5356990098953247,0.6950451731681824,-0.211958646774292,0.9999706149101256,0.5330731272697449,0.6944956183433533,-0.211962953209877,0.9999732375144958,0.5302092432975769,0.6935247182846069,-0.2119825631380081,0.9999749064445496,0.5431044101715088,0.6954941153526306,-0.2111910730600357,0.9999588131904602,0.5458130240440369,0.695261538028717,-0.2112019807100296,0.99995619058609,0.5478418469429016,0.6948453187942505,-0.2111937403678894,0.9999545216560364,0.525852620601654,0.6841890215873718,-0.1293201744556427,0.9999614953994752,0.5503283739089966,0.6869741082191467,-0.12588432431221,0.9998997449874878,0.5347929000854492,0.6714157462120056,-0.1908144205808639,0.9999892711639404,0.5455157160758972,0.6725382208824158,-0.1898871064186096,0.999981701374054,0.5055699348449707,0.6079273819923401,-0.0663319081068039,0.9999884366989136,0.5708948373794556,0.6077135801315308,-0.0535420551896095,0.9999387860298156,0.4963358938694,0.5074113607406616,-0.0202769301831722,0.9890307188034058,0.5763843059539795,0.5106287598609924,-0.0063198106363415,0.946079432964325,0.4920375049114227,0.4231693148612976,-0.0862958878278732,0.9810115694999696,0.5838092565536499,0.4277311265468597,-0.0712694972753524,0.93342524766922,0.4869558215141296,0.3959541618824005,-0.1067436710000038,0.9601151943206788,0.5876452326774597,0.4003420770168304,-0.0924476385116577,0.8904645442962646,0.491222083568573,0.3957702815532684,-0.1353332251310348,0.96320778131485,0.5848279595375061,0.399243026971817,-0.1225814074277877,0.8981766700744629,0.4944584965705871,0.4046011865139007,-0.098878875374794,0.954407274723053,0.5825684070587158,0.4078039228916168,-0.0849021524190902,0.8888053297996521,0.5197957754135132,0.4338216781616211,-0.0059989476576447,0.9997749924659728,0.5603711605072021,0.4325149655342102,0.005950154736638,0.9996524453163148,0.5193207263946533,0.2748143970966339,-0.0325449965894222,0.9722003936767578,0.5610496997833252,0.2737905383110046,-0.0186708085238933,0.949647843837738,0.5254350304603577,0.1259693801403045,0.0632490143179893,0.9742948412895204,0.5537990927696228,0.1285302937030792,0.0824871808290481,0.9454259276390076,0.528217077255249,0.1091444492340087,0.0658306032419204,0.6382895708084106,0.551289439201355,0.1137768253684043,0.0861803516745567,0.6277483105659485,0.5265406966209412,0.0782726854085922,-0.0458496250212192,0.959791660308838,0.5552741885185242,0.0800391137599945,-0.0176848489791154,0.9396933913230896,hoyeon_stand_normal_01,20.518285,22.022716,21.633308,20.248457,17.492856,13.892444,10.29563,6.403124,2.828427,2.236068,4.123106,7.071068,10.0,12.0,15.033296,17.029386,20.099751,22.090722,22.022716,22.022716,21.095023,18.11077,14.317821,11.18034,9.433981,11.045361,17.117243,17.464249,17.720045,16.155494,13.416408,10.77033,7.615773,4.0,3.605551,5.0,8.062258,10.049876,12.165525,13.152946,15.033296,15.033296,15.0,16.03122,15.132746,12.165525,9.219544,6.324555,1.0,3.605551,9.433981,14.21267,15.0145805,14.1231045,12.509214,12.10356,12.0,11.045361,10.319173,9.0154185,8.062258,7.81025,7.440659,7.1619885,7.7631605,8.5276925,9.63471,10.8103235,13.125291,14.7262815,16.4592745,17.136495,18.0728955,18.0728955,17.404026,15.572445,13.3956235,10.8103235,3.3027755,2.9208095,4.04951,6.9701640000000005,9.6162355,12.059978,13.0495,13.8671145,13.601471,13.341664,12.10356,10.049876,7.5,5.5413815,2.5811390000000003,1.0,2.4142135,4.977029,7.385231,10.332756,13.0657175,14.7111025,16.420386999999998,17.5045725,17.821869999999997,17.5045725,13.038405,14.0,15.033296,15.0,15.033296,15.132746,14.142136,12.369317,11.401754,9.486833,8.246211,6.082763,5.0,4.472136,5.0,7.615773,10.77033,13.601471,15.811388,18.027756,19.313208,21.023796,21.023796,20.124612,17.492856,15.264338,12.369317,14.56022,15.811388,17.088007,16.155494,15.231546,13.928388,11.7047,9.486833,8.062258,7.071068,6.324555,6.403124,7.071068,7.81025,8.602325,10.0,10.0,11.401754,11.401754,12.041595,11.401754,10.816654,11.661904,11.18034,11.401754
hoyeon_stand_normal_01,2799,933,93.30509836065572,29.998360745314464,10,0.5400918126106262,0.6847224235534668,-0.2215104103088379,0.999990701675415,0.5358095169067383,0.6949853301048279,-0.210425391793251,0.9999706149101256,0.5331889390945435,0.6944334506988525,-0.2104318737983703,0.9999732375144958,0.530329704284668,0.6934388279914856,-0.2104499638080597,0.9999749064445496,0.543222188949585,0.6954154968261719,-0.2098430693149566,0.9999587535858154,0.5459467172622681,0.6951600313186646,-0.2098535448312759,0.99995619058609,0.5479748845100403,0.694756805896759,-0.2098482251167297,0.9999544620513916,0.5260436534881592,0.6841861605644226,-0.1272955536842346,0.9999614953994752,0.5505600571632385,0.6869134306907654,-0.1246581375598907,0.9998997449874878,0.5348833799362183,0.6713860630989075,-0.189134880900383,0.9999893307685852,0.5456511974334717,0.6725206971168518,-0.1884333044290542,0.9999817609786988,0.5059432983398438,0.6079259514808655,-0.0642974525690078,0.9999883770942688,0.5712394714355469,0.6077216863632202,-0.0533726587891578,0.9999393820762634,0.4965453445911407,0.5073873996734619,-0.0192190706729888,0.9889323115348816,0.5767826437950134,0.5104186534881592,-0.0058463746681809,0.9465791583061218,0.4924969375133514,0.4231133759021759,-0.0859775990247726,0.9808745980262756,0.5840228796005249,0.4276016652584076,-0.0706532299518585,0.9341214299201964,0.4873450994491577,0.3958111107349396,-0.1065253689885139,0.9598721861839294,0.5878475904464722,0.4003114700317383,-0.0919638499617576,0.8914886116981506,0.4916682839393616,0.3955772221088409,-0.134847804903984,0.9629939198493958,0.5849810242652893,0.3991845250129699,-0.121927835047245,0.8991826772689819,0.4948730170726776,0.4044850468635559,-0.0984695330262184,0.9541378021240234,0.5827187895774841,0.407763659954071,-0.0842374712228775,0.889782726764679,0.5199580788612366,0.4338157773017883,-0.0059713805094361,0.9997745752334596,0.5605409145355225,0.4325291812419891,0.0059225363656878,0.9996533393859864,0.5194790959358215,0.2746456265449524,-0.0317593924701213,0.9722384810447692,0.5611537098884583,0.2737896144390106,-0.0184839777648448,0.9500696063041688,0.5254198312759399,0.1257197707891464,0.0632809251546859,0.9744608402252196,0.5538290739059448,0.1285114586353302,0.0821592882275581,0.9457099437713624,0.5282086730003357,0.1089327037334442,0.0658702403306961,0.6399245262145996,0.551321268081665,0.113532431423664,0.0857644751667976,0.6282362341880798,0.5265305042266846,0.0782216563820838,-0.045559212565422,0.9600995182991028,0.5551940202713013,0.0802372395992279,-0.0180320274084806,0.9400473833084106,hoyeon_stand_normal_01,8.062258,4.123106,1.0,4.472136,7.615773,9.848858,11.7047,11.7047,12.649111,12.649111,11.401754,11.18034,10.049876,9.0,7.071068,6.708204,5.656854,6.082763,9.219544,12.083046,16.124515,18.867962,22.472205,24.186773,24.186773,23.706539,2.828427,5.385165,8.246211,11.18034,13.601471,14.866069,16.155494,16.552945,15.652476,14.764823,13.038405,10.816654,8.602325,6.403124,3.605551,1.0,2.236068,4.472136,8.062258,10.29563,13.416408,15.231546,17.088007,17.720045,17.464249,14.317821,14.56022,13.928388,13.038405,12.206556,11.313708,11.401754,10.29563,8.544004,8.246211,8.0,7.071068,6.708204,7.211103,7.81025,9.433981,11.18034,13.601471,14.866069,16.763055,17.720045,17.720045,17.720045,16.763055,14.866069,13.0,10.77033,4.242641,3.0,5.0,7.071068,10.049876,12.369317,13.0,13.892444,13.601471,12.727922,12.041595,10.0,7.211103,4.472136,2.236068,2.236068,5.385165,8.246211,10.198039,13.152946,15.132746,17.117243,18.027756,18.11077,17.117243,15.213097,15.811388,14.21267,12.206556,11.18034,9.486833,9.055385,10.198039,11.18034,13.341664,15.297059,16.124515,17.0,18.027756,19.235384,20.396078,20.248457,19.697716,18.35756,15.652476,12.529964,9.486833,7.071068,7.81025,10.816654,13.416408,16.552945,8.944272,8.246211,6.0,6.708204,8.485281,10.816654,13.892444,15.811388,17.204651,17.204651,17.029386,16.970563,15.556349,14.21267,12.806248,12.041595,12.041595,11.313708,10.0,10.816654,11.661904,13.416408,14.764823,16.124515,17.492856,18.027756
hoyeon_stand_normal_01,2802,934,93.4051038251366,29.998360745314464,10,0.5401964783668518,0.6846669316291809,-0.2236708551645279,0.9999908208847046,0.5359488725662231,0.6949204802513123,-0.2126310020685196,0.9999710321426392,0.5333243012428284,0.6943607330322266,-0.2126365602016449,0.9999735951423644,0.5304694771766663,0.6933398246765137,-0.2126548141241073,0.9999752044677734,0.5433685779571533,0.6953439116477966,-0.211989551782608,0.9999593496322632,0.5461055040359497,0.6950782537460327,-0.2120005786418914,0.9999568462371826,0.5481301546096802,0.694694995880127,-0.2119916975498199,0.9999550580978394,0.5262640118598938,0.6841799020767212,-0.1295807957649231,0.9999620914459229,0.5507935285568237,0.6868805289268494,-0.1268411576747894,0.9999012351036072,0.5350130796432495,0.6713436245918274,-0.1913395673036575,0.9999895095825196,0.545796811580658,0.6724977493286133,-0.1906024068593979,0.9999820590019226,0.5063294768333435,0.6079314351081848,-0.0664045065641403,0.9999883770942688,0.5716012716293335,0.6077287793159485,-0.0546484068036079,0.9999400973320008,0.4967004060745239,0.507384717464447,-0.021022206172347,0.9889739751815796,0.5773268938064575,0.5099143981933594,-0.0083676911890506,0.9475160837173462,0.4928706586360931,0.423007607460022,-0.0892649143934249,0.9809091687202454,0.5843108296394348,0.4270918071269989,-0.0742170363664627,0.93504536151886,0.4877499938011169,0.3955866694450378,-0.1108805388212204,0.9598561525344848,0.5880247950553894,0.4000550210475921,-0.0957860052585601,0.8926920890808105,0.4921272099018097,0.3953583240509033,-0.1386446505784988,0.9629941582679749,0.5850762724876404,0.3988420963287353,-0.1255057603120803,0.9003528952598572,0.4952772557735443,0.404311329126358,-0.1016469076275825,0.9541477560997008,0.5828396677970886,0.4074866771697998,-0.0876787602901458,0.8909352421760559,0.5201084017753601,0.4338550865650177,-0.0059662801213562,0.999772846698761,0.5606500506401062,0.4325944781303406,0.0059170918539166,0.9996521472930908,0.5195723176002502,0.2746836841106415,-0.0313580259680748,0.9722114205360411,0.56114661693573,0.2741016149520874,-0.0178949274122715,0.95038902759552,0.5253907442092896,0.125729039311409,0.0633058473467826,0.9745035767555236,0.5538292527198792,0.1285033077001571,0.0814913511276245,0.9459112882614136,0.5282018780708313,0.1089278608560562,0.0659219920635223,0.6409393548965454,0.5513346195220947,0.1134757325053215,0.0849121734499931,0.6281526684761047,0.5264691114425659,0.0783760324120521,-0.0453613474965095,0.9602424502372742,0.5549154877662659,0.0803335756063461,-0.0191710125654935,0.940253496170044,hoyeon_stand_normal_01,8.062258,5.09902,1.414214,3.605551,6.708204,8.944272,10.29563,11.18034,11.18034,10.77033,10.77033,9.486833,8.246211,7.071068,6.0,5.385165,4.472136,6.0,8.544004,11.661904,15.811388,19.209373,21.400935,23.600847,24.413111,23.021729,1.414214,4.472136,7.211103,10.0,12.206556,13.453624,14.142136,14.142136,14.142136,12.806248,11.401754,10.0,7.211103,5.0,2.828427,1.0,2.0,5.09902,8.246211,11.18034,13.341664,16.124515,17.117243,18.027756,17.0,15.033296,15.0,14.21267,13.453624,12.206556,11.18034,10.77033,9.219544,9.0,8.062258,7.28011,6.708204,7.071068,7.211103,8.246211,9.055385,11.0,13.038405,15.033296,16.124515,17.117243,17.117243,17.117243,16.124515,15.033296,13.038405,10.0,4.472136,3.0,5.0,6.708204,10.440307,12.041595,14.035669,14.317821,13.601471,13.416408,11.661904,9.433981,7.81025,5.656854,2.828427,2.828427,5.0,8.062258,10.816654,12.529964,15.652476,16.552945,17.464249,17.888544,17.888544,12.9216215,13.038405,15.132746,15.132746,16.124515,16.124515,15.033296,15.0,13.038405,11.045361,10.049876,8.062258,7.0,5.09902,4.472136,5.830952,7.615773,11.401754,13.341664,16.492423,18.681542,20.880613,22.135944,21.540659,20.615528,18.384776,15.652476,13.0,15.0,17.029386,18.027756,17.117243,16.124515,14.142136,13.038405,10.0,9.055385,7.615773,7.211103,6.403124,7.211103,8.062258,8.944272,9.848858,10.77033,11.18034,12.529964,12.529964,12.529964,11.18034,11.7047,12.369317,12.041595
hoyeon_stand_normal_01,2805,935,93.50510928961748,29.998360745314464,10,0.5403077602386475,0.6846600770950317,-0.2299518436193466,0.9999911189079284,0.536066472530365,0.6949061155319214,-0.2187496125698089,0.9999719858169556,0.5334456562995911,0.6943398714065552,-0.218754768371582,0.999974489212036,0.5305909514427185,0.6933020949363708,-0.2187715619802475,0.9999759793281556,0.5434998273849487,0.6953354477882385,-0.2181586176156997,0.9999606609344482,0.5462561249732971,0.6950685977935791,-0.2181705087423324,0.9999582767486572,0.5482931733131409,0.6946910619735718,-0.2181575149297714,0.999956488609314,0.5264814496040344,0.684178352355957,-0.1351664662361145,0.9999633431434632,0.5510250926017761,0.6868788003921509,-0.1326004564762115,0.999904453754425,0.5351523756980896,0.6713331341743469,-0.1974983662366867,0.999989926815033,0.5459681749343872,0.6724977493286133,-0.1968055069446563,0.9999827146530152,0.5066478252410889,0.6079772710800171,-0.0713414698839187,0.9999885559082032,0.5719712972640991,0.6077290773391724,-0.0594229251146316,0.999941110610962,0.4967449307441711,0.50739586353302,-0.0245662368834018,0.989215612411499,0.577894389629364,0.5090006589889526,-0.0128107368946075,0.9491133689880372,0.4931752383708954,0.4228000342845917,-0.0937800109386444,0.9812471866607666,0.5846503376960754,0.4264025688171386,-0.0801081135869026,0.9368211030960084,0.4880956709384918,0.3952941298484802,-0.1157665252685546,0.9603566527366638,0.5882112383842468,0.3997436165809631,-0.1020416915416717,0.8950618505477905,0.4924689829349518,0.3950626254081726,-0.1434380710124969,0.9634791016578674,0.5851873755455017,0.3983674049377441,-0.1317656636238098,0.9026203155517578,0.4956059753894806,0.4040588438510895,-0.1061173006892204,0.9547727704048156,0.583003044128418,0.4071168303489685,-0.0935378149151802,0.8933007121086121,0.5202032327651978,0.4336328506469726,-0.005974696483463,0.9997721314430236,0.560778021812439,0.4324821233749389,0.0059241824783384,0.9996508359909058,0.5196662545204163,0.2746120095252991,-0.0297044198960065,0.9722283482551576,0.5610638856887817,0.2741084098815918,-0.0175042729824781,0.9504998326301576,0.5253584980964661,0.1258504837751388,0.0696177035570144,0.9744253158569336,0.5537728071212769,0.1285903751850128,0.085396334528923,0.9454793930053712,0.5281811356544495,0.1089691072702407,0.0727641656994819,0.6408031582832336,0.5513068437576294,0.1135574579238891,0.0894518122076988,0.6266365051269531,0.5264145135879517,0.0785198137164115,-0.0376898683607578,0.9601544737815856,0.5546529293060303,0.080447219312191,-0.0141329998150467,0.9399033188819884,hoyeon_stand_normal_01,11.661904,6.403124,3.0,5.09902,8.062258,12.0,13.0,15.0,15.0,15.033296,14.035669,13.152946,12.165525,10.440307,8.944272,7.071068,5.385165,6.324555,9.899495,14.422205,19.723083,25.059928,28.653098,30.016662,31.064449,29.681644,2.236068,5.0,9.055385,12.041595,15.033296,17.0,19.026298,18.11077,18.11077,16.278821,14.317821,12.369317,9.219544,6.324555,3.162278,1.0,3.605551,7.211103,10.816654,14.21267,18.439089,21.213203,23.345235,23.430749,22.803509,19.416488,15.0,15.811388,16.643317,16.124515,15.231546,14.866069,14.317821,14.035669,14.0,14.142136,14.142136,14.317821,14.56022,14.866069,13.928388,13.0,12.529964,11.661904,9.899495,8.944272,9.219544,11.045361,13.601471,16.155494,18.788294,20.615528,18.439089,19.723083,20.248457,19.646883,18.027756,14.142136,10.77033,6.403124,4.0,4.472136,8.0,10.198039,13.0,14.764823,15.811388,17.029386,16.970563,16.278821,15.620499,14.21267,12.806248,10.630146,8.062258,7.0,8.062258,10.630146,12.403124,14.106335,14.1241695,14.5178345,14.106335,14.4330345,12.883163499999998,11.543478,10.4140925,8.640901,7.071068,5.328427,4.7541355,4.6213205,5.85486,8.5952415,11.291047,13.617054,16.7462115,18.958463,20.4743275,21.3651395,21.3651395,20.2701935,17.804294499999997,15.521467,12.345353,14.070529,15.577747,16.1821665,16.132169,14.593514,13.2274065,11.872475,9.472136,7.343420500000001,5.915476,5.09902,5.0,5.8698085,6.841616999999999,7.413437999999999,8.5731645,9.2255915,9.7434165,10.2201535,10.2201535,10.2201535,10.793492,10.532979999999998,10.332756,10.7998965
hoyeon_stand_normal_01,2808,936,93.60511475409837,29.998360745314464,10,0.540425717830658,0.6846866607666016,-0.2290572375059127,0.9999913573265076,0.536159873008728,0.6949211359024048,-0.2176990807056427,0.9999725818634032,0.5335401892662048,0.6943501234054565,-0.2177063673734665,0.9999750256538392,0.5306751132011414,0.693305253982544,-0.2177246212959289,0.9999764561653136,0.5436394214630127,0.6953705549240112,-0.2171448767185211,0.9999614953994752,0.5464285612106323,0.6951025724411011,-0.2171559929847717,0.9999592304229736,0.5484887957572937,0.694731593132019,-0.2171440720558166,0.9999574422836304,0.5266369581222534,0.6841875910758972,-0.1339869797229766,0.9999641180038452,0.5512849688529968,0.6869134306907654,-0.1315392404794693,0.999906837940216,0.5352802276611328,0.6713407039642334,-0.1965959370136261,0.9999902248382568,0.5461607575416565,0.6725392937660217,-0.1959376335144043,0.9999831914901732,0.5069611668586731,0.6080642938613892,-0.0703417435288429,0.999988615512848,0.5722999572753906,0.6077167987823486,-0.0589505694806575,0.9999417662620544,0.4968045055866241,0.5074589848518372,-0.0235723201185464,0.9892582297325134,0.5783059597015381,0.5083492398262024,-0.0130496621131896,0.9501191973686218,0.493378609418869,0.4227368533611297,-0.0925709754228591,0.981261670589447,0.584888756275177,0.4257204532623291,-0.0812482759356498,0.9378974437713624,0.4883261620998382,0.3951262235641479,-0.1145897060632705,0.9603338241577148,0.5883963108062744,0.3992663025856018,-0.1034459844231605,0.8964794874191284,0.4926910400390625,0.3949039578437805,-0.1422607451677322,0.9634801745414734,0.5853294730186462,0.3977289497852325,-0.133276417851448,0.9039904475212096,0.4958454072475433,0.4039450585842132,-0.1049478277564048,0.954821527004242,0.5831750631332397,0.4066362082958221,-0.0947625115513801,0.8947575688362122,0.5202324986457825,0.4330869913101196,-0.005974375642836,0.9997721910476683,0.5609390735626221,0.4321089684963226,0.0059235664084553,0.999650776386261,0.5196751356124878,0.2742312252521515,-0.0276921316981315,0.9725040197372437,0.5610913038253784,0.2737940549850464,-0.0170754995197057,0.9509613513946532,0.5253333449363708,0.1258485168218612,0.0750523507595062,0.9745934009552002,0.5537461638450623,0.1286209225654602,0.0900622606277465,0.9455470442771912,0.528124988079071,0.108888953924179,0.0784932225942611,0.6420060396194458,0.551277756690979,0.113616332411766,0.0946070253849029,0.6270655393600464,0.5264123678207397,0.0785413309931755,-0.0314999856054782,0.9603757858276368,0.5545830130577087,0.0804493948817253,-0.0082812486216425,0.9400563836097716,hoyeon_stand_normal_01,20.024984,21.0,21.023796,19.104973,16.278821,13.152946,10.198039,7.071068,4.123106,2.236068,3.162278,5.656854,7.81025,10.0,12.206556,14.422205,16.643317,18.027756,18.867962,18.867962,17.492856,14.764823,12.083046,9.055385,8.062258,10.816654,14.21267,15.811388,14.764823,13.0,10.77033,8.544004,5.385165,2.828427,2.236068,4.472136,7.615773,8.944272,11.18034,12.083046,12.529964,13.038405,13.038405,12.806248,12.041595,9.899495,7.071068,4.242641,1.414214,5.385165,9.486833,14.317821,17.029386,17.804494,18.601075,18.027756,17.492856,16.552945,16.763055,15.524175,16.124515,15.033296,15.033296,16.0,16.03122,16.03122,15.132746,14.142136,13.341664,11.7047,10.29563,9.899495,9.848858,11.18034,14.0,16.03122,18.248288,20.099751,16.970563,19.209373,19.235384,18.973666,16.124515,14.035669,9.486833,5.656854,4.123106,5.830952,9.055385,12.041595,13.341664,15.231546,17.0,16.643317,17.204651,17.029386,16.278821,14.866069,12.806248,10.816654,8.246211,8.062258,10.29563,12.041595,15.811388,15.811388,13.601471,11.18034,10.0,10.049876,10.440307,10.77033,11.7047,13.928388,14.866069,16.492423,17.262677,18.027756,19.026298,19.235384,19.416488,17.720045,15.811388,13.601471,10.198039,8.062258,7.211103,9.433981,11.7047,14.866069,10.198039,8.544004,8.062258,7.81025,9.486833,11.18034,13.152946,15.132746,17.117243,18.439089,17.464249,16.763055,16.155494,15.652476,14.317821,13.416408,12.083046,11.18034,10.77033,11.401754,12.369317,14.142136,14.142136,16.124515,17.262677,16.492423
hoyeon_stand_normal_01,2811,937,93.70512021857924,29.998360745314464,10,0.5404806137084961,0.6848264336585999,-0.2270416766405105,0.9999914765357972,0.5362022519111633,0.6949980854988098,-0.215842455625534,0.9999728202819824,0.5335819125175476,0.6944180130958557,-0.2158485502004623,0.9999752044677734,0.5307133197784424,0.6933630108833313,-0.2158677279949188,0.999976634979248,0.5437119007110596,0.6954761743545532,-0.2151150554418563,0.9999619126319884,0.5465115904808044,0.6952065229415894,-0.2151257842779159,0.9999597072601318,0.5486264824867249,0.6948233246803284,-0.2151137888431549,0.9999579787254332,0.5267476439476013,0.684233546257019,-0.1329141110181808,0.9999642372131348,0.5514547824859619,0.6869683861732483,-0.1296072602272033,0.9999081492424012,0.5353317856788635,0.6714228987693787,-0.1947577744722366,0.9999903440475464,0.5462729930877686,0.672650933265686,-0.193934366106987,0.9999834895133972,0.5072023868560791,0.6081715226173401,-0.0700440630316734,0.9999884366989136,0.5725660920143127,0.6077134609222412,-0.0580027066171169,0.9999421238899232,0.4968579709529876,0.5075322985649109,-0.0234705191105604,0.989149808883667,0.578660786151886,0.5080650448799133,-0.0131935495883226,0.9512638449668884,0.4935791790485382,0.422658234834671,-0.0916215702891349,0.9810340404510498,0.5850967168807983,0.4253771007061004,-0.0804998129606247,0.9388344287872314,0.4884839355945587,0.3949809372425079,-0.1135765686631202,0.959851861000061,0.5885102152824402,0.3989651203155517,-0.1026254519820213,0.8976352214813232,0.4928269684314728,0.3948165774345398,-0.1411857903003692,0.9630565643310548,0.585388720035553,0.397336483001709,-0.1321378946304321,0.9051099419593812,0.4960088729858398,0.4038828611373901,-0.1039528101682663,0.9543738961219788,0.5832544565200806,0.4063367843627929,-0.0938864797353744,0.8959193825721741,0.520236611366272,0.4327373206615448,-0.0055893948301672,0.9997710585594176,0.5610052347183228,0.4318457543849945,0.0055354409851133,0.9996503591537476,0.5196793079376221,0.2742300629615783,-0.027426091954112,0.972363829612732,0.5610941648483276,0.2737954556941986,-0.0170887224376201,0.950932800769806,0.5253425240516663,0.1258655339479446,0.0747745707631111,0.9744692444801332,0.5537555813789368,0.1286567151546478,0.0888377353549003,0.945507287979126,0.5281569957733154,0.1088908910751342,0.0781836509704589,0.6425892114639282,0.5513126254081726,0.1137062460184097,0.0931558832526207,0.6259512305259705,0.5264108777046204,0.0787168890237808,-0.0317089669406414,0.9603466987609864,0.5544884204864502,0.0805012956261634,-0.0097562735900282,0.9400894045829772,hoyeon_stand_normal_01,13.0880205,12.198039,10.8234415,11.1351985,11.613281,11.109772,10.0584895,9.183075,7.6019365,6.810385,7.282016,8.323803,9.4489775,10.173013,10.998814,10.851631,11.4556125,12.4247165,13.807764,15.0990195,16.8847965,17.153288500000002,17.321622,16.3261835,15.929447,16.3836865,8.4330345,9.736068,10.833731,11.555994,12.062320499999998,10.675126,9.7162115,8.625316,8.527360999999999,8.764982,9.6470745,9.6414195,9.2162135,8.7958605,7.984263,7.226812,7.778175,8.788364999999999,10.043179,10.7998965,10.383925,10.016648,8.707107,10.01561,12.589949999999998,13.571068,15.132746,16.124515,16.03122,16.0,15.033296,15.132746,14.56022,14.866069,14.317821,14.764823,13.892444,14.422205,14.422205,13.601471,13.453624,13.453624,12.041595,11.401754,9.848858,9.219544,10.049876,12.649111,14.764823,16.124515,18.867962,20.248457,18.11077,19.646883,19.697716,18.867962,17.029386,14.21267,9.848858,6.082763,3.605551,4.123106,7.071068,9.848858,11.401754,13.152946,15.033296,16.0,16.124515,15.132746,15.297059,13.341664,11.18034,10.049876,8.062258,7.211103,8.602325,10.440307,16.124515,13.892444,12.529964,9.848858,9.219544,8.0,9.055385,10.440307,11.401754,13.341664,15.297059,16.03122,17.0,18.11077,19.235384,18.681542,18.384776,17.464249,14.317821,12.083046,8.544004,5.09902,5.656854,8.944272,12.649111,15.524175,10.77033,9.219544,7.0,7.615773,8.485281,12.206556,13.892444,16.124515,17.492856,17.204651,17.804494,17.029386,16.278821,14.866069,13.453624,12.041595,12.041595,11.313708,10.630146,10.816654,11.661904,13.0,14.317821,15.231546,16.552945,17.888544
hoyeon_stand_normal_01,2814,938,93.80512568306013,29.998360745314464,10,0.5405938029289246,0.6848989129066467,-0.2259014993906021,0.9999916553497314,0.5362736582756042,0.6950408220291138,-0.2147323042154312,0.9999732375144958,0.533653974533081,0.6944608092308044,-0.2147382199764251,0.999975562095642,0.5307827591896057,0.6934065818786621,-0.2147581279277801,0.999976933002472,0.5438256859779358,0.6955175995826721,-0.2139644622802734,0.999962568283081,0.5466314554214478,0.6952432990074158,-0.2139750123023986,0.999960482120514,0.5487866997718811,0.6948519945144653,-0.2139632403850555,0.9999588131904602,0.5268604159355164,0.6842685341835022,-0.1321937143802642,0.9999645352363586,0.5516049861907959,0.6869796514511108,-0.1285604536533355,0.9999099373817444,0.5354393720626831,0.6714877486228943,-0.1936909854412078,0.999990463256836,0.5464315414428711,0.6727213263511658,-0.1928363591432571,0.999983847141266,0.5073782801628113,0.6082080006599426,-0.0695782080292701,0.9999881982803344,0.5727584958076477,0.6077161431312561,-0.0576451569795608,0.9999428987503052,0.4969209730625152,0.5075768828392029,-0.0217806473374366,0.9889664053916932,0.5789338946342468,0.5079590678215027,-0.0131811732426285,0.9522295594215392,0.4938757717609405,0.4226592481136322,-0.0898524448275566,0.9805533289909364,0.585240364074707,0.4251971840858459,-0.080392338335514,0.9394758939743042,0.4887717664241791,0.3949795067310333,-0.1114787608385086,0.9589109420776368,0.5885764956474304,0.3987748324871063,-0.1024753898382186,0.8983917236328125,0.4930066466331482,0.3948178589344024,-0.139003574848175,0.962206780910492,0.5854294896125793,0.3971276581287384,-0.1320434510707855,0.9058579802513124,0.4962096810340881,0.4038841426372528,-0.1022325754165649,0.9534201622009276,0.5833156108856201,0.4061780571937561,-0.0938085094094276,0.8967251181602478,0.5202584862709045,0.4323325455188751,-0.0053512365557253,0.9997697472572328,0.5610429644584656,0.4315961003303528,0.0052951029501855,0.9996506571769714,0.5196956396102905,0.2743772268295288,-0.0264200996607542,0.9723106026649476,0.561094343662262,0.2739938199520111,-0.017004519701004,0.9510689377784728,0.5254043936729431,0.1260363161563873,0.0758321657776832,0.9744546413421632,0.5537599921226501,0.1287111788988113,0.0886498615145683,0.9456318616867064,0.5282410979270935,0.1091424450278282,0.0792626589536666,0.6437686681747437,0.5513244271278381,0.1139079555869102,0.0928973257541656,0.6256182789802551,0.5264091491699219,0.0788637548685073,-0.0304403323680162,0.9604762196540833,0.5544202923774719,0.0805147513747215,-0.0103876264765858,0.94029301404953,hoyeon_stand_normal_01,13.0,6.082763,2.0,7.211103,12.041595,16.278821,19.104973,19.79899,20.518285,20.518285,19.849433,18.601075,16.643317,14.764823,12.649111,10.049876,7.615773,8.944272,13.0,19.646883,26.248809,31.953091,37.336309,40.162171,40.804412,38.600518,3.162278,7.28011,12.083046,16.552945,19.697716,22.472205,24.351591,25.0,23.769729,22.561028,20.223748,17.117243,13.038405,10.0,5.0,2.236068,3.162278,7.071068,13.0,18.027756,22.090722,25.317978,27.658633,29.12044,27.513633,23.769729,15.524175,13.928388,12.529964,11.401754,9.899495,9.433981,7.615773,7.28011,6.0,6.082763,5.830952,5.656854,6.708204,8.544004,10.198039,11.045361,13.0,15.033296,16.03122,17.117243,18.11077,18.11077,17.117243,15.033296,13.038405,10.049876,4.472136,4.472136,6.324555,9.055385,11.18034,13.928388,14.764823,15.811388,15.620499,14.142136,12.806248,10.816654,8.062258,5.830952,3.162278,1.0,2.236068,5.09902,7.28011,10.198039,13.341664,15.132746,17.117243,18.11077,18.11077,17.262677,14.866069,13.453624,12.041595,10.816654,8.944272,8.246211,9.055385,10.0,11.0,13.038405,14.035669,15.297059,15.524175,17.088007,17.888544,18.027756,17.804494,16.278821,14.866069,12.041595,8.602325,6.324555,6.324555,9.219544,12.041595,14.21267,10.440307,9.219544,7.0,7.615773,8.485281,10.816654,13.038405,15.264338,15.811388,16.401219,16.401219,16.278821,14.866069,13.453624,12.806248,12.206556,11.401754,10.630146,9.899495,10.630146,11.401754,12.206556,13.601471,14.422205,15.811388,16.401219
hoyeon_stand_normal_01,2817,939,93.90513114754098,29.998360745314464,10,0.540833055973053,0.6849020719528198,-0.2253032475709915,0.9999917149543762,0.5364507436752319,0.6950467824935913,-0.2141395956277847,0.9999733567237854,0.5338442325592041,0.6944733262062073,-0.2141451686620712,0.9999756217002868,0.5309698581695557,0.6934231519699097,-0.2141634374856948,0.999976933002472,0.5440205335617065,0.6955179572105408,-0.2134334146976471,0.9999628663063048,0.546818196773529,0.695241391658783,-0.2134445458650589,0.9999608397483826,0.5489733219146729,0.6948472261428833,-0.2134339958429336,0.9999591708183287,0.5270167589187622,0.6842849254608154,-0.1315173655748367,0.999964475631714,0.551726222038269,0.6869773268699646,-0.1283209770917892,0.9999107718467712,0.5357100367546082,0.6715074777603149,-0.1931386590003967,0.999990463256836,0.5466439723968506,0.6727335453033447,-0.1923354715108871,0.9999839663505554,0.5075522065162659,0.608217179775238,-0.0686951056122779,0.9999879002571106,0.5728971362113953,0.6078008413314819,-0.0580045990645885,0.999943733215332,0.4971251487731933,0.5077413320541382,-0.0213275626301765,0.9887510538101196,0.5791165828704834,0.5079583525657654,-0.0133307371288537,0.9529929757118224,0.4941026568412781,0.4228663146495819,-0.0875513702630996,0.9799892902374268,0.5852804780006409,0.4251862466335296,-0.0796833038330078,0.940059244632721,0.488971084356308,0.395070880651474,-0.1083927303552627,0.957828938961029,0.5886062383651733,0.3987380564212799,-0.1015526801347732,0.8990647196769714,0.4931174218654632,0.3949211537837982,-0.1358225792646408,0.9612138867378236,0.5854477286338806,0.3970932364463806,-0.131123349070549,0.9065119028091432,0.4963480234146118,0.4040085673332214,-0.0998861566185951,0.952320396900177,0.5833368897438049,0.4061384201049804,-0.0930925160646438,0.8974489569664001,0.5203214287757874,0.4323056936264038,-0.0053433729335665,0.999767243862152,0.5610930323600769,0.4316098988056183,0.0052868095226585,0.9996501803398132,0.5197232365608215,0.2745773494243622,-0.0265092235058546,0.9718619585037231,0.5611028671264648,0.2742862105369568,-0.016397276893258,0.950749397277832,0.5258752107620239,0.1261867731809616,0.0754613131284713,0.9741655588150024,0.5537596940994263,0.1287794411182403,0.0874977260828018,0.9455679059028624,0.5287508368492126,0.109446994960308,0.0790359899401664,0.6429291367530823,0.5513260960578918,0.1141765639185905,0.0913652703166008,0.6253896951675415,0.5266085863113403,0.0789242014288902,-0.0312529057264328,0.960253655910492,0.5543577671051025,0.0805220827460289,-0.0122559601441025,0.940330982208252,hoyeon_stand_normal_01,18.439089,20.518285,19.849433,18.601075,15.811388,13.601471,10.0,7.81025,4.472136,3.0,3.605551,5.09902,8.062258,10.0,13.038405,15.033296,17.029386,19.104973,20.024984,19.026298,18.027756,16.124515,12.165525,8.944272,7.615773,10.0,14.317821,14.56022,14.866069,13.416408,11.661904,8.602325,5.830952,2.236068,1.414214,3.162278,5.385165,7.615773,9.219544,10.198039,11.18034,12.165525,12.041595,12.041595,11.0,10.049876,7.071068,4.123106,4.472136,8.944272,13.038405,18.9911995,15.231546,16.155494,16.763055,16.492423,16.278821,16.03122,16.03122,15.132746,14.56022,14.866069,14.866069,14.317821,14.764823,14.422205,13.601471,12.806248,11.313708,10.0,8.944272,8.062258,8.246211,10.0,12.727922,15.0,17.204651,18.601075,17.0,18.973666,19.235384,19.0,17.117243,13.928388,10.816654,7.211103,5.09902,6.403124,8.246211,11.045361,13.341664,14.866069,15.652476,16.643317,17.204651,17.029386,15.620499,14.866069,12.806248,10.816654,8.544004,6.082763,7.211103,10.0,16.643317,14.422205,13.038405,11.18034,9.486833,9.0,9.055385,10.198039,11.401754,13.341664,15.132746,16.03122,17.029386,18.11077,18.439089,18.973666,18.384776,17.888544,14.764823,12.083046,8.544004,6.0,5.656854,8.944272,12.649111,15.811388,9.848858,8.246211,7.0,6.708204,8.485281,10.816654,13.892444,16.124515,17.492856,17.204651,17.804494,17.691806,15.556349,14.866069,13.453624,12.806248,11.401754,10.630146,10.630146,10.0,11.18034,12.529964,14.317821,15.652476,15.652476,17.888544
hoyeon_stand_normal_01,2820,940,94.00513661202186,29.998360745314464,10,0.5410619974136353,0.6849086284637451,-0.2221620082855224,0.9999916553497314,0.5366404056549072,0.6950557231903076,-0.2110508978366851,0.9999731183052064,0.5340487360954285,0.694492757320404,-0.2110562026500702,0.9999753832817078,0.5311657190322876,0.6934517621994019,-0.211073100566864,0.9999766945838928,0.5442273020744324,0.6955164670944214,-0.2104193568229675,0.9999626874923706,0.5470206141471863,0.6952301263809204,-0.2104305326938629,0.9999606013298036,0.54916912317276,0.6948208212852478,-0.2104219645261764,0.9999589920043944,0.5271489024162292,0.6843055486679077,-0.1284200400114059,0.9999641180038452,0.5518723726272583,0.6869369149208069,-0.1256062090396881,0.9999104142189026,0.5359439849853516,0.6715518236160278,-0.1900310963392257,0.9999904036521912,0.5468366742134094,0.6727457642555237,-0.1893042773008346,0.9999839067459106,0.5076916813850403,0.6082156300544739,-0.0654396340250969,0.9999876618385316,0.5729613900184631,0.6079699993133545,-0.056490734219551,0.999944269657135,0.497369110584259,0.5078635215759277,-0.017910461872816,0.9884949922561646,0.5791846513748169,0.507968544960022,-0.0127256894484162,0.953046977519989,0.4943567216396332,0.4230491816997528,-0.0837288349866867,0.9793888330459596,0.5852861404418945,0.4252178370952606,-0.0788012072443962,0.9398823976516724,0.4892637431621551,0.3951516151428222,-0.1046551465988159,0.9567558169364928,0.5886135101318359,0.3987500965595245,-0.1006492003798484,0.8987747430801392,0.4932968020439148,0.3950328528881073,-0.1318847686052322,0.9602211713790894,0.5854493379592896,0.3971115350723266,-0.13044373691082,0.9062685370445251,0.4965310096740722,0.4041382074356079,-0.0960176885128021,0.9511666297912598,0.5833374261856079,0.4061452448368072,-0.0923485457897186,0.8972219824790955,0.520372211933136,0.432315856218338,-0.0053521478548645,0.9997655153274536,0.5611422657966614,0.4316674470901489,0.0052960943430662,0.999649465084076,0.5197923183441162,0.2745953500270843,-0.0265736933797597,0.9713369011878968,0.5611000061035156,0.274329274892807,-0.0158096365630626,0.9500704407691956,0.5259377956390381,0.12620709836483,0.0740077495574951,0.9738648533821106,0.5536426901817322,0.1287833601236343,0.0866196081042289,0.9452618956565856,0.5288017988204956,0.1094491407275199,0.0771632716059684,0.6411775946617126,0.5512083768844604,0.1142185851931572,0.0902245491743087,0.6247100234031677,0.5266633629798889,0.0789222419261932,-0.0332157202064991,0.9600027799606324,0.5540751814842224,0.0805236920714378,-0.0136071294546127,0.940168023109436,hoyeon_stand_normal_01,7.211103,3.605551,1.0,4.123106,8.246211,10.198039,11.401754,12.369317,12.369317,12.649111,11.7047,12.083046,10.29563,9.433981,7.81025,6.403124,5.09902,5.830952,8.602325,12.083046,16.763055,19.924859,22.803509,25.298221,25.298221,23.4094,2.236068,4.123106,7.071068,10.049876,12.041595,14.142136,15.297059,15.297059,14.56022,13.601471,12.649111,10.77033,7.615773,6.708204,3.605551,1.414214,1.0,4.472136,7.211103,10.0,12.806248,14.866069,16.278821,16.278821,15.620499,14.21267,15.620499,13.892444,13.0,12.369317,11.045361,10.0,9.219544,7.615773,7.211103,6.403124,6.708204,7.071068,8.0,9.219544,10.77033,12.529964,14.422205,16.643317,17.204651,18.601075,18.601075,18.601075,17.204651,15.811388,13.601471,11.401754,4.472136,3.162278,5.0,8.062258,10.198039,13.038405,15.033296,15.297059,15.811388,14.317821,13.038405,11.401754,9.219544,6.403124,4.472136,2.0,2.236068,4.472136,7.211103,10.0,12.041595,14.866069,16.278821,17.691806,18.384776,18.384776,16.278821,14.317821,13.152946,11.045361,10.049876,9.486833,9.848858,10.816654,12.206556,13.038405,14.764823,16.155494,17.720045,18.439089,18.11077,18.0,18.11077,16.124515,14.142136,11.18034,8.0,6.708204,8.062258,10.198039,13.038405,16.124515,9.0,7.071068,6.708204,6.403124,8.246211,11.045361,13.038405,15.033296,17.117243,18.248288,17.464249,16.492423,16.155494,14.317821,13.416408,12.083046,11.18034,9.486833,9.486833,10.198039,11.045361,13.038405,14.035669,16.0,17.029386,17.117243
hoyeon_stand_normal_01,2823,941,94.10514207650272,29.998360745314464,10,0.5412867069244385,0.6850013136863708,-0.2190804630517959,0.9999915957450868,0.5368525981903076,0.6951223015785217,-0.2077808976173401,0.9999728798866272,0.5342759490013123,0.6945829391479492,-0.2077877521514892,0.9999751448631288,0.5313966274261475,0.6935691833496094,-0.207804188132286,0.9999764561653136,0.5444328188896179,0.695541501045227,-0.2071772515773773,0.9999623894691468,0.5472139120101929,0.6952383518218994,-0.2071894258260727,0.9999602437019348,0.5493605732917786,0.6948211789131165,-0.2071833163499832,0.9999586939811708,0.5272932052612305,0.684365451335907,-0.1247338876128196,0.9999637007713318,0.5520209670066833,0.6869226694107056,-0.1221503987908363,0.99990975856781,0.5361529588699341,0.6717150211334229,-0.1869129538536071,0.9999902844429016,0.5470266938209534,0.6728441119194031,-0.1862160563468933,0.9999837279319764,0.5078242421150208,0.6082173585891724,-0.0618297792971134,0.9999873638153076,0.5730240345001221,0.6080725193023682,-0.0536566488444805,0.9999443888664246,0.4975437223911285,0.5078667998313904,-0.0153365731239318,0.9882171750068665,0.5792819857597351,0.5079742670059204,-0.0101391486823558,0.9529867172241212,0.4944982826709747,0.4231480062007904,-0.0825943127274513,0.978797197341919,0.585293173789978,0.4252507388591766,-0.0765912383794784,0.9396963715553284,0.4893797934055328,0.3951978981494903,-0.1038762331008911,0.95572692155838,0.5886219143867493,0.3987778127193451,-0.0985182747244834,0.898527979850769,0.4933983385562897,0.3950898647308349,-0.1311608999967575,0.9592700600624084,0.585467517375946,0.3971423506736755,-0.1285970658063888,0.9060739278793336,0.4966429471969604,0.4042192101478576,-0.0949602276086807,0.9500581622123718,0.5833551287651062,0.4061550796031952,-0.0902879610657692,0.8970478177070618,0.520379364490509,0.4323156774044037,-0.0053520472720265,0.9997630715370178,0.5611711144447327,0.4316706657409668,0.0052965213544666,0.9996477961540222,0.5198450684547424,0.2745896279811859,-0.0272587798535823,0.9706712365150452,0.5612508654594421,0.2743017375469208,-0.0158959385007619,0.9491786956787108,0.5263053774833679,0.1260957419872284,0.0706872567534446,0.973432958126068,0.5536321401596069,0.1285279840230941,0.0838749706745147,0.9448281526565552,0.5292176604270935,0.1093543544411659,0.0735542401671409,0.6395879983901978,0.551213264465332,0.1136678606271743,0.087192378938198,0.6237949132919312,0.5268977284431458,0.0788682550191879,-0.0372164025902748,0.9595631957054138,0.5540063381195068,0.0804903507232666,-0.0175620708614587,0.9397980570793152,hoyeon_stand_normal_01,9.0,5.09902,1.414214,3.605551,6.708204,8.944272,9.848858,11.7047,11.7047,11.401754,11.401754,10.198039,10.198039,9.0,7.071068,5.385165,3.605551,5.09902,8.602325,12.727922,17.029386,21.260292,23.430749,25.495098,26.172505,24.041631,1.414214,2.828427,5.656854,8.485281,10.630146,12.727922,13.453624,14.21267,13.601471,12.206556,11.661904,9.433981,6.708204,5.385165,3.162278,1.0,2.828427,5.0,8.544004,10.77033,13.928388,15.524175,17.464249,18.248288,17.117243,15.033296,14.7158835,14.97319,13.988314,13.468123,12.7490805,12.2111025,11.4105075,10.5346985,10.3323635,10.0022975,9.8733045,10.243738,10.531129,10.7849395,11.7097205,11.4851355,12.2360405,12.8216585,12.542302,12.5020995,13.412573,14.318564,14.514693,14.828084,15.359357,14.370458,10.4366775,10.427042,11.421858,12.3078865,12.930632,13.038405,12.1838485,11.5112455,10.3083555,10.544689,10.7058605,10.9452265,11.134406,10.976193,9.752716,9.5,9.133644,10.2009635,11.254081,12.1589105,12.10356,12.4579725,11.6749445,12.4211065,12.381822,13.747236999999998,13.152946,14.317821,14.317821,15.297059,15.297059,14.142136,14.035669,12.041595,11.0,9.055385,8.0,6.0,5.09902,5.0,5.830952,7.28011,10.198039,13.152946,15.297059,17.464249,18.681542,20.880613,20.248457,19.313208,17.464249,14.317821,14.035669,15.033296,17.029386,17.0,18.027756,16.0,15.0,13.0,10.049876,9.055385,7.615773,6.403124,6.403124,6.708204,7.615773,9.486833,9.486833,10.440307,11.7047,11.7047,12.083046,12.083046,11.7047,11.401754,12.165525,12.041595
hoyeon_stand_normal_01,2826,942,94.2051475409836,29.998360745314464,10,0.5414035320281982,0.685092031955719,-0.2190315574407577,0.999991536140442,0.5369744896888733,0.6951996684074402,-0.2077183723449707,0.9999727606773376,0.5343925952911377,0.694679319858551,-0.2077248245477676,0.9999750256538392,0.5315043330192566,0.6936951279640198,-0.2077413499355316,0.999976396560669,0.54457026720047,0.6955742835998535,-0.2071301490068435,0.9999621510505676,0.547350287437439,0.6952534914016724,-0.2071422785520553,0.9999599456787108,0.549523115158081,0.6948235034942627,-0.2071359008550644,0.9999583959579468,0.5273626446723938,0.6844368577003479,-0.1246437802910804,0.999963641166687,0.5521735548973083,0.6869164705276489,-0.1221347674727439,0.9999091625213624,0.5362392663955688,0.6718230843544006,-0.1868620365858078,0.9999902844429016,0.5471468567848206,0.6729204058647156,-0.186181366443634,0.9999836683273317,0.5078908205032349,0.6082190275192261,-0.0617950148880481,0.9999873042106628,0.5730629563331604,0.6081297993659973,-0.0532447434961795,0.9999444484710692,0.4976491034030914,0.5078811645507812,-0.0150888226926326,0.9881412386894226,0.5793408155441284,0.5081308484077454,-0.0088827488943934,0.9527590274810792,0.4946232438087463,0.4231840372085571,-0.0823893472552299,0.9785815477371216,0.5852957963943481,0.4254855811595917,-0.0749712511897087,0.9393349885940552,0.4895257353782654,0.3952293395996094,-0.1037633866071701,0.9553739428520204,0.5886249542236328,0.3989688158035278,-0.096719890832901,0.8980457186698914,0.4935498237609863,0.3951377868652344,-0.1311293542385101,0.9589423537254332,0.5854727625846863,0.397306352853775,-0.1271811127662658,0.9056598544120787,0.4967723488807678,0.4042538106441498,-0.0947584882378578,0.9496761560440063,0.5833590030670166,0.4062590599060058,-0.0888158977031707,0.8966873288154602,0.5203893184661865,0.4323804080486297,-0.0053570778109133,0.999762237071991,0.5612286925315857,0.4317828416824341,0.0053021027706563,0.9996474981307985,0.519868016242981,0.2745762169361114,-0.0279668606817722,0.970233678817749,0.5612620115280151,0.2742917537689209,-0.0165603272616863,0.9484638571739196,0.526642918586731,0.1261226385831833,0.0696611851453781,0.973056435585022,0.5536174178123474,0.1285434663295745,0.083335556089878,0.9441378116607666,0.529492974281311,0.1094005107879638,0.0725003033876419,0.637083113193512,0.5512118935585022,0.1136684343218803,0.0867479518055915,0.6223097443580627,0.5270095467567444,0.0789183303713798,-0.0382547564804554,0.9590685963630676,0.5540054440498352,0.0806243568658828,-0.0177133604884147,0.9392059445381165,hoyeon_stand_normal_01,7.81025,4.242641,1.0,4.0,7.071068,9.219544,11.18034,12.369317,12.369317,12.369317,12.649111,11.7047,10.77033,10.29563,8.602325,7.071068,5.385165,5.385165,8.485281,11.661904,16.552945,20.615528,24.166092,25.495098,25.942244,24.186773,2.828427,4.123106,7.0,9.0,12.0,13.038405,14.142136,15.132746,14.317821,13.341664,12.369317,10.440307,8.544004,6.324555,4.472136,2.236068,1.0,3.162278,5.830952,9.433981,11.401754,14.21267,16.278821,16.278821,16.278821,14.21267,13.453624,15.556349,15.620499,15.811388,16.643317,15.652476,15.231546,14.56022,15.297059,14.142136,15.033296,14.0,14.0,13.038405,13.152946,11.401754,10.77033,8.944272,8.485281,7.615773,9.0,11.401754,13.0,15.652476,18.35756,19.723083,17.0,19.104973,19.646883,19.313208,17.492856,14.866069,10.816654,7.071068,5.0,6.082763,8.544004,10.816654,13.453624,14.866069,16.401219,17.492856,17.0,17.464249,16.552945,16.155494,14.317821,11.18034,8.602325,6.708204,7.0,8.544004,16.763055,15.811388,14.56022,12.369317,11.045361,10.0,10.198039,11.401754,12.369317,13.601471,14.56022,16.278821,17.029386,18.027756,18.11077,18.439089,18.681542,17.088007,15.231546,13.0,10.198039,8.0,7.211103,10.0,12.529964,14.317821,10.198039,8.246211,8.062258,7.81025,9.486833,12.165525,14.142136,16.124515,17.262677,18.439089,17.464249,18.027756,17.464249,15.652476,14.764823,12.529964,11.661904,11.18034,11.18034,11.7047,11.401754,13.341664,14.142136,16.278821,17.262677,17.464249
hoyeon_stand_normal_01,2829,943,94.30515300546448,29.998360745314464,10,0.5414819121360779,0.6851081848144531,-0.2162397354841232,0.9999914169311525,0.5370476841926575,0.6952277421951294,-0.2048873603343963,0.9999722838401794,0.5344537496566772,0.6947121620178223,-0.2048946470022201,0.9999746084213256,0.5315607786178589,0.6937374472618103,-0.2049115300178527,0.9999759793281556,0.5446480512619019,0.695581316947937,-0.2043270468711853,0.9999614357948304,0.5474227070808411,0.6952556371688843,-0.2043390721082687,0.9999591708183287,0.5496267080307007,0.6948213577270508,-0.2043338567018509,0.9999576210975648,0.5274068117141724,0.6844618916511536,-0.1219950839877128,0.999963104724884,0.552285373210907,0.6869121789932251,-0.1196356564760208,0.999907374382019,0.5363073945045471,0.6718429923057556,-0.1841585785150528,0.9999901056289672,0.5472301244735718,0.6729369163513184,-0.1835172027349472,0.9999833703041076,0.5079586505889893,0.6082217693328857,-0.0600636377930641,0.999987244606018,0.5731335282325745,0.60821133852005,-0.0506774932146072,0.999944269657135,0.4977632164955139,0.5080341696739197,-0.0141401076689362,0.9880271553993224,0.5793833136558533,0.5082827806472778,-0.0060661798343062,0.9525057673454284,0.4946327209472656,0.4233394861221313,-0.0819866210222244,0.9784157872200012,0.5852952599525452,0.4258501827716827,-0.072013072669506,0.939405620098114,0.4895249605178833,0.3953407704830169,-0.1034940928220748,0.955159068107605,0.5886327624320984,0.3992307484149933,-0.0937894284725189,0.8982878923416138,0.4935522675514221,0.3952675759792328,-0.1308920532464981,0.9587346315383912,0.585483729839325,0.3975795805454254,-0.1242884546518325,0.9059310555458068,0.4967785775661468,0.4043879210948944,-0.0943721532821655,0.9494200944900512,0.583363950252533,0.4064606130123138,-0.0858920961618423,0.8969916105270386,0.5204242467880249,0.4324152767658233,-0.0053919982165098,0.9997608065605164,0.5613383054733276,0.4318033754825592,0.0053385812789201,0.999646246433258,0.5198777914047241,0.2745900750160217,-0.0286101028323173,0.9698283076286316,0.561299204826355,0.2742875814437866,-0.0166350249201059,0.947684407234192,0.5268557667732239,0.126120314002037,0.0678324699401855,0.972737729549408,0.5535765290260315,0.1285501718521118,0.0822281539440155,0.9437159895896912,0.5296714901924133,0.1094951778650283,0.0705798640847206,0.634916365146637,0.5511934757232666,0.1136753857135772,0.085569716989994,0.6217650175094604,0.5272196531295776,0.0790315270423889,-0.0402615331113338,0.958659827709198,0.5540039539337158,0.0807020664215087,-0.0188332498073577,0.9388636946678162,hoyeon_stand_normal_01,9.0,5.09902,2.236068,3.605551,6.403124,8.602325,10.29563,10.29563,11.18034,11.18034,11.18034,9.848858,9.486833,8.246211,7.0,5.09902,4.242641,5.0,8.544004,12.206556,16.401219,20.615528,23.600847,25.238859,26.07681,23.853721,1.414214,2.828427,5.656854,7.81025,10.630146,12.041595,13.453624,12.806248,12.806248,12.206556,10.29563,9.433981,6.708204,4.472136,2.236068,2.236068,5.385165,7.28011,10.440307,12.369317,15.297059,16.278821,17.117243,17.029386,15.0,12.696504999999998,16.278821,14.866069,12.806248,11.661904,9.848858,9.219544,7.0,6.324555,5.830952,5.0,5.385165,6.0,7.28011,8.544004,10.29563,12.206556,15.0,16.401219,17.804494,18.439089,18.439089,18.439089,17.691806,15.620499,13.453624,10.630146,4.242641,4.0,5.656854,8.544004,11.045361,13.038405,15.297059,15.811388,16.155494,15.652476,14.422205,12.206556,9.219544,7.071068,5.0,2.236068,1.0,3.605551,6.403124,9.219544,12.806248,15.0,17.204651,18.027756,18.601075,18.601075,13.319938,14.1589105,15.1485295,15.1485295,15.1485295,14.2979445,13.81857,12.407318,10.975335,9.534201,7.930992,7.175589,6.0413815,5.2420925,5.743903,7.848192,10.462888,13.111328,15.192661,17.402247,19.3586975,20.383371,19.9673865,18.853024,17.029386,14.606335,13.3007355,15.405694,16.5596135,17.290746,17.290746,16.338729999999998,14.2299785,12.5827625,10.410103,8.623105500000001,7.140055,6.5163795,6.8071135,7.1410855,7.936254,9.081908,10.462888,10.462888,11.8517495,12.194913,12.467239,12.883163499999998,12.194913,12.668106,12.144801,11.7748285
hoyeon_stand_normal_01,2832,944,94.40515846994536,29.998360745314464,10,0.5415679812431335,0.6851109862327576,-0.2152630686759948,0.9999913573265076,0.5371258854866028,0.6952369213104248,-0.2040471583604812,0.9999719858169556,0.5345231294631958,0.6947216987609863,-0.2040540874004364,0.9999743103981018,0.5316233038902283,0.6937476396560669,-0.2040706127882003,0.9999757409095764,0.544743001461029,0.6955833435058594,-0.2033679634332656,0.9999608993530272,0.5475185513496399,0.6952558755874634,-0.2033801227807998,0.9999585747718812,0.5497435927391052,0.6948160529136658,-0.2033755183219909,0.9999569654464722,0.5274436473846436,0.6844673156738281,-0.1214615330100059,0.9999627470970154,0.5523964762687683,0.6869032382965088,-0.1186390221118927,0.9999058246612548,0.5363902449607849,0.6718466281890869,-0.1832708716392517,0.9999900460243224,0.5473263263702393,0.6729394793510437,-0.1824878752231598,0.9999831318855286,0.5080158710479736,0.6082233786582947,-0.0599375888705253,0.9999873042106628,0.573176920413971,0.6083057522773743,-0.0493466891348362,0.999944508075714,0.4979459345340729,0.5080925226211548,-0.0142323048785328,0.9879665970802308,0.5793954133987427,0.5085055828094482,-0.0042466940358281,0.9520435333251952,0.4946288168430328,0.4234349131584167,-0.0821255892515182,0.978372037410736,0.5852946043014526,0.4260096848011017,-0.0693421363830566,0.9393332600593568,0.4895138442516327,0.3953695595264435,-0.1036532968282699,0.9551541209220886,0.5886670351028442,0.3993243873119354,-0.0907784178853035,0.8982952237129211,0.4935389757156372,0.3953039050102234,-0.1310322135686874,0.9587387442588806,0.5855147838592529,0.3976687788963318,-0.1214398369193077,0.90598326921463,0.4967763125896454,0.4044398665428161,-0.0944996401667594,0.9494200348854064,0.5833816528320312,0.4065223336219787,-0.0832748711109161,0.8970808386802673,0.5205004811286926,0.4324704110622406,-0.0054861255921423,0.9997623562812804,0.5614662170410156,0.4318426549434662,0.0054336166940629,0.9996481537818908,0.5199311375617981,0.2745891213417053,-0.0291999839246273,0.9694538712501526,0.5612848401069641,0.274071604013443,-0.0169948507100343,0.9469838738441468,0.5271328687667847,0.1260741055011749,0.0670237988233566,0.9725837111473083,0.5535669922828674,0.1285361349582672,0.0822478234767913,0.9431272745132446,0.5298246741294861,0.1094734221696853,0.0698263645172119,0.6343258619308472,0.5511952042579651,0.1136236116290092,0.085653468966484,0.620833158493042,0.5275246500968933,0.0790320485830307,-0.0407223589718341,0.958550751209259,0.5539838671684265,0.0807255655527114,-0.0181996263563632,0.9384896159172058,hoyeon_stand_normal_01,17.029386,17.691806,18.384776,16.278821,14.21267,11.401754,9.219544,5.656854,3.162278,1.414214,4.0,6.082763,8.246211,11.401754,14.56022,16.763055,18.973666,20.880613,21.84033,21.587033,19.646883,17.720045,13.928388,10.630146,9.486833,12.165525,15.297059,15.811388,16.155494,14.764823,12.529964,10.29563,6.708204,4.123106,2.236068,3.162278,6.082763,8.062258,9.055385,11.045361,12.041595,13.038405,13.0,13.0,12.041595,11.18034,9.219544,6.324555,1.414214,2.0,6.708204,11.18034,12.369317,14.317821,15.132746,15.0,15.033296,15.132746,15.297059,14.56022,14.866069,14.317821,13.416408,13.892444,13.038405,12.806248,11.401754,11.313708,10.0,8.944272,8.062258,8.062258,9.433981,11.401754,14.21267,16.401219,18.601075,20.0,17.691806,19.209373,19.723083,18.788294,16.763055,14.142136,11.045361,6.708204,3.605551,3.605551,7.28011,9.055385,12.041595,14.317821,15.524175,16.155494,16.552945,17.0,16.124515,15.264338,13.892444,12.083046,9.486833,7.0,6.708204,7.81025,13.0,13.416408,14.317821,14.317821,14.317821,14.317821,13.0,11.7047,10.440307,8.246211,7.28011,5.830952,5.0,5.0,6.324555,8.062258,11.0,13.0,16.0,18.0,20.024984,20.099751,20.223748,19.416488,17.464249,15.297059,12.369317,14.56022,15.297059,16.278821,16.124515,15.132746,14.035669,12.165525,10.198039,7.28011,6.708204,5.656854,5.385165,6.082763,7.0,8.0,9.0,10.049876,11.045361,11.18034,12.165525,12.165525,11.045361,11.045361,12.0,11.18034
hoyeon_stand_normal_01,2835,945,94.50516393442622,29.998360745314464,10,0.5416072607040405,0.6852341294288635,-0.2103654444217682,0.9999910593032836,0.5371573567390442,0.6953292489051819,-0.1990444511175155,0.9999710321426392,0.5345386266708374,0.6948147416114807,-0.199052631855011,0.999973475933075,0.531635046005249,0.6938524842262268,-0.1990697085857391,0.9999749660491944,0.5447998642921448,0.6957030892372131,-0.1983459740877151,0.9999594688415528,0.5475687384605408,0.6953797936439514,-0.1983575373888015,0.9999570846557616,0.5498296618461609,0.6949093341827393,-0.1983560919761657,0.999955415725708,0.5274459719657898,0.6844980120658875,-0.1169253140687942,0.99996155500412,0.5525190830230713,0.6869417428970337,-0.1139837279915809,0.9999023079872132,0.5364238023757935,0.6719682216644287,-0.1786207854747772,0.9999897480010986,0.5473912358283997,0.6730380654335022,-0.177803173661232,0.9999825358390808,0.5080249309539795,0.6082041263580322,-0.0564625822007656,0.9999871253967284,0.573208749294281,0.6085118651390076,-0.0468647666275501,0.9999441504478456,0.498203694820404,0.5080901980400085,-0.0122791398316621,0.987612783908844,0.5793951153755188,0.5088508725166321,-0.002734936075285,0.9510981440544128,0.4946254789829254,0.4235929846763611,-0.0805046558380127,0.977819561958313,0.5852633714675903,0.4260903000831604,-0.0671223476529121,0.938437044620514,0.4894998669624328,0.3954225778579712,-0.102031871676445,0.9543650150299072,0.5886663794517517,0.3993327617645263,-0.0885698944330215,0.8972031474113464,0.4935062527656555,0.3953948318958282,-0.129333347082138,0.9580078721046448,0.58551424741745,0.3976939022541046,-0.1189518123865127,0.9050053358078004,0.4967643916606903,0.4045754373073578,-0.0929192751646041,0.9485622048377992,0.583375096321106,0.4065495431423187,-0.080989770591259,0.896159827709198,0.520534098148346,0.4325598776340484,-0.0054580001160502,0.9997624158859252,0.5615382790565491,0.4318628907203674,0.0054065492004156,0.9996487498283386,0.5199295878410339,0.2748603820800781,-0.0303609315305948,0.9690664410591124,0.5613128542900085,0.2740622460842132,-0.0181575622409582,0.9461945295333862,0.5271923542022705,0.1262701600790023,0.0666361078619957,0.9723092913627625,0.5535627603530884,0.1286240518093109,0.0819679349660873,0.94254869222641,0.5299246311187744,0.1096802279353141,0.0695526674389839,0.6324990391731262,0.5511894822120667,0.1138477101922035,0.085509680211544,0.6195763945579529,0.5276935696601868,0.0794382840394973,-0.0407735705375671,0.958228886127472,0.5538975596427917,0.0807681381702423,-0.0181286819279193,0.9380627870559692,hoyeon_stand_normal_01,9.219544,5.09902,1.0,2.828427,5.830952,8.602325,10.29563,11.661904,12.529964,12.529964,12.083046,11.7047,10.440307,10.198039,8.062258,7.071068,5.830952,6.324555,9.0,13.341664,17.088007,21.540659,24.698178,26.248809,27.202941,25.96151,2.0,3.605551,6.403124,9.219544,11.313708,14.142136,14.866069,14.866069,15.0,13.601471,12.206556,10.816654,9.433981,7.211103,5.0,2.236068,1.0,3.162278,6.082763,9.219544,12.165525,15.033296,16.03122,17.0,17.029386,15.132746,16.278821,15.033296,14.0,12.041595,11.401754,9.848858,8.602325,7.071068,6.708204,6.082763,6.0,7.28011,8.062258,9.219544,11.313708,12.806248,14.422205,15.811388,17.204651,18.027756,18.867962,18.867962,17.492856,15.264338,13.038405,10.816654,5.385165,3.162278,3.0,6.708204,9.219544,11.401754,13.892444,15.231546,14.56022,14.317821,13.152946,11.045361,9.0,7.071068,4.123106,2.236068,1.414214,4.123106,7.0,9.055385,12.165525,14.317821,16.492423,17.720045,18.681542,18.681542,16.552945,14.317821,13.416408,11.661904,10.0,9.899495,10.0,11.18034,12.529964,13.416408,14.764823,15.811388,16.278821,17.691806,17.204651,18.867962,17.888544,16.552945,13.928388,11.18034,8.602325,7.211103,8.062258,10.198039,12.649111,16.155494,9.219544,7.81025,6.708204,7.0,8.246211,10.29563,13.038405,15.264338,17.0,17.464249,17.464249,17.088007,15.524175,14.317821,13.152946,12.165525,11.18034,10.198039,10.440307,9.848858,11.18034,12.529964,14.422205,15.264338,17.0,17.492856
hoyeon_stand_normal_01,2838,946,94.60516939890712,29.998360745314464,10,0.54156494140625,0.6854624152183533,-0.2106543034315109,0.9999908208847046,0.5371261239051819,0.6954476833343506,-0.1991858631372451,0.9999703764915466,0.5344825387001038,0.6949156522750854,-0.1991942524909973,0.999972939491272,0.5315918326377869,0.6939506530761719,-0.199211373925209,0.9999744296073914,0.5447860956192017,0.6959153413772583,-0.1986334919929504,0.9999584555625916,0.5475366711616516,0.6956620812416077,-0.1986459642648697,0.9999560117721558,0.5498303174972534,0.6951339840888977,-0.1986450552940368,0.999954342842102,0.5274306535720825,0.6845243573188782,-0.1164730861783027,0.999960720539093,0.5525681972503662,0.6870922446250916,-0.1142069399356842,0.999899923801422,0.5363675355911255,0.6722047328948975,-0.1787145435810089,0.9999895095825196,0.5473836064338684,0.6732302904129028,-0.1780858188867569,0.9999821186065674,0.5080211162567139,0.6081918478012085,-0.0553301647305488,0.9999868869781494,0.5732085108757019,0.6087098717689514,-0.0471820682287216,0.9999436736106871,0.4983591437339782,0.5080757737159729,-0.010923346504569,0.9873107075691224,0.5793865919113159,0.5094351172447205,-0.0031788302585482,0.9506753087043762,0.4946096837520599,0.4237306416034698,-0.0796406492590904,0.9774174094200134,0.5852041840553284,0.4262400567531585,-0.0678931325674057,0.9380409717559814,0.4894518852233886,0.3954543173313141,-0.1011354252696037,0.9538018107414246,0.5886569619178772,0.3993523418903351,-0.0894204229116439,0.8967376351356506,0.4934248924255371,0.3954530358314514,-0.1285486668348312,0.9574940800666808,0.5855069756507874,0.3977463245391845,-0.1197046488523483,0.9046252369880676,0.4967200458049774,0.4046963155269623,-0.0921283215284347,0.9479372501373292,0.5833521485328674,0.4066147804260254,-0.0817075595259666,0.8958216309547424,0.5205507874488831,0.4325874447822571,-0.0053154155611991,0.9997612237930298,0.5615964531898499,0.4318635463714599,0.0052653802558779,0.9996477961540222,0.5199243426322937,0.2750329971313476,-0.0306545570492744,0.9688051342964172,0.5613172650337219,0.2740404903888702,-0.0194367039948701,0.9455681443214417,0.5271879434585571,0.1263538151979446,0.0666380748152732,0.9721174836158752,0.5535425543785095,0.1286316215991974,0.0813651010394096,0.9420303702354432,0.529920756816864,0.1096835881471633,0.0695812776684761,0.6310320496559143,0.5511640906333923,0.1138411313295364,0.0850121229887008,0.6180345416069031,0.5276910662651062,0.0796825960278511,-0.0407729521393775,0.9579641819000244,0.5537698268890381,0.0807704851031303,-0.0188495125621557,0.9375981092453004,hoyeon_stand_normal_01,13.1683935,11.513878,10.118034,10.014693,9.5673445,10.0519265,9.1374645,8.2201535,7.200877,6.35235,6.7993785,8.300640999999999,8.955558,9.8648055,10.613329,11.0278,11.493782,13.649732,14.905402,16.814832499999998,18.117692,19.2354555,19.0575805,18.234783,17.510541,18.3203065,8.5510685,9.561553,10.7944465,12.125828,11.7424,11.4142485,10.321188,9.3691485,8.0178345,8.640523,8.915476,9.531129,9.647815,9.330952,8.103278,7.637236499999999,6.903124,8.205899500000001,9.279437,10.3738445,10.440724,10.1265785,9.023728,9.632727,11.301688,13.1339115,14.866069,17.204651,18.027756,17.888544,18.788294,18.384776,18.681542,17.262677,17.117243,17.029386,17.0,17.029386,16.124515,16.124515,15.297059,13.341664,11.7047,10.29563,9.219544,8.944272,10.0,12.369317,15.231546,17.888544,20.59126,21.470911,19.646883,21.095023,22.022716,22.36068,19.924859,17.0,12.806248,9.433981,5.0,5.0,8.0,10.440307,13.416408,15.0,17.029386,17.691806,18.439089,18.601075,18.027756,17.492856,15.264338,12.806248,9.899495,7.615773,8.062258,9.433981,11.7047,13.416408,13.416408,14.317821,13.416408,13.0,12.083046,11.401754,10.440307,8.246211,7.28011,5.385165,5.0,4.472136,6.082763,8.0,10.049876,13.038405,15.033296,18.027756,19.0,20.024984,20.099751,18.11077,17.262677,14.317821,13.601471,15.524175,16.492423,17.262677,17.262677,17.117243,15.132746,13.152946,11.18034,9.219544,6.708204,5.656854,5.830952,6.324555,7.071068,8.062258,9.055385,10.049876,11.045361,11.18034,12.165525,12.165525,12.165525,11.045361,11.0,11.045361
hoyeon_stand_normal_01,2841,947,94.70517486338798,29.998360745314464,10,0.5413811802864075,0.6857185363769531,-0.2094758003950119,0.999990463256836,0.53691166639328,0.6955615878105164,-0.197692260146141,0.9999693632125854,0.53419429063797,0.6949807405471802,-0.1977013796567917,0.9999719858169556,0.5313972234725952,0.6940010190010071,-0.1977186053991317,0.9999735951423644,0.544632613658905,0.6961655616760254,-0.1974865496158599,0.9999568462371826,0.5473041534423828,0.6960277557373047,-0.1974981874227523,0.999954342842102,0.5497422814369202,0.6954711079597473,-0.1974977403879165,0.9999525547027588,0.527278482913971,0.6845287084579468,-0.1140289828181266,0.9999591708183287,0.5525672435760498,0.6873137950897217,-0.1134410351514816,0.9998961091041564,0.5361383557319641,0.6724270582199097,-0.1772453933954239,0.999989092350006,0.5473025441169739,0.6734316349029541,-0.1770884394645691,0.99998140335083,0.5080066323280334,0.6081520915031433,-0.0523701794445514,0.9999865889549256,0.5731996297836304,0.6088364124298096,-0.0469877123832702,0.999942421913147,0.4984337389469147,0.5079523324966431,-0.007932174950838,0.986848771572113,0.5793402791023254,0.509983241558075,-0.0034716713707894,0.949929654598236,0.4945936203002929,0.4238357245922088,-0.077159896492958,0.9768893122673036,0.5851671695709229,0.4264484047889709,-0.0683726146817207,0.9370903372764589,0.4894179403781891,0.3954866826534271,-0.0987172052264213,0.953058123588562,0.5886550545692444,0.3993924260139465,-0.0898931995034217,0.8955797553062439,0.4933761954307556,0.3955059349536896,-0.1261367350816726,0.9568055868148804,0.5855090618133545,0.3978310525417328,-0.1201376914978027,0.903590202331543,0.4966964721679687,0.4048264920711517,-0.0896903201937675,0.9470753073692322,0.5833514332771301,0.4067169427871704,-0.082155741751194,0.8947610259056091,0.5205714702606201,0.4326353073120117,-0.0047321910969913,0.9997598528862,0.5616403818130493,0.4318670630455017,0.0046867993660271,0.9996457099914552,0.5198496580123901,0.275620549917221,-0.0309811234474182,0.9685063362121582,0.5612960457801819,0.2740690410137176,-0.0209554899483919,0.94467031955719,0.5271779298782349,0.1264740228652954,0.0661365091800689,0.971902310848236,0.5535640716552734,0.1286402344703674,0.0792731866240501,0.9415895342826844,0.5299224853515625,0.1097380816936492,0.0690573006868362,0.6291060447692871,0.551199734210968,0.1138027682900428,0.0828219726681709,0.61597740650177,0.5276892185211182,0.0798070877790451,-0.0415908247232437,0.9576491713523864,0.5537129640579224,0.0807360857725143,-0.0218933783471584,0.9372042417526244,hoyeon_stand_normal_01,16.278821,18.248288,18.027756,17.0,15.0,12.041595,10.0,7.071068,4.472136,3.162278,4.123106,6.403124,8.485281,11.313708,14.866069,16.278821,19.104973,20.518285,21.931712,21.213203,19.79899,16.970563,14.21267,10.77033,10.049876,12.083046,15.652476,16.643317,16.401219,15.620499,14.142136,11.313708,8.485281,5.0,3.162278,2.828427,4.472136,7.28011,8.544004,10.440307,11.7047,12.083046,12.529964,12.529964,12.206556,11.401754,9.219544,5.656854,2.236068,2.236068,6.708204,10.77033,16.278821,15.620499,13.601471,12.529964,10.77033,9.219544,8.0,7.28011,6.708204,6.403124,6.708204,7.28011,8.0,10.049876,11.18034,12.649111,14.866069,16.155494,18.384776,18.384776,18.384776,18.384776,17.464249,15.231546,13.928388,10.77033,5.09902,2.828427,2.828427,5.385165,9.055385,11.0,13.152946,14.317821,14.866069,14.317821,13.892444,12.206556,9.219544,7.071068,5.0,3.162278,1.414214,3.162278,5.830952,8.485281,11.313708,13.453624,15.620499,17.029386,17.804494,18.439089,11.661904,13.416408,13.0,13.416408,13.416408,13.416408,11.661904,10.816654,10.0,7.81025,7.211103,5.830952,4.123106,4.123106,5.830952,7.81025,11.313708,12.727922,15.556349,17.691806,19.209373,20.0,20.0,18.027756,16.643317,13.892444,12.727922,14.866069,16.278821,16.970563,17.029386,15.620499,14.21267,12.806248,10.630146,7.81025,6.708204,5.09902,5.09902,6.324555,6.708204,8.062258,8.062258,9.433981,10.29563,11.18034,11.18034,11.18034,11.18034,10.816654,10.630146,10.630146
hoyeon_stand_normal_01,2844,948,94.80518032786884,29.998360745314464,10,0.5411254167556763,0.6859031915664673,-0.2046992480754852,0.999989926815033,0.5365892052650452,0.6956647634506226,-0.1926039308309555,0.9999678134918212,0.5338147282600403,0.6950328946113586,-0.1926155686378479,0.9999706149101256,0.531153678894043,0.6940445899963379,-0.1926350891590118,0.9999723434448242,0.5443555116653442,0.6963868737220764,-0.1926882416009903,0.9999544620513916,0.5469396114349365,0.6963594555854797,-0.1926957815885543,0.9999517798423768,0.5495017170906067,0.6958335638046265,-0.1926955878734588,0.999949872493744,0.5270883440971375,0.684546947479248,-0.1085208430886268,0.9999569058418274,0.5525241494178772,0.6876028776168823,-0.109305702149868,0.9998900294303894,0.5358436107635498,0.6725713610649109,-0.1723538190126419,0.9999884366989136,0.5471325516700745,0.6735801696777344,-0.172614112496376,0.999980330467224,0.5079953670501709,0.608088493347168,-0.047886449843645,0.999986171722412,0.5731878876686096,0.6089171767234802,-0.0437933653593063,0.9999399185180664,0.4984703660011291,0.5075653791427612,-0.0042317337356507,0.9861894249916076,0.5792496800422668,0.510445237159729,-0.0022540006320923,0.9482604265213012,0.4945440590381622,0.423793613910675,-0.0725267902016639,0.9761839509010316,0.585129976272583,0.426769345998764,-0.0676131919026374,0.9352734684944152,0.4893557131290436,0.3953070640563965,-0.0939079150557518,0.9521052241325378,0.5886558294296265,0.3994576036930084,-0.0893193110823631,0.8934610486030579,0.4932442307472229,0.3953444957733154,-0.1212140992283821,0.9559192657470704,0.5855544805526733,0.3979291617870331,-0.1193086579442024,0.9016674160957336,0.4965989887714386,0.4047591984272003,-0.084995724260807,0.9459421038627625,0.5833775401115417,0.4068123996257782,-0.0813166871666908,0.8927157521247864,0.5205785036087036,0.4326469004154205,-0.0044861524365842,0.9997571110725404,0.5616711378097534,0.4318793416023254,0.0044451802968978,0.99964040517807,0.5197963118553162,0.2761658132076263,-0.0310667790472507,0.9682892560958862,0.5612758994102478,0.2741636335849762,-0.0214260928332805,0.9436416625976562,0.5269601941108704,0.1264475435018539,0.0627983957529068,0.9718271493911744,0.55356365442276,0.1286361962556839,0.0762096717953682,0.9411527514457704,0.5296915769577026,0.1096013113856315,0.0652610436081886,0.6270386576652527,0.5511978268623352,0.1137182191014289,0.0794291570782661,0.6139504909515381,0.5276842713356018,0.0797067210078239,-0.0458067841827869,0.9574145078659058,0.5536974668502808,0.0806421861052513,-0.0252218376845121,0.9367730617523192,hoyeon_stand_normal_01,17.804494,18.601075,18.867962,17.0,15.652476,12.083046,9.848858,7.211103,5.0,3.0,4.242641,5.830952,8.544004,11.401754,13.601471,15.524175,18.681542,20.880613,20.880613,21.18962,19.924859,17.720045,14.317821,11.045361,9.433981,11.401754,16.0,16.124515,16.278821,15.524175,13.601471,11.7047,8.544004,5.385165,3.0,2.236068,4.0,7.071068,9.219544,10.198039,11.045361,12.041595,12.0,12.0,12.165525,10.198039,8.246211,5.385165,2.0,3.605551,7.211103,11.313708,11.0,13.038405,14.317821,13.601471,13.928388,13.928388,13.416408,13.038405,12.806248,12.727922,12.727922,12.041595,11.401754,11.661904,11.18034,10.29563,9.486833,8.246211,7.071068,8.062258,9.219544,11.18034,12.649111,15.524175,17.720045,18.973666,16.124515,17.804494,18.384776,17.804494,16.124515,13.928388,10.198039,7.071068,3.605551,3.162278,5.830952,8.544004,11.18034,13.038405,14.035669,15.132746,15.297059,15.524175,15.524175,14.56022,13.601471,11.401754,9.055385,7.071068,6.403124,7.615773,16.278821,15.620499,14.21267,12.206556,11.18034,10.77033,11.18034,12.165525,13.152946,14.317821,15.297059,16.763055,18.027756,18.788294,19.416488,19.209373,19.104973,16.278821,14.866069,12.727922,8.602325,8.246211,8.246211,10.29563,13.601471,15.620499,10.440307,8.246211,8.0,8.062258,9.899495,11.401754,14.422205,16.643317,17.804494,18.601075,18.384776,18.384776,17.691806,16.401219,15.0,13.038405,12.206556,11.401754,10.630146,11.313708,12.206556,13.601471,14.422205,16.643317,17.204651,17.804494
hoyeon_stand_normal_01,2847,949,94.90518579234973,29.998360745314464,10,0.5409911870956421,0.6859959959983826,-0.2059434205293655,0.9999898672103882,0.536394476890564,0.6957421898841858,-0.194316491484642,0.999967634677887,0.533584713935852,0.6950743198394775,-0.1943273097276687,0.9999703764915466,0.5309893488883972,0.6940751671791077,-0.1943474560976028,0.9999721050262452,0.5441800355911255,0.696511447429657,-0.1939660608768463,0.999954104423523,0.5467188358306885,0.6965315937995911,-0.1939751803874969,0.999951422214508,0.5493540167808533,0.6960118412971497,-0.1939730495214462,0.9999495148658752,0.5269137620925903,0.6845563054084778,-0.1110889613628387,0.9999564290046692,0.5524702072143555,0.6877730488777161,-0.1105145141482353,0.9998892545700072,0.5356807708740234,0.6726353764533997,-0.1740981638431549,0.999988317489624,0.5470215082168579,0.6736654043197632,-0.1738078892230987,0.9999802708625792,0.50794517993927,0.6080484390258789,-0.0496611595153808,0.999985933303833,0.5731659531593323,0.608923614025116,-0.0444560386240482,0.9999394416809082,0.4984862506389618,0.5072501301765442,-0.0040339240804314,0.9858719110488892,0.5792235732078552,0.5104456543922424,-0.0023759475443512,0.947965681552887,0.494543969631195,0.4235868752002716,-0.071695901453495,0.9758122563362122,0.584930956363678,0.426810473203659,-0.0690806880593299,0.9349749088287354,0.4893510043621063,0.3949893414974212,-0.0930625349283218,0.9515882730484008,0.5884319543838501,0.3994836509227752,-0.091345340013504,0.8932703733444214,0.4932382702827453,0.395033985376358,-0.1206188648939132,0.955434501171112,0.5854009389877319,0.398005336523056,-0.1213358938694,0.9015095829963684,0.496589720249176,0.4045799672603607,-0.0841861218214035,0.945282220840454,0.5832194685935974,0.406839907169342,-0.0827570036053657,0.8924278020858765,0.5206477046012878,0.4325943887233734,-0.0043349149636924,0.9997575283050536,0.5616990327835083,0.4317865073680877,0.0042947004549205,0.9996412992477416,0.5197085738182068,0.2762181460857391,-0.0306618083268404,0.9686614274978638,0.561308741569519,0.2741762697696686,-0.0212743487209081,0.9442505240440368,0.526843249797821,0.1263373047113418,0.0644254684448242,0.9723193645477296,0.5535629987716675,0.1284340023994445,0.0763990059494972,0.9422891139984132,0.5296056866645813,0.109469436109066,0.0669762045145034,0.6298564672470093,0.5511935949325562,0.1132903471589088,0.0797490999102592,0.6173610687255859,0.5276612043380737,0.0793390497565269,-0.0448825731873512,0.9581197500228882,0.55368572473526,0.0802146196365356,-0.0242146924138069,0.9379242062568665,hoyeon_stand_normal_01,17.088007,19.924859,19.646883,18.248288,16.124515,13.152946,11.045361,8.062258,5.385165,2.828427,3.162278,4.242641,7.211103,9.433981,12.529964,15.264338,17.492856,19.416488,20.248457,20.808652,19.416488,16.643317,13.416408,10.198039,9.486833,11.401754,15.033296,15.297059,15.524175,13.928388,13.0,10.29563,7.615773,4.472136,3.162278,3.162278,5.0,7.071068,9.055385,11.045361,12.0,13.0,13.038405,14.142136,13.152946,11.401754,9.486833,6.324555,3.0,3.162278,7.211103,11.18034,17.0,16.03122,14.142136,12.649111,11.7047,10.29563,9.219544,7.211103,7.615773,7.071068,7.071068,6.708204,8.602325,9.899495,11.401754,13.038405,14.764823,16.124515,17.888544,18.788294,18.788294,18.788294,17.888544,15.652476,13.416408,10.29563,5.656854,3.0,3.162278,6.082763,8.944272,11.401754,14.142136,15.0,15.264338,14.317821,13.928388,11.401754,9.219544,7.071068,5.0,2.236068,1.414214,4.123106,6.082763,9.0,12.0,15.033296,17.029386,18.11077,19.104973,19.104973,15.620499,14.866069,12.806248,11.401754,9.848858,9.486833,10.049876,11.0,12.0,13.0,15.132746,15.297059,16.492423,17.464249,18.35756,17.204651,17.804494,16.278821,14.142136,10.630146,8.062258,6.0,8.062258,9.899495,13.453624,16.278821,9.433981,7.615773,7.071068,6.324555,8.602325,10.630146,12.806248,15.0,16.278821,17.691806,17.691806,17.029386,16.401219,14.422205,13.892444,11.661904,10.29563,9.433981,10.0,9.899495,11.401754,12.206556,13.601471,15.811388,17.204651,17.029386
hoyeon_stand_normal_01,2850,950,95.0051912568306,29.998360745314464,10,0.5409504771232605,0.6861767172813416,-0.2058962434530258,0.999989688396454,0.5363185405731201,0.6958468556404114,-0.1940004080533981,0.9999669790267944,0.5335023999214172,0.6951419115066528,-0.1940112859010696,0.9999696612358092,0.5309250354766846,0.6941209435462952,-0.1940285116434097,0.9999714493751526,0.5440916419029236,0.6966705918312073,-0.1938331574201584,0.9999531507492064,0.5465887188911438,0.696725606918335,-0.1938417702913284,0.9999504089355468,0.5492538213729858,0.6962075233459473,-0.1938398629426956,0.9999485611915588,0.5268230438232422,0.6845697164535522,-0.1098420694470405,0.9999551773071288,0.5524231195449829,0.6879147291183472,-0.1097249612212181,0.9998870491981506,0.535637617111206,0.672766387462616,-0.1736026108264923,0.9999880790710448,0.5469872951507568,0.6738842725753784,-0.1735288947820663,0.9999799132347108,0.5078691244125366,0.6080472469329834,-0.0478391051292419,0.9999855160713196,0.5731496214866638,0.6089286208152771,-0.0438995547592639,0.9999387264251708,0.4984865486621856,0.5071513652801514,-0.001892153522931,0.985402762889862,0.5791634917259216,0.5104467868804932,-0.0022269890177994,0.9474248290061952,0.4945659935474396,0.4235641062259674,-0.0695822611451149,0.9750316143035888,0.5846717357635498,0.4268223941326141,-0.0692063122987747,0.9340769052505492,0.4893470406532287,0.3949916064739227,-0.0909787639975547,0.95036381483078,0.5881779789924622,0.3994872272014618,-0.0913784205913543,0.8922029733657837,0.4932356774806976,0.3950369656085968,-0.1184278428554534,0.954288125038147,0.5851115584373474,0.3980462849140167,-0.1213559359312057,0.9005094170570374,0.4965887367725372,0.4045812487602234,-0.0820648670196533,0.9439052939414978,0.5829475522041321,0.4068444371223449,-0.0828823894262313,0.8913266658782959,0.5206501483917236,0.432485818862915,-0.0042283041402697,0.999756395816803,0.5617047548294067,0.4314993917942047,0.0041905990801751,0.9996401071548462,0.5195015072822571,0.276204913854599,-0.030239587649703,0.9687239527702332,0.5613261461257935,0.2738577723503113,-0.0210388638079166,0.9443780779838562,0.5268258452415466,0.1260385513305664,0.0663127973675727,0.9724801778793336,0.5535616278648376,0.1279854029417038,0.0769393518567085,0.943029284477234,0.529603123664856,0.1091223433613777,0.0690669119358062,0.6311273574829102,0.5511851906776428,0.1125072836875915,0.0801622793078422,0.6193833947181702,0.5276596546173096,0.0789279863238334,-0.0427694544196128,0.9584317803382874,0.5536795258522034,0.0794929191470146,-0.0236029848456382,0.9386657476425172,hoyeon_stand_normal_01,17.0,11.18034,5.0,6.082763,10.0,13.453624,16.278821,18.439089,18.439089,19.209373,18.601075,18.027756,16.124515,15.231546,13.601471,10.0,9.848858,10.816654,15.297059,22.022716,28.017851,36.055513,41.048752,44.0,45.01111,42.107007,3.162278,4.472136,10.198039,14.317821,19.416488,20.880613,24.351591,24.698178,24.596748,23.706539,21.954498,18.867962,15.264338,12.206556,7.211103,4.123106,2.236068,6.324555,11.7047,17.088007,20.880613,25.96151,28.635642,30.265492,30.149627,27.018512,14.652136,14.7620875,14.4330345,13.33605,13.4794815,12.595183,11.734197,11.1900395,11.0224665,10.446222,10.3362695,10.1548375,10.7058605,11.336584,11.511776,11.698377,12.4330345,13.0161395,12.653933,13.192138,13.687733,14.6063515,15.0346755,15.2888495,15.2858525,14.604048,10.741714,10.405100999999998,10.2601165,11.451757,12.185363,12.35235,11.618222,10.641869,9.1923885,8.788364999999999,10.0022975,10.102954,9.6922895,9.890649,9.061553,8.516648,8.066372999999999,9.451305,10.810807,11.7686825,12.7535945,13.156543,12.5622575,12.69544,13.418274,14.0246225,14.422205,15.0,15.0,16.401219,15.0,15.0,14.422205,12.529964,12.083046,9.848858,8.944272,7.211103,5.656854,5.830952,7.071068,9.0,12.041595,13.152946,16.278821,18.248288,20.099751,21.023796,21.0,20.024984,18.11077,15.132746,12.206556,13.601471,15.264338,16.124515,17.0,15.652476,14.764823,12.529964,10.816654,9.219544,7.81025,6.708204,7.071068,7.0,8.062258,9.055385,10.198039,11.18034,11.18034,12.165525,13.038405,12.041595,13.038405,13.152946,12.369317,13.0
hoyeon_stand_normal_01,2853,951,95.10519672131149,29.998360745314464,10,0.5409297347068787,0.6864659786224365,-0.1978215277194976,0.99998939037323,0.5362690687179565,0.6959928274154663,-0.1855627000331878,0.9999658465385436,0.5334545969963074,0.6952602863311768,-0.1855761110782623,0.9999685287475586,0.5308879017829895,0.6942242980003357,-0.1855916082859039,0.9999703764915466,0.5440213680267334,0.6968783140182495,-0.1854543983936309,0.9999516606330872,0.5464845895767212,0.6969733238220215,-0.1854622066020965,0.9999488592147828,0.5491580963134766,0.6964866518974304,-0.1854629963636398,0.9999471306800842,0.5267695188522339,0.6846346855163574,-0.1014497131109237,0.999953031539917,0.5523518323898315,0.6881214380264282,-0.1013641431927681,0.9998838305473328,0.5356246829032898,0.6730167865753174,-0.1655991077423095,0.9999876618385316,0.546964704990387,0.6742804646492004,-0.165583997964859,0.9999794363975524,0.507843554019928,0.6080852746963501,-0.0406710766255855,0.9999849796295166,0.5731295943260193,0.6088625192642212,-0.0379064865410327,0.999937891960144,0.4984786808490753,0.5071465969085693,0.0032104742713272,0.9848673343658448,0.5790014863014221,0.5103787779808044,0.0024600154720246,0.9471005797386168,0.4945642650127411,0.4235572516918182,-0.0662098601460456,0.9743025302886964,0.5844864249229431,0.4268373847007751,-0.0654377713799476,0.9336277842521667,0.4893436431884765,0.395033985376358,-0.0880558863282203,0.9492756724357604,0.5880270004272461,0.3994902670383453,-0.088039144873619,0.8917818665504456,0.4932330846786499,0.3950826525688171,-0.1152114570140838,0.9532548189163208,0.584976077079773,0.3980801105499267,-0.117826372385025,0.9000951051712036,0.4965875446796417,0.404613196849823,-0.0786871090531349,0.9426655769348145,0.5828122496604919,0.4068524539470672,-0.0790776386857032,0.8908542394638062,0.5206122398376465,0.4320258200168609,-0.003860862692818,0.9997556209564208,0.5617004036903381,0.4308905601501465,0.0038284067995846,0.999640703201294,0.5192726254463196,0.2753125429153442,-0.0302294269204139,0.9688547849655152,0.5614402890205383,0.2728511095046997,-0.0213300827890634,0.9446728229522704,0.5268497467041016,0.1257833689451217,0.0687223672866821,0.9725026488304138,0.5537024140357971,0.1273554116487503,0.0769942849874496,0.9436854720115662,0.529688835144043,0.1090095117688179,0.0718923807144165,0.6323692798614502,0.5513238906860352,0.1116062402725219,0.080293208360672,0.6204493641853333,0.527649462223053,0.0785579979419708,-0.0390461571514606,0.9585111141204834,0.5539953708648682,0.0786724463105201,-0.0231614187359809,0.9391942024230956,hoyeon_stand_normal_01,17.088007,18.681542,18.439089,17.117243,15.033296,13.038405,10.049876,7.071068,3.162278,2.236068,3.162278,5.656854,8.485281,10.630146,12.806248,15.620499,18.439089,19.104973,20.518285,19.79899,19.104973,16.970563,13.601471,10.77033,10.049876,13.416408,16.492423,16.124515,17.0,16.03122,14.142136,11.18034,8.246211,6.0,3.162278,4.472136,6.0,7.071068,9.055385,11.045361,12.041595,13.0,13.038405,14.142136,13.152946,12.369317,9.486833,7.28011,3.162278,2.0,6.708204,10.29563,11.18034,13.341664,13.601471,14.866069,14.317821,13.892444,14.422205,13.601471,13.453624,14.142136,13.453624,12.806248,13.601471,12.206556,13.038405,11.18034,10.77033,10.440307,9.0,8.246211,9.433981,11.313708,13.601471,15.811388,17.492856,18.867962,16.278821,17.720045,18.788294,18.027756,17.029386,14.21267,11.661904,8.246211,5.09902,3.162278,5.0,7.211103,8.944272,11.7047,12.369317,14.035669,14.0,15.0,14.035669,13.152946,12.041595,10.049876,8.062258,5.830952,5.830952,7.071068,13.038405,13.0,14.0,14.0,14.0,13.0,12.041595,11.045361,10.198039,8.246211,7.071068,5.0,5.385165,5.0,5.830952,8.062258,11.18034,13.0,16.155494,17.888544,19.235384,19.723083,19.416488,18.601075,17.204651,14.21267,12.165525,14.142136,15.297059,16.492423,15.811388,15.811388,13.601471,12.369317,10.198039,8.062258,7.0,5.385165,5.830952,6.403124,7.211103,7.211103,8.944272,9.433981,10.29563,10.816654,10.816654,11.661904,10.816654,11.18034,10.77033,11.401754
hoyeon_stand_normal_01,2856,952,95.20520218579234,29.998360745314464,10,0.5409041047096252,0.6866901516914368,-0.1916030347347259,0.9999891519546508,0.5362203121185303,0.6960992217063904,-0.1791460365056991,0.9999650716781616,0.5334095358848572,0.6953544616699219,-0.1791601777076721,0.9999676942825316,0.5308566689491272,0.6943223476409912,-0.1791751682758331,0.9999696016311646,0.5439549684524536,0.6970292329788208,-0.1789401471614837,0.9999507069587708,0.5463887453079224,0.6971638202667236,-0.1789482086896896,0.9999479055404664,0.5490595698356628,0.6967179179191589,-0.1789479851722717,0.999946355819702,0.5267421007156372,0.6847447156906128,-0.0953269824385643,0.9999513626098632,0.552261471748352,0.6883483529090881,-0.094627633690834,0.9998818039894104,0.5356090068817139,0.6732367873191833,-0.1595991104841232,0.9999873638153076,0.5469368696212769,0.6746218800544739,-0.1594142168760299,0.9999791383743286,0.5078179240226746,0.6082353591918945,-0.0363482609391212,0.9999846816062928,0.573086142539978,0.6087505221366882,-0.0325733385980129,0.9999375939369202,0.4983838498592376,0.5072014927864075,0.0049379710108041,0.9844855070114136,0.5788310766220093,0.5102148652076721,0.0068645072169601,0.9470087885856628,0.4943515956401825,0.4235759377479553,-0.0660956352949142,0.9737938642501832,0.5843502283096313,0.4268256723880768,-0.0616629868745803,0.9337523579597472,0.4892233908176422,0.3951995074748993,-0.088349774479866,0.9485452771186828,0.5878368020057678,0.3994917869567871,-0.0846186652779579,0.8921145796775818,0.4931710660457611,0.3952490091323852,-0.1152849942445755,0.9525550007820128,0.5848352909088135,0.3981197476387024,-0.1142788827419281,0.9003893136978149,0.4965314865112304,0.4047161340713501,-0.0785486027598381,0.9417945742607116,0.5827097296714783,0.4068597257137298,-0.0753005295991897,0.8911178112030029,0.5205703973770142,0.4316793978214264,-0.0038344892673194,0.9997575283050536,0.5616848468780518,0.429998904466629,0.0038027267437428,0.9996447563171388,0.5192680954933167,0.2743430137634277,-0.030099032446742,0.9691770076751708,0.5614597201347351,0.2718085050582886,-0.0213499311357736,0.945148229598999,0.526847243309021,0.1257768124341964,0.0709311217069625,0.9727195501327516,0.5537444353103638,0.1273637861013412,0.0808625072240829,0.9443631768226624,0.5296532511711121,0.1090009286999702,0.0743774101138114,0.6344277858734131,0.5513483881950378,0.1116222068667411,0.0848196297883987,0.6221216917037964,0.5275670289993286,0.0785493552684784,-0.0358140096068382,0.958816945552826,0.5542593002319336,0.0786777660250663,-0.0190134905278682,0.9398186802864076,hoyeon_stand_normal_01,17.691806,19.79899,19.849433,18.601075,16.401219,13.601471,10.816654,7.81025,5.830952,4.0,4.472136,5.830952,8.544004,11.401754,14.317821,16.492423,18.439089,21.587033,21.84033,21.84033,20.880613,18.681542,15.297059,11.0,10.29563,11.401754,16.552945,18.027756,17.464249,17.117243,15.033296,13.0,10.0,7.0,4.123106,2.236068,4.123106,6.708204,8.062258,10.29563,11.18034,13.0,13.928388,13.601471,13.341664,12.165525,10.049876,7.0,3.0,1.414214,6.708204,10.816654,11.661904,13.416408,13.928388,14.56022,14.56022,14.317821,14.142136,14.035669,14.0,13.038405,13.152946,13.152946,12.369317,12.369317,12.649111,11.7047,11.18034,10.0,9.219544,8.944272,9.219544,12.0,14.142136,16.278821,17.720045,18.439089,17.204651,17.691806,19.209373,18.867962,17.464249,14.317821,11.045361,7.071068,3.605551,2.236068,5.385165,8.0,10.049876,11.401754,12.649111,14.317821,14.764823,15.811388,15.0,14.21267,12.806248,10.816654,8.944272,7.071068,6.324555,7.81025,14.4653815,14.4534795,13.33605,13.1339115,11.68084,11.336584,11.1201145,10.625306,10.7585135,10.531129,10.5517735,10.460596,10.0463175,10.5468345,11.8872845,13.423643000000002,13.885165,14.7764725,15.064604500000002,14.4501925,14.124604,13.399601,13.647408,14.227464,14.4109715,14.176745,11.403124,11.2728715,11.545749,11.8216585,13.01843,13.4705845,14.183147,13.764982,13.6089365,12.9314305,12.281962,11.415476,11.1191285,10.4330345,10.3362695,10.2157875,10.310649000000002,10.7998965,10.4841845,10.737984999999998,11.421122,11.693448,12.696504999999998,13.200877,13.7068235,14.1924955
hoyeon_stand_normal_01,2859,953,95.30520765027322,29.998360745314464,10,0.5408801436424255,0.6868637204170227,-0.1923783421516418,0.9999887943267822,0.5361829996109009,0.6962186694145203,-0.1800263673067093,0.9999637603759766,0.5333758592605591,0.6954808235168457,-0.1800398081541061,0.9999663829803468,0.5308312773704529,0.6944728493690491,-0.1800552308559417,0.9999683499336244,0.5439049005508423,0.6971306204795837,-0.1798244416713714,0.999949038028717,0.5463187098503113,0.6972704529762268,-0.1798333078622818,0.9999461770057678,0.5489798784255981,0.6968258023262024,-0.1798327267169952,0.9999447464942932,0.5266995429992676,0.6849486827850342,-0.0963623374700546,0.9999490976333618,0.5521756410598755,0.688437283039093,-0.0955872312188148,0.9998779892921448,0.5355697870254517,0.6734269261360168,-0.1603887230157852,0.9999869465827942,0.5468873381614685,0.6748485565185547,-0.1601830422878265,0.9999785423278807,0.5077425837516785,0.6083672642707825,-0.0370072573423385,0.9999841451644896,0.5729292035102844,0.6086668968200684,-0.0337195955216884,0.9999364614486694,0.4982629716396332,0.5073199272155762,0.0045851967297494,0.9841481447219848,0.5786011815071106,0.5102092027664185,0.0052352133207023,0.9468693137168884,0.4939611554145813,0.4235934317111969,-0.0654338747262954,0.9732974171638488,0.5842429399490356,0.426875501871109,-0.0629381015896797,0.9334844946861268,0.4890556633472442,0.3952657282352447,-0.0874630436301231,0.9477673172950744,0.5877046585083008,0.399540513753891,-0.0855593234300613,0.8917849659919739,0.4930402934551239,0.3952981233596802,-0.1143820434808731,0.9518176913261414,0.5847216248512268,0.3983275592327118,-0.1153919547796249,0.9000508189201355,0.4963997602462768,0.4047410488128662,-0.0778499543666839,0.9409066438674928,0.5826140642166138,0.4070014357566833,-0.076581209897995,0.8906942009925842,0.5205062627792358,0.4311497509479522,-0.0037573943845927,0.9997566938400269,0.5616458058357239,0.4292546510696411,0.0037274879869073,0.9996446371078492,0.5192365050315857,0.2740594148635864,-0.0300253089517354,0.9695542454719543,0.5616037249565125,0.2714845836162567,-0.0212839934974908,0.9457883834838868,0.5268458724021912,0.1258561760187149,0.0736754909157753,0.9729301929473876,0.5538422465324402,0.1273875683546066,0.083038255572319,0.9453718662261964,0.5296519994735718,0.109110027551651,0.077426940202713,0.6365384459495544,0.5513936877250671,0.1117706522345542,0.0871345177292823,0.6251424551010132,0.5275645852088928,0.078499749302864,-0.0323823057115078,0.9591161012649536,0.5545894503593445,0.0786857083439827,-0.0173758137971162,0.9407123327255248,hoyeon_stand_normal_01,16.278821,17.720045,17.088007,16.155494,14.317821,12.083046,8.944272,6.324555,4.123106,2.236068,3.162278,5.09902,7.28011,9.486833,12.083046,13.928388,16.155494,17.088007,18.027756,18.027756,17.720045,14.866069,12.529964,9.899495,9.486833,12.0,14.56022,16.155494,15.652476,15.264338,13.601471,11.401754,8.602325,5.830952,4.123106,3.605551,5.0,6.708204,8.544004,10.77033,12.083046,13.416408,13.892444,13.038405,12.806248,12.041595,9.899495,7.071068,3.605551,2.236068,6.082763,10.049876,15.811388,14.764823,13.0,11.401754,11.045361,10.049876,9.219544,7.615773,7.81025,7.211103,6.708204,7.071068,8.0,9.219544,10.440307,12.083046,14.764823,16.124515,17.492856,18.867962,18.867962,18.867962,17.492856,16.124515,14.764823,11.18034,5.385165,3.0,2.0,4.242641,8.062258,10.77033,13.341664,14.035669,15.0,14.142136,13.341664,11.401754,9.486833,7.615773,5.0,2.828427,1.414214,3.0,5.385165,8.944272,11.661904,14.422205,16.401219,17.804494,17.804494,17.804494,16.278821,14.866069,13.453624,12.041595,10.816654,9.848858,10.440307,11.18034,12.165525,13.341664,14.56022,16.155494,17.0,18.027756,17.804494,19.104973,17.029386,16.401219,14.21267,11.401754,8.485281,7.28011,7.28011,9.433981,13.601471,15.0,11.18034,9.848858,7.071068,7.28011,9.433981,11.313708,14.142136,16.278821,17.691806,17.691806,18.439089,17.804494,16.643317,15.652476,14.317821,13.416408,12.083046,11.18034,10.816654,10.630146,11.313708,13.453624,14.21267,16.278821,16.970563,17.691806
hoyeon_stand_normal_01,2862,954,95.40521311475408,29.998360745314464,10,0.5408764481544495,0.6869788765907288,-0.1929422467947006,0.9999885559082032,0.5361722111701965,0.6963423490524292,-0.1801707148551941,0.9999629259109496,0.5333667993545532,0.6956226229667664,-0.1801860779523849,0.9999655485153198,0.5308226943016052,0.6946455240249634,-0.1802053749561309,0.9999675750732422,0.5438877940177917,0.6972113847732544,-0.1806442439556121,0.9999478459358216,0.546284556388855,0.6973427534103394,-0.180651918053627,0.9999449253082277,0.5489298105239868,0.6968902945518494,-0.180651769042015,0.9999434947967528,0.5266523957252502,0.6852294206619263,-0.0994394496083259,0.9999479651451112,0.552064061164856,0.6884962916374207,-0.0962549448013305,0.9998748898506165,0.5355432629585266,0.6735621094703674,-0.1613279432058334,0.9999867081642152,0.5468509197235107,0.6749908328056335,-0.1605397313833236,0.9999781250953674,0.5076647996902466,0.6084811091423035,-0.0423093438148498,0.999983847141266,0.5727223753929138,0.6086484789848328,-0.0349771417677402,0.9999346733093262,0.4980160892009735,0.5074244141578674,-0.0018026899779215,0.9842151999473572,0.5784191489219666,0.5101932883262634,0.0021573244594037,0.946792483329773,0.4934104979038238,0.4236024916172027,-0.0692857950925827,0.9734694361686708,0.58419269323349,0.4268787205219269,-0.0656764432787895,0.9330954551696776,0.4888935387134552,0.3952780365943908,-0.090922363102436,0.9480258226394652,0.5875845551490784,0.3995943665504455,-0.0882263630628585,0.891127347946167,0.4928670227527618,0.3953011333942413,-0.1175973489880561,0.952049970626831,0.5845211744308472,0.3984343111515045,-0.1170682907104492,0.8994156718254089,0.49619260430336,0.4047321379184723,-0.0814007073640823,0.941167414188385,0.5824336409568787,0.4070682227611542,-0.0789157971739769,0.8899933099746704,0.5205019116401672,0.4309757351875305,-0.0038312044925987,0.9997528195381165,0.5616223216056824,0.4290907979011535,0.0037996422033756,0.9996387958526612,0.5192443132400513,0.274005115032196,-0.0299747418612241,0.9696121215820312,0.5617421865463257,0.2713903784751892,-0.0203729961067438,0.9459764361381532,0.5268198847770691,0.1259894222021103,0.0735032111406326,0.9728585481643676,0.5539068579673767,0.1275122612714767,0.0835400968790054,0.9456692337989808,0.5296041965484619,0.109243206679821,0.0771581903100013,0.6358264684677124,0.5514084696769714,0.1121036484837532,0.0875703617930412,0.6254587173461914,0.5275232195854187,0.0784487128257751,-0.032681580632925,0.9589243531227112,0.5547358393669128,0.0786792635917663,-0.0169739611446857,0.9407991766929626,hoyeon_stand_normal_01,17.029386,19.104973,18.439089,17.720045,15.811388,13.601471,10.440307,8.062258,5.0,4.472136,4.472136,6.0,8.0,11.18034,13.341664,15.297059,17.464249,19.416488,20.223748,20.223748,19.235384,17.262677,14.56022,11.18034,10.0,11.401754,15.0,16.124515,16.492423,15.811388,14.317821,11.661904,9.433981,5.830952,3.162278,2.828427,4.123106,6.082763,8.062258,10.198039,11.18034,12.369317,12.649111,13.0,12.529964,11.661904,9.433981,5.830952,3.162278,3.162278,7.071068,11.045361,16.492423,15.811388,13.928388,12.529964,11.401754,9.899495,8.602325,7.615773,7.071068,7.071068,6.324555,7.211103,8.485281,9.433981,10.29563,13.0,14.56022,15.811388,17.720045,18.439089,18.439089,18.439089,17.720045,15.811388,13.601471,10.440307,5.830952,3.605551,2.236068,5.09902,8.062258,10.440307,12.529964,13.892444,14.21267,13.453624,12.806248,10.816654,8.944272,6.708204,4.123106,2.0,1.0,3.605551,6.324555,8.544004,11.401754,14.317821,16.278821,18.248288,19.235384,18.248288,15.811388,14.422205,12.529964,10.29563,9.486833,9.055385,10.049876,11.045361,11.045361,13.152946,14.035669,15.033296,16.124515,17.464249,17.088007,17.0,16.124515,15.811388,12.806248,10.0,7.615773,6.0,7.211103,10.0,13.038405,15.264338,8.944272,8.246211,6.0,6.324555,7.071068,10.0,12.529964,13.892444,15.811388,16.643317,16.401219,16.278821,15.556349,14.21267,13.601471,11.401754,10.630146,9.899495,9.899495,10.0,10.816654,12.529964,13.416408,15.652476,17.0,16.643317
hoyeon_stand_normal_01,2865,955,95.50521857923498,29.998360745314464,10,0.5408521294593811,0.6870421171188354,-0.1955951601266861,0.9999881982803344,0.5361267924308777,0.6964432597160339,-0.1832635551691055,0.999961793422699,0.5333178043365479,0.6957334280014038,-0.1832769811153412,0.999964475631714,0.5307877659797668,0.6947888135910034,-0.1832954585552215,0.999966561794281,0.5438488721847534,0.6972674131393433,-0.1832210123538971,0.9999462366104126,0.5462331771850586,0.697386622428894,-0.1832296401262283,0.999943196773529,0.5488625764846802,0.6969276070594788,-0.1832288056612014,0.9999418258666992,0.5265600085258484,0.6854526996612549,-0.1013647317886352,0.9999465346336364,0.5519733428955078,0.6885144710540771,-0.0988178998231887,0.9998710751533508,0.5354606509208679,0.6736471652984619,-0.1638662219047546,0.9999864101409912,0.5467666387557983,0.6750679016113281,-0.1632208079099655,0.9999776482582092,0.5074947476387024,0.6084950566291809,-0.0431524142622947,0.9999836087226868,0.5725037455558777,0.6086464524269104,-0.0361375585198402,0.999932825565338,0.4978121519088745,0.5074130296707153,-0.0020499194506555,0.984174907207489,0.578285276889801,0.5102198123931885,0.0019115115283057,0.9463096857070924,0.4929316937923431,0.4235891699790954,-0.0694858133792877,0.9734450578689576,0.5841246843338013,0.4268794059753418,-0.0658100619912147,0.9321385622024536,0.4887065887451172,0.3952715694904327,-0.0911387130618095,0.9480185508728028,0.5874621272087097,0.3995981514453888,-0.0883428901433944,0.8896910548210144,0.4926997125148773,0.395237386226654,-0.1179869174957275,0.9520385265350342,0.5843446254730225,0.3984412252902984,-0.1171855702996254,0.8980379104614258,0.4960141479969024,0.4046519100666046,-0.081700712442398,0.9411424994468688,0.5822733044624329,0.4070741832256317,-0.0790718868374824,0.8885660171508789,0.5204638242721558,0.4305427372455597,-0.0038952946197241,0.999751091003418,0.5615740418434143,0.4287086427211761,0.003863469697535,0.9996352195739746,0.5192329287528992,0.273522675037384,-0.0302528366446495,0.9698952436447144,0.5619351863861084,0.2711210548877716,-0.0204063821583986,0.9463327527046204,0.5266669392585754,0.1259771734476089,0.0752500519156456,0.9729219675064088,0.5539324283599854,0.127571240067482,0.0861677899956703,0.9459707736968994,0.5293596386909485,0.1092617809772491,0.0792528614401817,0.6355668902397156,0.5514047741889954,0.112306147813797,0.0906252115964889,0.6262261867523193,0.5273682475090027,0.0783096328377723,-0.0301773622632026,0.9588636159896852,0.5548529028892517,0.0786634609103202,-0.013253079727292,0.9409469962120056,hoyeon_stand_normal_01,10.440307,7.071068,4.0,3.605551,6.0,7.071068,9.486833,9.486833,10.77033,10.77033,9.848858,9.848858,8.944272,8.602325,7.071068,5.830952,5.09902,6.324555,8.485281,12.041595,15.811388,19.416488,22.803509,24.207437,25.495098,23.345235,2.0,2.828427,5.385165,8.246211,10.440307,11.7047,13.0,14.317821,14.317821,13.892444,13.038405,11.401754,8.602325,7.211103,5.0,3.162278,2.236068,3.162278,6.0,9.055385,12.0,15.0,17.029386,18.248288,17.464249,15.524175,16.03122,15.0,13.038405,12.369317,10.77033,8.944272,7.81025,6.403124,6.708204,6.082763,6.082763,6.324555,7.211103,8.485281,10.0,11.661904,13.892444,16.124515,17.0,17.888544,17.888544,17.888544,17.0,14.764823,12.529964,10.29563,5.0,3.0,3.605551,6.0,9.219544,11.18034,13.601471,14.866069,14.866069,14.21267,13.038405,11.18034,8.944272,7.615773,4.123106,2.236068,3.0,6.0,9.0,12.0,14.035669,16.03122,18.11077,18.11077,18.11077,13.651836499999998,16.278821,15.620499,14.21267,11.661904,11.18034,10.440307,11.18034,12.041595,13.038405,14.035669,15.132746,16.492423,17.720045,18.384776,18.35756,18.027756,17.804494,16.278821,14.142136,12.041595,9.433981,7.071068,8.544004,10.630146,13.453624,15.556349,9.486833,8.246211,8.0,7.615773,9.219544,12.041595,15.0,16.401219,17.804494,18.439089,18.384776,17.691806,17.029386,16.401219,15.0,13.038405,12.206556,12.041595,12.041595,12.041595,12.806248,14.422205,15.811388,17.204651,18.027756,17.804494
hoyeon_stand_normal_01,2868,956,95.60522404371584,29.998360745314464,10,0.5407974123954773,0.6870495080947876,-0.1904047578573227,0.999987781047821,0.5360231995582581,0.6964736580848694,-0.1781882792711258,0.999960482120514,0.533200740814209,0.6957611441612244,-0.1782023757696151,0.9999632835388184,0.5307138562202454,0.69483482837677,-0.1782213151454925,0.999965488910675,0.5437706708908081,0.6972780823707581,-0.1777795404195785,0.9999443888664246,0.5461538434028625,0.6973930597305298,-0.1777867525815963,0.9999411702156068,0.548764169216156,0.6969351172447205,-0.1777851432561874,0.9999397993087769,0.5264338850975037,0.6855277419090271,-0.096672885119915,0.999944806098938,0.5518884658813477,0.6885173320770264,-0.0943564474582672,0.9998663067817688,0.5353506803512573,0.6736622452735901,-0.1592131108045578,0.9999859929084778,0.5466454029083252,0.6750838756561279,-0.1585776358842849,0.999976933002472,0.5072184801101685,0.6084719896316528,-0.0409456752240657,0.9999833703041076,0.572286069393158,0.6086464524269104,-0.0332806967198848,0.999930500984192,0.4976770281791687,0.5072008371353149,-0.001988949952647,0.9841415286064148,0.5781744718551636,0.5104118585586548,0.0034865729976445,0.9455720782279968,0.4925541579723358,0.4235055148601532,-0.0697649642825126,0.9735923409461976,0.5840451121330261,0.4268848299980163,-0.0630602836608886,0.9309492707252502,0.4884721934795379,0.3952536284923553,-0.0913821905851364,0.9483284950256348,0.5873715877532959,0.3996064066886902,-0.0854458585381507,0.8879587054252625,0.4925292432308197,0.3951561152935028,-0.1183290034532547,0.9523163437843324,0.5841488242149353,0.398459643125534,-0.113676980137825,0.8963804841041565,0.4958463609218597,0.4045372307300567,-0.0820087417960167,0.9414576292037964,0.5820549726486206,0.4070834517478943,-0.0761263743042945,0.8868551254272461,0.5204218626022339,0.4303068220615387,-0.0038965540006756,0.9997486472129822,0.5615289211273193,0.4285392463207245,0.0038645952008664,0.9996302723884584,0.5192010402679443,0.2735296785831451,-0.0307670608162879,0.969942033290863,0.5620871186256409,0.2709890604019165,-0.0208591520786285,0.946224570274353,0.5264316201210022,0.126252993941307,0.0750734061002731,0.9727700352668762,0.5539748668670654,0.1276969015598297,0.0854788497090339,0.9457842707633972,0.5290377140045166,0.1094453856348991,0.0787854045629501,0.6340524554252625,0.5514105558395386,0.112613670527935,0.0899986326694488,0.6245675683021545,0.5272256135940552,0.0781805887818336,-0.0312077831476926,0.958534836769104,0.5549352169036865,0.0786609724164009,-0.0135724991559982,0.9405847787857056,hoyeon_stand_normal_01,16.3994055,17.6343715,17.790174999999998,16.806939999999997,14.644137,12.506402,9.3267625,6.889636,4.123106,3.162278,4.3573885,6.203659,8.154234500000001,10.5990195,13.170832,15.1485295,17.6313385,19.2320365,19.873317,19.873317,18.8932575,16.804833,14.071068,11.2235575,11.531829,13.2460145,16.522683999999998,16.865662,17.6343715,17.2317095,15.715943500000002,12.806248,10.0,7.1410855,4.9286505,4.061553,4.6213205,6.889636,8.640901,10.239502,11.247024,12.883163499999998,13.5275475,13.2038595,12.883163499999998,12.2857795,9.924429,7.413437999999999,3.924096,2.236068,5.464986,10.6891895,14.142136,15.524175,16.763055,17.088007,17.464249,17.0,16.643317,16.401219,15.620499,15.556349,16.278821,15.620499,15.0,15.264338,15.264338,14.764823,13.928388,12.369317,11.045361,10.440307,11.661904,13.453624,16.401219,18.027756,21.095023,22.472205,19.235384,21.84033,21.540659,21.954498,20.0,17.691806,14.422205,9.486833,5.0,3.162278,5.830952,8.485281,11.18034,13.0,15.524175,17.262677,17.029386,18.0,17.029386,16.03122,15.033296,12.041595,10.049876,7.615773,7.211103,9.055385,15.264338,13.892444,12.206556,10.816654,9.219544,9.433981,9.848858,10.440307,11.7047,13.0,14.317821,15.652476,15.811388,17.029386,17.691806,17.804494,16.643317,14.764823,13.416408,10.29563,7.071068,5.09902,7.28011,10.29563,13.892444,15.811388,10.0,7.81025,6.708204,7.0,8.544004,10.29563,13.038405,15.264338,16.124515,17.0,17.464249,17.088007,15.811388,14.56022,13.341664,12.165525,11.18034,10.440307,9.848858,10.29563,11.661904,12.206556,13.601471,15.0,17.204651,16.643317
hoyeon_stand_normal_01,2871,957,95.70522950819672,29.998360745314464,10,0.5407718420028687,0.6870547533035278,-0.1872924864292144,0.9999873638153076,0.5359607338905334,0.6964909434318542,-0.1749837845563888,0.9999593496322632,0.5331289172172546,0.6957745552062988,-0.1749987602233886,0.9999622106552124,0.5306655764579773,0.6948574185371399,-0.1750163435935974,0.999964475631714,0.5437150597572327,0.697289764881134,-0.1744114756584167,0.9999425411224364,0.5460897088050842,0.6974036693572998,-0.1744187474250793,0.9999391436576844,0.5486738085746765,0.6969543099403381,-0.1744187176227569,0.9999377727508544,0.5263345837593079,0.6855477690696716,-0.0932752415537834,0.9999430775642396,0.5517950654029846,0.6885220408439636,-0.0907235965132713,0.9998614192008972,0.5352915525436401,0.6736733913421631,-0.1562027782201767,0.9999856352806092,0.5465699434280396,0.6750989556312561,-0.1554829329252243,0.9999762773513794,0.506995677947998,0.6083494424819946,-0.038178339600563,0.9999831318855286,0.5720801949501038,0.6086505651473999,-0.0305378548800945,0.9999281764030457,0.4976200759410858,0.5069470405578613,-0.0011985037708655,0.9840751886367798,0.5780946016311646,0.5107834339141846,0.0056392322294414,0.9447906613349916,0.4922761917114258,0.4234404861927032,-0.0698690339922905,0.9736955165863036,0.5839805006980896,0.4270671010017395,-0.0616504997014999,0.9297624230384828,0.4882566630840301,0.3952526748180389,-0.0919870287179946,0.9485592842102052,0.5873510241508484,0.3997503221035003,-0.0842242389917373,0.8862893581390381,0.4923716187477112,0.3951179087162018,-0.118685096502304,0.952524960041046,0.5840741991996765,0.3986537158489227,-0.1124209687113761,0.8947813510894775,0.4956934154033661,0.404462605714798,-0.0820958092808723,0.941665530204773,0.5819404721260071,0.4072202742099762,-0.0747531279921531,0.8852251768112183,0.5203776955604553,0.4298197329044342,-0.0038705945480614,0.9997465014457704,0.5614937543869019,0.4282655119895935,0.0038390741683542,0.9996260404586792,0.5191043615341187,0.2730036079883575,-0.0312029812484979,0.97004896402359,0.562242329120636,0.2706332802772522,-0.0217171721160411,0.9463260173797609,0.5261615514755249,0.1261455714702606,0.0745063349604606,0.9726735949516296,0.5540755391120911,0.1277004182338714,0.0853973180055618,0.9456771016120912,0.5288854241371155,0.1092677861452102,0.0781366378068924,0.6336164474487305,0.5514805316925049,0.1126010566949844,0.0897521674633026,0.6231680512428284,0.5268885493278503,0.0778819918632507,-0.0317215174436569,0.9582944512367249,0.555027961730957,0.0786981061100959,-0.0140806715935468,0.9403126239776612,hoyeon_stand_normal_01,19.104973,20.615528,20.808652,19.723083,17.0,14.764823,11.661904,8.602325,6.403124,5.09902,5.09902,6.403124,8.485281,10.816654,13.038405,15.264338,18.35756,19.723083,20.248457,20.808652,19.416488,18.027756,14.764823,11.401754,10.198039,13.038405,15.620499,16.278821,16.401219,16.124515,14.317821,12.083046,9.486833,6.324555,2.828427,3.0,5.0,7.071068,9.899495,11.313708,12.041595,13.601471,13.601471,14.764823,14.317821,13.0,10.440307,7.615773,3.605551,3.162278,7.071068,12.041595,15.811388,14.317821,12.529964,11.401754,9.899495,8.602325,7.615773,7.071068,6.082763,6.324555,6.403124,7.071068,8.602325,9.848858,11.7047,13.341664,15.297059,16.278821,18.248288,19.235384,19.235384,19.235384,18.248288,16.278821,14.317821,11.18034,4.0,2.236068,2.236068,5.09902,9.0,12.041595,13.341664,14.866069,15.231546,15.264338,13.601471,12.041595,9.899495,8.485281,6.403124,3.605551,1.0,2.236068,4.472136,7.615773,10.77033,12.649111,15.811388,16.492423,17.464249,17.720045,17.0,15.264338,13.416408,11.7047,10.198039,10.0,11.045361,12.165525,13.152946,15.297059,16.124515,17.0,17.029386,18.439089,18.681542,18.384776,17.0,16.124515,13.892444,11.18034,8.544004,6.082763,7.81025,10.816654,13.892444,17.492856,9.486833,8.062258,6.082763,7.211103,9.219544,11.661904,13.892444,16.124515,18.027756,18.027756,18.601075,17.804494,16.278821,14.866069,13.453624,13.453624,12.041595,12.041595,11.401754,10.816654,12.083046,13.416408,15.231546,16.552945,17.888544,17.888544
hoyeon_stand_normal_01,2874,958,95.8052349726776,29.998360745314464,10,0.5407596826553345,0.6870596408843994,-0.1828179955482483,0.9999871253967284,0.5359236598014832,0.6964972019195557,-0.1703686416149139,0.999958634376526,0.5330885052680969,0.6957806348800659,-0.1703844219446182,0.9999614953994752,0.5306366682052612,0.6948686838150024,-0.1704007685184478,0.9999638199806212,0.54367995262146,0.6972948312759399,-0.1697640568017959,0.9999414086341858,0.5460456013679504,0.6974067687988281,-0.1697707623243332,0.9999378323554992,0.5486059188842773,0.6969673037528992,-0.1697710156440735,0.9999365210533142,0.5262715220451355,0.6855610609054565,-0.088559977710247,0.9999418258666992,0.5516965985298157,0.6885324120521545,-0.0859904289245605,0.9998583793640136,0.5352689027786255,0.6736783385276794,-0.1517860740423202,0.9999854564666748,0.5465167164802551,0.6751092672348022,-0.1510490626096725,0.9999759793281556,0.5067843198776245,0.608223557472229,-0.0342188812792301,0.999983012676239,0.5719702243804932,0.6086596846580505,-0.0269904267042875,0.9999269247055054,0.4975709021091461,0.5066472887992859,0.0008595985709689,0.9840787053108216,0.5780550837516785,0.5110687017440796,0.0081719132140278,0.944412112236023,0.4920666515827179,0.4233973920345306,-0.0700434893369674,0.9739697575569152,0.5839616060256958,0.427150696516037,-0.0601647347211837,0.9293544292449952,0.4881118535995483,0.395246684551239,-0.0920252948999404,0.949100136756897,0.5873456597328186,0.3997807204723358,-0.0830759927630424,0.8857370615005493,0.4923110008239746,0.3950749337673187,-0.118821233510971,0.953015387058258,0.5840216279029846,0.3987420797348022,-0.1112803891301155,0.8942295908927917,0.4956030547618866,0.4043946862220764,-0.0822836980223655,0.9421855211257936,0.5818611979484558,0.4073203206062317,-0.0733083039522171,0.8846434950828552,0.5203573107719421,0.4293351769447326,-0.0037985402159392,0.9997469782829284,0.5614803433418274,0.4279662370681762,0.0037678147200495,0.9996261596679688,0.519103467464447,0.272458404302597,-0.0315687730908393,0.9704572558403016,0.5623727440834045,0.2701427936553955,-0.0228836629539728,0.946951150894165,0.5260750651359558,0.1260295063257217,0.0741369575262069,0.9728562831878662,0.5541408061981201,0.1277065128087997,0.0851820036768913,0.9460349678993224,0.5288310647010803,0.1091205701231956,0.0777959525585174,0.6357138752937317,0.5515037178993225,0.1126035824418068,0.0894457399845123,0.623740017414093,0.5267701745033264,0.0776863470673561,-0.0316968448460102,0.958482265472412,0.5550865530967712,0.0787017121911048,-0.0143802966922521,0.9405472874641418,hoyeon_stand_normal_01,17.0,18.027756,18.248288,17.464249,14.56022,12.369317,9.219544,7.071068,4.123106,3.605551,5.09902,7.071068,8.246211,10.440307,13.601471,15.811388,18.027756,19.924859,20.880613,20.615528,19.646883,16.763055,14.317821,11.401754,11.661904,14.317821,16.278821,17.029386,18.0,17.117243,15.524175,13.601471,10.440307,7.28011,5.0,3.605551,5.09902,7.071068,8.0,10.0,11.045361,13.152946,13.341664,13.601471,13.0,12.083046,9.433981,7.211103,3.162278,2.0,6.082763,11.18034,16.03122,15.132746,13.341664,11.7047,10.29563,9.219544,7.81025,6.708204,6.324555,6.0,6.324555,6.708204,7.81025,8.602325,10.29563,11.18034,13.928388,14.866069,16.763055,18.027756,17.720045,17.720045,16.763055,14.866069,12.649111,10.77033,4.472136,3.162278,3.605551,6.082763,9.055385,11.401754,13.416408,14.422205,15.0,14.866069,13.453624,11.401754,9.433981,7.211103,4.472136,2.236068,3.162278,6.082763,8.062258,12.041595,14.035669,17.029386,18.0,19.026298,18.0,13.3460905,13.341664,13.341664,14.317821,15.297059,14.317821,13.341664,12.649111,11.7047,9.848858,7.615773,6.324555,5.385165,4.0,3.605551,5.0,8.062258,10.29563,13.416408,15.652476,17.492856,19.416488,19.416488,19.209373,17.691806,15.556349,13.453624,13.416408,14.764823,16.124515,17.492856,16.643317,16.643317,14.422205,13.038405,11.18034,8.544004,7.071068,6.0,6.324555,6.708204,7.211103,8.485281,9.219544,10.630146,10.630146,10.630146,11.401754,12.041595,11.313708,11.401754,11.401754,11.18034
hoyeon_stand_normal_01,2877,959,95.90524043715848,29.998360745314464,10,0.5407456159591675,0.6870514154434204,-0.1828252524137497,0.999987006187439,0.5358895063400269,0.6965075731277466,-0.1704234182834625,0.9999582767486572,0.5330522656440735,0.6957914233207703,-0.1704390943050384,0.9999611377716064,0.5306113362312317,0.6948780417442322,-0.1704549789428711,0.9999635219573976,0.5436499714851379,0.6972994208335876,-0.1697314828634262,0.999940812587738,0.5460072755813599,0.6974079012870789,-0.1697387546300888,0.999937117099762,0.5485479831695557,0.6969702839851379,-0.1697390973567962,0.9999358654022216,0.5262303352355957,0.6855659484863281,-0.0885720252990722,0.9999411702156068,0.551624059677124,0.6885353326797485,-0.0856125801801681,0.9998564720153807,0.5352446436882019,0.6736844182014465,-0.1517585068941116,0.99998539686203,0.5464653372764587,0.6751132011413574,-0.1509097963571548,0.999975860118866,0.5066260695457458,0.608083963394165,-0.0341920107603073,0.999983012676239,0.5718950629234314,0.6086602807044983,-0.0260284468531608,0.9999260306358336,0.4975409209728241,0.5062972903251648,0.0007242340943776,0.9842241406440736,0.5779998302459717,0.5111769437789917,0.0095361061394214,0.9440411329269408,0.4919576644897461,0.4233857691287994,-0.0712172091007232,0.9744113683700562,0.5839296579360962,0.4271860122680664,-0.0592796131968498,0.929182469844818,0.4880579710006714,0.3952471613883972,-0.0942309871315956,0.9499192833900452,0.5873385071754456,0.3997865617275238,-0.0823133140802383,0.8855424523353577,0.4923048317432403,0.39506796002388,-0.1206715479493141,0.9537638425827026,0.58399498462677,0.3987780809402466,-0.110780119895935,0.8940334916114807,0.4955739974975586,0.4043692052364349,-0.08342757076025,0.9430072903633118,0.5818066000938416,0.407366007566452,-0.0725390240550041,0.8844506740570068,0.5203577280044556,0.4287967085838318,-0.0037992366123944,0.9997476935386658,0.5614803433418274,0.4276751279830932,0.0037684573326259,0.9996266961097716,0.5191300511360168,0.2715991735458374,-0.0315821059048175,0.9710046648979188,0.5625620484352112,0.2695812284946441,-0.0232432298362255,0.9477697014808656,0.526030421257019,0.125606819987297,0.0740329399704933,0.9731972813606262,0.55423504114151,0.1276184320449829,0.0852121859788894,0.9465073347091676,0.528788685798645,0.1087541133165359,0.0777707919478416,0.6385964155197144,0.5515852570533752,0.1123407408595085,0.0895678251981735,0.6249752044677734,0.526688277721405,0.0772056952118873,-0.0314122959971427,0.9588778018951416,0.5552062392234802,0.0786889046430587,-0.0138491056859493,0.9409074783325196,hoyeon_stand_normal_01,16.124515,17.492856,17.204651,17.029386,14.142136,12.727922,9.219544,6.403124,4.123106,3.162278,5.0,6.324555,8.246211,10.198039,13.152946,15.132746,17.262677,19.235384,20.396078,20.615528,19.416488,17.464249,15.132746,12.165525,11.661904,13.453624,15.811388,16.552945,17.492856,16.401219,15.620499,12.727922,9.899495,7.81025,4.472136,4.0,5.0,6.403124,8.602325,9.433981,10.816654,12.806248,12.727922,13.453624,12.806248,12.206556,10.29563,7.615773,3.605551,2.236068,5.385165,9.486833,13.341664,15.495292,16.093357,16.791165499999998,16.7764725,16.5769505,15.6944265,15.2620875,15.3387285,14.5041025,14.722108,14.183147,14.593514,14.1573245,13.5089395,13.435016,12.6885165,11.804155000000002,11.1128505,10.7998965,11.09017,12.5877825,14.591945,16.262867,18.4793175,20.2658675,16.5769505,18.813686500000003,20.097534,20.2701935,18.572927,16.2783565,12.4467235,8.9998285,5.464986,3.4142135,5.5210095,7.7130115,10.0990195,11.830952,13.9820285,14.9286395,15.901498,15.9679515,16.093357,15.132421,13.0,10.9078455,8.7328775,7.1410855,6.9596535,8.972135999999999,16.155494,15.231546,13.416408,11.661904,10.630146,9.219544,10.29563,11.18034,13.416408,13.892444,15.811388,15.620499,16.970563,17.804494,18.027756,17.888544,17.088007,15.811388,13.601471,10.77033,8.062258,7.211103,8.062258,11.045361,13.341664,16.492423,9.219544,8.602325,6.708204,7.0,8.544004,11.18034,13.892444,15.264338,17.0,17.888544,17.464249,17.088007,15.524175,14.317821,13.341664,12.369317,11.401754,10.440307,10.440307,10.77033,12.529964,13.892444,14.764823,16.124515,17.888544,17.888544
hoyeon_stand_normal_01,2880,960,96.00524590163934,29.998360745314464,10,0.540710985660553,0.6870484352111816,-0.1803556084632873,0.9999868869781494,0.5358346104621887,0.6965158581733704,-0.1678514778614044,0.9999579191207886,0.5329991579055786,0.6957996487617493,-0.1678678840398788,0.9999607801437378,0.5305744409561157,0.6948869824409485,-0.1678834110498428,0.9999631643295288,0.5436012148857117,0.6973011493682861,-0.1671853363513946,0.9999402165412904,0.5459527969360352,0.6974058747291565,-0.1671922653913498,0.9999364018440248,0.5484703183174133,0.696972668170929,-0.1671924591064453,0.9999352097511292,0.5261815190315247,0.6855735778808594,-0.0861468464136123,0.9999405145645142,0.5515556335449219,0.688538134098053,-0.0833488553762435,0.9998546242713928,0.5351982712745667,0.6736881732940674,-0.1493921279907226,0.9999852776527404,0.5463908910751343,0.6751238703727722,-0.1485854089260101,0.9999757409095764,0.5065282583236694,0.6079967617988586,-0.0327919758856296,0.9999831318855286,0.5718286633491516,0.6086575984954834,-0.0238528717309236,0.999925136566162,0.4974998235702514,0.5061038136482239,0.0011190295917913,0.9843891263008118,0.5779017210006714,0.511229395866394,0.0116885397583246,0.943754017353058,0.4918805062770843,0.4234001636505127,-0.0716303437948226,0.974952757358551,0.5838878154754639,0.4272376000881195,-0.0573821626603603,0.9294485449790956,0.487995445728302,0.3952701091766357,-0.0951364859938621,0.950943410396576,0.5873270630836487,0.3998123109340668,-0.0805034786462783,0.8860154747962952,0.4922959208488464,0.395068347454071,-0.1214075982570648,0.9547007083892822,0.5839774012565613,0.3988628387451172,-0.1090170815587043,0.8944674730300903,0.4955463111400604,0.4043610394001007,-0.0838313475251197,0.944066047668457,0.5817720890045166,0.4074428975582123,-0.0706725195050239,0.8849064111709595,0.5203574895858765,0.428678035736084,-0.003825057297945,0.9997479915618896,0.5614718198776245,0.4276309013366699,0.0037946144584566,0.9996261596679688,0.5191398859024048,0.2712859511375427,-0.0317614264786243,0.971454381942749,0.5627090334892273,0.2695582211017608,-0.0236260760575532,0.9482505321502686,0.5259956121444702,0.1256115436553955,0.073889248073101,0.9733713865280152,0.5542944073677063,0.1278281956911087,0.085088349878788,0.9466500282287598,0.5287346839904785,0.1090413630008697,0.077664665877819,0.6398668885231018,0.5516676306724548,0.1127106696367263,0.0894345790147781,0.6250941157341003,0.526626467704773,0.0772103369235992,-0.0312272645533084,0.9590184092521667,0.5552361607551575,0.0789230093359947,-0.0138279413804411,0.9409276843070984,hoyeon_stand_normal_01,17.204651,18.867962,19.235384,17.464249,15.231546,13.0,9.848858,7.211103,5.0,4.123106,5.385165,6.403124,9.219544,11.401754,13.601471,16.401219,18.601075,20.0,21.400935,20.615528,19.849433,17.804494,15.264338,12.369317,12.041595,13.928388,16.278821,17.204651,17.888544,17.464249,14.56022,13.341664,10.198039,7.071068,4.472136,3.162278,4.123106,6.708204,8.602325,10.29563,11.661904,12.083046,13.0,13.601471,13.341664,12.165525,10.049876,6.0,3.162278,2.236068,7.071068,11.313708,12.0,14.035669,14.035669,15.132746,15.297059,14.317821,13.928388,13.0,13.416408,13.038405,12.806248,12.806248,12.727922,12.041595,12.806248,12.206556,11.661904,10.77033,10.198039,10.0,10.440307,11.18034,13.601471,15.620499,16.970563,18.384776,16.155494,17.888544,19.416488,18.439089,17.804494,15.264338,11.7047,8.062258,4.123106,3.162278,4.242641,6.708204,9.219544,11.18034,13.0,14.035669,14.142136,14.317821,14.56022,13.601471,11.7047,10.440307,8.062258,6.082763,5.656854,7.28011,16.643317,15.264338,13.892444,12.083046,10.440307,10.049876,11.045361,12.165525,13.152946,14.142136,16.03122,17.029386,18.11077,18.439089,18.973666,18.788294,18.35756,16.124515,14.422205,11.661904,7.615773,6.082763,7.211103,10.0,13.038405,16.124515,9.486833,8.062258,7.071068,8.062258,9.899495,11.401754,14.422205,16.643317,18.027756,18.601075,18.439089,17.691806,16.970563,16.278821,14.21267,13.453624,12.041595,11.313708,12.041595,12.206556,13.038405,14.764823,15.652476,16.552945,18.35756,17.492856
hoyeon_stand_normal_01,2883,961,96.1052513661202,29.998360745314464,10,0.540684700012207,0.687043309211731,-0.1832425743341446,0.9999868869781494,0.5358105301856995,0.6965221166610718,-0.1708494126796722,0.9999579787254332,0.5329774618148804,0.6958068013191223,-0.170864850282669,0.9999608993530272,0.5305591821670532,0.6948948502540588,-0.1708810776472091,0.9999632835388184,0.5435724854469299,0.6972989439964294,-0.1702643185853958,0.9999402761459352,0.5459139943122864,0.6974005103111267,-0.1702718138694763,0.99993634223938,0.5484097599983215,0.6969742774963379,-0.1702718585729599,0.9999351501464844,0.5261622667312622,0.6855791807174683,-0.0887160077691078,0.9999405145645142,0.5514909625053406,0.6885454058647156,-0.0862878188490867,0.9998540878295898,0.5351613759994507,0.6736934781074524,-0.1520347595214843,0.9999852776527404,0.5463167428970337,0.6751329302787781,-0.1513345837593078,0.9999758005142212,0.506446361541748,0.6079362034797668,-0.0334240272641181,0.9999833703041076,0.5717983245849609,0.6086536049842834,-0.025795517489314,0.9999249577522278,0.4974753260612488,0.5059290528297424,-0.000520254834555,0.9846592545509338,0.5778647065162659,0.5113182067871094,0.0105497417971491,0.9438682794570924,0.49186971783638,0.4233743548393249,-0.0743978917598724,0.9755802750587464,0.5838820934295654,0.4273819923400879,-0.058237288147211,0.9297925233840942,0.487980842590332,0.3952713310718536,-0.0981311947107315,0.9520245790481568,0.5873262286186218,0.3998899459838867,-0.0812404453754425,0.8864877820014954,0.4922801256179809,0.3950494527816772,-0.1243893951177597,0.9557062387466432,0.5839768648147583,0.3990462720394134,-0.1098483353853225,0.8949080109596252,0.4955155253410339,0.4043161273002624,-0.0865981578826904,0.9452325105667114,0.5817714333534241,0.4075787961483001,-0.0715421214699745,0.8853762149810791,0.520359218120575,0.4286850690841675,-0.0038021539803594,0.9997496604919434,0.56146639585495,0.4276547431945801,0.0037714482750743,0.9996281862258912,0.5191468000411987,0.2712819278240204,-0.0312896147370338,0.971683919429779,0.562677264213562,0.2696470320224762,-0.0235836915671825,0.9487072229385376,0.5259844660758972,0.1256373226642608,0.0739976167678833,0.9735022187232972,0.5543196201324463,0.1280652582645416,0.0850462093949318,0.946942925453186,0.5287372469902039,0.1093672215938568,0.0777895525097847,0.6422078609466553,0.5517301559448242,0.1130404844880104,0.0893923193216323,0.6253195405006409,0.5264654159545898,0.0773259103298187,-0.0308230984956026,0.959199845790863,0.5553478598594666,0.0791240036487579,-0.0138123296201229,0.9411434531211852,hoyeon_stand_normal_01,9.219544,5.385165,2.828427,3.605551,5.656854,7.81025,10.0,10.630146,11.401754,10.816654,10.816654,10.29563,8.944272,8.544004,8.062258,7.0,6.708204,7.81025,9.848858,13.341664,17.262677,21.213203,24.33105,25.495098,25.70992,25.0,3.605551,4.123106,6.0,8.062258,11.18034,13.152946,15.033296,15.033296,15.0,15.033296,13.152946,12.165525,10.198039,8.246211,6.324555,4.123106,1.0,2.236068,5.0,8.062258,11.661904,13.892444,16.552945,17.088007,16.763055,14.56022,12.206556,13.601471,15.264338,15.652476,15.652476,15.231546,14.56022,14.317821,14.142136,14.0,13.038405,13.152946,13.152946,13.341664,12.649111,11.7047,11.18034,10.816654,9.899495,10.29563,10.198039,12.0,14.317821,15.524175,18.027756,18.973666,17.0,19.313208,20.615528,20.099751,19.026298,16.278821,12.649111,8.602325,5.0,3.162278,5.0,7.28011,9.848858,12.206556,14.21267,15.556349,16.278821,16.401219,16.643317,15.264338,13.892444,11.661904,9.219544,7.211103,6.0,7.211103,16.0778675,14.826238,13.208204,11.2235575,9.693164,9.924429,10.147815,11.086042,12.444647,13.7649295,15.247942,15.8884955,17.146329,17.7059255,18.183825,17.8152305,17.246428,15.5789055,13.678113,10.615108,7.566663,6.117038,7.164487,10.239671,13.103278,16.405694,9.8427655,8.249827,6.7233625,7.1410855,8.7328775,11.5642035,13.8824115,15.5622575,17.458965,17.7510095,17.952768499999998,17.2600895,16.143615,15.081564,14.035262,12.428823,11.302916,10.9210305,10.319173,10.410103,11.59017,13.038405,14.228937,15.921304,17.513878,17.513878
hoyeon_stand_normal_01,2886,962,96.20525683060109,29.998360745314464,10,0.5406653881072998,0.6870422959327698,-0.1926516592502594,0.9999871253967284,0.535790741443634,0.6965280175209045,-0.1804413050413131,0.9999587535858154,0.5329580903053284,0.6958130598068237,-0.1804534494876861,0.9999616146087646,0.5305437445640564,0.6949008107185364,-0.1804687082767486,0.9999639987945556,0.5435539484024048,0.6972995400428772,-0.1798271387815475,0.9999412894248962,0.5458877086639404,0.6973992586135864,-0.179835245013237,0.9999373555183412,0.5483677387237549,0.6969761252403259,-0.179830327630043,0.9999361038208008,0.5261468887329102,0.6855877041816711,-0.0980390235781669,0.9999416470527648,0.5514440536499023,0.6885582804679871,-0.0954478085041046,0.999855935573578,0.5351348519325256,0.6736972332000732,-0.1612937897443771,0.9999855756759644,0.5462713837623596,0.6751440167427063,-0.1605530530214309,0.9999762177467346,0.5063765645027161,0.6079216599464417,-0.0422280430793762,0.9999836683273317,0.5717899799346924,0.6086555123329163,-0.0324748307466506,0.9999252557754515,0.4974118769168854,0.5057917237281799,-0.0063064801506698,0.9850186109542848,0.577852189540863,0.5115236043930054,0.0055504515767097,0.9442759156227112,0.4918235540390014,0.4232496619224548,-0.0792053192853927,0.9761875867843628,0.5838838219642639,0.4274426102638244,-0.0624575242400169,0.930145800113678,0.4879529774188995,0.395230233669281,-0.1026144325733184,0.9530174136161804,0.5873285531997681,0.3998989760875702,-0.0851790606975555,0.8868227601051331,0.4922423660755157,0.3949573934078216,-0.1292248517274856,0.9566397666931152,0.5839772820472717,0.3990955054759979,-0.1143128424882888,0.8952370882034302,0.4954617321491241,0.404191642999649,-0.0914690867066383,0.9463217258453368,0.5817720293998718,0.4076393544673919,-0.0759495645761489,0.8857466578483582,0.520359218120575,0.4286984205245971,-0.0038599234540015,0.9997519254684448,0.5614650249481201,0.4276855885982513,0.0038278163410723,0.9996309280395508,0.5191453695297241,0.2714650332927704,-0.0302026160061359,0.9720265865325928,0.5625590682029724,0.2699353396892547,-0.0220502633601427,0.9493381381034852,0.5259147882461548,0.1257238537073135,0.0747039765119552,0.9738284945487976,0.5542809367179871,0.1284630894660949,0.086864098906517,0.9474209547042848,0.5286933779716492,0.1096852645277977,0.0784883946180343,0.6451756358146667,0.5516842007637024,0.1137382611632347,0.0913176983594894,0.6268584132194519,0.5264120101928711,0.0774926021695137,-0.0301838051527738,0.9596981406211852,0.5552349090576172,0.0794599652290344,-0.0113199017941951,0.9416600465774536,hoyeon_stand_normal_01,17.088007,18.439089,18.248288,18.11077,16.03122,13.038405,11.045361,8.246211,5.385165,5.0,5.09902,6.082763,8.544004,9.848858,12.529964,14.764823,17.492856,19.235384,20.124612,20.124612,18.788294,17.0,14.422205,11.313708,10.77033,13.0,15.0,16.124515,16.155494,15.524175,14.317821,12.041595,9.055385,6.082763,3.162278,3.162278,4.123106,6.708204,8.544004,9.848858,11.7047,12.649111,12.369317,13.152946,13.038405,12.0,10.0,7.0,3.162278,3.0,6.324555,11.18034,12.806248,14.142136,14.866069,15.620499,15.811388,15.264338,14.764823,14.317821,13.928388,13.601471,13.341664,14.142136,13.038405,13.0,13.038405,12.165525,11.18034,10.77033,10.29563,9.899495,10.816654,12.649111,15.132746,17.029386,19.0,20.024984,17.492856,19.697716,20.615528,20.099751,19.0,15.132746,11.7047,8.602325,4.472136,2.828427,5.0,8.544004,10.29563,12.206556,14.142136,15.556349,16.401219,16.643317,16.124515,15.652476,13.892444,11.661904,9.219544,7.211103,7.0,7.615773,16.552945,15.811388,13.928388,12.529964,10.0,9.899495,10.0,11.661904,13.038405,13.892444,15.0,16.278821,16.970563,17.804494,18.867962,18.35756,17.088007,15.811388,13.601471,10.77033,8.062258,6.403124,7.071068,10.198039,12.649111,14.866069,11.313708,9.219544,7.615773,8.062258,9.219544,12.083046,14.317821,16.124515,17.888544,18.384776,18.027756,18.027756,16.492423,15.297059,14.142136,14.035669,12.165525,12.165525,10.440307,11.7047,12.083046,13.416408,15.264338,16.124515,17.888544,17.888544
hoyeon_stand_normal_01,2889,963,96.30526229508196,29.998360745314464,10,0.5406507253646851,0.6870154142379761,-0.1974043846130371,0.9999873042106628,0.5357822775840759,0.696523904800415,-0.1854277551174163,0.9999592304229736,0.5329532027244568,0.6958115100860596,-0.1854379177093505,0.9999620914459229,0.5305406451225281,0.6949023008346558,-0.1854530274868011,0.999964475631714,0.543535590171814,0.6972811818122864,-0.184733048081398,0.9999419450759888,0.5458586812019348,0.6973775625228882,-0.1847410500049591,0.9999380111694336,0.548320472240448,0.6969695687294006,-0.1847350895404815,0.9999366998672484,0.5261445641517639,0.685593843460083,-0.1034794226288795,0.999942421913147,0.551395058631897,0.6885607838630676,-0.100548654794693,0.9998568892478944,0.5351265668869019,0.6736996173858643,-0.1661400347948074,0.9999857544898988,0.5462223291397095,0.6751487851142883,-0.1653091162443161,0.9999764561653136,0.5063321590423584,0.6079275012016296,-0.0477102920413017,0.9999839067459106,0.5717859268188477,0.6086618900299072,-0.0362368710339069,0.9999253153800964,0.4973637759685516,0.5056686997413635,-0.0111960051581263,0.9853538870811462,0.5778392553329468,0.5115938782691956,0.0021477122791111,0.9446359872817992,0.4917786717414856,0.4231221973896026,-0.0836501568555831,0.9767881035804749,0.5838822722434998,0.427468866109848,-0.0651570856571197,0.9306105375289916,0.487889677286148,0.395204484462738,-0.1068172380328178,0.9540141224861144,0.5873324871063232,0.3999216556549072,-0.087672159075737,0.8873451352119446,0.4921813905239105,0.3948852121829986,-0.1335611641407013,0.9575687050819396,0.5839769840240479,0.3991589844226837,-0.1166323572397232,0.8957284092903137,0.4953901469707489,0.4040845930576324,-0.0959245786070823,0.9474194049835204,0.5817715525627136,0.4076869785785675,-0.0785495936870575,0.8862380981445312,0.5203591585159302,0.4289183020591736,-0.0041180262342095,0.9997518062591552,0.5614328980445862,0.4279031455516815,0.0040827286429703,0.9996305108070374,0.5191456079483032,0.2717025876045227,-0.0297649670392274,0.9722189903259276,0.5624822378158569,0.2701611220836639,-0.0197722353041172,0.949716567993164,0.5259108543395996,0.1257998347282409,0.0743667632341384,0.9740588665008544,0.5542587637901306,0.1285886466503143,0.0866896212100982,0.9480057954788208,0.5287062525749207,0.11008782684803,0.077982597053051,0.6464999914169312,0.5516703724861145,0.114047847688198,0.0912455469369888,0.6285960078239441,0.5264077186584473,0.0776742696762085,-0.0309616234153509,0.9600582718849182,0.555186927318573,0.0796696692705154,-0.0113695301115512,0.9422521591186525,hoyeon_stand_normal_01,17.029386,19.104973,18.439089,18.601075,15.811388,13.038405,10.0,7.071068,5.0,4.0,4.472136,6.403124,9.433981,11.18034,13.416408,15.231546,17.464249,18.788294,21.023796,20.124612,19.235384,17.464249,14.866069,12.041595,10.440307,12.806248,16.401219,16.970563,17.804494,16.643317,16.124515,13.0,10.77033,7.615773,4.472136,3.0,3.605551,5.656854,8.485281,9.899495,10.630146,12.806248,13.038405,13.892444,13.0,11.7047,9.486833,6.324555,3.162278,2.236068,7.211103,10.816654,12.369317,13.601471,14.866069,15.231546,15.652476,15.264338,14.21267,13.453624,13.453624,13.601471,13.038405,13.416408,13.0,12.649111,12.649111,12.369317,11.045361,11.0,9.219544,8.944272,9.899495,11.18034,13.601471,15.297059,17.262677,19.235384,16.492423,18.384776,19.723083,19.209373,18.384776,15.811388,12.083046,8.062258,4.123106,4.123106,5.830952,8.602325,11.18034,12.649111,15.297059,16.124515,17.029386,17.0,17.029386,16.124515,14.142136,12.041595,9.0,6.324555,6.403124,8.062258,13.601471,14.317821,15.297059,16.278821,15.524175,14.56022,13.601471,11.7047,10.77033,9.486833,7.28011,6.082763,5.09902,5.385165,7.81025,9.899495,12.041595,14.21267,17.029386,19.849433,20.518285,21.931712,22.022716,20.615528,18.601075,15.0,13.0,14.317821,15.652476,16.124515,16.643317,16.124515,14.422205,12.529964,9.848858,8.246211,7.0,6.324555,5.830952,7.071068,7.81025,9.219544,10.0,10.630146,11.313708,11.313708,12.041595,12.041595,12.727922,11.401754,12.206556,12.529964
hoyeon_stand_normal_01,2892,964,96.40526775956285,29.998360745314464,10,0.5406453013420105,0.6869968175888062,-0.1965062171220779,0.9999873042106628,0.5357769727706909,0.6965168118476868,-0.184701383113861,0.9999590516090392,0.5329495668411255,0.6958025693893433,-0.184709683060646,0.9999619722366332,0.5305376648902893,0.6948943734169006,-0.1847243458032608,0.9999643564224244,0.5435239672660828,0.6972726583480835,-0.1840270012617111,0.9999416470527648,0.5458372235298157,0.6973698735237122,-0.1840341389179229,0.9999377131462096,0.5482816100120544,0.6969702243804932,-0.1840269118547439,0.99993634223938,0.5261381268501282,0.6855937242507935,-0.1032027453184127,0.9999422430992126,0.5513540506362915,0.6885684132575989,-0.1002561524510383,0.9998558163642884,0.5351240634918213,0.6736983060836792,-0.1655313968658447,0.999985694885254,0.5462020039558411,0.6751523613929749,-0.1647273451089859,0.9999763369560242,0.5063155293464661,0.6079274415969849,-0.0466649420559406,0.9999841451644896,0.5717847943305969,0.6086927652359009,-0.0359933227300643,0.9999251961708068,0.4973464906215668,0.5056217908859253,-0.0096985967829823,0.9855822324752808,0.577836275100708,0.5116797685623169,0.0023235259577631,0.9446600079536438,0.4917557537555694,0.4230845868587494,-0.0820992216467857,0.9773297309875488,0.5838834643363953,0.4275329113006592,-0.0650210678577423,0.9308282732963562,0.487846314907074,0.3952037692070007,-0.1052097901701927,0.954962968826294,0.5873346924781799,0.3999498188495636,-0.0875673443078994,0.8876069784164429,0.4921317994594574,0.3948698341846466,-0.1318863332271576,0.9584502577781676,0.5839787721633911,0.3992502093315124,-0.1165370866656303,0.8959664106369019,0.495339572429657,0.4040554463863373,-0.0943782180547714,0.948464810848236,0.5817747116088867,0.4077630043029785,-0.0784148350358009,0.8864975571632385,0.5203585028648376,0.4290821850299835,-0.0041310456581413,0.9997518658638,0.5614248514175415,0.4280414879322052,0.004095624666661,0.9996296763420104,0.5191469788551331,0.2717093825340271,-0.0292912200093269,0.972261130809784,0.5624811053276062,0.2701779305934906,-0.0193648301064968,0.9496724605560304,0.5259268283843994,0.1259253323078155,0.0736786127090454,0.9740585684776306,0.5542736649513245,0.1286801248788833,0.0859926491975784,0.9480810165405272,0.52877277135849,0.1101323738694191,0.0770874395966529,0.6458428502082825,0.5517346262931824,0.1142550334334373,0.0902064815163612,0.6283283829689026,0.5264639854431152,0.0778814777731895,-0.0319924801588058,0.9600382447242736,0.555232584476471,0.0798919424414634,-0.0126108666881918,0.9423425793647766,hoyeon_stand_normal_01,18.027756,19.646883,19.416488,18.248288,16.03122,13.038405,10.049876,7.071068,5.385165,3.605551,4.0,5.385165,7.211103,10.0,12.806248,14.21267,17.029386,18.601075,19.416488,19.416488,18.027756,15.811388,12.727922,10.29563,11.045361,13.341664,16.401219,17.492856,16.552945,16.155494,14.56022,12.369317,10.198039,7.28011,5.0,4.123106,5.09902,7.615773,9.848858,11.18034,11.7047,13.601471,14.56022,14.317821,14.035669,13.0,11.0,8.0,5.09902,3.162278,6.708204,11.18034,16.278821,15.297059,13.601471,12.083046,10.816654,9.219544,7.81025,6.708204,6.082763,6.082763,6.324555,7.211103,7.071068,8.602325,10.29563,12.083046,13.601471,15.811388,16.492423,17.720045,18.681542,18.439089,17.464249,15.524175,13.341664,11.401754,4.472136,3.162278,3.605551,6.324555,9.0,11.18034,13.928388,14.764823,15.264338,15.0,13.453624,12.041595,10.0,7.211103,4.472136,2.236068,3.162278,6.324555,9.219544,12.165525,14.142136,16.124515,18.11077,19.104973,19.104973,13.209909,16.492423,14.317821,13.341664,11.7047,10.29563,9.219544,9.899495,11.401754,12.806248,12.806248,14.866069,15.620499,16.401219,17.492856,17.464249,18.027756,16.492423,16.278821,14.142136,11.18034,8.246211,5.656854,7.071068,10.049876,13.152946,15.297059,10.29563,8.602325,7.81025,7.615773,8.0,10.198039,13.601471,15.524175,16.763055,17.464249,17.262677,17.117243,17.029386,15.0,14.0,12.041595,12.041595,11.0,11.045361,11.18034,11.401754,12.649111,14.866069,16.155494,17.720045,17.720045
hoyeon_stand_normal_01,2895,965,96.50527322404372,29.998360745314464,10,0.5406416058540344,0.6869679689407349,-0.1907922625541687,0.9999873638153076,0.535772442817688,0.6965066194534302,-0.1785772889852523,0.999959111213684,0.5329452753067017,0.695790708065033,-0.1785876601934433,0.999962031841278,0.5305334329605103,0.6948831677436829,-0.1786006987094879,0.9999644160270692,0.543516218662262,0.6972595453262329,-0.1779940575361251,0.9999418258666992,0.5458238124847412,0.6973579525947571,-0.1780004054307937,0.999937891960144,0.548259973526001,0.6969679594039917,-0.1779936850070953,0.9999366402626038,0.5261223912239075,0.6855810284614563,-0.0970799550414085,0.9999421238899232,0.551321804523468,0.6885712146759033,-0.0945830717682838,0.9998559951782228,0.5351208448410034,0.6736859679222107,-0.1599075198173523,0.999985694885254,0.5461956858634949,0.6751551032066345,-0.1592016369104385,0.999976396560669,0.5063075423240662,0.6079011559486389,-0.0427218191325664,0.9999842643737792,0.5717864632606506,0.6086943745613098,-0.0330329276621341,0.9999251961708068,0.4973301291465759,0.5055322647094727,-0.0078700324520468,0.9856696128845216,0.5778433084487915,0.5116800665855408,0.0035453508608043,0.9448644518852234,0.4917511940002441,0.4230674207210541,-0.0815500989556312,0.9775800704956056,0.5838905572891235,0.4275422096252441,-0.0642649680376052,0.9312499165534972,0.4878270328044891,0.3952018022537231,-0.1049088090658187,0.9554086923599244,0.5873432159423828,0.399954229593277,-0.0870204791426658,0.8881625533103943,0.4921031296253204,0.3948532044887543,-0.1312508136034011,0.9588600397109984,0.5839791893959045,0.3992666006088257,-0.1156874597072601,0.8964818716049194,0.4953047931194305,0.4040362238883972,-0.0937817469239234,0.9489336609840392,0.5817760229110718,0.4077747464179992,-0.0775619223713874,0.887005090713501,0.5203820466995239,0.429015576839447,-0.0041325953789055,0.9997535943984984,0.5614175200462341,0.4280117154121399,0.0040970183908939,0.9996315836906432,0.5191883444786072,0.2717188894748688,-0.0293152201920747,0.9726014137268066,0.5625909566879272,0.2701864242553711,-0.0193982496857643,0.9501795172691344,0.5259079933166504,0.1259572356939315,0.0737229883670806,0.9743422269821168,0.5542854070663452,0.1289727240800857,0.0860950946807861,0.9485560655593872,0.5287400484085083,0.1102407276630401,0.0772089213132858,0.6472761034965515,0.5517353415489197,0.1147858053445816,0.0903623104095459,0.6295720934867859,0.5264633297920227,0.0779102817177772,-0.0317426361143589,0.9604493379592896,0.5552551746368408,0.0799927338957786,-0.0122513016685843,0.942847490310669,hoyeon_stand_normal_01,17.325799500000002,15.246773999999998,13.6024845,12.7632535,13.1643485,13.576473,13.60578,12.681727,11.4740975,10.752659,10.6394105,10.45467,10.608622,11.856019,11.804155000000002,12.2111025,13.701345,15.5167435,18.138014,20.963343,23.3914505,25.091644,26.3157075,26.509529,26.6412685,27.1556445,10.8259825,12.21544,13.124465,15.5563495,16.9343935,17.1084995,17.2931915,16.080920499999998,14.849089,14.083046,13.6698315,13.467092999999998,12.9314305,12.1158085,10.8202685,9.68148,8.9635505,10.3083555,12.4330345,14.3007355,16.09017,17.119768,16.995604,16.868646,18.270536,19.4324225,15.264338,14.21267,12.727922,11.401754,10.29563,9.486833,8.062258,8.062258,7.28011,8.062258,7.81025,8.602325,8.944272,9.486833,11.18034,13.038405,15.0,17.0,18.027756,19.026298,19.026298,19.026298,18.027756,17.029386,15.033296,12.041595,5.0,3.162278,2.236068,5.0,8.246211,11.045361,13.038405,14.317821,14.866069,14.317821,13.038405,11.401754,9.219544,7.071068,5.0,3.162278,1.414214,3.162278,5.656854,8.485281,11.401754,14.422205,16.124515,17.492856,18.35756,18.35756,13.0,13.892444,13.892444,14.764823,13.892444,13.416408,12.083046,10.77033,9.486833,8.246211,6.324555,4.472136,4.242641,4.123106,6.0,8.062258,10.198039,13.341664,16.278821,17.117243,19.104973,20.024984,20.0,18.027756,16.03122,13.038405,13.341664,14.317821,16.278821,17.117243,17.117243,16.03122,15.033296,13.038405,11.18034,9.219544,6.708204,6.403124,5.830952,6.324555,7.28011,8.062258,9.219544,10.198039,11.18034,11.18034,11.18034,12.165525,11.18034,11.0,11.045361,11.18034
hoyeon_stand_normal_01,2898,966,96.6052786885246,29.998360745314464,10,0.5406379103660583,0.6869279146194458,-0.1864912658929824,0.999987244606018,0.5357694029808044,0.6964944005012512,-0.1742273718118667,0.9999585747718812,0.5329445004463196,0.6957778334617615,-0.1742406487464904,0.9999614953994752,0.5305301547050476,0.6948662996292114,-0.1742524802684784,0.999963879585266,0.5435124635696411,0.6972346305847168,-0.173574760556221,0.999941110610962,0.5458203554153442,0.6973292827606201,-0.1735813319683075,0.999937117099762,0.5482549667358398,0.6969479322433472,-0.1735782623291015,0.9999359846115112,0.5261179804801941,0.6855477690696716,-0.0931412652134895,0.9999410510063172,0.5513122081756592,0.688568651676178,-0.0901680141687393,0.999853789806366,0.5351186394691467,0.6736554503440857,-0.1557624042034149,0.9999855160713196,0.546192467212677,0.6751500368118286,-0.1549152433872223,0.9999761581420898,0.5063007473945618,0.6078992486000061,-0.039568793028593,0.9999842047691344,0.5717883706092834,0.6086782813072205,-0.0300818514078855,0.9999249577522278,0.4973235130310058,0.5055111646652222,-0.0055096088908612,0.985661506652832,0.5778363943099976,0.5116442441940308,0.0062001598998904,0.9449766874313354,0.4917332231998443,0.4230647981166839,-0.0801419764757156,0.9776505827903748,0.5839071869850159,0.4275499284267425,-0.0618937797844409,0.9316268563270568,0.4877902865409851,0.3952045440673828,-0.1034541800618171,0.9555703401565552,0.587367594242096,0.3999614417552948,-0.0847171545028686,0.8887443542480469,0.4920596778392792,0.3948539495468139,-0.1296856254339218,0.9590010643005372,0.5840082764625549,0.3992809951305389,-0.1134295687079429,0.8970409035682678,0.4952662587165832,0.4040347635746002,-0.0923948511481285,0.9490792751312256,0.5818080902099609,0.4077803194522857,-0.0752639323472976,0.8876051306724548,0.5203812122344971,0.4284517765045166,-0.0041331541724503,0.99975323677063,0.5614128708839417,0.4276767671108246,0.0040975515730679,0.999631643295288,0.5191724300384521,0.2715947926044464,-0.0293147135525941,0.9731389284133912,0.5626623630523682,0.2698423564434051,-0.0194766391068696,0.9510640501976012,0.5256934762001038,0.1260028779506683,0.073880910873413,0.9747373461723328,0.5542867183685303,0.129045307636261,0.0861107409000396,0.9493378400802612,0.528531014919281,0.1103833615779876,0.077429674565792,0.649021327495575,0.5517273545265198,0.1149302199482917,0.0903550907969474,0.6317746639251709,0.5263692140579224,0.0779688730835914,-0.0316179580986499,0.9609933495521544,0.5552570819854736,0.0800012722611427,-0.0123743331059813,0.9436442852020264,hoyeon_stand_normal_01,9.848858,6.403124,4.472136,4.123106,7.211103,9.219544,9.899495,11.313708,12.041595,11.401754,10.630146,10.0,9.433981,8.944272,8.544004,7.071068,6.324555,7.81025,9.433981,13.0,16.763055,19.924859,22.135944,24.698178,25.079872,23.706539,3.605551,3.162278,5.09902,7.615773,8.944272,11.18034,13.0,13.601471,13.341664,13.152946,12.041595,11.045361,9.0,8.0,6.0,3.0,1.0,2.828427,5.656854,8.485281,11.313708,14.21267,15.811388,16.643317,17.0,15.231546,13.0,14.035669,15.132746,15.297059,15.297059,14.56022,14.866069,14.317821,13.892444,13.601471,13.601471,13.453624,12.727922,12.727922,12.806248,12.206556,11.661904,9.848858,9.219544,8.062258,8.544004,10.0,12.041595,13.601471,16.643317,18.027756,14.56022,16.552945,16.643317,17.691806,15.620499,13.892444,10.440307,7.0,4.472136,4.0,6.403124,8.602325,10.77033,12.369317,14.142136,15.033296,16.0,16.03122,15.132746,14.142136,13.152946,11.045361,9.0,7.28011,7.071068,8.544004,13.416408,14.317821,15.231546,15.231546,15.231546,14.317821,13.416408,11.661904,10.29563,9.433981,8.062258,6.324555,5.09902,5.09902,7.211103,9.219544,12.041595,14.866069,17.029386,19.209373,20.0,20.808652,21.095023,20.124612,17.888544,14.317821,12.206556,14.21267,15.620499,16.278821,16.970563,15.556349,14.142136,12.727922,10.0,8.062258,6.324555,6.0,6.324555,6.708204,7.211103,9.219544,10.0,10.816654,10.816654,11.661904,11.661904,12.206556,12.206556,11.401754,12.041595,12.041595
hoyeon_stand_normal_01,2901,967,96.70528415300546,29.998360745314464,10,0.5406306982040405,0.6867654919624329,-0.1890370845794677,0.9999873042106628,0.5357667803764343,0.6964324116706848,-0.1771957576274871,0.9999585151672364,0.5329451560974121,0.6957138776779175,-0.1772095561027526,0.9999614953994752,0.5305278897285461,0.6947961449623108,-0.1772222220897674,0.999963879585266,0.5435009002685547,0.6971365213394165,-0.1763185709714889,0.9999410510063172,0.5457953810691833,0.6972204446792603,-0.1763270199298858,0.9999370574951172,0.5482115149497986,0.6968595385551453,-0.1763237863779068,0.9999359250068665,0.5261150002479553,0.685505211353302,-0.0966379940509796,0.9999411702156068,0.5512821078300476,0.688538134098053,-0.0925786569714546,0.9998531341552734,0.5351165533065796,0.6735131740570068,-0.1583602726459503,0.9999855160713196,0.5461546778678894,0.6750400066375732,-0.1572049111127853,0.9999760985374452,0.5062814354896545,0.608003556728363,-0.0426286868751049,0.9999842643737792,0.5717658400535583,0.608672559261322,-0.0311176292598247,0.9999250769615172,0.4972802102565765,0.505550742149353,-0.0079593593254685,0.9858879446983336,0.5778185129165649,0.5116254091262817,0.0059685655869543,0.945569634437561,0.4916622936725616,0.4231233894824981,-0.0817731171846389,0.9780524373054504,0.5839256644248962,0.4275564849376678,-0.061937503516674,0.9325260519981384,0.4877134561538696,0.3953426778316498,-0.1047836616635322,0.9562411904335022,0.5873830318450928,0.399967610836029,-0.0847279727458953,0.8899471163749695,0.4919792115688324,0.3949834406375885,-0.1313399970531463,0.9596307873725892,0.584039032459259,0.399296373128891,-0.1134480684995651,0.8982064127922058,0.4951867461204529,0.4041057527065277,-0.0940704345703125,0.9498372077941896,0.5818471908569336,0.4077871739864349,-0.0753241628408432,0.8888322710990906,0.5203712582588196,0.4284477233886719,-0.0044271904043853,0.9997501373291016,0.5613998174667358,0.4276524782180786,0.0043917689472436,0.9996285438537598,0.5191932916641235,0.2721690535545349,-0.0292365234345197,0.9731234908103944,0.5626590847969055,0.2698476016521454,-0.0185065157711505,0.9512386322021484,0.5256825685501099,0.1266379803419113,0.0726753324270248,0.9746604561805724,0.5542875528335571,0.1291944533586502,0.0849510207772255,0.9494564533233644,0.5284977555274963,0.111357569694519,0.0760676339268684,0.6482880711555481,0.5517213344573975,0.1151820570230484,0.0888011083006858,0.6319953203201294,0.5263686776161194,0.0784373581409454,-0.0330298505723476,0.9609537720680236,0.5552502870559692,0.0800068005919456,-0.0143400169909,0.9437000155448914,hoyeon_stand_normal_01,10.440307,7.615773,5.656854,5.09902,6.324555,8.062258,9.433981,10.816654,10.816654,10.816654,10.816654,10.0,9.219544,8.485281,7.211103,6.324555,6.0,6.708204,9.219544,13.038405,16.124515,20.124612,22.825424,23.853721,24.413111,22.803509,2.828427,3.0,5.09902,7.615773,9.848858,11.7047,12.649111,13.601471,14.317821,13.152946,12.041595,11.045361,9.0,8.0,6.0,3.162278,2.236068,3.162278,5.830952,8.602325,12.206556,15.264338,17.0,18.384776,18.027756,16.492423,16.278821,15.132746,13.0,12.041595,10.198039,8.944272,7.211103,6.403124,6.708204,6.082763,6.082763,7.615773,8.062258,9.219544,11.313708,12.806248,15.0,17.204651,18.027756,19.416488,19.416488,19.416488,18.867962,17.204651,15.264338,12.206556,5.0,2.236068,3.162278,6.082763,8.944272,11.661904,14.21267,14.866069,16.401219,15.264338,14.317821,13.0,10.440307,8.246211,6.082763,4.123106,1.0,2.0,5.0,8.062258,11.045361,13.152946,16.278821,17.464249,18.439089,18.439089,16.278821,15.556349,13.453624,12.206556,10.29563,10.440307,10.049876,12.041595,13.038405,14.142136,15.132746,15.811388,17.088007,17.888544,18.027756,17.804494,17.691806,15.556349,13.453624,9.899495,8.602325,6.082763,7.615773,10.816654,14.21267,16.278821,9.433981,7.615773,7.0,7.615773,9.219544,11.313708,14.21267,15.620499,17.691806,17.691806,19.104973,17.804494,15.811388,15.264338,13.892444,13.038405,11.661904,10.816654,10.630146,10.630146,11.401754,12.806248,14.422205,16.401219,17.029386,18.439089
hoyeon_stand_normal_01,2904,968,96.80528961748634,29.998360745314464,10,0.5406045317649841,0.6866540312767029,-0.1877709180116653,0.999987244606018,0.5357568860054016,0.6963789463043213,-0.1759864538908004,0.9999580979347228,0.5329383611679077,0.6956594586372375,-0.1760015785694122,0.9999611377716064,0.5305214524269104,0.6947468519210815,-0.1760151088237762,0.9999635219573976,0.5434733033180237,0.6970650553703308,-0.1750803887844085,0.9999405145645142,0.545759916305542,0.6971417665481567,-0.1750890463590622,0.9999364614486694,0.5481495261192322,0.6968063116073608,-0.175087034702301,0.9999353289604188,0.5260971784591675,0.6854858994483948,-0.0955907255411148,0.9999406933784484,0.5512463450431824,0.6885228157043457,-0.0913881957530975,0.9998514652252196,0.5351000428199768,0.6734308004379272,-0.1570911854505539,0.9999853372573853,0.5460854172706604,0.674971878528595,-0.1559003293514251,0.9999758005142212,0.5062562227249146,0.6081182360649109,-0.0421548336744308,0.999984323978424,0.5717374682426453,0.608674943447113,-0.0300833266228437,0.9999252557754515,0.4972526431083679,0.505607008934021,-0.0076335137709975,0.985996961593628,0.5778099298477173,0.5116188526153564,0.0069644288159906,0.9460047483444214,0.491624504327774,0.4231935739517212,-0.081515721976757,0.9783234000205994,0.5839446187019348,0.4275793731212616,-0.0605406835675239,0.9333840012550354,0.4876686036586761,0.3954969942569732,-0.1045750305056572,0.95672869682312,0.5873966217041016,0.3999761044979095,-0.083166554570198,0.8911378979682922,0.4919220507144928,0.3951396048069,-0.1311369240283966,0.9600859880447388,0.5840763449668884,0.3993425965309143,-0.1120017394423484,0.8993481993675232,0.4951305389404297,0.4041970074176788,-0.0938300713896751,0.9503991007804872,0.5819001793861389,0.4078102707862854,-0.0739679187536239,0.890045166015625,0.5203577280044556,0.4284449517726898,-0.0046671647578477,0.9997478723526,0.561397135257721,0.4276467859745025,0.0046339840628206,0.999626100063324,0.519205629825592,0.2722569108009338,-0.0292614735662937,0.9729282855987548,0.5626594424247742,0.2698833644390106,-0.018250523135066,0.9510672688484192,0.5257280468940735,0.1267226934432983,0.0705546885728836,0.9744627475738524,0.5543026328086853,0.129198670387268,0.0837661698460578,0.9493132829666138,0.5285170078277588,0.1113535314798355,0.0737959444522857,0.6476677060127258,0.5517346858978271,0.1151308566331863,0.0874088183045387,0.6318835020065308,0.5264186263084412,0.0785505324602127,-0.0350290648639202,0.9607881307601928,0.5552264451980591,0.0800087004899978,-0.0156843047589063,0.9435452818870544,hoyeon_stand_normal_01,16.552945,11.18034,7.28011,8.062258,12.369317,15.132746,17.029386,18.027756,19.0,19.0,18.027756,17.117243,16.278821,14.56022,12.083046,10.630146,9.848858,12.0,16.763055,22.36068,28.653098,34.985711,39.446166,42.485292,42.953463,40.853396,5.09902,5.0,8.602325,13.0,17.088007,19.697716,22.36068,24.186773,23.853721,22.803509,21.260292,19.104973,15.556349,12.727922,9.219544,5.0,2.236068,5.09902,10.049876,15.033296,20.099751,25.317978,28.635642,30.364453,29.154759,26.832816,14.11927,14.3286335,13.730305,13.5207975,12.421408,12.150025,10.998814,10.757941,10.3362695,10.327089,9.8705335,9.946648,10.3426855,10.776779,11.8855355,12.261002,13.0890535,13.0622575,13.1369835,13.544278,14.2426405,14.924429,15.6846585,15.185524999999998,16.0778675,15.150541,10.3214915,9.865033,9.618034,10.6889205,11.905694,11.8072235,11.3245555,10.764462,9.3824115,9.3027755,9.7681935,10.0519265,10.315073,10.0519265,9.493318,9.213308,8.0895185,9.195781,10.2614615,11.4641635,11.9485505,12.560554,12.7947375,12.0795375,12.1761555,12.549412,12.649111,14.866069,15.231546,15.231546,14.866069,14.866069,13.601471,12.369317,10.198039,9.055385,7.071068,6.082763,4.472136,5.0,6.082763,8.062258,11.0,13.0,16.0,18.0,19.104973,20.223748,20.396078,18.681542,16.763055,13.601471,13.601471,15.524175,17.262677,18.11077,18.11077,17.117243,15.132746,13.152946,11.401754,9.486833,7.211103,7.071068,6.708204,7.615773,8.246211,9.219544,10.198039,11.18034,12.165525,12.369317,12.369317,12.369317,12.165525,12.165525,12.041595,12.165525
hoyeon_stand_normal_01,2907,969,96.9052950819672,29.998360745314464,10,0.5405683517456055,0.6863327026367188,-0.1928377449512481,0.9999870657920836,0.5357495546340942,0.6962065696716309,-0.181446298956871,0.9999574422836304,0.532933235168457,0.695484459400177,-0.1814597696065902,0.9999605417251588,0.5305187702178955,0.6945762038230896,-0.181475356221199,0.9999628663063048,0.5434428453445435,0.696882426738739,-0.1805182546377182,0.9999397993087769,0.5457201600074768,0.6969638466835022,-0.1805304437875747,0.9999358057975768,0.5480961203575134,0.6966713070869446,-0.1805315762758255,0.9999346733093262,0.5260944962501526,0.6853875517845154,-0.1009344905614852,0.9999397993087769,0.5512291789054871,0.6884559988975525,-0.0967434719204902,0.9998502135276794,0.5350896120071411,0.6731220483779907,-0.1619226485490799,0.9999850392341614,0.5460194945335388,0.6746748089790344,-0.160720482468605,0.9999754428863524,0.5062534213066101,0.6082014441490173,-0.0450142286717891,0.9999840259552002,0.5717045068740845,0.6086782813072205,-0.0339639410376548,0.99992573261261,0.4972491562366485,0.5057201385498047,-0.0089994696900248,0.9859557151794434,0.5777990221977234,0.511592447757721,0.0043520601466298,0.9468930959701538,0.4916083216667175,0.4232637286186218,-0.0821679532527923,0.9782520532608032,0.5839447379112244,0.4275793135166168,-0.0620947927236557,0.9343802332878112,0.4876631200313568,0.3956896960735321,-0.1048934236168861,0.956573486328125,0.587402880191803,0.3999814987182617,-0.0843219235539436,0.8924185037612915,0.4918740689754486,0.3952842652797699,-0.1316511780023574,0.9599505066871644,0.5840957760810852,0.3993485569953918,-0.1131417006254196,0.900557816028595,0.4950677454471588,0.4042710959911346,-0.0945528745651245,0.9502937197685242,0.5819128155708313,0.4078204035758972,-0.0754342153668403,0.8913001418113708,0.5203638076782227,0.4284738302230835,-0.0047001736238598,0.999742031097412,0.5613788962364197,0.4277117550373077,0.0046673319302499,0.999621570110321,0.5192234516143799,0.2723746299743652,-0.0302824005484581,0.9726324677467346,0.5626957416534424,0.2700618803501129,-0.0185198318213224,0.9510646462440492,0.52599036693573,0.1268047988414764,0.0681099668145179,0.9740983247756958,0.5545067191123962,0.1291277706623077,0.0803098678588867,0.9491543173789978,0.5288378000259399,0.1113481894135475,0.071303479373455,0.6469168066978455,0.5520318746566772,0.1145325675606727,0.0837284848093986,0.6313468813896179,0.5265147089958191,0.0786682367324829,-0.037263810634613,0.960369110107422,0.5552915334701538,0.0796593427658081,-0.0199896767735481,0.943231165409088,hoyeon_stand_normal_01,18.384776,12.206556,7.28011,5.656854,9.848858,13.601471,15.297059,17.262677,18.11077,18.11077,19.104973,17.029386,17.0,15.132746,13.601471,11.661904,11.401754,13.341664,17.117243,22.803509,29.732137,36.400549,41.436699,44.643029,46.097722,43.737855,6.708204,6.082763,10.0,14.142136,17.691806,21.213203,24.041631,25.495098,25.612497,24.413111,23.323808,21.954498,17.888544,14.764823,11.18034,7.211103,3.605551,4.242641,8.944272,14.317821,19.313208,24.596748,27.784888,30.232433,30.610456,27.658633,15.811388,14.764823,13.0,11.401754,10.049876,9.0,8.246211,6.708204,7.071068,6.708204,7.28011,8.062258,8.062258,10.198039,11.7047,13.416408,14.764823,17.492856,18.867962,19.723083,20.248457,19.723083,18.867962,17.492856,15.264338,12.529964,5.0,2.0,2.0,5.656854,8.602325,11.18034,13.601471,15.297059,15.132746,15.0,14.035669,13.152946,10.440307,8.544004,6.324555,3.605551,1.414214,2.0,4.472136,7.615773,10.29563,13.038405,15.0,17.204651,17.804494,18.601075,16.124515,15.264338,12.529964,11.7047,10.440307,10.049876,11.045361,11.18034,13.152946,14.142136,16.03122,16.03122,17.117243,17.464249,18.027756,17.464249,17.492856,16.124515,13.892444,11.661904,8.544004,7.071068,8.602325,10.630146,13.601471,16.643317,9.486833,8.062258,7.071068,7.211103,9.219544,11.661904,14.764823,15.652476,17.0,18.027756,18.601075,17.804494,16.278821,14.866069,13.453624,13.453624,11.313708,10.630146,10.0,11.661904,11.18034,13.0,15.231546,16.552945,17.0,17.888544
hoyeon_stand_normal_01,2910,970,97.00530054644808,29.998360745314464,10,0.5405587553977966,0.6861775517463684,-0.1963530033826828,0.9999868869781494,0.5357471108436584,0.6961188316345215,-0.1851062923669815,0.9999567866325378,0.532931387424469,0.6953994035720825,-0.1851202696561813,0.9999599456787108,0.5305163860321045,0.6944929361343384,-0.1851386874914169,0.999962329864502,0.5434346795082092,0.6967793107032776,-0.184155523777008,0.9999392032623292,0.545706033706665,0.6968603730201721,-0.1841688156127929,0.9999352097511292,0.5480786561965942,0.6965817213058472,-0.1841704100370407,0.9999341368675232,0.5260900259017944,0.6853432655334473,-0.1047459468245506,0.9999391436576844,0.5512202382087708,0.688402533531189,-0.1004233658313751,0.999849498271942,0.5350858569145203,0.6729690432548523,-0.1654274463653564,0.9999847412109376,0.5459935069084167,0.6745294332504272,-0.1641905307769775,0.9999750256538392,0.5062504410743713,0.6082513332366943,-0.0479905754327774,0.9999836683273317,0.5716884136199951,0.608677864074707,-0.0369897149503231,0.9999261498451232,0.4972375631332397,0.5058517456054688,-0.0109107922762632,0.9859024882316588,0.5777934789657593,0.5115694999694824,0.0017534685321152,0.9475201368331908,0.4916039109230041,0.4234226047992706,-0.0829278454184532,0.9780367016792296,0.5839391350746155,0.4275444149971008,-0.0639488473534584,0.9349047541618348,0.4876594841480255,0.3959985971450805,-0.1053470522165298,0.9561473727226256,0.587403416633606,0.3999649584293365,-0.0858501344919204,0.8929874897003174,0.4918560087680816,0.3955366313457489,-0.1321935057640075,0.959564208984375,0.5840981602668762,0.3993563950061798,-0.1146803721785545,0.9011021852493286,0.4950454831123352,0.4044044613838196,-0.0953204557299614,0.9498969912528992,0.5819138884544373,0.4078165590763092,-0.0772500038146972,0.8918724060058594,0.5203627347946167,0.4286326766014099,-0.0048281848430633,0.9997341632843018,0.5613701939582825,0.427805483341217,0.0047956309281289,0.9996147751808168,0.5192480087280273,0.2728252708911896,-0.0305474940687418,0.9721378684043884,0.5627023577690125,0.2701099514961242,-0.0185232702642679,0.9506739974021912,0.5259895324707031,0.1268268674612045,0.0648078545928001,0.9735506176948548,0.5545340180397034,0.1290121972560882,0.0777939110994339,0.948434352874756,0.5288264751434326,0.1110961288213729,0.0676750466227531,0.6443434953689575,0.552051305770874,0.1139966323971748,0.0809154063463211,0.6291821002960205,0.5265096426010132,0.0787604600191116,-0.0410504303872585,0.9596537947654724,0.5553398132324219,0.0794174745678901,-0.0229603312909603,0.9422900080680848,hoyeon_stand_normal_01,18.027756,19.697716,19.235384,18.35756,15.811388,13.601471,10.816654,8.062258,6.082763,5.09902,5.0,5.830952,8.544004,10.440307,13.341664,15.297059,17.464249,18.681542,19.646883,19.924859,18.973666,16.763055,14.142136,11.045361,11.18034,14.142136,15.524175,16.124515,17.0,16.03122,14.317821,12.369317,9.219544,6.082763,4.123106,3.605551,5.09902,7.071068,9.055385,11.045361,12.165525,13.341664,13.601471,13.928388,13.416408,12.529964,10.29563,7.211103,4.123106,3.605551,7.28011,12.369317,14.764823,13.892444,12.041595,10.630146,9.433981,7.615773,7.071068,6.082763,6.324555,6.403124,6.403124,6.708204,8.246211,9.0,11.0,12.165525,14.317821,16.492423,17.720045,18.681542,18.973666,18.973666,18.681542,16.763055,14.56022,11.401754,4.123106,2.236068,2.828427,6.082763,9.0,11.18034,14.56022,15.231546,15.652476,15.811388,14.21267,12.727922,10.630146,8.602325,5.830952,3.162278,1.0,2.236068,5.0,8.062258,10.29563,13.416408,15.231546,16.155494,17.464249,17.464249,17.029386,16.401219,15.0,13.038405,11.18034,11.401754,11.045361,12.041595,13.038405,14.035669,15.132746,16.492423,17.720045,18.384776,18.35756,18.027756,17.804494,16.278821,14.866069,12.041595,9.433981,7.28011,8.246211,10.29563,12.806248,15.620499,10.198039,9.055385,8.062258,8.062258,9.219544,12.206556,14.422205,16.643317,17.492856,18.601075,18.439089,17.691806,17.691806,15.620499,14.21267,14.21267,12.806248,12.041595,12.041595,11.401754,13.601471,14.422205,15.264338,17.492856,18.027756,18.601075
hoyeon_stand_normal_01,2913,971,97.10530601092896,29.998360745314464,10,0.5405519604682922,0.6860934495925903,-0.1908522397279739,0.9999868273735046,0.5357434153556824,0.6960639953613281,-0.1792436987161636,0.999956488609314,0.5329285860061646,0.6953414082527161,-0.1792605817317962,0.9999595880508424,0.5305131077766418,0.6944342255592346,-0.1792785674333572,0.9999619722366332,0.5434251427650452,0.6967337131500244,-0.1782676875591278,0.9999390244483948,0.5456923246383667,0.6968187689781189,-0.1782795339822769,0.9999350309371948,0.5480597019195557,0.6965537667274475,-0.1782796084880828,0.999934196472168,0.5260827541351318,0.6853066682815552,-0.0987742468714714,0.9999387264251708,0.5512135028839111,0.6883800029754639,-0.0941307991743087,0.999849796295166,0.5350837111473083,0.6728700399398804,-0.1600120961666107,0.999984622001648,0.5459805727005005,0.674454391002655,-0.1586966514587402,0.9999749660491944,0.5062479376792908,0.608256459236145,-0.0436857864260673,0.9999834299087524,0.5716835856437683,0.6086174845695496,-0.0322323590517044,0.9999268651008606,0.4972347021102905,0.5058918595314026,-0.008124859072268,0.985708713531494,0.5777906775474548,0.5115482807159424,0.0051128738559782,0.9479042887687684,0.4916087985038757,0.4234566390514374,-0.0810038223862648,0.9775546789169312,0.5839086174964905,0.4275385737419128,-0.0620159469544887,0.9353439211845398,0.4876663088798523,0.3961023092269897,-0.1036315187811851,0.9553463459014891,0.5873962640762329,0.3999598920345306,-0.0842682048678398,0.8935427665710449,0.4918508529663086,0.395578920841217,-0.1302486360073089,0.9588152170181274,0.5840975046157837,0.399364709854126,-0.1131286919116973,0.9016327857971193,0.4950409829616546,0.4044203162193298,-0.0934085175395011,0.9490383267402648,0.581904947757721,0.4078221619129181,-0.0754010900855064,0.8924501538276672,0.5203622579574585,0.4284648895263672,-0.0050390632823109,0.999732255935669,0.5613675713539124,0.4275365471839905,0.005008699838072,0.9996143579483032,0.5192564725875854,0.2726549804210663,-0.0306479148566722,0.9723294973373412,0.5627170205116272,0.2693224847316742,-0.0182738974690437,0.9510095715522766,0.5258537530899048,0.1262665092945099,0.0655578225851059,0.9736865758895874,0.5545351505279541,0.1286801695823669,0.0789946690201759,0.948773980140686,0.5285784006118774,0.110179416835308,0.0685449317097663,0.644787609577179,0.5520435571670532,0.1134946346282959,0.0821147933602333,0.630735456943512,0.5264569520950317,0.0776171535253524,-0.0400917530059814,0.9598451256752014,0.5554155111312866,0.0790186300873756,-0.0222272351384162,0.94255393743515,hoyeon_stand_normal_01,17.204651,19.235384,18.788294,18.027756,15.811388,13.341664,10.440307,7.615773,5.0,3.162278,4.123106,5.656854,7.81025,10.0,12.206556,14.422205,16.401219,18.601075,19.209373,19.209373,17.804494,15.811388,12.529964,10.198039,10.440307,13.038405,15.556349,16.401219,16.643317,15.652476,14.317821,12.649111,9.486833,6.708204,4.242641,4.0,5.385165,7.211103,8.602325,10.816654,11.661904,13.416408,13.416408,13.928388,13.601471,12.369317,10.198039,7.071068,4.472136,3.162278,6.403124,10.630146,11.045361,13.0,14.035669,14.035669,14.142136,14.317821,13.601471,13.0,13.416408,13.038405,13.601471,12.806248,13.453624,12.727922,12.041595,12.041595,10.816654,10.29563,9.219544,9.0,9.486833,10.816654,13.453624,15.620499,17.804494,19.209373,16.124515,18.601075,18.384776,18.601075,17.0,14.866069,11.18034,8.062258,4.472136,3.0,5.0,7.28011,9.055385,12.0,13.038405,14.317821,14.56022,14.866069,15.231546,14.317821,12.083046,10.77033,8.246211,6.0,5.830952,6.708204,15.05668,14.790432,14.1231045,13.2887495,12.554364,11.8007355,11.707339,11.7836395,11.7698515,11.1900395,11.5977915,10.7081925,10.750761,11.360212,12.3729515,13.517962,13.944272,15.0,14.8824115,14.779675,14.295903,13.617692,13.9188545,14.5346175,15.046947,14.7064295,11.601411,11.571068,11.7023125,12.4637465,13.2316835,14.057133,14.480842,14.5969495,14.254805,13.80216,12.9866665,12.380342,11.5232205,10.854102,10.74639,10.5262295,10.6305695,11.323431500000002,10.6284805,11.291047,11.893873,12.5016125,13.606571,13.904208,14.7150685,14.7150685
hoyeon_stand_normal_01,2916,972,97.20531147540984,29.998360745314464,10,0.5405189394950867,0.6860482096672058,-0.1861033588647842,0.9999865889549256,0.5357215404510498,0.6960206627845764,-0.1743155270814895,0.999955713748932,0.5329090356826782,0.6952846050262451,-0.1743335127830505,0.999958872795105,0.5304970145225525,0.6943714022636414,-0.1743513643741607,0.999961256980896,0.5433887839317322,0.6967188715934753,-0.1734814047813415,0.9999381303787231,0.5456552505493164,0.6968076229095459,-0.1734913140535354,0.9999340772628784,0.5479986667633057,0.6965512037277222,-0.1734918653964996,0.9999333620071412,0.5260664224624634,0.6852675676345825,-0.0938280671834945,0.9999377131462096,0.5511961579322815,0.6883808970451355,-0.0898472294211387,0.999848484992981,0.5350736975669861,0.6728174090385437,-0.1552987098693847,0.9999843835830688,0.5459501147270203,0.6744339466094971,-0.1541742533445358,0.9999746084213256,0.5062457919120789,0.6082913279533386,-0.0393600687384605,0.999983251094818,0.5716817378997803,0.6085923314094543,-0.0290879737585783,0.9999271035194396,0.4972246587276459,0.5060040950775146,-0.0039288867264986,0.985519528388977,0.5777883529663086,0.5115392208099365,0.0078414026647806,0.9481838941574096,0.4916073679924011,0.4234756827354431,-0.0766481608152389,0.97723650932312,0.5838502645492554,0.4275382161140442,-0.0591625683009624,0.9357730150222778,0.4876653254032135,0.3962019979953766,-0.0992054641246795,0.9548681378364564,0.5873844623565674,0.3999526500701904,-0.0814657136797905,0.8941587805747986,0.4918441772460937,0.3956265747547149,-0.1257447600364685,0.9583597779273988,0.5840867161750793,0.3993726670742035,-0.1103732362389564,0.90220308303833,0.4950295090675354,0.4044415652751922,-0.0890458300709724,0.9485434889793396,0.5818749070167542,0.407825231552124,-0.0725772678852081,0.8930627107620239,0.5203482508659363,0.4284491539001465,-0.0050675491802394,0.9997302889823914,0.5613629221916199,0.4274924993515014,0.0050385636277496,0.9996128678321838,0.519240140914917,0.2726005613803863,-0.0311950035393238,0.9723389148712158,0.5627281665802002,0.2693020701408386,-0.0184110980480909,0.9510422348976136,0.5258530378341675,0.1261518597602844,0.066093660891056,0.9735533595085144,0.554541289806366,0.1283693760633468,0.0793946012854576,0.9487678408622742,0.5285791754722595,0.1099052876234054,0.0692058950662612,0.6437925696372986,0.5520461201667786,0.1129322946071624,0.0826853737235069,0.6309367418289185,0.5264397263526917,0.0772814229130745,-0.0395152382552623,0.9596452116966248,0.5554566979408264,0.0785858780145645,-0.0214203875511884,0.9424560070037842,hoyeon_stand_normal_01,16.763055,18.681542,18.248288,17.117243,15.033296,12.0,9.055385,7.071068,4.472136,3.605551,5.09902,6.708204,8.602325,10.816654,14.21267,15.620499,18.439089,20.0,20.808652,20.808652,19.416488,17.204651,14.866069,10.816654,11.18034,13.152946,15.524175,16.124515,17.029386,16.03122,15.132746,13.152946,10.198039,7.071068,5.0,2.828427,4.123106,6.0,8.062258,9.055385,11.045361,12.041595,12.0,13.038405,12.165525,11.401754,9.486833,6.708204,3.162278,2.0,5.830952,10.29563,11.18034,12.369317,13.601471,13.928388,14.317821,14.764823,14.422205,13.601471,14.21267,14.142136,13.453624,13.601471,13.601471,13.038405,13.038405,12.529964,11.7047,10.440307,10.049876,9.219544,10.29563,12.041595,13.601471,15.811388,17.492856,19.723083,16.124515,18.681542,19.313208,18.867962,17.029386,14.866069,11.661904,8.246211,4.123106,3.162278,4.472136,7.071068,9.433981,11.7047,13.341664,14.142136,15.033296,15.0,15.033296,14.035669,12.041595,11.0,8.062258,6.708204,6.403124,7.071068,13.038405,14.0,15.0,15.0,15.0,14.035669,13.038405,12.041595,10.198039,9.219544,8.062258,6.0,5.09902,4.472136,6.403124,8.062258,10.77033,12.649111,15.231546,17.464249,18.788294,19.723083,19.723083,18.867962,16.643317,13.601471,12.165525,14.317821,16.492423,16.763055,16.763055,15.811388,14.56022,12.369317,10.198039,9.055385,7.071068,6.708204,6.403124,7.071068,8.602325,9.433981,10.0,10.816654,12.206556,12.206556,12.206556,12.206556,11.661904,12.529964,12.083046,12.369317
hoyeon_stand_normal_01,2919,973,97.3053169398907,29.998360745314464,10,0.5405004024505615,0.6860361695289612,-0.1926323324441909,0.999986469745636,0.535714864730835,0.6959953904151917,-0.1811784207820892,0.9999552965164183,0.5329053401947021,0.6952489018440247,-0.1811929792165756,0.9999585151672364,0.5304927229881287,0.6943276524543762,-0.1812117844820022,0.9999608397483826,0.5433713793754578,0.6967138051986694,-0.1803479641675949,0.9999377131462096,0.545635998249054,0.6968036890029907,-0.1803581267595291,0.9999337196350098,0.5479670166969299,0.6965492367744446,-0.1803585886955261,0.9999330043792723,0.5260594487190247,0.6852317452430725,-0.100622184574604,0.9999372959136964,0.5511928796768188,0.6883809566497803,-0.0967152342200279,0.9998483061790466,0.5350712537765503,0.6728004217147827,-0.1616483032703399,0.9999842047691344,0.5459354519844055,0.6744322180747986,-0.1605444252490997,0.9999743700027466,0.5062502026557922,0.6083614826202393,-0.0438653416931629,0.999983012676239,0.5716798901557922,0.6085532307624817,-0.0341003313660621,0.999927580356598,0.4972205460071563,0.5061353445053101,-0.0053055481985211,0.9853612780570984,0.5777738690376282,0.5114972591400146,0.0049053290858864,0.9486389756202698,0.4916121363639831,0.423476368188858,-0.0768182650208473,0.9768086671829224,0.5838043093681335,0.4274731278419494,-0.0604464411735534,0.936148762702942,0.4876771867275238,0.3962807953357696,-0.099282868206501,0.9541259407997132,0.587369978427887,0.3998933434486389,-0.0822649970650672,0.8945927619934082,0.4918401837348938,0.3956888318061828,-0.1258870065212249,0.957676649093628,0.5840712189674377,0.3993328213691711,-0.1112447008490562,0.9026063084602356,0.4950264990329742,0.4044677317142486,-0.0892068520188331,0.9478381276130676,0.5818443298339844,0.4077682495117187,-0.0738165825605392,0.8935098052024841,0.5203349590301514,0.4285183250904083,-0.0051372377201914,0.9997270107269288,0.5613468885421753,0.4275319278240204,0.0051086735911667,0.9996098279953004,0.5192468762397766,0.2727212011814117,-0.0315145701169967,0.9718568325042723,0.5627357959747314,0.2694797217845917,-0.0184241477400064,0.950492262840271,0.5258879065513611,0.1263309866189956,0.0662232786417007,0.9729852080345154,0.5545732378959656,0.1283899396657943,0.0796590745449066,0.948024332523346,0.5286489129066467,0.1099738478660583,0.0693963766098022,0.6406641602516174,0.5520592927932739,0.1129448339343071,0.0830454602837562,0.62903892993927,0.5264489650726318,0.0772389844059944,-0.0392838865518569,0.958872139453888,0.5554868578910828,0.0785494819283485,-0.0209220964461565,0.9416164755821228,hoyeon_stand_normal_01,13.733916,12.840919,11.0,11.1336255,11.224535,11.5987605,10.615108,9.5538095,8.5703075,8.1213205,8.061553,8.5413815,9.29694,9.534201,10.980206,11.4317895,11.859748,12.894147,14.5922745,15.921586,18.2589295,18.6807985,18.319626,17.9345025,18.4778095,19.0933865,9.8805225,10.4430805,11.180792,12.1387155,12.700877,12.6916295,11.6589105,10.566373,9.3691485,9.0793875,9.5,10.031129,9.63471,9.621299,8.632272500000001,8.5178345,7.5,8.1358685,9.986544,10.485821,10.5073465,10.74639,10.2009635,10.4852815,12.154748,13.6846585,16.124515,15.033296,14.035669,12.165525,11.7047,10.29563,8.602325,7.81025,7.615773,6.324555,7.0,7.28011,7.615773,9.219544,9.899495,11.401754,13.892444,16.124515,17.0,18.35756,18.788294,19.235384,17.888544,17.0,14.764823,11.661904,5.830952,3.0,3.162278,5.09902,8.602325,11.313708,12.806248,13.892444,14.317821,13.601471,13.341664,11.045361,9.0,7.071068,5.09902,2.236068,1.414214,3.162278,6.0,9.0,12.041595,14.142136,16.278821,17.464249,18.439089,18.439089,16.124515,14.317821,13.038405,11.401754,10.630146,10.0,10.77033,11.7047,12.649111,14.866069,15.231546,16.643317,17.204651,18.439089,18.384776,18.601075,17.492856,16.124515,13.892444,10.816654,7.81025,6.324555,7.28011,11.18034,14.422205,16.643317,9.433981,7.81025,5.830952,7.0,8.544004,11.18034,14.764823,16.124515,17.888544,18.384776,18.384776,17.720045,16.492423,15.297059,13.152946,12.165525,11.18034,10.440307,10.440307,10.77033,11.661904,13.038405,15.0,15.811388,17.492856,17.492856
hoyeon_stand_normal_01,2922,974,97.4053224043716,29.998360745314464,10,0.5404694080352783,0.6859769225120544,-0.1958787739276886,0.9999865293502808,0.5357094407081604,0.6959189772605896,-0.1845882385969162,0.9999553561210632,0.5329017043113708,0.6951538920402527,-0.1846010833978653,0.9999585747718812,0.5304908752441406,0.6942254304885864,-0.1846193671226501,0.9999608397483826,0.54336017370224,0.696671187877655,-0.183735191822052,0.999937891960144,0.5456259250640869,0.6967648863792419,-0.1837430596351623,0.9999339580535888,0.5479604005813599,0.6965250968933105,-0.1837407499551773,0.9999331831932068,0.5260549187660217,0.6851621270179749,-0.1042349860072135,0.9999375343322754,0.5511879324913025,0.6883710622787476,-0.1002417057752609,0.9998491406440736,0.5350646376609802,0.6727331876754761,-0.164916530251503,0.9999842047691344,0.5459187626838684,0.6743904948234558,-0.1637880504131317,0.9999743700027466,0.5062710046768188,0.6084372401237488,-0.0474043823778629,0.999983012676239,0.5716789960861206,0.6085439324378967,-0.03700727596879,0.99992835521698,0.4972169995307922,0.5062559247016907,-0.0085493950173258,0.9853277206420898,0.5777705311775208,0.5114272236824036,0.0021669096313416,0.9492505192756652,0.4916366338729858,0.423476904630661,-0.0784529596567154,0.9766900539398192,0.5837959051132202,0.4273954331874847,-0.0623990818858146,0.9367985129356384,0.4876958727836609,0.3963473737239837,-0.1004444509744644,0.9539034366607666,0.5873690247535706,0.3998709619045257,-0.0839978009462356,0.8953987956047058,0.4918365180492401,0.3957447111606598,-0.1271110326051712,0.957471489906311,0.5840629935264587,0.3993224799633026,-0.1129192933440208,0.903363049030304,0.495021790266037,0.4044871032238006,-0.0908069312572479,0.9476754069328308,0.5818274021148682,0.4077412188053131,-0.075716383755207,0.8943346738815308,0.5203407406806946,0.4288226068019867,-0.0052938144654035,0.9997259378433228,0.5613391399383545,0.4277420938014984,0.0052655022591352,0.999609351158142,0.5192835330963135,0.2734974324703216,-0.0315054319798946,0.9714263081550598,0.562717080116272,0.2702341377735138,-0.018033443018794,0.9500759243965148,0.5260393619537354,0.1268920600414276,0.0659104138612747,0.9725208878517152,0.55450838804245,0.1289673596620559,0.0798228830099105,0.947476089000702,0.5287883281707764,0.1114398092031478,0.0690440908074379,0.6378745436668396,0.5519662499427795,0.1142278835177421,0.0832624956965446,0.6279553174972534,0.5265270471572876,0.0775209963321685,-0.0394312255084514,0.9582908153533936,0.555476188659668,0.0787554308772087,-0.0207290276885032,0.9410343170166016,hoyeon_stand_normal_01,16.278821,17.464249,18.027756,17.088007,14.317821,12.083046,9.848858,6.324555,4.0,2.828427,4.123106,6.082763,8.246211,10.77033,13.928388,16.155494,18.384776,20.248457,21.18962,21.18962,19.924859,18.027756,14.317821,10.630146,10.77033,13.0,15.811388,16.278821,16.278821,16.401219,14.422205,11.661904,9.433981,7.211103,3.605551,3.0,4.242641,6.403124,8.062258,9.433981,10.816654,12.806248,12.727922,12.727922,12.806248,12.206556,9.433981,6.708204,3.605551,1.0,6.082763,11.0,16.552945,15.264338,13.601471,12.041595,10.630146,9.433981,8.544004,7.071068,7.0,6.324555,5.830952,7.071068,7.211103,8.544004,10.198039,12.041595,14.0,15.033296,17.029386,18.11077,18.11077,18.11077,17.117243,15.033296,13.038405,11.045361,5.830952,3.605551,3.605551,5.385165,8.062258,11.045361,12.369317,13.928388,13.892444,13.601471,12.041595,10.630146,8.602325,7.211103,4.472136,2.0,1.0,4.242641,6.403124,9.433981,12.083046,14.317821,16.155494,18.027756,18.384776,18.027756,16.278821,15.297059,14.142136,11.401754,10.29563,10.0,9.899495,11.401754,12.806248,13.601471,15.620499,16.278821,17.804494,18.867962,17.888544,18.384776,17.464249,16.278821,13.152946,11.18034,7.615773,6.403124,7.071068,11.18034,14.317821,16.492423,9.486833,7.615773,6.403124,6.324555,9.0,11.18034,14.317821,16.278821,17.262677,18.11077,18.11077,17.0,16.03122,15.132746,13.152946,12.165525,11.045361,10.0,10.0,10.049876,11.401754,13.341664,14.866069,16.763055,17.464249,18.439089
hoyeon_stand_normal_01,2925,975,97.50532786885246,29.998360745314464,10,0.5404245257377625,0.6859124898910522,-0.1960103213787078,0.9999865293502808,0.5357000827789307,0.6958169937133789,-0.1845645904541015,0.9999552965164183,0.532893180847168,0.6950356364250183,-0.1845775544643402,0.9999585151672364,0.5304873585700989,0.6941109895706177,-0.184594914317131,0.9999606609344482,0.5433503985404968,0.6966007351875305,-0.1838064938783645,0.9999380111694336,0.5456215739250183,0.6966992616653442,-0.1838159412145614,0.999934196472168,0.547953724861145,0.6964707970619202,-0.1838140338659286,0.9999334812164308,0.5260531902313232,0.6850941777229309,-0.1036785095930099,0.9999374151229858,0.5511969923973083,0.6883453130722046,-0.1000643745064735,0.9998501539230348,0.5350465774536133,0.672672688961029,-0.1648561209440231,0.9999842047691344,0.5458974838256836,0.6743345260620117,-0.1638457477092743,0.9999744296073914,0.5063069462776184,0.6084612607955933,-0.0469648763537406,0.9999828934669496,0.5716845989227295,0.6084916591644287,-0.0369771271944046,0.9999290704727172,0.4972141683101654,0.5063510537147522,-0.0072019104845821,0.9852478504180908,0.5777846574783325,0.5114010572433472,0.0020449673756957,0.9498382806777954,0.4916577339172363,0.4235058128833771,-0.0766260921955108,0.9764063954353333,0.5837951302528381,0.4272897839546203,-0.0632440224289894,0.9372745752334596,0.487739622592926,0.3963929116725921,-0.0983667746186256,0.9533650279045104,0.5873692631721497,0.3998112976551056,-0.0850739553570747,0.8959333300590515,0.4918559491634369,0.3957981765270233,-0.1250772774219513,0.9569785594940186,0.5840625762939453,0.3992736935615539,-0.113948181271553,0.903860330581665,0.4950331449508667,0.404542475938797,-0.0889501720666885,0.9471244215965272,0.5818262696266174,0.4076908528804779,-0.0765353515744209,0.8948206305503845,0.5203529596328735,0.428814172744751,-0.0052759409882128,0.9997250437736512,0.5613371133804321,0.4277354478836059,0.0052474047988653,0.9996094703674316,0.5193212032318115,0.2734932005405426,-0.0312278512865304,0.9714373350143432,0.5627132654190063,0.2702345252037048,-0.0180680863559246,0.9502450227737428,0.5260555148124695,0.1269185543060302,0.0676594078540802,0.9725576043128968,0.5545108318328857,0.1289662718772888,0.0805409476161003,0.9477928876876832,0.528814435005188,0.1114028692245483,0.0709896981716156,0.638466477394104,0.5519673824310303,0.1141934841871261,0.0841058418154716,0.6290760040283203,0.5265412926673889,0.0775309279561042,-0.0375203900039196,0.9584012627601624,0.55547696352005,0.0787061899900436,-0.0200384519994258,0.9413572549819946,hoyeon_stand_normal_01,8.602325,5.385165,3.162278,4.472136,7.071068,9.0,10.0,11.0,11.045361,11.045361,11.045361,10.198039,9.219544,8.544004,6.708204,5.656854,5.385165,6.082763,8.062258,12.041595,15.556349,19.104973,21.931712,24.041631,23.345235,22.671568,2.236068,2.0,4.472136,7.211103,8.602325,10.816654,12.529964,12.529964,12.083046,11.7047,11.401754,9.219544,8.062258,6.082763,4.0,1.0,1.0,4.0,6.082763,9.219544,11.401754,13.928388,15.652476,16.124515,16.643317,15.0,16.124515,15.132746,13.341664,11.7047,10.29563,9.219544,7.81025,6.708204,6.324555,5.0,5.385165,5.830952,7.071068,8.062258,9.848858,11.7047,13.601471,15.524175,16.492423,17.464249,18.439089,18.439089,17.262677,15.524175,13.341664,11.401754,5.0,3.0,4.472136,7.071068,10.198039,12.083046,13.038405,15.0,14.142136,14.21267,13.038405,10.816654,8.944272,6.708204,4.472136,2.236068,1.0,3.162278,6.082763,9.055385,12.041595,14.035669,16.03122,18.0,18.0,18.0,16.155494,15.231546,13.0,11.401754,10.198039,10.0,10.198039,11.401754,11.401754,13.341664,14.317821,16.124515,17.0,17.117243,17.464249,17.720045,17.464249,15.652476,13.416408,11.18034,8.246211,7.071068,7.81025,10.0,13.038405,15.652476,10.049876,8.0,7.28011,7.211103,8.062258,9.486833,12.649111,14.56022,15.811388,17.088007,17.464249,16.124515,16.124515,14.422205,12.806248,12.206556,10.816654,10.816654,10.29563,10.77033,11.7047,12.649111,14.56022,16.492423,16.763055,17.088007
hoyeon_stand_normal_01,2928,976,97.60533333333332,29.998360745314464,10,0.5403714776039124,0.6858894228935242,-0.1961742043495178,0.999986469745636,0.5356699824333191,0.6957287788391113,-0.184614285826683,0.999955117702484,0.5328611135482788,0.6949347257614136,-0.1846268624067306,0.999958336353302,0.5304713249206543,0.6940193772315979,-0.1846446394920349,0.999960482120514,0.5433264374732971,0.6965510845184326,-0.1839945018291473,0.9999379515647888,0.5456169247627258,0.6966559886932373,-0.1840043067932129,0.9999342560768129,0.5479477643966675,0.696445643901825,-0.184002548456192,0.9999336004257202,0.5260536670684814,0.6850536465644836,-0.103428840637207,0.9999372959136964,0.5512068271636963,0.6883384585380554,-0.1004151552915573,0.999850869178772,0.5350106954574585,0.6726567149162292,-0.1649079769849777,0.9999841451644896,0.5458705425262451,0.6743282079696655,-0.1640726178884506,0.9999744296073914,0.5063695311546326,0.6084966063499451,-0.0466065965592861,0.9999828338623048,0.5717000365257263,0.6083918809890747,-0.0372593998908996,0.9999293684959412,0.4971799552440643,0.5065160393714905,-0.0066209486685693,0.9852067828178406,0.5778192281723022,0.5113014578819275,0.0017488283338025,0.9502731561660768,0.4916701018810272,0.4235072135925293,-0.0758852809667587,0.9762459993362428,0.5838066339492798,0.427159696817398,-0.0636163279414177,0.9376035928726196,0.4877573847770691,0.3963969945907593,-0.0975651666522026,0.9530588388442992,0.5873739719390869,0.3997464179992676,-0.0855290666222572,0.8962719440460205,0.4918933808803558,0.3957993686199188,-0.1242968812584877,0.9566973447799684,0.5840656757354736,0.3992082178592682,-0.1143471375107765,0.9041757583618164,0.4950664341449737,0.4045449495315552,-0.0881869569420814,0.946808934211731,0.581830620765686,0.4076246619224548,-0.0768700912594795,0.8950993418693542,0.5203530788421631,0.4288806915283203,-0.0052532609552145,0.9997242093086244,0.5613346099853516,0.4277462959289551,0.005224083084613,0.9996089935302734,0.5193436741828918,0.2734946608543396,-0.0312484502792358,0.97149395942688,0.5627051591873169,0.2702110409736633,-0.0181930232793092,0.9502266049385072,0.5260624289512634,0.1269244849681854,0.0679629296064376,0.9725515842437744,0.5545398592948914,0.1287534087896347,0.0805834308266639,0.9478796124458312,0.5288156867027283,0.1112424656748771,0.0713499411940574,0.636898398399353,0.5520004034042358,0.1136862188577652,0.084150344133377,0.628922700881958,0.52671217918396,0.0773542821407318,-0.0373728051781654,0.958376944065094,0.5554749965667725,0.0784627124667167,-0.0198619477450847,0.9414299726486206,hoyeon_stand_normal_01,10.9441025,8.71882575,6.889984999999999,7.503518,9.09362875,9.971417,10.24209225,9.9603495,9.647874,9.08022575,9.373119,9.229668,9.258242,9.317087,8.8427775,8.22565025,8.823786499999999,9.24690725,11.3664375,13.9636975,16.52502975,18.3635845,20.13707475,20.77167225,19.8630985,19.7763925,5.39356825,5.6122315,7.53520625,9.11678475,9.8560485,11.109204,11.4888125,10.789737,9.85054,9.543858,9.51774075,8.6414175,8.19727475,6.8782305,5.76482375,4.05754525,3.6004385,5.9117865,7.284022,9.23109225,10.503878,11.61456175,12.1423225,12.99106325,14.19109775,14.02347825,14.0,13.152946,11.401754,10.77033,9.433981,8.485281,7.81025,6.708204,7.071068,6.0,6.324555,6.708204,7.81025,9.219544,10.29563,12.083046,13.928388,15.811388,17.088007,18.027756,18.973666,18.973666,17.720045,15.811388,14.866069,11.7047,4.242641,2.0,3.162278,5.385165,9.433981,10.630146,12.806248,14.422205,14.764823,13.0,12.649111,11.18034,9.055385,8.0,5.0,3.162278,2.0,2.236068,5.09902,8.062258,11.0,13.038405,14.035669,16.03122,16.03122,16.03122,14.629386,14.32625225,13.90817275,13.0123685,12.50719225,12.15036775,11.52341275,11.75556325,10.92443175,10.87966125,10.851526,11.0622575,10.83541525,10.839398,11.6898625,12.58399325,14.03478375,14.70870275,14.699924500000002,14.604048,13.86312825,13.945365,14.0352975,14.617692,15.17172725,14.9407065,11.71354225,11.66423025,11.832866,12.337675999999998,12.7128605,12.9362275,13.7282755,13.9037625,13.25028875,12.94385075,12.30266725,11.153522,11.17631575,10.68435575,10.30370525,10.46177325,10.2322345,10.6124905,10.813291,11.39476625,11.66532925,12.334156749999998,12.945586,14.14004275,14.197374,14.48677125
hoyeon_stand_normal_01,2931,977,97.7053387978142,29.998360745314464,10,0.5403667688369751,0.6858819127082825,-0.2004539668560028,0.9999865293502808,0.5356661677360535,0.6956714987754822,-0.1888588517904281,0.999955415725708,0.5328583717346191,0.694877028465271,-0.188870295882225,0.999958634376526,0.5304684042930603,0.6939653158187866,-0.1888890564441681,0.9999607801437378,0.543319821357727,0.6965143084526062,-0.1884698271751403,0.9999384880065918,0.5456136465072632,0.6966261863708496,-0.1884819865226745,0.9999349117279052,0.547961413860321,0.69642174243927,-0.1884796172380447,0.9999342560768129,0.5260854959487915,0.6850358843803406,-0.1067930608987808,0.9999378323554992,0.5512295961380005,0.6883353590965271,-0.1048800572752952,0.99985271692276,0.5350081920623779,0.672648012638092,-0.1688005328178405,0.9999842047691344,0.545863151550293,0.6743249893188477,-0.1682805716991424,0.9999746084213256,0.5065426230430603,0.6085851192474365,-0.0482067316770553,0.9999828934669496,0.5717421770095825,0.6083109378814697,-0.0406682416796684,0.9999297857284546,0.4971771538257599,0.50677889585495,-0.0073888688348233,0.9852775931358336,0.5778489708900452,0.5111441016197205,-0.0012403896544128,0.9508346915245056,0.4917179644107818,0.4235175848007202,-0.0763081237673759,0.9763203859329224,0.5838435888290405,0.4270241558551788,-0.0666288211941719,0.938080906867981,0.4878400266170501,0.3964040279388428,-0.0978102833032608,0.9531126618385316,0.5873955488204956,0.3996743559837341,-0.0886216163635253,0.896790623664856,0.4919544756412506,0.3958018124103546,-0.124660812318325,0.9567632675170898,0.5840842723846436,0.3991258442401886,-0.1175769492983818,0.9046757221221924,0.4951185286045074,0.404549241065979,-0.0886125490069389,0.9468979835510254,0.581854522228241,0.4075525104999542,-0.0798822939395904,0.8955801129341125,0.5203965902328491,0.4289263188838959,-0.0051944437436759,0.9997236132621764,0.561346709728241,0.4277520477771759,0.0051631205715239,0.9996088147163392,0.5194877982139587,0.2735165953636169,-0.0305619519203901,0.9715576171875,0.5626941919326782,0.270095556974411,-0.0182148423045873,0.9502227306365968,0.5261143445968628,0.1269457191228866,0.0696034058928489,0.972608745098114,0.5545357465744019,0.1284019500017166,0.0814696624875068,0.9478214383125304,0.5288564562797546,0.1110437661409378,0.0730683133006095,0.6366215944290161,0.5520020723342896,0.1130072921514511,0.085224337875843,0.6282513737678528,0.5267899632453918,0.0771944224834442,-0.0358148775994777,0.9584518671035768,0.555431604385376,0.0780272483825683,-0.018752921372652,0.941390872001648,hoyeon_stand_normal_01,13.28588,12.0524865,10.617692,10.5349,11.1161895,10.942834,10.4841845,8.920698999999999,8.250387,7.1150905,7.700877,8.261296999999999,9.29694,10.09017,10.977351,10.7944465,12.262408,12.4110515,14.670617,15.8858,17.4937105,17.622196000000002,18.3424375,17.5017135,16.380962,16.881217,8.5510685,9.224463,10.5982765,11.0224665,11.109772,11.401754,10.447661,9.04951,7.618034,7.383016,7.6337275,8.063291,8.3322915,7.673698,7.529647499999999,7.1150905,6.200877,7.823573,8.485281,9.2426405,9.606002,9.3007355,8.632169000000001,9.8576115,11.7388785,13.0469565,13.6365705,13.3007355,13.202493,12.5937485,12.6734675,12.176451,11.1900395,10.9179455,10.816654,9.963013,10.106335,10.366867,10.8789545,11.4438025,11.718197,12.467239,13.330952,13.9874905,13.9103095,14.2359365,15.0486575,15.8251055,16.435056,16.8241275,16.919572000000002,16.111368,10.5,11.1224575,11.7885545,13.1402205,13.894243,13.9403285,13.156543,12.046739,10.5,9.566373,9.9873375,9.992545,10.0234485,10.0519265,9.9333105,8.9805865,8.1485295,9.2620875,10.125617,11.236196,11.9147255,11.9283575,11.663298,11.7878095,11.574855,12.8695335,13.103278,13.4209585,14.8163455,14.622983,14.8163455,14.3007355,12.8487865,12.1093725,10.4471095,8.4176585,7.385231,6.0,4.6708305,4.561553,5.915476,7.4479415,10.6053185,13.7649295,15.983441,18.027756,19.4800455,20.819662,20.260345,19.235384,17.3050495,14.228937,13.3772085,15.328460499999998,16.385621999999998,17.464249,17.363463,16.385621999999998,14.80744,13.247305,10.6891895,8.7996945,7.1410855,6.182529000000001,6.2281165000000005,6.9465065,7.8011625,8.7169905,9.647815,10.408327,11.330952,12.0192025,11.6259585,12.0192025,11.330952,11.7876625,11.631693,11.8855355
hoyeon_stand_normal_01,2934,978,97.80534426229508,29.998360745314464,10,0.5403626561164856,0.6858772039413452,-0.205130472779274,0.9999865889549256,0.5356633067131042,0.6956460475921631,-0.1935221552848816,0.9999556541442872,0.5328581929206848,0.6948567628860474,-0.1935334652662277,0.9999589323997498,0.5304678678512573,0.6939482688903809,-0.1935530751943588,0.9999610185623168,0.5433145761489868,0.696499228477478,-0.1933369636535644,0.9999388456344604,0.5456123352050781,0.696614146232605,-0.1933484822511673,0.9999353289604188,0.5479748249053955,0.6964141130447388,-0.1933453381061554,0.9999346137046814,0.5261330008506775,0.6850313544273376,-0.1107625886797905,0.9999385476112366,0.5512538552284241,0.6883361339569092,-0.1098830625414848,0.9998540878295898,0.5350044369697571,0.6726442575454712,-0.1731584966182708,0.9999842643737792,0.545856773853302,0.6743241548538208,-0.1729460805654525,0.9999746680259703,0.5067821145057678,0.6085973381996155,-0.0506094545125961,0.9999828934669496,0.5717669725418091,0.6083005666732788,-0.0443111397325992,0.9999297857284546,0.4971849322319031,0.5072107911109924,-0.0076811532489955,0.9852327704429626,0.5778607726097107,0.5111716389656067,-0.0039393994957208,0.9510977268218994,0.4919670820236206,0.4236076176166534,-0.0763541236519813,0.9761671423912048,0.5838825702667236,0.4269960820674896,-0.0693463236093521,0.9378792643547058,0.4880852103233337,0.3964946568012237,-0.0977827310562133,0.9527928829193116,0.5874313712120056,0.3996651470661163,-0.0912348181009292,0.896364688873291,0.4921670258045196,0.3958872854709625,-0.1247503906488418,0.9564786553382874,0.5841118693351746,0.3990852236747741,-0.1202223673462867,0.904286801815033,0.4953305423259735,0.4046418964862823,-0.0886727273464202,0.9465752840042114,0.5818882584571838,0.4075083136558532,-0.0826023742556572,0.8951342701911926,0.5204561948776245,0.4294323325157165,-0.0051706577651202,0.9997215867042542,0.5613501071929932,0.428151786327362,0.0051388484425842,0.999605655670166,0.5195788741111755,0.2739220857620239,-0.0305815953761339,0.9712017774581908,0.5626804232597351,0.2702534198760986,-0.0182358138263225,0.9495819211006165,0.5261431932449341,0.1269241124391555,0.0688361227512359,0.9722958207130432,0.5545253157615662,0.1282679736614227,0.0806030184030532,0.9472468495368958,0.5288663506507874,0.1107483357191085,0.0721377432346344,0.6334453821182251,0.5519965887069702,0.1127526685595512,0.0841729268431663,0.6260173320770264,0.5268458127975464,0.0771639347076416,-0.0372942052781581,0.958065629005432,0.5553579926490784,0.0779906436800956,-0.0202683266252279,0.9408502578735352,hoyeon_stand_normal_01,17.262677,18.681542,18.973666,16.552945,14.764823,12.529964,8.944272,5.385165,3.0,1.414214,3.162278,6.708204,8.062258,11.661904,13.038405,16.643317,18.027756,19.723083,20.59126,20.59126,19.723083,16.643317,13.453624,11.18034,11.045361,13.601471,14.866069,16.401219,15.264338,14.764823,13.0,10.440307,7.28011,4.472136,2.236068,3.605551,5.830952,8.062258,9.433981,11.401754,12.806248,12.727922,13.453624,13.453624,12.806248,10.816654,8.944272,5.385165,2.236068,3.0,7.0,11.0,16.278821,14.035669,13.0,11.18034,10.440307,8.944272,7.81025,7.071068,5.830952,5.09902,5.09902,5.385165,6.403124,7.81025,8.944272,11.7047,13.601471,15.524175,16.492423,18.439089,18.248288,18.248288,17.262677,15.297059,13.341664,10.198039,5.0,3.605551,5.0,6.708204,9.899495,12.206556,13.416408,13.928388,14.317821,14.142136,13.038405,11.0,9.055385,7.071068,4.123106,1.414214,1.414214,4.0,7.071068,9.219544,12.369317,14.56022,16.763055,18.027756,18.973666,17.720045,13.928388,14.56022,15.524175,15.524175,15.524175,14.866069,13.928388,13.0,11.18034,9.433981,8.062258,6.708204,6.082763,5.0,5.830952,7.81025,10.630146,12.727922,15.556349,18.384776,19.104973,20.615528,20.0,19.416488,18.027756,14.422205,12.649111,13.601471,16.155494,16.155494,16.552945,15.231546,14.317821,12.083046,10.77033,9.219544,7.0,7.071068,6.708204,7.211103,8.485281,9.219544,9.899495,10.630146,11.313708,12.041595,12.806248,12.806248,12.041595,12.041595,12.806248,11.661904
hoyeon_stand_normal_01,2937,979,97.90534972677597,29.998360745314464,10,0.5403602719306946,0.6858730912208557,-0.2108384072780609,0.9999867081642152,0.5356689095497131,0.69562828540802,-0.199272871017456,0.99995619058609,0.5328673720359802,0.6948460340499878,-0.1992831230163574,0.9999594688415528,0.530473530292511,0.6939398050308228,-0.1993019729852676,0.99996155500412,0.5433197617530823,0.6964842677116394,-0.1990596204996109,0.999939501285553,0.5456410646438599,0.6966028809547424,-0.199071004986763,0.9999361038208008,0.5480415225028992,0.6964026689529419,-0.1990669667720794,0.9999352097511292,0.52619469165802,0.6850267648696899,-0.1162393763661384,0.9999396204948424,0.5513038039207458,0.6883364915847778,-0.1152455434203147,0.9998558163642884,0.5350111126899719,0.6726394891738892,-0.1787629872560501,0.9999844431877136,0.5458682179450989,0.674316942691803,-0.1785207092761993,0.9999749064445496,0.5070632100105286,0.6086012721061707,-0.0550814382731914,0.9999829530715942,0.5718233585357666,0.6082811951637268,-0.0482850037515163,0.999929666519165,0.4972506463527679,0.5073391199111938,-0.0101380469277501,0.9852717518806458,0.5779101252555847,0.5112028121948242,-0.006709745619446,0.9513015151023864,0.4924354553222656,0.4236355423927307,-0.0777662992477417,0.9761254787445068,0.584007978439331,0.4269696474075317,-0.0724624916911125,0.9376125931739808,0.4883624613285064,0.3965826630592346,-0.098795898258686,0.95263671875,0.5875177383422852,0.3996634483337402,-0.0942557677626609,0.8958550691604614,0.492456704378128,0.3959755897521972,-0.1260960698127746,0.9563465118408204,0.584170401096344,0.3990775048732757,-0.123446948826313,0.9038265943527222,0.4956312775611877,0.4047154784202575,-0.090104728937149,0.9464120268821716,0.5819782018661499,0.4074981808662414,-0.0857979506254196,0.8946314454078674,0.5206604599952698,0.4296158254146576,-0.0051629692316055,0.999720811843872,0.5614362359046936,0.4284834265708923,0.0051302630454301,0.9996038675308228,0.5196599960327148,0.2740150690078735,-0.0305344201624393,0.9711215496063232,0.5626876354217529,0.2704369723796844,-0.0182144157588481,0.9494650959968568,0.5261156558990479,0.1268978863954544,0.0688217356801033,0.9722704887390136,0.5545686483383179,0.1282671689987182,0.0806730985641479,0.9470423460006714,0.5288106203079224,0.1107611283659935,0.0721026733517646,0.6319747567176819,0.5520398020744324,0.1127299144864082,0.0842343419790268,0.6249292492866516,0.5268455147743225,0.0774556249380111,-0.0375636965036392,0.9580166935920716,0.5553964376449585,0.0780083835124969,-0.0201580580323934,0.940689206123352,hoyeon_stand_normal_01,16.763055,18.439089,18.248288,17.117243,15.033296,12.041595,9.055385,6.082763,3.605551,3.0,4.472136,6.403124,9.433981,11.661904,15.264338,17.492856,19.723083,21.095023,22.472205,21.633308,20.248457,18.35756,13.928388,11.045361,10.77033,12.727922,16.401219,16.278821,16.278821,15.0,13.892444,11.661904,8.062258,5.0,2.828427,2.828427,4.472136,6.708204,8.544004,9.848858,10.77033,12.529964,12.529964,12.206556,11.401754,10.630146,7.81025,5.830952,2.236068,2.828427,7.211103,11.18034,16.124515,14.317821,12.649111,11.18034,10.0,9.219544,8.062258,7.615773,7.071068,6.082763,6.708204,7.211103,7.81025,8.944272,10.77033,12.369317,15.297059,16.278821,18.248288,19.104973,20.099751,19.104973,18.11077,17.117243,15.132746,12.165525,4.472136,2.236068,4.0,6.324555,9.433981,12.727922,14.21267,15.264338,15.652476,14.866069,13.341664,12.165525,10.049876,8.0,5.09902,3.162278,2.0,2.828427,5.09902,8.062258,11.045361,14.0,15.0,17.0,18.0,17.0,13.416408,14.317821,14.317821,15.231546,14.317821,14.317821,13.416408,11.661904,10.816654,9.433981,8.062258,6.708204,5.09902,5.09902,6.708204,8.602325,11.401754,13.453624,17.029386,18.439089,20.0,20.808652,21.095023,19.723083,17.888544,14.764823,12.206556,13.601471,14.866069,14.866069,15.556349,15.556349,13.453624,11.313708,9.219544,7.211103,6.324555,6.0,5.385165,6.708204,7.211103,8.602325,10.0,10.816654,10.816654,11.661904,11.661904,11.661904,11.661904,11.401754,11.313708,11.401754
hoyeon_stand_normal_01,2940,980,98.00535519125684,29.998360745314464,10,0.5403928160667419,0.6858688592910767,-0.2152660936117172,0.9999868869781494,0.5357061624526978,0.6956164836883545,-0.2036672234535217,0.9999569058418274,0.5329115986824036,0.6948405504226685,-0.2036764174699783,0.99996018409729,0.530501127243042,0.693932831287384,-0.2036962360143661,0.9999622106552124,0.5433651804924011,0.696475625038147,-0.2034552544355392,0.9999403953552246,0.5457289814949036,0.6965969204902649,-0.2034676373004913,0.9999370574951172,0.5481855273246765,0.6963920593261719,-0.2034628242254257,0.9999361038208008,0.5262880921363831,0.6850190758705139,-0.1202799454331398,0.9999408721923828,0.5513874292373657,0.6883358955383301,-0.1193238124251365,0.9998579025268556,0.5350701808929443,0.672626793384552,-0.1830544918775558,0.9999846816062928,0.5459439754486084,0.674306333065033,-0.182827740907669,0.9999752044677734,0.5073791146278381,0.6085838675498962,-0.0586633272469043,0.9999830722808838,0.5719659924507141,0.6082692742347717,-0.0512261241674423,0.999929666519165,0.4973344504833221,0.5074315667152405,-0.0126742087304592,0.985355019569397,0.5780067443847656,0.5111883282661438,-0.0085617927834391,0.9511773586273192,0.4929257333278656,0.4236363470554352,-0.0795687958598136,0.9760711193084716,0.5841238498687744,0.4268904626369476,-0.0743993073701858,0.9372562766075134,0.4885717034339905,0.3966197967529297,-0.1003362089395523,0.952464520931244,0.587601363658905,0.3996343612670898,-0.0961265340447425,0.8953172564506531,0.4926566481590271,0.3959860205650329,-0.1278267949819564,0.956203281879425,0.5843021273612976,0.3990123867988586,-0.1256277859210968,0.9033576250076294,0.4958780109882355,0.4047189652919769,-0.0919031202793121,0.946259379386902,0.5821598768234253,0.4074408113956451,-0.0878448188304901,0.894129753112793,0.5208837389945984,0.4298618137836456,-0.0051797116175293,0.9997217655181884,0.5615814328193665,0.4286139607429504,0.005144877359271,0.9996031522750854,0.519709050655365,0.2739615738391876,-0.0305345151573419,0.9709771275520324,0.5627902746200562,0.2704260945320129,-0.0184256117790937,0.9489959478378296,0.5260101556777954,0.1268261820077896,0.0689261332154274,0.9721582531929016,0.5545704364776611,0.1282677948474884,0.0825695022940635,0.9461426734924316,0.5285970568656921,0.1105552613735199,0.0722150281071662,0.6293625235557556,0.5520265698432922,0.1130120903253555,0.0865871459245681,0.6224925518035889,0.5268188714981079,0.0776368901133537,-0.0375113859772682,0.9577932357788086,0.5553867816925049,0.0785031095147132,-0.0166211072355508,0.9399175643920898,hoyeon_stand_normal_01,18.027756,20.223748,19.416488,17.720045,15.811388,12.649111,9.486833,6.082763,3.0,2.236068,3.605551,6.403124,9.219544,12.041595,14.866069,17.029386,19.849433,21.260292,21.931712,21.931712,20.518285,17.804494,13.892444,11.18034,11.401754,13.601471,15.264338,16.552945,15.811388,14.56022,13.152946,10.049876,7.071068,4.123106,1.414214,2.828427,5.830952,8.602325,10.0,11.401754,12.806248,13.453624,13.453624,14.21267,13.601471,11.661904,8.944272,5.385165,2.236068,3.162278,8.246211,12.041595,14.823605,14.7694945,14.10284675,13.764118749999998,13.07988825,12.54896225,11.81225775,11.53220875,11.078873000000002,10.3777355,10.53765625,10.90292725,11.25927975,11.54275525,12.6751485,12.9263915,13.87334975,13.502318,13.862863999999998,14.0246225,14.61860775,15.0955075,16.049542,16.6594555,16.635384,16.200813750000002,11.304398,10.79222125,12.44925325,13.118271,13.89495175,14.229927,12.8722495,11.5847315,10.576238,9.8780245,10.4541635,11.057446,11.3494935,11.1589105,10.148781,9.99196825,9.35765125,10.11647575,10.898526,11.951345,12.5937485,12.86083725,11.986068,11.944818,12.706719,12.99043825,12.369317,13.601471,13.928388,13.601471,13.601471,13.601471,12.165525,11.18034,10.049876,8.0,7.071068,5.09902,4.472136,4.242641,5.09902,8.062258,10.049876,13.038405,15.033296,17.117243,18.248288,19.416488,18.681542,17.720045,15.811388,13.928388,12.165525,14.142136,16.124515,17.117243,16.03122,16.03122,14.0,12.0,10.049876,8.246211,6.708204,6.403124,6.403124,6.708204,7.28011,8.246211,9.486833,9.486833,10.440307,10.440307,11.7047,11.7047,11.401754,10.198039,11.045361,11.0
hoyeon_stand_normal_01,2943,981,98.1053606557377,29.998360745314464,10,0.5404180288314819,0.685865044593811,-0.2180893719196319,0.9999870657920836,0.5357428193092346,0.6956074833869934,-0.2064994871616363,0.9999576807022096,0.5329540371894836,0.6948356032371521,-0.2065066844224929,0.999960958957672,0.5305300951004028,0.6939264535903931,-0.2065258622169494,0.9999629259109496,0.5434083342552185,0.696467399597168,-0.2063808143138885,0.9999414086341858,0.5458102822303772,0.6965907216072083,-0.2063938677310943,0.999938189983368,0.5483141541481018,0.6963818669319153,-0.2063891440629959,0.999937117099762,0.5263707637786865,0.685015857219696,-0.1226016208529472,0.999942183494568,0.5514671206474304,0.6883368492126465,-0.1220268756151199,0.999860405921936,0.5350983738899231,0.6726083159446716,-0.1856301724910736,0.9999849796295166,0.5459906458854675,0.674290657043457,-0.185514897108078,0.999975562095642,0.5075737833976746,0.6085671782493591,-0.0597275495529174,0.999983251094818,0.5720967650413513,0.6082645654678345,-0.0536562763154506,0.9999302625656128,0.4974307715892792,0.5074787139892578,-0.0127735882997512,0.9854047894477844,0.5780994892120361,0.5111788511276245,-0.0103619201108813,0.95123690366745,0.4932950437068939,0.4236384928226471,-0.0796322524547576,0.975948452949524,0.5842209458351135,0.4268724918365478,-0.0761881694197654,0.936988890171051,0.4888287186622619,0.3966578841209411,-0.1003555431962013,0.9521665573120116,0.5876625776290894,0.3996253311634063,-0.0979672595858573,0.894826352596283,0.4929165542125702,0.3960312902927398,-0.1279015690088272,0.9559605121612548,0.5844025015830994,0.3989934027194977,-0.1276083141565323,0.902928352355957,0.4961270987987518,0.4047386944293976,-0.0919916778802871,0.9459860920906068,0.5823049545288086,0.4074323177337646,-0.0896766558289527,0.8936429619789124,0.5211383700370789,0.4302306771278381,-0.0051335338503122,0.9997249245643616,0.5617896914482117,0.4288631081581116,0.0050950623117387,0.9996060132980348,0.5198652744293213,0.2739642262458801,-0.0303161833435297,0.9710958003997804,0.5628288388252258,0.2704710066318512,-0.0193777102977037,0.9490469694137572,0.525999128818512,0.126817837357521,0.070128321647644,0.972363829612732,0.5545713901519775,0.1283669173717498,0.0846398025751113,0.9456658959388732,0.5285700559616089,0.110561266541481,0.073519580066204,0.628682553768158,0.5520080327987671,0.1133680641651153,0.0891125872731208,0.6208806037902832,0.5268385410308838,0.0777790546417236,-0.0364642143249511,0.958035171031952,0.5553598403930664,0.0790071189403534,-0.013484064489603,0.9396695494651794,hoyeon_stand_normal_01,18.248288,19.646883,19.924859,18.384776,15.231546,13.0,9.848858,6.324555,4.0,2.828427,4.0,5.385165,8.062258,10.816654,13.601471,15.811388,18.601075,20.0,20.808652,20.0,18.601075,16.401219,13.453624,9.848858,10.049876,13.416408,14.764823,15.231546,15.524175,14.142136,13.038405,10.0,7.0,3.0,1.0,2.236068,5.830952,7.211103,9.433981,10.0,12.041595,12.727922,12.041595,12.806248,11.661904,10.29563,7.615773,4.472136,4.123106,8.062258,13.0,12.70940175,13.522695,15.221168,15.5565825,16.3478975,16.1597765,15.8783805,15.5622575,15.4486445,15.086678,14.672708,14.3671085,14.5947515,14.7083095,14.1412385,14.579967,13.483466,12.4496405,10.725815,9.47744,8.944272,9.1374645,11.086042,13.988314,16.201667999999998,18.138022,20.2361025,18.13666,19.3483745,20.8985065,19.911987,18.3559225,15.731932,11.531829,7.905125,5.5,4.88998,7.566663,9.949367,12.649111,14.317821,15.198542,16.821658499999998,16.7153025,17.4045245,16.698031999999998,15.840432,14.142136,11.7216745,8.972135999999999,6.889636,7.413437999999999,8.9808765,13.038405,14.637441,15.132746,16.124515,15.6286305,15.033296,14.0,12.0,11.045361,9.5526305,8.062258,6.5,5.09902,5.0,6.117038,7.615773,10.6053185,13.125291,15.811388,18.027756,19.313208,19.911164,20.124612,18.796472,17.0680865,14.011838,13.038405,14.5178345,16.0,17.014693,16.530303,16.0778675,14.035669,13.0192025,10.524938,9.055385,7.615773,6.8071135,6.737096,7.211103,8.062258,9.2155525,9.848858,11.18034,11.18034,12.529964,12.529964,12.529964,12.083046,11.7047,12.369317,12.165525
hoyeon_stand_normal_01,2949,983,98.30537158469946,29.998360745314464,10,0.5404619574546814,0.6858663558959961,-0.2218852788209915,0.9999874830245972,0.5358290076255798,0.695595383644104,-0.2104076892137527,0.9999590516090392,0.5330612659454346,0.6948257684707642,-0.2104141265153885,0.999962329864502,0.5306078195571899,0.6939168572425842,-0.2104322016239166,0.99996417760849,0.5434984564781189,0.6964561939239502,-0.2102759629487991,0.9999431371688844,0.5459519028663635,0.696579098701477,-0.2102884352207183,0.9999401569366456,0.5485190153121948,0.6963698267936707,-0.2102842926979065,0.9999389052391052,0.5265581011772156,0.6850193738937378,-0.1263890117406845,0.9999446868896484,0.5516068935394287,0.6883445978164673,-0.1256231367588043,0.9998648166656494,0.5351396203041077,0.6725991368293762,-0.1893113106489181,0.9999855756759644,0.5460444092750549,0.6742841601371765,-0.1891535818576812,0.9999762177467346,0.5078582167625427,0.6085935235023499,-0.0622118525207042,0.9999836087226868,0.5722443461418152,0.60826176404953,-0.0561633706092834,0.999931275844574,0.4975835382938385,0.5076116919517517,-0.0128411771729588,0.9855194687843324,0.5783233642578125,0.5111809968948364,-0.0115662049502134,0.9515015482902528,0.4939640462398529,0.4236206710338592,-0.0787412673234939,0.975721001625061,0.584406852722168,0.4268437623977661,-0.0775370299816131,0.936516523361206,0.4894324839115143,0.3967236280441284,-0.0988280996680259,0.9516111612319946,0.5878307223320007,0.399608314037323,-0.099191203713417,0.8938995003700256,0.4935110509395599,0.3960926532745361,-0.126696765422821,0.9554919600486756,0.5846459269523621,0.3989560604095459,-0.128965824842453,0.9020885825157166,0.4966413378715515,0.4047565460205078,-0.0911110341548919,0.945443868637085,0.5825687050819397,0.4074089527130127,-0.0910726338624954,0.8927297592163086,0.5213353633880615,0.4308581948280334,-0.0051819016225636,0.9997295141220092,0.562034010887146,0.429269403219223,0.0051388381980359,0.9996100068092346,0.5200278162956238,0.273707628250122,-0.030068514868617,0.971256673336029,0.5629950761795044,0.2709285914897918,-0.0193724408745765,0.9491337537765504,0.5259708762168884,0.1269497871398925,0.071200355887413,0.9726812243461608,0.554595947265625,0.1285035908222198,0.0858854725956916,0.945245623588562,0.5285243391990662,0.1107808127999305,0.0746160671114921,0.6259873509407043,0.5519828796386719,0.1138234138488769,0.0902896970510482,0.6193913817405701,0.5270822644233704,0.07872024923563,-0.0359903536736965,0.9583834409713744,0.5554475784301758,0.0796297192573547,-0.0127982227131724,0.9395737051963806,hoyeon_stand_normal_01,11.853348333333336,9.244721666666669,7.407916,8.486463333333333,9.988871666666666,10.614494666666667,10.177750666666666,9.584834666666668,8.814449666666667,8.451767666666667,9.041938333333334,9.700989333333334,9.751914,10.239121333333332,9.856922,9.762471333333332,10.128388333333334,11.580919666666668,13.638547666666666,16.281701333333334,18.399414333333336,20.282295666666663,21.011461,21.567616,21.113133666666663,20.606283666666663,6.708203999999999,8.382908,9.752937,11.294021,11.843874,12.042802333333332,11.309462666666668,10.176619666666666,9.099235,9.449656333333332,9.466102666666666,8.623810666666667,7.720426,7.133918,6.151208,5.896564000000001,6.714045333333334,8.479068666666667,9.91137,11.290078333333334,12.156149,12.380293,11.72016733333333,12.301782666666668,13.140954,13.3772085,13.5827625,14.2299785,13.383388,13.205943,11.902327,11.4739145,11.2422315,10.366867,9.279437,9.928374,10.1548375,10.1592575,10.264982,10.874754,11.7424,11.426688,12.602565,12.589949999999998,13.46511,13.2418675,13.6597625,14.5963645,15.134858,15.322901,15.6944265,14.8236035,9.554355,10.0,11.1023255,12.1253365,13.405694,13.284677,12.861107,11.1191285,9.9475585,10.181679,11.01146,11.0207975,10.5399175,10.2296805,10.0743865,9.2296685,8.223755,9.8027755,10.328427,11.6276065,12.200877,12.323416,12.444764,12.3519795,12.10053,12.777557,13.2460145,14.591945,15.081564,15.426704,15.3445475,14.5041025,13.2460145,12.0207975,10.408327,8.7169905,7.405125,6.2429435,4.736068,5.04951,6.203659,8.246211,10.975335,13.6589105,16.3239585,18.354649,19.924859,21.0780935,20.9683685,19.46655,17.5028935,14.8440725,12.10356,13.8718035,15.1485295,15.8783805,15.8783805,14.7083095,13.319938,11.109204,9.7087915,7.936254,6.3954835,5.85486,5.828427,6.737096,7.4772075,7.930992,9.5711555,10.1445825,10.848692,11.531829,11.421122,11.531829,11.291047,11.237515,11.631693,11.3536325
hoyeon_stand_normal_01,2952,984,98.40537704918032,29.998360745314464,10,0.5404759049415588,0.6858915686607361,-0.2207744121551513,0.9999874830245972,0.5358805060386658,0.6955975294113159,-0.2094603031873703,0.9999592304229736,0.5331299901008606,0.6948361992835999,-0.2094671726226806,0.999962568283081,0.5306584239006042,0.6939266920089722,-0.2094869911670684,0.9999644160270692,0.5435498356819153,0.6964539289474487,-0.2091731429100036,0.9999433159828186,0.5460208654403687,0.696574866771698,-0.209185779094696,0.9999403953552246,0.5486137270927429,0.6963648796081543,-0.2091815024614334,0.9999390840530396,0.5266552567481995,0.6850548982620239,-0.1263640522956848,0.9999454021453856,0.551679253578186,0.688346266746521,-0.1248696148395538,0.9998653531074524,0.5351459980010986,0.6726052761077881,-0.1885458379983902,0.9999856352806092,0.5460640788078308,0.674282968044281,-0.1881796419620514,0.9999762177467346,0.507918655872345,0.608591616153717,-0.0631804019212722,0.9999836087226868,0.5723272562026978,0.6082599759101868,-0.0561802051961422,0.999931275844574,0.4977361261844635,0.5076149702072144,-0.0143697755411267,0.9854474663734436,0.5784776210784912,0.5111880898475647,-0.0123989460989832,0.9515240788459778,0.494390070438385,0.4235954284667969,-0.0791105329990387,0.9753547310829164,0.5845219492912292,0.4268267452716827,-0.0775398090481758,0.9359424114227296,0.4898947179317474,0.3967526257038116,-0.0989784374833107,0.9508832693099976,0.5879464745521545,0.3996060192584991,-0.0990741401910781,0.8928790092468262,0.4938677847385406,0.3961641192436218,-0.1268562227487564,0.954833686351776,0.5847452282905579,0.3989421427249908,-0.1285153180360794,0.9011344909667968,0.4969296455383301,0.4047695100307464,-0.0914407595992088,0.9446974396705629,0.5826570987701416,0.4073999226093292,-0.0909392163157463,0.8917153477668762,0.5214649438858032,0.4315401017665863,-0.0052136778831481,0.9997289180755616,0.5621668100357056,0.4300076365470886,0.0051691983826458,0.9996083974838256,0.5200930237770081,0.2738993465900421,-0.0306538082659244,0.9707159399986268,0.5630102753639221,0.2717662453651428,-0.0192867796868085,0.948341965675354,0.5259737968444824,0.1270768493413925,0.0678923279047012,0.9723395705223083,0.5545963048934937,0.1287284344434738,0.08364088088274,0.9443899393081664,0.5285025835037231,0.1111659631133079,0.0709833577275276,0.6218128204345703,0.5519867539405823,0.1142699792981147,0.0876150801777839,0.6165274977684021,0.5271453857421875,0.0789515152573585,-0.0400295071303844,0.9579076766967772,0.555415689945221,0.0798699334263801,-0.0160321202129125,0.9388330578804016,hoyeon_stand_normal_01,17.464249,17.720045,18.027756,16.155494,14.317821,11.18034,8.544004,6.324555,3.162278,2.236068,5.09902,6.708204,9.433981,11.661904,14.422205,16.643317,19.416488,21.095023,21.633308,21.095023,20.248457,18.027756,14.21267,10.816654,10.049876,12.649111,15.811388,15.524175,16.124515,15.033296,13.0,10.0,7.0,4.0,1.414214,2.236068,5.0,7.81025,8.602325,10.0,10.816654,12.529964,12.529964,12.083046,11.7047,10.440307,8.062258,5.0,1.414214,3.605551,7.071068,12.0,12.649111,15.231546,15.652476,16.124515,15.264338,15.620499,14.866069,14.866069,15.0,14.422205,13.892444,14.317821,14.317821,13.928388,13.601471,12.369317,12.165525,10.0,9.055385,8.062258,9.219544,9.848858,12.369317,14.035669,16.03122,18.027756,16.155494,17.492856,19.209373,17.691806,16.643317,13.928388,11.18034,8.062258,5.0,5.0,7.211103,9.219544,11.18034,12.649111,13.341664,14.142136,15.033296,15.033296,14.0,13.0,12.0,10.049876,7.28011,5.656854,7.28011,9.055385,13.416408,15.231546,15.231546,15.652476,15.231546,14.764823,13.892444,13.038405,10.816654,9.219544,7.81025,6.708204,5.385165,5.0,6.324555,7.81025,10.630146,13.453624,16.278821,18.439089,19.209373,20.808652,20.248457,19.723083,17.0,14.764823,12.206556,13.601471,15.620499,15.620499,16.278821,14.866069,13.453624,12.041595,10.0,8.062258,7.071068,6.0,7.28011,7.615773,8.062258,9.433981,9.433981,10.816654,11.661904,11.661904,12.529964,11.661904,11.661904,12.206556,12.041595,11.401754
hoyeon_stand_normal_01,2955,985,98.5053825136612,29.998360745314464,10,0.5404922366142273,0.6859367489814758,-0.2216081619262695,0.999987542629242,0.5359278917312622,0.6956108808517456,-0.2102211862802505,0.9999594688415528,0.5331916809082031,0.6948612928390503,-0.2102282345294952,0.9999628067016602,0.5307047367095947,0.6939506530761719,-0.2102471888065338,0.9999646544456482,0.5435971617698669,0.6964592933654785,-0.2099653929471969,0.9999434351921082,0.5460828542709351,0.6965759992599487,-0.2099789232015609,0.9999406337738036,0.5486948490142822,0.6963614821434021,-0.2099762558937072,0.9999392032623292,0.5267461538314819,0.6850878000259399,-0.1269023865461349,0.9999459385871888,0.5517483949661255,0.6883463263511658,-0.125540405511856,0.999865710735321,0.5351559519767761,0.6726341843605042,-0.1893203407526016,0.999985694885254,0.5460845828056335,0.6742940545082092,-0.1889937669038772,0.9999762177467346,0.5079458355903625,0.6085674166679382,-0.0633528158068656,0.9999836087226868,0.5723938345909119,0.608253538608551,-0.0571711026132106,0.9999311566352844,0.4978898763656616,0.507542610168457,-0.014174030162394,0.9853562116622924,0.5786375403404236,0.5112034678459167,-0.0131363775581121,0.9518173933029176,0.4946253895759582,0.4235364496707916,-0.0789137408137321,0.9750301837921144,0.5846215486526489,0.4268221259117126,-0.0780265405774116,0.9358196258544922,0.4901459813117981,0.3967601060867309,-0.098573975265026,0.9502382874488832,0.5880069136619568,0.3996051847934723,-0.0994923114776611,0.8925142288208008,0.4940685629844665,0.3961681723594665,-0.1264691054821014,0.9542645812034608,0.5848032236099243,0.3989392220973968,-0.1287863403558731,0.9008111357688904,0.4971004128456116,0.4047709107398987,-0.0912372767925262,0.9440443515777588,0.5827397108078003,0.4073973298072815,-0.0913508981466293,0.8913421034812927,0.5214810371398926,0.431715726852417,-0.0051863989792764,0.9997290968894958,0.562239408493042,0.430185854434967,0.0051402826793491,0.999607503414154,0.520095944404602,0.2741712927818298,-0.030693557113409,0.9701637625694276,0.5629845857620239,0.2726245522499084,-0.0193347390741109,0.947501301765442,0.5259256958961487,0.1271860599517822,0.0680116042494773,0.9720102548599244,0.5545791983604431,0.1290023624897003,0.0836596563458442,0.943477213382721,0.528437614440918,0.1116652339696884,0.0711636841297149,0.6182069182395935,0.5519652962684631,0.1147840619087219,0.0876632556319236,0.6133748888969421,0.5271856188774109,0.0794915929436683,-0.0397637002170085,0.9575024247169496,0.5553386211395264,0.08023152500391,-0.0160342883318662,0.9380954504013062,hoyeon_stand_normal_01,17.029386,19.026298,18.11077,17.117243,14.317821,12.165525,8.062258,5.0,3.0,2.0,3.605551,6.403124,8.485281,10.630146,14.21267,15.620499,18.439089,19.849433,20.615528,19.849433,19.209373,17.204651,13.892444,11.18034,10.440307,13.038405,14.866069,14.866069,15.0,13.892444,12.083046,9.486833,6.324555,3.162278,1.0,3.605551,6.324555,7.615773,9.848858,10.29563,11.661904,13.038405,12.806248,13.453624,12.727922,10.630146,7.81025,5.0,1.0,3.162278,8.246211,11.401754,14.764823,15.811388,16.401219,17.029386,16.970563,17.029386,16.401219,15.264338,15.652476,15.231546,14.866069,14.56022,14.317821,14.142136,14.142136,13.038405,12.0,11.18034,9.486833,8.602325,9.433981,10.440307,13.038405,16.0,19.026298,20.024984,17.464249,19.026298,20.024984,19.416488,17.088007,14.422205,10.630146,6.324555,4.472136,5.09902,8.246211,11.661904,13.453624,14.866069,16.401219,17.492856,17.492856,17.888544,17.464249,16.155494,13.928388,12.083046,9.219544,8.062258,9.0,10.440307,18.35756,16.124515,13.416408,11.7047,10.198039,10.0,10.198039,12.369317,13.341664,15.297059,16.124515,17.029386,18.0,19.104973,19.416488,19.646883,18.384776,17.464249,15.231546,12.083046,9.219544,7.071068,8.485281,11.661904,14.317821,17.464249,9.486833,8.062258,6.082763,7.211103,8.602325,11.661904,14.764823,17.0,17.492856,18.027756,18.601075,17.804494,15.620499,14.142136,13.453624,12.727922,11.313708,11.401754,10.816654,11.661904,12.083046,13.928388,16.155494,17.464249,17.888544,18.788294
hoyeon_stand_normal_01,2958,986,98.60538797814208,29.998360745314464,10,0.5405074954032898,0.6859531998634338,-0.2237114012241363,0.9999877214431764,0.5359651446342468,0.6956151127815247,-0.2124537378549575,0.9999600648880004,0.5332395434379578,0.6948724985122681,-0.2124600708484649,0.999963402748108,0.5307436585426331,0.6939607262611389,-0.2124787122011184,0.9999651908874512,0.5436325073242188,0.6964609026908875,-0.212146058678627,0.9999441504478456,0.5461283326148987,0.696575939655304,-0.2121583819389343,0.9999414086341858,0.548751175403595,0.6963583827018738,-0.2121541649103164,0.9999399185180664,0.5268121957778931,0.6851006150245667,-0.1294793039560318,0.9999470114707948,0.5518115758895874,0.6883454322814941,-0.1278872638940811,0.9998674988746644,0.5351703763008118,0.6726374626159668,-0.1915289014577865,0.999985933303833,0.5461052656173706,0.6742929816246033,-0.1911389976739883,0.9999764561653136,0.5079630017280579,0.6085630655288696,-0.065847173333168,0.9999836683273317,0.572464644908905,0.6082338094711304,-0.0588395372033119,0.9999313950538636,0.4979912936687469,0.5075274109840393,-0.0154842045158147,0.9853475093841552,0.5787745118141174,0.5112081170082092,-0.0141741773113608,0.9521844983100892,0.4948651492595672,0.4235230088233948,-0.0791009217500686,0.974809467792511,0.5847340226173401,0.4267551600933075,-0.07852353900671,0.93572998046875,0.4903669953346252,0.3967766463756561,-0.0985988900065422,0.9497525095939636,0.5880754590034485,0.3995768427848816,-0.0997495576739311,0.8921921849250793,0.4943004250526428,0.3961805701255798,-0.1264856606721878,0.9538238048553468,0.5848475098609924,0.3988938927650451,-0.1289942115545272,0.9005141258239746,0.4973026812076568,0.4047737121582031,-0.0913784056901931,0.943551778793335,0.5827919244766235,0.4073662161827087,-0.0918044745922088,0.8910176753997803,0.5214911103248596,0.4319866299629211,-0.0051934081129729,0.9997292757034302,0.5622674226760864,0.4304609000682831,0.0051464010030031,0.9996066689491272,0.5200917720794678,0.2747482061386108,-0.031203918159008,0.9695730805397034,0.5629692673683167,0.2732846438884735,-0.019091211259365,0.946713387966156,0.5259149074554443,0.1273147612810135,0.0666354373097419,0.9716421961784364,0.5545797944068909,0.1291864961385727,0.0825315490365028,0.9427639245986938,0.5284261107444763,0.1120322197675705,0.0696890279650688,0.6144953966140747,0.5519636869430542,0.1150244250893592,0.0863189175724983,0.6108732223510742,0.5272489190101624,0.0794669240713119,-0.0414162911474704,0.9570456147193908,0.5553302764892578,0.0802302956581115,-0.017874252051115,0.9374853372573853,hoyeon_stand_normal_01,18.0,19.026298,18.11077,17.262677,15.297059,12.369317,9.219544,7.071068,4.0,1.414214,3.162278,5.0,7.211103,9.433981,12.529964,14.764823,17.0,18.35756,19.235384,19.235384,17.888544,15.231546,12.649111,9.0,8.602325,10.29563,14.142136,14.0,14.035669,13.152946,12.369317,9.486833,6.324555,3.605551,1.0,2.236068,5.0,6.403124,8.485281,9.899495,10.630146,12.041595,11.401754,12.206556,10.816654,9.848858,7.615773,5.09902,1.0,3.605551,7.28011,12.165525,14.3972285,14.1038665,13.782885,13.17121,12.176145,11.988784,11.421773,10.976193,10.5130125,9.963013,10.464194,10.604249,10.5160905,11.555994,11.8342755,12.506402,13.2319,13.6367315,13.218564,13.5570865,14.389233999999998,15.002857,15.697982499999998,16.227352500000002,16.113349499999998,15.830952,10.6023255,10.6066015,12.061553,13.153226,13.6918185,13.571068,12.305048,10.7286505,9.3194235,9.6213205,10.8789545,11.2095965,10.764214,10.966797,9.9981555,9.958217,8.983579500000001,10.0,11.36304,11.7552745,12.331387,12.554364,12.43601,12.035534,12.531129,13.2764725,14.035669,15.132746,16.124515,16.124515,16.124515,16.124515,14.035669,13.0,11.045361,10.049876,8.062258,7.0,5.09902,5.0,5.830952,8.544004,11.401754,14.142136,16.278821,18.439089,20.880613,21.18962,21.540659,19.697716,17.464249,14.764823,13.038405,15.033296,17.117243,17.262677,17.262677,16.278821,14.317821,13.152946,10.049876,9.0,7.28011,7.211103,7.071068,7.211103,8.944272,9.848858,10.29563,11.18034,12.529964,12.529964,13.038405,12.529964,12.083046,12.083046,12.369317,12.165525
hoyeon_stand_normal_01,2961,987,98.70539344262296,29.998360745314464,10,0.5405376553535461,0.6860042214393616,-0.2258031219244003,0.9999879598617554,0.5360186100006104,0.69562828540802,-0.2144841849803924,0.999960958957672,0.5333032011985779,0.694893479347229,-0.2144900113344192,0.9999642372131348,0.5307919383049011,0.6939783096313477,-0.2145089209079742,0.999966025352478,0.5436862707138062,0.69647216796875,-0.2141557335853576,0.999945342540741,0.5461907982826233,0.6965839266777039,-0.214168980717659,0.9999427199363708,0.5488227009773254,0.6963587999343872,-0.2141650319099426,0.9999411702156068,0.5268675684928894,0.6851129531860352,-0.1309965699911117,0.999948501586914,0.5518761873245239,0.6883435249328613,-0.1293416172266006,0.9998704791069032,0.5351924300193787,0.6726575493812561,-0.1934238821268081,0.9999862313270568,0.5461449027061462,0.6743000149726868,-0.1930152773857116,0.999976933002472,0.5079882144927979,0.6085467338562012,-0.0664016380906105,0.9999837279319764,0.5725350975990295,0.6082121133804321,-0.0596453621983528,0.9999319314956664,0.4981015622615814,0.5074869394302368,-0.0152697237208485,0.9853519201278688,0.5788832306861877,0.511207103729248,-0.0146414041519165,0.9524158239364624,0.4949670135974884,0.4235056340694427,-0.0788729488849639,0.9745427370071412,0.5848187804222107,0.42666956782341,-0.0795391350984573,0.9353787302970886,0.4904660582542419,0.3967841863632202,-0.0982921794056892,0.949173390865326,0.5881327390670776,0.3995012938976288,-0.1008291319012641,0.891477644443512,0.4944261312484741,0.3961869776248932,-0.1262547969818115,0.9533042311668396,0.5848729610443115,0.3987981975078583,-0.1302249282598495,0.8998456001281738,0.4974238574504852,0.4047755897045135,-0.0911652222275734,0.942937433719635,0.5828198790550232,0.4072982370853424,-0.0928796455264091,0.8903001546859741,0.5214936137199402,0.4322566986083984,-0.005193717777729,0.9997297525405884,0.5622907280921936,0.4306026101112366,0.0051465299911797,0.9996071457862854,0.5200831294059753,0.2747978866100311,-0.0315624512732028,0.9691833257675172,0.5629876852035522,0.2733607888221741,-0.0189219191670417,0.9462181329727172,0.5259175896644592,0.1273199617862701,0.0663045495748519,0.9715001583099364,0.5545814633369446,0.1291486173868179,0.0818808898329734,0.9425475001335144,0.5284250378608704,0.1120483204722404,0.0693358480930328,0.6124203205108643,0.551957905292511,0.1145500019192695,0.0855000540614128,0.6100903749465942,0.527375340461731,0.0789943560957908,-0.0423196628689765,0.9569070935249328,0.5553439855575562,0.0800542160868644,-0.0197273362427949,0.9373231530189514,hoyeon_stand_normal_01,8.062258,4.0,3.162278,6.708204,9.486833,10.77033,11.7047,12.649111,12.649111,12.369317,11.401754,10.198039,10.0,8.062258,6.324555,5.656854,7.28011,9.219544,13.0,17.0,21.095023,24.186773,25.942244,25.942244,24.596748,2.0,3.605551,5.830952,8.602325,12.206556,13.601471,14.21267,14.866069,14.142136,13.453624,12.806248,11.401754,8.602325,7.211103,4.472136,2.236068,3.605551,6.708204,8.944272,11.7047,14.56022,16.278821,17.117243,16.03122,14.0,11.702312499999998,13.100597,13.038405,14.035669,14.142136,14.317821,14.56022,13.928388,14.317821,13.892444,13.601471,13.453624,13.453624,13.453624,12.806248,13.601471,13.038405,12.529964,11.18034,10.440307,10.049876,9.055385,9.848858,11.401754,13.453624,15.0,16.643317,18.867962,16.552945,18.35756,19.209373,18.384776,16.643317,14.317821,10.198039,7.071068,4.242641,4.123106,6.403124,8.544004,10.440307,12.041595,13.0,14.035669,15.132746,15.297059,14.56022,12.369317,11.401754,9.219544,7.0,5.830952,5.830952,9.055385,13.453624,14.21267,15.0,15.620499,14.866069,14.142136,13.453624,12.041595,10.630146,9.219544,7.81025,5.656854,4.472136,4.123106,5.385165,7.211103,10.816654,12.206556,15.811388,18.027756,19.723083,20.124612,20.615528,19.313208,17.088007,13.928388,13.601471,15.0,16.643317,16.643317,17.492856,16.124515,14.764823,13.038405,10.816654,7.81025,7.211103,6.324555,7.0,7.071068,8.062258,9.219544,9.219544,10.440307,11.18034,11.18034,11.18034,11.18034,11.401754,11.7047,11.18034,11.401754
hoyeon_stand_normal_01,2964,988,98.80539890710382,29.998360745314464,10,0.5405959486961365,0.686050295829773,-0.2238394618034362,0.9999880194664,0.5360992550849915,0.6956459879875183,-0.212503120303154,0.9999611973762512,0.533391535282135,0.6949229836463928,-0.2125096172094345,0.999964475631714,0.5308583378791809,0.6940065026283264,-0.2125283330678939,0.9999662637710572,0.5437663793563843,0.6964825391769409,-0.2121178805828094,0.9999456405639648,0.5462725758552551,0.6965895295143127,-0.21213099360466,0.9999430179595948,0.5489088892936707,0.6963573098182678,-0.2121277153491974,0.9999414682388306,0.5269184708595276,0.6851370334625244,-0.1293284296989441,0.9999491572380066,0.5519185662269592,0.6883416175842285,-0.1274144798517227,0.9998712539672852,0.5352432131767273,0.6726809740066528,-0.1916057020425796,0.9999863505363464,0.5462145209312439,0.6743118762969971,-0.1911182552576065,0.9999770522117616,0.5079987645149231,0.6085466146469116,-0.0656384974718093,0.9999836683273317,0.5725738406181335,0.6081985235214233,-0.0583387687802314,0.9999319911003112,0.4981473386287689,0.5074862837791443,-0.0151339611038565,0.9853176474571228,0.5789937376976013,0.5113012790679932,-0.014004822820425,0.9524032473564148,0.4950553774833679,0.4235042631626129,-0.0787488147616386,0.9741671681404114,0.5849064588546753,0.4267452955245971,-0.0791592746973037,0.9347442388534546,0.4905961751937866,0.3967924118041992,-0.0981965363025665,0.948447287082672,0.5882146954536438,0.3995278179645538,-0.1006591692566871,0.8903722167015076,0.4945599734783172,0.3962183594703674,-0.1260748505592346,0.9526411890983582,0.5849478244781494,0.3988480865955353,-0.1299439370632171,0.8988134264945984,0.4975380599498749,0.4048015475273132,-0.0910171419382095,0.9421767592430116,0.5828933119773865,0.4073474705219269,-0.0924707204103469,0.8892779350280762,0.5214691758155823,0.4323810040950775,-0.0053465934470295,0.9997291564941406,0.5622937083244324,0.4306385219097137,0.0052991090342402,0.9996062517166138,0.5200963616371155,0.274809181690216,-0.0316328145563602,0.9687389135360718,0.5629960298538208,0.2733482420444488,-0.0180114693939685,0.9455407857894896,0.525926947593689,0.1273282319307327,0.0664447471499443,0.9712628126144408,0.5546029806137085,0.1291490346193313,0.081942468881607,0.9421727061271667,0.5284151434898376,0.1121251136064529,0.0695084631443023,0.6098147034645081,0.5519581437110901,0.1144644170999527,0.0855129137635231,0.609237790107727,0.5275906920433044,0.0788479298353195,-0.0420033708214759,0.9566425681114196,0.5555974841117859,0.0800381749868393,-0.0195012185722589,0.9369999170303344,hoyeon_stand_normal_01,7.0,3.162278,2.0,4.242641,7.211103,10.0,10.816654,11.661904,11.661904,11.661904,11.18034,10.77033,9.486833,9.219544,8.062258,6.082763,5.0,6.708204,9.0,12.165525,15.524175,19.924859,22.135944,24.041631,25.0,22.561028,2.236068,2.828427,5.830952,8.062258,10.29563,11.661904,13.601471,14.21267,13.453624,12.727922,12.041595,10.0,7.211103,5.830952,3.605551,2.0,1.0,4.242641,6.708204,9.848858,11.7047,14.56022,15.524175,16.278821,16.124515,14.035669,16.124515,14.317821,13.0,12.529964,10.816654,9.899495,9.433981,7.615773,8.246211,7.0,7.28011,6.708204,7.81025,9.219544,10.29563,11.7047,13.601471,15.524175,16.492423,17.464249,18.439089,18.439089,17.464249,15.524175,13.341664,10.440307,5.0,3.162278,4.472136,6.082763,9.848858,11.661904,13.453624,14.866069,15.0,13.892444,12.083046,10.77033,8.246211,6.082763,3.0,1.414214,1.414214,4.472136,7.28011,10.049876,13.038405,15.033296,17.0,18.0,19.0,18.0,14.56022,14.866069,15.811388,15.811388,15.811388,14.56022,14.317821,12.165525,11.045361,9.055385,8.062258,6.324555,5.830952,5.656854,6.708204,8.544004,11.401754,14.317821,16.278821,18.439089,20.615528,20.880613,21.18962,19.697716,17.464249,15.231546,11.401754,13.341664,14.317821,15.132746,15.132746,14.035669,13.152946,11.18034,10.198039,8.544004,7.211103,6.403124,6.708204,7.28011,8.246211,9.219544,10.198039,10.198039,11.18034,11.401754,11.401754,11.401754,12.369317,12.041595,12.041595,12.041595
hoyeon_stand_normal_01,2967,989,98.9054043715847,29.998360745314464,10,0.5406319499015808,0.6860530376434326,-0.2242503613233566,0.9999881982803344,0.5361462831497192,0.6956475973129272,-0.2129841446876526,0.999961793422699,0.5334383249282837,0.6949291825294495,-0.2129893898963928,0.9999650716781616,0.5308960676193237,0.6940156817436218,-0.2130065858364105,0.99996680021286,0.543818473815918,0.6964818239212036,-0.212525799870491,0.9999464154243468,0.5463180541992188,0.6965881586074829,-0.2125390321016311,0.9999438524246216,0.5489566326141357,0.6963494420051575,-0.2125352025032043,0.9999423027038574,0.52693110704422,0.6851539611816406,-0.1302220970392227,0.9999501705169678,0.5519428849220276,0.6883333921432495,-0.1279970407485962,0.9998729825019836,0.5352651476860046,0.6726828813552856,-0.1921969950199127,0.9999865889549256,0.5462514758110046,0.6743116974830627,-0.1916215270757675,0.9999773502349854,0.5079977512359619,0.6085442900657654,-0.0670690834522247,0.9999837279319764,0.5725911855697632,0.6081952452659607,-0.0588438436388969,0.9999321699142456,0.4981489181518554,0.5074868202209473,-0.0170362945646047,0.985451638698578,0.5790765881538391,0.5113933086395264,-0.0143965380266308,0.952661633491516,0.4950472712516784,0.4234813451766968,-0.0802649706602096,0.974193513393402,0.5849202275276184,0.4267699718475342,-0.0790127888321876,0.9346264004707336,0.4906002581119537,0.3967986404895782,-0.099816121160984,0.9483802318572998,0.5882173776626587,0.3995558023452759,-0.1003958210349083,0.8900018930435181,0.4945584833621979,0.3962241411209106,-0.1275170445442199,0.9525846838951112,0.5849544405937195,0.3988780975341797,-0.1296895891427993,0.8984737396240234,0.497540146112442,0.4048016667366028,-0.092462383210659,0.9421451091766356,0.5829044580459595,0.4073609411716461,-0.092326246201992,0.888955295085907,0.5214710235595703,0.4325447380542755,-0.0053613479249179,0.9997284412384032,0.562302827835083,0.4308479130268097,0.0053128059953451,0.9996044635772704,0.5201212167739868,0.2749749720096588,-0.0315526388585567,0.9682980179786682,0.5629889369010925,0.2735778093338012,-0.0175255313515663,0.9450545907020568,0.5259248614311218,0.1275333613157272,0.066557765007019,0.9710532426834106,0.554601788520813,0.1292758733034134,0.0818457454442977,0.9419231414794922,0.5284060835838318,0.1125413328409195,0.0696440264582634,0.607642412185669,0.5519552826881409,0.1147713661193847,0.0853886157274246,0.6082736253738403,0.5276314616203308,0.0789867416024208,-0.0417412929236888,0.956404745578766,0.5555704236030579,0.0800527110695838,-0.0196350421756505,0.9367958307266236,hoyeon_stand_normal_01,10.816654,5.0,1.0,5.09902,9.0,12.041595,14.035669,15.033296,16.124515,16.124515,15.297059,14.317821,13.601471,13.0,10.816654,8.485281,7.615773,9.055385,11.661904,16.278821,21.260292,27.018512,30.610456,32.649655,33.301652,31.827661,3.162278,4.123106,8.062258,11.18034,14.142136,17.029386,19.0,19.026298,19.104973,18.11077,16.278821,14.56022,11.401754,8.544004,5.385165,2.236068,1.0,4.123106,8.062258,11.661904,15.811388,19.209373,20.518285,21.931712,21.260292,18.601075,14.866069,13.341664,12.041595,11.0,10.198039,9.486833,8.062258,7.071068,7.211103,6.324555,7.071068,8.062258,8.246211,9.848858,11.661904,12.806248,15.0,16.278821,17.691806,19.104973,19.104973,19.104973,17.691806,16.278821,14.866069,12.041595,3.605551,2.236068,4.123106,6.708204,9.899495,12.206556,13.892444,15.231546,15.524175,14.317821,13.038405,11.0,9.055385,7.071068,4.472136,2.236068,1.414214,3.0,6.082763,8.246211,11.7047,13.928388,15.231546,16.552945,17.464249,17.464249,14.859632,14.610985,13.8402875,13.5245755,12.52724,11.7426405,11.928093,11.9275295,11.661904,11.9485505,11.137464,10.6345965,11.3409725,10.893192,12.444272,13.071696,13.9716975,14.920998,15.3021705,14.8378455,14.414488,13.960837,14.011898,15.2326455,15.3245555,15.4486445,11.1201145,11.01146,11.5112455,11.9617135,12.849351,12.7311885,13.2707775,13.383388,12.7620875,12.488852,11.744962,11.1778875,11.016648,11.031129,10.1231055,10.6305695,10.0990195,10.59017,10.610455,11.302916,11.9351125,12.407318,13.515797,13.9403285,15.0440035,14.6465095
hoyeon_stand_normal_01,2970,990,99.00540983606555,29.998360745314464,10,0.5406741499900818,0.6860464215278625,-0.2231577336788177,0.9999881982803344,0.5361901521682739,0.6956464052200317,-0.2119907587766647,0.999961793422699,0.5334774851799011,0.6949294805526733,-0.2119963765144348,0.9999650716781616,0.5309255123138428,0.6940170526504517,-0.2120129019021988,0.99996680021286,0.5438626408576965,0.6964765191078186,-0.2113014161586761,0.9999464750289916,0.5463526844978333,0.6965806484222412,-0.2113146483898162,0.9999439120292664,0.5489900708198547,0.6963322758674622,-0.2113107591867447,0.9999423623085022,0.5269328355789185,0.6851576566696167,-0.1299136728048324,0.9999502897262572,0.5519542694091797,0.6883214116096497,-0.1271834522485733,0.9998727440834044,0.5352879762649536,0.6726700663566589,-0.1916375607252121,0.9999865889549256,0.5462840795516968,0.6742913126945496,-0.190767616033554,0.9999772906303406,0.5079831480979919,0.608533501625061,-0.066259317100048,0.9999836087226868,0.5726056694984436,0.6081673502922058,-0.0587535090744495,0.999931573867798,0.498147040605545,0.5074803829193115,-0.0180212594568729,0.9854957461357116,0.5791057348251343,0.5113797187805176,-0.0140166897326707,0.952557384967804,0.4950352311134338,0.4234374761581421,-0.0819397419691085,0.9741774797439576,0.5849297642707825,0.4267690479755401,-0.0788915082812309,0.9344985485076904,0.4905954599380493,0.3967788517475128,-0.1018549427390098,0.9482957124710084,0.5882244110107422,0.3995580971240997,-0.1003345251083374,0.8897876143455505,0.4945607483386993,0.3961946666240692,-0.1291573792695999,0.9524977803230286,0.584965705871582,0.3988811373710632,-0.1293650269508361,0.8982837200164795,0.4975458979606628,0.4047830700874328,-0.0940334573388099,0.9420881271362304,0.5829158425331116,0.4073597192764282,-0.0922784507274627,0.888748824596405,0.5214719176292419,0.4325961768627167,-0.0053754393011331,0.9997256398200988,0.5623054504394531,0.4309065043926239,0.0053261131979525,0.9995999932289124,0.520144522190094,0.2751515209674835,-0.0315466113388538,0.9676905870437622,0.5629819631576538,0.2735808193683624,-0.0175045225769281,0.9443126320838928,0.5259475708007812,0.1277826726436615,0.0665550380945205,0.9705981016159058,0.5546046495437622,0.1292809098958969,0.0810913890600204,0.9414050579071044,0.5284236073493958,0.1129309684038162,0.0696567296981811,0.6051962375640869,0.5519586801528931,0.1149844974279403,0.0845938101410865,0.6068187952041626,0.5276975035667419,0.0792041942477226,-0.0415880568325519,0.9558030366897584,0.5555691123008728,0.0800829753279686,-0.0199230592697858,0.9362399578094482,hoyeon_stand_normal_01,18.248288,20.099751,20.0,18.027756,16.03122,13.038405,10.0,7.071068,5.385165,3.605551,4.123106,6.708204,8.602325,10.630146,13.453624,15.556349,18.384776,19.79899,20.518285,20.518285,19.104973,17.029386,13.601471,10.77033,9.055385,11.661904,15.0,16.278821,16.278821,15.0,13.892444,11.18034,7.615773,4.472136,1.414214,2.236068,4.123106,6.324555,8.246211,9.486833,10.77033,12.083046,12.529964,12.206556,11.401754,10.630146,7.81025,4.242641,1.0,3.605551,8.544004,12.649111,14.21267,13.038405,12.083046,10.198039,9.0,9.055385,8.544004,7.211103,7.071068,7.211103,7.28011,8.062258,9.0,9.219544,10.77033,12.083046,14.764823,16.124515,18.027756,18.027756,19.416488,19.416488,18.027756,17.204651,14.422205,11.661904,4.0,2.236068,4.472136,7.81025,11.18034,12.369317,15.132746,16.0,16.03122,15.297059,13.601471,11.7047,9.848858,7.211103,5.0,2.236068,1.414214,3.162278,5.830952,8.602325,11.401754,14.21267,16.278821,16.970563,17.691806,16.278821,16.552945,14.317821,13.0,12.369317,10.0,10.049876,10.440307,11.7047,13.601471,14.56022,16.492423,17.262677,18.11077,19.026298,19.235384,19.416488,18.027756,17.088007,14.317821,11.7047,8.062258,6.324555,7.81025,10.77033,14.866069,17.720045,9.219544,8.0,7.28011,7.071068,9.433981,12.083046,14.317821,16.155494,17.888544,17.888544,18.35756,18.027756,15.811388,15.0,12.806248,12.806248,11.401754,10.816654,10.29563,10.77033,12.649111,13.601471,15.811388,16.763055,17.088007,18.384776
hoyeon_stand_normal_01,2973,991,99.10541530054644,29.998360745314464,10,0.540763795375824,0.6860400438308716,-0.2227013707160949,0.9999881982803344,0.5362676382064819,0.6956450343132019,-0.2113672345876693,0.999961793422699,0.5335450768470764,0.6949297189712524,-0.2113734632730484,0.9999650716781616,0.530973494052887,0.6940178275108337,-0.2113902270793914,0.9999668598175048,0.5439416766166687,0.6964719891548157,-0.2108929455280304,0.9999465346336364,0.5464175343513489,0.6965740919113159,-0.2109057456254959,0.9999439716339112,0.5490493774414062,0.6963152885437012,-0.2109017670154571,0.9999424815177916,0.5269352793693542,0.6851598620414734,-0.1291279643774032,0.9999504685401917,0.5519590377807617,0.6883097290992737,-0.1266981363296508,0.9998728036880492,0.53533935546875,0.6726515889167786,-0.1908920854330063,0.9999866485595704,0.5463606715202332,0.6742761731147766,-0.1902789026498794,0.9999772906303406,0.5079704523086548,0.6085319519042969,-0.0668874606490135,0.9999836087226868,0.5726104974746704,0.6081450581550598,-0.058361992239952,0.9999314546585084,0.4981366693973541,0.5074846744537354,-0.0202708337455987,0.9856149554252625,0.5791072249412537,0.5113605856895447,-0.0137380994856357,0.9523708820343018,0.4949909150600433,0.423429936170578,-0.0839044228196144,0.9742575287818908,0.5849303603172302,0.4267255067825317,-0.078524112701416,0.9344507455825806,0.4905804991722107,0.3967823982238769,-0.1040310636162757,0.9484061002731324,0.5882278680801392,0.3995321691036224,-0.0997061729431152,0.8896625638008118,0.4945538938045501,0.3961992263793945,-0.1310531944036483,0.952591359615326,0.5849686861038208,0.3988505899906158,-0.1285040229558944,0.898161768913269,0.4975441396236419,0.404788613319397,-0.0958970114588737,0.9422537684440612,0.5829182267189026,0.4073157608509063,-0.0917664021253585,0.8886460661888123,0.5214768052101135,0.4326401352882385,-0.0056049926206469,0.9997243285179138,0.5623105764389038,0.4309416115283966,0.0055517447181046,0.9995970129966736,0.5201829075813293,0.2752544283866882,-0.031846597790718,0.9671708345413208,0.5629555583000183,0.2735843658447265,-0.0170253831893205,0.9434706568717957,0.5260021090507507,0.127957284450531,0.0665918290615081,0.9701935052871704,0.5545989871025085,0.1294440031051635,0.0812280625104904,0.9407837390899658,0.5284718871116638,0.1132471337914466,0.0697178542613983,0.6020517349243164,0.5519431829452515,0.1154474318027496,0.0847461596131324,0.6056036949157715,0.5278552770614624,0.0790720358490943,-0.0415195003151893,0.9552059769630432,0.5555675029754639,0.0801575556397438,-0.0192115902900695,0.9356492161750792,hoyeon_stand_normal_01,9.787209,5.43763,1.5,4.081139,7.0725105,10.1178625,11.707339,12.1935125,13.3009075,13.28011,12.8007355,12.0226805,11.066461,10.018099,9.2217495,7.6366805,7.232691,8.2789505,10.6305695,14.4655915,18.722348,23.038405,26.2425765,28.7249805,29.411062,27.2320885,2.236068,4.297621,7.031129,10.3586445,13.1548495,15.0,16.894147,17.173251999999998,17.053206,15.9310905,14.8102425,12.771945,10.3335865,8.335579,5.2420925,2.236068,1.825141,4.561553,8.5731645,11.8731475,15.148815,17.5335575,19.149837,19.42346,18.082879,18.439089,15.297059,14.142136,13.0,11.18034,10.440307,10.29563,9.219544,7.81025,8.062258,7.28011,7.071068,8.062258,8.544004,9.433981,10.0,12.041595,13.453624,15.620499,16.401219,17.204651,18.601075,18.027756,17.204651,15.811388,13.601471,11.401754,4.472136,3.162278,4.0,6.708204,9.219544,12.041595,13.038405,14.317821,13.928388,13.341664,12.041595,11.0,8.062258,6.082763,3.162278,1.414214,2.236068,5.0,7.071068,10.198039,12.369317,15.524175,16.763055,18.027756,18.027756,18.027756,15.811388,15.620499,13.453624,11.313708,10.29563,9.848858,11.401754,12.165525,13.152946,14.317821,15.524175,16.763055,17.464249,18.35756,19.416488,18.439089,18.384776,17.029386,15.0,12.041595,7.81025,6.324555,7.615773,10.630146,13.453624,15.556349,10.0,8.062258,7.071068,8.246211,10.29563,12.206556,14.21267,16.401219,17.204651,18.601075,18.027756,17.0,16.124515,15.231546,13.928388,13.0,11.7047,11.18034,10.816654,11.401754,12.806248,14.142136,15.556349,16.970563,17.691806,17.029386
hoyeon_stand_normal_01,2976,992,99.20542076502733,29.998360745314464,10,0.5408063530921936,0.6860408186912537,-0.2155366390943527,0.9999879598617554,0.5362947583198547,0.695645809173584,-0.2042282968759536,0.9999608993530272,0.5335657000541687,0.694930374622345,-0.2042370438575744,0.9999642968177797,0.5309885740280151,0.6940182447433472,-0.204254001379013,0.9999660849571228,0.5439756512641907,0.6964755058288574,-0.2035647481679916,0.9999454021453856,0.5464379787445068,0.6965781450271606,-0.2035751342773437,0.9999428391456604,0.5490655899047852,0.6963170170783997,-0.2035738974809646,0.999941349029541,0.5269356966018677,0.6851608157157898,-0.1229728907346725,0.9999493360519408,0.5519623160362244,0.6883144974708557,-0.1197394877672195,0.9998703598976136,0.5353708863258362,0.6726503372192383,-0.1841571480035781,0.9999863505363464,0.5464054942131042,0.6742768287658691,-0.1832827180624008,0.9999768733978271,0.5079384446144104,0.6085434556007385,-0.0624330043792724,0.9999834895133972,0.5726137161254883,0.6081424355506897,-0.0539499670267105,0.9999307990074158,0.4981126487255096,0.5075200796127319,-0.0185034573078155,0.985554039478302,0.5791183710098267,0.5113542675971985,-0.0120802046731114,0.952287256717682,0.4948558807373047,0.4235617816448211,-0.0836659967899322,0.974166750907898,0.5849320292472839,0.426723450422287,-0.0765476003289222,0.9343517422676086,0.4905522167682647,0.3968747556209564,-0.1039134189486503,0.9482977390289308,0.5882336497306824,0.3995354175567627,-0.0979792699217796,0.8894933462142944,0.4945273101329803,0.3963046967983246,-0.130834549665451,0.9524786472320556,0.5849721431732178,0.3988535702228546,-0.1264036893844604,0.8979801535606384,0.4975314438343048,0.4048987627029419,-0.0956255048513412,0.9421572089195251,0.582920491695404,0.4073140323162079,-0.0896065309643745,0.8884339928627014,0.5214521288871765,0.4326534867286682,-0.0055540306493639,0.999722957611084,0.5623118877410889,0.4309678673744201,0.0055015380494296,0.9995941519737244,0.5201182961463928,0.2756955325603485,-0.0324529074132442,0.9667922258377076,0.5629263520240784,0.2738068997859955,-0.0175816174596548,0.94295072555542,0.5260239243507385,0.1284888386726379,0.066588170826435,0.9697274565696716,0.5546198487281799,0.1296539604663849,0.0804414302110672,0.9402633905410768,0.5284870266914368,0.1140222921967506,0.0697550997138023,0.5982488393783569,0.5519880056381226,0.1158772483468055,0.084023080766201,0.6035918593406677,0.5279632210731506,0.0789685994386673,-0.0414934568107128,0.954573929309845,0.5555628538131714,0.0801718905568122,-0.0198172535747289,0.9350950121879578,hoyeon_stand_normal_01,8.062258,5.385165,3.162278,4.472136,7.071068,9.219544,10.630146,11.401754,12.206556,12.206556,11.661904,11.18034,9.848858,9.486833,8.062258,7.0,6.324555,6.403124,8.246211,12.041595,15.033296,19.235384,22.203603,23.194827,24.083189,23.021729,2.0,2.828427,5.385165,8.246211,10.198039,12.369317,13.601471,13.928388,14.317821,13.892444,12.206556,10.816654,8.602325,6.403124,4.242641,1.414214,1.0,4.242641,6.403124,9.433981,12.529964,15.231546,16.155494,16.763055,16.492423,14.142136,14.317821,16.124515,17.492856,16.643317,17.204651,16.401219,15.556349,15.620499,15.0,15.264338,14.764823,14.317821,14.317821,14.866069,14.56022,13.341664,13.152946,12.0,11.045361,10.77033,11.401754,12.727922,14.422205,17.0,18.788294,21.023796,17.720045,19.235384,20.0,19.235384,18.027756,14.764823,11.313708,7.211103,4.123106,4.472136,7.071068,9.433981,12.041595,13.453624,14.422205,15.652476,15.231546,15.811388,15.811388,13.601471,11.401754,9.848858,7.211103,6.708204,8.0,10.440307,16.124515,13.892444,11.661904,10.77033,8.246211,9.055385,9.055385,10.198039,12.165525,13.152946,14.142136,15.033296,16.0,17.117243,18.439089,18.027756,17.464249,16.124515,13.892444,11.18034,8.544004,6.0,6.403124,8.944272,13.0,14.866069,10.440307,9.055385,7.071068,6.708204,8.485281,10.816654,12.529964,14.764823,16.643317,16.643317,17.204651,16.401219,14.866069,14.142136,12.727922,12.727922,11.313708,10.630146,10.0,10.816654,11.661904,13.0,14.317821,16.155494,16.552945,17.888544
hoyeon_stand_normal_01,2979,993,99.3054262295082,29.998360745314464,10,0.540822446346283,0.6860432624816895,-0.2147807776927948,0.9999877214431764,0.5363013744354248,0.6956459879875183,-0.2035712748765945,0.9999600648880004,0.5335680842399597,0.6949304342269897,-0.203579843044281,0.9999635219573976,0.5309909582138062,0.6940180063247681,-0.2035968750715255,0.9999653100967408,0.5439910292625427,0.696476399898529,-0.2029018700122833,0.9999444484710692,0.5464479327201843,0.6965786218643188,-0.2029138654470443,0.9999419450759888,0.5490736365318298,0.6963156461715698,-0.2029143869876861,0.9999405145645142,0.5269284844398499,0.6851590871810913,-0.1223267167806625,0.999948263168335,0.5519649386405945,0.6883143186569214,-0.119030512869358,0.9998688101768494,0.5353755354881287,0.6726489663124084,-0.1833410859107971,0.9999861121177672,0.5464215874671936,0.6742772459983826,-0.1824445724487304,0.9999765753746032,0.5078752636909485,0.6085664629936218,-0.061080414801836,0.999983251094818,0.5726165771484375,0.6081399321556091,-0.0532059445977211,0.9999309182167052,0.4980157017707824,0.5077770948410034,-0.0157486796379089,0.9854273796081544,0.5791327953338623,0.5113459229469299,-0.011344501748681,0.9524123668670654,0.4945408403873443,0.4241297245025635,-0.081214852631092,0.9738577008247375,0.5849230885505676,0.4267283678054809,-0.075851172208786,0.9346016049385072,0.4904764592647552,0.3971970975399017,-0.1014007553458213,0.9478142261505128,0.5882367491722107,0.3995615541934967,-0.0973172113299369,0.8898126482963562,0.4943926930427551,0.3966789245605469,-0.1283558160066604,0.9520300030708312,0.5849722623825073,0.3988766074180603,-0.1257000714540481,0.8982595205307007,0.4974009394645691,0.4052644968032837,-0.0932532250881195,0.9416632652282716,0.5829101204872131,0.40732142329216,-0.0888443812727928,0.8886827230453491,0.5214241147041321,0.4326516389846802,-0.0055204723030328,0.999720573425293,0.5623122453689575,0.430972158908844,0.005468017887324,0.9995914101600648,0.5201047658920288,0.2758054137229919,-0.032950259745121,0.9664317965507508,0.5628699660301208,0.2738034427165985,-0.0179268345236778,0.9423989057540894,0.526033878326416,0.1285945177078247,0.0666189789772033,0.9693148136138916,0.554620623588562,0.1297049075365066,0.0802895352244377,0.9397743940353394,0.5284856557846069,0.1141168922185897,0.0697827786207199,0.5947746634483337,0.5519829988479614,0.1159671396017074,0.083910197019577,0.6021027565002441,0.5280382633209229,0.078912928700447,-0.0414546839892864,0.9539923667907716,0.5555324554443359,0.0801348090171814,-0.0200506169348955,0.9346186518669128,hoyeon_stand_normal_01,9.0,6.082763,2.828427,4.123106,6.708204,8.602325,10.0,10.630146,11.401754,11.313708,11.313708,10.630146,9.219544,8.062258,7.615773,6.082763,5.09902,6.403124,8.544004,12.165525,16.03122,19.0,22.0,24.020824,24.083189,23.194827,2.0,2.828427,5.385165,8.246211,10.440307,12.649111,13.928388,14.317821,14.764823,13.038405,12.206556,10.0,7.81025,6.403124,3.605551,1.414214,1.414214,4.472136,7.615773,10.77033,13.601471,15.524175,17.262677,18.11077,18.027756,16.0,15.652476,17.492856,18.027756,17.204651,17.029386,16.278821,16.278821,15.0,15.264338,14.764823,14.317821,14.866069,14.56022,14.317821,14.142136,13.038405,13.0,12.041595,11.401754,10.29563,9.899495,11.18034,13.601471,15.297059,17.262677,19.235384,16.03122,18.11077,19.646883,18.384776,16.643317,14.142136,10.816654,7.071068,5.0,6.082763,8.246211,10.816654,12.041595,14.21267,14.422205,15.652476,15.231546,15.811388,15.524175,13.601471,11.401754,9.848858,7.81025,6.324555,8.062258,10.77033,13.453624,14.21267,15.0,15.0,14.21267,13.453624,12.727922,12.041595,10.630146,8.602325,7.81025,5.656854,4.472136,4.0,5.385165,8.062258,10.816654,13.601471,15.811388,18.027756,19.235384,20.124612,19.697716,18.384776,17.088007,13.601471,13.453624,15.620499,16.401219,17.204651,17.204651,15.811388,14.422205,12.806248,10.630146,8.485281,8.062258,7.28011,7.0,7.071068,8.246211,9.486833,9.486833,10.440307,11.401754,11.401754,11.401754,11.401754,11.7047,10.77033,11.18034,11.401754
hoyeon_stand_normal_01,2982,994,99.40543169398909,29.998360745314464,10,0.5408340096473694,0.6860433220863342,-0.2104724198579788,0.9999874234199524,0.536304235458374,0.6956451535224915,-0.1992527097463607,0.999959111213684,0.5335713624954224,0.6949282288551331,-0.1992623656988144,0.9999626278877258,0.5309943556785583,0.6940147280693054,-0.1992789953947067,0.9999643564224244,0.5440034866333008,0.6964759826660156,-0.1986628919839859,0.9999431371688844,0.5464540719985962,0.6965780854225159,-0.1986749321222305,0.9999406933784484,0.5490787625312805,0.6963137984275818,-0.1986764371395111,0.999939262866974,0.5269173383712769,0.685146689414978,-0.1176889315247535,0.99994695186615,0.5519672632217407,0.6883130073547363,-0.1147428676486015,0.9998664855957032,0.5353785157203674,0.6726454496383667,-0.1788599491119384,0.9999858736991882,0.5464317202568054,0.6742769479751587,-0.1780572533607483,0.9999762177467346,0.5077947378158569,0.6085856556892395,-0.0556485578417778,0.9999831318855286,0.5726191401481628,0.6081721782684326,-0.0498026721179485,0.9999310374259948,0.4979595839977264,0.5080689787864685,-0.0090420432388782,0.98530250787735,0.57914137840271,0.5113853812217712,-0.0082218497991561,0.9526153802871704,0.4942923784255981,0.4246999025344848,-0.0752572566270828,0.9736416935920716,0.5849167704582214,0.4268169403076172,-0.0735230296850204,0.9349558353424072,0.490393728017807,0.3975761830806732,-0.0955922454595565,0.9474881291389464,0.5882406234741211,0.3996834456920624,-0.0952449217438697,0.8903383612632751,0.4942263662815094,0.3970308601856231,-0.1226048544049263,0.9517349600791932,0.5849742889404297,0.3989853858947754,-0.1237199157476425,0.8987311124801636,0.4972502291202545,0.4055915772914886,-0.087417833507061,0.941349983215332,0.5829091668128967,0.4073975086212158,-0.0865486562252044,0.8891315460205078,0.521407961845398,0.4325135052204132,-0.0053340517915785,0.9997190237045288,0.5623185634613037,0.4309315383434295,0.0052845673635602,0.9995888471603394,0.5200761556625366,0.2758075892925262,-0.0332605876028537,0.966111958026886,0.5628384351730347,0.2738075852394104,-0.0188348665833473,0.9419124126434326,0.5260573625564575,0.128648892045021,0.0680053308606147,0.968844473361969,0.5546252131462097,0.1297197341918945,0.08030816167593,0.9392668604850768,0.5285255908966064,0.1142062991857528,0.071608267724514,0.5920892953872681,0.5519841313362122,0.1159969419240951,0.0839927867054939,0.6003767251968384,0.5280449390411377,0.0788131430745124,-0.0386634208261966,0.9533978700637816,0.5554205179214478,0.080056332051754,-0.0200115796178579,0.9341508746147156,hoyeon_stand_normal_01,16.278821,17.691806,17.804494,17.204651,14.422205,11.661904,9.433981,6.403124,3.605551,3.162278,4.242641,6.324555,8.246211,10.440307,13.341664,15.297059,17.262677,19.416488,20.615528,20.615528,19.646883,17.464249,14.142136,11.18034,10.816654,12.806248,16.643317,16.552945,17.088007,16.492423,14.317821,11.18034,9.055385,6.082763,3.605551,3.162278,5.385165,7.211103,8.944272,10.29563,12.083046,13.0,13.601471,13.601471,13.341664,12.041595,10.049876,7.0,3.0,1.414214,5.830952,10.816654,15.264338,13.416408,11.7047,11.18034,10.0,9.219544,8.544004,7.211103,7.81025,7.211103,7.28011,8.062258,9.055385,10.198039,11.7047,13.416408,14.764823,16.124515,18.027756,19.416488,19.416488,19.416488,18.027756,16.643317,14.422205,12.206556,4.123106,2.236068,4.123106,7.071068,10.0,12.083046,14.866069,15.297059,15.132746,15.0,13.038405,12.165525,9.219544,7.615773,4.472136,2.828427,1.414214,3.162278,6.324555,8.944272,11.661904,14.422205,15.811388,17.204651,17.804494,17.204651,13.892444,13.892444,14.764823,14.764823,14.764823,13.892444,13.038405,12.206556,10.0,8.602325,7.211103,5.385165,5.09902,5.09902,6.708204,9.219544,12.041595,14.866069,17.029386,19.209373,20.0,21.633308,21.095023,19.723083,17.888544,14.764823,12.041595,13.453624,15.0,15.811388,15.811388,15.0,13.601471,11.401754,9.219544,7.071068,5.830952,5.09902,6.082763,6.324555,6.708204,8.062258,8.944272,9.848858,10.29563,10.77033,10.77033,11.18034,11.661904,10.816654,10.630146,10.630146
hoyeon_stand_normal_01,2985,995,99.50543715846996,29.998360745314464,10,0.5408378839492798,0.6860480904579163,-0.2087980806827545,0.999987244606018,0.5363073945045471,0.6956473588943481,-0.1976112872362136,0.9999583959579468,0.5335745215415955,0.6949293613433838,-0.197620153427124,0.9999619126319884,0.5309975743293762,0.694015383720398,-0.1976353675127029,0.999963641166687,0.5440093874931335,0.6964787840843201,-0.1970230937004089,0.999942183494568,0.5464564561843872,0.6965799927711487,-0.1970355361700058,0.9999397993087769,0.5490815043449402,0.6963139772415161,-0.197037011384964,0.9999383687973022,0.5269097685813904,0.6851458549499512,-0.1162186115980148,0.9999458193778992,0.5519697070121765,0.6883125305175781,-0.1133068650960922,0.9998645186424256,0.5353808999061584,0.6726497411727905,-0.177266925573349,0.9999856352806092,0.5464347004890442,0.674288272857666,-0.1764725744724273,0.9999759197235109,0.5077105164527893,0.6086215376853943,-0.0545971393585205,0.9999831318855286,0.57262122631073,0.6081719994544983,-0.0486257933080196,0.9999315142631532,0.4979080557823181,0.5082753896713257,-0.0080484813079237,0.9852163195610046,0.5791432857513428,0.5113658308982849,-0.0068118097260594,0.9529396891593932,0.4940222203731537,0.4247616231441498,-0.0743284225463867,0.9735175967216492,0.5849124789237976,0.4268362522125244,-0.0714643970131874,0.9354304075241088,0.4901483654975891,0.3976280987262726,-0.0946877300739288,0.9473090171813964,0.5882425904273987,0.3997100591659546,-0.0929976403713226,0.8910353183746338,0.4938623309135437,0.3970504105091095,-0.1216780468821525,0.9515841603279114,0.5849789977073669,0.3990200161933899,-0.121732473373413,0.8993797898292542,0.4969654977321625,0.4056079089641571,-0.0865106061100959,0.9412155151367188,0.5829100012779236,0.4074199795722961,-0.0845823287963867,0.8898090124130249,0.5213323831558228,0.4320660829544067,-0.0052154539152979,0.9997198581695556,0.5623190402984619,0.430650532245636,0.0051665673963725,0.9995896816253662,0.5199843049049377,0.2755486369132995,-0.0332293361425399,0.9658761024475098,0.5627272725105286,0.2737798988819122,-0.0189172141253948,0.9416282773017884,0.5260575413703918,0.1286133825778961,0.0690020024776458,0.9685408473014832,0.5546256303787231,0.1298085451126098,0.0810364484786987,0.9389233589172364,0.5285233855247498,0.1141975224018096,0.0727560222148895,0.5905495285987854,0.5519841909408569,0.1162442564964294,0.0849400609731674,0.5988191366195679,0.5280022025108337,0.0786067172884941,-0.0369719229638576,0.9530864953994752,0.555311381816864,0.0799566805362701,-0.0188277456909418,0.9339439272880554,hoyeon_stand_normal_01,17.262677,18.681542,18.973666,17.088007,14.764823,12.083046,8.944272,6.324555,4.0,4.242641,5.09902,7.0,9.055385,11.18034,13.341664,15.297059,18.439089,19.416488,20.396078,20.396078,19.235384,17.262677,14.56022,11.661904,11.401754,13.928388,17.262677,17.720045,17.464249,17.0,14.422205,12.206556,9.433981,6.708204,4.0,3.605551,5.830952,7.615773,9.486833,10.77033,11.7047,13.416408,13.892444,13.038405,12.806248,11.313708,9.219544,6.403124,2.236068,3.0,7.0,12.0,15.148817,15.905694,16.2162195,16.530303,16.201667999999998,15.458779,14.78011,14.3466055,13.8671145,13.910416,14.0808455,13.959646,13.79788,13.3817955,13.363961,12.54,11.4910895,10.848692,9.8912315,9.815073,9.757587,11.4723705,13.0918655,15.571068,17.3102495,19.7195445,16.981631999999998,18.7446165,18.652201,18.308723,16.232124499999998,13.2526255,10.266626,6.5163795,4.297621,4.7541355,8.050527,10.147815,12.216311,13.777167,15.148817,16.5,16.2920825,16.1103765,15.8125845,14.3385605,12.267421,10.410103,8.154234500000001,6.555664,7.531129,10.1445825,13.601471,15.264338,16.124515,16.124515,15.264338,15.0,13.601471,12.806248,11.313708,9.899495,8.485281,6.403124,5.385165,5.0,6.324555,8.062258,10.816654,13.601471,15.811388,18.027756,20.59126,20.124612,21.023796,19.697716,17.088007,14.866069,12.806248,14.21267,15.620499,16.278821,16.970563,15.556349,14.142136,12.041595,10.630146,9.433981,7.28011,7.071068,7.071068,7.28011,8.544004,9.848858,9.848858,11.18034,11.18034,12.083046,12.083046,12.083046,12.083046,11.661904,12.806248,12.727922
hoyeon_stand_normal_01,2988,996,99.60544262295082,29.998360745314464,10,0.5408546924591064,0.6860480308532715,-0.2017002254724502,0.9999871253967284,0.5363179445266724,0.6956475377082825,-0.1904461830854416,0.9999578595161438,0.5335810780525208,0.6949294209480286,-0.1904559880495071,0.9999614357948304,0.5310023427009583,0.694015383720398,-0.1904718875885009,0.9999631643295288,0.5440307855606079,0.6964796185493469,-0.1898203194141388,0.9999414682388306,0.5464681386947632,0.6965808868408203,-0.1898310631513595,0.9999390244483948,0.5490905046463013,0.696313738822937,-0.1898306161165237,0.9999375939369202,0.5269051790237427,0.6851453185081482,-0.1096227318048477,0.9999450445175172,0.5519717931747437,0.6883143782615662,-0.1065876260399818,0.9998629689216614,0.5353906750679016,0.6726493835449219,-0.1704482287168502,0.9999855160713196,0.5464461445808411,0.674290657043457,-0.169612169265747,0.9999757409095764,0.5076361298561096,0.6086627244949341,-0.0498705729842186,0.9999833703041076,0.5726233720779419,0.608199417591095,-0.0434588603675365,0.9999321103096008,0.4978427588939667,0.5084409713745117,-0.005723571870476,0.9853265881538392,0.5791357755661011,0.5113668441772461,-0.0029502271208912,0.9531833529472352,0.4937171936035156,0.4247600138187408,-0.0730563327670097,0.9739011526107788,0.5848960876464844,0.4269117712974548,-0.0675612539052963,0.9360588192939758,0.489795833826065,0.39762744307518,-0.0939084962010383,0.9480242729187012,0.5882452130317688,0.3997319042682647,-0.0892804935574531,0.8920281529426575,0.4934560656547546,0.3970328867435455,-0.1208085045218467,0.9522463083267212,0.5849807262420654,0.3990558683872223,-0.1181834116578102,0.9002929925918579,0.4966524839401245,0.4055895805358886,-0.0852615609765052,0.9419922232627868,0.5829042196273804,0.4074482023715973,-0.0807904973626136,0.8907729983329773,0.5212732553482056,0.4318038523197174,-0.0050906292162835,0.9997223019599916,0.5623177886009216,0.430365651845932,0.0050442814826965,0.9995927810668944,0.5197756886482239,0.2750544548034668,-0.0332047492265701,0.9658342599868774,0.562667191028595,0.2735946476459503,-0.0191959235817194,0.9415279030799866,0.5260446667671204,0.1285622119903564,0.0689658001065254,0.9682654738426208,0.5546103715896606,0.1297486275434494,0.0809761807322502,0.9386797547340392,0.5285207033157349,0.1140990927815437,0.0726885050535202,0.5891976952552795,0.5519606471061707,0.1159713119268417,0.0848802998661995,0.5976150631904602,0.5278286337852478,0.0781561881303787,-0.0369551815092563,0.95276141166687,0.5552582144737244,0.0795416012406349,-0.018832542002201,0.933729648590088,hoyeon_stand_normal_01,9.055385,5.0,2.828427,4.0,6.708204,8.944272,10.29563,11.661904,11.661904,11.661904,12.206556,11.401754,10.0,9.899495,8.602325,7.615773,6.0,6.324555,8.485281,11.661904,15.652476,18.788294,21.931712,23.706539,24.186773,23.323808,3.0,3.605551,5.830952,8.544004,10.77033,12.083046,14.317821,14.764823,14.422205,13.601471,12.806248,10.630146,8.485281,7.071068,5.0,2.828427,3.162278,6.324555,9.219544,12.165525,14.142136,16.03122,17.0,17.029386,15.132746,16.1242285,15.231546,17.088007,16.763055,16.492423,16.278821,16.124515,16.03122,15.033296,15.132746,14.317821,14.56022,14.866069,13.928388,14.317821,13.416408,13.038405,12.206556,12.041595,10.0,9.848858,9.055385,11.18034,13.0,15.652476,17.492856,18.35756,16.401219,18.384776,18.601075,17.888544,16.763055,13.152946,10.049876,6.708204,4.123106,5.0,8.062258,10.198039,12.0,14.142136,15.524175,15.811388,16.155494,16.552945,16.124515,13.892444,12.529964,10.77033,8.062258,7.28011,8.602325,10.816654,17.117243,15.033296,13.152946,11.18034,9.848858,9.433981,10.630146,11.313708,12.041595,13.453624,14.866069,16.401219,17.492856,18.788294,18.973666,19.416488,17.117243,17.029386,15.0,12.0,8.246211,6.403124,7.28011,10.0,13.152946,16.124515,10.77033,8.062258,7.071068,7.615773,9.055385,11.045361,13.341664,16.278821,17.262677,18.11077,18.027756,17.0,16.03122,16.124515,14.142136,12.165525,12.165525,11.045361,11.0,11.045361,12.165525,13.341664,15.297059,16.492423,17.262677,18.248288
hoyeon_stand_normal_01,2991,997,99.70544808743168,29.998360745314464,10,0.5408571362495422,0.6860537528991699,-0.2039235085248947,0.9999871850013732,0.5363207459449768,0.6956547498703003,-0.1925627887248993,0.9999580979347228,0.5335837006568909,0.6949364542961121,-0.1925717741250991,0.9999616742134094,0.5310049057006836,0.6940224170684814,-0.1925882250070572,0.999963402748108,0.5440343022346497,0.6964846849441528,-0.1920986920595169,0.9999417662620544,0.546470582485199,0.6965844631195068,-0.1921102553606033,0.9999394416809082,0.5490931868553162,0.6963149905204773,-0.1921088099479675,0.9999379515647888,0.526898205280304,0.685150682926178,-0.110775850713253,0.9999452233314514,0.5519735217094421,0.6883137822151184,-0.1085567995905876,0.9998641610145568,0.5353937149047852,0.6726605296134949,-0.1723089814186096,0.9999856352806092,0.5464493632316589,0.6742984652519226,-0.1716967672109604,0.9999759197235109,0.5075852274894714,0.6086855530738831,-0.0492635779082775,0.9999836087226868,0.5726231336593628,0.6081998944282532,-0.0445173047482967,0.9999330043792723,0.4978332221508026,0.5085092782974243,-0.0028978313785046,0.9853745102882384,0.5791264176368713,0.5113676190376282,-0.0035025437828153,0.9537125825881958,0.4936064183712005,0.4247752130031585,-0.0697770491242408,0.9740867614746094,0.5848767757415771,0.4269179999828338,-0.0683201402425766,0.9365389347076416,0.48964723944664,0.3976317644119262,-0.0905763357877731,0.9483083486557008,0.5882314443588257,0.3997196853160858,-0.0900432839989662,0.8926489353179932,0.4933266937732696,0.3970397114753723,-0.1176729053258895,0.9525299668312072,0.5849393606185913,0.3990553617477417,-0.1189530342817306,0.9008439779281616,0.4965542554855346,0.4055906534194946,-0.0820554867386818,0.9422987699508668,0.5828412175178528,0.4074486196041107,-0.0815288722515106,0.8913007378578186,0.5211795568466187,0.4315707385540008,-0.0046639158390462,0.999725341796875,0.5623070597648621,0.4301353693008423,0.0046209008432924,0.9995968341827391,0.5196935534477234,0.2744325697422027,-0.0327719710767269,0.9658657312393188,0.5623871684074402,0.2735562920570373,-0.0197008438408374,0.941548228263855,0.5258315801620483,0.1284504532814026,0.0694692432880401,0.9681790471076964,0.5546150207519531,0.129746988415718,0.0810362249612808,0.938479781150818,0.5283928513526917,0.1128091141581535,0.073153831064701,0.589386522769928,0.5519595742225647,0.115872286260128,0.0849801078438758,0.5960906147956848,0.5273252725601196,0.0779838413000106,-0.036626361310482,0.9526323080062866,0.5551767349243164,0.0794662535190582,-0.018830893561244,0.9335379600524902,hoyeon_stand_normal_01,12.206556,8.062258,4.0,4.472136,8.062258,11.0,12.0,14.035669,14.035669,14.035669,14.142136,13.152946,12.369317,11.7047,10.29563,9.219544,8.062258,10.049876,12.369317,16.552945,21.470911,25.553865,29.154759,31.76476,32.202484,31.38471,4.0,5.0,8.602325,11.661904,14.422205,16.643317,18.601075,19.209373,19.104973,18.384776,17.029386,15.620499,12.806248,10.0,7.211103,4.242641,2.0,3.162278,8.246211,11.18034,15.524175,18.973666,21.18962,22.847319,22.825424,20.248457,15.264338,14.317821,12.649111,12.165525,11.0,10.049876,9.486833,8.944272,7.81025,7.81025,8.062258,8.246211,8.0,9.055385,11.401754,13.0,14.764823,15.652476,17.0,18.35756,19.723083,19.723083,18.35756,17.0,14.764823,12.083046,5.09902,3.605551,3.162278,6.403124,10.0,11.18034,13.601471,14.317821,15.033296,14.035669,12.165525,10.198039,8.544004,6.708204,3.605551,1.414214,2.0,4.123106,6.708204,10.29563,12.206556,14.422205,17.204651,17.804494,18.601075,17.804494,13.601471,14.422205,15.264338,15.264338,14.422205,14.422205,13.601471,12.041595,10.630146,9.219544,7.211103,5.830952,5.09902,5.09902,6.708204,8.944272,11.661904,14.422205,16.643317,18.867962,20.59126,21.023796,20.615528,19.313208,18.027756,14.866069,12.041595,14.21267,15.0,15.811388,15.811388,15.264338,13.601471,11.661904,9.219544,7.81025,5.830952,5.09902,6.082763,6.324555,7.615773,8.944272,9.848858,10.77033,10.77033,11.401754,11.7047,11.7047,12.083046,11.18034,11.401754,11.313708
hoyeon_stand_normal_01,2994,998,99.80545355191256,29.998360745314464,10,0.5408504009246826,0.6860705018043518,-0.2012074589729309,0.9999873042106628,0.53631591796875,0.6956614851951599,-0.1895797848701477,0.9999583959579468,0.5335772037506104,0.6949425339698792,-0.1895892322063446,0.9999619126319884,0.5310043096542358,0.6940298676490784,-0.1896051466464996,0.999963641166687,0.5440340042114258,0.696492075920105,-0.1893168091773986,0.9999420642852784,0.5464680194854736,0.6965919137001038,-0.1893267333507537,0.9999397993087769,0.5490853786468506,0.6963254809379578,-0.1893223822116851,0.9999382495880128,0.5268829464912415,0.6851571202278137,-0.1073208600282669,0.9999454617500304,0.5519753098487854,0.6883134245872498,-0.1059987768530845,0.9998648762702942,0.5353835225105286,0.672700047492981,-0.1695034950971603,0.999985694885254,0.546425461769104,0.6743351221084595,-0.1691450029611587,0.9999760985374452,0.5075221061706543,0.608697235584259,-0.0464931316673755,0.999983847141266,0.5726143717765808,0.6081624627113342,-0.0426483228802681,0.9999333620071412,0.497811496257782,0.5085086226463318,-0.0014858748763799,0.9854034781455994,0.5790644288063049,0.5113524198532104,-0.0022384517360478,0.9537807703018188,0.4933997690677643,0.4247779846191406,-0.0695159286260604,0.9743130803108216,0.5848196148872375,0.4269184172153473,-0.0676528215408325,0.936517298221588,0.4894304573535919,0.3976331651210785,-0.0906338989734649,0.9487228393554688,0.5881965160369873,0.3997140526771545,-0.0895802453160286,0.892697274684906,0.4931336343288421,0.3970394432544708,-0.1177086383104324,0.952924370765686,0.5848905444145203,0.3990562856197357,-0.1185876056551933,0.9008636474609376,0.4963930249214172,0.4055686593055725,-0.0818424969911575,0.9427165389060974,0.5827783942222595,0.4074490964412689,-0.08093773573637,0.891279935836792,0.5211083889007568,0.4312689304351806,-0.0043772398494184,0.9997289180755616,0.562261700630188,0.4299446046352386,0.0043383436277508,0.9996013045310974,0.5196273922920227,0.2737990915775299,-0.0327088646590709,0.96622896194458,0.5623506307601929,0.2732299268245697,-0.0201860610395669,0.9421183466911316,0.5258117914199829,0.1278624236583709,0.0694191008806228,0.9684759378433228,0.5549002289772034,0.1294678300619125,0.0806502997875213,0.9391464591026306,0.5283963680267334,0.1116829589009285,0.0730544626712799,0.5918183326721191,0.5522329807281494,0.1144773960113525,0.0844975411891937,0.5969250798225403,0.5271512269973755,0.0778247117996215,-0.0367521680891513,0.9530466794967652,0.555431604385376,0.0792708024382591,-0.0196921825408935,0.93419349193573,hoyeon_stand_normal_01,12.806248,8.485281,4.123106,5.0,7.615773,11.401754,12.369317,13.152946,14.142136,14.035669,13.038405,13.0,12.041595,10.198039,8.544004,7.81025,6.708204,8.0,10.77033,15.264338,20.808652,25.612497,29.206164,32.202484,32.449961,30.528675,2.828427,4.123106,6.708204,10.29563,13.416408,16.552945,18.027756,18.973666,18.681542,18.439089,16.278821,14.142136,11.045361,9.055385,6.082763,3.162278,1.414214,5.0,8.062258,12.529964,16.643317,19.416488,22.022716,23.345235,23.345235,20.615528,16.03122,14.317821,12.649111,11.18034,10.816654,9.899495,8.602325,8.062258,7.28011,7.0,6.082763,6.708204,7.071068,8.602325,10.29563,11.7047,13.601471,15.524175,16.492423,18.439089,18.439089,18.439089,17.464249,16.492423,14.56022,11.401754,4.472136,3.162278,4.472136,8.0,10.198039,12.083046,14.422205,15.620499,15.556349,14.21267,13.038405,11.661904,8.944272,6.324555,4.123106,1.0,1.414214,4.123106,7.071068,10.049876,13.0,16.0,17.029386,18.027756,19.026298,18.027756,16.1394105,14.071068,13.076473,10.9078455,9.8912315,9.3267625,10.315073,11.01595,12.1240755,13.5275475,14.9330345,16.0451045,16.664583,17.2904315,18.1638165,18.138022,17.3747155,15.7620875,13.6886665,10.7201535,8.062258,6.117038,7.1934065,10.59017,13.319938,16.2618215,9.7087915,8.0798885,6.8071135,6.0466845,8.5276925,11.09017,13.6886665,15.6641395,17.1313385,17.5586215,17.528571,17.0733145,16.124515,14.7252835,13.3772085,12.407318,11.291047,10.615108,10.024938,10.524938,11.2235575,12.7611315,14.846483,15.901498,17.290746,17.7460025
hoyeon_stand_normal_01,2997,999,99.90545901639344,29.998360745314464,10,0.5408437848091125,0.686095654964447,-0.2029929608106613,0.9999874830245972,0.5363118052482605,0.695675253868103,-0.1915317326784134,0.9999589920043944,0.5335710048675537,0.6949562430381775,-0.1915410310029983,0.9999624490737916,0.5310030579566956,0.694045901298523,-0.1915570348501205,0.99996417760849,0.5440314412117004,0.6965057849884033,-0.1911106407642364,0.9999428391456604,0.5464586019515991,0.6966056227684021,-0.1911212056875229,0.9999405741691588,0.5490637421607971,0.6963484287261963,-0.1911192089319229,0.99993896484375,0.5268719792366028,0.6851750612258911,-0.1094859838485717,0.9999462962150574,0.5519757866859436,0.6883208751678467,-0.1075917705893516,0.9998664855957032,0.5353712439537048,0.6727507710456848,-0.1713753193616867,0.9999858736991882,0.5463958382606506,0.6743910312652588,-0.1708226203918457,0.9999763369560242,0.5074719786643982,0.6087040901184082,-0.0484283491969108,0.999984085559845,0.5725887417793274,0.6081555485725403,-0.0435896068811416,0.9999339580535888,0.4977703094482422,0.508516252040863,-0.0029609971679747,0.985487461090088,0.5789766907691956,0.5113519430160522,-0.002689974149689,0.9537371397018432,0.4932718873023987,0.424776941537857,-0.0702226683497428,0.9744845628738404,0.5846757888793945,0.4269327223300934,-0.0678600221872329,0.9362986087799072,0.4892896711826324,0.3976059257984161,-0.0908903107047081,0.9489975571632384,0.5880840420722961,0.3997069299221039,-0.0896680355072021,0.8923951983451843,0.4930056929588318,0.3970054984092712,-0.117889404296875,0.9531997442245485,0.5848069787025452,0.3990571498870849,-0.1190081089735031,0.9005768895149231,0.4962841272354126,0.405500590801239,-0.0824583619832992,0.9430004954338074,0.5826756358146667,0.4074499309062958,-0.0809827670454979,0.890962541103363,0.5210896134376526,0.4311859309673309,-0.0043634786270558,0.9997323155403136,0.5622426867485046,0.4298632442951202,0.0043251430615782,0.9996060729026794,0.5196205377578735,0.2736287415027618,-0.032112780958414,0.9666508436203004,0.5622243285179138,0.2729198336601257,-0.0200355667620897,0.9426711201667786,0.5256940722465515,0.1278273612260818,0.069314919412136,0.968949258327484,0.5549099445343018,0.1292351931333542,0.0809126943349838,0.9398686289787292,0.5283557176589966,0.1113440841436386,0.0728221386671066,0.5950994491577148,0.5522263050079346,0.1138840168714523,0.0847040116786956,0.5988456010818481,0.5270816683769226,0.0777249708771705,-0.0372372977435588,0.9537031054496764,0.5554282665252686,0.0791545137763023,-0.0195543356239795,0.934931755065918,hoyeon_stand_normal_01,17.262677,18.027756,18.0,17.029386,15.132746,12.165525,9.055385,7.0,4.123106,2.236068,4.123106,5.385165,8.062258,10.816654,13.038405,15.811388,18.027756,18.867962,19.723083,19.723083,18.35756,16.643317,14.21267,11.401754,11.18034,13.152946,16.278821,17.029386,18.0,16.124515,15.297059,11.401754,9.219544,6.082763,4.123106,4.242641,5.09902,7.0,9.0,11.045361,12.041595,13.038405,13.152946,14.317821,13.601471,11.7047,9.848858,6.708204,3.162278,2.0,6.324555,10.77033,15.811388,13.892444,13.0,11.18034,10.049876,9.055385,8.246211,7.211103,7.071068,5.830952,6.324555,7.0,7.28011,8.544004,10.29563,12.206556,14.21267,16.401219,17.691806,18.439089,19.104973,19.104973,18.439089,17.029386,14.866069,12.041595,4.0,3.605551,5.09902,7.81025,10.816654,13.416408,14.866069,16.278821,16.03122,15.0,14.035669,12.165525,9.219544,7.28011,4.472136,2.236068,1.0,3.605551,7.211103,10.0,12.206556,15.0,16.401219,18.439089,18.439089,17.804494,13.152946,15.033296,15.033296,15.033296,15.033296,15.132746,14.142136,12.369317,11.401754,9.486833,8.246211,6.082763,5.0,4.472136,5.656854,8.062258,10.29563,12.529964,14.764823,17.0,18.867962,20.248457,20.0,19.209373,17.029386,13.453624,12.369317,14.56022,16.763055,17.088007,17.088007,16.155494,13.928388,13.0,10.440307,8.062258,7.071068,6.324555,6.403124,7.071068,7.81025,9.219544,10.0,11.401754,11.401754,12.806248,12.806248,12.806248,12.041595,12.206556,12.529964,11.7047
hoyeon_stand_normal_01,3000,1000,100.00546448087432,29.998360745314464,10,0.5408410429954529,0.6861176490783691,-0.1958587318658828,0.999987542629242,0.5363088250160217,0.6957041025161743,-0.1840353608131408,0.9999592304229736,0.5335679650306702,0.6949896216392517,-0.1840468943119049,0.9999626278877258,0.5310029983520508,0.6940804123878479,-0.1840637028217315,0.9999643564224244,0.5440279841423035,0.6965236067771912,-0.1837905496358871,0.9999430775642396,0.546449601650238,0.6966203451156616,-0.1837988346815109,0.999940812587738,0.5490429997444153,0.6963682770729065,-0.1837933361530304,0.999939262866974,0.5268614292144775,0.6851906180381775,-0.1019472032785415,0.999946355819702,0.5519736409187317,0.6883242726325989,-0.1006637513637542,0.9998671412467957,0.5353643298149109,0.672795832157135,-0.164317101240158,0.999985933303833,0.5463698506355286,0.6744294166564941,-0.16396164894104,0.9999764561653136,0.5074207782745361,0.6087086200714111,-0.0427915677428245,0.9999842643737792,0.5725688338279724,0.6081424951553345,-0.0389175675809383,0.9999344348907472,0.497754842042923,0.5085175037384033,6.881037552375346e-05,0.9853913187980652,0.5788879990577698,0.511349618434906,-0.0002125890750903,0.9535561203956604,0.4931360185146332,0.4247775375843048,-0.0686298981308937,0.9745059609413148,0.5845757126808167,0.4270089566707611,-0.066144049167633,0.9362978339195251,0.4891482293605804,0.3975756466388702,-0.0899706035852432,0.9491142630577089,0.5880230069160461,0.3997051119804382,-0.0883609727025032,0.8925349712371826,0.4928912818431854,0.3969835042953491,-0.1168380752205848,0.9533101320266724,0.5847800970077515,0.399066686630249,-0.1174948215484619,0.900681734085083,0.4961836040019989,0.4054701924324035,-0.0809475108981132,0.943084716796875,0.5826385021209717,0.4074700772762298,-0.0794203355908393,0.8910273909568787,0.5210610032081604,0.4310219883918762,-0.0043035508133471,0.9997370839118958,0.5622362494468689,0.4296647608280182,0.0042666876688599,0.9996120929718018,0.519515335559845,0.2731850147247314,-0.0319651216268539,0.9672024250030518,0.562229573726654,0.2724571824073791,-0.0200017020106315,0.9433430433273317,0.5255457162857056,0.1273406147956848,0.0689462274312973,0.9695163369178772,0.554908037185669,0.1288772523403167,0.0810055881738662,0.9407506585121156,0.5283089876174927,0.1108017638325691,0.0723378434777259,0.5988373160362244,0.5521674752235413,0.1133340448141098,0.0847784951329231,0.6011250615119934,0.5270406603813171,0.0772373601794242,-0.0376808308064937,0.9545264840126038,0.5553966760635376,0.0789495632052421,-0.0193325541913509,0.9358924627304076,hoyeon_stand_normal_01,16.03122,10.198039,6.403124,7.0,9.848858,13.892444,16.124515,17.492856,18.027756,18.027756,17.204651,16.401219,15.620499,14.866069,12.206556,9.848858,9.0,10.29563,14.21267,19.723083,25.495098,30.870698,35.341194,38.470768,39.446166,36.891733,4.472136,5.385165,9.055385,13.0,16.0,19.026298,21.095023,22.203603,22.36068,20.615528,18.973666,17.088007,14.317821,10.77033,7.615773,4.123106,2.236068,5.385165,9.848858,15.231546,19.313208,23.086793,26.925824,28.442925,28.160256,25.019992,14.866069,14.317821,12.529964,11.401754,9.899495,9.433981,7.615773,7.071068,6.0,5.385165,5.830952,5.656854,6.708204,7.28011,9.219544,11.045361,13.0,15.0,16.03122,17.029386,18.027756,18.027756,17.029386,16.03122,13.038405,11.0,4.242641,3.0,5.0,7.28011,10.0,12.165525,13.601471,15.231546,14.764823,14.422205,12.806248,10.630146,8.485281,6.403124,3.605551,1.414214,1.0,3.605551,6.324555,9.486833,12.369317,14.56022,15.524175,17.464249,17.464249,17.464249,16.155494,13.928388,11.7047,11.401754,9.055385,9.055385,9.219544,9.486833,11.7047,12.649111,14.56022,14.317821,16.124515,16.0,18.11077,17.262677,16.763055,16.155494,13.416408,10.77033,8.246211,5.09902,6.403124,8.544004,12.369317,14.56022,10.198039,9.055385,7.071068,6.403124,8.602325,9.848858,12.649111,14.866069,16.155494,16.552945,17.0,16.643317,15.811388,14.21267,12.806248,12.041595,10.630146,10.630146,9.433981,9.848858,10.77033,12.369317,14.56022,15.524175,16.492423,16.763055
hoyeon_stand_normal_01,3003,1001,100.1054699453552,29.998360745314464,10,0.5408328771591187,0.6861139535903931,-0.198673591017723,0.9999877214431764,0.5363029837608337,0.6957054138183594,-0.1870041787624359,0.9999598264694214,0.5335639119148254,0.6949911117553711,-0.1870144307613372,0.9999631643295288,0.5310031771659851,0.6940819621086121,-0.187031090259552,0.9999648928642272,0.5440137982368469,0.6965240836143494,-0.1866931319236755,0.9999438524246216,0.546423614025116,0.6966202855110168,-0.1867026388645172,0.99994158744812,0.5489968061447144,0.6963690519332886,-0.1866975277662277,0.999940037727356,0.526856541633606,0.6851906776428223,-0.1048986092209816,0.9999470114707948,0.5519638061523438,0.6883187294006348,-0.103312499821186,0.9998688101768494,0.5353584885597229,0.6727952361106873,-0.1670562475919723,0.9999861121177672,0.5463343858718872,0.6744219660758972,-0.1666257083415985,0.9999767541885376,0.5073551535606384,0.6087108850479126,-0.0450442470610141,0.9999845623970032,0.5725547671318054,0.608128547668457,-0.0404022112488746,0.9999354481697084,0.4977350234985351,0.5085182189941406,-0.0012693755561485,0.9854987859725952,0.5788185000419617,0.5113637447357178,-0.0008986853645183,0.9538275003433228,0.4930205941200256,0.4247865676879883,-0.0692929178476333,0.974809229373932,0.5845410227775574,0.427119106054306,-0.066656582057476,0.9367948770523072,0.4890527427196502,0.3975697159767151,-0.0903322398662567,0.9496457576751708,0.588008463382721,0.3997053205966949,-0.0887877196073532,0.8932788968086243,0.4927886724472046,0.3969787657260895,-0.1172501966357231,0.9538143277168274,0.5847769975662231,0.3990782797336578,-0.117943599820137,0.9013769626617432,0.4960810244083404,0.4054579138755798,-0.0815723985433578,0.9436466693878174,0.582628071308136,0.407494306564331,-0.0799730718135833,0.8917633891105652,0.5210291743278503,0.4309079349040985,-0.0043043484911322,0.9997408390045166,0.5622195601463318,0.4295497536659241,0.0042674182914197,0.9996171593666076,0.5194892883300781,0.2728122174739837,-0.0314913243055343,0.9674709439277648,0.5621834397315979,0.2720449268817901,-0.0197263304144144,0.9436897039413452,0.5254076719284058,0.1269452571868896,0.0689046755433082,0.9697902798652648,0.5549018383026123,0.1287942677736282,0.0814887359738349,0.9410008788108826,0.5282152891159058,0.1102649644017219,0.0722549334168434,0.6008667945861816,0.5520675778388977,0.1131038218736648,0.0852808430790901,0.6016811728477478,0.5269810557365417,0.0770127326250076,-0.0377648845314979,0.9549627304077148,0.5553716421127319,0.0789206027984619,-0.0185958947986364,0.9362241625785828,hoyeon_stand_normal_01,9.460407,5.464986,2.618034,3.3839145000000004,6.3954835,8.031129,9.647815,10.433265,10.85589,10.7998965,10.7998965,10.310649000000002,9.4381785,8.4176585,7.232691,5.9907045,6.085044,6.767829,9.6162355,13.310183,16.7545215,20.8905725,23.87572,25.4580025,26.620366,24.7110225,2.699173,3.924096,6.0299890000000005,8.6221155,11.146025,12.9670195,14.358981,15.012029,14.7111025,13.952237,12.557764,11.168612499999998,9.4218835,7.5967425,5.064495,3.216989,1.2071070000000002,3.561553,6.140055,9.1374645,12.345353,14.4330345,16.2920825,17.0586215,17.3777665,15.6677815,16.763055,15.297059,13.038405,12.041595,11.18034,9.486833,8.062258,7.81025,6.403124,6.324555,6.082763,6.082763,6.708204,7.81025,9.899495,11.401754,13.892444,16.124515,17.0,17.888544,18.788294,17.888544,17.888544,15.652476,13.416408,10.29563,5.0,4.242641,5.0,7.615773,10.630146,12.206556,14.764823,14.866069,15.524175,14.142136,13.038405,11.0,9.055385,6.082763,4.123106,1.414214,2.0,4.123106,7.28011,10.440307,13.0,15.231546,17.464249,18.384776,18.788294,18.384776,17.029386,16.278821,14.866069,12.727922,11.401754,11.18034,10.77033,11.401754,12.369317,13.601471,14.866069,16.155494,17.0,18.027756,18.439089,18.384776,18.439089,17.204651,14.422205,12.206556,9.899495,8.062258,8.0,10.440307,12.529964,14.764823,9.848858,8.544004,8.0,8.246211,9.433981,11.313708,13.453624,16.278821,16.970563,18.384776,18.439089,17.804494,17.204651,15.264338,14.764823,13.416408,12.083046,11.661904,11.401754,11.401754,12.727922,13.453624,14.866069,17.029386,17.691806,17.691806
hoyeon_stand_normal_01,3006,1002,100.20547540983608,29.998360745314464,10,0.5408216118812561,0.6861024498939514,-0.1996473670005798,0.9999879002571106,0.5362879633903503,0.6957039833068848,-0.1878688037395477,0.9999603629112244,0.5335509181022644,0.6949859857559204,-0.1878788620233535,0.999963641166687,0.5309996604919434,0.6940740346908569,-0.1878950297832489,0.9999653100967408,0.5439817309379578,0.6965238451957703,-0.1876403242349624,0.9999446272850036,0.5463797450065613,0.6966196894645691,-0.1876504719257354,0.999942421913147,0.5489229559898376,0.69637131690979,-0.1876453459262848,0.9999409317970276,0.5268460512161255,0.6851716637611389,-0.1052403822541236,0.9999475479125975,0.5519470572471619,0.68831866979599,-0.1040915623307228,0.9998707175254822,0.535356342792511,0.6727858185768127,-0.167875126004219,0.9999862909317015,0.5463117957115173,0.6744108200073242,-0.1675525307655334,0.9999771118164062,0.5073102116584778,0.6086921691894531,-0.044852714985609,0.9999846816062928,0.5725482106208801,0.6080856919288635,-0.0407343991100788,0.99993634223938,0.4977247416973114,0.5084928274154663,-0.000340851402143,0.9855067729949952,0.5787613987922668,0.5113037824630737,-0.0007101461524143,0.954083263874054,0.4929554760456085,0.4247873425483703,-0.069054290652275,0.9748430848121644,0.5845130085945129,0.4271232783794403,-0.0669097080826759,0.9372544288635254,0.4890137016773224,0.3975513279438019,-0.0903210192918777,0.949694573879242,0.5879960656166077,0.3997017741203308,-0.0890644639730453,0.894008219242096,0.4927508234977722,0.3969623446464538,-0.1173212081193924,0.9538677930831908,0.5847753286361694,0.3990808129310608,-0.1182417422533035,0.902048885822296,0.4960406124591827,0.4054330289363861,-0.0814025327563285,0.9436654448509216,0.5826238989830017,0.4074975252151489,-0.080267421901226,0.8924323320388794,0.5209898948669434,0.4306656420230865,-0.0042795580811798,0.9997438788414,0.5622104406356812,0.4292291700839996,0.0042427768930792,0.9996218681335448,0.5194631218910217,0.2723870873451233,-0.0307964459061622,0.9680241346359252,0.5621681213378906,0.2715641856193542,-0.0196927580982446,0.9444099068641664,0.5251936912536621,0.126459464430809,0.0695516616106033,0.9702746272087096,0.5549013614654541,0.1286515295505523,0.0827975571155548,0.9415873289108276,0.527990460395813,0.1094459667801857,0.0728946551680564,0.6041011810302734,0.5519796013832092,0.1125060468912124,0.0867233797907829,0.6032322645187378,0.5268787145614624,0.0768314749002456,-0.0372749157249927,0.9556400179862976,0.5552971363067627,0.0787108018994331,-0.0172422174364328,0.9368499517440796,hoyeon_stand_normal_01,8.944272,5.0,2.236068,3.605551,6.708204,8.544004,10.440307,11.401754,12.369317,12.369317,11.401754,11.18034,10.049876,9.0,8.062258,6.708204,7.071068,7.28011,10.0,13.341664,17.088007,21.18962,24.351591,26.248809,25.96151,24.515301,3.605551,4.123106,6.0,9.055385,11.045361,13.038405,14.035669,15.0,15.033296,14.035669,13.152946,11.18034,10.198039,8.246211,5.09902,3.0,2.828427,5.656854,8.485281,11.313708,14.21267,16.401219,16.643317,17.0,15.652476,14.171967666666667,15.231546,16.643317,17.492856,18.601075,17.804494,16.970563,17.804494,17.204651,17.0,17.464249,17.088007,17.088007,16.763055,16.492423,16.278821,15.132746,14.035669,13.038405,11.401754,10.816654,12.041595,13.416408,15.811388,18.439089,21.377558,23.345235,20.099751,22.022716,23.345235,22.135944,20.59126,17.029386,13.453624,9.486833,6.082763,4.472136,7.28011,10.0,12.727922,15.0,16.124515,17.464249,18.027756,17.720045,17.464249,16.278821,14.317821,11.401754,8.944272,7.211103,8.062258,10.198039,12.727922,12.806248,14.21267,13.453624,14.21267,13.453624,12.727922,11.401754,10.0,8.602325,7.211103,5.656854,4.472136,4.123106,5.09902,7.615773,9.848858,13.0,15.231546,17.464249,18.973666,19.924859,19.646883,18.439089,16.278821,14.142136,12.041595,14.21267,15.0,16.401219,16.643317,15.811388,14.422205,12.206556,10.0,8.485281,7.211103,6.708204,6.082763,6.082763,7.28011,8.246211,9.219544,9.486833,10.440307,11.401754,11.401754,11.401754,11.401754,11.7047,11.18034,10.816654
hoyeon_stand_normal_01,3009,1003,100.30548087431694,29.998360745314464,10,0.5407673716545105,0.6860629320144653,-0.193834513425827,0.9999880194664,0.5362388491630554,0.6956868767738342,-0.1815801709890365,0.9999608993530272,0.5335065126419067,0.6949570178985596,-0.1815928518772125,0.9999640583992004,0.5309840440750122,0.6940415501594543,-0.1816090643405914,0.9999657273292542,0.5438981652259827,0.6965147256851196,-0.1815755069255828,0.999945342540741,0.5462979078292847,0.696609616279602,-0.1815839111804962,0.9999431371688844,0.5488070249557495,0.696371853351593,-0.1815769374370575,0.9999417066574096,0.5268341302871704,0.6851308941841125,-0.0982719659805297,0.9999479651451112,0.5519304871559143,0.6883191466331482,-0.0981587842106819,0.999872386455536,0.5353363156318665,0.6727496385574341,-0.1619423180818557,0.9999864101409912,0.5462443232536316,0.6743761897087097,-0.1619273275136947,0.99997740983963,0.5072749257087708,0.6086594462394714,-0.0392779372632503,0.999984860420227,0.5725479125976562,0.607952892780304,-0.0358612462878227,0.9999368786811828,0.4977147877216339,0.5084879398345947,0.0033918207045644,0.9854657649993896,0.5786924362182617,0.5112103223800659,0.0034605050459504,0.9540298581123352,0.4929457008838653,0.4247920215129852,-0.0670835971832275,0.9748603105545044,0.5845069289207458,0.4271302819252014,-0.0640294030308723,0.937454104423523,0.4889987409114837,0.3975366950035095,-0.0889645740389823,0.9497525691986084,0.5879875421524048,0.3996947407722473,-0.0866338089108467,0.8944616317749023,0.4927506148815155,0.3969593644142151,-0.1158162653446197,0.9539142847061156,0.5847760438919067,0.3990822434425354,-0.1159192398190498,0.9024580121040344,0.4960399866104126,0.4054287672042846,-0.07945217192173,0.9436495900154114,0.5826244950294495,0.4074995517730713,-0.0775049701333046,0.892812192440033,0.5209688544273376,0.4304085373878479,-0.0042354450561106,0.9997479319572448,0.5622044801712036,0.428989052772522,0.0042000650428235,0.9996272325515748,0.519444465637207,0.2719335258007049,-0.0307097174227237,0.9684966802597046,0.5621694922447205,0.2712264657020569,-0.0198111869394779,0.9448626041412354,0.5251399874687195,0.1256965696811676,0.0694274604320526,0.9707222580909728,0.5549017786979675,0.1282113939523697,0.0828132182359695,0.942108154296875,0.5279567837715149,0.1085016652941703,0.0727179124951362,0.6075637936592102,0.5519362688064575,0.1114268600940704,0.0867346227169036,0.6046585440635681,0.5268271565437317,0.0767343491315841,-0.0374750755727291,0.9562610387802124,0.5552847385406494,0.078547827899456,-0.0172158852219581,0.9373974800109864,hoyeon_stand_normal_01,8.062258,4.242641,2.0,4.123106,7.071068,9.219544,10.049876,11.045361,12.041595,11.045361,11.045361,11.0,10.049876,9.219544,7.28011,7.211103,5.830952,7.071068,9.219544,13.0,16.124515,19.723083,22.472205,25.059928,24.596748,24.166092,2.828427,4.123106,6.082763,9.219544,11.18034,13.152946,14.142136,14.142136,14.035669,13.0,12.0,11.045361,9.055385,7.071068,5.09902,2.0,2.828427,5.830952,8.602325,11.401754,13.453624,15.556349,15.620499,16.401219,14.422205,12.676153833333332,15.620499,14.142136,12.806248,11.18034,9.486833,9.055385,8.0,7.28011,5.830952,5.656854,5.830952,6.082763,7.071068,8.246211,9.848858,11.661904,14.422205,15.811388,17.204651,18.601075,18.601075,19.209373,17.804494,16.401219,14.21267,11.401754,5.0,4.0,5.0,7.615773,11.18034,13.038405,15.033296,15.297059,15.811388,15.231546,13.892444,11.661904,10.0,7.071068,4.242641,1.414214,1.414214,3.605551,6.403124,9.219544,12.206556,14.422205,16.643317,18.027756,18.027756,17.204651,16.155494,15.231546,13.928388,11.401754,10.049876,10.049876,10.198039,11.401754,11.7047,13.601471,14.317821,16.124515,17.029386,18.027756,17.262677,17.464249,18.027756,16.155494,13.928388,10.77033,8.246211,6.324555,7.071068,10.29563,13.928388,15.811388,9.486833,8.062258,6.082763,7.211103,7.81025,9.848858,13.0,15.231546,16.552945,17.888544,17.0,16.643317,15.811388,14.866069,13.453624,12.041595,10.630146,10.0,10.29563,10.29563,11.7047,12.649111,13.601471,16.763055,17.088007,17.088007
hoyeon_stand_normal_01,3012,1004,100.4054863387978,29.998360745314464,10,0.5406910181045532,0.6860489249229431,-0.1781234145164489,0.9999879002571106,0.5361683368682861,0.6956795454025269,-0.165462777018547,0.9999606013298036,0.5334377288818359,0.6949399709701538,-0.1654802858829498,0.9999637603759766,0.5309540629386902,0.6940227746963501,-0.1654962599277496,0.999965488910675,0.543813169002533,0.696514368057251,-0.1655475199222564,0.999944806098938,0.5462270975112915,0.6966090798377991,-0.1655521541833877,0.9999425411224364,0.5487142205238342,0.6963825821876526,-0.1655468195676803,0.9999412894248962,0.526813268661499,0.6851092576980591,-0.0826820433139801,0.9999471306800842,0.5519248843193054,0.6883364915847778,-0.0828712284564971,0.99987131357193,0.5353095531463623,0.6727438569068909,-0.1465794891119003,0.9999862909317015,0.5461768507957458,0.6743733882904053,-0.1466591209173202,0.9999772906303406,0.5072348713874817,0.6086625456809998,-0.0267017055302858,0.9999850392341614,0.5725467801094055,0.6079049110412598,-0.0237889345735311,0.9999365210533142,0.4976847767829895,0.5084799528121948,0.0123089058324694,0.985276997089386,0.5786392688751221,0.5110960602760315,0.0134869161993265,0.9535366296768188,0.4929366409778595,0.4248437583446502,-0.0602737478911876,0.9748578071594238,0.5844966769218445,0.427132099866867,-0.0548084825277328,0.9375529885292052,0.4889772534370422,0.3975368142127991,-0.0829270631074905,0.9499002695083618,0.5879842042922974,0.3996813595294952,-0.0779012665152549,0.8949824571609497,0.4927530288696289,0.3969686627388,-0.1091950014233589,0.9540157318115234,0.5847758054733276,0.3990834057331085,-0.1069853603839874,0.9029132723808287,0.4960416853427887,0.4054355323314667,-0.0725307017564773,0.9436779618263244,0.5826237201690674,0.40750253200531,-0.0682797506451606,0.8932234644889832,0.5209279656410217,0.4299341738224029,-0.0040689231827855,0.9997527003288268,0.5622034072875977,0.4285425245761871,0.004037600941956,0.9996323585510254,0.5193601846694946,0.2711832821369171,-0.0307405777275562,0.9692723751068116,0.562187910079956,0.2703873515129089,-0.0203276928514242,0.9456121921539308,0.5249715447425842,0.1249357014894485,0.0693941488862037,0.9713517427444458,0.5548988580703735,0.127824991941452,0.0828037485480308,0.9430927634239196,0.527833878993988,0.107852429151535,0.0726887807250022,0.6112456917762756,0.5518477559089661,0.1107020229101181,0.0867174193263053,0.6068322658538818,0.5267695784568787,0.0764359757304191,-0.0374967642128467,0.9570507407188416,0.5552605390548706,0.078340508043766,-0.0172573961317539,0.938374936580658,hoyeon_stand_normal_01,17.088007,18.681542,18.248288,17.117243,15.033296,12.041595,9.055385,6.082763,4.472136,3.162278,4.123106,6.403124,9.219544,11.313708,14.142136,16.278821,18.384776,20.518285,21.260292,21.260292,19.849433,17.691806,14.21267,11.18034,11.0,12.649111,16.0,17.117243,16.278821,15.811388,13.928388,12.083046,8.544004,6.324555,4.0,2.828427,4.123106,6.082763,8.0,9.0,11.045361,12.165525,12.165525,12.369317,11.7047,10.77033,8.062258,5.830952,2.236068,2.828427,7.211103,11.18034,13.831047,14.2821705,14.3567335,13.13246,12.532054,12.3539305,10.7466365,10.6622775,10.021811,9.226812,9.7989175,9.8007355,10.7466365,11.218224,11.856019,12.603278,12.958685,13.299629,13.402247,13.412573,13.5098115,14.0768225,14.603124,15.2716775,15.1685925,14.756262,10.2009635,10.8166535,11.630215,13.391958,13.7791535,13.8245555,13.241673,12.046739,10.432124,10.115883,10.206366,9.972879,10.3335865,9.8078865,8.7552705,8.2769445,9.564863,10.6345965,12.0428065,12.621048,12.923418000000002,12.998328,12.0208155,11.5384855,12.047465,8.246211,17.029386,15.0,13.453624,11.313708,10.0,9.848858,10.198039,11.18034,13.152946,14.317821,15.297059,15.811388,17.464249,18.35756,18.027756,18.439089,17.691806,16.278821,14.21267,10.630146,8.602325,6.324555,7.28011,10.816654,13.453624,16.278821,9.219544,7.211103,6.324555,6.082763,8.062258,10.630146,13.453624,16.278821,17.029386,17.804494,18.027756,17.492856,15.652476,14.317821,13.928388,13.0,12.083046,10.29563,10.29563,10.0,12.041595,12.727922,14.866069,16.278821,16.970563,17.691806
hoyeon_stand_normal_01,3015,1005,100.50549180327867,29.998360745314464,10,0.5406676530838013,0.6860478520393372,-0.1814235150814056,0.9999878406524658,0.53615403175354,0.6956784725189209,-0.1690353602170944,0.9999604225158693,0.5334262847900391,0.6949355602264404,-0.169051319360733,0.9999635815620422,0.5309504270553589,0.6940164566040039,-0.169068157672882,0.9999653697013856,0.5437844395637512,0.6965157985687256,-0.1690248847007751,0.9999445676803588,0.5462027788162231,0.6966104507446289,-0.1690307110548019,0.9999422430992126,0.5486825704574585,0.696395993232727,-0.1690250188112259,0.9999410510063172,0.5268114805221558,0.6851027011871338,-0.0864992514252662,0.9999467134475708,0.5519229173660278,0.6883651614189148,-0.0862315818667411,0.9998709559440612,0.5353052616119385,0.6727441549301147,-0.1498808413743972,0.9999862313270568,0.5461488366127014,0.6743807196617126,-0.1498344391584396,0.9999772310256958,0.507222056388855,0.6086716055870056,-0.0295699071139097,0.9999852180480956,0.5725463628768921,0.6078914403915405,-0.0261376556009054,0.9999366402626038,0.4976454377174377,0.5084739327430725,0.0109329279512166,0.985182762145996,0.578628420829773,0.5110687017440796,0.0118392203003168,0.9534507989883424,0.4929361045360565,0.4249124228954315,-0.0605114065110683,0.9748857021331788,0.5844923853874207,0.427175909280777,-0.0558451898396015,0.9379017949104308,0.4889759123325348,0.397542655467987,-0.0828917771577835,0.9500246047973632,0.5879819989204407,0.3996923267841339,-0.0787035524845123,0.8956910371780396,0.4927738606929779,0.3969841003417969,-0.1092603579163551,0.9541075229644777,0.5847768783569336,0.3991177678108215,-0.1077833697199821,0.9035442471504213,0.4960552453994751,0.4054456651210785,-0.0727633088827133,0.943730652332306,0.582624077796936,0.407546728849411,-0.0692920908331871,0.8938446640968323,0.5209047794342041,0.4298430681228637,-0.0040509020909667,0.9997565150260924,0.5622034072875977,0.4284834563732147,0.0040202750824391,0.99963641166687,0.5193295478820801,0.2709920108318329,-0.0308117922395467,0.969726026058197,0.5621868371963501,0.2703895568847656,-0.0203903131186962,0.9459426403045654,0.5248234868049622,0.1246778294444084,0.0690190941095352,0.9716596007347108,0.554819643497467,0.1277521699666977,0.0827889218926429,0.9433773756027222,0.5277246832847595,0.1073981150984764,0.0723005831241607,0.6129316091537476,0.5516282916069031,0.1104680821299552,0.0867017656564712,0.6072016358375549,0.5264948010444641,0.0762938782572746,-0.0378420315682888,0.9574265480041504,0.555133581161499,0.0783376395702362,-0.0172438416630029,0.938695192337036,hoyeon_stand_normal_01,9.433981,5.830952,3.162278,3.605551,5.830952,8.544004,9.486833,10.440307,11.401754,10.198039,10.198039,10.198039,9.055385,8.0,6.082763,5.385165,4.472136,6.0,8.544004,12.529964,16.643317,20.248457,22.472205,24.186773,25.059928,23.259407,1.414214,3.0,5.09902,8.246211,10.198039,12.165525,13.038405,13.0,13.0,12.041595,11.045361,10.049876,8.062258,6.082763,4.0,1.414214,1.414214,4.242641,6.403124,9.899495,12.041595,14.866069,16.278821,17.204651,16.643317,15.264338,15.620499,14.142136,12.806248,10.816654,9.848858,9.219544,7.0,7.071068,5.830952,5.656854,5.830952,6.082763,7.0,8.246211,9.848858,12.083046,13.892444,16.643317,17.204651,18.601075,18.601075,18.601075,18.601075,16.643317,14.422205,10.816654,5.0,4.123106,4.242641,7.615773,10.049876,12.0,14.142136,15.524175,15.231546,14.764823,13.601471,11.401754,9.219544,7.071068,5.0,2.236068,1.0,3.605551,6.403124,8.602325,12.206556,14.422205,16.124515,17.492856,18.35756,17.492856,12.649111,13.341664,14.317821,14.56022,14.56022,13.601471,12.649111,11.7047,10.29563,8.062258,7.615773,5.385165,5.0,5.385165,5.830952,7.81025,10.630146,13.453624,16.278821,18.384776,19.104973,19.849433,20.615528,20.0,17.204651,14.422205,11.7047,13.928388,15.652476,16.552945,17.0,16.124515,14.764823,12.529964,10.29563,8.544004,7.071068,6.0,5.385165,5.830952,7.071068,8.485281,9.219544,9.899495,10.630146,11.401754,11.401754,11.401754,12.041595,12.041595,11.401754,11.661904
hoyeon_stand_normal_01,3018,1006,100.60549726775956,29.998360745314464,10,0.5406578183174133,0.686041533946991,-0.1865779310464859,0.9999879002571106,0.5361496210098267,0.6956759691238403,-0.1743281036615371,0.9999606013298036,0.5334233045578003,0.694930374622345,-0.1743397414684295,0.9999637007713318,0.5309499502182007,0.6940103769302368,-0.1743561774492263,0.999965488910675,0.5437740087509155,0.6965155005455017,-0.1744113862514495,0.9999448657035828,0.5461958646774292,0.6966100335121155,-0.1744197160005569,0.9999425411224364,0.548675537109375,0.696398913860321,-0.1744117587804794,0.999941349029541,0.526810348033905,0.6850999593734741,-0.0918175354599952,0.99994695186615,0.551923394203186,0.688382625579834,-0.0919134840369224,0.999871790409088,0.5353031158447266,0.6727392077445984,-0.1550002247095108,0.9999862909317015,0.5461366772651672,0.6743809580802917,-0.155061736702919,0.9999773502349854,0.5072081685066223,0.6086740493774414,-0.0345027968287467,0.99998539686203,0.5725463628768921,0.6078764200210571,-0.0298999492079019,0.9999372363090516,0.4976197481155395,0.5084595084190369,0.0073146549984812,0.9853048920631408,0.5786096453666687,0.5110666155815125,0.0092694591730833,0.953810691833496,0.4929369986057281,0.4249159395694732,-0.063617043197155,0.9751546382904052,0.5844869613647461,0.4272192120552063,-0.0578302778303623,0.9385592341423036,0.48897784948349,0.3975380659103393,-0.0859587043523788,0.9504762291908264,0.5879761576652527,0.3996989727020263,-0.080461747944355,0.8966408967971802,0.4927965998649597,0.3969797790050506,-0.1124007552862167,0.9545215964317322,0.5847693681716919,0.399151086807251,-0.1097293868660926,0.9044110178947448,0.4960666298866272,0.4054375290870666,-0.0758256912231445,0.9441949725151062,0.5826162695884705,0.4075935184955597,-0.0712833553552627,0.8947380781173706,0.5208693146705627,0.429853230714798,-0.0040761730633676,0.999759078025818,0.5622014403343201,0.4284843802452087,0.0040446906350553,0.9996396899223328,0.5193374156951904,0.2710070013999939,-0.0305765662342309,0.9700796008110046,0.5621557831764221,0.2703815102577209,-0.0202828422188758,0.9463136792182922,0.5247379541397095,0.1246935501694679,0.0690245255827903,0.971893846988678,0.554819643497467,0.1278441250324249,0.0836087614297866,0.9433423280715942,0.5276398658752441,0.1073870286345481,0.0723013877868652,0.6140577793121338,0.551613450050354,0.1107564568519592,0.0876722782850265,0.6069267988204956,0.5264465808868408,0.0762855038046836,-0.0378039702773094,0.9577065706253052,0.5551310181617737,0.0784207060933113,-0.015580384992063,0.9387038946151732,hoyeon_stand_normal_01,9.486833,5.385165,1.414214,2.236068,5.09902,8.062258,9.055385,10.049876,11.045361,11.045361,11.045361,10.0,9.055385,8.246211,7.615773,5.830952,5.385165,7.071068,9.433981,12.806248,17.691806,21.213203,24.758837,26.248809,27.018512,25.0,2.0,3.162278,6.082763,8.062258,11.045361,12.165525,14.317821,14.317821,14.56022,13.601471,13.0,10.77033,8.944272,7.615773,4.472136,3.162278,1.0,3.605551,6.403124,9.219544,12.206556,14.422205,16.643317,17.888544,17.464249,14.866069,15.811388,15.297059,14.035669,12.0,11.18034,9.486833,9.433981,7.81025,7.211103,6.708204,7.071068,7.071068,8.544004,9.433981,10.630146,12.727922,14.21267,16.401219,17.204651,19.416488,19.416488,19.416488,18.027756,17.204651,14.422205,11.401754,6.082763,3.605551,3.0,5.830952,9.219544,11.661904,13.928388,14.317821,15.132746,14.0,13.038405,11.18034,9.486833,7.615773,4.472136,2.236068,2.236068,4.0,7.071068,9.486833,11.7047,14.866069,16.552945,17.888544,18.788294,18.788294,13.038405,13.038405,14.142136,15.132746,14.035669,13.038405,13.0,12.041595,10.049876,9.055385,7.071068,5.0,4.123106,4.242641,5.385165,7.28011,10.198039,13.341664,15.524175,17.720045,19.924859,20.615528,19.697716,18.788294,17.0,14.764823,14.035669,16.124515,17.117243,17.262677,18.439089,17.464249,15.524175,13.341664,11.18034,9.055385,7.071068,6.324555,6.403124,6.403124,7.211103,8.062258,8.944272,10.29563,10.816654,11.661904,11.661904,11.661904,11.661904,10.77033,11.401754,12.165525
hoyeon_stand_normal_01,3021,1007,100.70550273224045,29.998360745314464,10,0.5406280755996704,0.6860454082489014,-0.1871101856231689,0.9999879598617554,0.5361372828483582,0.6956738233566284,-0.1744228303432464,0.9999607801437378,0.5334157347679138,0.6949225664138794,-0.1744338124990463,0.999963879585266,0.5309486985206604,0.6940006017684937,-0.1744512021541595,0.9999656081199646,0.5437477827072144,0.6965234279632568,-0.1748150140047073,0.9999452233314514,0.5461744070053101,0.6966201663017273,-0.1748240739107132,0.9999428987503052,0.5486486554145813,0.6964333057403564,-0.1748164743185043,0.9999417662620544,0.5268126726150513,0.685096800327301,-0.0929781198501586,0.9999470710754396,0.5519238710403442,0.6884279847145081,-0.0920248702168464,0.9998727440834044,0.5352998971939087,0.6727466583251953,-0.1551572978496551,0.9999864101409912,0.5461167693138123,0.6744184494018555,-0.1555681526660919,0.9999775290489196,0.5072033405303955,0.6086781024932861,-0.035810325294733,0.9999855160713196,0.5725513100624084,0.607843279838562,-0.0301111321896314,0.9999378323554992,0.4976006150245666,0.5084530115127563,0.0061838002875447,0.9853488206863404,0.5786024928092957,0.5109860301017761,0.0087475571781396,0.9543511867523192,0.4929186999797821,0.424897164106369,-0.063712827861309,0.9753061532974244,0.5844848155975342,0.4272241592407226,-0.0588087290525436,0.9394394755363464,0.4889731407165527,0.397509753704071,-0.0863098129630088,0.9507362842559814,0.5879727602005005,0.3997132778167724,-0.0817281380295753,0.8979480862617493,0.492796778678894,0.3969278037548065,-0.1129254624247551,0.9547602534294128,0.584766685962677,0.3991859853267669,-0.1111777573823928,0.905619740486145,0.4960602521896362,0.4053700268268585,-0.07603719830513,0.9444426894187928,0.5826155543327332,0.4076080322265625,-0.0723276585340499,0.895958423614502,0.5208250284194946,0.4298353791236877,-0.004057862330228,0.999761164188385,0.5621922016143799,0.4284684658050537,0.0040261899121105,0.9996433854103088,0.5192829966545105,0.2710182070732116,-0.0305694434791803,0.970609188079834,0.5621171593666077,0.2703796923160553,-0.020276878029108,0.9470809698104858,0.5246734023094177,0.1247064694762229,0.0698136985301971,0.9722882509231568,0.5548219084739685,0.1278280764818191,0.0839713886380195,0.943996787071228,0.5276182293891907,0.1073707416653633,0.0731985718011856,0.6167909502983093,0.5516127347946167,0.1107926666736602,0.0880720913410186,0.6086177825927734,0.5263871550559998,0.0762805193662643,-0.0370550118386745,0.9582469463348388,0.5551217198371887,0.0783969312906265,-0.0155103458091616,0.9393603801727296,hoyeon_stand_normal_01,17.0,17.464249,18.027756,16.763055,14.317821,12.165525,9.219544,6.324555,3.605551,3.0,3.605551,6.403124,8.602325,10.816654,13.038405,16.643317,18.027756,20.808652,21.400935,20.615528,19.209373,17.804494,13.892444,11.401754,11.18034,13.892444,16.155494,16.492423,16.278821,16.03122,14.0,11.0,8.0,6.0,3.605551,3.605551,5.09902,7.28011,9.219544,10.440307,11.18034,12.165525,13.038405,13.0,13.0,11.045361,9.219544,6.082763,3.0,2.236068,6.403124,10.630146,16.124515,15.0,14.035669,12.369317,11.7047,10.29563,9.219544,7.81025,7.615773,7.071068,6.082763,6.324555,7.211103,9.219544,10.816654,12.529964,13.928388,16.155494,17.720045,18.681542,18.681542,19.646883,17.720045,16.763055,14.56022,11.7047,6.082763,4.472136,4.0,5.830952,8.485281,11.401754,13.416408,14.866069,15.524175,14.142136,13.0,11.0,9.055385,7.28011,4.472136,2.236068,2.236068,4.123106,7.0,10.049876,12.165525,15.297059,16.492423,18.681542,18.681542,18.439089,13.3772085,13.4715675,14.370013,15.2806985,14.370013,13.8718035,12.9223265,12.041595,10.815073,8.7426405,7.905125,6.201562,4.785578,4.5,5.6080585,7.615773,9.937144,12.77411,15.2620875,17.462348,18.920814,20.1865345,19.697716,18.586535,16.577747000000002,14.3466055,13.2460145,15.3268975,16.5008915,17.845903,17.845903,16.654103499999998,14.9496825,13.226812,11.156854,9.1374645,7.4479415,6.994157,6.701562,7.245606499999999,7.615773,8.744138,9.848858,10.77033,11.426688,11.893873,12.3660785,11.893873,12.083046,11.291047,11.531829,12.041595
hoyeon_stand_normal_01,3024,1008,100.8055081967213,29.998360745314464,10,0.5406044125556946,0.6860455274581909,-0.1825256943702697,0.999987781047821,0.5361299514770508,0.6956609487533569,-0.1700024902820587,0.9999603033065796,0.5334115624427795,0.6949006915092468,-0.1700173169374466,0.999963402748108,0.5309483408927917,0.6939778923988342,-0.1700332462787628,0.9999651312828064,0.543731689453125,0.6965250968933105,-0.1701436042785644,0.999944508075714,0.5461598038673401,0.6966257095336914,-0.170150026679039,0.9999421238899232,0.5486289858818054,0.6964618563652039,-0.170145034790039,0.999941110610962,0.5268206000328064,0.6850882768630981,-0.0876770988106727,0.999946117401123,0.5519253015518188,0.6884714365005493,-0.0874284654855728,0.9998711347579956,0.5352991819381714,0.6727558970451355,-0.1508850902318954,0.9999862909317015,0.5461045503616333,0.6744568347930908,-0.150996908545494,0.9999773502349854,0.5071985721588135,0.6086838245391846,-0.0311335977166891,0.9999856352806092,0.5725558996200562,0.60783451795578,-0.0276793874800205,0.9999377131462096,0.49759641289711,0.5084932446479797,0.0087713934481143,0.985194206237793,0.5785754919052124,0.5109407305717468,0.0096642524003982,0.9544051289558412,0.4929194450378418,0.4248965084552765,-0.0628503486514091,0.9753050208091736,0.5844519138336182,0.4273051619529724,-0.0580301210284233,0.940011978149414,0.4889740347862243,0.3974758684635162,-0.0854283273220062,0.950822651386261,0.58794105052948,0.399749606847763,-0.0810169503092765,0.8989365100860596,0.4927968382835388,0.3968667387962341,-0.1118506863713264,0.9548224210739136,0.5847472548484802,0.3992387354373932,-0.1100536733865737,0.9065216183662416,0.4960575401782989,0.4053090810775757,-0.0751395672559738,0.944466471672058,0.5826014280319214,0.4076476395130157,-0.0714165121316909,0.8968291878700256,0.5208214521408081,0.4295550882816314,-0.0039915610104799,0.999764323234558,0.5621995329856873,0.4282620549201965,0.0039598140865564,0.999646782875061,0.5192609429359436,0.2705945074558258,-0.0305502414703369,0.97128427028656,0.5620958805084229,0.2700740993022918,-0.0202956981956958,0.9478490352630616,0.5245283842086792,0.1247706934809684,0.0716858953237533,0.9728568196296692,0.5547278523445129,0.1277927607297897,0.0856637209653854,0.9448133707046508,0.5275474190711975,0.1073973029851913,0.0753794834017753,0.6205595135688782,0.551437497138977,0.1108215302228927,0.0900511816143989,0.610719621181488,0.5262911319732666,0.0761719942092895,-0.0347339697182178,0.9590169191360474,0.5549004077911377,0.0784002542495727,-0.0134917553514242,0.9402580261230468,hoyeon_stand_normal_01,9.219544,5.09902,2.236068,2.828427,5.830952,7.615773,9.848858,10.77033,10.77033,10.440307,10.440307,10.198039,9.055385,8.0,7.071068,5.385165,5.0,7.071068,10.198039,13.601471,18.027756,21.540659,24.698178,26.570661,26.248809,25.0,2.236068,3.162278,6.0,9.0,11.0,13.038405,14.142136,14.142136,14.317821,13.341664,12.649111,10.440307,8.544004,6.324555,4.123106,2.0,1.0,3.605551,5.830952,9.433981,11.661904,14.764823,15.652476,17.464249,17.088007,14.56022,11.18034,12.369317,13.601471,13.928388,14.317821,13.892444,13.601471,12.727922,13.453624,12.806248,13.038405,12.529964,12.529964,12.083046,11.7047,11.401754,10.198039,10.0,8.062258,7.211103,8.602325,10.440307,13.341664,15.132746,17.117243,19.104973,15.231546,17.492856,18.439089,17.691806,16.643317,14.317821,10.198039,7.071068,4.242641,4.0,7.071068,8.944272,10.77033,12.369317,14.035669,15.0,16.03122,16.124515,15.132746,14.317821,13.152946,11.045361,8.0,6.324555,6.403124,7.071068,12.649111,13.601471,14.866069,14.866069,14.866069,14.56022,13.341664,12.369317,11.18034,9.055385,8.062258,6.082763,5.385165,5.0,5.385165,8.246211,10.198039,13.038405,15.132746,17.117243,18.248288,19.646883,19.646883,18.973666,17.088007,13.928388,13.601471,14.56022,16.492423,18.248288,17.262677,16.124515,15.132746,13.152946,10.198039,9.486833,7.211103,7.071068,6.708204,7.28011,8.246211,9.219544,10.198039,11.18034,12.369317,12.369317,12.369317,12.369317,12.369317,12.165525,12.041595,12.041595
hoyeon_stand_normal_01,3027,1009,100.90551366120218,29.998360745314464,10,0.540575385093689,0.6860464811325073,-0.1975917816162109,0.9999878406524658,0.5361089110374451,0.6956554651260376,-0.1853828877210617,0.9999604225158693,0.5333960652351379,0.6948868632316589,-0.1853936612606048,0.9999635219573976,0.5309447050094604,0.6939612627029419,-0.1854102462530136,0.9999653100967408,0.5436965823173523,0.6965339183807373,-0.185637280344963,0.9999446272850036,0.5461294054985046,0.6966397166252136,-0.1856478601694107,0.9999422430992126,0.5485847592353821,0.6965082287788391,-0.1856424659490585,0.9999411702156068,0.5268239974975586,0.6850773692131042,-0.1018769517540931,0.999946355819702,0.5519229769706726,0.6885335445404053,-0.10267885774374,0.99987131357193,0.5352985262870789,0.6727645993232727,-0.165501058101654,0.9999863505363464,0.5460861325263977,0.6745076775550842,-0.1658171564340591,0.99997740983963,0.5071947574615479,0.6086826324462891,-0.042380902916193,0.999985694885254,0.5725589990615845,0.6078299283981323,-0.0393825322389602,0.9999376535415648,0.4975922405719757,0.5085160136222839,0.0006992772105149,0.985321283340454,0.5785350203514099,0.5109368562698364,0.0004294477403163,0.95485919713974,0.492919772863388,0.4248659014701843,-0.0696270391345024,0.9755914211273192,0.5844472646713257,0.4273242950439453,-0.0655967146158218,0.9405772089958192,0.4889772534370422,0.3974414765834808,-0.0915150493383407,0.9512629508972168,0.5879316329956055,0.3997671604156494,-0.0880614519119262,0.8997204303741455,0.4927980005741119,0.3968023061752319,-0.1184442788362503,0.9552366733551024,0.5847418308258057,0.3992637991905212,-0.1171769201755523,0.9072648882865906,0.4960574507713318,0.4052292108535766,-0.0819797664880752,0.9449619054794312,0.5825994610786438,0.4076586961746216,-0.0789455398917198,0.8975734710693359,0.5208174586296082,0.4295597374439239,-0.0039615374989807,0.9997645616531372,0.5621989369392395,0.4282678365707397,0.0039282171055674,0.9996466636657716,0.5192588567733765,0.2706031799316406,-0.0303415637463331,0.9714075326919556,0.5620338916778564,0.2700571119785309,-0.0202131159603595,0.9480070471763612,0.524493396282196,0.1247836798429489,0.0720604881644249,0.9729322791099548,0.5546568632125854,0.1278004348278045,0.0855741128325462,0.9448213577270508,0.5274863839149475,0.1075342670083046,0.0757315978407859,0.6213929653167725,0.5513508319854736,0.110998697578907,0.0899023041129112,0.6100989580154419,0.5262102484703064,0.0761657953262329,-0.0344649814069271,0.9591649174690248,0.554814875125885,0.0784045159816742,-0.013758854009211,0.9402981400489808,hoyeon_stand_normal_01,13.5893195,13.1622775,10.8481945,10.5929935,10.5188205,10.140055,9.534201,8.014495499999999,7.7114905,7.171309,7.644000999999999,8.37904,9.2434165,10.3556845,11.4021425,11.7754985,13.3557825,14.567972,15.979519,17.9443065,19.5167575,20.2499805,20.425462,19.6681415,19.24736,19.9729705,9.8501585,10.4411615,12.2195445,12.0622575,13.016648,12.0,11.0192025,10.1124495,8.8738435,8.732385,9.22604,9.340932,9.353188500000002,8.8602085,8.401860000000001,8.3007355,7.377939,8.652207,9.7207645,10.609772,10.725815,10.7466365,9.8216585,9.207107,11.882024,13.31665,16.552945,15.264338,13.601471,11.313708,10.0,8.944272,7.28011,6.0,5.09902,5.0,5.0,5.385165,6.0,8.062258,9.486833,12.083046,13.892444,16.124515,17.492856,18.867962,18.867962,18.867962,18.027756,16.643317,14.422205,10.816654,5.830952,4.0,5.0,7.071068,10.198039,11.7047,13.892444,15.0,14.866069,14.866069,13.601471,12.206556,10.29563,7.615773,5.385165,2.0,1.0,2.828427,5.830952,8.944272,11.7047,13.928388,15.811388,18.027756,18.027756,18.027756,13.038405,13.601471,15.0,14.21267,15.0,14.422205,13.038405,11.661904,10.29563,8.944272,7.211103,6.403124,5.0,5.385165,6.0,8.246211,11.18034,13.341664,16.492423,18.439089,19.235384,21.095023,21.023796,19.0,18.0,15.0,11.7047,13.928388,15.524175,16.492423,16.278821,15.297059,13.341664,12.165525,9.219544,7.615773,6.403124,5.0,5.09902,6.0,7.0,8.062258,9.055385,10.049876,11.0,11.0,12.041595,12.041595,11.0,11.045361,11.18034,11.7047
hoyeon_stand_normal_01,3030,1010,101.00551912568304,29.998360745314464,10,0.5405646562576294,0.686045229434967,-0.1992092877626419,0.9999878406524658,0.5361023545265198,0.695650577545166,-0.1870804131031036,0.999960482120514,0.5333921909332275,0.6948785185813904,-0.1870919317007064,0.9999635815620422,0.5309442281723022,0.6939517259597778,-0.1871083080768585,0.9999653697013856,0.5436817407608032,0.696536123752594,-0.1871742457151413,0.999944806098938,0.5461145043373108,0.6966434717178345,-0.187184676527977,0.999942421913147,0.5485630631446838,0.6965264081954956,-0.1871800124645233,0.999941349029541,0.5268260836601257,0.6850735545158386,-0.1037961095571518,0.9999464750289916,0.5519217252731323,0.6885719895362854,-0.1039651483297348,0.9998718500137328,0.5352991819381714,0.6727681159973145,-0.1672406494617462,0.9999864101409912,0.5460766553878784,0.6745335459709167,-0.1673448532819748,0.9999775290489196,0.5071911215782166,0.6086875200271606,-0.0444157607853412,0.999985694885254,0.5725593566894531,0.6078007817268372,-0.0404314212501049,0.9999377131462096,0.4975892603397369,0.5085127949714661,-0.0014594061067327,0.9853625297546388,0.5784879922866821,0.5108732581138611,-0.0006460402510128,0.9552049040794371,0.4929203987121582,0.4247563779354095,-0.07187470048666,0.9756839871406556,0.5844448804855347,0.4273272454738617,-0.0669540017843246,0.9410825967788696,0.4889811873435974,0.3973615169525146,-0.0937637239694595,0.9513980746269226,0.5879300236701965,0.3997663557529449,-0.0893756374716758,0.900451123714447,0.4928013682365417,0.3967115581035614,-0.1206951141357421,0.9553557634353638,0.584740936756134,0.3992651998996734,-0.1185236796736717,0.9079493284225464,0.4960574805736542,0.4051316976547241,-0.0842213854193687,0.945104479789734,0.5825985670089722,0.4076596200466156,-0.0803231000900268,0.8982652425765991,0.5207952857017517,0.4295592904090881,-0.0039648134261369,0.999764323234558,0.5621944069862366,0.4282641410827636,0.0039311414584517,0.999646782875061,0.5192455649375916,0.2706126868724823,-0.0302353631705045,0.9716814160346984,0.56202232837677,0.2700465321540832,-0.0198614057153463,0.9484694004058838,0.5244877934455872,0.1247957572340965,0.0722518935799598,0.9731395840644836,0.5546513199806213,0.1277631819248199,0.085543617606163,0.9452523589134216,0.5274714827537537,0.1074865832924842,0.0758975595235824,0.6233982443809509,0.5513473749160767,0.1107980385422706,0.0898127406835556,0.6112837195396423,0.5262101292610168,0.0761609375476837,-0.0342462658882141,0.9594857692718506,0.554812490940094,0.0784038305282592,-0.0139366323128342,0.9406954646110536,hoyeon_stand_normal_01,8.246211,5.0,1.414214,3.605551,6.403124,8.485281,9.899495,10.630146,10.630146,11.401754,10.630146,10.0,9.433981,8.544004,7.28011,6.0,5.830952,7.211103,10.440307,14.142136,18.027756,22.022716,25.079872,26.172505,26.305893,25.317978,2.0,4.242641,5.830952,8.062258,11.18034,13.038405,14.422205,14.422205,14.21267,13.453624,12.727922,10.630146,9.219544,7.071068,5.0,2.828427,1.0,3.0,5.09902,8.246211,11.18034,13.152946,15.033296,16.0,16.03122,14.142136,10.77033,13.341664,13.152946,14.035669,14.0,14.035669,13.341664,13.601471,13.0,13.416408,13.038405,12.206556,12.806248,12.041595,12.727922,10.630146,10.0,8.944272,8.246211,7.071068,8.062258,10.630146,13.038405,15.652476,17.464249,18.788294,16.124515,17.464249,18.681542,18.11077,17.029386,13.341664,10.77033,7.071068,4.123106,4.242641,6.324555,9.0,11.18034,12.649111,14.317821,15.652476,15.264338,15.811388,15.620499,15.0,13.601471,10.816654,8.944272,7.071068,6.324555,7.071068,15.811388,15.0,13.601471,11.661904,10.77033,10.198039,10.0,11.045361,12.041595,13.0,15.0,16.124515,16.278821,17.720045,17.464249,17.0,17.492856,15.620499,12.806248,10.816654,7.615773,7.0,8.062258,10.630146,13.601471,16.401219,9.433981,7.615773,7.071068,6.324555,8.485281,10.0,13.038405,14.422205,16.401219,17.804494,17.691806,16.970563,15.620499,15.0,13.601471,12.206556,10.816654,10.0,9.899495,10.630146,10.816654,12.529964,13.892444,16.124515,17.492856,17.204651
hoyeon_stand_normal_01,3033,1011,101.10552459016394,29.998360745314464,10,0.5405495762825012,0.6860473155975342,-0.199136421084404,0.9999877214431764,0.5360862612724304,0.695649266242981,-0.1869901567697525,0.9999601244926452,0.5333794355392456,0.6948741674423218,-0.1870021969079971,0.9999632239341736,0.5309393405914307,0.6939455270767212,-0.1870183050632476,0.9999650120735168,0.5436566472053528,0.696544885635376,-0.1870719939470291,0.999944269657135,0.546091616153717,0.6966544389724731,-0.1870825439691543,0.9999419450759888,0.5485283732414246,0.6965609192848206,-0.1870789378881454,0.9999408721923828,0.5268245935440063,0.6850631237030029,-0.1037940457463264,0.9999458193778992,0.551918625831604,0.6886128783226013,-0.1039440855383873,0.9998708963394164,0.535298764705658,0.67277592420578,-0.1672360599040985,0.9999862909317015,0.5460627675056458,0.6745728850364685,-0.1673243790864944,0.99997740983963,0.5071819424629211,0.6086778044700623,-0.044416781514883,0.9999855160713196,0.5725600123405457,0.6077643036842346,-0.0409178920090198,0.9999374151229858,0.4975876808166504,0.5083916187286377,-0.0013817658182233,0.9852843284606934,0.5784565210342407,0.5108065009117126,-0.0012732344912365,0.9555537104606628,0.4929435849189758,0.424588143825531,-0.0718571171164512,0.9755978584289552,0.5844427943229675,0.4272604882717132,-0.0675373524427414,0.9414517879486084,0.4890105426311493,0.3972604870796203,-0.0937042161822319,0.9512212872505188,0.5879284143447876,0.3997232019901275,-0.08989267796278,0.900969922542572,0.492839366197586,0.3966040015220642,-0.1206028833985328,0.9551900029182434,0.5847383737564087,0.3992216885089874,-0.1190314814448356,0.9084303975105286,0.496080607175827,0.4050320386886596,-0.0842049792408943,0.9449304938316344,0.5825974345207214,0.4076250493526459,-0.0808951333165168,0.8987644910812378,0.520763635635376,0.4294373095035553,-0.003887478262186,0.9997634291648864,0.5621936321258545,0.4281160831451416,0.0038531580939888,0.9996457695961,0.519180417060852,0.2704545259475708,-0.0302386302500963,0.9716802835464478,0.5619867444038391,0.2698772847652435,-0.019849894568324,0.9484647512435912,0.5244868397712708,0.1247704848647117,0.0728642866015434,0.973009705543518,0.5546517968177795,0.1277032047510147,0.0855840370059013,0.945130169391632,0.5274689197540283,0.1075414791703224,0.0766032263636589,0.6236310601234436,0.5513657927513123,0.1108148694038391,0.0898400843143463,0.6103124022483826,0.5262098908424377,0.0761228054761886,-0.0334251672029495,0.959336280822754,0.554818868637085,0.078398548066616,-0.0140593266114592,0.940533459186554,hoyeon_stand_normal_01,15.811388,10.198039,4.472136,6.0,10.440307,14.317821,16.124515,18.35756,18.867962,19.723083,18.867962,18.027756,17.029386,14.866069,12.806248,9.848858,9.055385,10.0,14.764823,21.18962,28.861739,34.928498,41.231056,43.965896,44.271887,40.853396,3.605551,4.472136,8.602325,12.041595,16.970563,19.104973,22.022716,22.803509,21.633308,21.633308,19.235384,17.0,13.416408,10.77033,7.28011,3.162278,1.0,6.082763,10.0,15.0,19.0,24.083189,27.294688,28.635642,28.160256,25.298221,10.77033,12.083046,12.529964,13.038405,13.601471,13.453624,12.806248,13.038405,12.529964,12.083046,13.0,12.649111,12.369317,12.165525,12.041595,11.0,10.049876,9.219544,8.062258,7.81025,8.246211,10.0,13.152946,15.297059,17.464249,18.439089,15.652476,17.204651,18.439089,18.439089,16.643317,14.317821,10.198039,7.0,5.0,4.0,6.403124,8.602325,10.77033,12.369317,14.142136,15.033296,15.0,16.0,16.03122,14.035669,13.038405,11.045361,9.055385,6.324555,5.830952,7.0,16.763055,15.524175,13.601471,13.0,11.18034,10.0,9.899495,11.401754,12.206556,13.453624,14.866069,15.556349,17.029386,18.027756,18.35756,17.464249,18.027756,16.492423,14.56022,11.401754,8.544004,5.656854,7.28011,10.049876,12.369317,14.56022,10.29563,8.602325,7.071068,7.28011,8.062258,11.401754,13.928388,15.811388,17.720045,18.439089,18.439089,18.11077,17.029386,16.03122,14.035669,13.038405,12.041595,11.0,11.045361,11.18034,11.401754,12.649111,14.317821,16.155494,17.088007,17.088007
hoyeon_stand_normal_01,3036,1012,101.2055300546448,29.998360745314464,10,0.5405473709106445,0.6860517263412476,-0.1941318213939666,0.9999874234199524,0.5360812544822693,0.6956485509872437,-0.1819877177476883,0.999959111213684,0.5333760976791382,0.694872260093689,-0.1820019036531448,0.9999622702598572,0.5309382677078247,0.6939433217048645,-0.1820178627967834,0.9999641180038452,0.5436400771141052,0.6965563297271729,-0.181930124759674,0.9999428987503052,0.5460748076438904,0.6966695189476013,-0.1819403022527694,0.9999405145645142,0.5484979748725891,0.6965987086296082,-0.1819393187761306,0.999939501285553,0.5268238186836243,0.6850612759590149,-0.1000396236777305,0.9999443888664246,0.5519029498100281,0.6886537671089172,-0.099542498588562,0.9998677968978882,0.5353014469146729,0.6727827191352844,-0.1628209203481674,0.999985933303833,0.5460585355758667,0.6746112108230591,-0.1627101153135299,0.9999768733978271,0.5071713924407959,0.6086682677268982,-0.0430306680500507,0.9999852776527404,0.5725582242012024,0.6077587008476257,-0.038951639086008,0.9999367594718932,0.4975933134555816,0.5083299875259399,-0.001192329567857,0.9850993752479552,0.578428328037262,0.510773777961731,-0.0006588005344383,0.9555994272232056,0.4929536283016205,0.424513041973114,-0.0715974569320678,0.975384533405304,0.5844395160675049,0.4272501468658447,-0.0658148676156997,0.9415569305419922,0.4890216886997223,0.3972101509571075,-0.0934511572122573,0.9509088397026062,0.5879245400428772,0.3997025489807129,-0.0879126340150833,0.9011253118515016,0.4928525686264038,0.3965580463409424,-0.1204324513673782,0.9548863768577576,0.5847364664077759,0.3991945385932922,-0.1166440322995185,0.9085713028907776,0.4960868954658508,0.4049744606018066,-0.0839522257447242,0.9446129202842712,0.582596480846405,0.4075973927974701,-0.0790274292230606,0.8989441394805908,0.5207555890083313,0.4293133318424225,-0.0038908130954951,0.9997615814208984,0.5621907711029053,0.4278890788555145,0.0038562971167266,0.9996432065963744,0.5191725492477417,0.2704518735408783,-0.0309408977627754,0.9713932871818542,0.5619664788246155,0.26953786611557,-0.0198546592146158,0.9477830529212952,0.5244773626327515,0.1247777268290519,0.0726029202342033,0.9725358486175536,0.5546373128890991,0.1276657879352569,0.0853593349456787,0.9442461133003236,0.5274217128753662,0.1078449189662933,0.0764631778001785,0.6207993030548096,0.5513556003570557,0.1108906790614128,0.0896287411451339,0.6072147488594055,0.5262511372566223,0.0761446580290794,-0.0335973426699638,0.9587268233299256,0.5548071265220642,0.0783413723111152,-0.0140868527814745,0.9396585822105408,hoyeon_stand_normal_01,9.433981,5.656854,3.162278,3.605551,6.324555,8.246211,10.198039,11.045361,12.041595,12.041595,12.041595,11.0,11.045361,9.055385,8.246211,6.708204,5.0,6.0,7.615773,11.401754,16.278821,20.518285,24.083189,25.612497,26.400758,24.413111,3.0,2.236068,4.0,7.0,9.055385,11.0,13.0,13.0,13.038405,13.152946,12.165525,10.440307,8.246211,6.324555,4.472136,2.236068,3.162278,5.830952,8.602325,11.401754,14.21267,16.278821,17.691806,17.029386,15.811388,20.2648835,11.401754,13.038405,13.416408,14.317821,14.866069,14.56022,14.142136,14.035669,14.0,14.035669,14.142136,13.152946,13.341664,12.649111,12.649111,10.77033,10.29563,8.602325,7.81025,7.28011,8.062258,9.848858,12.206556,14.21267,16.278821,17.691806,15.033296,17.029386,18.248288,18.027756,17.0,14.422205,12.041595,7.615773,6.0,5.0,7.071068,8.246211,10.77033,12.206556,13.453624,14.142136,14.866069,15.0,14.422205,14.422205,12.206556,10.0,8.485281,6.708204,6.082763,7.211103,16.492423,16.278821,14.317821,12.649111,10.77033,10.29563,10.630146,11.313708,12.041595,13.453624,14.142136,15.0,16.643317,17.0,17.464249,17.720045,17.464249,16.278821,14.142136,11.18034,8.544004,7.211103,7.615773,10.049876,12.0,15.033296,10.0,8.485281,7.211103,7.28011,9.055385,10.440307,13.928388,16.155494,17.088007,17.720045,18.439089,17.262677,17.029386,16.0,14.035669,14.035669,12.0,11.0,11.0,11.18034,11.401754,12.649111,14.866069,16.155494,17.720045,18.027756
hoyeon_stand_normal_01,3039,1013,101.30553551912568,29.998360745314464,10,0.5405470132827759,0.6860538721084595,-0.1948686242103576,0.999987244606018,0.5360791683197021,0.695648193359375,-0.1828061491250991,0.9999585747718812,0.5333749651908875,0.6948705315589905,-0.182818979024887,0.999961793422699,0.5309393405914307,0.6939412355422974,-0.1828344166278839,0.999963641166687,0.5436351299285889,0.6965651512145996,-0.1826925873756408,0.9999421238899232,0.5460695028305054,0.6966807246208191,-0.1827028095722198,0.9999397993087769,0.5484861731529236,0.6966225504875183,-0.1827022731304168,0.9999387860298156,0.5268242359161377,0.6850594282150269,-0.1010144054889679,0.9999436736106871,0.5518898367881775,0.6886907815933228,-0.1002519503235817,0.9998659491539,0.5353150963783264,0.6727867126464844,-0.163601666688919,0.9999857544898988,0.5460554957389832,0.6746332049369812,-0.1634192317724228,0.999976634979248,0.5071543455123901,0.6086633205413818,-0.043510477989912,0.9999852180480956,0.5725533962249756,0.607753574848175,-0.0390939898788929,0.9999362826347352,0.4975916147232055,0.5083101987838745,-0.001087280223146,0.9850864410400392,0.5784146189689636,0.5107612609863281,-0.0005209701485,0.9557334780693054,0.4929593205451965,0.4244841933250427,-0.0715372785925865,0.9754237532615662,0.5844374895095825,0.4272339344024658,-0.0654912516474723,0.941760241985321,0.4890341162681579,0.3971855044364929,-0.0932354182004928,0.9509956240653992,0.5879228711128235,0.3996945321559906,-0.0874115228652954,0.9014222025871276,0.4928728938102722,0.3965455889701843,-0.1201816722750663,0.9549566507339478,0.5847349762916565,0.3991828560829162,-0.1162301525473594,0.90883606672287,0.496094673871994,0.4049559533596039,-0.083928532898426,0.9447013139724731,0.5825956463813782,0.4075843691825866,-0.0787114053964614,0.8992352485656738,0.5207468271255493,0.4292997717857361,-0.0038978445809334,0.9997617602348328,0.5621820092201233,0.427885353565216,0.0038626862224191,0.999643087387085,0.5191122889518738,0.270331472158432,-0.0312657207250595,0.9713664054870604,0.5619637370109558,0.2695292532444,-0.0199546329677104,0.9476972818374634,0.5244550108909607,0.1247781291604042,0.0725279971957206,0.9723680019378662,0.5547003149986267,0.1276596784591674,0.0853303968906402,0.9439027309417723,0.5274175405502319,0.1079369783401489,0.0764335542917251,0.6187337040901184,0.551440417766571,0.1109867841005325,0.0896045714616775,0.6053950190544128,0.526300847530365,0.0761277377605438,-0.0336583256721496,0.9584603309631348,0.5548632740974426,0.0783427283167839,-0.0141722289845347,0.939341366291046,hoyeon_stand_normal_01,8.944272,6.324555,3.162278,4.123106,6.082763,8.246211,9.486833,10.77033,10.77033,11.18034,11.18034,10.29563,9.433981,8.602325,7.071068,5.830952,5.0,5.0,8.062258,11.7047,15.524175,20.615528,23.769729,25.0,25.298221,24.698178,2.236068,2.0,4.472136,7.211103,9.433981,10.816654,12.529964,13.416408,13.416408,12.649111,11.401754,10.440307,8.246211,6.082763,4.123106,2.0,1.0,3.0,6.0,9.055385,12.041595,14.317821,16.492423,16.763055,17.088007,15.231546,11.401754,13.3772085,14.035262,15.132421,14.8824115,14.7277505,15.1485295,14.7131445,14.5041025,14.2652455,13.959646,13.892444,13.654426,13.5089395,12.903124,11.7216745,11.6109675,10.024938,8.7996945,8.031129,8.986057,9.924429,12.5486195,14.177403,16.917856999999998,18.314415500000003,15.8879965,17.345304,18.9182295,18.691929,17.102625,14.4390205,12.041523,8.5146425,5.5210095,4.736068,5.8941445,8.3011625,9.842436,11.553227,13.2274065,13.946222,14.228937,15.066373,14.177403,13.397644,12.10356,10.024938,8.031129,5.733964,5.6080585,7.1410855,18.027756,15.811388,14.866069,13.601471,11.045361,11.0,11.18034,11.18034,13.341664,14.317821,16.124515,16.03122,17.029386,18.248288,18.439089,18.027756,17.464249,16.552945,14.764823,11.18034,9.219544,7.071068,8.602325,11.401754,14.422205,16.401219,10.0,8.062258,6.708204,6.403124,8.544004,11.401754,14.317821,16.492423,18.681542,18.681542,19.313208,18.788294,17.0,16.124515,14.422205,13.601471,12.206556,11.661904,11.18034,10.77033,12.649111,13.341664,15.297059,16.278821,17.720045,18.681542
hoyeon_stand_normal_01,3042,1014,101.40554098360656,29.998360745314464,10,0.5405452847480774,0.6860441565513611,-0.1953500062227249,0.9999871253967284,0.5360773205757141,0.6956325769424438,-0.1833543926477432,0.999958038330078,0.5333738923072815,0.6948528289794922,-0.1833667010068893,0.9999613165855408,0.5309404134750366,0.6939203143119812,-0.1833819597959518,0.9999631643295288,0.5436323881149292,0.6965649127960205,-0.1832512766122818,0.9999414086341858,0.5460662841796875,0.696682333946228,-0.1832616180181503,0.9999391436576844,0.5484793782234192,0.6966267824172974,-0.1832609921693802,0.9999381303787231,0.5268270373344421,0.6850468516349792,-0.1016876175999641,0.99994295835495,0.551887571811676,0.6886986494064331,-0.1009768918156623,0.9998645782470704,0.5353223085403442,0.6727805733680725,-0.1641138195991516,0.9999856352806092,0.5460529327392578,0.6746375560760498,-0.1639422476291656,0.999976396560669,0.5071471333503723,0.6086134314537048,-0.0438733622431755,0.9999851584434508,0.5725530385971069,0.6077374815940857,-0.0397819057106971,0.9999361634254456,0.4975945651531219,0.5082452297210693,-0.0011460558744147,0.985051929950714,0.5784116387367249,0.5107284784317017,-0.0008694242569617,0.956017017364502,0.4929652214050293,0.4244608581066131,-0.071362130343914,0.9754016399383544,0.5844357013702393,0.4272112250328064,-0.0656100884079933,0.942087471485138,0.4890505671501159,0.3971641957759857,-0.0931196734309196,0.9509607553482056,0.5879213213920593,0.3996864855289459,-0.0875001028180122,0.9018564820289612,0.4928891956806183,0.3965299725532532,-0.1200853437185287,0.9549164175987244,0.5847338438034058,0.3991701006889343,-0.116290844976902,0.9092254638671876,0.4961009919643402,0.4049301147460937,-0.083744116127491,0.9446953535079956,0.5825948119163513,0.4075713753700256,-0.0788132175803184,0.8996572494506836,0.5207405686378479,0.4292392432689667,-0.0038839678745716,0.9997612833976746,0.5621801614761353,0.4278648197650909,0.0038480625953525,0.9996419548988342,0.519090473651886,0.270187109708786,-0.031349703669548,0.9711378216743468,0.5619372725486755,0.269517570734024,-0.0199851691722869,0.9472843408584596,0.5244241952896118,0.1247837170958519,0.0725062265992164,0.971979796886444,0.5546997785568237,0.1277543306350708,0.0851092115044593,0.9431580305099488,0.5274003744125366,0.1078837811946868,0.076377086341381,0.615934431552887,0.5514431595802307,0.1114446297287941,0.0893995016813278,0.6024918556213379,0.5263026356697083,0.0761237442493438,-0.0337774381041526,0.9579356908798218,0.5548621416091919,0.0783587619662284,-0.0142433075234293,0.9386505484580994,hoyeon_stand_normal_01,17.464249,18.973666,18.384776,17.888544,15.652476,12.529964,9.848858,7.28011,4.0,3.605551,4.123106,7.0,9.219544,12.369317,15.297059,17.464249,20.615528,22.36068,23.345235,23.194827,22.203603,19.235384,16.492423,13.038405,13.038405,15.524175,17.0,18.027756,17.804494,16.970563,15.620499,12.806248,10.0,6.403124,3.605551,3.162278,4.242641,7.211103,8.062258,10.29563,11.661904,12.806248,13.453624,13.453624,13.453624,12.206556,10.816654,7.211103,3.605551,2.0,6.0,11.045361,11.18034,13.038405,14.0,14.035669,15.132746,15.297059,14.56022,14.866069,14.317821,13.892444,14.422205,13.601471,13.453624,13.453624,12.727922,11.401754,10.816654,9.848858,8.062258,8.246211,8.602325,10.0,12.529964,14.317821,16.155494,18.027756,16.492423,18.11077,19.0,19.104973,17.464249,15.231546,12.206556,9.219544,6.324555,4.472136,5.385165,8.0,10.198039,11.7047,13.416408,13.892444,14.422205,15.0,14.21267,13.453624,12.041595,10.0,8.062258,6.082763,4.472136,7.211103,17.262677,16.278821,15.297059,13.038405,12.0,11.045361,11.401754,11.7047,11.7047,13.0,14.866069,15.524175,17.262677,18.11077,18.0,18.11077,18.248288,16.278821,14.56022,11.18034,9.055385,7.28011,7.81025,9.848858,12.649111,14.866069,10.049876,8.246211,6.708204,7.81025,9.486833,11.18034,14.035669,16.124515,18.248288,19.416488,18.681542,18.973666,17.464249,16.552945,14.764823,13.892444,11.661904,11.18034,11.18034,11.401754,12.165525,13.152946,14.035669,16.03122,18.11077,18.11077
hoyeon_stand_normal_01,3045,1015,101.50554644808744,29.998360745314464,10,0.5405436754226685,0.6860455274581909,-0.1952281147241592,0.999987006187439,0.5360745191574097,0.6956301331520081,-0.1832139194011688,0.9999576807022096,0.5333724617958069,0.6948481202125549,-0.1832263469696045,0.999960958957672,0.5309401750564575,0.6939134001731873,-0.1832415759563446,0.9999628067016602,0.5436257123947144,0.6965686082839966,-0.1831397712230682,0.9999409914016724,0.5460618734359741,0.6966874003410339,-0.1831502169370651,0.9999387264251708,0.5484732389450073,0.6966402530670166,-0.183149442076683,0.9999377727508544,0.5268303155899048,0.6850435733795166,-0.1014928072690963,0.9999423623085022,0.5518858432769775,0.6887333989143372,-0.1008912026882171,0.999864101409912,0.5353255867958069,0.6727829575538635,-0.1639674603939056,0.9999855160713196,0.5460507869720459,0.6746557950973511,-0.1638265252113342,0.9999762773513794,0.5071397423744202,0.6085423231124878,-0.0436353050172328,0.9999850392341614,0.5725549459457397,0.6077278852462769,-0.0397335328161716,0.9999362230300904,0.4975947737693786,0.508107602596283,-0.0011031863978132,0.9849327206611632,0.5784097909927368,0.5107057690620422,-0.0009661699878051,0.95642352104187,0.4929684698581695,0.4244325459003448,-0.0712320283055305,0.9752635955810548,0.5844377279281616,0.4272052943706512,-0.0659962072968483,0.94254869222641,0.4890660345554352,0.3971476554870605,-0.0929734036326408,0.9507463574409484,0.5879247188568115,0.3996818959712982,-0.0880196392536163,0.9024764895439148,0.4929008185863495,0.3965264856815338,-0.1199015825986862,0.9547111988067628,0.5847359895706177,0.3991680145263672,-0.1166586801409721,0.9097945690155028,0.4961045682430267,0.4049220681190491,-0.083598256111145,0.9444851875305176,0.5825993418693542,0.4075701534748077,-0.0791504681110382,0.9002532958984375,0.5207251310348511,0.4291481077671051,-0.0038011572323739,0.9997596144676208,0.5621671080589294,0.4278136789798736,0.0037646067794412,0.9996403455734252,0.5190243124961853,0.2700746655464172,-0.0314763784408569,0.9709821343421936,0.561917245388031,0.2695123255252838,-0.0203023515641689,0.9470160007476808,0.5243605375289917,0.1248063296079635,0.0724078193306922,0.9716087579727172,0.5546740293502808,0.1277861148118972,0.0844392478466034,0.942543923854828,0.5273290872573853,0.1080972775816917,0.0762402117252349,0.6135096549987793,0.5514150857925415,0.1115981414914131,0.0887001678347587,0.6001027822494507,0.5262659192085266,0.0761636346578598,-0.0338387265801429,0.95743066072464,0.5548442006111145,0.0783489197492599,-0.0150095047429203,0.9380314946174622,hoyeon_stand_normal_01,9.055385,6.324555,4.242641,4.0,5.830952,8.602325,9.219544,10.630146,10.630146,11.313708,10.630146,10.630146,10.0,8.602325,7.615773,6.082763,5.09902,5.656854,8.544004,12.369317,17.262677,20.223748,23.345235,25.495098,25.96151,24.351591,2.0,2.236068,5.0,7.071068,9.055385,11.045361,12.369317,13.341664,12.649111,11.7047,10.77033,9.848858,8.062258,5.830952,4.472136,2.0,1.0,3.605551,6.708204,8.944272,12.083046,14.866069,15.811388,17.464249,17.262677,15.132746,15.811388,15.264338,13.0,10.77033,9.055385,8.0,6.324555,5.830952,5.0,5.09902,5.0,6.324555,7.211103,9.219544,11.313708,12.806248,14.422205,15.811388,17.492856,18.867962,18.35756,19.235384,18.35756,16.124515,14.764823,11.18034,5.0,4.123106,4.472136,7.211103,10.440307,12.165525,14.0,16.124515,15.297059,15.811388,13.928388,12.083046,10.29563,8.062258,5.656854,2.828427,1.414214,3.162278,5.830952,8.602325,11.401754,14.21267,15.620499,17.691806,18.439089,18.439089,15.0192025,15.7257955,15.0,14.0192025,13.5827625,12.9119795,11.9043675,11.855152,12.1093725,11.870651,11.4135405,11.431849,11.6884495,11.7195445,12.2864215,13.013878,14.038816,14.0983725,14.0889025,14.0364075,13.513878,13.3078865,13.418274,14.399043,14.733089499999998,14.2250025,11.9469655,11.972136,11.810819,12.5543145,13.771366,14.083054999999998,14.8440725,14.7704615,14.84483,14.5,13.418274,12.906588500000002,11.67272,11.7462115,11.936823,11.328428,10.9513695,11.7748285,11.7216745,12.041883,12.5,13.537037,14.0358505,14.6387305,15.0966405,15.3384335
hoyeon_stand_normal_01,3048,1016,101.6055519125683,29.998360745314464,10,0.5405445694923401,0.6860472559928894,-0.1843674480915069,0.9999867081642152,0.536078691482544,0.6956289410591125,-0.1723586171865463,0.9999566674232484,0.5333787202835083,0.6948460936546326,-0.1723738610744476,0.9999600052833556,0.5309461951255798,0.6939109563827515,-0.1723890453577041,0.999961793422699,0.5436262488365173,0.6965686678886414,-0.172187864780426,0.9999396800994872,0.5460619330406189,0.6966876983642578,-0.1721975952386856,0.9999374151229858,0.5484734177589417,0.6966447830200195,-0.1721989214420318,0.9999366402626038,0.5268480777740479,0.6850537657737732,-0.0910007059574127,0.9999407529830932,0.5518872737884521,0.6887404918670654,-0.0898078382015228,0.999862015247345,0.5353328585624695,0.6727856397628784,-0.1531926244497299,0.9999852180480956,0.5460507273674011,0.674662709236145,-0.152869775891304,0.9999759197235109,0.5070958137512207,0.6085068583488464,-0.0340284295380115,0.9999849796295166,0.5725542306900024,0.60773104429245,-0.031468141824007,0.9999367594718932,0.4975923895835876,0.5080699324607849,0.0065573616884648,0.9846221208572388,0.5784279704093933,0.5107012987136841,0.0058439839631319,0.956800937652588,0.492969661951065,0.4244898855686188,-0.0655857473611831,0.9749234914779664,0.5844361186027527,0.4272023439407348,-0.0599594190716743,0.9432454705238342,0.4890939891338348,0.3971781134605407,-0.0875721052289009,0.9502893686294556,0.5879246592521667,0.3996450006961822,-0.0822638273239135,0.9034932851791382,0.492938369512558,0.396560400724411,-0.1140363961458206,0.9542869925498962,0.5847336053848267,0.3991309702396393,-0.1107983887195587,0.9107239842414856,0.4961247146129608,0.4049504995346069,-0.0779214948415756,0.944020926952362,0.5825955867767334,0.407556802034378,-0.0730779692530632,0.9012451171875,0.5206883549690247,0.428850769996643,-0.0037898912560194,0.999760925769806,0.5621656179428101,0.4275524020195007,0.003753954777494,0.9996419548988342,0.5189803838729858,0.2697133123874664,-0.0327849946916103,0.9706301689147948,0.561879575252533,0.2691630423069,-0.0214027985930442,0.946139395236969,0.5243589878082275,0.1244067028164863,0.0723421648144722,0.9710145592689514,0.5546727776527405,0.1278164833784103,0.0845655351877212,0.941209077835083,0.5273239612579346,0.1077171042561531,0.0761453956365585,0.6102023124694824,0.5513967275619507,0.1118644550442695,0.0889971181750297,0.5962558388710022,0.5262860059738159,0.0761459171772003,-0.0336516909301281,0.956645369529724,0.5548256635665894,0.0783144906163215,-0.0142886582762002,0.9368685483932496,hoyeon_stand_normal_01,8.062258,5.09902,2.236068,3.605551,6.403124,9.219544,10.630146,11.313708,11.313708,12.041595,12.041595,11.401754,10.0,9.433981,8.544004,7.071068,6.324555,6.403124,8.544004,13.152946,17.0,21.0,24.0,26.019224,26.172505,24.186773,3.162278,3.605551,5.656854,8.602325,10.0,12.206556,12.806248,13.453624,13.453624,12.727922,12.041595,10.630146,8.602325,6.403124,4.472136,2.236068,2.236068,5.385165,8.544004,11.401754,13.152946,15.132746,16.0,16.0,14.035669,13.791565333333333,16.492423,15.132746,13.0,12.041595,9.486833,8.062258,7.81025,6.403124,6.324555,6.0,6.324555,7.211103,8.485281,9.433981,11.18034,13.0,15.811388,16.763055,18.439089,19.416488,19.416488,19.416488,18.248288,17.262677,14.317821,11.18034,5.0,2.828427,4.123106,6.403124,10.29563,11.401754,14.317821,15.033296,16.0,16.124515,14.317821,13.341664,10.77033,8.944272,5.830952,4.242641,2.236068,2.828427,5.0,8.062258,10.198039,13.341664,15.811388,17.088007,18.027756,18.027756,12.206556,12.806248,14.21267,14.21267,14.21267,12.806248,12.206556,11.661904,10.29563,8.944272,6.708204,5.830952,5.0,5.385165,6.0,8.062258,10.198039,12.369317,15.297059,17.117243,18.11077,19.026298,19.0,18.0,16.03122,14.035669,12.806248,14.422205,16.643317,17.492856,17.0,16.552945,14.317821,13.0,11.18034,8.602325,7.071068,5.830952,5.09902,6.0,7.071068,8.062258,9.219544,10.049876,11.045361,12.165525,12.041595,12.041595,12.041595,12.165525,11.18034,11.7047
hoyeon_stand_normal_01,3051,1017,101.70555737704916,29.998360745314464,10,0.540553629398346,0.6860316395759583,-0.1914409548044204,0.99998676776886,0.5360949039459229,0.6956202387809753,-0.1796741634607315,0.9999567866325378,0.5334009528160095,0.6948434114456177,-0.179684892296791,0.9999601244926452,0.5309662818908691,0.6939085721969604,-0.1797010749578476,0.9999619126319884,0.543631911277771,0.6965487599372864,-0.1796252131462097,0.9999398589134216,0.5460674166679382,0.6966661214828491,-0.1796363741159439,0.9999376535415648,0.5484789609909058,0.6966217160224915,-0.1796349138021469,0.999936819076538,0.526884913444519,0.6850659847259521,-0.0972660034894943,0.9999410510063172,0.5518870949745178,0.6887465119361877,-0.0966949537396431,0.9998627305030824,0.5353542566299438,0.6727659702301025,-0.1596677899360656,0.9999852776527404,0.5460549592971802,0.6746458411216736,-0.1595373302698135,0.9999759793281556,0.5070940852165222,0.6084714531898499,-0.0371304340660572,0.9999850988388062,0.5725589990615845,0.6077319383621216,-0.0357104130089283,0.9999373555183412,0.4975913166999817,0.508119523525238,0.0064015490934252,0.984640657901764,0.5784780383110046,0.5107325911521912,0.0030300098005682,0.9571458697319032,0.492979347705841,0.4248912334442138,-0.0659883022308349,0.975035846233368,0.5844532251358032,0.4272099137306213,-0.0628581270575523,0.9435997009277344,0.4891216456890106,0.3973876535892486,-0.0878866538405418,0.9504626989364624,0.5879376530647278,0.3996448218822479,-0.0852177441120147,0.9039131999015808,0.4929618537425995,0.3968186974525451,-0.1144202575087547,0.954460859298706,0.5847339034080505,0.399137794971466,-0.1138968765735626,0.9111061692237854,0.4961382448673248,0.4051595330238342,-0.0783060416579246,0.9442049264907836,0.582595944404602,0.4075685739517212,-0.0760222896933555,0.9016264081001282,0.520684540271759,0.4288723468780517,-0.0037721239496022,0.9997617602348328,0.5621619820594788,0.4276279509067535,0.0037360719870775,0.9996429085731506,0.5189806222915649,0.2697113454341888,-0.0322587750852108,0.970542848110199,0.5617918372154236,0.2692261338233948,-0.0213760323822498,0.9460124373435974,0.5242882966995239,0.124222382903099,0.0714935064315795,0.9709596037864684,0.5546308755874634,0.1278332322835922,0.0841164514422416,0.94089275598526,0.5272228121757507,0.107403963804245,0.0750610008835792,0.6093804240226746,0.5512945055961609,0.111871100962162,0.0884391292929649,0.5950452089309692,0.526295006275177,0.0760719403624534,-0.0353079177439212,0.9565808176994324,0.5547662973403931,0.0782954916357994,-0.0151033205911517,0.9366483092308044,hoyeon_stand_normal_01,9.219544,5.830952,4.0,4.242641,6.324555,8.246211,10.198039,11.18034,11.18034,12.041595,11.045361,11.0,11.0,9.055385,8.246211,6.708204,5.656854,6.324555,9.055385,12.649111,16.552945,21.023796,24.166092,26.0,26.570661,25.0,2.236068,3.0,5.385165,6.708204,10.29563,11.18034,12.083046,12.649111,12.649111,12.369317,11.18034,10.049876,8.062258,6.082763,4.0,2.0,3.162278,5.385165,8.944272,11.18034,13.892444,15.811388,16.401219,16.278821,14.142136,12.450384666666666,17.088007,15.524175,14.317821,12.041595,10.049876,9.219544,7.615773,6.403124,5.830952,5.09902,5.09902,5.830952,7.211103,9.219544,10.816654,12.529964,14.317821,16.155494,17.088007,18.027756,18.027756,18.027756,16.763055,15.524175,13.601471,10.440307,6.324555,4.242641,5.09902,7.211103,9.433981,11.7047,14.317821,15.132746,15.0,14.035669,13.152946,11.401754,9.486833,7.615773,4.472136,2.828427,1.414214,4.0,6.082763,9.486833,11.7047,15.231546,16.552945,18.788294,19.697716,18.788294,14.21267,14.866069,15.556349,16.278821,15.556349,14.866069,14.21267,12.806248,11.661904,9.433981,8.602325,7.071068,6.403124,6.324555,7.0,9.055385,11.18034,14.317821,16.492423,18.439089,20.223748,21.213203,21.095023,19.026298,18.0,15.0,13.453624,15.0,17.204651,18.027756,17.492856,17.0,15.652476,12.529964,10.816654,8.485281,6.403124,6.324555,7.0,7.071068,8.246211,10.440307,10.440307,12.369317,12.369317,13.341664,14.317821,14.317821,13.152946,13.341664,12.649111,13.0
hoyeon_stand_normal_01,3054,1018,101.80556284153003,29.998360745314464,10,0.5405635237693787,0.6860180497169495,-0.1941483616828918,0.9999868273735046,0.5361225605010986,0.6956112384796143,-0.1824500113725662,0.9999570250511168,0.5334399938583374,0.6948415637016296,-0.1824594140052795,0.9999603629112244,0.5309999585151672,0.6939064264297485,-0.1824755370616912,0.9999620914459229,0.543645441532135,0.6965283155441284,-0.1825052201747894,0.9999401569366456,0.5460811257362366,0.6966445446014404,-0.1825158596038818,0.9999380111694336,0.5484952330589294,0.6965944170951843,-0.1825120449066162,0.999937117099762,0.5269503593444824,0.6850842237472534,-0.0997600108385086,0.999941349029541,0.5518942475318909,0.688750684261322,-0.0996958836913108,0.9998636841773988,0.5353843569755554,0.6727472543716431,-0.1622006148099899,0.9999853372573853,0.5460663437843323,0.6746209263801575,-0.1622213423252105,0.9999760985374452,0.5071000456809998,0.6084624528884888,-0.0382914878427982,0.9999852180480956,0.572571873664856,0.6077464818954468,-0.037887156009674,0.999937891960144,0.4975902140140533,0.5081765055656433,0.0056731700897216,0.9846675992012024,0.5784885883331299,0.5107979774475098,0.0009658031049184,0.9574674367904664,0.4929943382740021,0.4251795411109924,-0.0659280270338058,0.9751928448677064,0.584454357624054,0.4272132515907287,-0.0650345683097839,0.9439645409584044,0.4891437590122223,0.3975582420825958,-0.0875009000301361,0.9507158994674684,0.5879442095756531,0.3996422886848449,-0.0874577015638351,0.9043819308280944,0.4929679930210113,0.397017627954483,-0.1143027693033218,0.9547061920166016,0.5847333073616028,0.3991390466690063,-0.1160822287201881,0.9115281105041504,0.49614217877388,0.4053079187870025,-0.0782811865210533,0.944467842578888,0.582594633102417,0.4075758159160614,-0.0781714171171188,0.902024507522583,0.5206817388534546,0.4289094805717468,-0.0037451006937772,0.999762237071991,0.5621560215950012,0.4277641773223877,0.00370929017663,0.9996436834335328,0.5190087556838989,0.2699059545993805,-0.0310172215104103,0.9706791043281556,0.5616994500160217,0.2696198225021362,-0.0207815282046794,0.9462791681289672,0.5242470502853394,0.1243278756737709,0.0710711330175399,0.9711765646934508,0.5545709729194641,0.1278722584247589,0.0834810882806778,0.9413169026374816,0.5271931290626526,0.1073846668004989,0.0744452476501464,0.6102046370506287,0.5511924624443054,0.1118991449475288,0.0875450819730758,0.5958935618400574,0.5262911319732666,0.0759609118103981,-0.0360869951546192,0.956914246082306,0.5546579957008362,0.0782515853643417,-0.0163347367197275,0.9371339678764344,hoyeon_stand_normal_01,16.552945,18.371168,18.027756,17.334449999999997,15.458779,12.4858865,10.0990195,7.245606499999999,4.9286505,3.3839145000000004,3.3839145000000004,5.1925825,7.1410855,9.7169905,12.764982,14.8824115,17.261121,18.933981,20.1242285,20.1367205,19.221393,16.3372685,13.7260385,10.319173,10.0584895,12.903124,14.7774755,15.4330345,15.495292,13.959646,12.703861,9.937144,7.4772075,4.352285500000001,2.5811390000000003,2.9142135,5.0,6.889636,8.640901,9.81601,11.291047,12.041595,12.5207975,12.5207975,11.7216745,10.59017,8.9109345,6.0777535,2.618034,2.5811390000000003,6.841616999999999,11.109204,11.661904,13.416408,13.928388,15.524175,15.524175,15.132746,15.0,15.033296,14.142136,14.56022,13.928388,13.928388,13.416408,13.038405,13.601471,12.041595,10.630146,9.433981,8.246211,8.062258,8.944272,12.041595,14.21267,17.204651,19.723083,20.59126,18.439089,20.248457,21.470911,20.808652,19.849433,15.620499,12.529964,9.219544,5.385165,4.472136,7.28011,9.433981,11.313708,14.21267,14.422205,16.124515,17.0,17.464249,17.088007,15.811388,14.866069,11.7047,9.433981,6.403124,5.09902,5.830952,16.643317,15.811388,13.892444,12.529964,11.18034,10.440307,10.198039,11.045361,12.0,13.038405,14.035669,15.297059,16.492423,17.088007,17.0,17.492856,17.204651,15.620499,13.453624,11.401754,8.944272,7.071068,7.615773,10.0,13.453624,14.866069,10.440307,8.062258,7.071068,7.211103,8.602325,11.18034,14.317821,15.652476,17.0,18.35756,18.027756,17.804494,16.278821,15.556349,14.21267,12.806248,11.401754,10.630146,9.899495,10.0,10.816654,13.416408,13.416408,16.552945,17.0,17.492856
hoyeon_stand_normal_01,3057,1019,101.90556830601092,29.998360745314464,10,0.5405665040016174,0.6860153675079346,-0.1940957158803939,0.9999868273735046,0.536137044429779,0.6956089735031128,-0.1823698133230209,0.9999570846557616,0.5334622263908386,0.6948397755622864,-0.1823793053627014,0.9999604225158693,0.5310201644897461,0.6939049959182739,-0.1823956966400146,0.9999622106552124,0.5436521172523499,0.6965246200561523,-0.1824500560760498,0.9999401569366456,0.5460880398750305,0.6966405510902405,-0.1824603378772735,0.9999380707740784,0.5485036373138428,0.6965895891189575,-0.1824562698602676,0.999937117099762,0.5269975066184998,0.6850985884666443,-0.0996170416474342,0.9999414682388306,0.551903486251831,0.6887547969818115,-0.0996761843562126,0.9998638033866882,0.5354021191596985,0.6727414131164551,-0.1621440052986145,0.9999853372573853,0.5460725426673889,0.6746125221252441,-0.1621947884559631,0.9999760389328004,0.507155179977417,0.6084991693496704,-0.0383981987833976,0.99998539686203,0.5725818872451782,0.6077873110771179,-0.0378433465957641,0.999938189983368,0.4975911974906921,0.5084410309791565,0.0060764392837882,0.9847103953361512,0.5785068869590759,0.5109032392501831,0.0010890829144045,0.957577347755432,0.4930067360401153,0.4256129860877991,-0.0636267215013504,0.9753978252410888,0.5844594836235046,0.4273824691772461,-0.0648171454668045,0.9440260529518129,0.4891527891159057,0.3978203237056732,-0.0848627611994743,0.9510455131530762,0.5879802107810974,0.3997045159339905,-0.0872481763362884,0.9044265151023864,0.4929772019386291,0.3973049819469452,-0.1119629293680191,0.955024242401123,0.5847461223602295,0.3992387652397156,-0.1159650385379791,0.911567211151123,0.4961510598659515,0.4055575728416443,-0.0760514363646507,0.9448016881942748,0.5825994610786438,0.4076749682426452,-0.078006736934185,0.9020404815673828,0.5206702947616577,0.4291141629219055,-0.0036627722438424,0.9997636079788208,0.5621392130851746,0.4281046688556671,0.0036281296052038,0.9996454119682312,0.5190139412879944,0.2700247168540954,-0.0301765073090791,0.9707697629928588,0.5616748332977295,0.2700141072273254,-0.0206172708421945,0.946431040763855,0.5242194533348083,0.1243329793214798,0.0693503320217132,0.9713937044143676,0.5545336008071899,0.1278911530971527,0.0814862251281738,0.941730260848999,0.5271906852722168,0.1073702424764633,0.0723471567034721,0.6107788681983948,0.5511690378189087,0.1119208335876464,0.0851489007472992,0.596349835395813,0.526291012763977,0.0758770853281021,-0.0387786962091922,0.9572477340698242,0.55455482006073,0.0781983956694603,-0.0194326266646385,0.9376141428947448,hoyeon_stand_normal_01,16.0,17.029386,17.117243,16.278821,14.317821,12.369317,9.219544,6.082763,4.123106,3.605551,5.09902,6.082763,8.544004,11.7047,13.928388,16.155494,19.313208,21.18962,22.135944,22.803509,20.615528,18.681542,15.811388,12.206556,12.206556,14.56022,16.0,17.117243,16.278821,15.811388,13.928388,12.083046,8.944272,6.324555,4.0,2.828427,4.472136,7.071068,8.062258,9.219544,10.198039,11.401754,12.649111,12.083046,11.661904,10.816654,8.602325,6.403124,2.236068,2.0,6.082763,10.198039,13.453624,15.0,16.643317,17.492856,17.888544,18.027756,17.720045,17.464249,17.117243,17.029386,17.0,17.117243,16.278821,16.278821,14.56022,13.928388,12.529964,11.401754,10.0,9.219544,11.045361,12.649111,16.124515,18.027756,20.615528,22.803509,20.615528,22.825424,23.600847,23.345235,21.260292,18.867962,14.866069,11.045361,7.28011,5.385165,7.28011,9.219544,12.041595,14.422205,15.652476,17.088007,17.720045,18.439089,18.439089,16.278821,15.297059,13.152946,9.486833,6.403124,5.09902,6.708204,17.464249,16.278821,14.317821,13.152946,11.0,10.049876,10.440307,11.7047,13.0,13.928388,15.811388,16.492423,17.262677,18.027756,19.0,18.11077,17.262677,16.492423,14.56022,12.165525,9.0,7.615773,7.81025,11.18034,13.928388,16.155494,9.055385,7.071068,5.830952,7.211103,9.486833,12.165525,14.317821,17.262677,18.439089,18.681542,18.973666,18.788294,17.0,15.264338,14.422205,13.601471,11.661904,10.816654,9.848858,10.440307,11.18034,13.152946,15.033296,16.03122,17.117243,18.248288
hoyeon_stand_normal_01,3060,1020,102.0055737704918,29.998360745314464,10,0.5405678153038025,0.686015248298645,-0.1930941790342331,0.9999868869781494,0.5361467003822327,0.6956073045730591,-0.181225374341011,0.9999572038650512,0.5334750413894653,0.6948383450508118,-0.1812356561422348,0.9999605417251588,0.5310323238372803,0.6939040422439575,-0.1812526583671569,0.9999623894691468,0.5436633229255676,0.6965242624282837,-0.1814674288034439,0.9999403357505798,0.5461004376411438,0.6966399550437927,-0.1814765334129333,0.9999383091926576,0.5485219359397888,0.6965882778167725,-0.1814720332622528,0.9999372959136964,0.5270305275917053,0.685106098651886,-0.0981603413820266,0.9999416470527648,0.5519288778305054,0.6887659430503845,-0.0989757776260376,0.9998645782470704,0.5354143381118774,0.6727402806282043,-0.1610326468944549,0.9999853372573853,0.5460865497589111,0.6746118664741516,-0.1612989753484726,0.9999760389328004,0.5072142481803894,0.608581006526947,-0.0368780493736267,0.9999856352806092,0.5726131796836853,0.6078354716300964,-0.0372172258794307,0.9999386072158812,0.4975903928279876,0.5087583065032959,0.0088947899639606,0.9847028851509094,0.5785512328147888,0.5109190344810486,0.0018666678806766,0.957610011100769,0.4930091500282287,0.4258407056331634,-0.0596305876970291,0.9755143523216248,0.5844852924346924,0.427402913570404,-0.0640526935458183,0.9441165924072266,0.4891552627086639,0.3979878425598144,-0.0806680470705032,0.9512616395950316,0.5880283713340759,0.3997204303741455,-0.0864856243133544,0.9045796990394592,0.4929804503917694,0.3974699676036834,-0.107765108346939,0.9552364349365234,0.58476722240448,0.3992741703987121,-0.1153686344623565,0.9116989374160768,0.4961528182029724,0.4056871235370636,-0.0720409527420997,0.9450389742851256,0.5826091170310974,0.4077089726924896,-0.0773037523031234,0.9021527767181396,0.5206420421600342,0.4291298985481262,-0.003541721496731,0.9997663497924804,0.5621376037597656,0.4281249642372131,0.0035082746762782,0.9996480345726012,0.5190127491950989,0.270018070936203,-0.0298223625868558,0.970922350883484,0.5614842176437378,0.2700780630111694,-0.0206102188676595,0.9464688301086426,0.5241246819496155,0.1243195682764053,0.0693842843174934,0.971554398536682,0.5544908046722412,0.1279201954603195,0.0815823823213577,0.9419058561325072,0.5271283984184265,0.1072988733649253,0.0724338218569755,0.6108575463294983,0.5511313676834106,0.1119721755385398,0.0853102430701255,0.5962979793548584,0.5262133479118347,0.0756711289286613,-0.0385269932448864,0.9574404954910278,0.5544071793556213,0.0781361237168312,-0.0191500876098871,0.9378979206085204,hoyeon_stand_normal_01,14.317821,8.544004,4.123106,5.09902,8.944272,12.529964,15.264338,16.643317,18.027756,17.204651,17.029386,16.278821,15.556349,14.21267,12.529964,10.440307,10.198039,11.401754,15.264338,21.540659,29.12044,34.928498,40.261644,43.680659,45.221676,42.720019,3.162278,5.830952,9.899495,14.142136,17.691806,21.213203,22.671568,24.207437,23.600847,22.472205,19.723083,17.0,14.764823,11.18034,8.062258,3.605551,1.414214,5.09902,9.055385,14.142136,18.11077,22.36068,24.515301,26.925824,26.248809,23.769729,15.811388,13.892444,13.0,10.440307,9.055385,8.062258,6.324555,5.830952,5.0,5.385165,6.0,7.28011,8.544004,10.0,11.401754,13.453624,14.866069,17.029386,17.804494,19.209373,19.416488,19.416488,18.027756,16.643317,14.422205,11.661904,4.472136,3.162278,4.242641,7.615773,10.049876,13.0,15.132746,16.492423,15.811388,15.231546,14.764823,13.038405,10.630146,8.485281,6.403124,3.605551,2.0,3.0,5.385165,8.062258,10.816654,13.601471,15.620499,17.029386,18.439089,17.804494,17.088007,16.763055,14.56022,13.0,11.18034,10.816654,10.630146,10.630146,12.041595,13.453624,14.142136,15.620499,16.401219,17.492856,17.888544,17.088007,17.720045,15.524175,13.341664,11.401754,8.544004,7.071068,7.28011,10.0,12.041595,15.132746,10.0,8.485281,7.211103,7.071068,9.219544,11.7047,14.317821,16.552945,18.384776,18.973666,18.681542,18.439089,17.117243,16.03122,15.0,14.0,12.0,11.0,11.045361,10.198039,11.401754,12.083046,14.317821,15.652476,17.464249,17.464249
hoyeon_stand_normal_01,3063,1021,102.10557923497268,29.998360745314464,10,0.5405658483505249,0.685961127281189,-0.1977031677961349,0.999987006187439,0.5361480712890625,0.6955609917640686,-0.1860450208187103,0.99995756149292,0.5334770679473877,0.6948028802871704,-0.1860544085502624,0.9999608993530272,0.5310382843017578,0.6938783526420593,-0.1860730051994323,0.9999627470970154,0.5436643958091736,0.6964778900146484,-0.1862376481294632,0.9999407529830932,0.5461022257804871,0.696601390838623,-0.1862454861402511,0.9999387264251708,0.5485259890556335,0.6965557336807251,-0.1862378269433975,0.9999376535415648,0.5270640254020691,0.6850988268852234,-0.103508248925209,0.999942421913147,0.5519526600837708,0.688769519329071,-0.1042596399784088,0.999865710735321,0.5354200601577759,0.6727057099342346,-0.1657987087965011,0.99998539686203,0.5460873246192932,0.6745805144309998,-0.1660563796758651,0.9999760985374452,0.5072839856147766,0.608699381351471,-0.0428319349884986,0.9999858736991882,0.5726426243782043,0.6078751683235168,-0.0407185740768909,0.99993896484375,0.4975896775722503,0.5089952945709229,0.0026528846938163,0.9848780632019044,0.578556478023529,0.5109291076660156,-0.0012115933932363,0.9577130675315856,0.4930411577224731,0.4260482788085937,-0.0651792734861373,0.9758929014205932,0.5844999551773071,0.4274055659770965,-0.0661945641040802,0.9441946744918824,0.4891706109046936,0.3982101380825043,-0.0862772241234779,0.9518978595733644,0.5880645513534546,0.3997293412685394,-0.0883256420493125,0.9046368598937988,0.4929861724376678,0.3976450562477112,-0.1135429516434669,0.9558376669883728,0.5847804546356201,0.3992861807346344,-0.1174203529953956,0.9117664098739624,0.4961600303649902,0.4058045744895935,-0.0776478350162506,0.9457653164863586,0.5826176404953003,0.4077117145061493,-0.079533465206623,0.9022734761238098,0.5206373333930969,0.4296325147151947,-0.0036130123771727,0.9997666478157043,0.5621200799942017,0.4286898076534271,0.0035805075895041,0.9996472597122192,0.5190834403038025,0.2703742682933807,-0.0298445783555507,0.9705531001091005,0.5614346265792847,0.2705379426479339,-0.020142950117588,0.9458820819854736,0.524122953414917,0.1244483664631843,0.0655128732323646,0.9712377786636353,0.554420530796051,0.1281090974807739,0.0790370032191276,0.9412304759025574,0.5271241664886475,0.1073133572936058,0.0681627169251442,0.6081811189651489,0.5511044859886169,0.1124430373311042,0.0824097916483879,0.5941435098648071,0.5262129306793213,0.0757594183087349,-0.0425166934728622,0.9569782614707948,0.5544048547744751,0.0784580260515213,-0.0215770713984966,0.9371863007545472,hoyeon_stand_normal_01,16.124515,18.248288,18.439089,17.720045,14.866069,13.0,10.77033,7.28011,5.09902,3.162278,3.162278,5.09902,6.708204,9.433981,13.038405,14.422205,18.027756,19.723083,20.59126,20.59126,20.124612,17.0,13.601471,10.630146,10.198039,12.369317,15.0,15.620499,15.620499,14.422205,13.038405,10.29563,8.062258,5.0,2.236068,2.828427,4.472136,6.708204,8.944272,9.848858,11.18034,11.661904,12.206556,12.806248,12.041595,11.313708,9.219544,6.403124,2.236068,2.236068,6.0,11.0,16.970563,14.866069,13.601471,11.18034,9.848858,8.246211,7.0,6.324555,5.0,5.0,5.09902,6.082763,7.28011,8.944272,10.816654,12.806248,14.866069,16.970563,18.384776,19.104973,19.104973,18.439089,18.439089,16.278821,14.21267,11.401754,5.0,4.123106,5.0,7.615773,10.049876,13.0,14.317821,15.524175,16.155494,15.652476,14.422205,12.206556,10.630146,8.485281,5.656854,3.605551,1.0,2.236068,5.0,8.485281,11.313708,13.453624,16.278821,17.804494,19.209373,18.439089,16.643317,15.811388,13.038405,12.206556,11.313708,10.0,10.29563,10.77033,12.083046,12.083046,13.892444,15.264338,15.811388,15.620499,17.691806,16.401219,17.204651,14.764823,13.038405,10.816654,8.485281,7.615773,8.062258,10.77033,13.416408,15.652476,9.219544,7.81025,6.324555,6.082763,8.944272,10.816654,14.21267,16.401219,17.204651,18.867962,18.788294,17.464249,16.763055,15.524175,14.317821,13.152946,11.18034,10.198039,9.486833,10.29563,10.816654,12.041595,13.453624,15.620499,17.029386,16.401219
hoyeon_stand_normal_01,3066,1022,102.20558469945357,29.998360745314464,10,0.5405640006065369,0.6859344244003296,-0.2048628330230713,0.9999871253967284,0.5361486077308655,0.6955332159996033,-0.1932899504899978,0.9999579191207886,0.5334777235984802,0.6947809457778931,-0.1932980120182037,0.999961256980896,0.5310415029525757,0.6938631534576416,-0.1933168470859527,0.999963104724884,0.5436664819717407,0.6964481472969055,-0.1935124993324279,0.9999412894248962,0.54610675573349,0.6965750455856323,-0.1935224384069442,0.999939262866974,0.548535168170929,0.6965316534042358,-0.1935162991285324,0.9999381303787231,0.5270862579345703,0.6850961446762085,-0.1101349964737892,0.999943196773529,0.5519850850105286,0.688772976398468,-0.1110393702983856,0.9998670816421508,0.5354227423667908,0.6726857423782349,-0.1726236343383789,0.9999855160713196,0.5460906624794006,0.6745609641075134,-0.1729355007410049,0.9999762177467346,0.5073580145835876,0.6088104248046875,-0.047939009964466,0.9999860525131226,0.5727083683013916,0.6079108715057373,-0.0457867495715618,0.9999396204948424,0.4975892007350921,0.5090987682342529,-0.0006436998373828,0.985011100769043,0.5785662531852722,0.5109280943870544,-0.0047664321027696,0.9579647779464722,0.4930519163608551,0.4261472225189209,-0.0679857432842254,0.9760722517967224,0.5845552682876587,0.4273585975170135,-0.0694345012307167,0.944404363632202,0.4891814887523651,0.3983634710311889,-0.0888410806655883,0.9521653056144714,0.5881106853485107,0.3997033834457397,-0.0914144590497016,0.9048644304275512,0.4929900467395782,0.3977566361427307,-0.1163846999406814,0.9561105370521544,0.5847966074943542,0.3992582857608795,-0.1207612082362175,0.9120079278945924,0.496162861585617,0.4058887958526611,-0.0805203765630722,0.9461175799369812,0.582633912563324,0.4076862633228302,-0.0828370675444603,0.9025437235832214,0.5206366181373596,0.4300674498081207,-0.0036276248283684,0.9997661113739014,0.5621182918548584,0.4290685355663299,0.0035951421596109,0.9996464848518372,0.519147515296936,0.2709270417690277,-0.0299431178718805,0.9702194333076476,0.5613349676132202,0.271026074886322,-0.0201101321727037,0.9453747272491456,0.5241211652755737,0.1248283237218856,0.065998189151287,0.9709389209747314,0.5543807148933411,0.1283345222473144,0.0792778804898262,0.940792977809906,0.5271046161651611,0.1080955937504768,0.068830482661724,0.6062866449356079,0.5510903596878052,0.1128559783101081,0.0827744156122207,0.5933142304420471,0.5262131690979004,0.0764655917882919,-0.0417229309678077,0.956588327884674,0.554338276386261,0.0786193534731864,-0.0213732719421386,0.9367261528968812,hoyeon_stand_normal_01,16.763055,18.384776,18.788294,17.888544,16.124515,13.892444,10.29563,7.615773,5.09902,3.162278,3.162278,4.0,6.324555,9.848858,12.083046,15.231546,17.464249,19.697716,20.615528,20.248457,19.313208,17.088007,13.416408,9.899495,9.219544,12.165525,15.0,15.264338,15.652476,14.866069,12.649111,10.440307,7.28011,4.123106,2.236068,2.236068,5.0,7.211103,8.602325,10.0,11.401754,12.041595,12.727922,12.806248,12.206556,10.816654,9.433981,5.830952,2.828427,2.236068,6.082763,11.18034,13.9874905,13.9567245,13.379036,12.923418000000002,13.106818,12.0,11.547777,10.7286505,10.3604725,10.195586,10.474416,10.464194,10.8313095,11.632633,12.3501545,12.9040135,13.1253225,12.810381500000002,13.6916805,13.5836155,13.675592000000002,14.340203,15.209864,15.211209,15.241505,14.8763985,10.831993,10.4695985,11.581139,12.3102745,13.259816999999998,13.115773,12.679751,11.889882,10.125617,9.6184795,9.495732,9.638812,10.0584895,9.8328105,9.4346785,9.167888,8.189102,8.9330345,10.125617,11.137464,11.811451,12.1158085,11.7153745,12.200005,11.7690545,12.4211065,12.165525,13.038405,13.0,14.035669,13.0,13.038405,12.165525,11.18034,9.219544,8.246211,7.071068,6.0,5.09902,5.0,6.403124,8.062258,11.18034,12.529964,14.764823,17.492856,18.867962,19.416488,20.0,18.601075,16.401219,13.453624,12.649111,13.928388,16.155494,16.552945,17.888544,16.124515,14.422205,12.529964,10.29563,7.615773,6.082763,5.09902,5.0,6.403124,7.211103,8.602325,9.433981,10.0,11.401754,12.041595,12.041595,12.041595,12.041595,12.206556,11.661904,10.77033
hoyeon_stand_normal_01,3069,1023,102.30559016393444,29.998360745314464,10,0.5405601859092712,0.6859196424484253,-0.2063937485218048,0.9999871850013732,0.5361484885215759,0.6955126523971558,-0.1947888284921646,0.9999579787254332,0.5334781408309937,0.6947628259658813,-0.1947961002588272,0.9999613165855408,0.5310442447662354,0.6938490271568298,-0.1948133558034896,0.9999631643295288,0.5436660051345825,0.6964262127876282,-0.1950875371694564,0.99994158744812,0.5461075901985168,0.6965537071228027,-0.1950998902320861,0.9999396204948424,0.5485379695892334,0.6965134739875793,-0.1950947940349578,0.9999384880065918,0.5271071791648865,0.6850844621658325,-0.111649177968502,0.9999433755874634,0.5520206093788147,0.6887759566307068,-0.1128801181912422,0.999868094921112,0.5354254245758057,0.672668993473053,-0.1741871684789657,0.9999855160713196,0.54609215259552,0.674542248249054,-0.1745884418487548,0.9999762773513794,0.507400393486023,0.6088875532150269,-0.0493593923747539,0.9999860525131226,0.5727928876876831,0.6079279780387878,-0.0483693741261959,0.9999403953552246,0.4975802004337311,0.5091784000396729,-0.0025614744517952,0.9850601553916932,0.5786037445068359,0.5108925700187683,-0.0080072255805134,0.9584202170372008,0.4930641949176788,0.4262120127677917,-0.070500761270523,0.9760541319847108,0.5846336483955383,0.4272995293140411,-0.0724900513887405,0.9447327852249146,0.4892072677612304,0.3984324932098388,-0.0912652090191841,0.9520533084869384,0.5882102251052856,0.3996648490428924,-0.0945192724466323,0.9051896929740906,0.4930109083652496,0.3978113234043121,-0.1188192889094352,0.9560263752937316,0.5848390460014343,0.3992126286029815,-0.1235841959714889,0.9123323559761048,0.4961772263050079,0.4059453010559082,-0.0830703675746917,0.9460670351982116,0.5826660394668579,0.4076523184776306,-0.0857693776488304,0.9028736352920532,0.5206336975097656,0.4302929639816284,-0.0035915744956582,0.9997633099555968,0.5621123909950256,0.4294580817222595,0.003558148862794,0.99964439868927,0.5192084312438965,0.2715964913368225,-0.0298896003514528,0.9699228405952454,0.5613256692886353,0.2717504203319549,-0.020085459575057,0.9450140595436096,0.5241187214851379,0.1252405792474746,0.0662922784686088,0.9705976247787476,0.554352879524231,0.1284926980733871,0.0786531865596771,0.940382957458496,0.5270980596542358,0.1087869852781295,0.0692236199975013,0.6039114594459534,0.5510380864143372,0.1130521669983863,0.0820919945836067,0.5919041633605957,0.5262175798416138,0.0769353508949279,-0.0412744991481304,0.9562291502952576,0.5543079376220703,0.0787033662199974,-0.022436250001192,0.936315894126892,hoyeon_stand_normal_01,16.278821,18.601075,18.027756,16.643317,14.764823,11.661904,9.433981,6.403124,4.472136,3.0,4.242641,6.708204,8.544004,11.401754,13.601471,15.524175,18.681542,20.880613,21.84033,21.18962,20.248457,17.720045,14.317821,11.045361,10.29563,12.806248,16.155494,16.492423,17.262677,16.03122,14.0,11.045361,9.055385,5.0,2.236068,3.0,5.385165,7.615773,8.944272,10.77033,11.7047,12.369317,12.369317,12.165525,12.041595,10.0,8.0,5.0,2.0,2.828427,7.211103,10.630146,13.453624,15.556349,16.401219,18.027756,18.35756,18.788294,18.027756,17.720045,18.439089,18.248288,17.117243,17.029386,17.029386,17.0,16.03122,14.142136,13.341664,10.77033,9.433981,8.602325,9.055385,12.165525,14.56022,17.464249,19.697716,21.931712,19.0,21.095023,22.561028,22.472205,21.470911,17.804494,14.142136,10.29563,6.0,5.0,6.0,8.944272,11.401754,14.142136,15.620499,17.204651,18.027756,18.35756,17.888544,17.464249,16.552945,13.416408,10.816654,9.219544,7.28011,8.246211,13.038405,13.601471,13.601471,14.21267,14.21267,13.601471,12.206556,11.661904,10.29563,8.944272,7.211103,5.830952,5.0,5.385165,6.0,8.062258,10.198039,12.649111,14.56022,16.492423,18.439089,19.235384,19.104973,18.027756,16.03122,13.038405,14.422205,15.811388,17.492856,17.888544,17.888544,16.552945,15.652476,13.416408,11.661904,8.602325,7.071068,5.830952,6.082763,7.0,8.062258,9.219544,10.198039,12.165525,12.165525,12.041595,13.038405,13.038405,13.038405,12.165525,12.369317,11.7047
hoyeon_stand_normal_01,3072,1024,102.4055956284153,29.998360745314464,10,0.5405591130256653,0.685919463634491,-0.1977270096540451,0.999987006187439,0.5361493825912476,0.6955096125602722,-0.185841217637062,0.9999573230743408,0.5334792733192444,0.6947599053382874,-0.1858523190021515,0.999960720539093,0.5310481190681458,0.6938464641571045,-0.1858690232038498,0.999962568283081,0.5436679124832153,0.6964238882064819,-0.1862267553806305,0.9999408721923828,0.5461134314537048,0.6965507864952087,-0.1862375140190124,0.9999389052391052,0.5485488176345825,0.696510910987854,-0.1862336993217468,0.9999378323554992,0.5271299481391907,0.6850886940956116,-0.1031059697270393,0.9999423623085022,0.5520637035369873,0.6887882351875305,-0.1047886833548545,0.9998666644096376,0.5354283452033997,0.6726676821708679,-0.1658453494310379,0.9999852776527404,0.5460969805717468,0.6745418310165405,-0.1663539111614227,0.9999759197235109,0.5074248909950256,0.6089791655540466,-0.0435905531048774,0.999985933303833,0.5729183554649353,0.6079480051994324,-0.0439100190997123,0.9999405145645142,0.4975780546665191,0.5092753171920776,-0.0008470348548144,0.9849349856376648,0.5786693096160889,0.5107997059822083,-0.0067885066382586,0.9584285020828248,0.4930861890316009,0.4262333214282989,-0.0704183652997016,0.9758880734443665,0.5847146511077881,0.4272940456867218,-0.071811057627201,0.944660186767578,0.4892330467700958,0.3984476029872894,-0.0910776704549789,0.951770007610321,0.5883179903030396,0.3996654152870178,-0.0942589119076728,0.9051139950752258,0.4930404424667358,0.3978192508220672,-0.1186520308256149,0.9557668566703796,0.5849452614784241,0.3992148339748382,-0.1230281740427017,0.9122731685638428,0.4961996972560882,0.4059576392173767,-0.0829482153058052,0.9457900524139404,0.5827668309211731,0.4076528251171112,-0.0850746557116508,0.9027910232543944,0.5206310153007507,0.4302926361560821,-0.0034402727615088,0.9997608661651612,0.5621086955070496,0.429471880197525,0.003408676944673,0.9996424913406372,0.5192064642906189,0.2718068063259125,-0.0298782233148813,0.9698564410209656,0.5613380670547485,0.2719117999076843,-0.0203252863138914,0.9450289011001588,0.5241275429725647,0.1258926391601562,0.0664354190230369,0.9704251289367676,0.5543490052223206,0.1285083293914795,0.0784128233790397,0.9404194355010986,0.5271255970001221,0.1096129789948463,0.0694320052862167,0.6041331887245178,0.5510356426239014,0.1130584999918937,0.0819117054343223,0.5915915966033936,0.5261896848678589,0.0770922005176544,-0.0403368659317493,0.9561281204223632,0.5542630553245544,0.0787140280008316,-0.0224662721157073,0.9362967610359192,hoyeon_stand_normal_01,16.492423,18.248288,18.11077,17.0,15.0,12.0,10.0,7.071068,5.385165,3.605551,4.0,5.385165,7.211103,10.0,12.727922,14.866069,16.970563,19.849433,19.849433,20.615528,19.209373,17.029386,14.142136,10.29563,10.049876,11.7047,15.132746,15.524175,15.231546,14.764823,13.038405,10.816654,7.81025,4.472136,2.0,3.162278,5.0,7.0,9.055385,10.049876,11.045361,11.18034,11.401754,11.7047,10.77033,9.848858,8.062258,5.385165,2.0,3.162278,7.28011,10.440307,18.0,17.029386,16.124515,13.341664,12.649111,11.18034,9.433981,7.071068,7.211103,6.324555,6.0,6.324555,7.211103,9.219544,11.401754,13.038405,14.764823,17.0,18.35756,19.235384,19.235384,19.235384,18.35756,16.124515,13.892444,11.661904,5.656854,3.162278,1.414214,5.09902,8.062258,11.401754,12.727922,14.21267,15.264338,14.317821,13.928388,12.649111,10.198039,8.062258,5.0,3.0,1.0,2.236068,5.09902,8.0,11.0,14.0,16.03122,18.027756,19.026298,19.026298,17.0,15.652476,13.892444,12.206556,10.630146,10.630146,10.816654,11.661904,12.529964,13.892444,14.422205,15.620499,16.278821,17.029386,17.804494,17.492856,17.0,15.652476,13.416408,11.18034,8.602325,6.708204,8.0,11.18034,13.601471,15.811388,9.433981,7.071068,5.830952,6.0,9.486833,11.661904,14.764823,17.0,18.788294,19.313208,19.313208,18.681542,17.262677,15.132746,14.035669,13.038405,11.045361,10.198039,9.219544,9.486833,10.29563,11.661904,13.601471,15.811388,16.643317,17.492856
hoyeon_stand_normal_01,3075,1025,102.50560109289616,29.998360745314464,10,0.5405776500701904,0.6859514713287354,-0.2017750293016433,0.999987006187439,0.5361826419830322,0.6955196261405945,-0.1901803612709045,0.9999573230743408,0.5335201025009155,0.6947804093360901,-0.1901888996362686,0.9999607801437378,0.5310829877853394,0.6938766837120056,-0.1902054846286773,0.9999626278877258,0.5436973571777344,0.6964252591133118,-0.190205305814743,0.9999409317970276,0.5461450219154358,0.6965502500534058,-0.1902140229940414,0.9999389052391052,0.5485868453979492,0.6965103149414062,-0.1902078241109848,0.9999377727508544,0.527199387550354,0.6851938962936401,-0.1083510890603065,0.9999427199363708,0.5520963668823242,0.6888230443000793,-0.1083985716104507,0.9998659491539,0.5354555249214172,0.6726980805397034,-0.1702143400907516,0.9999852180480956,0.5461263060569763,0.6745622754096985,-0.1702772080898285,0.9999757409095764,0.5074678659439087,0.6091118454933167,-0.0499726049602031,0.9999858736991882,0.572966992855072,0.6080055236816406,-0.0453049652278423,0.9999402761459352,0.4975910186767578,0.509371817111969,-0.0067636580206453,0.985069751739502,0.5786736607551575,0.5108691453933716,-0.0067199948243796,0.9580398797988892,0.4931477904319763,0.4262992739677429,-0.0738589391112327,0.975989580154419,0.5847370624542236,0.4272986352443695,-0.0712305530905723,0.9441553354263306,0.4892648458480835,0.3984672725200653,-0.0944549068808555,0.9519128203392028,0.5883405208587646,0.3996807038784027,-0.0934881493449211,0.9043773412704468,0.4930771589279175,0.3978427052497864,-0.1217032521963119,0.9559074640274048,0.5849561095237732,0.3992221355438232,-0.1223269328474998,0.9116358160972596,0.4962356686592102,0.4059954583644867,-0.0862246230244636,0.9459958076477052,0.5827751755714417,0.407652735710144,-0.0845246687531471,0.9021924138069152,0.520636260509491,0.4308387041091919,-0.0039584627375006,0.9997572898864746,0.5620965361595154,0.4300223886966705,0.0039273044094443,0.9996383786201476,0.5192499160766602,0.2739638388156891,-0.0302079729735851,0.9694319367408752,0.5613352656364441,0.2729633152484894,-0.0196520928293466,0.9446322917938232,0.5242242217063904,0.1272574365139007,0.0636630207300186,0.9700865149497986,0.5541818737983704,0.1290990859270095,0.0769423767924308,0.9401358366012572,0.5271363854408264,0.1112292930483818,0.0664361491799354,0.6023721694946289,0.5507836937904358,0.1138315871357917,0.0801607146859169,0.59187912940979,0.5261983275413513,0.0781180188059806,-0.0429742559790611,0.955757737159729,0.5542336106300354,0.0789574831724166,-0.0232880786061286,0.9358863234519958,hoyeon_stand_normal_01,16.643317,18.35756,18.788294,17.464249,15.811388,13.0,10.77033,7.615773,5.0,3.162278,3.162278,5.0,7.211103,8.944272,12.083046,15.231546,17.464249,19.697716,20.124612,20.124612,19.235384,17.0,13.928388,10.198039,8.544004,11.313708,15.297059,16.124515,16.0,15.132746,13.152946,10.440307,7.28011,4.123106,1.414214,3.0,5.385165,7.615773,9.486833,10.440307,11.401754,12.369317,12.165525,12.041595,12.0,10.0,8.0,5.0,2.236068,3.162278,7.81025,11.401754,10.630146,12.806248,13.601471,14.422205,14.764823,14.866069,15.524175,15.297059,16.124515,16.03122,16.03122,15.0,15.0,15.033296,14.035669,13.152946,12.369317,10.77033,8.602325,8.602325,9.219544,10.049876,13.341664,15.811388,18.973666,20.248457,18.248288,20.024984,21.023796,20.396078,18.973666,17.0,13.601471,9.219544,5.385165,3.605551,5.0,7.615773,9.433981,12.041595,13.453624,15.0,15.264338,16.124515,15.652476,14.764823,13.416408,11.661904,10.0,7.81025,6.082763,7.28011,14.9952995,14.3753415,13.79788,13.6255375,12.606335,12.2494925,11.6109675,11.401754,11.6396285,11.4105075,11.0640355,10.3948,10.51561,11.04951,12.0967665,12.2713935,13.7666925,14.170676,14.1231045,14.461131000000002,14.217326,13.609938500000002,13.7879955,14.5608995,14.281289999999998,14.733089499999998,12.532054,12.4114125,12.103808999999998,12.654639500000002,14.043753,15.0346755,15.405694,15.0192025,14.714755,14.227464,13.3137955,12.6491105,11.5440035,11.717802,11.4309125,11.632633,11.650147,11.44252,11.7097205,12.020889,12.261002,12.6916295,13.81857,13.8412035,14.1037805,14.3895735
hoyeon_stand_normal_01,3078,1026,102.60560655737704,29.998360745314464,10,0.5406838059425354,0.6860634684562683,-0.2004363238811493,0.9999870657920836,0.536298394203186,0.6955910325050354,-0.1890221536159515,0.9999573230743408,0.533649206161499,0.6948796510696411,-0.1890297532081604,0.9999607801437378,0.5311738848686218,0.6939854621887207,-0.1890454739332199,0.9999626874923706,0.5438109040260315,0.6964702606201172,-0.1886578053236007,0.9999409317970276,0.5462480187416077,0.6965826749801636,-0.188661441206932,0.9999388456344604,0.5487041473388672,0.6965306401252747,-0.188653290271759,0.9999375939369202,0.5272944569587708,0.6854113340377808,-0.1079898402094841,0.9999428987503052,0.5521253347396851,0.6889110207557678,-0.106966808438301,0.9998648166656494,0.5355672836303711,0.6727998852729797,-0.1694822460412979,0.9999851584434508,0.5462462902069092,0.6746513247489929,-0.1690603792667389,0.9999755024909972,0.5074853301048279,0.6092525720596313,-0.0494006909430027,0.9999858736991882,0.5729963183403015,0.60804682970047,-0.0436383858323097,0.9999397993087769,0.4976378083229065,0.5095463395118713,-0.0069269728846848,0.9851734042167664,0.5786848068237305,0.5110740661621094,-0.0048687411472201,0.957254946231842,0.4932292103767395,0.4264302849769592,-0.0733959376811981,0.9761456251144408,0.5847347974777222,0.4273498654365539,-0.0677285194396972,0.943423330783844,0.4892744719982147,0.3984968662261963,-0.0941627770662307,0.9522200226783752,0.5883391499519348,0.3997575044631958,-0.0892185047268867,0.9034141302108764,0.4931167662143707,0.3978557586669922,-0.1211893931031227,0.956192910671234,0.5849431753158569,0.3992773294448852,-0.1183260604739189,0.910773754119873,0.4962929487228393,0.4060119986534118,-0.0856938436627388,0.9463475942611694,0.5827495455741882,0.407663345336914,-0.0811651200056076,0.9014261364936828,0.5206549763679504,0.4311407804489136,-0.0046643335372209,0.9997551441192628,0.5620851516723633,0.4303299188613891,0.0046380148269236,0.9996361136436462,0.5192873477935791,0.2753879427909851,-0.0302346777170896,0.969032347202301,0.5613307356834412,0.273362785577774,-0.0185679774731397,0.9441737532615662,0.5245069861412048,0.1278267949819564,0.0609745793044567,0.969810962677002,0.5541160702705383,0.129410520195961,0.0762473419308662,0.9398457407951356,0.5272198915481567,0.1122136488556861,0.0634165778756141,0.6009107828140259,0.5507368445396423,0.1141534373164177,0.0793110281229019,0.5924944281578064,0.5262781381607056,0.0785996615886688,-0.0454394780099391,0.9553712606430054,0.5542981028556824,0.0792672112584114,-0.0232466869056224,0.9354548454284668,hoyeon_stand_normal_01,8.062258,5.09902,1.414214,2.828427,5.830952,7.615773,9.848858,9.848858,10.440307,11.401754,10.440307,10.198039,10.049876,9.0,8.062258,6.324555,5.656854,6.082763,9.219544,12.083046,16.124515,20.59126,24.186773,25.942244,26.400758,25.079872,2.236068,3.605551,6.324555,9.486833,12.649111,13.928388,15.231546,15.652476,15.652476,14.764823,13.038405,11.661904,9.219544,7.211103,4.472136,2.236068,1.0,3.162278,6.324555,8.944272,12.083046,13.928388,15.811388,16.492423,16.278821,14.317821,17.029386,17.029386,15.132746,14.317821,12.649111,11.18034,9.433981,7.81025,7.211103,6.324555,6.0,6.324555,7.211103,8.485281,11.401754,12.206556,15.264338,16.124515,18.35756,18.35756,19.235384,19.235384,18.35756,16.124515,13.892444,10.816654,5.656854,3.162278,2.236068,5.385165,8.602325,10.630146,13.453624,14.422205,14.764823,15.231546,13.601471,12.369317,10.049876,8.0,5.0,3.162278,1.0,3.162278,5.0,9.0,11.045361,14.035669,16.124515,18.248288,18.248288,19.235384,15.0,13.601471,12.806248,11.401754,9.899495,10.0,9.433981,9.848858,11.18034,12.083046,13.416408,13.892444,14.422205,15.620499,16.278821,15.811388,15.811388,14.764823,12.529964,10.29563,7.81025,6.708204,7.0,9.848858,12.083046,13.416408,9.219544,7.211103,6.324555,6.082763,8.062258,10.630146,12.806248,14.866069,17.029386,17.804494,17.204651,17.0,15.652476,15.231546,13.601471,12.369317,11.18034,10.198039,8.544004,8.944272,10.0,10.630146,12.041595,14.142136,14.866069,15.620499
hoyeon_stand_normal_01,3081,1027,102.70561202185792,29.998360745314464,10,0.5408008098602295,0.686133861541748,-0.2011619955301284,0.9999871253967284,0.5364025831222534,0.6956596374511719,-0.1897428035736084,0.9999576210975648,0.5337569713592529,0.6949819326400757,-0.1897508203983307,0.9999611377716064,0.5312525033950806,0.6940987706184387,-0.1897678673267364,0.9999630451202391,0.5439351797103882,0.6965031623840332,-0.1893554329872131,0.999941110610962,0.546371579170227,0.6966026425361633,-0.1893583387136459,0.9999389052391052,0.5488584041595459,0.6965386867523193,-0.1893494874238968,0.9999374747276306,0.5273722410202026,0.6856029629707336,-0.1085993573069572,0.999943733215332,0.552168071269989,0.6889640688896179,-0.1072154715657234,0.9998642802238464,0.5356845259666443,0.6728537678718567,-0.1700345128774643,0.9999852776527404,0.5463809967041016,0.6746960878372192,-0.1695784479379654,0.9999754428863524,0.507504403591156,0.6093390583992004,-0.0509786270558834,0.9999859929084778,0.573015570640564,0.60819011926651,-0.0434799380600452,0.9999390840530396,0.4977253079414367,0.5096851587295532,-0.0085888030007481,0.9853129982948304,0.578690767288208,0.5117910504341125,-0.0046384031884372,0.9564550518989564,0.4933346807956695,0.426497608423233,-0.0746971517801284,0.9764463901519777,0.5847154855728149,0.4277828931808471,-0.0677196532487869,0.9428278803825378,0.4892916083335876,0.3984868824481964,-0.095672033727169,0.9528010487556458,0.588304340839386,0.4000867307186126,-0.089220218360424,0.9026849269866944,0.4931633770465851,0.3978042304515838,-0.1227554008364677,0.9567375183105468,0.584904134273529,0.3995850384235382,-0.1183453500270843,0.9101407527923584,0.4963695108890533,0.4059965312480926,-0.0870026424527168,0.9469866156578064,0.5827165842056274,0.4078508019447326,-0.0811611115932464,0.9008665084838868,0.5207005739212036,0.431567370891571,-0.0053776470012962,0.999753713607788,0.5620827078819275,0.4306342005729675,0.0053558950312435,0.9996331334114076,0.5193064212799072,0.2763775289058685,-0.0304695628583431,0.9687586426734924,0.5613024830818176,0.2735356092453003,-0.0175325870513916,0.943669855594635,0.5247153639793396,0.1281102001667022,0.0612004585564136,0.9696837663650512,0.5540397763252258,0.1297559738159179,0.0764390379190445,0.9396584630012512,0.5272809267044067,0.1126817911863327,0.0637404695153236,0.599716067314148,0.5505821108818054,0.1146160066127777,0.0796594992280006,0.5938501954078674,0.5264706611633301,0.0789449959993362,-0.0456088446080684,0.9550855755805968,0.5543730854988098,0.0794687718152999,-0.0230278242379426,0.9351370930671692,hoyeon_stand_normal_01,17.691806,19.79899,19.104973,17.804494,15.811388,13.601471,10.0,7.81025,5.0,3.0,4.242641,6.324555,8.246211,11.045361,14.035669,16.03122,20.024984,22.090722,23.194827,23.345235,21.377558,19.235384,15.033296,11.18034,10.0,12.529964,17.088007,17.464249,18.11077,16.03122,15.033296,12.041595,8.062258,5.0,2.236068,3.0,5.385165,7.615773,9.848858,10.77033,11.7047,13.601471,13.341664,13.341664,12.165525,11.045361,9.0,6.0,2.236068,2.828427,7.211103,12.206556,11.045361,13.0,14.035669,14.317821,14.56022,14.866069,15.231546,14.764823,14.764823,15.264338,15.811388,15.0,15.0,14.21267,14.21267,12.806248,11.313708,10.0,8.944272,8.062258,8.246211,10.29563,12.806248,15.556349,16.970563,18.384776,15.524175,17.464249,18.35756,18.601075,16.970563,14.422205,11.18034,8.062258,4.123106,3.162278,5.0,7.211103,9.848858,11.401754,12.165525,14.035669,14.0,15.033296,14.142136,14.142136,13.038405,11.045361,10.049876,8.544004,7.81025,8.062258,12.083046,13.038405,13.038405,13.601471,13.892444,12.529964,12.083046,11.18034,9.848858,8.062258,6.708204,5.830952,5.0,5.385165,6.082763,9.055385,11.045361,13.152946,16.124515,18.11077,19.026298,20.0,20.024984,19.026298,16.03122,14.035669,13.0,14.866069,16.763055,16.492423,17.464249,15.297059,14.317821,12.165525,9.219544,7.28011,6.403124,4.472136,5.09902,6.0,7.071068,8.246211,9.219544,10.049876,11.045361,12.0,12.0,12.0,12.0,12.041595,11.045361,11.401754
hoyeon_stand_normal_01,3084,1028,102.8056174863388,29.998360745314464,10,0.5408778786659241,0.6861950755119324,-0.2036484777927398,0.9999873042106628,0.5364623665809631,0.6957255601882935,-0.1922648549079895,0.9999582171440125,0.5338180661201477,0.6950766444206238,-0.1922718733549118,0.9999617338180542,0.5313013792037964,0.6942031979560852,-0.1922900080680847,0.999963641166687,0.5440138578414917,0.6965328454971313,-0.191917285323143,0.9999418258666992,0.5464593768119812,0.6966204047203064,-0.1919184625148773,0.9999395608901978,0.5489690899848938,0.6965458393096924,-0.1919090002775192,0.9999379515647888,0.52742999792099,0.6857643723487854,-0.1106062829494476,0.9999449253082277,0.5522097945213318,0.6890016198158264,-0.1091104298830032,0.9998652338981628,0.5357637405395508,0.6729131937026978,-0.1721512377262115,0.9999854564666748,0.5464836359024048,0.6747323870658875,-0.17172172665596,0.9999756217002868,0.5075178742408752,0.6094475388526917,-0.0517129115760326,0.999986171722412,0.5730437636375427,0.6083539724349976,-0.0440624132752418,0.9999389052391052,0.4977670311927795,0.5097075700759888,-0.0077475816942751,0.9854673743247986,0.5787014365196228,0.5123265981674194,-0.0044975923374295,0.9557435512542723,0.493368923664093,0.4265324771404266,-0.0741738528013229,0.9767488837242126,0.5847060680389404,0.4281519055366516,-0.0680309310555458,0.9422950148582458,0.4892981946468353,0.3984712958335876,-0.0953143313527107,0.9533538222312928,0.5882951021194458,0.4003482162952423,-0.089577630162239,0.9020398855209352,0.4931860268115997,0.3977862298488617,-0.1222379952669143,0.957256555557251,0.584891676902771,0.3998015820980072,-0.1189144477248191,0.9095651507377625,0.4964094460010528,0.4059934318065643,-0.0864844843745231,0.9475632309913636,0.5827029943466187,0.4080127775669098,-0.0815491899847984,0.9003069996833801,0.520736813545227,0.4319241642951965,-0.0054886136204004,0.9997532963752748,0.5620798468589783,0.4309372305870056,0.0054674758575856,0.9996327757835388,0.5192844271659851,0.2766648828983307,-0.0303897429257631,0.9689949750900269,0.5612984895706177,0.2736236155033111,-0.0168206561356782,0.944070041179657,0.5247619152069092,0.1282375007867813,0.0615421496331691,0.9700409173965454,0.5539941191673279,0.1297918409109115,0.0765857994556427,0.9403836727142334,0.5273393988609314,0.1126549541950225,0.0640552192926406,0.6013059020042419,0.5504574179649353,0.1145795434713363,0.0799427703022956,0.5975766181945801,0.5264748930931091,0.0789734944701194,-0.0458790697157382,0.9554606676101683,0.5544065833091736,0.0794533789157867,-0.0228649452328681,0.93575519323349,hoyeon_stand_normal_01,17.778166,19.3832865,18.284611,17.951669,15.4807195,13.125291,9.924845,6.9465065,4.1828735,2.118034,3.179587,5.415476,7.440659,10.7558735,13.8718035,15.901498,18.8932575,20.8046405,22.146196,22.146196,20.4571815,17.578027499999997,14.5393695,10.332756,9.4521215,12.330952,16.848537,17.3050495,17.444271999999998,15.422342,13.856583,10.7998965,7.6586395,4.236068,2.699173,4.0388435000000005,7.0094485,9.1670695,10.905243,12.156854,13.328155,14.1598465,13.683234,14.562823,12.77411,11.6729325,9.497074,5.733964,1.825141,2.9953525,7.566663,12.1240755,10.816654,12.529964,13.928388,13.601471,14.317821,14.142136,14.0,14.0,15.033296,14.142136,15.297059,14.317821,14.317821,14.56022,13.601471,12.649111,11.18034,10.29563,8.485281,7.615773,8.062258,10.198039,11.7047,14.764823,17.0,19.235384,15.811388,17.888544,19.313208,19.416488,17.117243,15.033296,11.401754,8.062258,5.0,3.162278,4.472136,7.0,9.219544,10.77033,12.529964,13.038405,13.601471,14.21267,14.866069,13.453624,12.041595,10.630146,8.062258,7.071068,7.071068,8.602325,15.811388,14.422205,13.038405,12.806248,9.899495,10.0,10.29563,11.18034,11.7047,13.0,14.317821,15.264338,15.620499,16.278821,17.691806,17.029386,16.643317,15.264338,13.892444,10.816654,8.485281,6.708204,6.082763,8.944272,11.661904,14.422205,9.899495,7.81025,7.615773,6.082763,8.944272,10.816654,14.21267,16.401219,18.601075,18.35756,19.235384,18.384776,16.763055,15.524175,14.317821,13.152946,12.165525,11.18034,10.440307,9.848858,10.29563,11.401754,12.806248,14.21267,15.0,15.620499
hoyeon_stand_normal_01,3087,1029,102.90562295081968,29.998360745314464,10,0.54095858335495,0.6862114667892456,-0.201519176363945,0.9999873042106628,0.5365370512008667,0.6957488059997559,-0.1902275830507278,0.9999581575393676,0.5338948369026184,0.6951157450675964,-0.1902346163988113,0.9999617338180542,0.5313629508018494,0.694244921207428,-0.1902530938386917,0.9999637007713318,0.5440883040428162,0.6965398788452148,-0.1896286159753799,0.9999417066574096,0.5465382933616638,0.6966246366500854,-0.1896295100450515,0.9999393224716188,0.549061119556427,0.6965464353561401,-0.1896208822727203,0.9999376535415648,0.5274983644485474,0.685822606086731,-0.1095388159155845,0.9999451637268066,0.5522401928901672,0.6890169382095337,-0.1067334115505218,0.9998644590377808,0.5358496904373169,0.6729273200035095,-0.1703720986843109,0.9999854564666748,0.546579122543335,0.6747398376464844,-0.1695951670408249,0.9999755024909972,0.5075628161430359,0.6094788312911987,-0.0510797686874866,0.9999862313270568,0.573067843914032,0.6083921194076538,-0.0422340556979179,0.999938666820526,0.4978133141994476,0.5097557902336121,-0.0071847634389996,0.9854872226715088,0.5787243247032166,0.5124772191047668,-0.0027753678150475,0.9549861550331116,0.4934086203575134,0.426606148481369,-0.0737431198358535,0.9768292903900146,0.5847072601318359,0.4282231032848358,-0.0660994127392768,0.9417065978050232,0.4893010854721069,0.3984723687171936,-0.0948764011263847,0.953566312789917,0.5882980823516846,0.4004200398921966,-0.0875707417726516,0.9012719988822936,0.4931902885437011,0.3977859318256378,-0.1218699514865875,0.9574471712112428,0.5848914980888367,0.3998349010944366,-0.1168994903564453,0.9088595509529114,0.4964221715927124,0.4059954285621643,-0.0860790237784385,0.9477730989456176,0.5827008485794067,0.4080380201339721,-0.0796313509345054,0.8996660709381104,0.5208308696746826,0.4319153428077698,-0.0057548759505152,0.9997532963752748,0.56207674741745,0.4309156537055969,0.0057323393411934,0.9996323585510254,0.5193820595741272,0.2765517830848694,-0.0303989555686712,0.969002604484558,0.561348021030426,0.2733632028102875,-0.0159428510814905,0.94385027885437,0.5249177813529968,0.1282281428575515,0.0618278607726097,0.9701781868934632,0.5539646744728088,0.1298056691884994,0.0782232955098152,0.940474569797516,0.5273851156234741,0.1122319027781486,0.064396895468235,0.6011397838592529,0.550337016582489,0.1146018430590629,0.0815108343958854,0.5992231369018555,0.5266416668891907,0.0789781510829925,-0.0455763339996337,0.9555801749229432,0.5544678568840027,0.0794366225600242,-0.0207480788230896,0.9358892440795898,hoyeon_stand_normal_01,9.055385,6.082763,2.828427,3.162278,5.656854,7.81025,10.0,10.0,10.816654,10.29563,10.29563,9.848858,9.848858,8.544004,7.28011,6.0,4.472136,5.09902,8.062258,11.401754,16.155494,20.248457,23.4094,25.298221,25.96151,24.738634,1.0,3.605551,5.385165,8.544004,10.77033,13.0,14.317821,14.764823,14.422205,13.038405,11.401754,10.0,7.81025,5.656854,3.605551,1.0,2.236068,4.472136,7.615773,10.77033,13.601471,15.524175,16.492423,17.262677,17.262677,15.033296,16.492423,14.866069,13.928388,12.529964,11.401754,9.899495,8.602325,7.615773,6.324555,6.0,6.324555,6.403124,7.81025,9.433981,11.18034,13.0,14.866069,16.763055,18.681542,19.924859,19.924859,19.924859,18.681542,16.763055,14.866069,11.7047,5.385165,2.236068,2.236068,6.0,9.486833,11.18034,14.422205,15.0,15.556349,14.866069,13.601471,12.529964,10.29563,7.615773,6.324555,4.0,1.414214,2.236068,5.385165,7.28011,10.198039,13.152946,15.132746,16.124515,17.117243,17.262677,13.892444,13.892444,14.764823,15.652476,14.764823,14.764823,12.529964,11.661904,10.816654,9.433981,8.062258,6.708204,5.09902,6.082763,7.615773,9.433981,12.206556,14.21267,17.029386,19.209373,20.808652,21.633308,21.954498,20.59126,18.35756,14.764823,14.21267,15.620499,16.970563,17.691806,17.691806,16.278821,14.866069,12.041595,9.899495,7.81025,6.324555,5.0,5.385165,5.830952,7.81025,9.219544,10.0,11.401754,12.206556,13.038405,13.038405,12.529964,13.038405,13.038405,12.806248,12.727922
hoyeon_stand_normal_01,3090,1030,103.00562841530056,29.998360745314464,10,0.5410233736038208,0.6862326264381409,-0.1977112889289856,0.9999873042106628,0.5365985035896301,0.6957672238349915,-0.1861792653799057,0.9999581575393676,0.5339547991752625,0.6951406002044678,-0.1861877143383026,0.9999617338180542,0.5314074754714966,0.6942691802978516,-0.1862055659294128,0.9999637603759766,0.544150710105896,0.6965482831001282,-0.1856147497892379,0.9999417066574096,0.5465999841690063,0.6966304779052734,-0.18561652302742,0.999939262866974,0.5491318106651306,0.6965484023094177,-0.1856090277433395,0.9999375343322754,0.527545154094696,0.6858552694320679,-0.1051606237888336,0.9999451637268066,0.5522688627243042,0.6890312433242798,-0.1024601459503173,0.9998637437820436,0.5359048843383789,0.6729462742805481,-0.1665207594633102,0.9999854564666748,0.5466547012329102,0.6747457981109619,-0.1657743155956268,0.9999754428863524,0.5075856447219849,0.6094902753829956,-0.0482884161174297,0.9999862313270568,0.5730958580970764,0.6084221601486206,-0.0389784052968025,0.999938428401947,0.4978188574314117,0.509759247303009,-0.0058960313908755,0.9854496717453004,0.5787400603294373,0.5124926567077637,0.0002105402672896,0.9542893767356871,0.4934405982494354,0.426607221364975,-0.0720967352390289,0.9767661094665528,0.5847129225730896,0.4282606840133667,-0.0638754069805145,0.941089928150177,0.4893341064453125,0.3984651267528534,-0.093308500945568,0.9535000920295716,0.5882983803749084,0.4004606604576111,-0.0855253711342811,0.900478720664978,0.4932061433792114,0.3977821767330169,-0.1200635805726051,0.9573840498924256,0.5848871469497681,0.3998555839061737,-0.1148527115583419,0.9081294536590576,0.4964413642883301,0.4059963226318359,-0.0843278840184211,0.9476659297943116,0.5826984643936157,0.4080671370029449,-0.0774237588047981,0.8989498615264893,0.5208840370178223,0.4318972527980804,-0.0057962099090218,0.999754011631012,0.5620782375335693,0.4308624863624573,0.00577361183241,0.9996338486671448,0.5194066166877747,0.2764866352081299,-0.030393473803997,0.9691666960716248,0.5614238381385803,0.2731627523899078,-0.0158799588680267,0.9440740346908568,0.5251510739326477,0.1281955689191818,0.0621072463691234,0.9705384969711304,0.553961992263794,0.1298637986183166,0.0799780413508415,0.9412285089492798,0.5276516675949097,0.1118516474962234,0.0646990090608596,0.6039442420005798,0.5503324866294861,0.1146674454212188,0.0833569541573524,0.6028685569763184,0.5267756581306458,0.0789690688252449,-0.045038029551506,0.956106662750244,0.554559051990509,0.0794323533773422,-0.0188919175416231,0.9366816878318788,hoyeon_stand_normal_01,7.615773,4.472136,1.0,4.123106,6.0,9.0,10.049876,11.045361,11.045361,11.18034,11.18034,10.440307,10.440307,8.944272,7.211103,5.656854,5.385165,6.324555,8.485281,12.206556,16.124515,20.124612,23.706539,25.059928,25.553865,24.698178,2.236068,4.123106,7.071068,10.198039,12.165525,14.56022,15.811388,15.811388,15.231546,14.317821,12.529964,10.29563,8.062258,6.708204,3.605551,1.414214,1.414214,4.242641,6.403124,9.219544,12.041595,14.21267,15.811388,16.124515,16.124515,13.416408,10.816654,11.18034,12.083046,12.649111,13.341664,13.038405,13.0,13.038405,13.152946,13.152946,13.341664,13.601471,13.601471,12.649111,12.649111,11.7047,10.29563,9.433981,7.81025,7.615773,8.0,10.440307,13.0,14.764823,17.0,18.35756,16.970563,19.209373,19.723083,18.384776,17.464249,15.033296,11.045361,7.28011,3.605551,2.236068,5.09902,7.071068,10.198039,11.7047,13.416408,13.892444,14.422205,15.0,14.21267,13.453624,12.806248,10.816654,8.944272,7.28011,7.071068,7.211103,15.132746,14.317821,13.341664,11.401754,9.848858,9.433981,9.219544,10.630146,12.041595,12.727922,14.866069,15.0,15.811388,16.552945,17.088007,17.720045,16.278821,16.124515,13.038405,11.045361,8.246211,5.656854,7.071068,10.049876,12.165525,15.132746,9.486833,8.062258,6.403124,6.324555,9.055385,11.18034,13.601471,15.524175,17.464249,18.248288,18.027756,18.0,16.0,15.033296,14.142136,13.341664,11.18034,10.198039,10.049876,10.049876,10.198039,11.401754,13.601471,14.56022,15.811388,16.492423
hoyeon_stand_normal_01,3093,1031,103.10563387978142,29.998360745314464,10,0.5410921573638916,0.6862618923187256,-0.1984687596559524,0.999987244606018,0.536677896976471,0.6957846283912659,-0.1869639605283737,0.9999579787254332,0.5340412855148315,0.6951660513877869,-0.18697190284729,0.99996155500412,0.5314781665802002,0.6942936182022095,-0.1869909316301345,0.999963641166687,0.5442146062850952,0.6965590119361877,-0.1863791793584823,0.9999414086341858,0.546664297580719,0.696639358997345,-0.1863825917243957,0.9999389052391052,0.549204409122467,0.6965533494949341,-0.1863751411437988,0.9999371767044068,0.527632474899292,0.6858832836151123,-0.1061365082859993,0.9999451637268066,0.5523022413253784,0.6890447735786438,-0.1034068018198013,0.9998629689216614,0.5359731316566467,0.6729714274406433,-0.1673656553030014,0.99998539686203,0.5467302203178406,0.6747546792030334,-0.166609838604927,0.999975323677063,0.5076259970664978,0.6095074415206909,-0.0495189540088176,0.9999862909317015,0.5731089115142822,0.6084357500076294,-0.0393647924065589,0.9999380707740784,0.4978194236755371,0.5097813010215759,-0.007312033791095,0.9854723215103148,0.5787461400032043,0.5125098824501038,-0.0001657960383454,0.9538174271583556,0.4934639632701874,0.4265310764312744,-0.073257565498352,0.9767947793006896,0.5847142338752747,0.428264707326889,-0.0640356838703155,0.9406530857086182,0.4893774092197418,0.3984213769435882,-0.0944717675447464,0.9535871744155884,0.5882991552352905,0.4004704654216766,-0.0857865288853645,0.8998504281044006,0.4932104349136352,0.3977506160736084,-0.121176429092884,0.9574533700942992,0.5848768353462219,0.3998567759990692,-0.1151062920689582,0.9075257778167723,0.4964472651481628,0.4059872925281524,-0.0854380205273628,0.9477570652961732,0.5826824307441711,0.4080691933631897,-0.0776013359427452,0.8983682990074158,0.5209510922431946,0.4319405555725097,-0.0059246169403195,0.9997543096542358,0.5620766282081604,0.430893987417221,0.0058995052240788,0.999633252620697,0.5194898247718811,0.2761607468128204,-0.0311547387391328,0.9689828753471376,0.5615046620368958,0.2731198370456695,-0.0158798433840274,0.9434717297554016,0.5251945853233337,0.128098577260971,0.0621432028710842,0.9704484939575196,0.5539131164550781,0.1299648880958557,0.0803960040211677,0.9409117698669434,0.5276820659637451,0.1112837716937065,0.0648049861192703,0.602367639541626,0.5500974059104919,0.1147231459617614,0.0838162079453468,0.602897047996521,0.5268160104751587,0.0787718668580055,-0.044988140463829,0.9559034705162048,0.5545756816864014,0.0794151648879051,-0.0183904785662889,0.9364238977432252,hoyeon_stand_normal_01,9.848858,5.385165,2.0,1.414214,5.0,7.81025,8.602325,9.433981,10.816654,11.18034,10.77033,9.848858,9.486833,8.246211,7.0,5.09902,4.242641,5.0,8.544004,13.038405,17.204651,20.615528,24.207437,26.400758,27.202941,25.238859,1.0,2.236068,5.830952,8.544004,10.77033,12.649111,14.56022,14.317821,14.317821,13.152946,12.041595,10.049876,8.062258,6.082763,3.0,1.0,2.0,5.0,8.062258,10.049876,13.152946,15.297059,17.464249,17.720045,17.720045,16.155494,11.44252,12.712355,13.3956235,13.6886665,13.576473,13.571068,14.176745,13.8718035,13.635026,13.959646,14.183147,13.910416,13.910416,13.0192025,13.5089395,11.93423,10.7234,9.5595195,7.906714,6.6814365,7.1934065,9.6863275,12.1760565,15.012029,16.807941,17.902863,15.9852815,17.785819,18.7637885,18.403032,16.8098715,14.18748,11.0226805,7.28011,4.242641,3.179587,5.464986,8.123105500000001,10.6217,11.85235,13.076473,14.1051325,14.4912125,15.405694,14.722108,14.2652455,12.903124,11.109204,8.9998285,7.071068,7.245606499999999,8.2062875,15.556349,14.866069,12.727922,12.041595,10.816654,9.848858,10.440307,11.401754,13.341664,13.341664,14.56022,16.155494,17.0,18.027756,17.804494,17.691806,17.029386,15.620499,13.601471,10.630146,8.602325,7.28011,8.246211,11.661904,13.601471,16.401219,8.602325,6.708204,6.0,6.708204,9.219544,11.313708,14.866069,16.278821,18.384776,18.439089,18.439089,18.601075,16.124515,15.652476,13.928388,13.0,12.083046,11.18034,9.433981,10.0,10.630146,11.313708,13.453624,14.866069,16.278821,16.970563
hoyeon_stand_normal_01,3096,1032,103.2056393442623,29.998360745314464,10,0.5412312150001526,0.6863248348236084,-0.1977760344743728,0.999987244606018,0.53684002161026,0.6958282589912415,-0.1862055510282516,0.999958038330078,0.5342056155204773,0.6952245831489563,-0.186213731765747,0.9999616742134094,0.5316153764724731,0.6943530440330505,-0.1862329542636871,0.9999637603759766,0.5443621873855591,0.6965886354446411,-0.1856172084808349,0.9999414682388306,0.5468154549598694,0.696662962436676,-0.1856206953525543,0.9999388456344604,0.5493686199188232,0.6965640783309937,-0.1856127083301544,0.999937117099762,0.52776038646698,0.6859267354011536,-0.1054877266287803,0.9999454021453856,0.5523714423179626,0.6890506744384766,-0.1027028113603591,0.999862551689148,0.5361069440841675,0.6730368733406067,-0.1667401939630508,0.9999854564666748,0.5468699336051941,0.6747766733169556,-0.1659712642431259,0.999975323677063,0.5076829195022583,0.6095268726348877,-0.0493878871202468,0.9999864101409912,0.5731525421142578,0.6084401607513428,-0.0388027057051658,0.9999375939369202,0.4978200197219848,0.5097847580909729,-0.0075147808529436,0.985586404800415,0.578786313533783,0.5125070810317993,0.0003392067737877,0.9531556367874146,0.4935200810432434,0.426436185836792,-0.0739499405026435,0.976987898349762,0.5847575664520264,0.4282659292221069,-0.0634872540831565,0.9401389360427856,0.4894132614135742,0.3983893692493438,-0.0954356044530868,0.9539675712585448,0.5883328318595886,0.4004904329776764,-0.0852004215121269,0.89920973777771,0.4932496249675751,0.3977460563182831,-0.121985413134098,0.9577870965003968,0.5848836302757263,0.3998721241950989,-0.1144435554742813,0.9069198966026306,0.4964889883995056,0.4059886932373047,-0.0860683619976043,0.9481266140937804,0.5826851725578308,0.4080901741981506,-0.0769925788044929,0.8977639079093933,0.5210078358650208,0.4319452345371246,-0.0059930626302957,0.9997559189796448,0.562092125415802,0.4308961033821106,0.0059663075953722,0.9996341466903688,0.5195489525794983,0.2761344313621521,-0.0317213684320449,0.9690824747085572,0.5618169903755188,0.2730309963226318,-0.0159022938460111,0.943327784538269,0.5252540111541748,0.1280629187822342,0.0617333799600601,0.97064608335495,0.5539085865020752,0.1299712061882019,0.0805433616042137,0.941100299358368,0.5277727246284485,0.110987551510334,0.0643927827477455,0.6025635600090027,0.5500876903533936,0.1147282123565673,0.0839552879333496,0.6042495965957642,0.526887059211731,0.0785909667611122,-0.045560423284769,0.9561001062393188,0.5546590685844421,0.0794058516621589,-0.0182274114340543,0.9366464018821716,hoyeon_stand_normal_01,8.544004,4.123106,1.0,2.828427,6.403124,7.81025,10.0,10.816654,11.661904,11.661904,11.661904,10.29563,9.848858,9.219544,8.062258,6.082763,5.0,6.324555,9.0,12.369317,16.763055,20.248457,23.4094,25.96151,25.96151,24.738634,2.0,4.472136,6.403124,10.0,12.206556,13.601471,15.264338,15.264338,14.764823,13.416408,12.083046,10.77033,8.544004,6.324555,4.472136,1.414214,1.0,4.0,6.0,9.0,12.041595,14.035669,16.124515,16.492423,16.492423,13.601471,12.0,13.152946,14.317821,13.928388,14.317821,13.892444,14.422205,14.21267,14.866069,14.866069,14.21267,14.21267,15.0,14.422205,13.038405,12.529964,11.18034,9.486833,8.062258,7.28011,7.81025,9.433981,11.7047,13.601471,16.492423,17.464249,16.124515,17.804494,19.104973,18.601075,17.0,14.56022,11.045361,8.246211,5.0,4.0,6.403124,8.062258,10.440307,12.165525,13.038405,14.0,14.035669,14.142136,14.142136,13.152946,12.165525,10.049876,8.062258,6.708204,7.211103,8.544004,13.038405,15.033296,15.0,16.0,16.0,15.033296,14.035669,13.152946,11.18034,10.198039,8.062258,7.071068,6.082763,5.385165,6.403124,8.062258,11.18034,13.0,16.552945,18.788294,20.124612,21.470911,21.095023,20.248457,17.204651,14.21267,14.142136,16.278821,18.439089,18.681542,18.681542,16.763055,15.811388,13.601471,10.198039,9.055385,7.071068,6.708204,6.403124,7.211103,8.062258,9.433981,10.29563,11.661904,13.038405,13.038405,13.601471,13.601471,13.038405,12.529964,13.416408,12.649111
hoyeon_stand_normal_01,3099,1033,103.30564480874315,29.998360745314464,10,0.5413700938224792,0.6863273978233337,-0.2042950689792633,0.9999873638153076,0.536987841129303,0.6958323121070862,-0.192681223154068,0.9999584555625916,0.5343482494354248,0.6952371597290039,-0.1926892548799514,0.9999620914459229,0.5317361950874329,0.6943693161010742,-0.1927077770233154,0.9999641180038452,0.5445058941841125,0.6965895891189575,-0.19219371676445,0.9999420642852784,0.5469616651535034,0.6966621279716492,-0.1922008246183395,0.9999394416809082,0.5495279431343079,0.6965517401695251,-0.1921932995319366,0.9999377727508544,0.5278886556625366,0.685935914516449,-0.1109465435147285,0.9999460577964784,0.5524466633796692,0.689031720161438,-0.1085803657770156,0.9998637437820436,0.5362308621406555,0.673047661781311,-0.1728183776140213,0.9999856352806092,0.5470097661018372,0.6747773885726929,-0.1721855252981186,0.9999756217002868,0.5077667236328125,0.6095325350761414,-0.0530916005373001,0.9999864101409912,0.573174774646759,0.6084415912628174,-0.0426067560911178,0.9999372959136964,0.4978252053260803,0.5096464157104492,-0.0102286022156476,0.9857118129730223,0.5788259506225586,0.5123525261878967,-0.0024841171689331,0.9530299305915833,0.493523895740509,0.4261677861213684,-0.0771062895655632,0.9770931601524352,0.5847901105880737,0.4280850887298584,-0.0673431977629661,0.939899444580078,0.4894199669361114,0.3982822299003601,-0.0985423773527145,0.9541434645652772,0.588344931602478,0.4003785848617553,-0.0891298502683639,0.8988310098648071,0.4932667016983032,0.397671103477478,-0.1253959536552429,0.9579472541809082,0.5848986506462097,0.399724006652832,-0.1181374862790107,0.9065696001052856,0.4965001940727234,0.4059482216835022,-0.0892892852425575,0.9483040571212769,0.5827099084854126,0.4079810380935669,-0.0806826427578926,0.897383987903595,0.5210620760917664,0.4318993389606476,-0.0060636703856289,0.9997552037239076,0.5620967745780945,0.4307976961135864,0.0060345334932208,0.9996327757835388,0.5197595953941345,0.2760730683803558,-0.0317527391016483,0.9692816734313964,0.5620383620262146,0.2728570699691772,-0.0156289171427488,0.9435794353485109,0.5252947211265564,0.1281042098999023,0.0639337822794914,0.9708974957466124,0.5538870692253113,0.1298973560333252,0.0823042690753936,0.941569983959198,0.5277856588363647,0.1111376360058784,0.0669595003128051,0.6029902696609497,0.5500209927558899,0.1146569848060607,0.0858605131506919,0.6062103509902954,0.5269437432289124,0.0785959661006927,-0.0432022437453269,0.9564486742019652,0.5546594262123108,0.0792085751891136,-0.0168091766536235,0.9371145367622375,hoyeon_stand_normal_01,7.81025,3.605551,1.0,4.472136,6.708204,8.944272,10.29563,11.661904,12.206556,12.206556,11.401754,10.630146,9.899495,9.219544,8.062258,6.324555,5.09902,5.0,8.246211,12.041595,16.03122,20.099751,23.086793,25.019992,25.019992,24.0,2.236068,4.0,7.071068,10.049876,12.041595,14.035669,15.0,15.0,15.033296,14.035669,12.165525,10.198039,8.246211,6.324555,3.162278,1.414214,1.0,4.123106,6.324555,9.848858,12.083046,14.764823,16.124515,16.643317,15.811388,13.601471,16.03122,15.297059,13.601471,13.0,11.661904,10.630146,9.219544,8.062258,7.28011,6.0,6.324555,7.211103,7.81025,9.433981,11.18034,12.649111,15.524175,17.464249,18.439089,19.416488,20.615528,20.615528,19.646883,17.464249,14.56022,11.401754,5.0,2.0,4.0,6.324555,10.816654,12.727922,15.0,15.811388,17.0,16.155494,14.56022,12.369317,10.049876,8.0,6.0,3.162278,1.0,2.236068,5.09902,8.062258,11.0,14.0,16.03122,17.029386,18.027756,18.027756,12.9114705,14.170832,14.170832,14.6589105,14.170832,13.9070705,13.0513675,11.749126,10.239502,9.081908,8.050527,5.8941445,4.915476,4.611063,5.8698085,7.877553499999999,10.59017,13.2274065,15.458407,17.9964725,19.1493955,19.728915,19.676715,19.0158295,17.217405999999997,14.2299785,13.691006,15.5107815,17.217405999999997,17.429553499999997,17.790174999999998,16.3102495,14.932573,12.7290015,10.5399175,8.5731645,6.889636,6.082763,5.733964,7.0094485,7.566663,8.7147765,9.757587,10.905243,11.698377,12.156854,12.5207975,12.5207975,12.345353,11.580055,11.965859,11.93423
hoyeon_stand_normal_01,3102,1034,103.40565027322404,29.998360745314464,10,0.5414784550666809,0.6863529682159424,-0.2130559384822845,0.9999874830245972,0.5371174216270447,0.6958498954772949,-0.2015070170164108,0.9999588131904602,0.534479022026062,0.6952673196792603,-0.2015144228935241,0.9999623894691468,0.5318567156791687,0.6944059729576111,-0.2015324980020523,0.9999644160270692,0.5446130037307739,0.6965938806533813,-0.201042354106903,0.9999426007270812,0.5470685958862305,0.6966634392738342,-0.201053574681282,0.999940037727356,0.549637496471405,0.6965485215187073,-0.2010488361120224,0.9999383687973022,0.5280436277389526,0.6859636902809143,-0.1193442121148109,0.9999465942382812,0.5525215268135071,0.6890067458152771,-0.1170888319611549,0.9998648762702942,0.5363427400588989,0.6730929613113403,-0.1814012676477432,0.9999857544898988,0.5471156239509583,0.6747844219207764,-0.1808080077171325,0.999975860118866,0.5078403949737549,0.609530508518219,-0.05988210439682,0.9999862313270568,0.5731906890869141,0.6084115505218506,-0.0492690168321132,0.9999369382858276,0.4978260397911072,0.5095001459121704,-0.0145105514675378,0.9858333468437196,0.5788416266441345,0.5121151804924011,-0.0072154034860432,0.9530453085899352,0.493528664112091,0.4258407056331634,-0.080421581864357,0.9770178198814392,0.5848042964935303,0.427693635225296,-0.0720523223280906,0.9395074844360352,0.4894457459449768,0.3981609642505646,-0.1013900712132453,0.9539180994033812,0.588360071182251,0.4001704752445221,-0.0934412628412246,0.8981388807296753,0.4933108985424042,0.3975754976272583,-0.1284274458885193,0.9577462673187256,0.5849324464797974,0.39947509765625,-0.1226235777139663,0.9059351682662964,0.496535450220108,0.4058885276317596,-0.0925810113549232,0.9480874538421632,0.5827487111091614,0.407743364572525,-0.0853781551122665,0.8967326283454895,0.5210736989974976,0.4318519234657287,-0.006143553648144,0.999752163887024,0.5620909333229065,0.4306882917881012,0.0061102802865207,0.9996289014816284,0.519978404045105,0.2760278880596161,-0.0317423641681671,0.9691928625106812,0.5620683431625366,0.2727216780185699,-0.0151062244549393,0.943446397781372,0.5253310799598694,0.1281866580247879,0.0661564618349075,0.9708670973777772,0.5538839101791382,0.1298963874578476,0.0842217579483985,0.9414645433425904,0.5277860164642334,0.111362487077713,0.0693865343928337,0.6023479700088501,0.5500256419181824,0.1146494075655937,0.0879062190651893,0.6062055826187134,0.5269860625267029,0.0786712393164634,-0.0409841872751712,0.9564136266708374,0.5546958446502686,0.07914899289608,-0.0153679931536316,0.9369958639144896,hoyeon_stand_normal_01,17.720045,19.646883,19.416488,18.248288,15.132746,13.038405,10.049876,6.082763,4.123106,1.414214,2.236068,5.09902,8.062258,10.198039,13.152946,15.132746,18.248288,20.223748,20.396078,20.396078,19.235384,16.124515,12.0,8.544004,8.602325,11.045361,14.422205,15.652476,15.231546,13.601471,11.401754,9.219544,6.082763,3.162278,1.414214,4.123106,6.324555,8.544004,9.848858,11.18034,12.529964,12.529964,13.038405,13.038405,11.401754,10.630146,7.81025,4.242641,1.0,3.605551,8.062258,12.083046,11.18034,12.649111,13.341664,14.142136,14.035669,14.035669,14.317821,14.56022,14.866069,15.231546,15.231546,14.764823,14.764823,14.422205,14.422205,13.601471,11.401754,9.899495,8.062258,7.071068,8.246211,9.433981,12.727922,14.21267,16.401219,19.209373,17.0,19.313208,19.416488,19.104973,18.027756,15.297059,12.083046,7.81025,5.385165,4.472136,6.324555,8.0,10.198039,11.7047,13.416408,14.422205,14.422205,15.0,14.21267,13.453624,12.041595,10.0,8.544004,6.082763,7.615773,8.485281,13.152946,15.033296,16.03122,16.03122,16.03122,15.132746,14.142136,13.341664,11.401754,9.486833,8.246211,7.071068,6.0,5.385165,5.656854,8.062258,11.18034,13.416408,16.552945,17.888544,19.723083,21.095023,21.633308,20.0,17.804494,14.21267,14.317821,15.524175,17.720045,18.027756,19.313208,17.088007,15.231546,13.0,10.440307,9.055385,7.071068,6.324555,6.403124,7.81025,8.602325,9.433981,10.816654,11.661904,12.206556,13.601471,12.806248,14.21267,12.806248,13.038405,12.529964,12.649111
hoyeon_stand_normal_01,3105,1035,103.50565573770491,29.998360745314464,10,0.5415588021278381,0.6863909363746643,-0.2148225903511047,0.9999874234199524,0.5372059345245361,0.6958677172660828,-0.2034605145454406,0.9999585151672364,0.5345631241798401,0.6952940821647644,-0.2034672945737838,0.9999620914459229,0.5319377779960632,0.6944356560707092,-0.2034864276647567,0.99996417760849,0.5446987748146057,0.6966028809547424,-0.2028495669364929,0.9999423623085022,0.5471604466438293,0.6966683268547058,-0.2028606235980987,0.9999397993087769,0.5497311353683472,0.6965481638908386,-0.2028561681509018,0.9999381303787231,0.528128981590271,0.6859755516052246,-0.1222322210669517,0.9999462366104126,0.5525875091552734,0.6889880895614624,-0.1193403452634811,0.9998639225959778,0.5364081859588623,0.6731413006782532,-0.1835310459136963,0.9999856352806092,0.5471989512443542,0.674801230430603,-0.1827497631311416,0.9999757409095764,0.5078613758087158,0.6095197796821594,-0.0634370669722557,0.9999858736991882,0.5731958746910095,0.6083887219429016,-0.0523115023970603,0.9999358057975768,0.4978286325931549,0.5092372298240662,-0.0198396854102611,0.9859102368354796,0.5788499116897583,0.5119389295578003,-0.0107237426564097,0.95296311378479,0.4935331642627716,0.4255968034267425,-0.0850250720977783,0.9768854379653932,0.5848180651664734,0.4274086058139801,-0.0740506947040557,0.9389869570732116,0.4894508123397827,0.3980526328086853,-0.1058655083179473,0.9535967707633972,0.5883808135986328,0.3999872207641601,-0.0952109992504119,0.89725261926651,0.4933403432369232,0.3974945843219757,-0.1326497048139572,0.9574360251426696,0.5849749445915222,0.3992767632007599,-0.1240624338388443,0.9051105976104736,0.4965694844722748,0.4058359563350677,-0.0970682874321937,0.9478034973144532,0.5827814340591431,0.4075664579868316,-0.0872182697057724,0.8959355354309082,0.5211212038993835,0.4318507015705108,-0.006151262205094,0.9997466802597046,0.5620920062065125,0.4307175576686859,0.0061163171194493,0.9996219873428344,0.5199976563453674,0.2762275338172912,-0.032335665076971,0.968656599521637,0.5620735287666321,0.2727771699428558,-0.0153141524642705,0.942752718925476,0.5254233479499817,0.1287429183721542,0.0661096200346946,0.9702271819114684,0.5538811087608337,0.1299901753664016,0.0835480615496635,0.9406395554542542,0.5278199315071106,0.1127059161663055,0.0692691132426261,0.5988695025444031,0.5501198172569275,0.1149490103125572,0.0872513875365257,0.6041504144668579,0.5270029902458191,0.0792546346783638,-0.0409713238477706,0.9554683566093444,0.5547212958335876,0.0792703330516815,-0.0157253332436084,0.9360457062721252,hoyeon_stand_normal_01,17.464249,19.235384,18.11077,18.027756,15.0,12.0,9.0,6.082763,3.605551,3.0,4.472136,6.403124,8.602325,11.661904,14.422205,16.124515,19.723083,21.095023,21.633308,21.633308,20.248457,17.492856,14.317821,10.049876,9.486833,11.313708,16.278821,16.278821,16.401219,15.264338,13.416408,10.29563,7.211103,4.242641,2.0,3.605551,5.830952,8.062258,10.29563,11.18034,11.661904,13.038405,12.206556,12.806248,12.041595,9.899495,7.81025,4.472136,1.0,3.605551,8.062258,12.649111,14.56022,13.152946,12.0,12.041595,10.198039,9.486833,8.062258,7.071068,6.403124,6.324555,6.0,6.324555,7.211103,8.485281,10.630146,12.206556,14.422205,16.124515,17.888544,19.235384,19.235384,19.235384,18.35756,17.0,14.764823,11.661904,4.0,2.828427,4.472136,7.071068,10.29563,13.0,14.56022,16.124515,16.03122,15.0,14.142136,12.165525,9.486833,7.615773,5.385165,2.828427,1.0,3.0,5.385165,8.544004,10.77033,13.0,14.764823,15.652476,16.552945,16.552945,16.124515,15.132746,13.341664,11.401754,11.18034,10.0,11.313708,11.401754,12.806248,14.142136,15.556349,16.278821,17.204651,18.35756,19.313208,18.973666,18.681542,17.262677,15.297059,11.401754,8.544004,7.071068,8.246211,10.049876,13.152946,15.297059,9.486833,7.615773,6.403124,7.28011,9.0,12.165525,14.317821,16.278821,18.248288,18.11077,19.026298,18.027756,17.029386,15.132746,14.142136,13.152946,11.18034,11.045361,10.0,11.045361,11.18034,13.341664,14.56022,15.811388,16.492423,17.464249
hoyeon_stand_normal_01,3108,1036,103.6056612021858,29.998360745314464,10,0.5416128039360046,0.6864280700683594,-0.2157560139894485,0.9999873042106628,0.5372680425643921,0.6958767175674438,-0.204407200217247,0.9999582767486572,0.534627377986908,0.6953095197677612,-0.2044134885072708,0.9999619722366332,0.5320045948028564,0.6944543719291687,-0.2044338136911392,0.9999640583992004,0.5447514653205872,0.6966084241867065,-0.2040346711874008,0.9999420046806335,0.5472106337547302,0.6966708898544312,-0.2040433436632156,0.999939501285553,0.5497797727584839,0.6965477466583252,-0.2040387094020843,0.9999377131462096,0.5281967520713806,0.6859930753707886,-0.1227044537663459,0.9999462366104126,0.5526227951049805,0.6889814734458923,-0.1209318116307258,0.9998630285263062,0.53647381067276,0.6732087731361389,-0.184189960360527,0.9999855160713196,0.5472542643547058,0.674830436706543,-0.1837315708398819,0.9999755024909972,0.5078791379928589,0.6095362901687622,-0.0624916143715381,0.9999857544898988,0.5732009410858154,0.6083916425704956,-0.053695660084486,0.9999346137046814,0.4978325068950653,0.5092346668243408,-0.0173703171312809,0.9859716892242432,0.578888475894928,0.5119176506996155,-0.0116099305450916,0.9526821374893188,0.493537038564682,0.4255746304988861,-0.0830274522304534,0.9768394827842712,0.5848583579063416,0.4273693561553955,-0.0742093846201896,0.9381491541862488,0.4894709289073944,0.3980492949485779,-0.1044152900576591,0.9534428119659424,0.5884276628494263,0.399960845708847,-0.0952586606144905,0.8959413170814514,0.4933724701404571,0.3974854946136474,-0.1310574561357498,0.957298755645752,0.5850358605384827,0.399244874715805,-0.1241654530167579,0.9038864970207214,0.4965893924236297,0.4058328866958618,-0.09514170140028,0.947685956954956,0.58282470703125,0.4075423777103424,-0.0873837694525718,0.8946418166160583,0.5211455225944519,0.4321985244750976,-0.0060060191899538,0.9997439980506896,0.562092125415802,0.4312002658843994,0.0059691937640309,0.9996172189712524,0.5199989080429077,0.2765241861343384,-0.0329662896692752,0.9681225419044496,0.5620429515838623,0.2738199234008789,-0.016524801030755,0.942145586013794,0.525378942489624,0.1291515231132507,0.0641885101795196,0.9696553945541382,0.5539180040359497,0.1303044408559799,0.0797994434833526,0.9397690296173096,0.5277840495109558,0.1132261008024215,0.0671959370374679,0.5952264666557312,0.5502188205718994,0.1151605099439621,0.0832360312342643,0.6012858748435974,0.526896059513092,0.0794324576854705,-0.0429640263319015,0.9546064138412476,0.5547122359275818,0.0795546621084213,-0.0200317986309528,0.9350481629371644,hoyeon_stand_normal_01,13.245896,12.3193595,11.1679095,11.075431,11.5,11.0276925,10.5226805,8.59017,8.144315500000001,7.3026925,7.1150905,8.616353,9.2512825,9.857301,10.1055515,10.4442,10.7936775,12.084926,13.9133155,15.890381,17.299841,18.0401765,17.728055,16.8767815,16.958861,17.6886415,8.618034,9.7205495,10.474416,11.328428,11.421122,10.799753,10.0743865,8.573124,7.5078425,8.386108499999999,8.920698999999999,9.534201,9.02804,8.616353,7.738769,7.0,7.5,8.50105,9.4365035,10.0,10.0086755,9.93157,8.6394105,10.7213495,12.6115465,14.070529,13.038405,14.142136,14.317821,14.56022,15.231546,14.764823,15.0,14.21267,15.556349,14.866069,15.0,15.0,15.0,14.422205,14.422205,12.529964,12.083046,10.77033,9.055385,7.28011,7.211103,9.433981,12.083046,14.866069,16.763055,17.720045,16.155494,17.492856,19.209373,18.384776,17.204651,14.317821,11.401754,8.062258,5.0,4.0,6.403124,8.602325,10.77033,12.369317,13.152946,14.035669,15.0,15.033296,14.035669,13.038405,12.041595,10.0,8.246211,7.211103,8.062258,9.219544,12.727922,14.21267,15.0,14.866069,14.21267,13.453624,12.727922,12.041595,10.0,8.602325,6.403124,5.0,4.472136,4.0,5.385165,8.062258,10.816654,13.892444,16.643317,19.235384,21.470911,21.023796,21.931712,20.615528,18.027756,14.866069,14.422205,16.124515,17.492856,18.35756,19.235384,17.464249,15.231546,13.0,11.18034,8.602325,7.071068,5.385165,6.0,6.082763,7.28011,8.246211,9.486833,10.440307,11.401754,11.401754,12.165525,12.369317,11.401754,11.7047,11.18034,10.816654
hoyeon_stand_normal_01,3111,1037,103.70566666666666,29.998360745314464,10,0.5416728258132935,0.6864341497421265,-0.2190657407045364,0.9999874234199524,0.5373323559761047,0.695880115032196,-0.2077819854021072,0.9999587535858154,0.5346894860267639,0.695313572883606,-0.2077862918376922,0.9999624490737916,0.5320641994476318,0.6944586038589478,-0.2078060060739517,0.9999645352363586,0.5448067784309387,0.6966105103492737,-0.2074220925569534,0.9999426007270812,0.5472671389579773,0.6966722011566162,-0.2074306011199951,0.9999400973320008,0.549831748008728,0.6965466737747192,-0.207423597574234,0.999938189983368,0.5282529592514038,0.6859973669052124,-0.125974103808403,0.9999470710754396,0.5526571869850159,0.6889768838882446,-0.1243194863200187,0.9998640418052672,0.5365384817123413,0.6732133626937866,-0.1874364167451858,0.999985694885254,0.5473138689994812,0.6748334765434265,-0.1870124638080597,0.9999756813049316,0.507902204990387,0.6095365285873413,-0.065237671136856,0.9999858140945436,0.5732144117355347,0.6083741784095764,-0.0562778823077678,0.9999340176582336,0.4978527724742889,0.5092231631278992,-0.0186448376625776,0.986202359199524,0.5789348483085632,0.511894702911377,-0.0134057346731424,0.952615201473236,0.4935509264469147,0.4255509972572326,-0.0828036516904831,0.9771122932434082,0.5848900079727173,0.4272727370262146,-0.0753503665328025,0.9376342296600342,0.4894819855690002,0.3980235457420349,-0.103643424808979,0.9538276791572572,0.5884307026863098,0.3998907208442688,-0.0962408855557441,0.8950481414794922,0.4933925569057464,0.3974577784538269,-0.1305470466613769,0.9576593041419984,0.5850415825843811,0.3991519212722778,-0.125236377120018,0.9030547142028807,0.496611088514328,0.4058258235454559,-0.0949099510908126,0.948139488697052,0.5828309655189514,0.4074844419956207,-0.0885380953550338,0.893805205821991,0.5212041139602661,0.4324362277984619,-0.0059753595851361,0.9997425675392152,0.5621069073677063,0.4314223825931549,0.0059371781535446,0.999613881111145,0.5200027823448181,0.2768015265464782,-0.0329246185719966,0.9677709341049194,0.5620472431182861,0.2739570140838623,-0.0165505949407815,0.9417054057121276,0.525378406047821,0.1293936967849731,0.0640644282102584,0.9693049788475036,0.5539410710334778,0.1307463943958282,0.0796467438340187,0.9391566514968872,0.5277894735336304,0.1136660948395729,0.0670410469174385,0.5930541753768921,0.5503103733062744,0.1161097809672355,0.0830666273832321,0.5994622707366943,0.5268810391426086,0.0799104198813438,-0.0430845841765403,0.954049587249756,0.5547077059745789,0.079995721578598,-0.0201625917106866,0.9343627095222472,hoyeon_stand_normal_01,8.602325,5.0,2.0,3.0,6.082763,8.062258,10.198039,11.18034,11.401754,11.401754,10.440307,10.77033,8.944272,8.062258,6.403124,5.0,4.0,5.656854,8.944272,12.649111,16.492423,21.377558,24.515301,25.70992,25.70992,24.041631,1.414214,3.0,6.082763,9.0,11.0,13.038405,14.142136,14.142136,13.341664,12.369317,11.401754,9.486833,7.28011,5.385165,2.236068,2.828427,5.830952,8.602325,10.816654,13.601471,16.278821,17.691806,18.384776,17.691806,15.620499,13.35982,15.811388,15.231546,13.892444,12.206556,12.041595,10.630146,8.602325,7.615773,6.082763,5.0,4.472136,5.0,5.830952,7.28011,10.049876,12.0,14.035669,16.03122,17.117243,18.11077,19.104973,19.104973,18.11077,16.03122,14.035669,11.045361,4.472136,3.162278,4.472136,8.0,10.198039,12.083046,13.892444,15.0,14.866069,14.866069,13.601471,11.661904,9.433981,6.708204,4.472136,1.414214,1.0,3.162278,6.082763,9.055385,11.18034,14.142136,16.124515,17.117243,18.248288,17.262677,13.453624,14.21267,15.0,15.0,14.866069,14.866069,13.453624,12.041595,10.630146,9.219544,7.071068,6.403124,5.385165,5.09902,7.28011,8.544004,11.18034,14.317821,16.552945,19.697716,21.540659,22.135944,21.84033,20.615528,18.439089,15.297059,12.806248,15.0,15.811388,16.643317,16.124515,16.124515,13.892444,12.529964,10.0,7.81025,5.830952,5.09902,6.0,6.082763,7.615773,8.544004,9.848858,10.77033,10.440307,11.401754,11.401754,11.401754,11.7047,11.7047,11.18034,12.206556
hoyeon_stand_normal_01,3114,1038,103.80567213114756,29.998360745314464,10,0.5416821837425232,0.6864171624183655,-0.2200902998447418,0.9999876618385316,0.5373408198356628,0.6958608031272888,-0.2086894214153289,0.9999596476554872,0.5346987843513489,0.6953037977218628,-0.208694189786911,0.9999632835388184,0.5320762991905212,0.6944515705108643,-0.2087129950523376,0.9999653697013856,0.5448119044303894,0.6965920329093933,-0.2083228230476379,0.999943733215332,0.5472745895385742,0.6966601014137268,-0.2083307653665542,0.9999412298202516,0.5498386025428772,0.6965330839157104,-0.208322986960411,0.999939262866974,0.528281033039093,0.6859980225563049,-0.1266229748725891,0.999948263168335,0.552669882774353,0.6889628171920776,-0.1249830573797226,0.9998660683631896,0.5365506410598755,0.6731928586959839,-0.1884125918149948,0.9999859929084778,0.5473229885101318,0.6748095750808716,-0.1879978328943252,0.9999760985374452,0.5079342722892761,0.6095264554023743,-0.0666375458240509,0.999985933303833,0.5732263922691345,0.6083212494850159,-0.0565399341285228,0.9999334812164308,0.497864156961441,0.5091373920440674,-0.0206811521202325,0.9864846467971802,0.5789567828178406,0.5118182897567749,-0.0135910594835877,0.9526125192642212,0.4935544431209564,0.4253506064414978,-0.0847937762737274,0.9774906039237976,0.584917426109314,0.4271891415119171,-0.0756655260920524,0.9374462962150574,0.4894812703132629,0.3978271186351776,-0.1054953783750534,0.9544053077697754,0.5884329676628113,0.3998611867427826,-0.0965605750679969,0.8946807384490967,0.4933991730213165,0.3971809148788452,-0.1324783265590667,0.9582006335258484,0.5850436687469482,0.3990946114063263,-0.1256186068058014,0.9027389883995056,0.4966175258159637,0.4056191742420196,-0.096840351819992,0.9487862586975098,0.5828368067741394,0.40744549036026,-0.0888703688979148,0.89347904920578,0.521335780620575,0.4324336647987366,-0.0060025984421372,0.999741554260254,0.5621578097343445,0.4313861131668091,0.0059624235145747,0.9996106624603271,0.5201752185821533,0.2769339978694916,-0.0322533212602138,0.967668116092682,0.5620507597923279,0.2739793658256531,-0.0159336663782596,0.941548764705658,0.5253934264183044,0.1294865906238556,0.0645551830530166,0.969361424446106,0.5540130734443665,0.1308449506759643,0.0806809216737747,0.9390382766723632,0.527789831161499,0.1136666089296341,0.0675081238150596,0.5932475924491882,0.5504313111305237,0.1163536608219146,0.0841395854949951,0.599152147769928,0.5269336104393005,0.0801038891077041,-0.0427270606160163,0.9540738463401794,0.5546857714653015,0.0800511762499809,-0.0191635694354772,0.9341993927955629,hoyeon_stand_normal_01,17.492856,18.601075,17.804494,17.029386,14.866069,12.041595,9.219544,5.830952,2.236068,2.236068,4.0,6.082763,9.486833,11.7047,14.866069,16.155494,18.384776,20.248457,21.18962,20.248457,19.313208,16.552945,13.892444,9.899495,9.219544,12.165525,16.03122,16.0,16.124515,15.297059,13.341664,9.486833,6.082763,4.0,2.236068,4.0,7.28011,8.544004,10.440307,11.401754,12.649111,13.341664,13.341664,13.152946,12.041595,11.0,8.0,5.09902,1.0,4.0,8.246211,12.649111,15.033296,13.152946,12.649111,12.083046,10.816654,10.0,9.219544,8.062258,7.28011,6.082763,6.082763,6.708204,7.071068,8.602325,10.29563,11.7047,14.56022,16.763055,18.681542,19.646883,19.646883,19.646883,18.681542,16.763055,14.866069,12.649111,4.472136,2.236068,4.0,6.324555,9.433981,12.727922,14.21267,15.264338,15.652476,14.866069,13.341664,12.165525,10.049876,7.0,5.0,3.162278,1.0,3.162278,5.0,8.0,11.045361,13.038405,15.132746,16.124515,17.117243,17.029386,13.038405,14.035669,14.142136,15.132746,15.033296,14.035669,13.0,12.041595,10.049876,9.055385,8.062258,6.0,5.09902,5.0,5.0,7.615773,10.440307,12.369317,15.524175,16.763055,18.973666,19.697716,19.697716,18.788294,17.0,13.892444,13.0,15.0,17.029386,17.117243,17.117243,15.132746,14.142136,12.041595,10.0,8.0,7.28011,5.830952,6.403124,7.211103,7.615773,8.544004,9.848858,10.77033,11.18034,11.18034,11.661904,12.529964,12.083046,11.7047,11.401754,11.18034
hoyeon_stand_normal_01,3117,1039,103.90567759562842,29.998360745314464,10,0.5416843891143799,0.6864022612571716,-0.2201185375452041,0.9999878406524658,0.5373433232307434,0.6958416700363159,-0.2086566835641861,0.9999601244926452,0.534701406955719,0.6952927708625793,-0.20866160094738,0.9999637603759766,0.5320792198181152,0.6944432854652405,-0.208679512143135,0.9999658465385436,0.5448139309883118,0.6965634822845459,-0.2083127647638321,0.9999443292617798,0.5472781658172607,0.6966328024864197,-0.2083221077919006,0.999941885471344,0.5498430132865906,0.6964976191520691,-0.2083159387111663,0.9999397993087769,0.5282859206199646,0.6859908103942871,-0.1265477240085601,0.9999489188194276,0.5526848435401917,0.6889235377311707,-0.1250346601009369,0.9998669624328612,0.5365549325942993,0.6731685996055603,-0.1884701400995254,0.999986171722412,0.5473251342773438,0.6747761964797974,-0.1880891174077987,0.9999763369560242,0.5079386234283447,0.6094585657119751,-0.0665816366672515,0.999985933303833,0.5732307434082031,0.6082502603530884,-0.0568667389452457,0.9999327063560486,0.497865617275238,0.5089669227600098,-0.0204994305968284,0.9866626262664796,0.5789647698402405,0.511705219745636,-0.0137965371832251,0.9524117112159728,0.4935497641563415,0.4252141714096069,-0.0847288370132446,0.9776390194892884,0.584920346736908,0.4271319210529327,-0.0759255662560463,0.9368245601654052,0.4894681870937347,0.3976151943206787,-0.1053095981478691,0.9545751214027404,0.5884253978729248,0.399838924407959,-0.0967900678515434,0.8937027454376221,0.4933960139751434,0.3969549834728241,-0.1323321461677551,0.9583647847175598,0.5850399136543274,0.3990595638751983,-0.1258698254823684,0.9018418192863464,0.4966187477111816,0.4054799079895019,-0.0967792943120002,0.9490047693252563,0.5828364491462708,0.4074259102344513,-0.0891365781426429,0.8925724625587463,0.5213805437088013,0.4323751926422119,-0.0059492355212569,0.9997393488883972,0.5621738433837891,0.4312834739685058,0.0059063020162284,0.9996062517166138,0.5201781392097473,0.2769135534763336,-0.0319517031311988,0.9676387310028076,0.5620065331459045,0.273967832326889,-0.0159406289458274,0.9415809512138368,0.5253955721855164,0.1296234130859375,0.0669630393385887,0.9694418907165528,0.5540350675582886,0.1309748291969299,0.0817782878875732,0.9391679763793944,0.5277959108352661,0.1139187589287757,0.0701589584350586,0.5943529605865479,0.5505409836769104,0.1166796386241912,0.0854089185595512,0.5994223952293396,0.5269390344619751,0.0803937464952468,-0.0398535542190074,0.9541285037994384,0.5545824766159058,0.0802730247378349,-0.018016954883933,0.934297263622284,hoyeon_stand_normal_01,21.023796,21.954498,21.633308,19.416488,17.804494,14.21267,11.401754,8.062258,5.385165,3.162278,3.162278,6.0,8.246211,11.401754,13.601471,17.088007,18.973666,20.880613,21.84033,21.84033,19.924859,17.720045,13.416408,9.219544,9.219544,11.18034,15.811388,16.492423,16.124515,15.033296,13.0,10.049876,7.0,3.162278,2.0,3.605551,6.403124,9.219544,10.0,12.206556,13.038405,13.892444,13.892444,13.416408,13.0,10.77033,8.246211,5.09902,1.0,5.09902,9.219544,14.56022,13.601471,14.764823,15.652476,14.866069,15.524175,15.132746,15.033296,15.033296,15.132746,15.297059,15.811388,15.811388,15.811388,16.155494,15.231546,14.317821,12.529964,12.206556,9.899495,8.944272,9.0,10.440307,13.416408,16.643317,19.416488,21.633308,19.849433,21.095023,21.931712,20.880613,19.235384,17.0,12.369317,8.944272,4.472136,3.605551,6.082763,9.055385,11.401754,14.317821,16.124515,16.643317,17.804494,17.029386,16.970563,15.556349,14.142136,12.041595,9.433981,8.062258,8.246211,10.0,14.142136,14.866069,15.620499,16.278821,16.278821,15.556349,14.866069,12.806248,12.206556,9.433981,8.602325,7.071068,5.830952,5.09902,7.0,8.246211,11.7047,13.928388,17.088007,19.313208,21.18962,21.84033,21.587033,20.615528,18.248288,15.132746,13.453624,15.620499,16.401219,17.204651,17.204651,16.643317,14.422205,12.206556,10.0,7.81025,7.211103,6.082763,7.071068,7.071068,8.544004,9.486833,10.440307,11.401754,12.649111,12.369317,12.369317,12.369317,12.369317,12.083046,12.083046,12.206556
hoyeon_stand_normal_01,3120,1040,104.00568306010928,29.998360745314464,10,0.5416949987411499,0.6863949298858643,-0.2185341268777847,0.9999878406524658,0.5373491644859314,0.6958193778991699,-0.2071437388658523,0.99996018409729,0.5347046256065369,0.6952736377716064,-0.2071487754583358,0.9999638199806212,0.5320829749107361,0.6944238543510437,-0.207166776061058,0.9999659061431884,0.5448272228240967,0.6965430378913879,-0.206723615527153,0.9999443888664246,0.5472975969314575,0.696613609790802,-0.2067312896251678,0.9999419450759888,0.5498638153076172,0.6964706778526306,-0.2067249715328216,0.9999397993087769,0.5282906293869019,0.6859596967697144,-0.1252458393573761,0.999949038028717,0.5527112483978271,0.6888940334320068,-0.123363547027111,0.9998671412467957,0.5365591645240784,0.6731478571891785,-0.1869204193353653,0.999986171722412,0.5473450422286987,0.6747580766677856,-0.1864438354969024,0.999976396560669,0.5079423189163208,0.609379768371582,-0.0653953105211258,0.9999858736991882,0.5732437372207642,0.6081740856170654,-0.0556748025119304,0.9999319314956664,0.4978691041469574,0.5086789727210999,-0.0194843709468841,0.9867432713508606,0.5789730548858643,0.5116485357284546,-0.0131685612723231,0.952342689037323,0.4935512542724609,0.4251482784748077,-0.0845003798604011,0.9777506589889526,0.5849237442016602,0.4271302223205566,-0.0756472498178482,0.9364855885505676,0.4894500374794006,0.3975391387939453,-0.1053350269794464,0.954757273197174,0.5884225964546204,0.3998355865478515,-0.0967073217034339,0.8931936621665955,0.4933733642101288,0.3968240022659302,-0.1323854774236679,0.9585281014442444,0.5850407481193542,0.3990574181079864,-0.1257159113883972,0.9013777375221252,0.4966080486774444,0.4053827822208404,-0.0966290533542633,0.9492183923721312,0.5828392505645752,0.4074275195598602,-0.0888592153787612,0.8921225666999817,0.5213845372200012,0.4322490692138672,-0.0057863164693117,0.999737024307251,0.5621792674064636,0.431162416934967,0.0057425061240792,0.9996025562286376,0.5201418995857239,0.276851087808609,-0.0317537784576416,0.9677009582519532,0.5619857907295227,0.2738250195980072,-0.0162157826125621,0.9416583180427552,0.5253942012786865,0.1296252310276031,0.0675372183322906,0.9694331288337708,0.5540223717689514,0.1309682428836822,0.0817519724369049,0.9391980171203612,0.527805507183075,0.1139832511544227,0.0707564651966095,0.5940988659858704,0.5505478978157043,0.1167300194501876,0.0853884518146514,0.5990185737609863,0.5269288420677185,0.0804359763860702,-0.0390299968421459,0.9540522694587708,0.5544100999832153,0.0802937224507331,-0.0180328004062175,0.934275209903717,hoyeon_stand_normal_01,19.924859,20.615528,20.223748,18.11077,16.03122,13.038405,10.049876,6.082763,3.162278,2.0,4.242641,7.211103,8.944272,12.529964,14.317821,17.464249,18.788294,21.470911,21.470911,21.470911,20.124612,17.464249,13.601471,11.0,10.29563,12.806248,16.155494,17.0,16.643317,15.811388,12.806248,10.630146,6.403124,4.123106,2.828427,5.385165,7.28011,9.219544,11.18034,12.369317,13.601471,14.56022,14.866069,14.317821,13.416408,11.661904,8.602325,5.0,1.0,3.605551,9.433981,13.416408,14.3792565,14.593514,13.880755,13.2853845,12.982241,12.591311,12.0,11.052182,10.7286505,9.6589105,10.2620875,10.3115975,10.905694,11.0730895,12.3574635,12.554364,12.7841845,13.463121,13.6367315,13.7308685,13.9616735,14.9566615,15.5471635,16.606261,16.13861,16.3604995,11.4557,11.985465,12.4952105,14.212889,14.326595,14.2302495,13.241673,11.052182,9.3027755,9.3691485,9.8331095,10.2285695,10.7434165,10.3843595,9.516178,9.195781,8.7764725,9.476471,10.8906845,11.8748095,12.1760565,12.316982,12.4200215,12.545822,12.986829,13.7962645,12.806248,13.601471,14.422205,15.264338,14.422205,13.601471,13.453624,12.041595,11.313708,9.219544,7.81025,5.656854,5.0,4.123106,5.385165,7.211103,10.0,12.806248,15.0,17.204651,18.867962,19.723083,19.235384,19.235384,16.552945,14.317821,13.453624,15.556349,16.970563,16.970563,17.029386,16.278821,15.620499,13.453624,11.313708,8.602325,7.615773,6.082763,6.0,7.071068,7.615773,8.544004,9.848858,10.77033,10.77033,11.7047,11.7047,11.7047,11.7047,11.18034,11.661904,12.041595
hoyeon_stand_normal_01,3123,1041,104.10568852459016,29.998360745314464,10,0.5417100191116333,0.686384916305542,-0.2176655381917953,0.9999880194664,0.5373652577400208,0.6958061456680298,-0.2062609791755676,0.9999608397483826,0.5347214341163635,0.6952663064002991,-0.2062666714191436,0.9999644160270692,0.532101571559906,0.6944186091423035,-0.2062850296497345,0.9999665021896362,0.5448405146598816,0.6965224742889404,-0.20581915974617,0.9999452829360962,0.547313392162323,0.6965914368629456,-0.2058272063732147,0.9999427795410156,0.5498783588409424,0.6964371800422668,-0.2058200538158416,0.9999406337738036,0.5282971858978271,0.6859549880027771,-0.1245876997709274,0.9999500513076782,0.5527216792106628,0.688856840133667,-0.1225393116474151,0.999868869781494,0.5365685224533081,0.673136293888092,-0.1861689686775207,0.9999864101409912,0.547359049320221,0.6747438907623291,-0.1856366842985153,0.9999767541885376,0.5079467296600342,0.609330952167511,-0.0654784739017486,0.9999859929084778,0.573248565196991,0.6080026626586914,-0.0550098270177841,0.999931573867798,0.497873455286026,0.5084929466247559,-0.021418273448944,0.9869592189788818,0.5789781808853149,0.5115612745285034,-0.0127217946574091,0.95235937833786,0.4935524761676788,0.4251121580600738,-0.0873399227857589,0.9780617952346802,0.5849291086196899,0.4271053969860077,-0.0753476619720459,0.9362549185752868,0.4894045889377594,0.397426962852478,-0.1085128113627433,0.955262005329132,0.5884233713150024,0.3998273313045501,-0.0964615121483802,0.8927531838417053,0.4933582246303558,0.3966391384601593,-0.1355167180299759,0.958985447883606,0.585050642490387,0.3990416228771209,-0.1254723221063614,0.9009800553321838,0.4966072738170624,0.4052280187606811,-0.0994669124484062,0.9497703909873962,0.582851767539978,0.4074197113513946,-0.088567167520523,0.8918045163154602,0.5214517712593079,0.4321646988391876,-0.0058253379538655,0.9997358918190002,0.5622076392173767,0.4311136901378631,0.0057807858102023,0.9996007084846495,0.5201497673988342,0.2768399715423584,-0.0315581299364566,0.9678258299827576,0.5620929002761841,0.2738151848316192,-0.0159439202398061,0.9419612884521484,0.5254727005958557,0.1296369135379791,0.067383736371994,0.9694982171058656,0.5540868639945984,0.1309694945812225,0.0817563980817794,0.9393134713172911,0.5278703570365906,0.1141055300831794,0.070565290749073,0.5937951803207397,0.5507068037986755,0.1168171763420105,0.0853723287582397,0.59910649061203,0.5270155668258667,0.0805843472480773,-0.0392334125936031,0.9540556073188782,0.5544149875640869,0.0803230032324791,-0.0179893542081117,0.9342986941337584,hoyeon_stand_normal_01,20.59126,21.023796,21.540659,18.973666,16.763055,13.601471,10.440307,6.708204,4.242641,3.0,4.242641,6.708204,9.486833,12.369317,14.317821,17.262677,20.396078,22.36068,22.561028,22.36068,21.377558,18.248288,14.035669,10.198039,8.485281,10.440307,17.804494,18.384776,17.691806,17.029386,14.422205,12.206556,8.602325,5.0,2.0,3.605551,6.324555,8.544004,10.440307,11.401754,12.649111,13.928388,14.317821,13.416408,13.038405,12.206556,9.219544,5.656854,1.0,3.605551,8.485281,14.21267,15.524175,15.811388,16.155494,15.652476,15.264338,15.0,14.866069,14.866069,15.0,15.264338,14.764823,15.652476,15.652476,15.231546,15.231546,13.928388,12.649111,11.18034,9.0,8.246211,9.219544,10.816654,14.317821,16.763055,18.973666,21.540659,18.384776,20.615528,21.095023,21.023796,18.439089,16.155494,10.816654,7.81025,3.0,3.162278,6.708204,10.0,12.727922,15.0,16.124515,16.552945,17.464249,16.763055,17.720045,15.524175,13.601471,11.7047,10.0,8.602325,9.219544,11.045361,13.341664,14.317821,15.297059,15.297059,15.297059,14.56022,13.601471,12.649111,11.18034,9.848858,7.615773,6.324555,6.082763,5.09902,5.830952,7.81025,10.630146,12.806248,15.620499,17.804494,19.104973,20.518285,20.518285,19.104973,17.804494,14.21267,13.152946,14.317821,16.492423,16.763055,16.763055,15.811388,14.866069,12.649111,10.440307,9.055385,7.071068,6.324555,7.211103,7.071068,7.81025,9.219544,10.0,11.401754,11.401754,12.041595,12.727922,12.727922,12.041595,11.401754,11.661904,12.083046
hoyeon_stand_normal_01,3126,1042,104.20569398907104,29.998360745314464,10,0.5417155623435974,0.6863686442375183,-0.2170112580060959,0.999988317489624,0.5373674035072327,0.6957789659500122,-0.2055863291025161,0.9999618530273438,0.5347242951393127,0.6952421069145203,-0.2055923193693161,0.9999653100967408,0.5321090221405029,0.6943947076797485,-0.205610767006874,0.9999673366546632,0.5448437333106995,0.6965060234069824,-0.2051560133695602,0.9999467134475708,0.5473167896270752,0.6965795755386353,-0.205164149403572,0.9999442100524902,0.5498815178871155,0.6964276432991028,-0.2051569521427154,0.9999421238899232,0.5283001065254211,0.6859331727027893,-0.1239672675728797,0.9999513626098632,0.5527278780937195,0.6888520121574402,-0.1219256967306137,0.9998722076416016,0.5365864038467407,0.6731217503547668,-0.1855393201112747,0.99998676776886,0.5473691821098328,0.6747384071350098,-0.1850049793720245,0.99997740983963,0.5079603791236877,0.6092764139175415,-0.0649820268154144,0.9999861121177672,0.5732533931732178,0.6078336834907532,-0.0546629391610622,0.9999318718910216,0.4978770017623901,0.5083582401275635,-0.0211065132170915,0.9871862530708312,0.5789831280708313,0.5113915205001831,-0.0124527271836996,0.952648401260376,0.4935282766819,0.4251077175140381,-0.0869646295905113,0.9784174561500548,0.5849320888519287,0.4270915687084198,-0.0752579644322395,0.9367691874504088,0.4893089532852173,0.3973695635795593,-0.1081656068563461,0.9558714032173156,0.5884227752685547,0.3998139202594757,-0.0964710563421249,0.8934785723686218,0.4932957291603088,0.396532654762268,-0.1351275742053985,0.9595353007316588,0.585055410861969,0.3990225791931152,-0.125491201877594,0.9016616940498352,0.4965773820877075,0.4051124155521393,-0.0990877598524093,0.950425148010254,0.5828584432601929,0.4074119627475738,-0.0884992778301239,0.8925827145576477,0.5215626955032349,0.4320705533027649,-0.0060309539549052,0.9997355937957764,0.5622365474700928,0.4310490489006042,0.005985508672893,0.9996001720428468,0.520272970199585,0.2767389416694641,-0.0307900421321392,0.968180239200592,0.5621405243873596,0.2737339735031128,-0.0148858465254306,0.9425129890441896,0.5254775881767273,0.1296388506889343,0.0672843605279922,0.969755470752716,0.5540890097618103,0.1309094578027725,0.0820455849170684,0.939678430557251,0.5278524160385132,0.1141037344932556,0.0704303681850433,0.5939207077026367,0.5507063269615173,0.1167900785803794,0.0855822712182998,0.6003949046134949,0.5271293520927429,0.0807681828737258,-0.0393763817846775,0.95425683259964,0.5544284582138062,0.0804240778088569,-0.0175388790667057,0.9345405101776124,hoyeon_stand_normal_01,9.848858,5.830952,2.236068,3.605551,6.324555,8.544004,10.440307,11.401754,11.18034,11.18034,11.18034,10.049876,9.055385,8.0,7.28011,5.385165,4.472136,5.09902,8.062258,12.041595,15.556349,19.104973,22.627417,24.041631,24.758837,22.671568,1.414214,3.162278,6.082763,9.055385,11.045361,13.152946,14.317821,14.56022,13.601471,13.0,12.083046,9.848858,7.615773,5.385165,3.162278,1.0,2.236068,5.656854,7.81025,10.630146,14.21267,15.811388,18.027756,18.35756,17.888544,16.155494,13.892444,13.601471,12.041595,11.401754,10.29563,9.848858,8.246211,8.062258,7.0,6.324555,5.830952,6.403124,6.708204,8.246211,10.049876,12.0,14.0,15.033296,17.029386,18.027756,19.026298,19.0,18.0,17.0,15.033296,12.041595,3.0,2.0,3.605551,6.708204,10.198039,13.0,14.142136,15.524175,14.866069,14.317821,13.892444,11.661904,9.219544,7.211103,4.242641,2.236068,2.236068,5.385165,7.615773,10.77033,13.0,14.317821,16.155494,16.155494,15.231546,11.2235575,13.152946,14.317821,15.297059,15.297059,15.297059,14.142136,13.038405,12.041595,11.0,10.0,8.0,6.082763,5.385165,5.0,6.708204,8.544004,11.401754,14.317821,16.492423,19.646883,20.615528,21.18962,21.18962,19.697716,18.788294,15.652476,13.0,14.035669,15.132746,16.124515,16.278821,15.297059,13.152946,12.165525,10.049876,7.071068,6.324555,5.830952,5.830952,6.708204,7.615773,9.486833,9.848858,10.77033,10.77033,10.77033,11.7047,12.083046,11.7047,11.401754,11.18034,12.041595
hoyeon_stand_normal_01,3129,1043,104.30569945355192,29.998360745314464,10,0.5417145490646362,0.6862409114837646,-0.2143348753452301,0.9999884963035583,0.5373607873916626,0.6956849694252014,-0.202929750084877,0.9999624490737916,0.5347205400466919,0.6951503753662109,-0.2029380649328231,0.9999657869338988,0.5321129560470581,0.6943077445030212,-0.2029557973146438,0.9999678134918212,0.5448329448699951,0.6964200139045715,-0.20232455432415,0.9999475479125975,0.5473095178604126,0.6965031027793884,-0.2023297250270843,0.9999450445175172,0.5498713850975037,0.6963605284690857,-0.2023190706968307,0.9999430179595948,0.5283019542694092,0.6858636140823364,-0.1222110912203788,0.9999520778656006,0.5527341365814209,0.688822865486145,-0.1193686202168464,0.9998743534088136,0.5365905165672302,0.6729856133460999,-0.1832699924707412,0.9999869465827942,0.5473699569702148,0.6746613383293152,-0.182496890425682,0.9999777674674988,0.507964551448822,0.6092043519020081,-0.0647303536534309,0.999986171722412,0.5732583403587341,0.6075354218482971,-0.05190946534276,0.9999318718910216,0.4978913068771362,0.5082176327705383,-0.0208901688456535,0.9873265027999878,0.5789875388145447,0.5110656023025513,-0.0106239998713135,0.95283442735672,0.4935279786586761,0.4251374900341034,-0.0877995267510414,0.9786857962608336,0.5849149227142334,0.4270611405372619,-0.0746154487133026,0.937382996082306,0.4892414510250091,0.397364467382431,-0.1094151511788368,0.9563899636268616,0.5883871912956238,0.3997572660446167,-0.0960251837968826,0.8944408893585205,0.4932906031608581,0.3965301811695099,-0.1362258344888687,0.9599849581718444,0.5850446224212646,0.3989580869674682,-0.1249355152249336,0.9025461077690125,0.4965790212154388,0.4051095843315124,-0.0999247655272483,0.9509475827217102,0.582849383354187,0.4073701500892639,-0.0878289863467216,0.8935672640800476,0.5215661525726318,0.4319212138652801,-0.006462178658694,0.9997336864471436,0.5622386932373047,0.4308711886405945,0.0064209639094769,0.9995977878570556,0.520285964012146,0.2764246463775635,-0.0303398091346025,0.9685168266296388,0.5622767806053162,0.2736012935638428,-0.0139725524932146,0.9430691003799438,0.5254711508750916,0.1295996606349945,0.0644508302211761,0.9699262976646424,0.5541387796401978,0.1307012140750885,0.0812558308243751,0.9398478865623474,0.5278261303901672,0.113621175289154,0.0669106021523475,0.5928447842597961,0.5507757663726807,0.1161224171519279,0.0844461843371391,0.6013510227203369,0.5271660685539246,0.080809935927391,-0.0427948758006095,0.954272210597992,0.5546314120292664,0.0804227516055107,-0.0180443003773689,0.934471607208252,hoyeon_stand_normal_01,8.0,4.0,1.0,4.242641,7.211103,9.433981,10.816654,12.206556,11.661904,11.661904,11.18034,11.18034,9.848858,9.219544,7.071068,6.082763,6.403124,6.708204,9.055385,13.038405,16.278821,20.396078,22.561028,24.33105,25.317978,24.186773,2.828427,4.472136,7.615773,10.440307,12.649111,14.317821,15.652476,16.124515,15.264338,14.422205,12.806248,10.630146,9.219544,7.071068,4.242641,2.236068,1.0,4.123106,7.28011,10.440307,12.649111,15.524175,16.278821,17.117243,17.029386,14.0,14.035669,15.0,15.0,15.033296,14.142136,14.56022,13.928388,13.416408,13.892444,13.601471,14.21267,14.21267,14.21267,14.142136,14.142136,13.453624,12.727922,10.630146,9.433981,7.28011,7.071068,8.944272,11.401754,13.453624,15.556349,17.691806,15.297059,17.029386,17.117243,16.492423,15.231546,12.206556,9.219544,5.385165,2.236068,4.123106,7.211103,9.219544,11.661904,13.416408,13.928388,15.524175,15.297059,15.132746,15.033296,14.035669,12.041595,10.198039,8.944272,8.485281,9.848858,11.401754,14.190199,14.052557,14.0752315,12.5808495,11.675675,11.102197,11.198948,11.6232775,11.401754,11.3245555,11.0640355,11.0278,10.405694,11.451757,11.8872845,13.0253525,13.9874905,14.7704615,15.023969,15.02334,14.0293535,13.3557825,13.9758405,14.9712565,15.6433465,15.472067,10.6305695,11.01146,11.1643515,11.7006095,12.177696,13.222339,13.319938,13.0832885,12.6720295,12.405125,11.431849,10.9470755,10.4330345,10.310887,10.307764,10.3335865,9.842436,9.96357,10.309594,10.848692,11.109204,11.804155000000002,12.5016125,13.09017,14.1526105,13.7631345
hoyeon_stand_normal_01,3132,1044,104.40570491803278,29.998360745314464,10,0.5416262149810791,0.6860944032669067,-0.2058633714914322,0.9999884963035583,0.5372730493545532,0.6955822706222534,-0.1942004561424255,0.9999625086784364,0.5346411466598511,0.695042610168457,-0.1942119002342224,0.9999658465385436,0.5320797562599182,0.6942111253738403,-0.1942297965288162,0.999967873096466,0.5447387099266052,0.6962869167327881,-0.1939206719398498,0.9999476671218872,0.5472213625907898,0.6963605880737305,-0.1939237266778946,0.9999450445175172,0.5497745871543884,0.6962293386459351,-0.1939128041267395,0.9999430775642396,0.5282718539237976,0.6857960224151611,-0.1132185533642768,0.9999520182609558,0.5527339577674866,0.688719630241394,-0.1119476184248924,0.9998747706413268,0.53651362657547,0.6728706359863281,-0.1747840344905853,0.9999868869781494,0.5472526550292969,0.6745719909667969,-0.1744457632303238,0.9999777674674988,0.5079537034034729,0.6090773344039917,-0.0566364973783493,0.9999861121177672,0.5732366442680359,0.607441782951355,-0.0471326597034931,0.9999313354492188,0.4979510009288788,0.5080897212028503,-0.0174098126590251,0.9873124361038208,0.5789908766746521,0.5110144019126892,-0.0082394694909453,0.9528867602348328,0.4935409724712372,0.4251995086669922,-0.087165467441082,0.9788634777069092,0.5848373770713806,0.42707359790802,-0.0724067836999893,0.9374971985816956,0.4892226159572601,0.3973848521709442,-0.1090263053774833,0.9567630290985109,0.5883318781852722,0.3997548520565033,-0.0941439494490623,0.8946602940559387,0.4932911694049835,0.3965607583522796,-0.1360615789890289,0.9603033065795898,0.5850270986557007,0.3989575505256653,-0.1227981895208358,0.9027298092842102,0.496584415435791,0.4051112532615661,-0.0993709489703178,0.9512879848480223,0.5828230381011963,0.4073724448680877,-0.0855497121810913,0.8937719464302063,0.5215646028518677,0.4319348037242889,-0.0063033252954483,0.999731183052063,0.5622245669364929,0.4308666884899139,0.0062671010382473,0.9995959401130676,0.5202270746231079,0.2764213383197784,-0.0299044530838727,0.9685337543487548,0.5622724890708923,0.2735907137393951,-0.0146889146417379,0.9431988000869752,0.5254732370376587,0.1296615898609161,0.0602773241698741,0.9698092341423036,0.5542250275611877,0.1304455548524856,0.0749421119689941,0.9395949244499208,0.5278365015983582,0.1136182099580764,0.0622328072786331,0.5917409062385559,0.5509520769119263,0.1153452023863792,0.0775145143270492,0.599810004234314,0.5272205471992493,0.0808766186237335,-0.0470297895371913,0.9540359973907472,0.5546715259552002,0.0804340466856956,-0.02494403347373,0.9339637160301208,hoyeon_stand_normal_01,8.062258,4.123106,2.236068,3.605551,7.071068,9.899495,11.313708,12.041595,12.806248,12.206556,12.206556,10.816654,10.29563,9.848858,7.28011,6.0,5.385165,5.830952,8.062258,11.045361,14.317821,18.681542,21.84033,22.561028,23.537205,22.36068,3.0,4.472136,7.071068,9.219544,12.041595,13.453624,14.866069,14.866069,14.866069,14.21267,12.206556,10.816654,8.062258,6.708204,3.605551,1.414214,1.414214,4.472136,7.28011,10.440307,12.369317,15.297059,17.029386,17.0,17.029386,15.033296,14.866069,14.317821,13.038405,12.0,11.18034,10.440307,9.848858,8.062258,7.81025,7.211103,7.28011,7.071068,8.062258,9.219544,10.77033,12.529964,14.764823,17.0,18.35756,19.235384,20.59126,20.124612,18.788294,16.552945,15.231546,12.083046,3.605551,2.0,3.0,6.324555,8.944272,12.041595,13.453624,15.0,14.764823,14.317821,12.649111,11.401754,9.219544,7.071068,5.0,2.0,3.162278,6.324555,8.544004,11.7047,13.0,15.231546,16.552945,16.552945,16.552945,11.291047,13.038405,14.035669,15.033296,15.033296,15.033296,14.142136,13.152946,11.18034,10.440307,9.486833,7.28011,5.09902,4.0,3.605551,5.0,7.615773,10.440307,13.601471,15.811388,18.027756,19.697716,21.023796,20.59126,19.723083,17.492856,14.422205,13.928388,14.866069,16.155494,17.464249,17.464249,16.552945,15.652476,13.0,10.77033,9.219544,7.0,7.071068,6.708204,7.211103,7.81025,9.219544,9.899495,10.630146,10.630146,11.313708,12.041595,12.041595,11.401754,10.816654,11.18034,11.401754
hoyeon_stand_normal_01,3135,1045,104.50571038251366,29.998360745314464,10,0.5415583848953247,0.6860049962997437,-0.2038409113883972,0.9999886751174928,0.5371980667114258,0.6955015063285828,-0.1920455247163772,0.9999629259109496,0.5345699191093445,0.6949389576911926,-0.1920562386512756,0.9999661445617676,0.5320445895195007,0.6941033601760864,-0.1920721977949142,0.99996817111969,0.5446482300758362,0.6962244510650635,-0.1916533559560775,0.9999483823776244,0.5471160411834717,0.6962992548942566,-0.1916580349206924,0.9999457001686096,0.5496360659599304,0.696198046207428,-0.1916472762823104,0.9999438524246216,0.5282123684883118,0.6856861114501953,-0.1107595264911651,0.9999523162841796,0.552708089351654,0.6886829733848572,-0.1089266687631607,0.9998764395713806,0.5364717245101929,0.6727964878082275,-0.17271488904953,0.999987006187439,0.5471460819244385,0.6745349764823914,-0.1722183674573898,0.9999780654907228,0.507818341255188,0.6089472770690918,-0.0546501874923706,0.9999861121177672,0.573193371295929,0.6072861552238464,-0.0441996864974498,0.9999319314956664,0.4979875683784485,0.5078687071800232,-0.0165743306279182,0.9873228073120116,0.5789458155632019,0.5109297037124634,-0.0058608055114746,0.9532247185707092,0.4935392439365387,0.4251902401447296,-0.0867358148097992,0.9789429306983948,0.5847540497779846,0.4271625876426697,-0.0715610831975936,0.9382505416870116,0.4891906976699829,0.3973822295665741,-0.1087190210819244,0.9569612145423888,0.5882517695426941,0.3997783660888672,-0.093649037182331,0.8958517909049988,0.4932836890220642,0.3965594470500946,-0.1356124430894851,0.9604634046554564,0.5850182771682739,0.3990286588668823,-0.1223350316286087,0.9038428068161012,0.4965797960758209,0.4050996005535126,-0.0989423766732215,0.9514374136924744,0.5828220844268799,0.4074335098266601,-0.0847713872790336,0.8949135541915894,0.5214945673942566,0.4318480491638183,-0.0063231568783521,0.9997315406799316,0.5621926784515381,0.4307162463665008,0.006287835072726,0.999598741531372,0.5202307105064392,0.2759874761104584,-0.0294628459960222,0.9690711498260498,0.5622720718383789,0.2735365629196167,-0.014596234075725,0.9442093372344972,0.5254735946655273,0.1296509951353073,0.0607718937098979,0.9703136682510376,0.5542479753494263,0.1304225027561187,0.0758009776473045,0.940575122833252,0.52785724401474,0.1136142909526825,0.0626544877886772,0.5945786237716675,0.5509539246559143,0.115225538611412,0.0783081427216529,0.6029462218284607,0.5272560119628906,0.0809185281395912,-0.0466651394963264,0.9547367691993712,0.5547752976417542,0.080497145652771,-0.0240657124668359,0.9348323345184326,hoyeon_stand_normal_01,18.626567,19.9176605,19.6522895,18.505756,16.165159,12.816544,9.657167,6.6814365,4.081139,3.605551,4.54951,6.6622775,8.4176585,10.848692,13.545092,15.763939,17.5490905,19.1867345,20.098945,19.6190865,18.5698695,16.4921915,13.367318,10.408327,9.081908,10.6217,15.9538275,16.802934999999998,16.654103499999998,15.572445,13.509459,10.408327,7.81025,5.0,3.0,3.924096,5.830952,7.8390155,9.396565,11.189338,12.095934,12.9040135,13.2038595,12.7476095,12.020815,10.971927,8.602325,5.415476,1.2071070000000002,4.081139,8.560472,13.0207975,14.866069,14.866069,15.524175,15.297059,14.142136,14.035669,13.038405,13.152946,13.341664,12.649111,13.0,13.0,13.416408,13.416408,13.416408,12.529964,12.529964,10.816654,9.219544,8.062258,8.062258,9.055385,11.7047,14.317821,16.155494,18.027756,16.124515,18.027756,18.439089,18.384776,16.124515,12.806248,8.602325,5.385165,2.236068,3.605551,6.403124,9.848858,11.401754,13.152946,14.035669,15.0,15.033296,15.132746,15.297059,14.317821,12.165525,11.045361,9.219544,8.062258,9.899495,11.18034,14.866069,13.453624,10.630146,9.433981,7.615773,8.246211,9.0,10.049876,11.045361,13.0,14.035669,16.124515,16.278821,16.763055,17.888544,17.492856,17.204651,15.620499,13.453624,10.630146,8.062258,6.0,6.403124,10.0,13.038405,14.764823,8.602325,7.615773,6.082763,7.28011,8.602325,10.630146,12.727922,14.142136,15.556349,16.278821,15.620499,15.811388,15.0,13.892444,11.661904,10.29563,10.29563,10.0,9.219544,10.630146,11.401754,12.206556,13.601471,15.811388,16.401219,15.620499
hoyeon_stand_normal_01,3138,1046,104.60571584699451,29.998360745314464,10,0.5414515137672424,0.6858729124069214,-0.1993896961212158,0.9999886751174928,0.537086546421051,0.695417582988739,-0.1874468922615051,0.9999629259109496,0.5344551801681519,0.694831907749176,-0.1874586790800094,0.9999660849571228,0.531982958316803,0.6939964890480042,-0.1874742805957794,0.9999681115150452,0.5445340275764465,0.6961495876312256,-0.1871788948774337,0.9999483227729796,0.5469843149185181,0.6962217092514038,-0.1871812343597412,0.99994558095932,0.5494565367698669,0.6961612701416016,-0.1871702075004577,0.9999437928199768,0.528133749961853,0.6855664849281311,-0.106049545109272,0.9999521374702454,0.5526742339134216,0.6886484026908875,-0.1047955602407455,0.9998764991760254,0.5363996624946594,0.6727080345153809,-0.1682355105876922,0.999987006187439,0.5469757914543152,0.6744656562805176,-0.1679053902626037,0.9999781250953674,0.5076878666877747,0.60885089635849,-0.0509473830461502,0.9999862313270568,0.5731231570243835,0.6071678996086121,-0.040506687015295,0.9999318718910216,0.4979904592037201,0.5075893402099609,-0.0138305984437465,0.987329363822937,0.5788622498512268,0.5109031200408936,-0.0026610104832798,0.9532209038734436,0.4934746325016022,0.4251137375831604,-0.0854002088308334,0.9791512489318848,0.5846967697143555,0.4272935390472412,-0.0689243450760841,0.938845694065094,0.4891271293163299,0.3973720669746399,-0.1082691624760627,0.9574514627456664,0.5882030725479126,0.399854451417923,-0.0912878662347793,0.8969641923904419,0.4932794570922851,0.3965632021427154,-0.1347854882478714,0.960886001586914,0.5850127339363098,0.3991581201553345,-0.1200818568468093,0.9048689603805542,0.496569961309433,0.4050879180431366,-0.0975866019725799,0.9519008994102478,0.5828214287757874,0.407511830329895,-0.082198366522789,0.8959541320800781,0.5213662385940552,0.4317143261432647,-0.0063381721265614,0.99973326921463,0.5621379613876343,0.4305349588394165,0.0063042175024747,0.999600112438202,0.520196259021759,0.2749728858470917,-0.0292734336107969,0.9694722890853882,0.5622242093086243,0.273394912481308,-0.0144570805132389,0.9446730613708496,0.5254296660423279,0.1294450908899307,0.0611527040600776,0.970620572566986,0.5542364716529846,0.13042613863945,0.0770251229405403,0.9409167170524596,0.527841329574585,0.1130516976118087,0.0632435232400894,0.5952123403549194,0.5508710741996765,0.1152092069387435,0.0796823948621749,0.6041882038116455,0.5273081064224243,0.0804300755262374,-0.046150304377079,0.9550830125808716,0.5547749996185303,0.0804986357688903,-0.0218725800514221,0.9351367950439452,hoyeon_stand_normal_01,14.035669,8.062258,3.605551,6.708204,11.401754,14.866069,17.691806,18.384776,19.104973,19.104973,18.384776,17.029386,16.401219,14.422205,13.0,10.198039,9.219544,10.630146,14.317821,19.646883,24.33105,30.265492,35.355339,38.470768,38.639358,36.878178,5.0,8.062258,11.7047,16.492423,20.615528,23.086793,25.632011,25.079872,24.596748,23.706539,21.095023,18.027756,15.0,11.401754,7.211103,3.162278,2.0,6.324555,10.440307,15.811388,20.880613,24.515301,27.294688,29.068884,28.017851,24.020824,16.278821,16.492423,16.763055,16.155494,16.155494,14.764823,15.0,14.866069,14.866069,15.0,15.0,15.264338,15.264338,15.264338,15.264338,14.764823,13.416408,12.083046,10.440307,9.0,8.544004,11.401754,14.21267,16.643317,19.416488,21.400935,18.027756,20.124612,19.924859,20.223748,17.0,14.142136,10.77033,6.403124,2.0,3.0,6.324555,9.433981,12.041595,14.21267,15.811388,16.124515,16.552945,16.155494,17.088007,14.866069,13.928388,11.18034,9.219544,8.944272,10.198039,12.041595,13.601471,14.317821,15.297059,15.297059,15.524175,14.56022,13.601471,12.649111,11.18034,8.944272,7.615773,6.324555,5.09902,4.123106,6.403124,7.81025,10.816654,13.038405,16.643317,18.027756,20.0,20.615528,21.260292,19.849433,17.691806,14.866069,13.0,14.317821,17.0,17.0,16.643317,15.264338,13.892444,12.529964,9.848858,8.246211,7.0,7.071068,6.708204,7.81025,8.485281,9.899495,9.899495,11.313708,11.313708,12.041595,12.041595,12.041595,11.313708,12.041595,12.206556,12.083046
hoyeon_stand_normal_01,3141,1047,104.7057213114754,29.998360745314464,10,0.5412976741790771,0.6857958436012268,-0.2015852034091949,0.9999887943267822,0.5369113087654114,0.6953610777854919,-0.1898208409547805,0.9999632835388184,0.5342823266983032,0.6947398781776428,-0.1898314654827118,0.9999664425849916,0.531882107257843,0.6938937306404114,-0.1898479908704757,0.999968409538269,0.5443546772003174,0.6961107850074768,-0.1894647032022476,0.999948799610138,0.5468032360076904,0.6961702704429626,-0.1894685328006744,0.999946117401123,0.5492136478424072,0.6961425542831421,-0.1894588023424148,0.9999443888664246,0.5280060768127441,0.6853965520858765,-0.1084302365779876,0.9999526143074036,0.5526279807090759,0.6886060237884521,-0.106697492301464,0.9998779296875,0.5363010168075562,0.6726436614990234,-0.1703689396381378,0.9999871850013732,0.5467702150344849,0.6744157075881958,-0.1699011325836181,0.9999784231185912,0.5075352787971497,0.6087018251419067,-0.0522367805242538,0.9999864101409912,0.5730467438697815,0.6069944500923157,-0.0417478904128074,0.9999319911003112,0.4979921281337738,0.5072750449180603,-0.0140098985284566,0.9874470829963684,0.5786805748939514,0.5106536746025085,-0.0031419163569808,0.9536181092262268,0.4933744966983795,0.424990713596344,-0.0856688842177391,0.9794471859931946,0.5846260190010071,0.4272907674312591,-0.068958081305027,0.9395627975463868,0.4890188872814178,0.3973136246204376,-0.1084135249257087,0.9580296874046326,0.5881204605102539,0.3998537361621856,-0.0914515107870101,0.8981139659881592,0.4932635426521301,0.3965580761432647,-0.1349372714757919,0.9614023566246032,0.5849794149398804,0.3991597294807434,-0.120253711938858,0.9059356451034546,0.4965501129627228,0.4050452411174774,-0.0978512242436409,0.952507734298706,0.5828009843826294,0.4075074195861816,-0.0822275355458259,0.897078812122345,0.5213391184806824,0.4314990937709808,-0.0063368794508278,0.9997349381446838,0.5621039867401123,0.4303553402423858,0.0063029546290636,0.9996014833450316,0.5201956629753113,0.2740179896354675,-0.029287539422512,0.9699305891990662,0.5622233748435974,0.273296058177948,-0.0144768701866269,0.945328652858734,0.525421679019928,0.1294436901807785,0.0622527003288269,0.970926821231842,0.5542646646499634,0.1304550319910049,0.0784058570861816,0.9413565397262572,0.5278431177139282,0.1129471510648727,0.0645653679966926,0.5959230065345764,0.5509371161460876,0.1153480187058448,0.0813229233026504,0.6051303148269653,0.5273655652999878,0.0802412778139114,-0.0448104403913021,0.955402970314026,0.5548499822616577,0.0805068537592887,-0.0202440489083528,0.9355095028877258,hoyeon_stand_normal_01,18.439089,20.223748,19.026298,18.0,16.03122,13.038405,9.0,7.071068,4.472136,3.162278,5.0,6.708204,9.433981,10.816654,13.601471,15.811388,17.204651,19.416488,20.248457,20.248457,19.416488,17.204651,14.21267,10.816654,10.198039,11.18034,16.0,17.029386,16.278821,15.524175,13.601471,11.7047,8.544004,5.09902,3.162278,4.123106,6.082763,8.0,10.0,11.0,12.041595,13.152946,13.341664,13.601471,12.649111,11.18034,8.062258,5.830952,2.0,3.605551,8.944272,13.0,14.142136,14.0,13.038405,11.401754,10.77033,9.848858,9.433981,7.81025,7.071068,6.708204,6.324555,6.0,7.28011,8.062258,10.0,11.401754,14.142136,15.556349,17.029386,18.439089,18.439089,18.439089,17.804494,16.401219,14.422205,10.816654,2.236068,1.414214,4.123106,7.0,10.198039,12.649111,14.764823,15.0,14.866069,14.142136,12.806248,10.816654,9.433981,6.708204,4.472136,2.236068,1.414214,3.162278,6.082763,9.219544,11.401754,13.341664,15.524175,16.492423,16.492423,16.492423,13.0,13.928388,14.866069,14.866069,14.866069,14.317821,12.529964,11.661904,10.0,8.602325,6.403124,5.385165,4.123106,4.123106,5.656854,7.81025,10.630146,14.21267,17.029386,19.104973,20.518285,21.931712,22.022716,20.615528,18.027756,15.264338,12.806248,14.866069,16.278821,17.691806,16.970563,15.556349,14.142136,12.727922,10.0,8.602325,6.324555,6.0,6.082763,6.324555,7.211103,8.602325,9.433981,9.433981,10.29563,11.661904,11.661904,10.816654,10.816654,10.630146,10.630146,10.816654
hoyeon_stand_normal_01,3144,1048,104.80572677595627,29.998360745314464,10,0.5411062240600586,0.6857314705848694,-0.2050985991954803,0.9999889135360718,0.5366724133491516,0.6953021287918091,-0.1932676136493683,0.9999635219573976,0.5340579748153687,0.6946361660957336,-0.1932747513055801,0.9999666810035706,0.5317396521568298,0.6937770247459412,-0.1932906210422516,0.9999685883522034,0.5441211462020874,0.6960778832435608,-0.1932998448610305,0.9999491572380066,0.5465821623802185,0.6961236000061035,-0.1933062523603439,0.9999465942382812,0.5489204525947571,0.6961289048194885,-0.1932968348264694,0.9999448657035828,0.5278450846672058,0.6851847767829895,-0.1116266176104545,0.9999529123306274,0.5525590777397156,0.6885666251182556,-0.1117461919784545,0.9998793601989746,0.5361716151237488,0.6725776195526123,-0.173790156841278,0.9999873042106628,0.5465306639671326,0.67436283826828,-0.1738561242818832,0.9999786615371704,0.5073826313018799,0.6085313558578491,-0.0540689602494239,0.999986469745636,0.5729672312736511,0.6069255471229553,-0.0466701760888099,0.9999325275421144,0.4979902505874634,0.5071313381195068,-0.014170735143125,0.9875440001487732,0.5785065293312073,0.5105554461479187,-0.0072515932843089,0.9542083740234376,0.4932333528995514,0.4247787892818451,-0.0856516733765602,0.979680061340332,0.5845670104026794,0.4272693991661072,-0.0717817321419715,0.9403538703918456,0.4889016151428222,0.3971768915653229,-0.1083550974726677,0.958465576171875,0.5880590677261353,0.3998436331748962,-0.0939537957310676,0.8993086814880371,0.4932126402854919,0.3965137898921966,-0.1348803639411926,0.9618002772331238,0.5849383473396301,0.3991571068763733,-0.1229386776685714,0.9070436358451844,0.4964905977249145,0.4049435555934906,-0.0978107824921608,0.9529892206192015,0.5827691555023193,0.4074797928333282,-0.0850738584995269,0.8982470035552979,0.5212962627410889,0.4313910901546478,-0.0062080645002424,0.9997352957725524,0.56207275390625,0.4302285313606262,0.0061744074337184,0.9996022582054138,0.5201719999313354,0.273560106754303,-0.0291183348745107,0.9702743887901306,0.5622238516807556,0.2732306122779846,-0.01452721003443,0.9459307193756104,0.5253432989120483,0.1292159259319305,0.0624364949762821,0.9711549282073976,0.5542717576026917,0.1304501295089721,0.0784982442855835,0.9416366219520568,0.5277960300445557,0.1126236766576767,0.064821220934391,0.5966849327087402,0.5509436726570129,0.1152733862400055,0.0814598053693771,0.6053692102432251,0.5273683071136475,0.0799061879515647,-0.0446116216480731,0.9556370973587036,0.5548556447029114,0.0804970413446426,-0.0203638188540935,0.9357224106788636,hoyeon_stand_normal_01,11.313708,6.708204,4.123106,6.708204,10.440307,12.369317,14.142136,15.132746,16.124515,15.132746,14.142136,14.035669,12.0,11.045361,9.486833,8.062258,7.211103,7.071068,10.198039,14.317821,18.027756,23.021729,25.806976,27.45906,29.154759,27.294688,3.162278,5.385165,8.602325,12.206556,15.0,16.643317,19.235384,19.697716,19.313208,18.027756,15.524175,13.341664,10.198039,8.062258,4.123106,1.414214,2.236068,6.324555,9.848858,14.317821,17.888544,21.095023,23.021729,22.803509,22.671568,20.518285,15.0488075,13.673034,12.9040135,12.234076,11.4059625,10.9210305,9.244682999999998,8.472135999999999,7.807536,6.6978115,5.9568575,5.9907045,6.117038,7.54518,9.244682999999998,11.09017,13.0192025,15.132421,16.1400045,17.707081,18.206266,18.408025,17.444271999999998,16.0778675,13.9640565,10.9310075,2.0,2.118034,4.736068,7.5106765,10.385165,12.4496405,14.035262,14.78011,14.142136,14.176745,12.345353,10.9078455,8.303131,6.3954835,4.061553,2.236068,2.0,4.297621,7.245606499999999,9.7434165,12.4278335,14.0808455,15.3942565,17.053783,17.053783,16.2872215,13.453624,15.620499,15.620499,16.278821,15.620499,14.866069,13.453624,12.806248,11.401754,10.0,8.602325,6.403124,5.830952,5.09902,6.0,8.246211,10.77033,13.0,16.155494,18.384776,20.248457,20.880613,20.615528,20.396078,18.248288,15.132746,12.727922,13.453624,15.620499,16.401219,16.401219,15.0,13.601471,12.041595,9.899495,9.219544,7.615773,7.071068,7.0,7.28011,8.246211,9.486833,9.486833,10.440307,11.7047,11.401754,12.369317,11.7047,11.7047,12.083046,11.661904,11.401754
hoyeon_stand_normal_01,3147,1049,104.90573224043716,29.998360745314464,10,0.5410414934158325,0.6857131123542786,-0.2052085548639297,0.9999890327453612,0.5365771055221558,0.6952792406082153,-0.1933160722255706,0.9999639987945556,0.5339741110801697,0.6945934295654297,-0.1933226585388183,0.999967098236084,0.5316808819770813,0.6937243342399597,-0.1933386027812957,0.9999690055847168,0.5440199375152588,0.6960625052452087,-0.1933807283639907,0.9999497532844543,0.5464820265769958,0.6960991024971008,-0.1933870166540146,0.999947190284729,0.5487910509109497,0.6961219906806946,-0.1933767050504684,0.9999454617500304,0.5277606248855591,0.6850903034210205,-0.1119955405592918,0.9999536275863647,0.5525134205818176,0.6885409355163574,-0.1121400073170661,0.9998810291290284,0.5361142754554749,0.6725594997406006,-0.174080953001976,0.9999874830245972,0.5464209318161011,0.6743485331535339,-0.1741649359464645,0.9999789595603944,0.5072318911552429,0.6083874702453613,-0.0555450208485126,0.9999867081642152,0.5728678107261658,0.6067835688591003,-0.0469318442046642,0.999932825565338,0.49797523021698,0.5070801377296448,-0.0164901334792375,0.9877006411552428,0.5784313082695007,0.5104566812515259,-0.0073637198656797,0.9546155333518982,0.4931169748306274,0.4245543479919433,-0.087682768702507,0.979996919631958,0.5845381617546082,0.427293598651886,-0.0717847272753715,0.9409061670303344,0.4887663722038269,0.396957665681839,-0.1103575900197029,0.9590585231781006,0.5880353450775146,0.3998695313930511,-0.0939371883869171,0.900123119354248,0.4931735098361969,0.3963873982429504,-0.1369391232728958,0.9623368978500366,0.5849258899688721,0.3991929888725281,-0.1229219362139701,0.9077918529510498,0.4964530169963836,0.4047748148441314,-0.0998707264661789,0.9536307454109192,0.5827529430389404,0.4074815809726715,-0.0850761979818344,0.8990763425827026,0.521217942237854,0.431349366903305,-0.0062263561412692,0.9997369647026062,0.5620285868644714,0.4302144050598144,0.0061927605420351,0.999603271484375,0.5202516317367554,0.2731617391109466,-0.0291330609470605,0.9704529047012328,0.5622538328170776,0.2731772065162658,-0.0144293569028377,0.9461655020713806,0.5253381133079529,0.1288223564624786,0.0624743849039077,0.9712533354759216,0.5543391108512878,0.1305553168058395,0.0785653963685035,0.9414618611335754,0.5277923941612244,0.1122744157910347,0.0648638606071472,0.596083402633667,0.5509825348854065,0.1156690344214439,0.0814950615167617,0.6044048070907593,0.5274184942245483,0.0796122103929519,-0.0447639636695385,0.9556630253791808,0.5549574494361877,0.0805582255125045,-0.0202348865568637,0.9355146288871764,hoyeon_stand_normal_01,19.235384,21.633308,20.0,19.849433,16.278821,14.142136,10.630146,7.81025,5.385165,4.123106,4.242641,5.830952,7.28011,10.198039,12.165525,14.142136,16.124515,18.11077,18.11077,18.248288,17.117243,15.132746,13.0,10.198039,8.602325,10.29563,15.264338,15.620499,15.556349,14.21267,12.806248,10.0,7.211103,4.242641,3.0,4.242641,6.403124,8.602325,10.29563,10.816654,12.806248,13.453624,12.727922,13.453624,12.806248,10.816654,8.602325,5.830952,3.0,4.472136,8.544004,13.928388,15.231546,14.866069,13.341664,13.038405,12.0,12.041595,10.198039,9.486833,8.944272,7.81025,7.071068,8.062258,8.246211,9.055385,10.0,12.165525,14.317821,16.492423,17.720045,18.681542,19.646883,19.416488,19.235384,17.117243,15.033296,12.0,3.605551,2.0,3.0,6.324555,8.602325,10.630146,12.806248,13.038405,13.416408,12.649111,11.401754,10.049876,8.062258,6.0,3.0,1.0,1.414214,4.472136,6.708204,8.944272,11.661904,13.892444,15.264338,17.204651,17.204651,16.643317,13.0,14.317821,14.764823,15.652476,15.231546,14.317821,13.928388,12.649111,11.401754,9.219544,8.246211,6.324555,5.0,5.385165,6.082763,8.0,11.045361,14.035669,17.117243,19.026298,21.0,21.023796,21.023796,20.099751,18.11077,15.132746,12.165525,14.142136,15.132746,16.124515,16.124515,15.033296,14.035669,12.041595,10.198039,7.615773,7.211103,6.403124,6.324555,7.28011,8.062258,9.055385,10.049876,11.045361,11.045361,11.045361,11.18034,11.045361,11.045361,11.0,12.041595,12.165525
hoyeon_stand_normal_01,3150,1050,105.00573770491803,29.998360745314464,10,0.5409889817237854,0.6857103109359741,-0.2050748914480209,0.9999891519546508,0.5365036725997925,0.6952720880508423,-0.1931782066822052,0.9999643564224244,0.5339164733886719,0.694574773311615,-0.1931855380535125,0.9999674558639526,0.5316393971443176,0.6936981081962585,-0.1932023018598556,0.9999693632125854,0.5439342856407166,0.6960576772689819,-0.193120926618576,0.9999502301216124,0.5463978052139282,0.6960864663124084,-0.1931259930133819,0.9999476671218872,0.5486891865730286,0.6961181163787842,-0.1931152641773224,0.9999459981918336,0.527691662311554,0.6850422620773315,-0.1119816452264785,0.9999542236328124,0.5524643659591675,0.6885175108909607,-0.1117012575268745,0.9998823404312134,0.536056637763977,0.672556459903717,-0.1740192621946334,0.9999876022338868,0.546323835849762,0.6743451952934265,-0.1739752143621444,0.9999791383743286,0.5070849657058716,0.6082881093025208,-0.0557631142437458,0.9999868273735046,0.5727807879447937,0.6066610217094421,-0.0466069392859935,0.9999329447746276,0.4979561865329742,0.5071226358413696,-0.0166772734373807,0.9877183437347412,0.5782995820045471,0.5104385018348694,-0.0069681396707892,0.9546873569488524,0.4930042922496795,0.4245195388793945,-0.0874082669615745,0.9800291061401368,0.5845233201980591,0.4274326264858246,-0.0707743316888809,0.9410651922225952,0.4886472523212433,0.3968449532985687,-0.1099110916256904,0.9591594338417052,0.5880327224731445,0.3999647200107574,-0.092675544321537,0.9004034399986267,0.4931286573410034,0.3963322043418884,-0.1365227997303009,0.9624147415161132,0.5849248766899109,0.3992690742015838,-0.1216136142611503,0.9080543518066406,0.4964019060134887,0.4047181904315948,-0.0995935052633285,0.9537241458892822,0.5827521681785583,0.4075028300285339,-0.0840732753276825,0.8993848562240601,0.5211318135261536,0.4313623607158661,-0.0062726000323891,0.9997384548187256,0.561961829662323,0.4302794635295868,0.0062395618297159,0.99960458278656,0.520252525806427,0.2731706202030182,-0.029551263898611,0.97048157453537,0.5622417330741882,0.2732692062854767,-0.0144342733547091,0.9462076425552368,0.5253376364707947,0.128738522529602,0.0605060346424579,0.9713118672370912,0.554382860660553,0.1307116150856018,0.0781646817922592,0.941321849822998,0.5277947783470154,0.1122175529599189,0.0627146437764167,0.5957687497138977,0.5509974956512451,0.1159059181809425,0.0810803174972534,0.604127049446106,0.5274592638015747,0.0794529914855957,-0.0471302084624767,0.955657958984375,0.5550156235694885,0.0806551352143287,-0.0205986630171537,0.9353336691856384,hoyeon_stand_normal_01,8.944272,5.656854,4.0,5.0,7.81025,10.0,10.816654,11.661904,12.529964,11.661904,11.18034,11.18034,9.848858,9.486833,8.062258,7.0,6.708204,6.403124,7.615773,10.049876,14.0,17.029386,19.104973,21.023796,22.0,21.023796,2.236068,4.0,6.324555,8.544004,10.77033,12.649111,14.317821,14.317821,14.142136,13.038405,12.0,10.049876,8.062258,6.082763,4.0,1.0,1.414214,5.0,7.81025,10.630146,12.727922,16.278821,16.401219,18.027756,17.492856,15.652476,19.235384,18.867962,17.029386,16.278821,15.620499,15.264338,13.416408,12.649111,11.18034,10.0,9.219544,8.944272,10.0,10.630146,12.529964,14.317821,18.027756,19.924859,21.84033,24.041631,24.351591,24.698178,23.769729,21.023796,18.35756,13.892444,4.123106,3.162278,5.0,8.602325,12.649111,15.132746,17.0,18.11077,17.464249,16.763055,15.231546,12.529964,9.433981,7.211103,3.605551,1.0,3.162278,6.324555,9.486833,12.649111,16.155494,18.973666,20.880613,21.84033,22.803509,22.135944,12.206556,12.806248,13.453624,14.21267,14.21267,13.601471,12.206556,10.29563,9.848858,7.615773,6.708204,5.0,3.605551,4.0,5.09902,7.615773,10.29563,13.416408,16.552945,18.384776,20.248457,21.18962,20.880613,18.973666,17.464249,14.317821,13.341664,15.297059,16.492423,17.464249,17.262677,16.124515,15.132746,13.152946,10.198039,8.544004,7.211103,5.656854,5.385165,6.082763,7.0,8.0,9.0,10.0,10.0,11.0,11.0,11.0,11.0,10.198039,10.440307,10.77033
hoyeon_stand_normal_01,3153,1051,105.1057431693989,29.998360745314464,10,0.5409612059593201,0.6856923699378967,-0.205258160829544,0.9999892115592957,0.5364762544631958,0.695247232913971,-0.1934286504983902,0.9999644160270692,0.5338932871818542,0.6945377588272095,-0.1934359967708587,0.9999675154685974,0.5316222906112671,0.6936567425727844,-0.1934525966644287,0.9999694228172302,0.5438967943191528,0.6960329413414001,-0.1932974010705948,0.9999504089355468,0.5463553667068481,0.6960530877113342,-0.1933020204305648,0.9999478459358216,0.5486361384391785,0.696099042892456,-0.1932915151119232,0.9999462366104126,0.5276473760604858,0.6849915385246277,-0.1122205406427383,0.9999542236328124,0.5524330735206604,0.6884782314300537,-0.1118085607886314,0.9998828768730164,0.5360022783279419,0.6725354194641113,-0.1742454171180725,0.9999876022338868,0.5462635159492493,0.6743209362030029,-0.1741252839565277,0.9999791383743286,0.5069133043289185,0.608207643032074,-0.0561035238206386,0.99998676776886,0.5726908445358276,0.6065033078193665,-0.0467893071472644,0.999933123588562,0.497931957244873,0.5071561336517334,-0.0173836108297109,0.987687349319458,0.5781084895133972,0.5103561878204346,-0.0073745693080127,0.9550014734268188,0.4929446876049042,0.4245080649852752,-0.0872511714696884,0.9799727201461792,0.5844823718070984,0.4274318218231201,-0.0707441791892051,0.9413111209869384,0.4885793328285217,0.3967369496822357,-0.1096190214157104,0.95907062292099,0.5880159735679626,0.3999680280685425,-0.0924877151846885,0.900721788406372,0.4930918514728546,0.3962805569171905,-0.1362733691930771,0.9623211026191713,0.58491051197052,0.3992705047130584,-0.121280200779438,0.9083356857299804,0.4963608682155609,0.4046708941459656,-0.0994189903140068,0.9536293745040894,0.5827309489250183,0.4074959754943847,-0.0840019360184669,0.8997126817703247,0.5210650563240051,0.4313649833202362,-0.0062761404551565,0.9997389912605286,0.5618770718574524,0.4303531646728515,0.0062431469559669,0.9996055960655212,0.5202561020851135,0.2733601033687591,-0.0295549053698778,0.9703677296638488,0.562239408493042,0.2735219299793243,-0.0144339371472597,0.9462925791740416,0.5253368616104126,0.1288244128227234,0.057965200394392,0.9712302684783936,0.5544613003730774,0.1308546215295791,0.0765985175967216,0.9410379528999328,0.5277959704399109,0.112198956310749,0.0598860457539558,0.5953134298324585,0.5511198043823242,0.1160613894462585,0.0793504193425178,0.603024959564209,0.5274723768234253,0.0794244930148124,-0.0495148636400699,0.95553719997406,0.5550826787948608,0.0807507410645484,-0.0217933636158704,0.934987485408783,hoyeon_stand_normal_01,8.944272,5.09902,2.828427,5.09902,8.0,10.049876,12.041595,12.041595,12.165525,12.165525,11.18034,11.18034,10.440307,8.544004,8.062258,7.071068,6.708204,7.0,8.544004,11.661904,15.0,18.439089,20.615528,22.022716,22.803509,21.633308,3.0,5.0,7.211103,10.0,12.206556,14.21267,14.866069,15.556349,14.866069,14.21267,13.038405,11.661904,8.944272,6.708204,4.472136,1.414214,1.414214,4.0,7.071068,10.049876,13.152946,15.524175,17.088007,17.464249,17.888544,15.264338,16.278821,16.278821,17.464249,15.524175,15.811388,15.231546,13.892444,14.422205,13.601471,14.21267,14.866069,14.866069,14.866069,15.556349,14.866069,14.142136,13.453624,12.041595,10.816654,9.486833,9.0,11.18034,13.0,16.552945,17.464249,20.248457,16.552945,18.027756,19.104973,18.601075,16.124515,12.649111,9.219544,5.0,1.414214,3.0,6.082763,9.848858,11.661904,13.601471,14.866069,14.866069,16.401219,15.811388,16.124515,14.764823,13.038405,11.401754,10.0,9.848858,11.045361,13.038405,15.652476,13.928388,13.0,10.29563,10.0,9.219544,9.433981,10.29563,12.083046,13.416408,15.264338,15.811388,17.029386,17.691806,18.601075,18.35756,18.788294,17.088007,14.866069,11.7047,8.944272,6.403124,7.0,9.486833,12.083046,14.317821,10.630146,9.219544,7.615773,8.0,9.219544,11.18034,13.892444,16.124515,17.0,17.888544,17.888544,17.088007,15.811388,14.56022,13.341664,13.341664,12.369317,11.401754,10.77033,11.18034,11.661904,13.038405,14.422205,15.811388,16.643317,17.0
hoyeon_stand_normal_01,3156,1052,105.20574863387978,29.998360745314464,10,0.5409518480300903,0.6856916546821594,-0.2030674815177917,0.999989092350006,0.5364652276039124,0.6952428817749023,-0.1913253217935562,0.9999641180038452,0.5338853001594543,0.6945273876190186,-0.1913339793682098,0.9999673366546632,0.5316153168678284,0.6936450600624084,-0.1913498342037201,0.999969244003296,0.5438815951347351,0.6960274577140808,-0.1910046488046646,0.9999500513076782,0.5463367700576782,0.6960435509681702,-0.1910067200660705,0.9999473690986632,0.548608124256134,0.6960936784744263,-0.1909970939159393,0.9999457001686096,0.5276156663894653,0.6849747896194458,-0.1110211089253425,0.9999539256095886,0.5524089932441711,0.6884389519691467,-0.1097034513950347,0.9998815059661864,0.5359551906585693,0.6725313067436218,-0.1724165081977844,0.9999874830245972,0.5462415218353271,0.6743161678314209,-0.1720479279756546,0.9999788999557496,0.5067044496536255,0.6080157160758972,-0.0560206286609172,0.9999867081642152,0.5726136565208435,0.6063901782035828,-0.0456298440694808,0.9999326467514038,0.4979022145271301,0.5071324706077576,-0.0174253266304731,0.987667441368103,0.5779424905776978,0.5103246569633484,-0.006489832419902,0.9546265006065368,0.4929140210151672,0.4244464635848999,-0.0871562957763671,0.9799399971961976,0.5844355225563049,0.4274207651615143,-0.0692282617092132,0.940898060798645,0.4885285496711731,0.3965098559856415,-0.109498456120491,0.9590696692466736,0.5879901647567749,0.3999656140804291,-0.0906836986541748,0.9002479910850525,0.4930547177791595,0.3961505889892578,-0.1361919343471527,0.9623046517372132,0.5848801136016846,0.399269551038742,-0.1194813698530197,0.907885491847992,0.4963246881961822,0.404546171426773,-0.0993602573871612,0.9536031484603882,0.5826829075813293,0.4074887633323669,-0.0824882760643959,0.8992772698402405,0.5209558606147766,0.4312800467014313,-0.006349557545036,0.9997381567955016,0.5618171691894531,0.4303178489208221,0.0063179503194987,0.9996037483215332,0.520233690738678,0.2733775973320007,-0.0295323487371206,0.970215916633606,0.5621912479400635,0.2734456360340118,-0.01410648599267,0.9461296796798706,0.5251511931419373,0.1287448704242706,0.0562593899667263,0.9711155295372008,0.5544528365135193,0.1308113932609558,0.0760798305273056,0.940487027168274,0.5274689197540283,0.1121124178171157,0.0579767152667045,0.5939532518386841,0.5510772466659546,0.1157382875680923,0.0787260830402374,0.6015506982803345,0.5274665951728821,0.0791980773210525,-0.0515500158071517,0.9553499221801758,0.5550857782363892,0.0807499885559082,-0.0222498830407857,0.9343731999397278,hoyeon_stand_normal_01,18.11077,19.416488,19.646883,18.027756,16.155494,13.0,9.848858,7.28011,5.0,3.162278,3.605551,5.09902,7.0,9.055385,11.18034,13.152946,15.297059,16.278821,17.117243,17.117243,16.124515,14.142136,11.401754,8.944272,7.81025,9.219544,14.035669,15.033296,14.142136,13.341664,11.401754,9.486833,7.28011,5.0,2.828427,4.123106,7.071068,9.055385,10.049876,11.045361,13.152946,13.341664,13.341664,12.649111,13.0,11.18034,8.944272,5.385165,3.162278,4.123106,9.0,13.0,15.231546,14.764823,13.601471,13.453624,12.727922,11.401754,10.816654,10.29563,8.544004,8.062258,7.0,7.071068,7.615773,8.602325,9.899495,11.401754,13.601471,14.422205,16.643317,18.027756,18.601075,18.439089,18.439089,16.278821,14.142136,10.630146,3.0,2.236068,3.605551,6.403124,8.944272,11.401754,13.152946,13.0,13.038405,12.165525,10.440307,9.486833,6.708204,5.385165,3.162278,1.414214,3.0,5.385165,7.28011,9.486833,11.7047,14.56022,15.524175,16.492423,17.720045,16.492423,15.5471635,14.6269735,12.777174,11.027707,9.072853,9.2169905,9.9128575,10.9513695,12.261002,14.3385605,15.561838000000002,16.444271999999998,17.496238499999997,18.2462115,19.1741495,18.535615,18.5,17.340413,15.122394,11.9275295,8.4176585,5.903612000000001,6.6978115,10.462888,13.779272,16.1010545,10.4178675,8.757634,7.0725105,7.1934065,9.400182,11.815073,14.229362,16.3898825,17.4279415,18.822457,18.263639,17.6262435,17.029794,15.432074,13.669651,12.8597875,11.670832,10.7944305,10.8020975,11.041523,11.9275295,13.4760845,14.9088135,16.2846585,17.7705015,17.613938
hoyeon_stand_normal_01,3159,1053,105.30575409836064,29.998360745314464,10,0.5409523248672485,0.6854518055915833,-0.2034842520952224,0.9999892115592957,0.5364653468132019,0.6950912475585938,-0.191761627793312,0.9999644160270692,0.5338844656944275,0.694365918636322,-0.1917702555656433,0.9999675750732422,0.5316146016120911,0.6934885382652283,-0.191786378622055,0.999969482421875,0.5438826680183411,0.6958391070365906,-0.1914380639791488,0.999950647354126,0.5463355183601379,0.6958609819412231,-0.1914407312870025,0.9999479651451112,0.5486074686050415,0.695909857749939,-0.1914310902357101,0.999946355819702,0.5275778770446777,0.6848210096359253,-0.1110595241189003,0.9999542236328124,0.552390992641449,0.6882404088973999,-0.1099656149744987,0.9998828172683716,0.5359349846839905,0.6722103357315063,-0.1727622151374817,0.999987542629242,0.5462415814399719,0.6739109754562378,-0.1723662912845611,0.9999790787696838,0.506429135799408,0.6077616214752197,-0.0561370067298412,0.9999867081642152,0.5725373029708862,0.6062385439872742,-0.0456583723425865,0.999933660030365,0.4978882074356079,0.5070231556892395,-0.0174227096140384,0.9876442551612854,0.5778051018714905,0.5102105736732483,-0.0061416253447532,0.9547061324119568,0.4928819835186004,0.4243124127388,-0.0863688364624977,0.9798248410224916,0.5844064354896545,0.4274245798587799,-0.0688038319349289,0.9412555694580078,0.488508403301239,0.396254152059555,-0.1082818433642387,0.9589067101478576,0.5879548788070679,0.3999716341495514,-0.0901257842779159,0.900841236114502,0.4930114448070526,0.3960407078266144,-0.1347635239362716,0.9621338248252868,0.584865391254425,0.399300754070282,-0.1188751757144928,0.9084136486053468,0.4962680041790008,0.4044432044029236,-0.098440371453762,0.9533866047859192,0.5826687216758728,0.407498836517334,-0.082012303173542,0.8998081088066101,0.5208675861358643,0.4312382042407989,-0.0064319530501961,0.9997389912605286,0.5617758631706238,0.4302854537963867,0.0063991206698119,0.999606430530548,0.5202329754829407,0.2734273374080658,-0.0295070391148328,0.9704113006591796,0.5622175931930542,0.2734346389770508,-0.0136798676103353,0.94671231508255,0.5251138806343079,0.12857685983181,0.0558825805783271,0.9714103937149048,0.5544842481613159,0.1307771503925323,0.0761202871799469,0.9409960508346558,0.5274285078048706,0.1118021458387374,0.0575650557875633,0.5956994891166687,0.5510760545730591,0.1154350042343139,0.0787535458803176,0.6039401888847351,0.5274676084518433,0.078692652285099,-0.0519713349640369,0.9557591080665588,0.5552265644073486,0.0806243047118187,-0.0222093537449836,0.9348936676979064,hoyeon_stand_normal_01,20.248457,20.59126,21.023796,19.313208,16.763055,13.601471,10.440307,7.615773,5.0,3.162278,4.123106,5.656854,7.81025,10.0,12.206556,14.422205,15.811388,17.204651,18.027756,18.027756,16.643317,15.264338,12.083046,10.049876,9.219544,10.816654,15.620499,16.643317,16.124515,15.231546,12.649111,10.440307,7.615773,5.0,4.123106,5.385165,7.211103,9.433981,10.816654,13.038405,13.892444,14.317821,14.866069,14.56022,13.341664,12.165525,9.055385,6.082763,2.828427,5.0,9.219544,13.453624,17.492856,18.35756,17.888544,17.464249,17.088007,15.811388,15.297059,15.132746,16.03122,16.0,16.03122,16.03122,16.03122,17.029386,17.029386,16.03122,15.033296,13.038405,12.165525,9.848858,9.899495,11.661904,13.928388,15.811388,18.973666,20.248457,16.552945,17.720045,18.11077,17.029386,14.317821,12.083046,8.062258,3.605551,1.0,5.0,7.81025,10.29563,13.0,13.601471,15.297059,16.124515,16.0,16.0,16.03122,15.033296,14.035669,12.041595,10.440307,10.816654,12.727922,13.601471,13.0,14.0,14.0,15.0,14.0,14.035669,13.038405,11.18034,10.198039,9.219544,7.071068,6.0,5.09902,5.0,6.403124,8.944272,11.7047,13.928388,17.088007,19.313208,21.023796,21.470911,20.59126,19.723083,18.027756,15.811388,12.369317,14.56022,14.866069,16.155494,15.231546,15.231546,13.928388,11.7047,9.486833,7.071068,6.082763,5.385165,5.656854,6.403124,7.211103,8.944272,9.433981,10.29563,10.816654,10.816654,10.816654,11.661904,11.661904,11.18034,10.77033,12.369317
hoyeon_stand_normal_01,3162,1054,105.40575956284152,29.998360745314464,10,0.5409623384475708,0.6853306293487549,-0.2067527174949646,0.99998939037323,0.5364683866500854,0.6949744820594788,-0.1955818384885788,0.9999648928642272,0.5338848829269409,0.694245457649231,-0.1955846697092056,0.9999679923057556,0.5316140055656433,0.693372368812561,-0.1955970376729965,0.9999698996543884,0.5438864827156067,0.6957198977470398,-0.1949283182621002,0.9999515414237976,0.5463351011276245,0.695759654045105,-0.1949318051338195,0.9999489188194276,0.5486056804656982,0.6958158016204834,-0.1949237734079361,0.9999473690986632,0.5275334119796753,0.6846998333930969,-0.1160339936614036,0.9999547004699708,0.5523561835289001,0.6881362199783325,-0.1133773848414421,0.9998849630355836,0.5359309911727905,0.6720477342605591,-0.1762079149484634,0.9999876618385316,0.5462481379508972,0.6737132668495178,-0.1754466146230697,0.9999793767929076,0.5062220096588135,0.6076418161392212,-0.0590715855360031,0.9999867081642152,0.5724326968193054,0.6062323451042175,-0.0480460114777088,0.9999352097511292,0.4978307783603668,0.5069304704666138,-0.018052278086543,0.987683117389679,0.577740490436554,0.5102156400680542,-0.0075507657602429,0.9550045132637024,0.4927734136581421,0.4242002367973327,-0.0859323740005493,0.9798263907432556,0.5844042897224426,0.4274254739284515,-0.0694352760910987,0.9416809678077698,0.4884624481201172,0.3961279094219208,-0.1073052510619163,0.9589048027992249,0.5879520773887634,0.3999773859977722,-0.0904402956366539,0.9014205932617188,0.4929054379463196,0.3960192799568176,-0.1339438110589981,0.962119162082672,0.5848627090454102,0.3993249237537384,-0.119198277592659,0.9089089035987854,0.4961320459842682,0.404407650232315,-0.0979822427034378,0.9533512592315674,0.582664430141449,0.4075037837028503,-0.0825964584946632,0.9003064036369324,0.5206414461135864,0.431559145450592,-0.0064329872839152,0.9997404217720032,0.5616485476493835,0.4307449758052826,0.0063999574631452,0.9996116161346436,0.5201061964035034,0.2741224765777588,-0.0290271397680044,0.9705619215965272,0.5622101426124573,0.273671805858612,-0.0134008778259158,0.9474970698356628,0.5251110792160034,0.1285822391510009,0.0538497008383274,0.9716801047325134,0.554638147354126,0.1307791620492935,0.0740551948547363,0.9416907429695128,0.5274900197982788,0.1118012368679046,0.0551327913999557,0.5979270339012146,0.5513143539428711,0.1153531819581985,0.0763240680098533,0.6066599488258362,0.5275035500526428,0.0786117389798164,-0.0542588904500007,0.9561528563499452,0.5557934641838074,0.0806396454572677,-0.0242385398596525,0.9355749487876892,hoyeon_stand_normal_01,13.980246,13.0475115,11.512492,12.013149,12.419818,12.0178345,11.200877,10.134407,8.7958605,8.2245985,8.380462,8.683349,9.2709205,9.4921555,10.140055,10.6589105,10.969055,12.39395,13.296659,14.217326,16.013878,16.59244,16.221353,15.826971,15.483494,15.524938,8.6943235,9.566373,11.0569915,11.609772,12.1093725,11.618222,10.5533685,9.5,8.432048,9.071068,9.124144,9.222125,9.222125,8.752447499999999,7.6019365,7.0192025,7.207107,8.640523,9.6182965,11.01595,10.5262295,10.455204,9.864462,11.493782,13.475541,14.7064295,14.21267,13.038405,12.083046,11.7047,11.401754,10.049876,10.0,9.055385,8.246211,7.211103,6.403124,7.211103,7.615773,8.246211,10.0,12.0,14.035669,16.124515,18.11077,19.026298,20.024984,20.0,19.026298,17.029386,15.132746,12.165525,2.828427,1.0,3.162278,5.830952,9.219544,11.401754,13.892444,14.317821,14.866069,13.341664,13.152946,11.045361,9.0,7.0,4.0,2.236068,1.0,2.828427,5.656854,7.81025,10.630146,12.727922,14.866069,14.866069,16.278821,15.556349,15.811388,14.866069,13.341664,11.18034,10.0,9.219544,9.486833,11.18034,12.083046,13.928388,16.155494,16.763055,17.262677,19.104973,19.0,19.104973,19.416488,17.464249,15.811388,12.369317,9.219544,7.071068,7.071068,9.486833,12.369317,14.317821,10.0,8.062258,7.615773,8.485281,8.944272,11.7047,14.317821,16.492423,17.720045,18.027756,18.027756,17.464249,17.0,15.264338,13.892444,13.038405,11.661904,11.18034,10.77033,11.401754,12.165525,14.142136,15.132746,17.117243,18.248288,17.464249
hoyeon_stand_normal_01,3165,1055,105.5057650273224,29.998360745314464,10,0.5409647226333618,0.6852551102638245,-0.2088482230901718,0.9999895095825196,0.5364668369293213,0.6948679685592651,-0.1977629959583282,0.9999651312828064,0.533878743648529,0.6941264867782593,-0.1977634578943252,0.99996817111969,0.531606912612915,0.6932553052902222,-0.1977737247943878,0.9999700784683228,0.5438870191574097,0.6956346035003662,-0.1972029507160186,0.9999520182609558,0.5463334321975708,0.6956924796104431,-0.1972081959247589,0.9999494552612304,0.5486013889312744,0.6957581043243408,-0.1972031742334365,0.9999479651451112,0.5274553894996643,0.6845381855964661,-0.1178093180060386,0.9999547600746156,0.5523287057876587,0.6880664229393005,-0.1155104339122772,0.9998862743377686,0.5359228253364563,0.6719439625740051,-0.1780432611703872,0.9999877214431764,0.5462520122528076,0.6736059784889221,-0.1774022281169891,0.999979555606842,0.5060349106788635,0.6076099276542664,-0.059253055602312,0.9999867081642152,0.5723363161087036,0.6062535643577576,-0.0496714934706687,0.9999366402626038,0.4977726936340332,0.5068934559822083,-0.0162795726209878,0.987693965435028,0.5777395963668823,0.5102903842926025,-0.0080569284036755,0.9554142355918884,0.4927007853984833,0.4241676926612854,-0.081777885556221,0.9797998666763306,0.5844038724899292,0.4275371432304382,-0.0699702948331832,0.9421931505203248,0.488450139760971,0.3960857689380646,-0.10244782269001,0.9588476419448853,0.587949812412262,0.4000628888607025,-0.0908807665109634,0.9021514058113098,0.4928539097309112,0.3960150778293609,-0.1295235306024551,0.962071180343628,0.5848674774169922,0.399489551782608,-0.1199929788708686,0.9095746278762816,0.4960444569587707,0.4043999016284942,-0.0939257964491844,0.9532501101493835,0.582670271396637,0.4076278507709503,-0.0832245871424675,0.900985598564148,0.5202465057373047,0.4315522909164428,-0.0062743863090872,0.999741554260254,0.5615747570991516,0.4307531714439392,0.0062399357557296,0.9996163845062256,0.5199832916259766,0.2741280794143677,-0.0274675786495208,0.9709248542785645,0.5621433854103088,0.2739353775978088,-0.0133852493017911,0.9485215544700624,0.5251023173332214,0.128496840596199,0.0540410801768302,0.972172737121582,0.5547344088554382,0.1307881772518158,0.0744348838925361,0.942758083343506,0.5275351405143738,0.1116760000586509,0.0558000952005386,0.6017551422119141,0.5515137314796448,0.1153308823704719,0.0768285617232322,0.6104300022125244,0.5275223851203918,0.0785089433193206,-0.0533326864242553,0.9568812847137452,0.5558138489723206,0.0806618779897689,-0.0240365453064441,0.9366970658302308,hoyeon_stand_normal_01,22.135944,22.847319,22.825424,21.095023,18.027756,14.422205,10.816654,7.211103,5.09902,3.605551,4.123106,7.0,9.055385,11.045361,13.152946,15.297059,17.262677,19.235384,19.235384,19.235384,18.248288,16.492423,13.928388,10.816654,10.29563,12.165525,17.088007,17.888544,17.492856,15.811388,14.21267,11.401754,8.602325,5.385165,4.123106,5.830952,7.615773,10.77033,12.083046,14.317821,14.764823,16.643317,15.811388,15.620499,14.866069,12.727922,9.899495,6.403124,3.0,5.09902,10.049876,15.297059,15.0,14.142136,13.453624,12.206556,11.661904,10.77033,10.440307,9.055385,8.0,7.071068,6.324555,6.403124,6.403124,7.615773,9.486833,11.18034,13.152946,15.132746,17.117243,18.248288,18.248288,18.439089,17.464249,15.811388,13.928388,10.77033,2.0,2.0,5.0,7.81025,10.816654,12.529964,13.928388,14.56022,14.142136,14.035669,12.0,10.049876,8.062258,6.082763,4.0,2.236068,3.0,4.472136,6.708204,9.433981,11.661904,13.892444,15.264338,16.124515,17.0,16.124515,15.524175,14.317821,12.369317,10.77033,9.433981,9.899495,10.0,10.816654,13.038405,14.422205,15.0,16.278821,17.691806,18.027756,18.35756,18.788294,18.973666,16.492423,14.317821,11.401754,8.944272,6.403124,7.0,10.440307,13.928388,17.088007,9.848858,7.211103,6.403124,6.324555,9.055385,11.18034,14.56022,15.524175,17.464249,17.262677,17.262677,17.117243,16.0,15.033296,13.038405,12.041595,11.0,10.049876,10.049876,10.198039,11.7047,12.649111,15.231546,16.155494,16.763055,16.763055
hoyeon_stand_normal_01,3168,1056,105.60577049180328,29.998360745314464,10,0.5409643054008484,0.6851608753204346,-0.2117885947227478,0.9999895095825196,0.536457359790802,0.6947482824325562,-0.2006549090147018,0.9999651312828064,0.5338613390922546,0.6939828395843506,-0.2006551623344421,0.9999681115150452,0.5315905809402466,0.6931055188179016,-0.2006653398275375,0.999970018863678,0.5438851714134216,0.695558488368988,-0.20024274289608,0.9999521374702454,0.5463282465934753,0.6956363916397095,-0.2002507895231247,0.9999496340751648,0.5485931038856506,0.6957188844680786,-0.2002474963665008,0.9999481439590454,0.5273793339729309,0.6843312382698059,-0.1201801598072052,0.9999544620513916,0.5523036122322083,0.6880307793617249,-0.1185589507222175,0.9998865723609924,0.5359137058258057,0.6718060374259949,-0.1807423382997512,0.9999877214431764,0.5462542772293091,0.6734871864318848,-0.1803153902292251,0.999979555606842,0.5059812068939209,0.6075906753540039,-0.0601251609623432,0.9999865889549256,0.5722665190696716,0.6062700748443604,-0.0521393455564975,0.9999374151229858,0.4977222084999084,0.5068362355232239,-0.0158334877341985,0.987705647945404,0.5777292251586914,0.5103307366371155,-0.0095268078148365,0.955740213394165,0.4926541745662689,0.4241074025630951,-0.0805985406041145,0.9798367023468018,0.5844036936759949,0.4277699589729309,-0.0714810192584991,0.942598044872284,0.4884272813796997,0.3960124552249908,-0.1009872406721115,0.958893358707428,0.5879472494125366,0.4003008306026459,-0.0922618806362152,0.9027547836303712,0.4927781820297241,0.3959985375404358,-0.1282355189323425,0.9621134996414183,0.5849063992500305,0.3998413383960724,-0.1215758472681045,0.9101220965385436,0.4959550201892853,0.4043863415718078,-0.0927708372473716,0.953274130821228,0.5827106833457947,0.4079020321369171,-0.0847637355327606,0.9015192985534668,0.5200573801994324,0.4315479397773742,-0.0059495265595614,0.9997422099113464,0.5614904761314392,0.4307780861854553,0.0059101087972521,0.9996194243431092,0.5196025371551514,0.2741610407829284,-0.0272329561412334,0.9709945321083068,0.5621129274368286,0.2742855548858642,-0.0137039376422762,0.9490602612495422,0.5250706672668457,0.1284907311201095,0.0543019026517868,0.9723380208015442,0.5548323392868042,0.130788579583168,0.0745023861527443,0.94328773021698,0.5275580883026123,0.1116760224103927,0.0558828450739383,0.6034407615661621,0.5517389178276062,0.1153036579489708,0.0769677013158798,0.6118645071983337,0.5275077223777771,0.0784023478627204,-0.0532064698636531,0.9571773409843444,0.5558164715766907,0.0806739553809166,-0.0242009274661541,0.937316119670868,hoyeon_stand_normal_01,10.0,6.082763,4.242641,5.0,7.28011,9.486833,10.77033,12.083046,12.083046,12.083046,11.18034,11.18034,10.29563,9.219544,7.071068,6.403124,5.09902,6.324555,7.81025,10.816654,13.892444,17.0,19.235384,21.954498,21.954498,21.633308,2.236068,4.123106,7.0,10.0,12.0,14.035669,15.297059,15.297059,14.56022,13.928388,12.083046,11.18034,8.062258,5.830952,3.162278,1.414214,3.0,5.385165,8.544004,11.401754,14.56022,17.262677,18.11077,19.026298,19.0,17.029386,16.0,17.0,17.029386,17.117243,16.124515,15.524175,14.866069,14.317821,14.764823,15.264338,15.264338,15.811388,15.811388,15.811388,15.811388,14.422205,13.601471,12.806248,10.630146,8.944272,9.055385,11.18034,13.601471,17.088007,18.973666,20.880613,17.804494,19.104973,19.723083,18.384776,16.492423,13.038405,9.055385,5.385165,1.414214,3.162278,6.708204,10.0,12.041595,14.21267,15.0,16.124515,16.552945,16.155494,15.811388,14.866069,13.928388,12.083046,10.630146,10.0,11.7047,13.152946,12.727922,14.142136,14.142136,14.866069,14.142136,13.453624,12.806248,11.401754,10.0,8.602325,7.211103,5.656854,4.472136,5.0,6.324555,8.544004,12.083046,14.317821,17.464249,19.697716,21.18962,21.84033,21.587033,20.615528,18.439089,15.297059,12.529964,14.317821,15.231546,16.155494,15.811388,14.866069,13.928388,11.7047,8.944272,7.211103,6.403124,5.385165,6.082763,6.082763,7.071068,8.246211,9.219544,10.198039,10.198039,11.18034,11.18034,11.18034,10.440307,10.77033,10.77033,10.816654
hoyeon_stand_normal_01,3171,1057,105.70577595628416,29.998360745314464,10,0.5409649014472961,0.6851439476013184,-0.20839424431324,0.9999895095825196,0.5364563465118408,0.6947044134140015,-0.1971884220838546,0.9999650120735168,0.5338584184646606,0.6939343214035034,-0.197190061211586,0.9999679327011108,0.5315856337547302,0.6930567622184753,-0.1971992403268814,0.9999698996543884,0.5438858866691589,0.6955321431159973,-0.1968026608228683,0.999951958656311,0.5463276505470276,0.6956185102462769,-0.1968108713626861,0.9999495148658752,0.5485915541648865,0.6957050561904907,-0.1968087553977966,0.999948024749756,0.5273358225822449,0.6842631697654724,-0.1168267652392387,0.9999539852142334,0.5522906184196472,0.6880043148994446,-0.1152659580111503,0.999886155128479,0.5359048247337341,0.6717764735221863,-0.1774123609066009,0.9999876618385316,0.5462548732757568,0.6734613180160522,-0.1770041733980178,0.9999794363975524,0.5059506893157959,0.607557475566864,-0.0568846277892589,0.9999865293502808,0.5721991062164307,0.6062907576560974,-0.0501953698694705,0.9999379515647888,0.4976952373981476,0.5068107843399048,-0.0119890011847019,0.9876505732536316,0.5777280330657959,0.5103389620780945,-0.0079524852335453,0.9557657241821288,0.4926429390907287,0.4240845739841461,-0.0769840404391288,0.9797789454460144,0.5844026803970337,0.427874207496643,-0.0704595521092414,0.9427536725997924,0.4884204268455505,0.3959932029247284,-0.0975879654288292,0.9588009119033812,0.5879451632499695,0.4004378318786621,-0.0914153978228569,0.9030516147613524,0.4927429556846618,0.3959936499595642,-0.1246109381318092,0.962028443813324,0.5849149823188782,0.4000320136547088,-0.1208215951919555,0.9103928208351136,0.4959215819835663,0.4043793082237243,-0.0891249850392341,0.9531263113021852,0.5827175974845886,0.4080544114112854,-0.0838039219379425,0.9017841815948486,0.51999431848526,0.4314189851284027,-0.0057637002319097,0.9997431635856628,0.5614547729492188,0.430710881948471,0.0057234377600252,0.9996222853660583,0.5195761919021606,0.2741453349590301,-0.0266497377306222,0.9712032675743104,0.5620361566543579,0.2742802798748016,-0.0137463193386793,0.949597954750061,0.5250373482704163,0.1284174174070358,0.0545961707830429,0.9726820588111876,0.5548436045646667,0.1306702643632888,0.0746758207678794,0.9439073204994202,0.5275594592094421,0.1113898158073425,0.0559655912220478,0.6058047413825989,0.5517681241035461,0.1148445680737495,0.077186070382595,0.6135750412940979,0.5274853110313416,0.0783922672271728,-0.0529013909399509,0.9576892852783204,0.5558149814605713,0.0806793794035911,-0.0240668319165706,0.938023805618286,hoyeon_stand_normal_01,10.0,5.09902,2.828427,5.385165,7.211103,10.0,11.401754,11.401754,12.041595,12.041595,12.041595,11.313708,10.630146,8.602325,8.062258,7.28011,7.071068,8.062258,9.219544,12.529964,15.231546,18.973666,21.18962,23.4094,23.769729,23.259407,3.605551,6.082763,8.062258,11.0,13.0,15.033296,16.124515,16.278821,16.278821,15.524175,13.928388,12.083046,9.848858,7.615773,5.385165,3.0,2.0,4.123106,7.615773,10.77033,13.928388,16.763055,18.439089,19.104973,18.027756,16.0,15.524175,16.492423,15.811388,16.155494,15.231546,14.764823,14.422205,14.21267,14.866069,15.556349,15.556349,15.556349,15.556349,15.556349,14.866069,14.866069,13.453624,12.806248,11.661904,10.440307,10.0,11.401754,13.928388,17.464249,19.697716,21.540659,15.652476,17.804494,18.384776,17.204651,15.652476,13.341664,9.055385,5.09902,2.236068,3.162278,6.082763,8.544004,11.18034,12.206556,14.21267,14.142136,14.866069,15.0,14.422205,13.038405,12.206556,10.630146,10.0,9.486833,11.045361,12.041595,12.727922,12.806248,14.21267,14.142136,14.142136,12.727922,12.041595,11.401754,9.433981,8.062258,6.403124,5.0,3.605551,4.0,5.385165,8.062258,10.816654,13.038405,16.124515,18.35756,20.124612,21.023796,21.540659,20.248457,17.720045,14.56022,13.416408,15.231546,16.552945,17.464249,17.088007,15.811388,14.866069,12.649111,10.77033,8.062258,7.071068,5.830952,6.082763,6.0,7.071068,8.062258,9.055385,10.049876,10.198039,11.18034,11.18034,11.18034,10.198039,10.440307,10.77033,10.816654
hoyeon_stand_normal_01,3174,1058,105.80578142076504,29.998360745314464,10,0.5409592986106873,0.6851149201393127,-0.2042779624462127,0.9999895095825196,0.536442220211029,0.6946526169776917,-0.1929390877485275,0.9999651312828064,0.5338404774665833,0.6938741207122803,-0.1929423958063125,0.9999679923057556,0.5315698981285095,0.692999541759491,-0.1929533630609512,0.999970018863678,0.5438812375068665,0.6954933404922485,-0.192554160952568,0.99995219707489,0.5463201403617859,0.6955839991569519,-0.1925607770681381,0.9999497532844543,0.5485802888870239,0.6956779956817627,-0.1925561130046844,0.9999483227729796,0.5272824764251709,0.6842054724693298,-0.1130064949393272,0.9999539256095886,0.5522719025611877,0.6879726648330688,-0.1114683672785759,0.9998869299888612,0.5358765125274658,0.6717329025268555,-0.173545554280281,0.9999876022338868,0.546249270439148,0.6734197735786438,-0.1731425672769546,0.9999794960021972,0.5059000849723816,0.6075326204299927,-0.0553589239716529,0.999986469745636,0.5721406936645508,0.6063384413719177,-0.0478427447378635,0.9999385476112366,0.4976571798324585,0.5067662000656128,-0.0125024430453777,0.9875953793525696,0.5777226686477661,0.5104003548622131,-0.0076477942056953,0.9557969570159912,0.4926325976848602,0.4239979684352875,-0.0772316977381706,0.9797483086586,0.5843865275382996,0.4279533326625824,-0.0700994506478309,0.942798674106598,0.4884167313575744,0.3959238231182098,-0.0979321375489234,0.958774745464325,0.5879232287406921,0.4004842638969421,-0.0912053808569908,0.90312659740448,0.4927259087562561,0.3959753811359405,-0.1247197613120079,0.961990237236023,0.584863543510437,0.4000861048698425,-0.1203624829649925,0.9104470014572144,0.4959009289741516,0.4043591916561126,-0.089409165084362,0.9530300498008728,0.5826632976531982,0.4081000983715057,-0.0833554416894912,0.90180903673172,0.519934892654419,0.4314144849777221,-0.0057368502020835,0.9997433423995972,0.5614215135574341,0.4307081997394562,0.0056966170668601,0.9996243119239808,0.5195757746696472,0.2741472721099853,-0.0265947841107845,0.9713230729103088,0.5620346665382385,0.2742758393287658,-0.0137533526867628,0.9499568939208984,0.524919867515564,0.1282248944044113,0.0533511042594909,0.972931981086731,0.5548442006111145,0.1303349137306213,0.0725207850337028,0.9441988468170166,0.527467668056488,0.1109253093600273,0.0544654242694377,0.6070870757102966,0.5517669320106506,0.1142330318689346,0.0746860578656196,0.614102303981781,0.5274375081062317,0.0783548727631568,-0.055369459092617,0.9580123424530028,0.5558078289031982,0.0806348100304603,-0.0266327038407325,0.9382520318031312,hoyeon_stand_normal_01,8.602325,4.242641,3.162278,5.0,7.615773,9.848858,11.7047,11.7047,12.649111,12.649111,11.401754,10.198039,10.198039,9.0,8.062258,6.324555,6.403124,6.708204,9.055385,12.041595,15.297059,17.720045,20.615528,22.561028,22.561028,21.377558,3.0,5.385165,8.062258,10.29563,13.038405,14.764823,15.231546,15.811388,15.811388,14.317821,13.152946,11.045361,9.055385,7.0,4.0,1.414214,1.414214,5.0,7.211103,10.816654,13.601471,16.278821,16.970563,18.439089,17.204651,15.0,13.928388,13.416408,12.206556,12.041595,11.313708,10.0,9.433981,8.544004,7.28011,7.0,7.071068,6.708204,7.81025,8.485281,10.0,11.661904,13.416408,15.652476,17.888544,18.35756,19.235384,19.723083,18.867962,17.204651,14.21267,11.401754,2.236068,1.414214,4.242641,6.708204,10.440307,12.165525,14.035669,15.033296,14.142136,13.601471,12.649111,10.77033,8.944272,6.708204,4.472136,2.0,2.236068,4.123106,6.082763,8.246211,11.401754,13.341664,14.317821,15.297059,16.492423,15.524175,14.035669,14.142136,15.132746,15.132746,15.033296,15.033296,13.0,12.041595,11.045361,9.055385,8.0,6.0,5.385165,4.242641,6.708204,9.486833,11.401754,14.317821,17.464249,19.646883,21.18962,22.472205,21.931712,20.615528,18.788294,15.652476,12.369317,14.56022,15.524175,15.811388,15.811388,15.811388,13.928388,11.401754,9.219544,7.0,6.324555,5.385165,5.656854,7.211103,8.062258,8.944272,9.848858,11.18034,11.18034,11.661904,11.661904,11.18034,11.18034,11.7047,11.401754,12.041595
hoyeon_stand_normal_01,3177,1059,105.9057868852459,29.998360745314464,10,0.5409281253814697,0.685108482837677,-0.2019031345844268,0.9999895095825196,0.5364106893539429,0.6946203112602234,-0.1904667168855667,0.9999651908874512,0.533809244632721,0.6938296556472778,-0.1904702931642532,0.9999680519104004,0.5315471887588501,0.6929563879966736,-0.1904830187559127,0.9999701380729676,0.5438602566719055,0.695469319820404,-0.1902251839637756,0.9999522566795348,0.5463008880615234,0.6955556869506836,-0.1902296543121338,0.9999497532844543,0.5485557913780212,0.695655345916748,-0.1902229934930801,0.9999483227729796,0.5272489786148071,0.6841638088226318,-0.1104511767625808,0.9999539256095886,0.5522614121437073,0.6879344582557678,-0.1095812171697616,0.9998871684074402,0.5358269214630127,0.6717139482498169,-0.1711524426937103,0.999987542629242,0.5462235808372498,0.6733964085578918,-0.1709395051002502,0.9999794363975524,0.5058644413948059,0.607511579990387,-0.0534657426178455,0.9999865293502808,0.5721014142036438,0.6063531041145325,-0.0464624650776386,0.9999389052391052,0.497653990983963,0.5067561268806458,-0.011882085353136,0.9875341653823853,0.5777012705802917,0.5104268789291382,-0.0069179590791463,0.955617129802704,0.4926301538944244,0.4239854216575622,-0.077746994793415,0.9797661900520324,0.5843200087547302,0.4279887080192566,-0.0685343295335769,0.9426044821739196,0.4884124398231506,0.3959109783172607,-0.098807618021965,0.9588324427604676,0.5878568291664124,0.4005082547664642,-0.0896724909543991,0.9028608202934264,0.492714911699295,0.395972192287445,-0.1254905611276626,0.962043046951294,0.5847551822662354,0.4001096785068512,-0.1186481267213821,0.9101863503456116,0.4958946406841278,0.4043528139591217,-0.089883804321289,0.95305597782135,0.5825451612472534,0.4081141650676727,-0.0817169696092605,0.9015167355537416,0.5199121236801147,0.4314750730991363,-0.0055748377926647,0.9997458457946776,0.5614026188850403,0.4307627379894256,0.0055349855683743,0.9996277689933776,0.5195052623748779,0.2741494178771972,-0.0266511924564838,0.9711844325065612,0.5619785785675049,0.2742790281772613,-0.013935787603259,0.9497385621070862,0.5248224139213562,0.1279465854167938,0.0527280569076538,0.9730046391487122,0.5548412799835205,0.1302655637264251,0.0717764571309089,0.9439867734909058,0.52742999792099,0.110364131629467,0.0538058429956436,0.6071666479110718,0.5517649054527283,0.1141116842627525,0.0739492624998092,0.612745463848114,0.5273876190185547,0.0782821178436279,-0.0564413517713546,0.9580807685852052,0.5557867288589478,0.0805849954485893,-0.0274181757122278,0.93806654214859,hoyeon_stand_normal_01,20.124612,21.931712,21.18962,19.646883,17.262677,14.317821,11.18034,8.246211,5.830952,3.605551,4.0,5.830952,8.602325,10.0,12.041595,14.866069,16.278821,17.691806,18.439089,18.439089,17.804494,16.278821,13.453624,10.816654,9.219544,11.18034,17.029386,16.970563,16.401219,15.264338,13.892444,11.18034,8.062258,5.656854,4.123106,5.385165,8.062258,10.0,12.206556,13.038405,13.892444,14.764823,15.231546,14.866069,13.341664,12.165525,9.219544,6.324555,4.242641,5.385165,10.0,14.422205,15.9679515,16.3478975,15.658884,14.5969495,14.308818,13.4189415,12.9636025,12.2833635,11.547777,11.640055,11.5,11.551144,11.369712,12.3167725,12.9653575,13.200877,13.81857,14.4248965,14.3032025,15.1948565,14.9197595,15.7079645,16.2283145,16.761754,16.827181500000002,15.996507,8.3824115,9.5440035,10.752659,12.531129,12.5440755,12.523182,11.8675355,10.0,8.684407,8.7400495,9.5261175,9.994937,9.862172,9.6622775,8.732385,8.684407,8.634682,10.0,11.052182,12.116854,12.1846585,13.17121,12.882827,13.8411345,14.780998,15.150541,13.601471,14.764823,16.124515,15.264338,15.264338,15.811388,14.21267,12.806248,11.313708,9.899495,8.485281,6.403124,5.385165,5.0,6.324555,8.062258,10.816654,13.601471,16.643317,18.867962,20.59126,21.470911,21.023796,19.697716,18.027756,15.811388,13.038405,14.422205,16.401219,17.029386,16.278821,16.278821,13.453624,12.041595,10.0,8.944272,7.28011,7.0,7.28011,7.615773,8.944272,9.433981,10.29563,11.18034,11.661904,12.529964,12.529964,12.529964,11.661904,12.206556,12.041595,12.041595
hoyeon_stand_normal_01,3180,1060,106.00579234972678,29.998360745314464,10,0.5408844351768494,0.6851038336753845,-0.2007860392332077,0.9999894499778748,0.5363675355911255,0.6946051120758057,-0.1892739236354828,0.9999651312828064,0.5337697863578796,0.6938009858131409,-0.1892779320478439,0.9999679923057556,0.5315184593200684,0.692926824092865,-0.189290776848793,0.9999700784683228,0.5438280701637268,0.6954624056816101,-0.1891034692525863,0.99995219707489,0.5462748408317566,0.6955494284629822,-0.1891068518161773,0.9999496340751648,0.5485215783119202,0.6956470012664795,-0.1890992671251297,0.9999482035636902,0.5272224545478821,0.6841417551040649,-0.1092200204730033,0.9999537467956544,0.552250325679779,0.6879278421401978,-0.1086677312850952,0.999887228012085,0.5357722640037537,0.6717098355293274,-0.1700521260499954,0.9999874830245972,0.5462016463279724,0.6733910441398621,-0.1699262112379074,0.9999793767929076,0.5058375597000122,0.6075049042701721,-0.0527840293943882,0.9999867081642152,0.5720912218093872,0.6063646078109741,-0.0457952804863452,0.999939501285553,0.4976479411125183,0.5067517161369324,-0.0119427423924207,0.9875012040138244,0.577694833278656,0.5104665160179138,-0.0068425182253122,0.955556869506836,0.4926282167434692,0.4239794313907623,-0.0782893896102905,0.979848086833954,0.5842812061309814,0.4279897809028625,-0.0683798640966415,0.9425443410873412,0.4883960485458374,0.395879715681076,-0.0993946269154548,0.9590147733688354,0.587805986404419,0.400495171546936,-0.0895650833845138,0.9027594923973083,0.4926957488059997,0.3959500193595886,-0.1261064857244491,0.962207019329071,0.584671139717102,0.4000835418701172,-0.1184900775551796,0.9100649952888488,0.4958829283714294,0.4043408334255218,-0.0904190018773078,0.9532254934310912,0.5824535489082336,0.4080952703952789,-0.0815543755888938,0.9013825058937072,0.519863486289978,0.4315827488899231,-0.0055098454467952,0.9997490644454956,0.561392605304718,0.4308390021324157,0.0054705166257917,0.999631941318512,0.519429624080658,0.274299144744873,-0.0264993607997894,0.9712114930152892,0.561892569065094,0.2743301093578338,-0.0139235155656933,0.9497321844100952,0.5246850252151489,0.1279037147760391,0.0527059957385063,0.9731881022453308,0.5548163056373596,0.1303043812513351,0.0719511210918426,0.944033145904541,0.5273659825325012,0.1102631241083145,0.0537681095302104,0.607910692691803,0.5517141819000244,0.1141150817275047,0.0741686448454856,0.6124550700187683,0.5273550152778625,0.0779794305562973,-0.056509006768465,0.9583725333213806,0.5557048916816711,0.0805342495441436,-0.0271103363484144,0.9382367730140686,hoyeon_stand_normal_01,15.811388,10.29563,7.071068,8.602325,11.7047,15.524175,17.464249,18.248288,19.416488,19.235384,18.248288,16.124515,15.033296,13.038405,12.165525,10.29563,9.219544,10.77033,13.0,17.464249,22.472205,28.231188,32.695565,35.1141,36.055513,34.481879,4.472136,7.211103,12.083046,15.652476,20.124612,23.323808,25.806976,25.612497,24.758837,23.345235,20.615528,17.804494,13.601471,10.0,7.071068,4.123106,4.242641,8.544004,13.601471,18.681542,23.086793,26.925824,29.966648,31.38471,29.681644,26.400758,15.297059,14.56022,13.928388,12.529964,12.206556,11.401754,10.630146,10.0,8.944272,7.615773,7.071068,7.0,7.28011,8.062258,10.0,11.313708,13.453624,15.620499,17.029386,18.439089,18.439089,19.104973,18.384776,16.278821,14.21267,11.401754,3.162278,2.0,3.605551,6.324555,9.055385,11.045361,13.341664,13.928388,13.416408,13.038405,11.401754,9.219544,7.071068,5.656854,2.828427,1.0,2.0,5.09902,7.071068,9.055385,12.041595,14.035669,16.0,17.0,17.0,17.0,14.21267,13.601471,11.661904,9.433981,8.246211,8.0,9.055385,11.18034,12.165525,13.152946,15.033296,16.0,17.117243,17.464249,18.027756,17.888544,17.0,16.643317,13.601471,10.816654,7.615773,5.09902,7.071068,10.29563,13.0,16.155494,9.433981,8.062258,7.071068,7.28011,8.602325,11.313708,13.453624,15.620499,16.278821,16.970563,16.970563,16.401219,15.0,13.601471,13.038405,10.816654,10.816654,9.219544,9.899495,10.0,11.661904,12.529964,13.892444,16.124515,16.643317,16.401219
hoyeon_stand_normal_01,3183,1061,106.10579781420763,29.998360745314464,10,0.5408096313476562,0.6850824952125549,-0.2070156037807464,0.9999895691871644,0.536314845085144,0.6945735216140747,-0.1955771893262863,0.9999655485153198,0.5337167978286743,0.6937605142593384,-0.1955795139074325,0.9999683499336244,0.5314823985099792,0.6928911805152893,-0.1955933272838592,0.9999704360961914,0.5437943935394287,0.695427656173706,-0.1955665498971939,0.9999527335166932,0.5462477803230286,0.6955028176307678,-0.1955748200416565,0.9999501705169678,0.5484940409660339,0.6956061720848083,-0.1955680549144745,0.9999487400054932,0.5271947383880615,0.6841144561767578,-0.1142601743340492,0.999954342842102,0.5522478222846985,0.6878677606582642,-0.1144081056118011,0.9998887777328492,0.5356770157814026,0.6716760993003845,-0.1756651401519775,0.9999876022338868,0.5461323261260986,0.6733452081680298,-0.175755575299263,0.999979555606842,0.5058044791221619,0.6074716448783875,-0.0552779920399189,0.99998676776886,0.5720793604850769,0.6063662171363831,-0.0493014976382255,0.9999402165412904,0.4976504445075989,0.5066295266151428,-0.0122691309079527,0.9874631762504578,0.577684760093689,0.5105526447296143,-0.0091027058660984,0.9558728933334352,0.4926303029060364,0.4239565134048462,-0.0791303589940071,0.9797793626785278,0.5842310786247253,0.4281055927276611,-0.071788303554058,0.9427415728569032,0.488395631313324,0.3958501517772674,-0.1002622544765472,0.958867371082306,0.5877440571784973,0.4005180299282074,-0.0931730046868324,0.9029842019081116,0.492691308259964,0.3959320783615112,-0.1274027675390243,0.9620829224586488,0.5846057534217834,0.4001151025295257,-0.1224053055047988,0.9102819561958312,0.4958795309066772,0.4043268263339996,-0.0914288833737373,0.9530553817749025,0.5823811888694763,0.408137172460556,-0.0850752517580986,0.9015887975692748,0.5198369026184082,0.431586354970932,-0.0055007832124829,0.9997490644454956,0.5613757371902466,0.4308384656906128,0.0054617351852357,0.9996326565742492,0.5194414258003235,0.2742917239665985,-0.0265166070312261,0.9711032509803772,0.5618932247161865,0.27423095703125,-0.0139342276379466,0.9496564865112304,0.5246778726577759,0.1276568472385406,0.0530420094728469,0.9732242822647096,0.5548083782196045,0.1302638202905655,0.0720731019973754,0.9439539909362792,0.5273469090461731,0.1098523363471031,0.0542099140584468,0.608539342880249,0.5516669154167175,0.1139360219240188,0.0743434280157089,0.6124110221862793,0.527260959148407,0.0778730362653732,-0.0558795593678951,0.9584709405899048,0.5557026267051697,0.0805175229907035,-0.026926189661026,0.9381808638572692,hoyeon_stand_normal_01,18.0,19.104973,18.248288,16.492423,14.56022,11.7047,8.544004,6.082763,4.123106,3.605551,5.09902,7.0,8.062258,10.198039,12.369317,14.317821,15.524175,16.492423,17.464249,17.464249,17.464249,15.524175,13.0,10.816654,10.0,10.440307,15.297059,16.03122,16.03122,15.132746,13.152946,10.198039,7.28011,5.0,3.605551,4.123106,6.0,8.0,10.0,11.045361,12.041595,13.152946,12.369317,12.649111,12.083046,10.29563,8.062258,4.472136,2.236068,4.0,8.246211,13.152946,14.866069,16.155494,16.155494,15.652476,14.764823,14.422205,14.21267,14.142136,14.142136,14.21267,14.21267,15.0,15.0,15.0,15.0,14.21267,13.601471,12.206556,11.18034,9.219544,10.0,10.440307,12.529964,15.264338,17.492856,18.35756,13.928388,15.264338,16.278821,15.620499,13.892444,10.440307,7.071068,4.123106,2.0,3.162278,7.0,9.219544,10.77033,12.083046,13.038405,14.21267,14.21267,14.142136,13.453624,12.806248,12.041595,10.630146,8.944272,9.219544,10.049876,12.165525,14.192246,14.450869,13.558171,12.924975,12.176145,11.68084,11.2934635,11.7748285,11.7424,11.317976000000002,11.0224665,10.9470755,11.064203,11.5384855,12.8062485,13.7351435,15.448644,15.2226945,15.9330345,15.475504,14.5963645,13.9020295,13.7004675,14.8491455,15.4845265,15.160586,11.167423,11.101898,10.7720805,11.646902,12.225545,13.0112605,13.6589105,13.211403,13.019889,12.7632535,11.773506,11.543805,10.9636495,11.1840635,10.481598,10.8776355,10.59017,10.700877,10.5352265,11.291047,11.965859,12.647099,13.333046,13.4705845,14.09017,14.35235
hoyeon_stand_normal_01,3186,1062,106.20580327868852,29.998360745314464,10,0.5407399535179138,0.6850771307945251,-0.2081862837076187,0.9999897480010986,0.5362659692764282,0.6945633888244629,-0.1966108232736587,0.9999662041664124,0.5336723327636719,0.6937448978424072,-0.1966134756803512,0.9999690055847168,0.5314539074897766,0.6928789019584656,-0.1966270059347152,0.9999710321426392,0.5437544584274292,0.695414662361145,-0.196657195687294,0.9999536871910096,0.5462160706520081,0.6954805850982666,-0.1966659128665924,0.999951183795929,0.5484617352485657,0.6955910921096802,-0.1966590583324432,0.9999497532844543,0.5271772742271423,0.6841093301773071,-0.1148425638675689,0.9999552965164183,0.5522425770759583,0.6878541111946106,-0.1151955127716064,0.99989116191864,0.5356011986732483,0.6716644167900085,-0.1766796261072158,0.9999878406524658,0.5460575222969055,0.6733240485191345,-0.1768438816070556,0.9999799132347108,0.5057854056358337,0.6074419021606445,-0.0554982386529445,0.99998676776886,0.5720771551132202,0.606368899345398,-0.0498097017407417,0.9999409317970276,0.4976486563682556,0.5065539479255676,-0.0124272853136062,0.9874301552772522,0.5776620507240295,0.5106245875358582,-0.0094300713390111,0.9561893343925476,0.4926289618015289,0.4238938093185425,-0.0793455392122268,0.9796900153160096,0.5842207074165344,0.4282841682434082,-0.0727228000760078,0.9429742693901062,0.4883931875228882,0.3958002626895904,-0.1005297005176544,0.9586955904960632,0.5877314209938049,0.4005808234214782,-0.0942882448434829,0.9032747149467468,0.492684543132782,0.3958911001682281,-0.1275888681411743,0.961937129497528,0.584592878818512,0.4001960158348083,-0.1235393360257148,0.9105754494667052,0.4958703815937042,0.4042932391166687,-0.0916197299957275,0.952842116355896,0.5823714733123779,0.408223032951355,-0.086047813296318,0.9018566012382508,0.5198358297348022,0.4316344261169433,-0.0054980567656457,0.9997487664222716,0.5613654255867004,0.4308390319347381,0.0054591256193816,0.9996336698532104,0.5195507407188416,0.274600625038147,-0.0265497788786888,0.9713996648788452,0.5618978142738342,0.2742305397987366,-0.0139414211735129,0.9502067565917968,0.5246416330337524,0.1276678740978241,0.0534497164189815,0.9736568927764891,0.5547698140144348,0.1300765573978424,0.0722653791308403,0.9446738958358764,0.5272085070610046,0.1098540350794792,0.0546072125434875,0.611254870891571,0.5515434145927429,0.1135631948709487,0.0745816677808761,0.6146482825279236,0.5271917581558228,0.0778445750474929,-0.0555174797773361,0.9591366052627563,0.5555410981178284,0.0804159864783287,-0.0270903930068016,0.9389286637306212,hoyeon_stand_normal_01,10.29563,6.403124,4.123106,4.472136,7.071068,9.219544,10.630146,11.401754,11.401754,11.401754,10.816654,10.816654,9.433981,8.944272,7.28011,6.0,5.385165,5.656854,7.615773,10.198039,14.035669,17.029386,20.024984,21.095023,22.203603,21.377558,2.0,4.472136,6.403124,10.0,12.206556,13.892444,15.231546,15.231546,14.866069,13.601471,12.369317,10.198039,8.062258,6.082763,4.123106,2.236068,2.236068,5.656854,8.485281,11.313708,14.866069,17.029386,18.601075,18.867962,18.35756,16.552945,16.552945,17.088007,17.088007,16.763055,16.492423,16.124515,16.03122,15.0,16.03122,16.03122,16.124515,16.124515,16.124515,16.124515,16.124515,15.132746,14.317821,13.341664,11.7047,10.816654,10.630146,12.083046,14.56022,17.464249,19.646883,21.84033,16.155494,17.464249,18.027756,18.11077,15.524175,13.416408,9.219544,5.0,2.236068,3.162278,7.071068,10.0,11.18034,12.649111,14.317821,15.132746,16.03122,15.0,15.033296,14.035669,13.038405,11.045361,9.486833,9.433981,10.630146,13.038405,14.56022,15.231546,16.155494,15.811388,15.811388,14.56022,14.317821,12.165525,11.18034,9.055385,8.062258,6.082763,4.472136,5.0,6.324555,9.055385,12.041595,15.033296,17.029386,20.099751,21.213203,22.36068,21.587033,20.615528,18.681542,15.811388,12.165525,14.035669,15.033296,16.0,16.0,15.0,14.0,12.041595,10.049876,8.246211,6.708204,6.403124,6.708204,7.28011,8.246211,9.219544,10.198039,11.401754,11.18034,11.401754,12.369317,11.401754,12.165525,12.041595,12.0,12.165525
hoyeon_stand_normal_01,3189,1063,106.3058087431694,29.998360745314464,10,0.5407044291496277,0.6850732564926147,-0.208069235086441,0.9999897480010986,0.5362396836280823,0.6945581436157227,-0.1964879781007766,0.9999662637710572,0.5336458086967468,0.6937335729598999,-0.1964908987283706,0.9999690651893616,0.5314360857009888,0.6928688883781433,-0.1965041160583496,0.999971091747284,0.5437301993370056,0.6954090595245361,-0.1965083926916122,0.9999539256095886,0.5461939573287964,0.6954736709594727,-0.1965166181325912,0.9999514818191528,0.5484361052513123,0.6955845952033997,-0.196510300040245,0.9999500513076782,0.5271627902984619,0.6841045618057251,-0.114823579788208,0.9999552369117736,0.5522266626358032,0.6878432035446167,-0.1151149943470954,0.9998919367790222,0.5355538129806519,0.6716568470001221,-0.1766290813684463,0.999987781047821,0.5460148453712463,0.6733202934265137,-0.176768958568573,0.9999799728393556,0.5057634115219116,0.6074152588844299,-0.0555157847702503,0.9999865889549256,0.5720739960670471,0.6063647270202637,-0.0500963740050792,0.9999410510063172,0.4976404905319214,0.5065349340438843,-0.0123986219987273,0.9873594641685486,0.5776509046554565,0.5106204748153687,-0.0099115567281842,0.9565754532814026,0.4926251471042633,0.42388916015625,-0.0794565826654434,0.9796361327171326,0.5841866731643677,0.4282806813716888,-0.0729943588376045,0.9432844519615172,0.4883829057216644,0.3957820534706116,-0.1006554588675499,0.9586185812950134,0.5876868963241577,0.400558203458786,-0.0945044383406639,0.9036692380905152,0.4926705658435821,0.3958608508110046,-0.1277075558900833,0.961871862411499,0.5845531821250916,0.4001749157905578,-0.1235817298293113,0.9109393358230592,0.4958623647689819,0.4042722284793854,-0.0917263254523277,0.9527279138565063,0.5823362469673157,0.4082136452198028,-0.0862195938825607,0.902170717716217,0.5198243856430054,0.4315528273582458,-0.0053059728816151,0.9997463822364808,0.5613478422164917,0.430712878704071,0.0052680647931993,0.999633014202118,0.5195479393005371,0.2747056484222412,-0.0265425145626068,0.9716266989707948,0.5619911551475525,0.274226039648056,-0.0144213251769542,0.9507687091827391,0.524634063243866,0.1276605874300003,0.0536722540855407,0.9738876223564148,0.5548836588859558,0.1295189708471298,0.0714582502841949,0.9451531767845154,0.5272064805030823,0.1098327115178108,0.0549062453210353,0.613033652305603,0.5516871213912964,0.1125002205371856,0.0736571103334426,0.6155058741569519,0.5271915793418884,0.0777681991457939,-0.0552408210933208,0.9594862461090088,0.5555388927459717,0.0800002515316009,-0.0285890437662601,0.9393428564071656,hoyeon_stand_normal_01,20.615528,22.146196,21.1776575,19.3129305,17.5045725,14.3174375,11.01595,7.5106765,5.6080585,4.061553,5.0,6.3638395,8.062258,10.4471095,12.843758,14.796758,16.420386999999998,17.873900499999998,18.85392,18.8932575,17.873900499999998,16.2767805,13.5943075,10.700877,9.472136,10.830952,16.698031999999998,17.029794,16.919572000000002,15.4601585,13.446222,10.755381,7.385231,4.352285500000001,3.736068,5.0367965,7.807536,9.829925500000002,11.6396285,13.328155,14.342585,14.932573,14.4329045,14.851916,13.814539,11.749126,9.2217495,5.8941445,2.5,4.736068,10.2468345,14.7910795,15.264338,14.21267,12.727922,12.041595,11.661904,10.29563,9.486833,8.246211,8.062258,7.071068,6.324555,6.708204,7.071068,8.062258,9.848858,11.401754,13.341664,15.524175,16.492423,17.720045,18.681542,18.681542,17.088007,16.155494,13.416408,11.18034,2.236068,2.0,4.472136,7.071068,10.816654,12.083046,13.601471,14.317821,14.142136,14.0,12.041595,10.198039,8.246211,6.082763,4.0,2.236068,2.0,4.123106,6.708204,8.944272,11.661904,13.416408,15.652476,16.552945,16.552945,16.552945,13.038405,13.892444,13.892444,13.892444,13.892444,13.416408,13.0,10.77033,9.486833,7.615773,6.324555,4.472136,4.242641,4.123106,6.082763,8.246211,11.18034,14.317821,16.492423,19.235384,21.213203,21.095023,22.0,20.0,18.027756,15.0,12.165525,14.142136,15.132746,16.03122,16.03122,15.033296,13.038405,11.045361,9.219544,7.28011,5.830952,5.0,5.385165,6.082763,7.071068,8.062258,8.0,9.055385,10.049876,10.049876,10.049876,10.049876,10.0,10.049876,10.198039,10.77033
hoyeon_stand_normal_01,3192,1064,106.40581420765028,29.998360745314464,10,0.5406863689422607,0.6850607991218567,-0.2061865031719207,0.9999897480010986,0.5362239480018616,0.6945498585700989,-0.1943692415952682,0.999966323375702,0.5336284637451172,0.6937208771705627,-0.194373220205307,0.9999691247940063,0.5314229726791382,0.6928561329841614,-0.1943849176168441,0.9999711513519288,0.5437200665473938,0.6954032182693481,-0.1944181472063064,0.9999539852142334,0.5461841821670532,0.695466160774231,-0.1944262087345123,0.9999515414237976,0.548427402973175,0.6955792903900146,-0.1944196224212646,0.9999501705169678,0.5271532535552979,0.6840938925743103,-0.1126724854111671,0.999955117702484,0.5522192716598511,0.6878364682197571,-0.1130801811814308,0.9998918175697328,0.535523533821106,0.6716302037239075,-0.1748521775007248,0.999987781047821,0.5459950566291809,0.6732963919639587,-0.175016239285469,0.9999799728393556,0.5057425498962402,0.607388973236084,-0.0547375157475471,0.9999866485595704,0.5720798969268799,0.6063317060470581,-0.0486927889287471,0.999940812587738,0.4976150691509247,0.5065316557884216,-0.0124659175053238,0.987373948097229,0.5776404142379761,0.5105460286140442,-0.0088812243193387,0.9565194249153136,0.492620587348938,0.4238800704479217,-0.0795948654413223,0.9797212481498718,0.5841697454452515,0.428188294172287,-0.0715789869427681,0.9432177543640136,0.4883753359317779,0.3957696259021759,-0.100943312048912,0.958782434463501,0.5876503586769104,0.400479644536972,-0.0930349677801132,0.9035654664039612,0.4926664531230926,0.395824670791626,-0.1278689205646515,0.9620217680931092,0.5845317840576172,0.4000938832759857,-0.1219011470675468,0.9108432531356812,0.4958589971065521,0.4042492806911468,-0.0918264761567115,0.9528824090957642,0.5823162794113159,0.4081625938415527,-0.0847134962677955,0.9020167589187622,0.5198339819908142,0.4314322769641876,-0.0052505782805383,0.9997485280036926,0.56134432554245,0.4305597841739654,0.005212175194174,0.9996356964111328,0.5195401310920715,0.27471724152565,-0.026754530146718,0.9718591570854188,0.5620492696762085,0.2742176353931427,-0.0146897817030549,0.9511483311653136,0.5248196721076965,0.1277608871459961,0.0552348643541336,0.9742610454559326,0.5549920797348022,0.1295279860496521,0.0724271163344383,0.9459262490272522,0.5274664759635925,0.1099670976400375,0.0568440668284893,0.616500198841095,0.5518545508384705,0.112537145614624,0.0748595371842384,0.6176971197128296,0.5273321270942688,0.0774688571691513,-0.0528607591986656,0.9601390361785888,0.5555269718170166,0.0799552127718925,-0.0270322263240814,0.9402480125427246,hoyeon_stand_normal_01,14.317821,9.0,5.656854,8.0,12.165525,15.811388,18.027756,18.973666,20.248457,19.313208,18.384776,17.888544,16.124515,15.264338,13.453624,11.401754,10.440307,11.045361,13.416408,17.691806,22.671568,27.802878,32.202484,35.608988,36.235342,35.383612,5.0,6.708204,11.401754,15.524175,19.646883,22.135944,24.166092,24.596748,24.186773,23.021729,20.615528,17.804494,13.453624,10.630146,6.403124,3.162278,3.0,7.071068,12.165525,17.262677,22.090722,26.0,28.017851,29.274562,28.442925,24.738634,14.866069,15.556349,16.278821,14.866069,14.21267,14.422205,13.892444,13.0,13.928388,13.601471,13.601471,13.341664,14.317821,14.317821,13.341664,13.341664,12.165525,11.045361,10.0,8.246211,8.602325,9.899495,12.206556,14.764823,16.124515,18.027756,16.03122,17.029386,17.464249,17.088007,13.892444,12.041595,7.81025,4.472136,3.162278,6.324555,9.055385,11.0,13.038405,14.317821,14.56022,14.866069,15.231546,15.652476,13.416408,12.083046,11.7047,9.055385,9.055385,9.848858,12.206556,16.522683999999998,13.416408,14.422205,15.264338,15.264338,15.264338,14.764823,13.416408,12.083046,10.440307,8.544004,7.615773,5.830952,5.0,5.385165,6.082763,8.062258,11.18034,14.142136,16.278821,18.11077,20.099751,21.023796,21.0,20.0,18.027756,15.033296,11.7047,13.601471,14.56022,15.524175,15.297059,14.317821,13.341664,11.401754,9.486833,7.211103,6.403124,5.830952,6.324555,7.071068,8.0,9.0,10.0,10.0,11.0,11.045361,11.045361,11.0,11.0,11.045361,11.401754,11.7047
hoyeon_stand_normal_01,3195,1065,106.50581967213114,29.998360745314464,10,0.5406739115715027,0.6850507855415344,-0.2065117806196212,0.9999898076057434,0.536212146282196,0.694535493850708,-0.1946526020765304,0.999966561794281,0.5336120128631592,0.6937010288238525,-0.1946572959423065,0.9999694228172302,0.5314089059829712,0.6928377151489258,-0.1946697831153869,0.9999713897705078,0.5437127351760864,0.6953957080841064,-0.1946704685688018,0.9999542236328124,0.5461764931678772,0.6954575181007385,-0.1946787536144256,0.9999517798423768,0.5484181046485901,0.695574164390564,-0.1946721822023391,0.9999504089355468,0.5271427631378174,0.6840827465057373,-0.1128021404147148,0.9999555945396424,0.5522095561027527,0.6878230571746826,-0.1131415739655494,0.9998921155929564,0.5355002284049988,0.6716128587722778,-0.1751456260681152,0.9999878406524658,0.5459831953048706,0.6732838749885559,-0.175264298915863,0.9999800324440002,0.5057410597801208,0.6073563098907471,-0.0551183000206947,0.9999867081642152,0.5720781087875366,0.6063054203987122,-0.0485943220555782,0.9999402165412904,0.4976086616516113,0.5065271258354187,-0.0129567896947264,0.9874421954154968,0.5776230096817017,0.5105189681053162,-0.0083318259567022,0.956293761730194,0.492620974779129,0.4238229393959045,-0.0803645029664039,0.9797943830490112,0.5841591954231262,0.4281900823116302,-0.0710690170526504,0.942797601222992,0.4883732497692108,0.3957388699054718,-0.1017975509166717,0.9589038491249084,0.5876379013061523,0.4004804790019989,-0.0924481377005577,0.9029282927513124,0.492662638425827,0.3957389593124389,-0.1287059634923935,0.9621387720108032,0.5845288634300232,0.4000876247882843,-0.1213883310556411,0.910272777080536,0.4958570897579193,0.404175728559494,-0.0925522148609161,0.9529936909675598,0.5823139548301697,0.4081583321094513,-0.0842414051294326,0.901416838169098,0.5198952555656433,0.4313486814498901,-0.0052938251756131,0.9997485876083374,0.5613418221473694,0.4304610192775726,0.0052553960122168,0.9996349215507508,0.5195866823196411,0.2747165560722351,-0.0272447038441896,0.9720569849014282,0.5620743632316589,0.2741813361644745,-0.0147036276757717,0.9513734579086304,0.524811863899231,0.1277740448713302,0.0565775893628597,0.9745805859565736,0.5549890398979187,0.1295015662908554,0.0739080607891082,0.9464486241340636,0.5274105668067932,0.1099969819188118,0.0584277510643005,0.6188551187515259,0.5518426895141602,0.1125474348664283,0.0765223130583763,0.6194252967834473,0.5273187756538391,0.0773395672440528,-0.0516722723841667,0.9606156349182128,0.5554248690605164,0.0798816829919815,-0.0257912781089544,0.9408044815063475,hoyeon_stand_normal_01,12.649111,7.071068,5.0,8.062258,12.041595,15.132746,16.278821,17.464249,17.464249,17.464249,16.492423,15.811388,13.928388,13.892444,11.401754,10.630146,9.486833,10.0,12.083046,16.401219,20.518285,26.172505,29.0,31.827661,32.526912,31.890437,4.123106,7.211103,10.77033,14.866069,17.464249,21.470911,21.954498,23.021729,22.022716,20.518285,18.384776,16.278821,12.041595,9.219544,5.656854,2.236068,3.162278,7.0,12.0,16.0,20.024984,23.194827,25.495098,26.925824,26.248809,22.472205,15.132746,14.0,13.038405,12.165525,11.401754,10.77033,9.848858,8.602325,7.071068,7.211103,6.324555,6.082763,7.071068,8.544004,10.29563,11.661904,14.422205,15.811388,17.204651,18.867962,19.416488,19.723083,19.235384,16.552945,14.317821,10.77033,2.0,1.414214,4.123106,7.0,10.198039,12.649111,14.317821,15.264338,15.0,14.866069,12.727922,10.630146,8.602325,7.211103,4.242641,2.236068,2.236068,4.472136,6.324555,9.219544,11.401754,13.341664,15.524175,16.492423,16.492423,16.492423,13.0,13.928388,13.928388,13.928388,13.928388,13.601471,12.369317,11.18034,10.198039,8.062258,6.082763,5.385165,4.242641,4.472136,6.082763,8.0,11.0,14.035669,17.029386,19.0,20.024984,21.095023,21.213203,20.223748,18.248288,15.297059,12.0,14.0,15.033296,16.03122,16.124515,14.035669,13.038405,11.045361,9.0,7.071068,6.708204,5.656854,5.830952,6.324555,7.28011,8.246211,8.246211,9.486833,10.440307,10.440307,10.440307,10.440307,10.198039,10.049876,11.0,10.198039
hoyeon_stand_normal_01,3198,1066,106.60582513661204,29.998360745314464,10,0.5406612157821655,0.6850453615188599,-0.2090057581663131,0.999989926815033,0.5361974239349365,0.6945286393165588,-0.1971350312232971,0.9999670386314392,0.533598005771637,0.693695604801178,-0.1971402913331985,0.9999698996543884,0.5313959717750549,0.6928313374519348,-0.1971535235643386,0.999971866607666,0.5436996817588806,0.6953877210617065,-0.1971322149038314,0.999954879283905,0.5461635589599609,0.6954489946365356,-0.1971397697925567,0.999952495098114,0.5483998656272888,0.6955661773681641,-0.1971326768398285,0.9999511241912842,0.5271363854408264,0.6840754747390747,-0.1149967238306999,0.9999563694000244,0.5521941781044006,0.6878154873847961,-0.1151753813028335,0.999893605709076,0.5354835987091064,0.6716053485870361,-0.1775293499231338,0.9999880194664,0.545968770980835,0.6732786297798157,-0.1776097267866134,0.9999802708625792,0.5057397484779358,0.6073396801948547,-0.0565622821450233,0.9999867081642152,0.5720714330673218,0.6062988042831421,-0.0494401901960372,0.9999400973320008,0.497603565454483,0.5065127611160278,-0.0132416812703013,0.987524151802063,0.5776210427284241,0.5104416012763977,-0.0084202010184526,0.9563955068588256,0.4926220178604126,0.4236363172531128,-0.0804822817444801,0.9798503518104552,0.5841557383537292,0.4281098544597626,-0.0713833570480346,0.9427989721298218,0.488370418548584,0.3956529796123504,-0.1018736064434051,0.958974063396454,0.587629497051239,0.4004455804824829,-0.0927503108978271,0.9029133915901184,0.4926601946353912,0.3956012725830078,-0.1288595646619796,0.9622082710266112,0.5845270752906799,0.4000352621078491,-0.1218401566147804,0.9102740287780762,0.4958587288856506,0.4040388464927673,-0.0926757603883743,0.953052282333374,0.5823161602020264,0.4081100523471832,-0.084610179066658,0.9013937711715698,0.5199024677276611,0.4312756359577179,-0.0053152195177972,0.9997483491897584,0.5613387823104858,0.4303923547267914,0.0052771535702049,0.9996350407600404,0.5195909738540649,0.2747181057929992,-0.0272735860198736,0.9722993969917296,0.5621121525764465,0.2741717994213104,-0.014679541811347,0.951867401599884,0.524811863899231,0.1277651488780975,0.0570165142416954,0.974868893623352,0.5550464987754822,0.1293366253376007,0.0742297321557998,0.9470481872558594,0.5274092555046082,0.1099925190210342,0.0588381737470626,0.6211768388748169,0.5518711805343628,0.1121160462498664,0.0768137499690055,0.6215365529060364,0.5273186564445496,0.0773381739854812,-0.0514455065131187,0.9610370397567748,0.5555047392845154,0.0798374786972999,-0.025669815018773,0.9413686990737916,hoyeon_stand_normal_01,11.08840175,6.462585000000001,4.20710675,6.399163,9.404712,11.986421,13.39308375,14.33327325,14.5788485,14.54510375,13.609119,12.82707675,11.68906775,11.2666725,9.536469,8.5928385,7.51410725,7.951806,10.114176,13.5783,17.421131,21.62432025,24.69401075,26.77347525,27.46183725,26.6892705,3.6700475,6.20184275,9.0777805,12.43044275,15.152852,17.8193215,18.85035475,19.4181455,18.5857655,17.5356675,15.5159375,13.5548865,10.529874,8.01332875,4.847848750000001,2.118034,2.78824575,5.87706775,9.88158025,13.46051525,16.748275749999998,19.70599225,21.7473775,22.802302,22.138282500000003,19.01723125,19.235384,19.026298,18.027756,17.117243,15.524175,13.928388,13.0,11.661904,10.630146,9.219544,8.062258,8.246211,9.0,10.440307,12.083046,13.892444,16.643317,20.248457,21.633308,23.853721,24.186773,24.186773,22.36068,20.615528,17.088007,13.601471,3.605551,2.236068,5.385165,9.0,12.165525,14.866069,17.0,18.027756,18.439089,16.970563,15.620499,13.601471,10.816654,7.211103,5.0,3.162278,2.828427,5.385165,8.544004,12.369317,14.56022,17.720045,19.924859,21.18962,22.135944,21.84033,14.57595275,14.354249,13.473795249999998,12.554364,11.83590225,11.36946775,11.388822,11.517746,11.61351175,11.35613075,10.90001025,11.393705999999998,11.42525625,11.8081985,13.0847105,13.8448885,15.233275,15.8979875,16.420386999999998,15.801639,14.7107745,13.9160595,14.2836525,15.3044565,15.83609025,15.58973525,10.78557775,10.968127,11.08719075,12.046739,13.04960025,12.76337925,13.873357249999998,13.46187075,13.2706015,12.65224525,12.3672975,11.613466,11.24252775,10.63711875,10.503461,10.7365115,9.96193125,10.5151555,10.9210305,11.0618045,11.6026445,12.379064,13.051012,13.5292365,14.56833,13.9791725
hoyeon_stand_normal_01,3201,1067,106.7058306010929,29.998360745314464,10,0.5406521558761597,0.6850475668907166,-0.2186777740716934,0.999990165233612,0.5361803770065308,0.6945195198059082,-0.2069461494684219,0.999967873096466,0.5335837602615356,0.6936861872673035,-0.2069497853517532,0.9999706745147704,0.5313816666603088,0.6928219795227051,-0.206963911652565,0.9999725818634032,0.5436833500862122,0.6953797936439514,-0.2068734616041183,0.9999558925628662,0.5461481809616089,0.6954395174980164,-0.2068816721439361,0.99995356798172,0.5483796000480652,0.6955599188804626,-0.2068748325109481,0.9999521374702454,0.5271299481391907,0.6840674877166748,-0.1244815364480018,0.99995756149292,0.5521711707115173,0.6878073811531067,-0.1243258789181709,0.9998958110809326,0.5354739427566528,0.6716078519821167,-0.1870077699422836,0.9999882578849792,0.5459492206573486,0.6732927560806274,-0.1870169788599014,0.999980628490448,0.505739152431488,0.6073078513145447,-0.0643043667078018,0.99998676776886,0.5720604658126831,0.6062377095222473,-0.0556367486715316,0.9999399781227112,0.4976015388965606,0.5064395070075989,-0.018187578767538,0.9876665472984314,0.5776148438453674,0.5103622674942017,-0.0117471618577837,0.956527590751648,0.4926084578037262,0.4234417974948883,-0.0846294090151786,0.9799481630325316,0.5841526389122009,0.4280280172824859,-0.0745763778686523,0.9426233768463136,0.4883431792259216,0.3955427706241607,-0.1056852638721466,0.9590776562690736,0.5876246690750122,0.4004261493682861,-0.0955831333994865,0.902562141418457,0.4926495850086212,0.3954001069068908,-0.1332187056541443,0.9623181819915771,0.5845450162887573,0.399982750415802,-0.1251291185617447,0.9099674224853516,0.4958553612232208,0.4038523137569427,-0.0969262868165969,0.9531781077384948,0.5823355317115784,0.4080435931682586,-0.0879511907696724,0.9010756015777588,0.5199436545372009,0.4312625229358673,-0.0053609730675816,0.9997478127479552,0.5613358616828918,0.430391401052475,0.0053224135190248,0.9996349811553956,0.5196523070335388,0.2747343778610229,-0.027276013046503,0.9724379777908324,0.5621131062507629,0.2741696536540985,-0.0143759567290544,0.9523574113845824,0.5248123407363892,0.1277633011341095,0.0573325417935848,0.9751016497612,0.5550690293312073,0.1292181611061096,0.0747669711709022,0.9475719332695008,0.5274168848991394,0.1099880114197731,0.0590907111763954,0.6234798431396484,0.5519028902053833,0.1118754893541336,0.0772919133305549,0.6235445141792297,0.527326762676239,0.0773630142211914,-0.0514390356838703,0.9613625407218932,0.5555506348609924,0.0797848552465438,-0.0255294665694236,0.9418537616729736,hoyeon_stand_normal_01,9.5276925,5.854102,3.4142135,4.736068,6.767829,8.840095999999999,10.5073465,11.2022975,11.693448,11.6259585,10.725815,9.8427655,9.4497475,8.640901,7.671184,6.555531,5.5413815,5.903612000000001,8.145306000000001,10.755381,14.323977,17.0761355,20.3880215,21.7192895,22.3967625,21.488104,3.216989,5.1925825,7.385231,9.9948165,12.841455,14.167732,15.7462115,15.814562,15.148815,14.55305,12.647099,10.830952,9.018153,6.8071135,4.0388435000000005,2.0,2.4142135,4.7541355,7.7631605,10.9210305,13.4715675,16.2171575,17.999657,18.67878,18.027756,15.5622575,14.587716,13.959646,13.319938,12.541523,11.44252,10.6284805,9.5276925,8.2426405,7.1410855,6.708204,6.2429435,6.737096,6.994157,8.5952415,10.5073465,12.041595,14.450869,16.1550205,17.859780999999998,19.157173,19.2223785,19.325936,18.6535255,16.56787,14.226332,11.44252,2.5322475,2.3027755,4.782701,8.249827,10.85589,12.708204,14.035262,14.4390205,14.0095075,13.179708,11.764982,9.862081,7.6511535,5.6055515,3.618034,2.5811390000000003,2.5098825,4.409566,6.905125,9.815073,11.903124,13.606335,15.0,15.8102495,16.3249425,17.0,16.151905499999998,14.78011,13.0192025,11.18034,9.7434165,9.1374645,10.408327,11.855152,13.0289845,14.6500035,15.7172575,17.402247,18.6078715,19.144261,20.086658,19.689777,19.46655,17.760306,15.811388,12.603278,9.396565,6.737096,7.354102,10.385165,13.4238925,15.8824115,9.5711555,7.936254,7.1410855,8.062258,9.9746855,11.4910895,14.7083095,15.8783805,17.541203,18.2334225,18.026391,17.570078,16.654103499999998,14.9496825,13.726812,13.226812,11.6776515,11.543478,11.401754,11.683302,12.764982,14.317821,15.903985,17.008597,18.13666,17.760306
hoyeon_stand_normal_01,3204,1068,106.80583606557376,29.998360745314464,10,0.5406296849250793,0.6850442290306091,-0.2192786335945129,0.9999903440475464,0.5361467599868774,0.6945107579231262,-0.2074155956506729,0.9999684691429138,0.5335533022880554,0.6936716437339783,-0.2074197977781295,0.9999712705612184,0.5313563942909241,0.6928091049194336,-0.2074334472417831,0.9999731183052064,0.5436535477638245,0.695374071598053,-0.2074440121650695,0.9999566674232484,0.5461204051971436,0.695434033870697,-0.2074532806873321,0.9999544024467468,0.548346221446991,0.6955543160438538,-0.2074467837810516,0.9999529123306274,0.527121901512146,0.684063196182251,-0.1246333941817283,0.9999583959579468,0.5521467924118042,0.6878005266189575,-0.1249095052480697,0.9998974800109864,0.5354539155960083,0.6716032028198242,-0.1875088959932327,0.9999884366989136,0.545920729637146,0.6732916831970215,-0.1876540929079055,0.999980926513672,0.5057405829429626,0.6072624325752258,-0.0644850358366966,0.99998676776886,0.5720583200454712,0.6061924695968628,-0.0563969425857067,0.9999396204948424,0.4975896179676056,0.5063847899436951,-0.018355555832386,0.9877824187278748,0.5776128172874451,0.5103052854537964,-0.0127276983112096,0.9566950798034668,0.492573469877243,0.4231947660446167,-0.0848520025610923,0.9800081253051758,0.5841633081436157,0.4280252754688263,-0.0760484784841537,0.9423741698265076,0.4883057475090027,0.3953529894351959,-0.1058910265564918,0.9591034054756165,0.5876291394233704,0.4004320502281189,-0.0971385464072227,0.9020937085151672,0.4926242232322693,0.3951144218444824,-0.1334562450647354,0.9623547792434692,0.5845824480056763,0.3999797403812408,-0.1267964839935302,0.9095511436462402,0.4958371818065643,0.4035949110984802,-0.0971633493900299,0.9532095193862916,0.5823805332183838,0.4080330729484558,-0.0894801318645477,0.9006215333938599,0.5199466347694397,0.4311863780021667,-0.0053665833547711,0.9997471570968628,0.5613278150558472,0.4302837252616882,0.005327932536602,0.9996344447135924,0.5196545720100403,0.274661123752594,-0.0270270686596632,0.9727054834365844,0.5621092319488525,0.274123877286911,-0.014029448851943,0.9529573917388916,0.5248110294342041,0.1277655661106109,0.0589541792869567,0.9754493832588196,0.5550655126571655,0.1290124207735061,0.075922317802906,0.9483169913291932,0.5274167656898499,0.1099972128868103,0.0607210882008075,0.626622200012207,0.5519081354141235,0.1114892959594726,0.0784441977739334,0.6259509325027466,0.5273285508155823,0.0773221403360366,-0.0503502711653709,0.9619156718254088,0.5555324554443359,0.0795818790793418,-0.0248903296887874,0.9426138401031494,hoyeon_stand_normal_01,8.602325,4.472136,2.828427,5.09902,8.0,10.0,12.0,12.0,13.038405,12.041595,12.041595,11.18034,10.198039,9.486833,8.062258,7.071068,6.708204,7.071068,8.246211,11.18034,14.422205,17.804494,20.615528,22.022716,22.203603,21.633308,3.0,5.0,7.81025,10.630146,13.453624,14.142136,15.620499,16.401219,15.264338,14.764823,13.416408,11.18034,8.544004,6.324555,3.162278,1.414214,2.236068,5.09902,8.062258,11.401754,13.601471,16.155494,17.464249,18.35756,16.643317,15.0,15.811388,16.643317,17.492856,16.124515,16.552945,15.811388,15.524175,15.297059,15.132746,15.033296,16.0,16.0,16.0,17.0,16.0,16.03122,14.0,13.0,11.18034,9.486833,9.219544,10.816654,13.0,15.811388,18.027756,20.248457,15.811388,17.117243,17.0,16.278821,14.866069,11.661904,7.81025,4.472136,1.414214,3.605551,7.211103,9.848858,11.7047,13.341664,15.033296,16.0,16.03122,16.124515,15.297059,14.317821,13.152946,12.041595,10.198039,10.77033,11.401754,13.453624,12.369317,13.601471,13.601471,14.56022,14.56022,13.341664,12.165525,11.045361,10.0,8.0,7.0,5.0,3.162278,3.605551,5.09902,8.0,10.049876,13.038405,16.03122,18.027756,20.0,21.023796,20.099751,19.235384,17.262677,14.317821,13.152946,14.142136,16.124515,16.278821,16.278821,15.297059,14.317821,12.165525,10.049876,8.0,7.071068,5.830952,5.656854,6.403124,6.708204,8.944272,8.944272,9.848858,9.848858,11.18034,10.77033,10.77033,10.77033,10.198039,10.049876,11.0
hoyeon_stand_normal_01,3207,1069,106.90584153005464,29.998360745314464,10,0.5406227707862854,0.6850380897521973,-0.2150314599275589,0.9999904036521912,0.5361335277557373,0.6944972276687622,-0.202834665775299,0.9999685883522034,0.5335398316383362,0.6936528086662292,-0.2028422504663467,0.9999713897705078,0.5313442945480347,0.6927903890609741,-0.2028557956218719,0.9999732375144958,0.5436407327651978,0.6953667998313904,-0.2027197480201721,0.9999567270278932,0.5461081862449646,0.6954240798950195,-0.2027266770601272,0.9999544620513916,0.5483338236808777,0.6955472230911255,-0.2027178108692169,0.9999529123306274,0.5271145105361938,0.6840528845787048,-0.120551697909832,0.9999586939811708,0.5521348714828491,0.687790036201477,-0.1200869157910347,0.9998971819877625,0.5354474186897278,0.671599805355072,-0.1836329847574234,0.9999885559082032,0.5459111332893372,0.6732889413833618,-0.1835638582706451,0.9999809861183168,0.5057410597801208,0.6072167158126831,-0.0632589161396026,0.9999868869781494,0.5720566511154175,0.6061522960662842,-0.0522948242723941,0.9999387860298156,0.4975588619709015,0.5063396692276001,-0.0181841887533664,0.987969160079956,0.5776075124740601,0.510168731212616,-0.0094015216454863,0.9566006660461426,0.4925722181797027,0.4229459762573242,-0.0846464112401008,0.9802979230880736,0.5841651558876038,0.4277177453041076,-0.0731613636016845,0.9422343373298644,0.4883008003234863,0.3952158391475677,-0.1057720705866813,0.9596160650253296,0.5876265168190002,0.4002664089202881,-0.094335600733757,0.9019013047218324,0.492624968290329,0.3949441015720367,-0.1332125812768936,0.9628250002861024,0.5845774412155151,0.3997665047645569,-0.1236892640590667,0.9093653559684752,0.4958473443984985,0.4034349024295807,-0.0969439223408699,0.953755021095276,0.5823761224746704,0.4078255295753479,-0.0865113660693168,0.9004212617874146,0.5199487209320068,0.4310068488121032,-0.0055613759905099,0.9997478127479552,0.561324954032898,0.4299198687076568,0.0055235899053514,0.9996338486671448,0.5196799039840698,0.274485319852829,-0.0274506583809852,0.972991108894348,0.5621723532676697,0.2740612924098968,-0.0138438669964671,0.9532777070999146,0.5247151255607605,0.1277823448181152,0.0596221722662448,0.975639820098877,0.5550658702850342,0.1290189027786255,0.0775021314620971,0.9486519694328308,0.5272985696792603,0.1100945770740509,0.0615669377148151,0.6271892189979553,0.5518898367881775,0.1114960759878158,0.0802057459950447,0.6269834637641907,0.5272992253303528,0.0774104073643684,-0.0491382740437984,0.962179720401764,0.5555592775344849,0.0795792862772941,-0.0225050114095211,0.9429662227630616,hoyeon_stand_normal_01,8.544004,5.09902,2.236068,4.123106,6.708204,8.944272,11.18034,11.18034,11.18034,11.18034,11.661904,10.816654,10.0,8.485281,7.81025,6.708204,6.0,6.708204,8.485281,11.661904,14.317821,18.384776,20.615528,22.847319,23.259407,21.954498,3.605551,5.0,8.062258,11.18034,13.416408,15.264338,15.811388,16.401219,15.620499,14.866069,13.453624,11.401754,9.219544,6.403124,4.242641,2.236068,2.236068,4.0,7.0,10.0,14.035669,16.124515,17.262677,18.439089,17.720045,15.811388,15.811388,15.264338,14.764823,13.0,12.649111,12.369317,11.045361,9.0,9.055385,7.28011,6.708204,6.403124,7.211103,8.544004,10.198039,11.18034,14.035669,16.03122,17.029386,18.11077,19.104973,18.248288,17.464249,16.492423,13.601471,10.77033,2.828427,1.414214,4.0,6.324555,9.433981,11.313708,12.806248,13.892444,13.416408,12.649111,11.401754,10.198039,8.062258,6.082763,3.162278,2.236068,2.236068,4.242641,7.071068,9.899495,12.041595,14.142136,15.556349,16.970563,16.970563,16.970563,12.041595,12.806248,14.21267,14.21267,14.21267,13.453624,12.041595,10.630146,9.433981,8.602325,6.403124,4.242641,3.605551,4.0,5.385165,7.211103,10.816654,13.601471,15.811388,18.867962,19.723083,20.124612,20.124612,19.697716,17.464249,13.928388,12.529964,13.892444,15.652476,16.552945,16.552945,15.231546,13.928388,12.083046,10.29563,8.602325,6.403124,5.385165,6.082763,6.0,7.071068,8.246211,8.246211,9.219544,10.198039,10.198039,10.198039,11.18034,10.440307,9.848858,10.29563,10.816654
hoyeon_stand_normal_01,3210,1070,107.00584699453552,29.998360745314464,10,0.540619432926178,0.6850333213806152,-0.2148507535457611,0.9999905228614808,0.5361303091049194,0.6944887042045593,-0.2027349174022674,0.9999690055847168,0.5335370302200317,0.6936427354812622,-0.202741801738739,0.9999718070030212,0.5313403606414795,0.6927803754806519,-0.2027553021907806,0.9999736547470092,0.5436381101608276,0.6953577995300293,-0.2025634348392486,0.9999571442604064,0.546105146408081,0.6954124569892883,-0.2025702446699142,0.9999549388885498,0.5483304262161255,0.6955353617668152,-0.2025593221187591,0.999953269958496,0.5271109938621521,0.6840476393699646,-0.1202878654003143,0.9999594688415528,0.5521280765533447,0.6877769231796265,-0.1196099296212196,0.9998977780342102,0.5354427695274353,0.6715957522392273,-0.1833105534315109,0.9999887347221376,0.5459086894989014,0.6732874512672424,-0.1834593117237091,0.9999812245368958,0.5057398080825806,0.607137143611908,-0.0625805333256721,0.9999870657920836,0.5720455050468445,0.6061347126960754,-0.0515159107744693,0.9999383687973022,0.4975404739379883,0.5062264204025269,-0.0181511901319026,0.9882277250289916,0.5775901675224304,0.5101207494735718,-0.0083054928109049,0.9565663933753968,0.4925701320171356,0.4227397739887237,-0.0848088264465332,0.9806901216506958,0.5841636657714844,0.4274808764457702,-0.0715934261679649,0.9421908855438232,0.4882917106151581,0.3951137065887451,-0.1060925871133804,0.9602952003479004,0.5876246094703674,0.4000653028488159,-0.0926107019186019,0.901794135570526,0.4926238358020782,0.3948290646076202,-0.1333217471837997,0.9634544849395752,0.5845542550086975,0.399509847164154,-0.1218622550368309,0.9092645049095154,0.4958496391773224,0.4033181071281433,-0.0970148518681526,0.9545062780380248,0.5823533535003662,0.4076575338840484,-0.0849004462361335,0.9003417491912842,0.5199731588363647,0.4309740960597992,-0.005755110643804,0.9997490048408508,0.5613278150558472,0.4297875165939331,0.0057165115140378,0.9996336102485656,0.5198238492012024,0.2746014595031738,-0.0280824769288301,0.9731230735778807,0.562197744846344,0.2740296125411987,-0.0136974733322858,0.9533172249794006,0.5247144103050232,0.1282007843255996,0.0605410598218441,0.9757144451141356,0.5550535321235657,0.129177525639534,0.0788262262940406,0.9487001299858092,0.52727210521698,0.110473483800888,0.0627314150333404,0.6270632147789001,0.5518429279327393,0.1118845492601394,0.0816949382424354,0.6270508170127869,0.5273244976997375,0.0779260993003845,-0.0476442314684391,0.9622867703437804,0.5555572509765625,0.0795673877000808,-0.0208698902279138,0.9430409073829652,hoyeon_stand_normal_01,11.401754,6.403124,3.0,5.830952,9.486833,12.369317,14.317821,15.297059,15.297059,15.297059,15.132746,14.035669,13.0,12.041595,10.198039,8.544004,7.81025,8.544004,11.0,14.56022,18.384776,22.847319,25.495098,28.231188,28.79236,27.513633,4.123106,6.324555,9.433981,13.038405,15.264338,18.35756,20.124612,19.697716,19.313208,17.720045,16.492423,14.317821,11.18034,8.062258,5.09902,2.236068,2.236068,5.385165,8.944272,13.892444,17.492856,20.0,22.022716,23.345235,21.931712,19.849433,16.05212775,16.15299775,15.588699,14.565954,14.39064,14.0141005,12.9576245,12.02109875,12.176853,11.45437025,11.16841725,11.01587725,11.66804875,12.33449925,13.16151675,13.15683275,14.3116925,14.27600875,14.0373735,13.7988015,14.1622585,14.532471,15.66568175,16.42332125,16.2412255,15.794996,9.94534225,10.022892,11.590987,12.22541325,12.83423775,12.202240499999998,11.05370525,9.41054725,7.311757500000001,8.0923225,8.95906675,9.972942499999998,9.82251025,9.8099,8.91891825,9.0302065,9.14058625,10.11997075,11.17958675,12.3574705,12.67116525,13.08957225,13.0406435,13.60782725,14.09334,14.900326499999998,16.401219,15.0,13.601471,10.816654,9.848858,10.198039,10.0,12.041595,13.038405,14.035669,16.0,17.029386,18.248288,19.646883,20.248457,20.124612,19.723083,18.027756,15.0,12.206556,8.944272,7.0,7.211103,10.0,13.038405,15.652476,9.848858,8.246211,8.0,7.615773,10.0,12.041595,14.21267,16.401219,17.804494,19.104973,18.384776,17.691806,17.029386,15.620499,13.601471,12.206556,12.206556,10.630146,11.313708,11.401754,13.038405,13.892444,14.764823,17.492856,18.027756,18.027756
hoyeon_stand_normal_01,3213,1071,107.1058524590164,29.998360745314464,10,0.5406168103218079,0.685030460357666,-0.2142713218927383,0.999990701675415,0.5361208319664001,0.6944809556007385,-0.2022235095500946,0.9999695420265198,0.5335257649421692,0.693635106086731,-0.202230155467987,0.9999722838401794,0.5313281416893005,0.6927725672721863,-0.202243760228157,0.9999741315841676,0.5436288714408875,0.6953514218330383,-0.2020502090454101,0.9999577403068542,0.546096682548523,0.6954051852226257,-0.2020575106143951,0.9999555349349976,0.5483201742172241,0.6955299973487854,-0.2020474821329116,0.9999538660049438,0.5271010398864746,0.6840410232543945,-0.1199503168463707,0.9999602437019348,0.5521157383918762,0.6877707242965698,-0.1192922368645668,0.9998987317085266,0.5354391932487488,0.67159503698349,-0.1827940344810485,0.9999889731407166,0.5459041595458984,0.673295795917511,-0.1828396171331405,0.9999815225601196,0.5057388544082642,0.6070582866668701,-0.0623115077614784,0.999987244606018,0.5720378160476685,0.6061276793479919,-0.0513422600924968,0.999937891960144,0.4975012242794037,0.5061051845550537,-0.0184414908289909,0.9884750247001648,0.5775864124298096,0.5100669264793396,-0.007957823574543,0.956462025642395,0.4925688505172729,0.4225721657276153,-0.0856693685054779,0.9810277819633484,0.5841750502586365,0.4272903800010681,-0.0715729221701622,0.9421910047531128,0.4882884621620178,0.3950148522853851,-0.1071778461337089,0.960859715938568,0.5876315236091614,0.399881511926651,-0.0926181450486183,0.9017989039421082,0.4926276803016662,0.3947327435016632,-0.1342331022024154,0.9639777541160583,0.5845625400543213,0.3993090093135834,-0.1218728274106979,0.9092872142791748,0.4958570599555969,0.4032137095928192,-0.0977813974022865,0.9551162123680116,0.582362174987793,0.407535582780838,-0.0848903208971023,0.9003598093986511,0.5200340151786804,0.4308186173439026,-0.0059731556102633,0.9997501969337464,0.5613774061203003,0.4295397996902466,0.0059312595985829,0.9996327757835388,0.5199775695800781,0.2742975354194641,-0.0281493328511714,0.9734334349632264,0.5622580647468567,0.2736828923225403,-0.0131251420825719,0.9535137414932252,0.5246914625167847,0.1281683593988418,0.0628477856516838,0.9760401844978333,0.554997444152832,0.1291492134332656,0.0819827169179916,0.949130117893219,0.5271244049072266,0.110450156033039,0.0652793422341346,0.6287493705749512,0.5516299605369568,0.1118862330913543,0.0850841924548149,0.6287248134613037,0.5273485779762268,0.077865794301033,-0.0454774647951126,0.9627385139465332,0.55555659532547,0.0794196426868438,-0.0178805515170097,0.9435508847236632,hoyeon_stand_normal_01,20.615528,21.470911,21.095023,19.416488,16.401219,14.21267,10.630146,7.211103,5.09902,4.123106,5.0,5.385165,8.246211,10.049876,12.0,14.0,16.0,17.0,18.0,18.0,17.0,15.0,12.165525,9.486833,8.485281,9.486833,15.652476,15.264338,15.0,14.142136,12.041595,9.219544,5.656854,3.162278,3.605551,5.0,7.615773,9.848858,11.18034,12.529964,13.038405,14.422205,14.21267,13.453624,12.727922,10.630146,7.81025,5.656854,2.236068,5.385165,10.198039,14.56022,16.2928675,17.0416575,16.412575,16.131908,16.132169,15.658884,14.869888,15.0421975,15.298321,15.6286305,15.6286305,15.6286305,16.1249945,16.1249945,16.1249945,15.1333255,14.587716,12.5207975,11.045361,9.486833,9.219544,10.816654,13.8671145,16.3542195,18.88098,20.819662,17.0622575,18.63157,19.181974,18.1262715,16.2344945,13.090773,9.3011625,4.9286505,1.2071070000000002,3.535534,6.5163795,9.747846,11.5827625,13.537037,14.6755585,15.824345,16.0451045,15.9973005,15.2881055,14.815446,13.3007355,12.0370085,10.524938,10.2450915,11.216117,12.83009,14.610985,13.7649295,14.018897,12.382782,11.734197,11.0879965,10.7939375,11.181782,11.543478,11.1041655,11.1900395,11.0679715,10.993223,11.574855,12.36798,13.34265,14.436073,15.916971,15.1685925,15.6384895,14.4406795,14.1476185,13.481688,14.263592,14.670732,14.866069,11.000165,10.942834,10.6944445,11.2885845,12.038509,13.26725,12.940434,12.661238,12.7491825,12.008496,11.806161,11.107256,10.986271,10.586277,10.296111,10.7926745,10.615108,10.5073465,10.59017,10.905243,11.357731,11.993294,12.696504999999998,13.33293,13.6394105,14.568044
hoyeon_stand_normal_01,3219,1073,107.30586338797814,29.998360745314464,10,0.5406125783920288,0.6850457787513733,-0.2133519202470779,0.9999908208847046,0.5361067056655884,0.6944729089736938,-0.2014787346124649,0.999970018863678,0.5335096120834351,0.6936283707618713,-0.2014850229024887,0.9999728202819824,0.5313116312026978,0.692766547203064,-0.2014992833137512,0.9999746084213256,0.5436168909072876,0.6953364014625549,-0.2012279480695724,0.9999583959579468,0.5460836291313171,0.6953831911087036,-0.2012336701154709,0.99995619058609,0.5483059287071228,0.6955106854438782,-0.2012237459421157,0.9999544620513916,0.5270829796791077,0.6840428113937378,-0.1199612691998481,0.9999611377716064,0.5520697832107544,0.6877527832984924,-0.1187287867069244,0.9998999834060668,0.5354303121566772,0.6716403961181641,-0.1821090281009674,0.9999892115592957,0.5458956360816956,0.6733596920967102,-0.1819299757480621,0.9999818801879884,0.505736768245697,0.6069470643997192,-0.0621716864407062,0.9999873638153076,0.5720115900039673,0.6061109304428101,-0.0514682382345199,0.9999377131462096,0.4974747002124786,0.505924642086029,-0.0181927178055048,0.9887061715126038,0.5775798559188843,0.5099765062332153,-0.008520814590156,0.9563856720924376,0.4925476908683777,0.4224531948566437,-0.0842574089765548,0.9812919497489928,0.5842276215553284,0.427160769701004,-0.0718237981200218,0.9420406222343444,0.4882656037807464,0.3949237763881683,-0.1054749265313148,0.9612902402877808,0.5876701474189758,0.3997022807598114,-0.0928685814142227,0.9015716314315796,0.492623895406723,0.3946529030799866,-0.1323830485343933,0.964365303516388,0.5846229791641235,0.3991318941116333,-0.1221812218427658,0.909065008163452,0.495858758687973,0.4031311571598053,-0.0962884277105331,0.9555724263191224,0.5824251174926758,0.4074086546897888,-0.0851804763078689,0.9001516103744507,0.5201647281646729,0.4307848513126373,-0.0060290242545306,0.9997517466545104,0.5614462494850159,0.4294323325157165,0.0059865764342248,0.9996336102485656,0.5199770927429199,0.2740710973739624,-0.0281164590269327,0.9737791419029236,0.5623647570610046,0.2733455896377563,-0.0127716464921832,0.9539878368377686,0.5246102809906006,0.1279335916042328,0.062095783650875,0.9762875437736512,0.5549512505531311,0.1290685385465622,0.0812598317861557,0.9494555592536926,0.5270284414291382,0.1101658418774604,0.0643350705504417,0.6284738183021545,0.5515663027763367,0.1118991672992706,0.0842954739928245,0.6297951936721802,0.5273192524909973,0.0777445286512374,-0.0463853999972343,0.96295565366745,0.5555795431137085,0.0792665034532547,-0.0188464410603046,0.9438788890838624,hoyeon_stand_normal_01,12.624110666666668,10.831288333333331,9.360475666666666,9.956071333333332,10.605142333333331,10.934884666666669,10.983556666666669,10.715101333333331,9.727355333333334,9.243397333333332,9.415915666666663,9.436154666666669,9.679224333333332,9.578239333333334,9.543672666666668,9.895514666666664,9.599608,10.174362,11.664159333333332,13.422812666666664,14.995590333333334,16.649187,17.315273,17.576110333333332,17.792548333333333,17.77071766666667,7.428930999999999,8.978795,9.863553333333334,11.433316,12.092086333333333,12.469134000000002,12.113032,11.421446,11.009251999999998,11.068044666666667,10.877939,10.847974666666666,9.465283,8.626875,7.618970999999999,6.3157803333333336,5.979463,7.704093666666666,9.556333,10.907130666666664,11.543929333333333,11.76151,11.939466333333334,13.039081,14.701344333333331,15.198039333333334,18.686922000000003,18.5586215,18.027842,17.624144,16.2618215,14.9994075,14.4702915,13.736646,13.39282,12.8862445,12.972136,12.6231055,12.531129,13.7201535,14.764982,15.6944265,16.646047,17.21967,17.1026315,17.2065555,17.362846,17.849089,19.252297,18.8934255,19.2175885,17.7577105,10.5125405,9.8600225,11.7479675,13.513878,14.222173000000002,14.405694,13.6612625,12.349457,10.7227205,10.345903,11.868795,12.0560825,11.401754,11.0093665,9.9873375,9.486833,9.176301,10.341112,11.6894785,13.255726500000002,14.2250025,14.9204215,15.455579,15.869912500000002,17.2327065,17.6050695,13.0192025,14.0192025,14.571068,15.016648,14.5178345,14.516648,13.5902705,11.605443,10.7998965,8.866522,7.6586395,5.5413815,4.561553,4.3573885,5.5210095,7.671184,10.4841845,13.076473,15.7551835,18.4119325,20.37007,20.7359365,20.67174,19.7808325,17.334449999999997,15.115773,13.152946,14.80744,16.492423,16.978336,16.763055,16.2872215,14.562823,12.8554905,10.198039,9.0,7.671184,6.708204,6.403124,7.440659,8.2062875,9.018153,9.7169905,10.816654,11.511605,11.511605,11.511605,11.109204,10.556142,10.975335,10.6053185,11.18034
hoyeon_stand_normal_01,3222,1074,107.405868852459,29.998360745314464,10,0.5406103134155273,0.6850927472114563,-0.2083169817924499,0.9999908804893494,0.5361037850379944,0.6944802403450012,-0.19643235206604,0.9999701976776124,0.5335054397583008,0.6936404705047607,-0.1964398026466369,0.9999729990959167,0.5313084125518799,0.6927815675735474,-0.1964546293020248,0.99997478723526,0.5436127781867981,0.6953340768814087,-0.1960961818695068,0.999958634376526,0.5460774302482605,0.6953769326210022,-0.1961004734039306,0.9999563694000244,0.5482962727546692,0.6955060362815857,-0.1960902959108352,0.9999547004699708,0.5270776748657227,0.6840690970420837,-0.1152448281645774,0.9999614357948304,0.5520417094230652,0.687747061252594,-0.113574780523777,0.9999003410339355,0.5354259610176086,0.6717350482940674,-0.1772615760564804,0.9999893307685852,0.5458850860595703,0.6734576225280762,-0.1768771708011627,0.9999819993972778,0.5057529807090759,0.6069384813308716,-0.0585552006959915,0.9999874234199524,0.5720065236091614,0.6061094999313354,-0.0484716296195983,0.9999377727508544,0.4974712133407593,0.5058843493461609,-0.0168897286057472,0.9887869358062744,0.5775784850120544,0.5099731087684631,-0.0074463770724833,0.9563058614730836,0.4925458133220672,0.4224051237106323,-0.0837263613939285,0.9813990592956544,0.5842292308807373,0.4271535873413086,-0.0709318295121193,0.9418380260467528,0.4882617890834808,0.3948861360549927,-0.105164811015129,0.9614664316177368,0.5876704454421997,0.3996248543262481,-0.0922319144010543,0.9012314677238464,0.4926279187202453,0.3946167230606079,-0.1319556385278701,0.9645271301269532,0.5846230387687683,0.399073839187622,-0.1214684918522834,0.9087434411048888,0.4958643019199371,0.4030955135822296,-0.0957637503743171,0.9557490348815918,0.5824251174926758,0.4073849022388458,-0.0843039527535438,0.8998274207115173,0.520277202129364,0.4306873083114624,-0.0060265767388045,0.9997543096542358,0.5614884495735168,0.4293241202831268,0.0059843179769814,0.9996375441551208,0.519977867603302,0.2738495767116546,-0.0279581677168607,0.974131405353546,0.5623759031295776,0.2730485796928406,-0.0127676529809832,0.9545970559120178,0.524596631526947,0.1279824078083038,0.061890609562397,0.9766494631767272,0.5549449920654297,0.1288352608680725,0.0807970985770225,0.9502360820770264,0.5270302295684814,0.1102242097258567,0.0640478879213333,0.6311027407646179,0.5515644550323486,0.1115870401263237,0.0837383046746254,0.6324036717414856,0.5273071527481079,0.0776067525148391,-0.0465917512774467,0.9634839296340942,0.5556022524833679,0.0791182368993759,-0.0191810298711061,0.9446620345115662,hoyeon_stand_normal_01,17.088007,10.440307,5.09902,6.082763,10.440307,13.928388,16.552945,18.788294,18.788294,19.235384,18.35756,16.643317,15.811388,14.21267,12.041595,10.29563,8.062258,8.944272,12.806248,17.464249,23.086793,28.861739,34.205263,37.64306,37.947332,36.400549,4.123106,7.81025,11.661904,16.124515,20.248457,23.600847,25.612497,25.495098,25.455844,23.345235,22.022716,18.439089,14.21267,11.401754,7.071068,3.162278,3.605551,8.0,13.0,18.0,23.021729,27.073973,30.413813,31.780497,31.048349,27.513633,14.56022,14.56022,15.297059,14.142136,14.035669,14.0,14.142136,13.341664,13.601471,13.928388,13.928388,14.866069,14.866069,14.866069,14.866069,13.928388,13.0,10.77033,9.433981,8.485281,8.544004,11.18034,13.0,16.03122,18.027756,20.0,16.124515,17.088007,18.439089,17.029386,16.124515,13.341664,9.848858,6.403124,2.236068,2.0,5.0,7.81025,10.0,11.18034,12.649111,13.601471,14.317821,14.035669,14.035669,14.0,12.041595,11.18034,9.486833,8.602325,10.0,11.18034,15.811388,14.56022,13.601471,11.18034,9.433981,9.219544,10.0,10.816654,12.529964,13.892444,15.264338,16.401219,17.691806,18.439089,19.416488,18.867962,18.788294,17.464249,14.866069,11.7047,8.944272,5.656854,6.0,9.848858,12.529964,15.264338,10.29563,9.219544,7.81025,8.246211,9.055385,12.369317,14.56022,15.811388,17.720045,18.439089,18.248288,17.117243,16.03122,15.0,14.0,13.0,11.0,11.045361,11.18034,11.401754,12.649111,13.928388,15.231546,16.552945,17.464249,18.384776
hoyeon_stand_normal_01,3225,1075,107.5058743169399,29.998360745314464,10,0.5406082272529602,0.6851056218147278,-0.2105647176504135,0.9999909996986388,0.5361005663871765,0.6944857239723206,-0.1987580806016922,0.9999706149101256,0.5335027575492859,0.6936544179916382,-0.1987643986940384,0.9999734163284302,0.531304121017456,0.6928015947341919,-0.1987783312797546,0.9999751448631288,0.5436092615127563,0.6953305006027222,-0.1983538269996643,0.9999591708183287,0.5460712909698486,0.6953726410865784,-0.1983595937490463,0.9999569058418274,0.5482874512672424,0.6954971551895142,-0.1983498781919479,0.9999552369117736,0.5270732641220093,0.6841087341308594,-0.1174420565366745,0.999962031841278,0.5520138144493103,0.6877427697181702,-0.1155282706022262,0.999901294708252,0.5354225039482117,0.6717720031738281,-0.1794662922620773,0.9999895095825196,0.5458716750144958,0.6734857559204102,-0.1789961010217666,0.9999822378158568,0.5057556629180908,0.6069262027740479,-0.0605218932032585,0.999987542629242,0.571995198726654,0.6061139106750488,-0.0500664934515953,0.9999378323554992,0.4974674582481384,0.5058271288871765,-0.0193112008273601,0.9889034032821656,0.5775772333145142,0.509971559047699,-0.0093688843771815,0.9564532041549684,0.4925442337989807,0.4223994314670563,-0.0869884118437767,0.981569230556488,0.5842305421829224,0.4271518588066101,-0.0725518316030502,0.9418205618858336,0.4882604479789734,0.3948729336261749,-0.1085960194468498,0.9617289900779724,0.5876704454421997,0.3995908796787262,-0.0938990116119384,0.9010568857192992,0.4926306903362274,0.394604742527008,-0.1354968100786209,0.964774489402771,0.5846229791641235,0.3990379273891449,-0.122990109026432,0.9085842370986938,0.4958666265010834,0.4030874967575073,-0.0990997329354286,0.9560439586639404,0.5824251770973206,0.4073700308799743,-0.0858592018485069,0.899668276309967,0.5203630924224854,0.4307407438755035,-0.0060270493850111,0.9997560977935792,0.5614907741546631,0.4293653666973114,0.0059846923686563,0.999639928340912,0.5199796557426453,0.2739536464214325,-0.0277343057096004,0.9741761088371276,0.562363862991333,0.2731906771659851,-0.0126761402934789,0.9548048377037048,0.5245935916900635,0.1285304278135299,0.0620453506708145,0.9768120050430298,0.5548815131187439,0.128886267542839,0.08058912307024,0.9506235718727112,0.5270451903343201,0.1106030866503715,0.0641821324825286,0.632784366607666,0.5515303015708923,0.1116962954401969,0.0834915414452552,0.633636474609375,0.5272952914237976,0.0777003914117813,-0.0464361421763896,0.9637956023216248,0.5555000305175781,0.0791148468852043,-0.0192417576909065,0.9451106190681458,hoyeon_stand_normal_01,12.529964,7.81025,4.123106,5.0,8.944272,10.77033,13.0,13.928388,14.866069,14.56022,14.56022,13.341664,12.165525,11.045361,9.055385,7.615773,7.071068,8.544004,11.0,14.317821,18.973666,23.4094,26.570661,29.410882,30.083218,28.861739,4.0,6.324555,9.433981,13.892444,16.124515,18.788294,20.615528,20.248457,19.924859,18.439089,17.262677,14.142136,11.18034,9.219544,5.385165,2.828427,3.162278,5.656854,10.0,14.21267,17.691806,21.213203,23.345235,24.207437,23.600847,21.095023,15.247942,14.7064295,14.8714415,14.160208,13.7781745,12.524938,12.241941,11.6544135,11.2213245,10.6345965,11.107256,10.924365,11.2976215,12.28978,12.861107,13.6046655,14.1038665,14.626766,14.486833,14.085535,14.263592,14.8234415,15.7195445,16.537032500000002,16.758761,16.3285615,10.1251425,9.67878,11.1046865,12.3546655,12.903488,12.023277,11.9469655,9.7111025,7.653328999999999,8.081139,9.8600895,9.747846,10.712351,10.499728,9.887791,9.1802915,8.8216585,9.614823,11.430169,11.8413785,12.25415,11.93423,12.331387,12.657107,13.652427499999998,14.1507935,12.529964,13.416408,14.764823,14.764823,14.764823,14.422205,13.601471,11.401754,10.630146,8.485281,7.211103,5.830952,4.123106,5.09902,5.830952,9.219544,10.630146,14.142136,16.970563,19.104973,20.615528,22.203603,21.633308,20.248457,18.35756,16.124515,12.806248,13.601471,14.422205,15.264338,15.264338,15.264338,13.038405,11.661904,10.0,7.071068,5.830952,6.082763,5.09902,6.324555,7.615773,8.062258,8.944272,10.29563,10.77033,10.77033,10.77033,10.77033,11.18034,10.816654,10.630146,10.630146
hoyeon_stand_normal_01,3228,1076,107.60587978142075,29.998360745314464,10,0.5406063199043274,0.6851089596748352,-0.2151595652103424,0.9999911189079284,0.5360965132713318,0.6944931745529175,-0.2034530341625213,0.9999710321426392,0.5334991812705994,0.6936695575714111,-0.2034586369991302,0.9999738335609436,0.5312970876693726,0.6928202509880066,-0.2034735083580017,0.999975562095642,0.5436064600944519,0.6953271627426147,-0.2031245231628418,0.9999596476554872,0.546066164970398,0.695368230342865,-0.2031304687261581,0.9999573826789856,0.5482808351516724,0.695490837097168,-0.2031224071979522,0.9999556541442872,0.5270689725875854,0.684131383895874,-0.1216697394847869,0.9999627470970154,0.5519909262657166,0.6877380609512329,-0.120100624859333,0.9999023079872132,0.5354203581809998,0.6717846989631653,-0.1837682276964187,0.999989688396454,0.54585862159729,0.6734951734542847,-0.1833932101726532,0.999982476234436,0.5057547092437744,0.6069170832633972,-0.0630391463637352,0.9999877214431764,0.5719853043556213,0.6061112284660339,-0.0525725036859512,0.9999375939369202,0.4974647462368011,0.5057847499847412,-0.01962904445827,0.98902028799057,0.5775644779205322,0.5099648833274841,-0.0103453686460852,0.9563958644866944,0.4925441145896911,0.4223853647708893,-0.0867644622921943,0.9817355275154114,0.5842317342758179,0.4271401166915893,-0.073302999138832,0.9416900873184204,0.488260954618454,0.394859254360199,-0.1082801446318626,0.9620066285133362,0.5876729488372803,0.3995474278926849,-0.0945169553160667,0.900817334651947,0.4926433563232422,0.3945863544940948,-0.135232999920845,0.965036392211914,0.5846222043037415,0.3989851176738739,-0.1237845867872238,0.9083609580993652,0.4958813488483429,0.4030724167823791,-0.0988808870315551,0.9563457369804382,0.5824222564697266,0.4073478281497955,-0.086646556854248,0.8994145393371582,0.5203849673271179,0.430878072977066,-0.0060450858436524,0.999757707118988,0.5614944100379944,0.4294542074203491,0.0060023381374776,0.999640703201294,0.5199778079986572,0.2742932736873626,-0.0277848150581121,0.9743384718894958,0.5623689293861389,0.2733550667762756,-0.0126200513914227,0.9551013112068176,0.52451092004776,0.1286331713199615,0.0619933269917964,0.9770655035972596,0.5548587441444397,0.1288861036300659,0.0803929343819618,0.9510563611984252,0.5269901156425476,0.1107019558548927,0.064122699201107,0.6342200040817261,0.5514927506446838,0.111712209880352,0.0832643285393714,0.6352241039276123,0.5272814631462097,0.0773926526308059,-0.0468194000422954,0.9641461372375488,0.5553799867630005,0.0790332034230232,-0.0193741619586944,0.9455760717391968,hoyeon_stand_normal_01,10.29563,6.403124,3.162278,3.605551,7.28011,9.486833,11.401754,11.401754,12.165525,12.165525,11.18034,11.045361,10.0,9.055385,8.246211,6.708204,5.830952,7.071068,9.219544,12.083046,16.124515,19.416488,22.472205,24.698178,25.059928,23.706539,3.0,5.385165,8.544004,12.083046,13.928388,15.811388,17.720045,17.464249,17.262677,16.124515,14.035669,12.041595,10.049876,8.0,5.09902,2.236068,2.236068,4.242641,7.81025,12.041595,14.866069,17.691806,19.849433,20.0,19.416488,17.492856,15.0,14.142136,13.453624,12.206556,11.18034,10.77033,9.219544,8.062258,7.071068,6.324555,6.403124,6.403124,7.615773,8.246211,10.049876,12.0,15.0,17.0,19.0,20.024984,20.024984,20.099751,19.104973,17.117243,15.132746,12.165525,3.605551,1.414214,2.828427,6.403124,8.944272,12.649111,14.142136,15.033296,15.033296,14.142136,13.341664,11.401754,9.486833,7.615773,5.385165,3.162278,1.414214,2.236068,5.0,8.062258,10.816654,13.038405,15.264338,16.124515,16.643317,16.643317,13.341664,13.152946,14.142136,15.132746,14.317821,13.341664,12.369317,11.7047,10.77033,8.944272,6.708204,5.385165,4.0,3.605551,5.0,7.615773,9.848858,13.0,16.552945,18.788294,20.59126,20.248457,20.808652,19.209373,17.804494,14.21267,14.317821,15.652476,17.0,17.492856,17.492856,16.643317,15.264338,13.416408,11.18034,8.544004,7.071068,6.082763,6.324555,7.211103,7.81025,8.485281,9.899495,10.630146,10.630146,11.313708,10.630146,10.630146,11.313708,10.630146,10.29563,11.7047
hoyeon_stand_normal_01,3231,1077,107.70588524590164,29.998360745314464,10,0.540605366230011,0.6851112842559814,-0.2169732004404068,0.999991238117218,0.5360930562019348,0.6945012807846069,-0.2053334861993789,0.9999714493751526,0.5334959030151367,0.6936887502670288,-0.2053388208150863,0.999974250793457,0.531293511390686,0.6928446292877197,-0.2053532898426056,0.9999759793281556,0.5436028242111206,0.6953247785568237,-0.2048959136009216,0.9999601244926452,0.5460622310638428,0.6953606605529785,-0.2049016803503036,0.9999578595161438,0.5482766032218933,0.6954759955406189,-0.204894334077835,0.9999561309814452,0.5270656943321228,0.6841621398925781,-0.1237177774310112,0.9999634623527528,0.5519702434539795,0.6877325773239136,-0.1216786354780197,0.9999033808708192,0.5354171991348267,0.6718031167984009,-0.1856385916471481,0.9999898672103882,0.5458537340164185,0.6735092401504517,-0.1851226240396499,0.9999827146530152,0.5057507157325745,0.606905996799469,-0.0654555857181549,0.9999879002571106,0.5719671249389648,0.606110155582428,-0.0535702146589756,0.9999377131462096,0.4974616765975952,0.5057564377784729,-0.0220222305506467,0.9891232252120972,0.5775611400604248,0.5099610090255737,-0.0108463065698742,0.9564768075942992,0.4925435185432434,0.4223511219024658,-0.0894278734922409,0.9818764328956604,0.5842314958572388,0.42708221077919,-0.0737525075674057,0.9417747259140016,0.4882591366767883,0.3948487043380737,-0.1109472513198852,0.9622571468353271,0.587672770023346,0.3994699418544769,-0.094904713332653,0.9008651971817015,0.4926601648330688,0.3945765495300293,-0.1380791515111923,0.9652729630470276,0.5846039652824402,0.3988586068153381,-0.1242190822958946,0.9084131121635436,0.495900809764862,0.4030671715736389,-0.1015722602605819,0.9566296935081482,0.5824023485183716,0.4072464406490326,-0.0870981141924858,0.8994913101196289,0.5203893184661865,0.4309537410736084,-0.0062625803984701,0.999759078025818,0.5614900588989258,0.4294686913490295,0.0062188222073018,0.9996412992477416,0.5199812650680542,0.2745897173881531,-0.0279675628989934,0.974209487438202,0.5623449087142944,0.2735742628574371,-0.0122051779180765,0.9548498392105104,0.524509847164154,0.1287306696176529,0.061868242919445,0.9770494699478148,0.5547789335250854,0.1292266845703125,0.0809023231267929,0.9508682489395142,0.5269919037818909,0.1108644306659698,0.0639665648341178,0.6335437893867493,0.5513790249824524,0.1123178377747535,0.083822414278984,0.635141134262085,0.5273494720458984,0.0773904621601104,-0.0468650683760643,0.9641322493553162,0.5552148222923279,0.0790572091937065,-0.0188000928610563,0.94545578956604,hoyeon_stand_normal_01,9.486833,5.09902,2.236068,4.0,6.324555,8.062258,10.29563,10.29563,11.661904,10.816654,10.816654,10.0,9.219544,8.485281,7.211103,6.708204,6.0,6.708204,8.485281,11.661904,14.317821,17.464249,20.615528,22.36068,22.825424,21.954498,3.605551,5.0,7.615773,9.848858,12.083046,14.317821,15.652476,15.264338,15.264338,15.0,13.453624,11.313708,9.899495,7.071068,5.0,3.162278,1.414214,4.0,6.0,10.049876,13.038405,15.0,16.03122,17.117243,17.262677,15.524175,15.620499,16.970563,17.029386,17.804494,17.204651,16.124515,16.552945,16.155494,16.492423,16.492423,17.464249,17.262677,16.278821,16.124515,16.124515,15.132746,15.033296,13.0,11.045361,9.848858,9.219544,11.18034,14.56022,16.492423,19.416488,20.615528,17.888544,18.601075,19.79899,18.601075,17.464249,13.341664,10.049876,6.324555,3.162278,4.242641,7.28011,10.0,12.165525,13.601471,15.231546,17.0,16.643317,17.204651,16.401219,15.620499,14.422205,13.038405,10.77033,10.049876,11.401754,12.529964,15.811388,15.811388,13.038405,11.18034,10.440307,9.055385,10.049876,11.18034,12.165525,14.142136,15.132746,17.0,18.027756,19.235384,19.646883,19.313208,19.697716,17.888544,15.264338,12.529964,9.486833,6.082763,6.403124,10.29563,13.0,16.155494,9.848858,8.544004,7.0,7.615773,9.219544,11.401754,15.0,16.401219,17.804494,19.104973,18.384776,17.691806,17.029386,16.401219,13.601471,12.806248,11.401754,11.313708,11.401754,11.401754,13.038405,14.317821,15.652476,17.0,18.35756,18.027756
hoyeon_stand_normal_01,3234,1078,107.80589071038251,29.998360745314464,10,0.5406039953231812,0.6851310133934021,-0.2175618857145309,0.999991238117218,0.5360898971557617,0.69452965259552,-0.2060784250497818,0.9999715089797974,0.5334926247596741,0.6937317252159119,-0.2060823887586593,0.9999743700027466,0.5312907695770264,0.6928914785385132,-0.2060972899198532,0.9999760389328004,0.5436003804206848,0.6953256726264954,-0.2055915296077728,0.9999600648880004,0.546058714389801,0.6953555941581726,-0.2055952847003936,0.999957799911499,0.548269510269165,0.6954715251922607,-0.2055882513523101,0.9999560117721558,0.5270623564720154,0.6842024922370911,-0.1249924600124359,0.9999638199806212,0.5519445538520813,0.6877291798591614,-0.1226826012134552,0.9999032616615297,0.5354117155075073,0.6718534827232361,-0.186353787779808,0.999989926815033,0.5458353757858276,0.673554003238678,-0.1857678145170211,0.9999827146530152,0.5057424902915955,0.6069011092185974,-0.0665715560317039,0.9999880194664,0.5719404816627502,0.6061142086982727,-0.0543563030660152,0.9999374747276306,0.4974587261676788,0.5057477355003357,-0.0224117431789636,0.9891732931137084,0.5775320529937744,0.5099198818206787,-0.0112734576687216,0.9562270641326904,0.4925439059734344,0.4223136305809021,-0.0889709368348121,0.9819512963294984,0.5842120051383972,0.4269668459892273,-0.0737099945545196,0.9416049718856812,0.4882577359676361,0.3948285579681396,-0.1103990823030471,0.9624282121658324,0.5876675248146057,0.3993890285491943,-0.0948636382818222,0.9006034135818481,0.4926638305187225,0.3945698142051697,-0.1375039219856262,0.9654316902160645,0.5845663547515869,0.3987237215042114,-0.1241696923971176,0.9081480503082277,0.4959077537059784,0.4030456244945526,-0.1010985523462295,0.956834614276886,0.5823469161987305,0.4071105718612671,-0.0870497748255729,0.8992286920547485,0.5204036235809326,0.4312670528888702,-0.0064191850833594,0.9997603893280028,0.5614887475967407,0.4297799468040466,0.0063761039637029,0.9996412992477416,0.5199584364891052,0.2750429213047027,-0.0293033048510551,0.9741359353065492,0.5623267292976379,0.2738300561904907,-0.0122144967317581,0.9546408653259276,0.52452152967453,0.1287456303834915,0.0599592328071594,0.9769859910011292,0.5547731518745422,0.1293254196643829,0.0805267989635467,0.9506452083587646,0.527035653591156,0.1109164133667945,0.0619314387440681,0.6313925981521606,0.5513784885406494,0.1125952675938606,0.0834396928548812,0.6348550915718079,0.5274354219436646,0.0773551762104034,-0.0494230650365352,0.963908076286316,0.5552025437355042,0.079052947461605,-0.0190078783780336,0.9452195763587952,hoyeon_stand_normal_01,10.198039,6.324555,3.605551,5.09902,7.211103,9.219544,10.630146,11.313708,11.313708,11.313708,10.630146,9.899495,9.219544,8.062258,7.615773,6.082763,5.09902,5.656854,7.615773,10.198039,14.035669,17.029386,20.024984,21.095023,22.203603,20.223748,1.414214,4.0,6.082763,9.219544,11.18034,13.038405,14.0,15.033296,14.035669,14.142136,12.369317,10.440307,8.246211,6.324555,3.162278,2.236068,2.236068,5.830952,8.062258,10.816654,13.892444,16.552945,18.384776,18.973666,18.681542,16.278821,15.811388,15.231546,13.892444,12.806248,11.313708,10.630146,9.433981,7.615773,7.28011,6.0,6.082763,5.830952,6.403124,8.062258,9.486833,11.401754,14.317821,16.278821,17.262677,18.439089,19.416488,19.646883,17.720045,15.811388,13.601471,10.77033,4.123106,3.162278,4.242641,7.615773,10.198039,12.0,14.142136,14.56022,14.866069,14.317821,13.038405,10.816654,9.219544,7.81025,5.0,2.0,1.414214,4.123106,6.082763,9.219544,11.401754,14.317821,16.278821,17.464249,18.439089,17.464249,12.529964,13.601471,13.601471,14.422205,14.422205,13.892444,12.083046,11.7047,9.486833,8.246211,7.28011,5.385165,4.242641,4.472136,5.0,8.062258,10.198039,13.341664,15.297059,18.248288,19.104973,20.099751,20.0,19.0,17.029386,14.035669,12.083046,14.317821,16.155494,17.088007,16.763055,15.811388,14.56022,12.649111,10.77033,8.944272,7.211103,6.403124,6.324555,6.324555,7.071068,8.0,9.0,10.0,10.0,11.0,11.045361,11.0,11.0,11.045361,10.198039,10.77033
hoyeon_stand_normal_01,3237,1079,107.9058961748634,29.998360745314464,10,0.5406023859977722,0.6851520538330078,-0.2172053307294845,0.999991238117218,0.5360877513885498,0.6945585608482361,-0.2056968957185745,0.9999715089797974,0.5334901809692383,0.693769633769989,-0.2057013660669326,0.9999744296073914,0.5312853455543518,0.692929208278656,-0.2057160586118698,0.9999760389328004,0.5435968041419983,0.6953330636024475,-0.2052501589059829,0.9999599456787108,0.546052873134613,0.6953544020652771,-0.2052542716264724,0.9999577403068542,0.5482594966888428,0.6954676508903503,-0.2052472382783889,0.9999558329582214,0.527056872844696,0.6842288970947266,-0.1246509924530983,0.9999639987945556,0.5519269108772278,0.6877244710922241,-0.1225429400801658,0.9999030232429504,0.535408079624176,0.6719046235084534,-0.1860292255878448,0.9999899864196776,0.545823872089386,0.673611044883728,-0.1854911595582962,0.9999827146530152,0.5057309865951538,0.6068938374519348,-0.0664513781666755,0.9999881386756896,0.5719289183616638,0.6061438322067261,-0.0545565523207187,0.9999373555183412,0.4974601566791534,0.5057405233383179,-0.0226931571960449,0.9892466068267822,0.5775184035301208,0.509896457195282,-0.0116048334166407,0.956232488155365,0.4925563037395477,0.4223244190216064,-0.0896856784820556,0.9821171164512634,0.5841827392578125,0.4268260300159454,-0.0738628432154655,0.9418136477470398,0.4882576167583465,0.3948267102241516,-0.1111490800976753,0.9627711176872252,0.5876486897468567,0.3992281854152679,-0.0949687957763671,0.9009210467338562,0.4926779568195343,0.3945805430412292,-0.1382558494806289,0.9657499194145204,0.5845174789428711,0.3985331654548645,-0.1242635175585746,0.9084327816963196,0.4959272444248199,0.4030409455299377,-0.1018262282013893,0.9572328329086304,0.5822901129722595,0.4069519639015198,-0.087183304131031,0.8995363712310791,0.5204059481620789,0.4313231408596039,-0.0064531262032687,0.9997615218162536,0.5614921450614929,0.429836630821228,0.0064103780314326,0.9996411204338074,0.5199646353721619,0.275169163942337,-0.0294844787567853,0.9740159511566162,0.5623107552528381,0.2739969789981842,-0.0122336577624082,0.9543749690055848,0.5245200395584106,0.1288777142763137,0.0599134229123592,0.9768531918525696,0.5547695159912109,0.1295594125986099,0.0804216042160987,0.9503111839294434,0.5270354151725769,0.1113194450736045,0.0618999004364013,0.629601001739502,0.5513725876808167,0.1128855124115943,0.0833102092146873,0.6340636014938354,0.5274724364280701,0.0773390084505081,-0.0494138598442077,0.9636685252189636,0.555191695690155,0.0790503546595573,-0.0191061906516551,0.9449124336242676,hoyeon_stand_normal_01,11.313708,7.071068,4.0,4.472136,7.071068,10.049876,12.0,13.0,14.0,13.0,13.038405,12.041595,11.18034,10.440307,8.544004,7.81025,6.708204,8.062258,10.440307,13.892444,18.027756,22.203603,25.806976,28.017851,28.301943,27.294688,4.0,5.830952,8.485281,12.727922,15.556349,17.691806,19.209373,19.416488,18.867962,17.492856,16.552945,14.317821,12.083046,8.944272,6.708204,2.828427,2.236068,4.472136,8.544004,12.083046,16.552945,19.235384,21.095023,22.203603,22.022716,19.849433,15.033296,14.0,13.152946,12.369317,10.77033,10.29563,9.219544,8.485281,7.211103,7.28011,7.071068,7.071068,7.615773,9.433981,10.630146,12.727922,14.866069,17.029386,18.439089,19.104973,20.518285,19.104973,18.384776,17.029386,14.21267,11.401754,4.472136,2.236068,3.162278,6.082763,8.544004,11.661904,14.21267,14.142136,15.0,13.892444,13.416408,11.7047,9.486833,7.28011,5.09902,3.0,3.0,5.0,8.062258,10.049876,13.152946,15.297059,16.492423,17.464249,16.278821,17.2468175,15.5883255,13.959646,12.200877,10.625306,8.828855,8.432817499999999,9.81601,10.532979999999998,11.9147255,13.0657175,14.97319,15.6394105,16.654103499999998,17.528571,18.5663645,18.1638165,17.7460025,16.6217505,13.959646,11.0725035,7.930992,5.3983455,6.9465065,10.532979999999998,13.319938,16.2872215,9.4921555,7.807536,6.2429435,6.555664,8.3011625,10.6891895,13.8297425,15.925002,16.7462115,17.1313385,17.261121,17.1170185,15.3102495,14.622983,13.2460145,12.4239215,11.543478,10.0,10.172753,10.6891895,11.553227,12.6530855,14.244304,15.521467,16.6217505,16.4496975
hoyeon_stand_normal_01,3240,1080,108.00590163934426,29.998360745314464,10,0.5406010746955872,0.6851618885993958,-0.2130525410175323,0.999991238117218,0.5360847115516663,0.694589376449585,-0.2014408558607101,0.999971568584442,0.5334877371788025,0.6938135623931885,-0.2014479637145996,0.999974489212036,0.5312802195549011,0.6929765939712524,-0.2014618963003158,0.9999760985374452,0.54359370470047,0.6953381299972534,-0.2009273320436477,0.9999598860740662,0.5460489988327026,0.6953532099723816,-0.200931116938591,0.9999576807022096,0.5482550859451294,0.6954641938209534,-0.2009243816137313,0.999955713748932,0.5270532965660095,0.684281587600708,-0.1202864944934845,0.99996417760849,0.5519148707389832,0.6877260208129883,-0.1178710907697677,0.9999027252197266,0.535405158996582,0.6719467043876648,-0.181878849864006,0.9999900460243224,0.5458212494850159,0.673646092414856,-0.1812401562929153,0.99998277425766,0.5057265162467957,0.6068923473358154,-0.0633269250392913,0.999988317489624,0.5719186663627625,0.606219470500946,-0.0505497492849826,0.9999372959136964,0.4974582493305206,0.5057792663574219,-0.0218089576810598,0.9893072843551636,0.5775163769721985,0.5099248290061951,-0.0084013631567358,0.956201672554016,0.4925602376461029,0.4224401712417602,-0.0893618613481521,0.9822944402694702,0.5841707587242126,0.4268439710140228,-0.0719447582960128,0.9421140551567078,0.488256424665451,0.3949117958545685,-0.110955111682415,0.9631397724151612,0.5876481533050537,0.3992246985435486,-0.0933379158377647,0.9014238119125366,0.4926891028881073,0.3947034478187561,-0.1380146294832229,0.9660883545875548,0.5845146179199219,0.3985314071178436,-0.1226684227585792,0.9089084267616272,0.4959449470043182,0.4031331539154053,-0.1015017926692962,0.957617998123169,0.5822824835777283,0.4069530963897705,-0.0853190422058105,0.900036633014679,0.520408570766449,0.4313130378723144,-0.0065112127922475,0.999763250350952,0.5615001320838928,0.4298366010189056,0.0064702942036092,0.9996427297592164,0.519964873790741,0.2752367258071899,-0.0298154782503843,0.974178910255432,0.5623113512992859,0.2741645872592926,-0.0124268699437379,0.9546085596084596,0.5245533585548401,0.1289796829223632,0.0600756891071796,0.9770255088806152,0.5547760725021362,0.1296717971563339,0.0804068595170974,0.9507557153701782,0.5270820260047913,0.1116096600890159,0.0621585100889205,0.6312245726585388,0.5514090061187744,0.1131558790802955,0.0833193734288215,0.6362700462341309,0.52753746509552,0.0773383826017379,-0.0489831194281578,0.963918149471283,0.5551980137825012,0.0789945870637893,-0.0190714169293642,0.9453644156455994,hoyeon_stand_normal_01,19.026298,12.0,6.324555,5.0,10.29563,13.601471,16.401219,18.439089,19.104973,18.384776,18.384776,17.029386,16.401219,15.264338,13.416408,11.401754,9.055385,9.219544,13.0,18.439089,24.083189,31.016125,36.055513,39.115214,40.311289,38.470768,3.162278,6.708204,11.18034,16.124515,20.396078,23.769729,26.248809,26.570661,26.0,25.495098,22.825424,19.723083,16.124515,13.038405,8.062258,5.09902,2.828427,6.082763,12.369317,17.720045,22.803509,27.658633,30.413813,32.249031,32.062439,29.0,16.278821,14.317821,13.601471,12.083046,11.18034,10.0,8.485281,7.211103,6.708204,6.082763,6.0,5.385165,6.403124,7.81025,9.433981,11.18034,13.0,15.231546,17.088007,17.464249,18.384776,17.464249,17.464249,15.652476,13.416408,10.29563,3.605551,3.0,4.472136,7.071068,10.0,12.369317,13.928388,14.764823,14.422205,14.21267,12.727922,10.630146,9.219544,6.403124,4.242641,2.236068,1.414214,4.0,6.0,9.0,12.041595,14.0,16.0,17.0,18.0,17.029386,16.278821,15.620499,13.601471,11.661904,9.848858,10.198039,11.045361,12.041595,13.0,14.0,15.132746,17.262677,17.720045,19.313208,19.235384,18.867962,18.601075,17.029386,14.866069,12.041595,9.433981,7.071068,8.062258,9.899495,12.806248,16.401219,9.848858,8.246211,8.0,7.615773,10.0,12.041595,14.21267,16.401219,17.691806,19.104973,18.384776,18.439089,17.029386,15.811388,14.422205,13.038405,12.206556,11.401754,11.313708,12.041595,12.806248,14.422205,15.811388,17.204651,17.804494,17.804494
hoyeon_stand_normal_01,3243,1081,108.10590710382512,29.998360745314464,10,0.5406002402305603,0.6851898431777954,-0.2149397581815719,0.9999912977218628,0.5360824465751648,0.6946309804916382,-0.2034099400043487,0.9999716281890868,0.5334848761558533,0.6938713192939758,-0.2034160643815994,0.9999745488166808,0.5312753915786743,0.6930367946624756,-0.2034294605255127,0.9999761581420898,0.5435917973518372,0.6953465342521667,-0.202922061085701,0.9999599456787108,0.5460455417633057,0.6953534483909607,-0.2029297649860382,0.9999577403068542,0.548251211643219,0.6954610347747803,-0.2029250115156173,0.9999557733535768,0.5270495414733887,0.6843486428260803,-0.1222421303391456,0.9999642968177797,0.5519112348556519,0.6877237558364868,-0.1199740022420883,0.9999029040336608,0.5354023575782776,0.6720278263092041,-0.1837466061115265,0.9999901056289672,0.5458172559738159,0.6737063527107239,-0.1831450313329696,0.9999828338623048,0.5057224035263062,0.6069015860557556,-0.0647496357560157,0.9999883770942688,0.5718969702720642,0.6062987446784973,-0.052586656063795,0.9999373555183412,0.4974528551101684,0.5057901740074158,-0.0236873794347047,0.9893985390663148,0.5775028467178345,0.5099219083786011,-0.0104433381929993,0.956488072872162,0.492561399936676,0.4224368929862976,-0.0930267572402954,0.9824703931808472,0.5841692090034485,0.4268241226673126,-0.0737748891115188,0.9425906538963318,0.4882504343986511,0.3949217200279236,-0.1149482801556587,0.963459014892578,0.5876476168632507,0.3991804420948028,-0.0951771959662437,0.9020899534225464,0.4927077889442444,0.3947299420833587,-0.1420966237783432,0.9663865566253662,0.584511399269104,0.3984894752502441,-0.1244478672742843,0.9095411896705629,0.4959752261638641,0.4031464457511902,-0.1052310019731521,0.9579861760139464,0.5822765827178955,0.4069292843341827,-0.0870762318372726,0.9006791710853577,0.5203989744186401,0.4313525855541229,-0.0065025049261748,0.9997626543045044,0.5615001320838928,0.4299159646034241,0.0064610857516527,0.9996415376663208,0.5200048685073853,0.2753572165966034,-0.0298441648483276,0.9739795327186584,0.562302827835083,0.2742516994476318,-0.012888953089714,0.9543105363845824,0.5246087908744812,0.1290094554424286,0.0600744225084781,0.9768433570861816,0.5547913312911987,0.1297192722558975,0.0797159820795059,0.9503925442695618,0.5271055698394775,0.1116975247859954,0.0621580332517623,0.6301864981651306,0.5514978170394897,0.1132771670818328,0.0826229304075241,0.6349378228187561,0.5276237726211548,0.0774525627493858,-0.0489831417798996,0.963662564754486,0.5551580190658569,0.0790092796087265,-0.0200240109115839,0.9450077414512634,hoyeon_stand_normal_01,18.986833,19.669096,20.1121815,18.796472,17.053783,13.7993125,10.848692,7.385231,4.5,3.605551,4.123106,5.54951,7.8817945,10.307160499999998,12.501784,14.97319,17.181680999999998,19.2574225,19.741745,20.1693055,19.0022215,16.4921915,13.367318,10.018099,9.675507499999998,11.302916,17.2600895,17.763548,17.468860499999998,16.5769505,14.011838,11.511605,8.602325,5.5210095,3.642692,3.605551,6.3638395,8.424268000000001,10.5073465,12.1860405,13.073956,13.9070705,14.035262,14.591945,13.5089395,12.3501545,9.8648055,6.9596535,2.9142135,3.162278,7.566663,12.6592355,14.866069,14.317821,13.152946,11.0,10.049876,9.219544,8.544004,7.211103,6.403124,5.830952,5.09902,6.0,7.28011,8.062258,10.0,12.041595,14.142136,16.278821,16.970563,17.691806,19.104973,18.439089,17.691806,15.620499,14.21267,10.630146,3.605551,2.236068,4.0,6.708204,10.0,12.041595,14.21267,14.422205,14.764823,14.317821,12.649111,11.401754,9.219544,7.071068,5.09902,3.162278,1.0,2.236068,5.385165,8.544004,10.77033,13.0,15.231546,16.552945,17.888544,16.552945,15.652476,14.317821,13.416408,10.816654,10.0,9.219544,9.433981,11.18034,11.7047,14.317821,14.764823,15.811388,17.029386,18.384776,18.439089,18.601075,18.35756,16.552945,14.317821,11.18034,8.602325,5.830952,7.071068,9.848858,13.038405,15.811388,10.0,9.219544,8.062258,8.062258,9.219544,12.083046,14.317821,16.552945,17.888544,18.384776,18.027756,17.720045,16.278821,15.132746,14.142136,13.152946,12.165525,11.18034,10.440307,10.77033,11.18034,13.038405,14.422205,16.124515,17.0,17.0
hoyeon_stand_normal_01,3246,1082,108.205912568306,29.998360745314464,10,0.5405992865562439,0.6852084398269653,-0.2153998762369156,0.9999912977218628,0.5360811352729797,0.6946544647216797,-0.2038355320692062,0.9999715089797974,0.5334835648536682,0.6939058303833008,-0.203841432929039,0.9999744296073914,0.5312709808349609,0.6930716037750244,-0.2038549035787582,0.9999760389328004,0.5435903072357178,0.6953508853912354,-0.2033980637788772,0.9999597072601318,0.5460428595542908,0.6953526735305786,-0.2034070640802383,0.99995756149292,0.5482486486434937,0.6954582929611206,-0.203402891755104,0.9999555349349976,0.5270487070083618,0.6843918561935425,-0.1224995926022529,0.9999641180038452,0.5519035458564758,0.6877211928367615,-0.1204578727483749,0.9999023079872132,0.535399854183197,0.6720883846282959,-0.184142917394638,0.9999901056289672,0.5458132028579712,0.6737441420555115,-0.1836096346378326,0.9999828338623048,0.5057222247123718,0.6069145202636719,-0.0647490695118904,0.9999884366989136,0.5718942284584045,0.606488823890686,-0.0531222149729728,0.9999372959136964,0.4974509477615356,0.5057952404022217,-0.0234279464930295,0.9894821047782898,0.5775012373924255,0.509924054145813,-0.0110539672896265,0.9567413926124572,0.4925655424594879,0.4224329888820648,-0.0928724333643913,0.9826226234436036,0.5841658115386963,0.4268212914466858,-0.0745450258255004,0.9430318474769592,0.4882478415966034,0.3949178159236908,-0.1147830709815025,0.9637120366096495,0.5876491665840149,0.3991568684577942,-0.0959832519292831,0.902717113494873,0.4927180111408233,0.3947292864322662,-0.1418912410736084,0.9666311144828796,0.5845105648040771,0.3984690606594085,-0.1251672804355621,0.9101353287696838,0.4959915578365326,0.4031435251235962,-0.1050656139850616,0.9582867622375488,0.582275390625,0.4069237112998962,-0.0877944082021713,0.9012430310249328,0.5204041004180908,0.4313620924949646,-0.0064147738739848,0.9997625946998596,0.5615109801292419,0.429987758398056,0.0063715786673128,0.9996406435966492,0.5200897455215454,0.2754069566726684,-0.0299555137753486,0.9739815592765808,0.5622836947441101,0.2743245959281921,-0.0137329744175076,0.954298496246338,0.5245941281318665,0.1292560547590255,0.0614685900509357,0.9768525958061218,0.5548339486122131,0.1299906373023986,0.0798960849642753,0.950436532497406,0.527071475982666,0.1118239536881446,0.0638558194041252,0.630887508392334,0.5515654683113098,0.1140381768345832,0.0829261615872383,0.6347236633300781,0.5276204347610474,0.0776721909642219,-0.04717268794775,0.9636677503585817,0.5551350712776184,0.0791995823383331,-0.0199152342975139,0.9450501799583436,hoyeon_stand_normal_01,18.027756,19.235384,18.681542,17.720045,15.811388,13.0,10.77033,7.28011,4.123106,2.236068,3.0,5.09902,7.615773,9.848858,12.529964,14.764823,17.0,17.888544,19.697716,19.697716,18.384776,16.552945,13.892444,9.899495,9.486833,12.041595,16.278821,16.763055,17.464249,15.652476,14.422205,10.816654,8.602325,5.385165,4.0,5.0,6.324555,8.246211,10.440307,11.7047,12.649111,13.928388,14.317821,14.764823,14.422205,12.206556,10.630146,7.81025,3.605551,3.162278,7.0,11.045361,15.556349,15.0,13.601471,12.529964,11.7047,10.198039,9.0,8.062258,7.615773,7.211103,7.071068,6.708204,8.246211,9.055385,11.045361,13.152946,15.297059,16.278821,18.439089,19.646883,19.416488,19.416488,18.439089,16.278821,14.142136,11.18034,5.0,2.236068,3.162278,6.403124,8.544004,11.18034,13.038405,14.035669,15.132746,14.56022,13.0,11.18034,9.433981,7.211103,4.242641,2.236068,1.0,3.162278,6.403124,8.485281,11.313708,13.453624,15.620499,17.804494,17.804494,17.804494,17.029386,15.0,12.806248,11.313708,9.433981,8.944272,9.486833,10.198039,12.165525,13.152946,15.524175,15.811388,16.552945,17.492856,18.601075,18.439089,17.691806,16.278821,14.21267,11.401754,8.485281,6.324555,6.324555,9.219544,12.727922,15.556349,10.816654,8.944272,7.28011,8.062258,8.944272,11.401754,14.866069,16.278821,18.439089,18.601075,18.601075,17.492856,17.0,15.231546,13.928388,13.0,11.7047,11.18034,10.816654,11.401754,12.041595,13.453624,14.866069,16.970563,16.970563,18.384776
hoyeon_stand_normal_01,3249,1083,108.30591803278688,29.998360745314464,10,0.5405687093734741,0.6852104663848877,-0.220999389886856,0.9999913573265076,0.5360656976699829,0.6946654915809631,-0.2095935344696045,0.9999716281890868,0.5334721207618713,0.6939229965209961,-0.2095970213413238,0.9999745488166808,0.5312627553939819,0.6930931806564331,-0.2096113264560699,0.9999760985374452,0.5435736179351807,0.6953514218330383,-0.2092374116182327,0.9999598860740662,0.5460313558578491,0.6953511834144592,-0.2092452496290207,0.999957799911499,0.5482368469238281,0.6954516768455505,-0.209239512681961,0.999955713748932,0.5270466208457947,0.6844415068626404,-0.1280805468559265,0.9999643564224244,0.5518976449966431,0.6877188086509705,-0.1263857930898666,0.999902844429016,0.5353785157203674,0.6721081733703613,-0.1895650327205658,0.999990165233612,0.5457753539085388,0.6737544536590576,-0.189141184091568,0.9999829530715942,0.5057215094566345,0.6069604158401489,-0.068862572312355,0.9999885559082032,0.571889340877533,0.6067386269569397,-0.0572067238390445,0.9999376535415648,0.4974494278430938,0.5058040022850037,-0.0248331949114799,0.9895941019058228,0.577499270439148,0.5099220871925354,-0.0141147710382938,0.9570289850234984,0.4925757348537445,0.4223746359348297,-0.092836208641529,0.982767641544342,0.5841649770736694,0.4267381727695465,-0.0776504948735237,0.9435919523239136,0.4882522225379944,0.3948749303817749,-0.1144453957676887,0.9639427661895752,0.5876495838165283,0.3990912437438965,-0.0988957732915878,0.90354585647583,0.4927221238613128,0.3946742713451385,-0.1416208148002624,0.966852366924286,0.5845110416412354,0.3984108567237854,-0.1282512098550796,0.9109048843383788,0.4959935247898102,0.4030932486057281,-0.1050103530287742,0.9585874676704408,0.582275390625,0.4068692922592163,-0.0909334644675254,0.9019994139671326,0.5204089879989624,0.4314820170402527,-0.0065105864778161,0.9997620582580566,0.5615127086639404,0.4302564561367035,0.006466771941632,0.999638855457306,0.5200924277305603,0.2754620313644409,-0.0299358386546373,0.9740594029426576,0.5622805953025818,0.2745192945003509,-0.0134616307914257,0.9544085264205932,0.5245380401611328,0.1294950246810913,0.0616017095744609,0.9768573045730592,0.5548341274261475,0.1302476972341537,0.0804291293025016,0.9504796862602234,0.527014434337616,0.1120355799794197,0.0639520809054374,0.6308897733688354,0.5515464544296265,0.1146285682916641,0.0834910944104194,0.6353298425674438,0.5276064276695251,0.0777862817049026,-0.0470941737294197,0.9636372327804564,0.555125892162323,0.0793210491538047,-0.0193229019641876,0.9450713396072388,hoyeon_stand_normal_01,9.055385,5.09902,2.828427,4.123106,7.211103,9.219544,10.630146,11.313708,12.041595,11.313708,12.041595,11.401754,10.0,9.433981,7.615773,6.082763,5.09902,5.656854,7.615773,11.18034,15.033296,18.0,21.0,23.021729,23.086793,22.203603,3.0,3.605551,6.708204,8.944272,11.7047,13.416408,14.764823,15.264338,14.422205,14.21267,13.453624,11.313708,8.485281,7.071068,4.242641,1.414214,1.0,3.162278,6.324555,9.486833,12.369317,15.297059,17.117243,17.029386,17.0,15.0,15.231546,16.124515,17.492856,18.601075,17.804494,17.691806,17.029386,17.204651,17.492856,16.552945,17.464249,16.155494,16.155494,15.524175,15.524175,15.297059,14.035669,13.038405,11.401754,10.816654,12.041595,13.416408,15.811388,18.681542,21.377558,23.537205,20.099751,22.090722,23.345235,23.086793,20.59126,17.804494,13.453624,8.944272,5.0,4.123106,7.615773,10.0,12.041595,14.422205,17.0,17.088007,18.027756,18.681542,17.464249,16.278821,14.317821,12.369317,10.29563,7.81025,8.246211,10.049876,13.0,13.928388,14.866069,14.866069,14.866069,14.317821,13.416408,11.661904,10.816654,8.602325,7.211103,6.324555,5.09902,5.09902,5.830952,7.81025,9.899495,12.727922,15.556349,17.691806,19.104973,19.849433,20.0,18.601075,16.643317,13.892444,12.529964,13.892444,15.811388,15.811388,16.401219,15.0,13.601471,12.206556,9.433981,8.544004,7.071068,6.082763,6.324555,6.708204,7.81025,8.602325,10.0,10.0,11.401754,11.401754,11.401754,11.401754,11.401754,12.041595,12.041595,12.206556
hoyeon_stand_normal_01,3252,1084,108.40592349726776,29.998360745314464,10,0.5405346751213074,0.6852040886878967,-0.2206691801548004,0.9999913573265076,0.5360460877418518,0.6946695446968079,-0.2091673165559768,0.9999715089797974,0.5334569811820984,0.6939301490783691,-0.2091723829507827,0.9999744296073914,0.5312527418136597,0.6931024789810181,-0.2091870754957199,0.9999759197235109,0.5435516834259033,0.695351243019104,-0.2087718695402145,0.9999597072601318,0.5460149049758911,0.6953490376472473,-0.2087789624929428,0.9999577403068542,0.5482218861579895,0.6954467296600342,-0.2087728232145309,0.9999555945396424,0.5270447731018066,0.6844692826271057,-0.1278169900178909,0.99996417760849,0.551892876625061,0.6877167820930481,-0.1259371489286422,0.9999026656150818,0.5353573560714722,0.6721125245094299,-0.1893964260816574,0.999990165233612,0.5457340478897095,0.6737589836120605,-0.1889145672321319,0.999983012676239,0.5057237148284912,0.6070149540901184,-0.0686034634709358,0.9999886751174928,0.5718854069709778,0.6069279909133911,-0.0569970645010471,0.9999382495880128,0.4974368214607239,0.50588059425354,-0.0243071988224983,0.989687204360962,0.5774995684623718,0.5099202990531921,-0.0140765905380249,0.9574047923088074,0.4925762414932251,0.4223470687866211,-0.0923162400722503,0.9829734563827516,0.5841706991195679,0.4266769289970398,-0.0772549659013748,0.944467306137085,0.4882533848285675,0.3948563039302826,-0.1140563189983367,0.9643232226371764,0.5876786708831787,0.3990409672260284,-0.098484955728054,0.9049214124679564,0.4927235841751098,0.3946588039398193,-0.1410819739103317,0.9672099351882936,0.584543764591217,0.3983763754367828,-0.1278217434883117,0.9121774435043336,0.4959955811500549,0.4030839502811432,-0.104434885084629,0.9590305685997008,0.5823004245758057,0.4068353772163391,-0.090542197227478,0.90326726436615,0.5204107165336609,0.431483507156372,-0.0065198456868529,0.9997633695602416,0.5615142583847046,0.4302701354026794,0.0064762830734252,0.9996396899223328,0.520103394985199,0.2753367722034454,-0.0301105473190546,0.9743782877922058,0.5623151659965515,0.2745537161827087,-0.0135177858173847,0.9548251628875732,0.5245279669761658,0.1294962018728256,0.0630086734890937,0.9770695567131042,0.5549085140228271,0.1303798407316208,0.0818291082978248,0.9509631991386414,0.5270159840583801,0.1120371520519256,0.065589502453804,0.6331246495246887,0.5516058802604675,0.1147995516657829,0.0851381793618202,0.6372469067573547,0.5275911092758179,0.077878750860691,-0.0449827387928962,0.9639159440994264,0.5551143884658813,0.0793234631419181,-0.0174575559794902,0.945570170879364,hoyeon_stand_normal_01,10.198039,7.28011,4.242641,3.162278,5.830952,7.81025,9.219544,10.630146,11.401754,10.816654,10.816654,10.29563,9.433981,8.944272,7.28011,6.082763,5.09902,5.0,7.071068,11.0,15.132746,19.104973,22.203603,24.083189,24.020824,23.0,2.236068,3.162278,6.0,8.0,11.0,13.038405,14.142136,14.317821,14.56022,13.601471,12.649111,10.77033,8.544004,6.708204,4.123106,2.0,2.0,4.472136,7.211103,10.29563,13.416408,15.231546,17.464249,18.973666,17.720045,16.278821,17.029386,15.811388,13.892444,13.0,11.401754,10.049876,8.0,7.28011,6.708204,5.656854,5.830952,6.324555,7.0,8.246211,9.486833,12.083046,13.892444,15.264338,16.643317,17.492856,18.027756,18.027756,16.643317,15.264338,13.038405,10.29563,5.09902,3.605551,4.123106,7.071068,8.944272,12.369317,13.038405,15.0,15.132746,14.317821,12.649111,10.77033,8.944272,6.708204,3.605551,1.414214,1.0,3.605551,6.403124,9.219544,12.041595,14.866069,16.970563,17.691806,19.104973,18.384776,15.0,14.0,13.0,10.198039,9.486833,9.433981,10.630146,11.313708,12.727922,14.142136,14.866069,15.811388,17.492856,18.384776,17.720045,17.464249,18.11077,16.03122,13.038405,10.049876,7.28011,6.403124,7.071068,11.045361,14.317821,16.278821,9.0,7.071068,5.830952,5.830952,8.246211,11.0,14.0,16.0,17.029386,18.027756,18.11077,17.262677,16.492423,14.866069,13.0,11.7047,10.440307,10.440307,10.198039,10.049876,11.0,12.041595,14.142136,16.124515,17.029386,17.029386
hoyeon_stand_normal_01,3255,1085,108.50592896174864,29.998360745314464,10,0.5404998064041138,0.6851409077644348,-0.2146669179201126,0.9999912977218628,0.5360261797904968,0.694658100605011,-0.2031254768371582,0.9999712705612184,0.5334360003471375,0.6939223408699036,-0.2031316757202148,0.999974250793457,0.5312401056289673,0.693098247051239,-0.2031459212303161,0.9999756813049316,0.5435301065444946,0.6953365206718445,-0.2028093785047531,0.999959409236908,0.5459955334663391,0.6953327655792236,-0.2028160691261291,0.9999574422836304,0.5481982827186584,0.6954314112663269,-0.2028088271617889,0.9999553561210632,0.5270430445671082,0.6844722032546997,-0.1216516718268394,0.9999638199806212,0.5518897175788879,0.6877148151397705,-0.120143324136734,0.9999020099639891,0.5353400707244873,0.6720944046974182,-0.1833132207393646,0.9999901056289672,0.545701265335083,0.6737403273582458,-0.1829218715429306,0.9999829530715942,0.5057293176651001,0.6070844531059265,-0.063794307410717,0.9999887943267822,0.5718886852264404,0.6071003675460815,-0.0532856062054634,0.9999384880065918,0.4974329173564911,0.5060098767280579,-0.0229394976049661,0.9897500276565552,0.5775027871131897,0.5099431276321411,-0.0128671489655971,0.9576827883720398,0.4925727546215057,0.4223586022853851,-0.0920945107936859,0.9832004904747008,0.5841619968414307,0.4266735911369324,-0.0772024095058441,0.9452173113822936,0.4882502853870392,0.3948689997196197,-0.113725408911705,0.9647486805915833,0.5876777768135071,0.3990048468112945,-0.0982402488589286,0.9061129689216614,0.4927249848842621,0.3946752846240997,-0.1407653391361236,0.9676069617271424,0.5845440626144409,0.3983504176139831,-0.1276219934225082,0.913299798965454,0.4959971010684967,0.4031030833721161,-0.1042100563645362,0.9595150351524352,0.5823001265525818,0.4068210422992706,-0.0904649943113327,0.9043951630592346,0.5204204320907593,0.4314752221107483,-0.0065029361285269,0.9997637271881104,0.5615227818489075,0.4302663505077362,0.0064601991325616,0.9996395707130432,0.520104169845581,0.2753172516822815,-0.029896480962634,0.9744952321052552,0.5622705221176147,0.2745607793331146,-0.0135844098404049,0.9549299478530884,0.5245272517204285,0.1295942366123199,0.0642860308289527,0.977085530757904,0.5549030303955078,0.1304375827312469,0.0819756910204887,0.9511158466339112,0.5270506143569946,0.1121257916092872,0.0669847950339317,0.634262204170227,0.5515976548194885,0.1151352599263191,0.0853121653199195,0.6377288699150085,0.5275622606277466,0.0780522376298904,-0.0430016927421093,0.9639827609062196,0.5549955368041992,0.0793285742402076,-0.0170716047286987,0.945709466934204,hoyeon_stand_normal_01,10.049876,7.0,3.605551,4.0,5.385165,8.062258,10.0,10.630146,11.401754,11.313708,11.313708,9.899495,9.899495,8.602325,8.062258,6.324555,5.09902,5.0,7.28011,11.045361,15.0,19.0,22.0,24.020824,24.083189,23.086793,2.236068,2.828427,5.830952,7.615773,11.18034,12.529964,13.892444,14.422205,13.601471,13.453624,12.041595,10.630146,8.485281,6.403124,4.242641,1.414214,1.0,4.123106,7.28011,10.198039,13.341664,15.132746,18.11077,18.0,18.0,16.03122,11.531829,13.229176,14.1231045,14.6625215,14.370013,14.177403,14.071068,13.7446465,13.3772085,13.617054,13.379036,12.8245555,11.893873,11.7424,11.421122,10.024938,9.109772,8.3322915,7.1619885,7.232691,8.5952415,10.315073,12.4467235,14.96916,16.7609045,18.439089,15.811388,17.477241499999998,18.2334225,17.801813,16.522683999999998,14.317821,10.5,7.245606499999999,4.5,4.785578,7.035534,9.460407,11.893873,13.1900345,14.571068,15.3268975,15.7781745,16.1550205,15.3268975,15.066373,13.2460145,11.156854,8.828855,6.994157,5.9568575,7.1410855,16.643317,15.811388,14.422205,12.206556,10.630146,10.29563,10.77033,11.7047,13.0,13.928388,15.652476,17.0,17.492856,18.439089,19.104973,19.209373,18.601075,16.643317,14.764823,11.661904,9.219544,6.708204,8.062258,10.77033,13.416408,16.124515,9.899495,8.062258,7.28011,8.062258,9.848858,12.206556,14.422205,17.204651,18.027756,18.867962,19.235384,18.384776,17.464249,15.811388,14.56022,13.601471,12.369317,11.7047,11.18034,11.661904,12.206556,13.601471,15.0,17.029386,17.804494,18.027756
hoyeon_stand_normal_01,3258,1086,108.60593442622952,29.998360745314464,10,0.5404804944992065,0.6850290894508362,-0.2063341736793518,0.9999912977218628,0.5360199213027954,0.6946280598640442,-0.1948861181735992,0.9999712109565736,0.5334305167198181,0.6939011812210083,-0.1948934495449066,0.9999741315841676,0.5312373042106628,0.6930815577507019,-0.1949071437120437,0.999975562095642,0.5435142517089844,0.6953004598617554,-0.1943701356649398,0.999959409236908,0.5459768176078796,0.6952956318855286,-0.1943754702806472,0.9999573826789856,0.5481745600700378,0.6953976154327393,-0.1943671405315399,0.999955415725708,0.5270437598228455,0.6844761967658997,-0.1142220199108123,0.9999635815620422,0.5518854856491089,0.6877079606056213,-0.1118168085813522,0.9999019503593444,0.5353362560272217,0.6720521450042725,-0.1753147095441818,0.9999901056289672,0.5456831455230713,0.6736946702003479,-0.1746593415737152,0.999983012676239,0.5057517290115356,0.6071292161941528,-0.0583810210227966,0.9999889135360718,0.5719060301780701,0.607254147529602,-0.0470318906009197,0.999939262866974,0.4974316358566284,0.506156861782074,-0.020934784784913,0.989767611026764,0.577526867389679,0.5101994276046753,-0.0091283833608031,0.9579511284828186,0.4925711750984192,0.422525942325592,-0.0917454808950424,0.9833693504333496,0.5841614603996277,0.4267745912075043,-0.0746824517846107,0.9459667801856996,0.4882346093654632,0.3950057029724121,-0.1135648787021637,0.9650863409042358,0.5876970291137695,0.3990032076835632,-0.0964560657739639,0.907298743724823,0.4927254617214203,0.394846111536026,-0.1407153755426406,0.967917501926422,0.5845797061920166,0.3983687460422516,-0.1256191432476043,0.9144189953804016,0.4959986507892608,0.4032706320285797,-0.1038822829723358,0.9598767161369324,0.5823243260383606,0.4068461060523987,-0.0879908874630928,0.9055739641189576,0.5204417109489441,0.4314539730548858,-0.0065359277650713,0.999764084815979,0.5615363717079163,0.4302659630775451,0.0064950599335134,0.9996405243873596,0.5201054811477661,0.2752861082553863,-0.0296110678464174,0.9745715260505676,0.5622707605361938,0.2745636999607086,-0.0135773373767733,0.9549844264984132,0.5245174765586853,0.1295958906412124,0.0636061429977417,0.97705078125,0.5548740029335022,0.130487248301506,0.0814505070447921,0.9511017203330994,0.527048647403717,0.1120963916182518,0.0661529749631881,0.6347842812538147,0.5515304207801819,0.115279734134674,0.0846976488828659,0.6380078196525574,0.5274859070777893,0.0783158466219902,-0.0432441085577011,0.9639565944671632,0.5549508333206177,0.0794606581330299,-0.0171914082020521,0.9456433057785034,hoyeon_stand_normal_01,10.049876,6.0,3.605551,4.0,6.708204,8.062258,9.433981,10.816654,11.401754,11.401754,10.630146,9.899495,9.219544,8.602325,6.708204,5.385165,4.123106,5.0,7.28011,11.045361,15.033296,19.0,21.0,24.020824,24.083189,23.194827,2.236068,2.828427,5.830952,8.062258,10.29563,13.038405,13.601471,14.21267,14.866069,12.727922,12.041595,9.899495,7.81025,6.403124,4.242641,1.414214,1.0,4.123106,7.28011,10.198039,13.152946,16.03122,17.029386,18.027756,18.027756,16.124515,14.21267,16.401219,17.492856,18.35756,18.788294,18.027756,17.464249,18.248288,17.117243,18.0,18.027756,17.117243,16.124515,15.524175,14.866069,13.928388,12.529964,11.401754,10.0,10.440307,11.045361,13.601471,16.552945,18.35756,21.095023,22.472205,20.024984,22.36068,23.769729,22.847319,21.095023,18.439089,14.21267,9.848858,6.082763,5.830952,7.071068,10.29563,12.806248,14.866069,16.401219,18.027756,18.35756,18.788294,18.384776,17.088007,15.231546,12.083046,9.433981,6.403124,7.0,9.433981,12.369317,14.317821,14.142136,14.317821,14.317821,13.341664,12.649111,11.7047,9.848858,7.615773,6.324555,5.09902,4.123106,5.0,6.403124,8.062258,11.661904,13.892444,16.643317,18.867962,20.0,21.400935,22.022716,19.849433,16.970563,14.142136,13.416408,14.764823,17.492856,17.492856,17.204651,15.811388,15.0,12.206556,10.0,8.062258,6.082763,5.0,5.385165,6.403124,7.071068,7.81025,8.485281,9.899495,10.630146,10.630146,10.630146,11.401754,11.313708,11.401754,11.661904,11.18034
hoyeon_stand_normal_01,3261,1087,108.70593989071038,29.998360745314464,10,0.5404794812202454,0.6849578022956848,-0.2053849399089813,0.9999914169311525,0.5360243320465088,0.6946069002151489,-0.1939365267753601,0.9999714493751526,0.5334340333938599,0.6938878893852234,-0.1939431726932525,0.9999743103981018,0.5312368273735046,0.6930684447288513,-0.1939566433429718,0.9999757409095764,0.5435134768486023,0.6952746510505676,-0.1934184581041336,0.9999597072601318,0.5459732413291931,0.6952715516090393,-0.1934234946966171,0.9999576807022096,0.548170804977417,0.6953701972961426,-0.1934141665697097,0.9999557733535768,0.5270508527755737,0.6844795346260071,-0.1131392866373062,0.9999637603759766,0.5518801808357239,0.687699556350708,-0.1107669398188591,0.9999027252197266,0.5353360772132874,0.6720093488693237,-0.1743105351924896,0.999990165233612,0.5456801652908325,0.6736605167388916,-0.1736655980348587,0.9999831914901732,0.5057875514030457,0.6071622967720032,-0.0571496225893497,0.999989092350006,0.5719308853149414,0.6074278950691223,-0.045876421034336,0.9999403953552246,0.4974431097507477,0.5061850547790527,-0.0197772644460201,0.9898216724395752,0.577610194683075,0.51043701171875,-0.0077257961966097,0.9582232236862184,0.4925709664821625,0.422668308019638,-0.0911130681633949,0.98358553647995,0.5841836333274841,0.4269706308841705,-0.0734673514962196,0.9466869235038756,0.4882188737392425,0.3951146900653839,-0.1134134605526924,0.9655113816261292,0.5877469778060913,0.3990416228771209,-0.0955779924988746,0.9084527492523192,0.4927268922328949,0.3949986696243286,-0.1405019015073776,0.968309223651886,0.5846586227416992,0.398477166891098,-0.1248386353254318,0.9155126214027404,0.4960024058818817,0.4034096896648407,-0.10332902520895,0.9603318572044371,0.5824029445648193,0.406952440738678,-0.0868807882070541,0.9067386388778688,0.5204490423202515,0.4314669072628021,-0.0065345568582415,0.9997659921646118,0.5615514516830444,0.4302742779254913,0.0064941081218421,0.9996439218521118,0.5201056003570557,0.275280624628067,-0.0292749423533678,0.974674105644226,0.5622318387031555,0.2745658159255981,-0.0136049408465623,0.9551560282707214,0.5245164632797241,0.1295919418334961,0.0630736798048019,0.9771084785461426,0.5548403263092041,0.130490243434906,0.0807757675647735,0.9513340592384338,0.5270582437515259,0.1121298447251319,0.065465360879898,0.6361874938011169,0.5514922738075256,0.1152641624212265,0.0838995352387428,0.6392846703529358,0.5274852514266968,0.0783160850405693,-0.0438540987670421,0.9640834331512452,0.5549393892288208,0.0795396640896797,-0.0178169198334217,0.9458491802215576,hoyeon_stand_normal_01,15.811388,17.464249,17.262677,17.117243,15.033296,13.038405,10.049876,7.071068,4.123106,2.236068,2.828427,4.472136,7.615773,9.486833,12.649111,15.524175,17.720045,19.924859,21.18962,21.18962,20.248457,17.720045,14.317821,10.0,9.433981,11.661904,16.643317,16.401219,16.970563,16.278821,14.21267,11.401754,8.602325,5.656854,3.0,4.242641,5.385165,7.28011,9.486833,11.7047,12.649111,13.0,14.317821,14.764823,13.892444,12.206556,10.816654,7.81025,4.242641,1.0,5.830952,10.29563,12.041595,13.0,15.033296,14.142136,14.317821,14.866069,15.231546,14.764823,14.422205,13.601471,14.21267,13.453624,12.727922,12.041595,11.401754,10.816654,8.944272,8.246211,7.0,6.708204,7.81025,10.29563,13.0,14.866069,16.492423,17.464249,15.620499,18.027756,17.464249,17.720045,16.124515,14.0,10.198039,7.211103,5.385165,4.472136,7.211103,9.219544,11.045361,13.038405,14.142136,15.524175,15.811388,15.811388,15.231546,13.928388,13.0,10.440307,9.055385,7.071068,6.403124,8.062258,16.643317,15.264338,13.892444,12.083046,11.401754,11.045361,11.0,12.165525,13.152946,14.142136,15.033296,17.0,18.027756,18.248288,18.681542,18.384776,18.788294,16.124515,14.422205,11.18034,8.544004,7.0,7.211103,10.0,12.529964,15.652476,9.486833,8.062258,7.071068,7.211103,9.219544,11.661904,14.764823,17.0,17.492856,18.867962,18.601075,18.439089,17.691806,16.278821,14.866069,12.806248,12.041595,11.313708,10.630146,10.816654,12.529964,13.416408,15.231546,16.552945,17.888544,17.0
hoyeon_stand_normal_01,3264,1088,108.80594535519126,29.998360745314464,10,0.5404776334762573,0.684878408908844,-0.2011708617210388,0.9999914169311525,0.5360355377197266,0.6945610046386719,-0.1896412968635559,0.9999713897705078,0.5334445238113403,0.6938546895980835,-0.189648151397705,0.9999741911888124,0.5312413573265076,0.693038284778595,-0.1896604895591735,0.9999756217002868,0.5435205101966858,0.69521164894104,-0.1892003118991851,0.9999596476554872,0.5459755063056946,0.695206344127655,-0.1892053931951522,0.99995756149292,0.5481796860694885,0.6952852010726929,-0.1891971379518509,0.9999557733535768,0.5270754098892212,0.6844795346260071,-0.1087544783949852,0.9999634623527528,0.5518959760665894,0.6876385807991028,-0.1066532358527183,0.999902606010437,0.535333514213562,0.6719524264335632,-0.1700513362884521,0.999990165233612,0.5456806421279907,0.6735979318618774,-0.1694834381341934,0.999983251094818,0.5058466792106628,0.6072199940681458,-0.0525522679090499,0.9999892115592957,0.5719897150993347,0.6074666380882263,-0.0423580594360828,0.999941349029541,0.4974528551101684,0.506206750869751,-0.0140705090016126,0.9898423552513124,0.5776909589767456,0.5104848146438599,-0.0039193732663989,0.9585282802581788,0.4925733804702759,0.4227378964424133,-0.0851445868611335,0.9837793111801147,0.5842180252075195,0.4271262586116791,-0.070372849702835,0.9475703835487366,0.4882176518440246,0.3951874673366546,-0.1078294739127159,0.9659052491188048,0.587821900844574,0.3991268575191498,-0.0926981121301651,0.9099170565605164,0.4927444159984588,0.3951417803764343,-0.1345763206481933,0.9686712026596068,0.5847344994544983,0.3986495733261108,-0.1222072318196296,0.9168781638145448,0.4960265159606933,0.4035275280475616,-0.0973482802510261,0.96074378490448,0.5824737548828125,0.4071239233016968,-0.0838991925120353,0.9081692099571228,0.5204286575317383,0.4311339259147644,-0.0065202270634472,0.9997684955596924,0.5615554451942444,0.4299415349960327,0.0064812642522156,0.9996483325958252,0.5200934410095215,0.2748344838619232,-0.0289344117045402,0.9750612378120422,0.5622307658195496,0.274408221244812,-0.0136037366464734,0.9556937217712402,0.5245182514190674,0.1294493973255157,0.063737116754055,0.9773514866828918,0.5548406839370728,0.1301821619272232,0.0815424174070358,0.9519620537757874,0.5271047353744507,0.1120094954967498,0.0661832019686698,0.6390289664268494,0.5515009760856628,0.1144779175519943,0.0847527086734771,0.6417640447616577,0.5274346470832825,0.078126884996891,-0.0431776717305183,0.9644815325737,0.5549888014793396,0.0794915631413459,-0.0169426761567592,0.946491003036499,hoyeon_stand_normal_01,16.0,17.117243,17.117243,16.492423,14.317821,11.401754,9.219544,6.082763,4.123106,2.236068,4.123106,5.830952,7.81025,10.0,12.806248,14.866069,17.029386,19.209373,20.0,20.0,18.601075,16.401219,12.727922,10.29563,9.0,10.77033,15.620499,16.278821,16.401219,15.0,13.038405,11.18034,8.062258,5.0,3.162278,3.605551,5.0,7.211103,8.602325,10.816654,10.816654,12.206556,12.806248,12.727922,12.041595,10.630146,8.602325,5.830952,2.236068,2.236068,6.082763,10.049876,10.049876,12.165525,12.649111,13.0,13.416408,13.038405,13.601471,12.727922,12.806248,12.206556,13.038405,12.083046,12.083046,11.401754,11.18034,10.049876,9.0,8.246211,7.211103,7.211103,8.246211,10.049876,13.341664,15.524175,16.763055,18.973666,15.652476,17.720045,18.439089,18.027756,17.117243,14.317821,11.18034,7.81025,5.09902,5.0,7.615773,9.055385,12.041595,13.341664,14.56022,16.155494,16.552945,16.552945,16.124515,15.264338,13.416408,11.18034,8.544004,6.0,5.0,5.830952,12.703861,13.1900345,13.601471,14.011838,14.011838,13.1900345,12.3477445,11.18034,9.4521215,8.303131,6.849268,5.6080585,4.6213205,4.472136,6.0413815,8.062258,10.6217,13.670832,15.6641395,17.6452165,19.602362,20.124366,20.198039,19.3234415,16.3971375,14.2979445,13.2274065,14.686841,16.338729999999998,16.871535,16.683414,16.030057,13.950942,11.9147255,9.9128575,8.472135999999999,6.1550615,5.415476,5.6622775,5.9568575,6.6622775,8.123105500000001,8.623105500000001,9.7434165,10.7201535,10.885165,11.385165,11.385165,10.7201535,11.7216745,11.18034,10.85235
hoyeon_stand_normal_01,3267,1089,108.90595081967211,29.998360745314464,10,0.5405209064483643,0.6848614811897278,-0.2034019827842712,0.9999913573265076,0.536118745803833,0.6945563554763794,-0.1918877214193344,0.9999710321426392,0.5335275530815125,0.6938545107841492,-0.1918940991163253,0.9999738335609436,0.5312854647636414,0.6930378675460815,-0.1919068843126297,0.9999752640724182,0.5435923337936401,0.6951874494552612,-0.1914573013782501,0.9999592900276184,0.5460312962532043,0.6951765418052673,-0.191462904214859,0.9999572038650512,0.5482757091522217,0.6952161192893982,-0.1914552003145218,0.999955415725708,0.5271411538124084,0.6844841241836548,-0.1108808293938636,0.9999628663063048,0.5519434213638306,0.6875864863395691,-0.1088654100894928,0.9999018907546996,0.5353612303733826,0.6719325184822083,-0.1722452789545059,0.9999900460243224,0.545746386051178,0.6735691428184509,-0.1716918349266052,0.9999831318855286,0.5059723258018494,0.6072481870651245,-0.0539831109344959,0.9999891519546508,0.5720638632774353,0.6074815392494202,-0.0437306426465511,0.9999420046806335,0.4974762797355652,0.5061911940574646,-0.0135881761088967,0.989775538444519,0.5777882933616638,0.5105176568031311,-0.0045953565277159,0.9588456749916076,0.4925788938999176,0.422744870185852,-0.082599401473999,0.9837438464164734,0.5842705965042114,0.4271291494369507,-0.0706121698021888,0.948100209236145,0.4882250130176544,0.395280510187149,-0.1045733839273452,0.9658541679382324,0.5878573656082153,0.3991347849369049,-0.0928447172045707,0.9107489585876464,0.4927663505077362,0.3952605724334717,-0.1314464956521988,0.9686287641525269,0.5847828388214111,0.3986837863922119,-0.122301734983921,0.9176531434059144,0.4960491061210632,0.4036017656326294,-0.0948077738285064,0.9606935381889344,0.5825338363647461,0.4071449041366577,-0.0841033607721328,0.9089874625205994,0.5204282999038696,0.4309999048709869,-0.0063890991732478,0.9997682571411132,0.5615673661231995,0.4297848641872406,0.0063523035496473,0.9996496438980104,0.5200580954551697,0.2747721374034881,-0.0284344758838415,0.9750605225563048,0.5622108578681946,0.2743057906627655,-0.0136647075414657,0.9558351635932922,0.5245444774627686,0.1294614672660827,0.0638646855950355,0.9772346019744872,0.5548793077468872,0.1301847845315933,0.0814838930964469,0.9519721865653992,0.5272072553634644,0.1120688021183013,0.0662834793329238,0.6391339302062988,0.5515808463096619,0.1143795251846313,0.084704115986824,0.6418254971504211,0.527431309223175,0.0781157314777374,-0.0431484617292881,0.9643641710281372,0.5550196170806885,0.0794543921947479,-0.0169802512973546,0.946474015712738,hoyeon_stand_normal_01,8.544004,4.472136,1.0,3.162278,6.082763,8.246211,10.049876,11.18034,12.041595,12.041595,12.0,11.0,10.049876,9.219544,8.246211,5.830952,5.830952,6.0,8.544004,12.206556,15.620499,19.849433,22.671568,24.839485,25.612497,23.600847,2.236068,4.472136,7.071068,9.219544,12.165525,14.317821,15.524175,15.811388,14.866069,15.231546,13.0,11.18034,8.944272,7.211103,4.472136,2.236068,1.0,2.828427,5.656854,9.219544,11.401754,14.422205,16.124515,17.0,16.552945,13.928388,14.21267,16.401219,17.204651,17.492856,17.888544,18.027756,17.720045,17.262677,18.11077,17.029386,17.0,17.029386,16.124515,15.297059,14.317821,13.601471,12.083046,11.401754,10.0,10.440307,11.0,13.341664,16.155494,17.888544,20.59126,22.825424,20.099751,22.561028,23.4094,22.36068,20.808652,17.691806,13.601471,9.486833,6.082763,5.385165,7.28011,9.433981,12.727922,14.21267,16.643317,17.0,17.888544,18.384776,18.027756,17.088007,14.866069,12.083046,9.433981,6.403124,6.0,8.944272,13.416408,14.317821,14.764823,14.764823,15.652476,15.231546,13.928388,11.7047,10.440307,9.219544,7.28011,6.324555,5.0,5.0,6.082763,8.0,10.049876,13.038405,15.132746,18.027756,19.026298,20.0,20.024984,19.104973,17.117243,14.142136,13.928388,15.811388,17.464249,18.439089,17.464249,16.278821,15.297059,13.341664,11.401754,8.544004,7.81025,6.403124,6.708204,7.28011,8.062258,9.055385,10.049876,11.045361,12.041595,12.165525,12.165525,13.152946,12.041595,12.041595,12.041595,12.369317
hoyeon_stand_normal_01,3270,1090,109.005956284153,29.998360745314464,10,0.5406485199928284,0.6848771572113037,-0.2033753097057342,0.9999912977218628,0.5362700819969177,0.6945785880088806,-0.1919802129268646,0.9999706745147704,0.5336877703666687,0.6939011812210083,-0.1919867992401123,0.9999734163284302,0.5313835740089417,0.6930779814720154,-0.1920004189014434,0.9999749064445496,0.5437206625938416,0.6951875686645508,-0.1914078295230865,0.9999588131904602,0.5461587309837341,0.6951723694801331,-0.1914136707782745,0.9999566674232484,0.5484709143638611,0.6952037215232849,-0.1914073079824447,0.9999549388885498,0.5272579789161682,0.6845328211784363,-0.111237458884716,0.9999622702598572,0.5520110726356506,0.6875774264335632,-0.1085056886076927,0.9999009370803832,0.5354870557785034,0.6719446182250977,-0.1722892969846725,0.999989926815033,0.5459177494049072,0.6735779643058777,-0.1715367138385772,0.999983012676239,0.5061224699020386,0.6073063015937805,-0.0538292117416858,0.999989092350006,0.572141706943512,0.6075459718704224,-0.043870486319065,0.9999426007270812,0.4975489974021911,0.5061879754066467,-0.0131160821765661,0.9896783828735352,0.577903687953949,0.510635256767273,-0.004549394827336,0.9588979482650756,0.4925963580608368,0.4228167831897735,-0.0817030295729637,0.983596920967102,0.5843208432197571,0.4272323548793793,-0.0703835189342498,0.9482703804969788,0.4882355034351349,0.3954469263553619,-0.1036354750394821,0.9656051397323608,0.5879057049751282,0.3992740511894226,-0.0925752148032188,0.9110492467880248,0.4927958250045776,0.3954475820064544,-0.1305382251739502,0.9683982729911804,0.5848487615585327,0.3989063203334808,-0.1220646724104881,0.9179399609565736,0.4960797429084778,0.4037289917469024,-0.0939381867647171,0.96041339635849,0.582599937915802,0.4073034822940826,-0.0838959738612175,0.9093196988105774,0.5204358696937561,0.4309515357017517,-0.0063600880093872,0.9997683763504028,0.561599612236023,0.4297801554203033,0.0063243201002478,0.9996511936187744,0.5200392007827759,0.2747566998004913,-0.0284875761717557,0.9750755429267884,0.5622605681419373,0.2742540836334228,-0.0138972755521535,0.9559255242347716,0.5245489478111267,0.1293970495462417,0.0637625753879547,0.977134644985199,0.554874062538147,0.1302573680877685,0.0812597945332527,0.9519622921943665,0.5272215008735657,0.1120475977659225,0.0661851614713668,0.6384294033050537,0.5515066385269165,0.1143899112939834,0.0844748765230178,0.6420555710792542,0.527406632900238,0.0781154260039329,-0.0434023663401603,0.964214563369751,0.5550138354301453,0.0794518887996673,-0.0173871349543333,0.9464226961135864,hoyeon_stand_normal_01,16.124515,18.027756,18.0,17.029386,15.033296,12.041595,9.055385,6.0,4.0,1.414214,2.828427,5.0,7.81025,10.816654,13.038405,15.264338,18.027756,19.416488,20.808652,20.808652,19.416488,16.643317,13.416408,10.198039,9.486833,12.041595,15.811388,16.278821,16.278821,14.866069,13.601471,10.0,7.211103,4.242641,3.0,4.242641,5.830952,8.544004,9.848858,11.18034,12.529964,13.416408,13.892444,13.601471,12.806248,12.041595,9.899495,6.403124,2.828427,2.0,6.324555,10.440307,16.278821,14.866069,12.806248,11.661904,9.848858,8.246211,7.0,6.324555,5.0,5.0,5.09902,7.0,7.28011,9.848858,10.816654,12.806248,15.620499,16.278821,18.384776,19.104973,19.104973,19.104973,17.691806,16.278821,14.866069,11.313708,5.0,4.123106,5.0,8.062258,11.045361,13.601471,15.231546,16.124515,15.811388,15.620499,14.866069,12.806248,10.816654,8.602325,5.830952,3.162278,1.0,2.236068,5.0,7.81025,10.0,13.601471,15.811388,16.643317,18.027756,17.204651,16.155494,16.155494,13.928388,12.369317,11.045361,10.0,10.198039,10.440307,11.7047,13.601471,15.524175,16.278821,17.117243,18.0,19.104973,18.439089,18.681542,16.763055,14.866069,11.7047,9.219544,7.071068,7.81025,9.848858,12.649111,14.866069,10.049876,8.0,7.28011,7.071068,9.433981,11.7047,14.56022,16.763055,18.027756,19.313208,18.788294,17.888544,17.492856,15.811388,15.0,12.806248,12.206556,11.661904,10.816654,11.18034,12.649111,13.601471,15.524175,16.492423,17.720045,17.720045
hoyeon_stand_normal_01,3273,1091,109.10596174863387,29.998360745314464,10,0.5407820343971252,0.6849148869514465,-0.2040698081254959,0.9999910593032836,0.5364168882369995,0.6946234703063965,-0.1927099972963333,0.999969720840454,0.533833384513855,0.6939868927001953,-0.1927163302898407,0.9999724626541138,0.5314801335334778,0.6931688189506531,-0.1927296072244644,0.999974012374878,0.5438622236251831,0.6951878666877747,-0.1921537965536117,0.9999576210975648,0.5462998747825623,0.6951684951782227,-0.1921608597040176,0.999955415725708,0.5486658811569214,0.6951806545257568,-0.1921556144952774,0.9999537467956544,0.527384340763092,0.6846294403076172,-0.1119972169399261,0.9999607801437378,0.5520753264427185,0.6875607371330261,-0.1094060838222503,0.9998982548713684,0.5355957746505737,0.6719748973846436,-0.1730276197195053,0.9999895691871644,0.5460580587387085,0.6736009120941162,-0.1723059713840484,0.9999825358390808,0.506269097328186,0.6073228716850281,-0.0545274056494236,0.9999887943267822,0.5722494125366211,0.6076319813728333,-0.0441005043685436,0.9999427795410156,0.4977051317691803,0.5061644911766052,-0.0137112373486161,0.9895209670066832,0.578024685382843,0.5107361078262329,-0.0053837304003536,0.9588913321495056,0.492607444524765,0.4229277670383453,-0.0820350721478462,0.9833753108978271,0.5843910574913025,0.4272774457931518,-0.0706491246819496,0.948222517967224,0.4882493317127228,0.3955905735492706,-0.1037526950240135,0.9652141332626344,0.5879564881324768,0.3993838429450989,-0.0927295982837677,0.9109840393066406,0.4927974939346313,0.3955549001693725,-0.1306494772434234,0.9680358171463012,0.5848669409751892,0.3990409672260284,-0.12222720682621,0.9178780913352966,0.4960823953151703,0.4037871360778808,-0.0942524969577789,0.959974467754364,0.5826229453086853,0.4073911309242248,-0.0841659978032112,0.9092863202095032,0.5204339623451233,0.4308545887470245,-0.0062397634610533,0.9997662901878356,0.5616018772125244,0.4297601580619812,0.0062033827416598,0.9996508359909058,0.5200383067131042,0.2747504413127899,-0.0272245742380619,0.9749702215194702,0.5622564554214478,0.2742520868778229,-0.0138043370097875,0.9558724164962769,0.524575412273407,0.1292835026979446,0.0634110271930694,0.9770113825798036,0.5548744201660156,0.1302689015865326,0.0805718153715133,0.9518244862556458,0.5273045301437378,0.1118540540337562,0.0656159445643425,0.6382574439048767,0.5514861345291138,0.1143322363495826,0.0836007818579673,0.6414528489112854,0.5274037718772888,0.0781058520078659,-0.0438656993210315,0.9641141891479492,0.5550267100334167,0.0794287025928497,-0.0180692803114652,0.9463119506835938,hoyeon_stand_normal_01,14.1861585,12.714764,10.7227205,11.249946,11.7552745,11.693448,11.576473,10.27263,9.752716,9.097787,9.3027755,10.059216,10.5503315,11.5827625,12.2201535,12.031129,13.1187005,14.0,16.09017,18.3221475,20.2716345,21.227922,21.9203105,20.8382595,20.579983,21.2106695,9.7205495,11.07411,13.153775500000002,13.6985355,14.5947515,14.5630765,13.9935585,12.816811,11.156604,10.773527,10.7764725,10.208204,10.3586445,9.056067,8.415476,7.118034,6.5,8.640523,9.9878875,11.119817,11.6231055,12.1265635,11.2546185,12.3165945,14.543027,15.759882,10.77033,12.369317,12.165525,13.038405,14.0,13.152946,13.601471,13.0,13.416408,13.038405,12.206556,12.806248,12.727922,12.041595,11.401754,10.816654,8.944272,8.246211,6.0,6.708204,7.81025,9.486833,12.165525,15.033296,17.029386,19.026298,16.03122,17.117243,18.439089,18.027756,17.0,14.21267,11.401754,7.615773,5.09902,5.830952,7.0,9.486833,12.083046,13.038405,14.21267,16.278821,16.278821,16.278821,15.620499,15.620499,13.453624,11.313708,9.219544,6.324555,5.09902,6.403124,13.416408,15.231546,16.155494,15.231546,16.155494,15.231546,14.317821,12.529964,10.816654,9.433981,8.062258,6.708204,6.082763,5.09902,5.830952,8.485281,10.630146,13.453624,16.278821,19.104973,19.79899,21.213203,20.615528,19.849433,17.204651,14.422205,14.21267,15.620499,17.029386,17.691806,17.691806,16.278821,14.142136,12.727922,10.630146,8.062258,7.28011,6.0,6.324555,7.211103,8.602325,10.0,10.0,11.401754,12.206556,13.038405,13.038405,13.038405,12.206556,12.806248,12.727922,12.041595
hoyeon_stand_normal_01,3276,1092,109.20596721311476,29.998360745314464,10,0.5408960580825806,0.6849363446235657,-0.204582542181015,0.999990940093994,0.5365418195724487,0.694637656211853,-0.1932073533535003,0.9999691843986512,0.5339460372924805,0.6940205693244934,-0.1932135373353958,0.9999719262123108,0.5315541625022888,0.6932072043418884,-0.1932268142700195,0.999973475933075,0.5440175533294678,0.6951863169670105,-0.1926699429750442,0.9999568462371826,0.5464604496955872,0.6951659321784973,-0.192676842212677,0.9999547004699708,0.5488846302032471,0.6951578259468079,-0.1926713585853576,0.9999530911445618,0.527495801448822,0.6846864223480225,-0.1124565973877906,0.9999598860740662,0.5521655678749084,0.687554657459259,-0.1099128425121307,0.9998969435691832,0.5356760025024414,0.6719986796379089,-0.1735212057828903,0.9999894499778748,0.5461982488632202,0.6736214756965637,-0.1728249490261078,0.9999823570251464,0.5063777565956116,0.6073216199874878,-0.0545784123241901,0.9999886751174928,0.5723811984062195,0.6076447367668152,-0.044638630002737,0.9999432563781738,0.4978119730949402,0.5060551762580872,-0.0128879258409142,0.9894046783447266,0.5781505107879639,0.510741114616394,-0.0055570029653608,0.9591688513755798,0.4926187098026275,0.4229668974876404,-0.0817837044596672,0.9831831455230712,0.5844551920890808,0.4272833168506622,-0.0707394555211067,0.9487282633781432,0.4882635474205017,0.3956525027751922,-0.1035156548023223,0.9648662805557252,0.5879831314086914,0.3994162976741791,-0.0927683338522911,0.9117513298988342,0.4927995800971985,0.3955627977848053,-0.130507692694664,0.9677231907844543,0.5848903059959412,0.3990996479988098,-0.1223481595516204,0.9186078906059264,0.4960837364196777,0.4037885367870331,-0.094051644206047,0.9596097469329834,0.5826573967933655,0.4074368774890899,-0.084221251308918,0.9100672006607056,0.5204368829727173,0.430106520652771,-0.0061900615692138,0.9997656345367432,0.5616234540939331,0.4292148053646087,0.0061529059894382,0.9996510744094848,0.5201289653778076,0.273771196603775,-0.0270175989717245,0.9749090671539308,0.5622560381889343,0.2734131217002868,-0.0137361967936158,0.9556854367256165,0.5245762467384338,0.1285946071147918,0.066355250775814,0.9769102931022644,0.5548462271690369,0.1302242130041122,0.083105593919754,0.9515770077705384,0.527247965335846,0.1112325191497802,0.0689533725380897,0.6376693844795227,0.5513421297073364,0.1141579300165176,0.0864854678511619,0.64063960313797,0.5274460315704346,0.0778338611125946,-0.0413720160722732,0.9640187621116638,0.5550336241722107,0.0790065303444862,-0.0161328818649053,0.9461566209793092,hoyeon_stand_normal_01,15.620499,10.0,4.123106,4.123106,9.219544,12.649111,15.811388,17.464249,18.384776,18.788294,17.888544,17.0,16.643317,15.0,12.727922,9.433981,7.0,8.602325,13.416408,19.924859,27.658633,33.734256,39.051248,42.449971,42.720019,41.10961,2.828427,6.082763,10.77033,14.866069,18.973666,21.84033,23.769729,24.515301,23.345235,22.203603,20.099751,17.029386,14.035669,10.049876,6.082763,2.236068,2.828427,6.708204,11.7047,17.088007,21.931712,25.495098,28.653098,29.681644,29.410882,26.400758,12.083046,13.892444,14.422205,15.0,15.620499,15.556349,15.620499,14.422205,15.264338,14.317821,14.866069,14.866069,14.56022,13.341664,13.152946,11.045361,10.0,9.055385,7.615773,7.071068,7.615773,10.049876,12.041595,14.317821,16.278821,17.464249,15.652476,18.027756,19.104973,18.439089,17.492856,13.928388,11.045361,8.246211,5.656854,5.0,6.708204,9.219544,11.661904,13.0,13.601471,15.297059,15.132746,15.033296,15.033296,14.0,12.0,11.045361,8.246211,6.403124,6.324555,8.062258,16.278821,16.124515,14.142136,12.369317,10.440307,9.433981,10.0,11.313708,12.041595,13.453624,14.866069,16.401219,18.027756,17.888544,18.788294,18.027756,18.439089,17.262677,15.132746,12.165525,9.486833,7.211103,7.615773,9.0,12.041595,15.132746,11.18034,8.602325,7.81025,7.28011,9.0,11.18034,14.56022,16.492423,17.464249,19.235384,18.248288,18.027756,17.0,16.03122,14.142136,14.035669,12.041595,12.041595,11.0,11.045361,12.165525,13.341664,15.524175,16.763055,17.464249,17.464249
hoyeon_stand_normal_01,3279,1093,109.30597267759562,29.998360745314464,10,0.5409601926803589,0.6849971413612366,-0.204476997256279,0.9999908804893494,0.5366237759590149,0.6946679949760437,-0.193089947104454,0.9999688267707824,0.5340204238891602,0.6940732598304749,-0.19309663772583,0.999971568584442,0.5316063761711121,0.6932674050331116,-0.1931089907884597,0.9999730587005616,0.5441182851791382,0.6951873302459717,-0.192525640130043,0.9999564290046692,0.5465680956840515,0.6951626539230347,-0.192533791065216,0.999954342842102,0.5490257143974304,0.6951483488082886,-0.1925306022167205,0.999952793121338,0.5276010632514954,0.6847591996192932,-0.1122613400220871,0.9999590516090392,0.552234411239624,0.6875506043434143,-0.1095483005046844,0.9998961687088012,0.5357263088226318,0.6720908880233765,-0.1733812540769577,0.9999893307685852,0.5462700128555298,0.6736844778060913,-0.1726406514644622,0.9999822378158568,0.5064541101455688,0.6073211431503296,-0.0538916550576686,0.9999884366989136,0.572479248046875,0.6076535582542419,-0.0449189022183418,0.9999437928199768,0.497908741235733,0.5060173273086548,-0.0121875973418354,0.9892588257789612,0.578225314617157,0.5106905102729797,-0.0056529878638684,0.9595797657966614,0.4926326870918274,0.4230552911758423,-0.0816896185278892,0.9829497337341307,0.5844942331314087,0.42722088098526,-0.0708616226911544,0.9492125511169434,0.4882781207561493,0.3957865834236145,-0.1034657508134841,0.9644263982772828,0.5880038738250732,0.3994170725345611,-0.0928632393479347,0.9124147295951844,0.4928026795387268,0.395633339881897,-0.1304096281528473,0.967335879802704,0.5848922729492188,0.3991005718708038,-0.1224208772182464,0.919242262840271,0.4960856139659881,0.4038150012493133,-0.0939681828022003,0.9591535329818726,0.5826594233512878,0.4074375331401825,-0.0843341499567031,0.9107380509376526,0.5204458236694336,0.4296371042728424,-0.0060257432051002,0.9997637867927552,0.5616276264190674,0.4289833903312683,0.0059887557290494,0.9996511340141296,0.5202677249908447,0.2737047374248504,-0.0269035827368497,0.9747653603553772,0.5622242093086243,0.2734057903289795,-0.0139398742467165,0.955609917640686,0.5246196389198303,0.1285810023546219,0.0667963922023773,0.9767575263977052,0.5548458099365234,0.1301512122154235,0.082920953631401,0.951358437538147,0.5272738337516785,0.1112244948744773,0.0694455876946449,0.6381042003631592,0.5513517260551453,0.1139388084411621,0.086267203092575,0.6395179629325867,0.5274587273597717,0.0778341814875602,-0.0407274477183818,0.963899791240692,0.5550338625907898,0.0789531394839286,-0.0163001324981451,0.9459260106086732,hoyeon_stand_normal_01,18.027756,19.416488,19.209373,18.439089,15.556349,13.453624,9.899495,7.81025,4.472136,3.0,3.162278,5.0,7.071068,10.198039,12.369317,14.56022,17.464249,19.416488,19.416488,19.416488,18.439089,15.297059,12.649111,8.602325,8.544004,11.045361,15.297059,15.033296,16.0,14.035669,12.165525,9.219544,6.082763,3.0,1.414214,3.162278,5.830952,8.602325,9.433981,10.29563,11.18034,12.083046,12.083046,12.649111,11.401754,10.198039,8.062258,5.09902,1.0,3.162278,7.615773,13.0,12.041595,13.341664,14.56022,14.866069,15.231546,15.264338,15.0,14.21267,14.142136,14.21267,14.21267,13.601471,13.601471,12.529964,12.083046,10.77033,10.440307,9.055385,7.071068,6.708204,7.211103,9.486833,12.165525,15.132746,17.029386,19.026298,16.124515,17.804494,17.691806,18.027756,15.652476,13.601471,10.0,7.615773,4.472136,5.385165,7.81025,10.29563,11.7047,13.341664,15.033296,15.0,16.03122,16.03122,16.124515,15.132746,13.152946,12.041595,9.055385,7.615773,7.071068,8.544004,16.401219,15.620499,13.453624,12.041595,10.0,10.29563,10.440307,11.401754,12.369317,13.601471,14.866069,16.155494,17.0,17.492856,17.804494,18.384776,17.691806,16.401219,14.21267,12.041595,9.219544,7.615773,7.071068,9.848858,12.206556,15.0,9.433981,7.615773,7.071068,7.28011,9.433981,11.401754,13.453624,16.278821,17.029386,18.439089,17.204651,17.492856,16.124515,15.652476,14.317821,12.083046,12.083046,11.18034,10.816654,11.401754,12.041595,12.727922,14.142136,16.278821,16.970563,17.029386
hoyeon_stand_normal_01,3282,1094,109.4059781420765,29.998360745314464,10,0.5410391092300415,0.685068666934967,-0.2003636807203292,0.9999907612800598,0.536706268787384,0.6947067379951477,-0.1888904571533203,0.999968409538269,0.5340968370437622,0.6941263675689697,-0.1888987720012664,0.999971091747284,0.531659722328186,0.6933236718177795,-0.1889103055000305,0.9999725818634032,0.544215202331543,0.6951966285705566,-0.1882213950157165,0.9999558925628662,0.5466577410697937,0.6951621174812317,-0.188227966427803,0.9999538064002992,0.5491352677345276,0.6951422691345215,-0.1882255673408508,0.9999523162841796,0.5276990532875061,0.6848194003105164,-0.1086351126432418,0.9999582767486572,0.5522829294204712,0.6875626444816589,-0.1053410544991493,0.9998949766159058,0.5357953906059265,0.6722001433372498,-0.1695462167263031,0.9999892115592957,0.5463635921478271,0.6737542152404785,-0.1686367988586425,0.9999820590019226,0.5065736174583435,0.6073232293128967,-0.0516292490065097,0.999988317489624,0.5725475549697876,0.607660710811615,-0.0423756204545497,0.9999440908432008,0.4979519844055176,0.5059859752655029,-0.0112392390146851,0.9891647696495056,0.5782584547996521,0.5105968117713928,-0.0037930815014988,0.9596866965293884,0.4926336407661438,0.4231239557266235,-0.0812620967626571,0.9828374981880188,0.5845109820365906,0.4271284341812134,-0.0694948360323906,0.9495206475257874,0.4882786870002746,0.3958726823329925,-0.1032153889536857,0.9642494320869446,0.5880120992660522,0.399407297372818,-0.091563269495964,0.9128846526145936,0.4928106963634491,0.3956831097602844,-0.1299600303173065,0.9671706557273864,0.5848894715309143,0.3990881741046905,-0.120903767645359,0.9196698665618896,0.4960890114307403,0.4038307964801788,-0.0934930816292762,0.9589627385139464,0.5826577544212341,0.40741828083992,-0.0829078778624534,0.9112048745155334,0.5204517841339111,0.429440975189209,-0.00603335397318,0.9997636675834656,0.5616381764411926,0.4288461208343506,0.0059965890832245,0.9996516108512878,0.5202767252922058,0.2735166251659393,-0.0269743502140045,0.9747228622436525,0.5622411966323853,0.2733706533908844,-0.013872081413865,0.9554846286773682,0.5246236324310303,0.1285462826490402,0.0665464475750923,0.9765579104423524,0.5548419952392578,0.1301543265581131,0.0831848829984664,0.9509817957878112,0.5272731184959412,0.1112200170755386,0.0691725835204124,0.6364335417747498,0.5513383746147156,0.1139397695660591,0.0865754336118698,0.6382346153259277,0.527458131313324,0.0777824372053146,-0.0409417413175106,0.963646650314331,0.5550479888916016,0.0789040401577949,-0.0157979950308799,0.9455715417861938,hoyeon_stand_normal_01,10.630146,5.830952,3.0,4.0,7.28011,10.440307,12.649111,13.928388,14.317821,14.317821,14.764823,13.038405,12.206556,11.401754,8.485281,7.211103,5.0,5.656854,9.486833,14.142136,19.026298,24.020824,28.017851,30.066593,30.149627,28.284271,2.236068,4.123106,8.0,11.045361,14.035669,16.03122,17.0,18.027756,17.029386,16.124515,14.142136,12.165525,10.198039,7.28011,4.123106,1.414214,2.0,5.09902,8.544004,11.7047,15.231546,19.235384,20.59126,21.633308,20.808652,19.209373,15.69352,14.561995,13.0495,11.760132,10.315073,8.640901,7.4479415,6.1622775,5.1925825,4.736068,4.6213205,5.5908915,6.5,8.154234500000001,10.6053185,11.893873,14.541322,15.8884955,17.6907,18.378253,18.612761,18.887024,17.760306,16.383916,14.1573245,10.978767,5.5908915,4.0388435000000005,5.2420925,7.535534,10.77033,12.6224805,14.5393695,15.243284,15.405694,15.264338,13.416408,12.541523,9.96357,7.7631605,5.5908915,2.5,1.2071070000000002,2.9953525,5.3983455,7.930992,10.9210305,13.483466,14.9286395,16.87755,17.601072000000002,17.113652000000002,13.416408,13.0,13.928388,14.866069,13.928388,13.416408,12.529964,11.661904,10.29563,8.944272,7.615773,5.385165,5.09902,5.09902,5.830952,8.485281,11.313708,14.21267,16.278821,18.384776,20.518285,20.615528,21.400935,20.0,17.204651,14.422205,12.806248,14.866069,15.556349,16.278821,16.278821,15.620499,14.21267,12.041595,9.899495,7.211103,6.324555,5.0,5.385165,6.708204,7.211103,8.602325,9.219544,10.0,10.816654,10.816654,11.661904,11.661904,11.401754,11.401754,10.630146,11.401754
hoyeon_stand_normal_01,3285,1095,109.50598360655738,29.998360745314464,10,0.5411041378974915,0.6851750612258911,-0.1996068507432937,0.9999906420707704,0.536772608757019,0.6947669982910156,-0.1880725771188736,0.9999679327011108,0.5341581702232361,0.6941915154457092,-0.1880812793970108,0.9999706149101256,0.5317026972770691,0.6933850049972534,-0.1880936175584793,0.99997216463089,0.5442861318588257,0.6952300071716309,-0.1873689591884613,0.9999552369117736,0.5467253923416138,0.6951759457588196,-0.1873765587806701,0.9999531507492064,0.5492153763771057,0.6951375603675842,-0.1873738914728164,0.999951720237732,0.5277702212333679,0.68487149477005,-0.1078952550888061,0.9999576210975648,0.5523247122764587,0.6875836849212646,-0.1044031232595443,0.9998933672904968,0.5358496904373169,0.6723202466964722,-0.1688493937253952,0.999989092350006,0.5464330911636353,0.6738482713699341,-0.1678869724273681,0.9999818205833436,0.5066924691200256,0.6073225140571594,-0.0516392476856708,0.9999882578849792,0.5726146697998047,0.6076658964157104,-0.0412953495979309,0.999944031238556,0.4979954957962036,0.5059332847595215,-0.0116315614432096,0.989104688167572,0.5782820582389832,0.5105289220809937,-0.0026494613848626,0.9595956206321716,0.4926338493824005,0.4232194721698761,-0.0814966484904289,0.9827673435211182,0.5845216512680054,0.4270892143249511,-0.0685416534543037,0.94963937997818,0.4882811605930328,0.3959616422653198,-0.103404201567173,0.9641530513763428,0.5880183577537537,0.3994039893150329,-0.090626835823059,0.913085401058197,0.4928239583969116,0.3957646191120147,-0.1302072554826736,0.9670764803886414,0.5848850011825562,0.3990834057331085,-0.1199021190404892,0.9198573231697084,0.4960969984531402,0.4038748145103454,-0.0937303826212883,0.9588468670845032,0.5826549530029297,0.4074108302593231,-0.0819594487547874,0.9114277362823486,0.5204566717147827,0.4293771386146545,-0.0061822081916034,0.999763548374176,0.5616419315338135,0.4287488162517547,0.0061457226984202,0.9996517896652222,0.5202875733375549,0.2732562124729156,-0.0274153593927621,0.9747321605682372,0.5622740387916565,0.273302674293518,-0.0136552425101399,0.9553599953651428,0.524637758731842,0.1285339444875717,0.0663411095738411,0.9764676690101624,0.5548282265663147,0.1301722973585128,0.0836023092269897,0.9508318305015564,0.5272687673568726,0.1112393662333488,0.0689248144626617,0.6350173354148865,0.5512732267379761,0.1139883249998092,0.0870104506611824,0.6380172967910767,0.5274587869644165,0.0776563510298729,-0.0411986447870731,0.963547706604004,0.5550562739372253,0.0788725242018699,-0.0152469156309962,0.9454535841941832,hoyeon_stand_normal_01,9.219544,6.403124,2.236068,2.236068,5.0,7.071068,9.219544,10.198039,10.440307,10.440307,10.440307,9.486833,9.486833,8.062258,6.403124,5.0,4.123106,5.0,7.615773,11.401754,15.524175,19.416488,22.561028,25.0,25.0,23.086793,1.0,3.0,6.0,8.0,11.0,13.038405,14.035669,14.142136,13.152946,12.369317,11.401754,9.486833,7.28011,5.385165,3.162278,1.0,1.414214,5.0,7.211103,10.816654,12.806248,15.620499,17.691806,17.691806,17.691806,15.620499,11.045361,12.0,13.152946,13.341664,13.601471,14.317821,13.892444,13.601471,13.453624,13.453624,13.453624,12.806248,12.206556,12.529964,12.083046,10.77033,9.486833,8.062258,7.28011,7.211103,8.062258,10.440307,13.038405,16.03122,18.027756,20.024984,15.620499,18.027756,17.888544,17.720045,16.278821,14.0,10.440307,7.211103,4.123106,5.0,7.615773,9.055385,12.0,13.152946,15.297059,15.524175,15.811388,16.155494,16.552945,15.231546,13.928388,11.7047,9.219544,7.071068,6.403124,7.615773,17.029386,15.0,13.0,12.041595,10.440307,10.29563,10.0,10.630146,12.806248,14.21267,16.401219,16.643317,17.0,18.384776,18.681542,19.416488,18.11077,17.029386,15.0,12.041595,9.219544,6.403124,7.615773,10.0,13.038405,16.03122,9.0,8.062258,5.830952,6.708204,9.219544,12.041595,14.035669,17.117243,18.11077,18.248288,18.439089,17.720045,16.763055,14.866069,13.928388,13.0,12.083046,10.440307,10.198039,11.045361,12.0,13.038405,15.033296,16.124515,17.029386,18.0
hoyeon_stand_normal_01,3288,1096,109.60598907103824,29.998360745314464,10,0.541134774684906,0.6852542161941528,-0.1947348713874817,0.9999904036521912,0.5368162989616394,0.6948064565658569,-0.1831404715776443,0.999967098236084,0.5341993570327759,0.6942335963249207,-0.1831508427858352,0.9999698400497437,0.5317342877388,0.6934242248535156,-0.1831626296043396,0.9999713897705078,0.5443323850631714,0.6952649354934692,-0.1824824512004852,0.9999541640281676,0.5467774271965027,0.695197582244873,-0.1824880689382553,0.9999520182609558,0.549278199672699,0.6951406598091125,-0.1824847608804702,0.999950647354126,0.5278314352035522,0.6849116086959839,-0.1034483611583709,0.9999563097953796,0.5523717403411865,0.6876204013824463,-0.1001231372356414,0.999890685081482,0.5358735918998718,0.67239910364151,-0.164209634065628,0.9999887943267822,0.5464680194854736,0.6739178895950317,-0.163290649652481,0.99998140335083,0.5067797899246216,0.6073235273361206,-0.0485620088875293,0.9999881386756896,0.5726661086082458,0.607667863368988,-0.0383213050663471,0.9999437928199768,0.4980189502239227,0.5059309601783752,-0.0100654391571879,0.9889705777168274,0.5783220529556274,0.5104486346244812,-0.0002831252350006,0.9593828320503236,0.4926287829875946,0.423368364572525,-0.0803638771176338,0.9826531410217284,0.5845423340797424,0.4270496368408203,-0.0659516975283622,0.9496727585792542,0.4882813692092895,0.3960816264152527,-0.1023648455739021,0.9640038013458252,0.5880458950996399,0.3993941843509674,-0.087919995188713,0.913237988948822,0.4928257763385772,0.3958633244037628,-0.1288555264472961,0.9669261574745178,0.5848909616470337,0.3990718126296997,-0.1170563772320747,0.9199817180633544,0.4960988461971283,0.4039458036422729,-0.0925129279494285,0.9586735963821412,0.5826610326766968,0.407402366399765,-0.079340249300003,0.9115684032440186,0.5204580426216125,0.4292751550674438,-0.0061985552310943,0.999764323234558,0.5616480112075806,0.4286256730556488,0.0061624203808605,0.9996528029441832,0.520275890827179,0.2731534838676452,-0.0275546498596668,0.9747287631034852,0.5623304843902588,0.2731698751449585,-0.0136026637628674,0.9553257822990416,0.5246545672416687,0.1285342723131179,0.0659392327070236,0.9763216376304626,0.5549032092094421,0.130450040102005,0.0835076794028282,0.9506872296333312,0.5272768139839172,0.1112645715475082,0.0685420557856559,0.6338998079299927,0.5513419508934021,0.1143648028373718,0.0868965834379196,0.637510359287262,0.5274583697319031,0.0776147618889808,-0.0413275510072708,0.9633954763412476,0.5551469922065735,0.0788758993148803,-0.0150423785671591,0.945356786251068,hoyeon_stand_normal_01,10.816654,6.324555,3.162278,5.0,8.062258,11.401754,12.649111,13.928388,13.928388,13.928388,14.317821,12.529964,11.661904,10.816654,8.485281,7.211103,5.09902,6.403124,8.944272,13.601471,19.416488,24.515301,27.45906,29.832868,30.083218,28.160256,2.236068,4.123106,7.615773,11.18034,14.317821,16.155494,17.088007,17.720045,17.464249,16.278821,14.142136,12.165525,10.049876,7.0,4.0,1.0,2.0,6.082763,9.219544,12.369317,16.763055,18.973666,20.615528,21.931712,21.470911,18.867962,16.763055,15.524175,13.152946,12.0,11.045361,9.219544,8.544004,7.211103,5.656854,5.385165,5.0,5.385165,6.708204,8.485281,10.0,11.661904,13.416408,15.652476,16.552945,17.888544,18.788294,17.464249,16.552945,15.231546,13.416408,9.848858,5.09902,4.242641,5.09902,7.211103,10.0,12.083046,13.601471,14.142136,15.033296,14.0,13.038405,11.18034,9.219544,6.324555,4.472136,1.414214,1.0,4.123106,6.324555,8.944272,12.083046,14.317821,16.552945,17.888544,17.888544,17.888544,13.341664,14.317821,15.297059,15.132746,15.297059,14.317821,13.601471,12.649111,10.77033,8.944272,7.615773,6.324555,6.082763,5.09902,5.830952,7.81025,10.816654,13.038405,15.0,17.804494,19.209373,20.518285,20.518285,19.104973,17.029386,14.21267,13.341664,14.56022,16.763055,17.088007,17.464249,16.155494,14.317821,13.0,10.440307,9.219544,7.0,6.324555,6.403124,7.071068,8.485281,9.219544,10.0,10.630146,12.041595,12.041595,12.727922,12.727922,12.041595,12.206556,11.661904,12.083046
hoyeon_stand_normal_01,3291,1097,109.70599453551912,29.998360745314464,10,0.5411926507949829,0.6854301691055298,-0.1942068189382553,0.999990165233612,0.5368884205818176,0.6948944926261902,-0.1826187819242477,0.999966323375702,0.5342613458633423,0.694317102432251,-0.1826290935277938,0.9999690651893616,0.5317785739898682,0.6935022473335266,-0.1826412379741668,0.9999706745147704,0.5444155335426331,0.6953280568122864,-0.1819529384374618,0.9999530911445618,0.5468533039093018,0.6952276229858398,-0.1819598227739334,0.9999508857727052,0.5493627190589905,0.6951435804367065,-0.1819570362567901,0.99994957447052,0.5278717279434204,0.6849730610847473,-0.1028496548533439,0.9999550580978394,0.5524146556854248,0.6876382827758789,-0.0994779244065284,0.9998878240585328,0.5359117388725281,0.6725772023200989,-0.1636343896389007,0.9999885559082032,0.5465242862701416,0.6740514039993286,-0.1627036482095718,0.9999809861183168,0.5068685412406921,0.6073326468467712,-0.0475026406347751,0.9999880790710448,0.5726872086524963,0.6076701283454895,-0.0374335721135139,0.9999433159828186,0.4980193674564361,0.5059403777122498,-0.0079974588006734,0.9889151453971864,0.578340470790863,0.5104032158851624,0.0012563946656882,0.9589993953704834,0.4926233291625976,0.4234741628170013,-0.0771806016564369,0.98262357711792,0.5845455527305603,0.4270229637622833,-0.064318336546421,0.9494923949241638,0.4882798790931701,0.3961554169654846,-0.0989623293280601,0.9639784097671508,0.588049054145813,0.3993797600269317,-0.0861304774880409,0.9130935668945312,0.4928358793258667,0.3959363400936126,-0.1252922117710113,0.9668960571289062,0.5848874449729919,0.3990572094917297,-0.1153217926621437,0.9198227524757384,0.4961085319519043,0.4040068686008453,-0.089194506406784,0.958626389503479,0.5826576352119446,0.4073960781097412,-0.077698178589344,0.9113783836364746,0.5204552412033081,0.4291579127311706,-0.0061977226287126,0.9997655749320984,0.5616511106491089,0.4284213483333587,0.0061614946462213,0.9996536374092102,0.5202783942222595,0.2726269662380218,-0.0278082229197025,0.9749096035957336,0.5623806715011597,0.273053914308548,-0.0136010674759745,0.955502152442932,0.524655818939209,0.1284006386995315,0.0659924298524856,0.976424515247345,0.5549187064170837,0.1304487437009811,0.0841768160462379,0.9509329199790956,0.5272772312164307,0.1111741885542869,0.0686562359333038,0.6344752907752991,0.5513485074043274,0.1143513917922973,0.0876798331737518,0.6380102038383484,0.5274354219436646,0.0773975625634193,-0.0409835204482078,0.9635690450668336,0.5551958084106445,0.0788173004984855,-0.0140077518299222,0.9456967711448668,hoyeon_stand_normal_01,16.03122,10.049876,3.162278,4.242641,8.944272,13.0,16.155494,18.027756,18.973666,18.681542,18.681542,17.262677,16.124515,15.033296,12.041595,9.486833,7.81025,9.055385,13.0,19.416488,27.018512,34.058773,39.051248,42.011903,43.600459,41.048752,3.0,6.403124,12.206556,15.811388,20.248457,23.600847,24.839485,25.495098,24.758837,23.345235,20.518285,17.691806,14.866069,10.630146,7.071068,3.162278,2.0,7.28011,11.7047,16.763055,22.135944,25.96151,28.861739,30.413813,29.274562,27.073973,15.811388,15.524175,14.142136,12.0,11.045361,9.219544,7.615773,6.403124,5.656854,5.385165,5.0,5.385165,6.403124,7.81025,9.433981,11.18034,13.416408,16.155494,17.088007,18.027756,18.027756,18.027756,17.088007,14.866069,12.649111,9.486833,5.385165,4.472136,5.09902,7.211103,9.433981,11.7047,13.341664,14.035669,15.0,14.035669,12.165525,11.401754,8.544004,6.324555,4.472136,1.414214,1.0,4.123106,6.324555,8.944272,12.083046,14.764823,16.124515,17.0,18.35756,17.888544,13.076473,13.959646,14.449265,15.195122,14.6127235,14.035262,13.571068,11.6109675,10.647815,8.8011625,7.6055515,5.9568575,4.7541355,4.561553,5.1925825,7.175589,10.0990195,12.979597,15.066373,17.638837,19.2607305,19.8602505,19.887146,19.0915195,16.932734,13.959646,13.946222,15.632169,16.8363515,18.069263,17.957631999999997,16.759231,15.066373,13.319938,10.908327,8.9998285,7.28011,6.701562,6.3638395,7.385231,7.877553499999999,9.044579,10.385165,11.260677,11.44985,12.330952,12.330952,12.330952,11.553227,12.0254325,11.8415125,12.1240755
hoyeon_stand_normal_01,3294,1098,109.806,29.998360745314464,10,0.5412545800209045,0.685524046421051,-0.1915623694658279,0.999989926815033,0.5369579195976257,0.6949604153633118,-0.1798866689205169,0.999965488910675,0.5343214869499207,0.6943840384483337,-0.1798987388610839,0.9999682307243348,0.531822144985199,0.6935690641403198,-0.1799104213714599,0.9999698996543884,0.5444822311401367,0.6953660249710083,-0.1790551096200943,0.9999518990516664,0.5469143986701965,0.6952452063560486,-0.1790630966424942,0.9999496936798096,0.5494218468666077,0.6951431632041931,-0.1790616959333419,0.999948501586914,0.5279036164283752,0.6850296854972839,-0.1002601161599159,0.9999536871910096,0.5524391531944275,0.6876433491706848,-0.0960342660546302,0.9998847842216492,0.5359512567520142,0.6726585626602173,-0.1611002534627914,0.999988317489624,0.5465697646141052,0.6741088628768921,-0.1599322408437729,0.9999805688858032,0.5068763494491577,0.6073296666145325,-0.0458390228450298,0.9999879002571106,0.5726954340934753,0.607638418674469,-0.0342839360237121,0.9999427795410156,0.4980205297470093,0.5059019327163696,-0.0074731977656483,0.9887595176696776,0.5783777236938477,0.5103093385696411,0.0041925976984202,0.9586334228515624,0.4926228821277618,0.4235366582870483,-0.0774832516908645,0.9823669195175172,0.5845721960067749,0.4270175695419311,-0.0622463561594486,0.9492565393447876,0.4882808923721313,0.3961958587169647,-0.0993717834353447,0.9635770916938782,0.5880548357963562,0.3993772864341736,-0.0841637030243873,0.9128341674804688,0.4928533136844635,0.395968347787857,-0.1257006376981735,0.9665087461471558,0.5848895311355591,0.3990567028522491,-0.1131360903382301,0.9195665121078492,0.4961213767528534,0.4040323495864868,-0.0895082503557205,0.9581377506256104,0.5826662182807922,0.4073958396911621,-0.0755794122815132,0.911099135875702,0.5204561948776245,0.4287199079990387,-0.0063383826054632,0.9997656345367432,0.5616541504859924,0.4279610216617584,0.0063008992001414,0.9996537566184998,0.5203055739402771,0.2722218930721283,-0.028538467362523,0.9752185940742492,0.5625640153884888,0.2723242342472076,-0.0134421624243259,0.9558791518211364,0.5246303081512451,0.1282418370246887,0.0663919225335121,0.9766724109649658,0.5548977255821228,0.1304038763046264,0.0859434977173805,0.9514760375022888,0.5272013545036316,0.111078068614006,0.0692474693059921,0.6357505321502686,0.551199734210968,0.114308975636959,0.0896139293909072,0.6401417255401611,0.5272745490074158,0.0773151069879531,-0.0403390415012836,0.9639769196510316,0.5551968216896057,0.0788036659359932,-0.0120029989629983,0.9463456273078918,hoyeon_stand_normal_01,9.848858,5.830952,2.236068,4.123106,7.071068,9.055385,11.045361,12.041595,13.0,13.0,13.0,12.041595,11.045361,10.198039,9.486833,7.211103,5.830952,6.0,8.062258,12.041595,16.970563,21.260292,24.083189,26.172505,26.172505,25.495098,3.605551,5.09902,7.071068,10.049876,13.038405,15.132746,16.124515,17.262677,16.492423,15.524175,13.601471,11.7047,9.486833,7.615773,5.385165,2.236068,1.0,3.605551,7.071068,9.899495,12.727922,16.278821,17.804494,18.601075,18.867962,16.124515,11.18034,13.152946,14.035669,14.035669,14.142136,13.341664,13.928388,13.416408,13.038405,13.601471,12.806248,12.727922,12.727922,12.806248,11.401754,10.816654,10.29563,8.246211,8.0,7.615773,8.485281,10.29563,13.0,15.524175,17.720045,18.681542,15.811388,17.888544,18.384776,17.464249,16.03122,13.152946,10.440307,6.403124,4.123106,5.0,7.28011,10.0,12.165525,13.341664,14.866069,15.231546,16.552945,16.124515,16.124515,15.264338,13.038405,11.18034,8.246211,7.0,5.830952,7.211103,12.529964,13.892444,15.264338,15.811388,15.264338,14.764823,14.317821,13.0,10.440307,9.486833,7.615773,6.324555,5.0,4.472136,5.0,8.062258,10.198039,13.601471,15.524175,18.439089,20.223748,21.095023,21.023796,20.024984,18.0,15.033296,13.928388,15.811388,17.464249,18.439089,18.248288,17.262677,15.297059,13.341664,11.401754,9.848858,7.81025,6.403124,6.708204,7.28011,9.055385,9.055385,10.049876,11.045361,12.041595,12.041595,12.165525,13.152946,12.041595,12.0,12.165525,11.7047
hoyeon_stand_normal_01,3297,1099,109.90600546448088,29.998360745314464,10,0.5414319634437561,0.685687243938446,-0.1933906972408294,0.9999898076057434,0.5371512770652771,0.6951079964637756,-0.1816972643136978,0.9999650120735168,0.5344851016998291,0.694523811340332,-0.181707888841629,0.9999678134918212,0.5319413542747498,0.6937127709388733,-0.1817198544740677,0.999969482421875,0.5446581244468689,0.6954318881034851,-0.1810421496629715,0.999951183795929,0.5470636487007141,0.695268988609314,-0.1810500770807266,0.9999489188194276,0.5495634078979492,0.6951428651809692,-0.1810478866100311,0.999947726726532,0.5279324650764465,0.685133695602417,-0.1006765514612197,0.999953031539917,0.5524612665176392,0.687645435333252,-0.0981289371848106,0.9998824000358582,0.536078691482544,0.6728335618972778,-0.1626302301883697,0.9999881982803344,0.546707034111023,0.6742039322853088,-0.1617565900087356,0.999980330467224,0.5068775415420532,0.6073365211486816,-0.0476006418466568,0.9999878406524658,0.5726948976516724,0.6076383590698242,-0.0357758589088916,0.9999421238899232,0.498010516166687,0.5058819651603699,-0.0105710458010435,0.9887672066688538,0.578384280204773,0.5103073120117188,0.0029438133351504,0.9581860303878784,0.4926124811172485,0.4235420227050781,-0.0795465409755706,0.9823726415634156,0.5845803022384644,0.4269022941589355,-0.0628865212202072,0.948950171470642,0.4882701635360718,0.3962015211582184,-0.1012178510427475,0.963609516620636,0.5880572199821472,0.399301528930664,-0.0846438705921173,0.912406086921692,0.4928594529628753,0.395973652601242,-0.1273367553949356,0.9665284752845764,0.5848568677902222,0.3989293277263641,-0.113441601395607,0.9191463589668274,0.4961279332637787,0.4040369689464569,-0.0913961827754974,0.9581753015518188,0.5826367139816284,0.4073110520839691,-0.076140247285366,0.910671889781952,0.5204758644104004,0.4287347793579101,-0.0064584156498312,0.9997652173042296,0.5616706013679504,0.4279725253582001,0.0064186817035079,0.9996522068977356,0.5203598141670227,0.2724590599536896,-0.0292056817561388,0.9749683141708374,0.5625787973403931,0.272502064704895,-0.0134409945458173,0.9555667638778688,0.5246642827987671,0.1284329742193222,0.0660950019955635,0.976423680782318,0.5548865795135498,0.1304780393838882,0.0858994573354721,0.9511204957962036,0.5272190570831299,0.1111963912844657,0.0690427049994468,0.633765697479248,0.5511993169784546,0.1148258596658706,0.0895139798521995,0.6391384601593018,0.5272712111473083,0.0773094668984413,-0.0404583737254142,0.9636467695236206,0.5551525950431824,0.0788051411509513,-0.0123903332278132,0.9460165500640868,hoyeon_stand_normal_01,11.401754,7.28011,2.236068,3.162278,7.071068,10.049876,12.0,13.0,14.0,14.035669,13.038405,12.165525,11.18034,10.440307,8.944272,6.403124,5.385165,6.324555,9.899495,14.422205,19.235384,24.596748,28.178006,30.413813,30.88689,29.154759,1.414214,4.472136,8.544004,11.401754,14.866069,16.155494,18.384776,18.788294,17.888544,17.0,15.264338,13.038405,10.816654,8.062258,4.472136,2.236068,1.0,5.0,8.602325,12.206556,15.811388,18.867962,21.954498,22.36068,21.931712,19.313208,16.643317,14.764823,13.928388,12.369317,11.18034,10.0,9.055385,7.615773,6.708204,5.656854,5.385165,6.082763,7.071068,7.615773,9.433981,11.401754,13.453624,15.556349,16.970563,18.384776,18.384776,17.691806,16.970563,14.866069,12.727922,9.899495,5.385165,3.605551,4.123106,7.071068,8.944272,12.369317,13.038405,14.0,15.132746,14.317821,12.649111,10.77033,8.944272,5.830952,4.472136,1.414214,1.0,3.605551,7.211103,10.0,12.206556,14.21267,17.029386,17.691806,18.439089,18.439089,13.341664,14.56022,15.811388,15.811388,14.56022,14.317821,13.341664,12.165525,11.045361,9.055385,8.062258,6.324555,5.830952,5.0,6.324555,8.246211,11.045361,14.035669,17.117243,19.104973,20.396078,21.587033,20.615528,19.646883,18.027756,14.866069,13.0,14.035669,16.03122,17.117243,16.124515,15.132746,13.152946,12.165525,9.055385,8.062258,6.324555,5.656854,5.830952,7.615773,8.246211,9.219544,10.440307,11.401754,11.401754,11.7047,11.7047,11.7047,11.7047,11.18034,12.041595,12.0
hoyeon_stand_normal_01,3300,1100,110.00601092896174,29.998360745314464,10,0.5416377186775208,0.6857917308807373,-0.194415807723999,0.999989688396454,0.5373207926750183,0.6951968669891357,-0.1828184723854065,0.9999645948410034,0.5346386432647705,0.6946080923080444,-0.1828286200761795,0.9999675154685974,0.5320600867271423,0.6937963962554932,-0.1828406751155853,0.9999691843986512,0.5448039770126343,0.6954701542854309,-0.1820785701274871,0.9999505281448364,0.5471827387809753,0.695283055305481,-0.1820861250162124,0.9999481439590454,0.549670398235321,0.6951420307159424,-0.1820839047431945,0.9999468922615052,0.5279543399810791,0.6851648688316345,-0.1017244011163711,0.999952495098114,0.5524646043777466,0.687647819519043,-0.099149540066719,0.999880075454712,0.5362862944602966,0.6729552149772644,-0.1637047678232193,0.9999881386756896,0.5469063520431519,0.6742891073226929,-0.1627556532621383,0.999980092048645,0.5068790316581726,0.6073434948921204,-0.0478757061064243,0.9999878406524658,0.5726945996284485,0.6076061725616455,-0.0365325883030891,0.999941349029541,0.4979879260063171,0.5058585405349731,-0.0109158605337142,0.9888686537742616,0.57839435338974,0.5102991461753845,0.002741064177826,0.9576103091239928,0.4925844371318817,0.4235410690307617,-0.0796873643994331,0.9825733304023744,0.5845890641212463,0.4266969561576843,-0.062046468257904,0.9485325217247008,0.4882367849349975,0.3961763381958008,-0.1013990938663482,0.9639802575111388,0.5880677103996277,0.3991741240024566,-0.0835038274526596,0.911865532398224,0.4928670823574066,0.3959447741508484,-0.1275929659605026,0.9668641090393066,0.5848456025123596,0.3987556397914886,-0.112258180975914,0.918598771095276,0.4961382150650024,0.4040210247039795,-0.0915762931108474,0.9585787057876588,0.5826203227043152,0.4071883261203766,-0.0752312317490577,0.9100869297981262,0.5204784870147705,0.4287361204624176,-0.0064627532847225,0.9997662901878356,0.5616887807846069,0.4279571175575256,0.0064226677641272,0.9996518492698668,0.5203606486320496,0.2722666561603546,-0.029283408075571,0.9748550653457642,0.5625793933868408,0.2724961638450622,-0.0134336370974779,0.955440878868103,0.5246431231498718,0.1283909231424331,0.0660406500101089,0.9763118028640748,0.5548813939094543,0.1303136944770813,0.0857034623622894,0.9509029984474182,0.5272142291069031,0.111147791147232,0.0690171271562576,0.6331154704093933,0.551202118396759,0.1148107200860977,0.0892618373036384,0.638050377368927,0.5271836519241333,0.0772330984473228,-0.0405768863856792,0.9634726047515868,0.5551506876945496,0.0787051394581794,-0.012639433145523,0.9458335041999816,hoyeon_stand_normal_01,18.336811,19.745097,19.6110615,18.3498165,16.1027105,13.4238925,10.514599,7.1934065,4.828427,2.9953525,3.8027755,5.6622775,8.0798885,10.3335865,12.8928625,15.342367499999998,17.9109045,19.403077,20.3353395,20.4743275,18.7088805,16.978336,13.1308805,9.47744,8.6485415,10.514599,16.530303,16.6179355,16.8086855,15.4747675,13.959646,10.8103235,7.671184,4.561553,2.699173,3.561553,5.751072000000001,7.8826955,9.353188500000002,10.5352265,12.205456,12.9114705,13.303285,13.319938,12.5192025,11.330952,8.9998285,5.854102,1.825141,2.8027755,7.7426405,12.3847585,14.317821,16.492423,17.088007,16.552945,17.492856,17.204651,17.691806,17.029386,17.029386,16.643317,17.492856,17.0,16.552945,16.155494,14.866069,14.56022,13.341664,11.045361,9.055385,8.062258,8.602325,11.401754,15.033296,17.029386,20.0,22.0,18.384776,21.470911,21.400935,21.213203,19.416488,16.552945,12.369317,9.055385,5.656854,6.0,8.602325,11.401754,13.416408,15.811388,17.464249,18.248288,19.104973,19.0,19.0,18.027756,16.0,14.035669,11.18034,9.433981,8.602325,10.198039,12.649111,13.416408,13.416408,14.764823,14.317821,13.0,12.649111,11.401754,10.198039,9.219544,7.071068,5.09902,3.605551,3.605551,5.09902,7.0,10.049876,13.038405,15.033296,17.029386,19.0,20.024984,20.099751,19.104973,17.262677,14.142136,13.152946,14.142136,17.117243,17.117243,18.027756,16.03122,15.033296,13.038405,11.045361,9.219544,7.615773,6.403124,5.830952,6.324555,7.28011,8.246211,9.219544,10.198039,10.198039,11.401754,11.401754,11.401754,11.18034,11.045361,11.0,11.18034
hoyeon_stand_normal_01,3303,1101,110.10601639344262,29.998360745314464,10,0.5417953133583069,0.6858106255531311,-0.1990886628627777,0.999989688396454,0.5374357104301453,0.6952192187309265,-0.1878067851066589,0.999964475631714,0.5347562432289124,0.6946282982826233,-0.1878170818090438,0.999967396259308,0.532151997089386,0.6938148140907288,-0.1878281384706497,0.9999691247940063,0.5448905825614929,0.6954824924468994,-0.1866962909698486,0.999950349330902,0.5472418665885925,0.6952878832817078,-0.1867049187421798,0.9999479055404664,0.5497168898582458,0.6951407790184021,-0.1867026388645172,0.9999465942382812,0.527966320514679,0.6851745247840881,-0.1084352061152458,0.9999522566795348,0.5524668097496033,0.6876481175422668,-0.1035998985171318,0.9998790621757508,0.536472499370575,0.6729740500450134,-0.1688106507062912,0.9999880790710448,0.5470625162124634,0.6743133068084717,-0.16736800968647,0.9999800324440002,0.5068920850753784,0.6073578596115112,-0.05385198071599,0.9999877214431764,0.5726830959320068,0.6075698733329773,-0.0402477979660034,0.9999407529830932,0.4979698359966278,0.505855917930603,-0.0169903580099344,0.9889868497848512,0.5783988833427429,0.5101872086524963,-0.0005952840438112,0.95749694108963,0.4925689399242401,0.4235444068908691,-0.0863635316491127,0.9827632904052734,0.5845916271209717,0.4266018271446228,-0.0646320208907127,0.9484259486198424,0.4882136583328247,0.396151065826416,-0.1082909852266311,0.9642953276634216,0.5880711674690247,0.3991047143936157,-0.0859651938080787,0.9117018580436708,0.4928702116012573,0.3959254920482635,-0.134684219956398,0.967148780822754,0.5848389863967896,0.3986720442771911,-0.1142828464508056,0.9184241890907288,0.4961403310298919,0.404016762971878,-0.0982827246189117,0.9589359760284424,0.5826161503791809,0.4071086049079895,-0.077606052160263,0.9098742604255676,0.520488440990448,0.428727239370346,-0.0064577180892229,0.9997650384902954,0.5616918802261353,0.4279370605945587,0.0064169894903898,0.9996500015258788,0.5203903913497925,0.272281676530838,-0.0289369821548461,0.9746592044830322,0.562469482421875,0.2724833190441131,-0.0133646298199892,0.9554877877235411,0.5246007442474365,0.128494381904602,0.0656586810946464,0.9761310815811156,0.5547956228256226,0.1302143186330795,0.0841152295470237,0.950702667236328,0.5271217823028564,0.1111528202891349,0.0684925988316536,0.632396936416626,0.5511835217475891,0.1145837679505348,0.0874705612659454,0.6366626024246216,0.5271465182304382,0.077275663614273,-0.0408689118921756,0.9632541537284852,0.5550523996353149,0.0786977857351303,-0.0140563752502202,0.9455653429031372,hoyeon_stand_normal_01,9.433981,4.472136,2.0,3.162278,5.830952,8.062258,10.0,10.816654,11.401754,11.401754,11.401754,10.630146,9.899495,8.602325,8.062258,6.324555,5.09902,5.656854,8.544004,11.18034,16.03122,19.026298,22.022716,24.083189,25.179357,23.194827,2.0,4.472136,7.211103,9.433981,12.206556,13.892444,15.652476,15.652476,15.231546,14.866069,12.649111,11.401754,9.486833,7.28011,4.472136,2.236068,1.0,4.123106,6.082763,9.219544,12.369317,15.524175,16.763055,17.464249,17.464249,15.652476,16.124515,17.204651,18.439089,18.384776,18.439089,18.601075,18.35756,17.464249,18.027756,17.464249,17.464249,17.262677,17.117243,17.029386,17.0,15.0,14.142136,12.369317,9.848858,9.219544,9.486833,13.0,15.297059,18.681542,20.880613,22.803509,19.104973,21.587033,22.847319,21.954498,20.615528,17.029386,13.416408,9.055385,6.708204,6.324555,8.544004,10.816654,14.142136,16.401219,17.492856,18.788294,18.384776,18.973666,18.681542,17.720045,15.811388,13.0,9.433981,8.602325,9.055385,11.401754,14.142136,14.035669,15.033296,16.03122,15.033296,14.142136,13.341664,11.401754,10.440307,9.486833,7.28011,6.0,5.09902,5.0,6.403124,8.062258,11.18034,14.317821,16.552945,19.235384,21.095023,21.633308,20.808652,20.0,17.804494,15.620499,12.529964,14.764823,15.264338,15.811388,15.811388,15.811388,13.601471,12.206556,10.29563,7.28011,6.082763,5.09902,5.830952,6.403124,7.81025,9.219544,9.219544,10.630146,10.630146,11.313708,11.313708,11.313708,12.041595,10.816654,11.18034,11.7047
hoyeon_stand_normal_01,3306,1102,110.20602185792347,29.998360745314464,10,0.5418630838394165,0.6858154535293579,-0.1944973617792129,0.9999896287918092,0.537493109703064,0.6952247619628906,-0.1831125319004058,0.9999642968177797,0.5348175764083862,0.6946349143981934,-0.1831243485212326,0.9999672174453736,0.5321987867355347,0.6938219666481018,-0.1831355839967727,0.9999690055847168,0.5449333190917969,0.695485532283783,-0.1818126589059829,0.999950110912323,0.5472695231437683,0.6952877640724182,-0.1818185746669769,0.9999475479125975,0.549738347530365,0.6951327919960022,-0.1818133294582367,0.9999462366104126,0.5279690623283386,0.685180127620697,-0.1047207415103912,0.9999520182609558,0.5524687170982361,0.6876378655433655,-0.098765954375267,0.9998776912689208,0.5365382432937622,0.6729754209518433,-0.1646025329828262,0.9999880194664,0.5471076369285583,0.6743195652961731,-0.1628836244344711,0.9999799728393556,0.5068899393081665,0.6073837876319885,-0.0525032021105289,0.999987781047821,0.5726452469825745,0.6075694561004639,-0.0361569672822952,0.9999402165412904,0.4979309737682342,0.5058530569076538,-0.0165793038904666,0.9891111850738524,0.5784016251564026,0.5101453065872192,0.0020635551773011,0.957091510295868,0.4925325512886047,0.4234895706176758,-0.0866524130105972,0.9830139875411988,0.5845949053764343,0.4265808463096618,-0.0625986084342002,0.9482274055480956,0.488182008266449,0.3960207104682922,-0.1090739294886589,0.964763879776001,0.588072657585144,0.3990766704082489,-0.0841301530599594,0.9114587306976318,0.4928726553916931,0.3958180546760559,-0.1352014392614364,0.9675673246383668,0.5848271250724792,0.3986282348632812,-0.1124460026621818,0.9181618094444276,0.4961423873901367,0.4039650559425354,-0.0985355302691459,0.9594415426254272,0.5826091766357422,0.4070711135864258,-0.0756146609783172,0.9095913767814636,0.5204922556877136,0.4287321269512176,-0.0066852322779595,0.999766767024994,0.5616894364356995,0.4279256165027618,0.0066450415179133,0.999651312828064,0.5203915238380432,0.2722739577293396,-0.0289588198065757,0.9747124910354614,0.562438428401947,0.2724626958370209,-0.0127490479499101,0.9556553959846495,0.524629533290863,0.1284933388233184,0.0653363838791847,0.9762110114097596,0.5547784566879272,0.130163162946701,0.0842291787266731,0.9509416222572328,0.5271499752998352,0.1111641600728035,0.0681378096342086,0.6334234476089478,0.5511804223060608,0.1144672632217407,0.0875905752182006,0.6375313401222229,0.5271825194358826,0.0772847682237625,-0.0408995673060417,0.9634085297584534,0.5550523400306702,0.0787006393074989,-0.013543277978897,0.945810317993164,hoyeon_stand_normal_01,17.888544,18.35756,18.601075,17.204651,15.620499,12.041595,9.219544,6.403124,4.123106,2.236068,4.123106,6.0,8.062258,11.18034,13.341664,15.524175,17.720045,19.646883,20.615528,20.396078,19.416488,17.464249,13.601471,10.816654,8.944272,11.0,16.552945,17.088007,16.763055,16.278821,14.142136,11.18034,8.246211,5.385165,3.605551,4.0,5.385165,8.062258,9.433981,10.816654,11.661904,12.529964,13.416408,13.0,12.649111,11.401754,9.219544,6.082763,2.0,2.0,6.082763,11.401754,12.529964,14.317821,14.866069,14.56022,14.317821,15.033296,14.0,14.142136,14.317821,13.601471,13.601471,13.928388,14.317821,13.416408,13.038405,11.661904,10.816654,9.899495,7.81025,6.082763,7.28011,8.602325,11.313708,14.21267,15.811388,17.804494,15.231546,16.492423,18.11077,18.027756,16.278821,13.928388,10.816654,7.81025,5.09902,5.0,6.324555,9.055385,10.440307,13.0,13.892444,14.422205,15.811388,15.620499,14.866069,14.142136,12.727922,11.401754,8.944272,7.071068,7.28011,7.81025,16.03122,15.132746,13.038405,11.0,10.198039,9.486833,9.433981,10.816654,11.401754,13.601471,14.422205,16.124515,17.464249,18.027756,18.439089,18.11077,18.0,16.0,15.033296,11.0,8.062258,5.830952,6.708204,9.0,12.041595,15.132746,10.0,8.062258,6.708204,7.81025,8.544004,11.401754,14.142136,16.124515,17.262677,18.439089,17.720045,17.088007,16.552945,15.652476,14.764823,12.529964,12.083046,10.77033,10.440307,10.198039,12.041595,13.0,15.0,17.0,17.029386,18.027756
hoyeon_stand_normal_01,3309,1103,110.30602732240438,29.998360745314464,10,0.5418709516525269,0.6857638955116272,-0.1957470625638961,0.999989688396454,0.537494421005249,0.6952135562896729,-0.1843938529491424,0.9999645352363586,0.5348188877105713,0.6946237683296204,-0.1844055503606796,0.9999674558639526,0.53220134973526,0.6938029527664185,-0.1844175308942794,0.999969244003296,0.5449363589286804,0.695460855960846,-0.1830431073904037,0.999950349330902,0.5472710728645325,0.6952567100524902,-0.1830478310585022,0.999947726726532,0.5497392416000366,0.6950773596763611,-0.1830399334430694,0.9999464154243468,0.5279356241226196,0.6851428747177124,-0.1059055253863334,0.999952495098114,0.5524678826332092,0.6875779032707214,-0.0997283607721328,0.9998779892921448,0.5365374684333801,0.6728288531303406,-0.1657774895429611,0.9999881386756896,0.5471084713935852,0.6742302179336548,-0.164011612534523,0.9999801516532898,0.5068668127059937,0.6073848009109497,-0.0532414093613624,0.9999879598617554,0.5725923776626587,0.6075729131698608,-0.0363346822559833,0.9999399185180664,0.4978695213794708,0.5058214664459229,-0.0171574689447879,0.9892672300338744,0.5783920884132385,0.5101419687271118,0.0015041948063299,0.956863284111023,0.4924792349338531,0.4233066737651825,-0.0871308147907257,0.9833050966262816,0.5845955610275269,0.426578938961029,-0.0633490681648254,0.948056936264038,0.4881453216075897,0.3958583176136017,-0.109603002667427,0.9653005003929138,0.5880744457244873,0.3990719616413116,-0.0849892050027847,0.911218523979187,0.4928737580776214,0.3956325650215149,-0.1358276307582855,0.9680537581443788,0.5848227739334106,0.3986131846904754,-0.1131926998496055,0.9179112315177916,0.4961444735527038,0.4038372039794922,-0.099034659564495,0.960020899772644,0.582607626914978,0.4070545136928558,-0.0763327032327652,0.9092994928359984,0.5205382108688354,0.4287684559822082,-0.0067259361967444,0.999768614768982,0.5617030262947083,0.4279358983039856,0.0066851382143795,0.9996521472930908,0.5203934907913208,0.2722744345664978,-0.0287704188376665,0.9748270511627196,0.5624231100082397,0.2724635004997253,-0.0123105300590395,0.9558826684951782,0.5246339440345764,0.1282921433448791,0.0653227269649505,0.9763748049736024,0.5547279119491577,0.1300830990076065,0.0842677429318428,0.951200783252716,0.5271514058113098,0.1109786927700042,0.0681164562702179,0.6342004537582397,0.5511335134506226,0.1143003776669502,0.0876237079501152,0.6384485960006714,0.5272035598754883,0.0771708711981773,-0.0409818813204765,0.9636173844337464,0.55503249168396,0.0786731094121933,-0.0135078364983201,0.946092128753662,hoyeon_stand_normal_01,18.248288,19.026298,19.0,18.027756,16.124515,13.152946,10.049876,7.0,4.123106,2.236068,3.162278,5.0,7.81025,9.899495,12.727922,15.620499,17.691806,19.104973,19.79899,19.79899,18.384776,16.278821,13.601471,10.440307,9.055385,11.661904,15.811388,17.464249,17.0,15.264338,13.601471,11.401754,7.211103,4.472136,3.162278,5.0,6.324555,8.246211,10.440307,12.369317,12.649111,13.928388,14.317821,14.317821,13.892444,11.661904,9.433981,6.403124,2.236068,3.0,7.28011,11.401754,13.833188,15.405122,15.6150715,16.2487725,16.46092,16.168698499999998,15.794802999999998,15.918316,15.6736035,15.583021,15.583021,15.532761,15.532761,15.1685925,14.932573,13.8857225,12.345353,10.700877,8.972135999999999,8.303131,8.881774,10.59017,13.7969955,16.670272,19.210011,21.326471,17.194795499999998,18.9100895,19.7146015,19.309508,17.358955,14.8102495,11.631693,8.062258,4.736068,4.736068,7.2166385,9.8239825,11.946222,13.6985355,15.2148355,16.304965,16.378455,16.934898,16.001607,15.5048435,13.397325,11.595261,8.920698999999999,7.6511535,7.9185525,9.8913325,13.601471,13.601471,14.866069,14.866069,14.56022,14.56022,13.341664,11.045361,10.049876,9.055385,7.071068,5.09902,4.472136,5.0,6.324555,8.246211,11.18034,13.152946,16.124515,18.248288,19.416488,20.880613,20.880613,18.973666,17.464249,15.231546,12.041595,14.035669,15.0,16.0,16.03122,15.033296,14.035669,12.0,10.0,8.062258,6.708204,6.403124,5.830952,6.708204,7.28011,8.246211,9.219544,10.440307,10.440307,10.77033,10.77033,10.77033,11.401754,11.18034,11.045361,11.045361
hoyeon_stand_normal_01,3312,1104,110.40603278688523,29.998360745314464,10,0.5418237447738647,0.6855993270874023,-0.2071309089660644,0.9999898076057434,0.5374126434326172,0.6951225996017456,-0.1958714425563812,0.9999648332595824,0.5347394347190857,0.6945087909698486,-0.1958792358636856,0.9999678134918212,0.532142698764801,0.6936646103858948,-0.1958926618099212,0.9999695420265198,0.5448766350746155,0.6954001188278198,-0.1948615908622741,0.9999507069587708,0.5471980571746826,0.6952012777328491,-0.1948689818382263,0.9999480843544006,0.5496294498443604,0.6950191855430603,-0.1948617845773697,0.999946653842926,0.5277779698371887,0.6849416494369507,-0.1160407364368438,0.9999531507492064,0.5524314641952515,0.687494695186615,-0.1113544628024101,0.9998787641525269,0.5364471673965454,0.6725566387176514,-0.1764244884252548,0.999988317489624,0.5470404028892517,0.6740704774856567,-0.1751234084367752,0.9999803900718688,0.5068148374557495,0.6073596477508545,-0.060322105884552,0.9999881386756896,0.5725281834602356,0.6075774431228638,-0.0445727370679378,0.9999396204948424,0.4977725446224212,0.5056600570678711,-0.0213115587830543,0.9894790649414062,0.5783938765525818,0.5101110935211182,-0.0051326700486242,0.9569591879844666,0.4924322664737701,0.4226735532283783,-0.0903692618012428,0.983646810054779,0.5845919251441956,0.4265758693218231,-0.0702437609434127,0.9480714201927184,0.4881249964237213,0.3953829407691955,-0.1126377433538436,0.9659098386764526,0.5880711674690247,0.3990638554096222,-0.0918757915496826,0.9111751317977904,0.4928639233112335,0.3950747847557068,-0.1392261236906051,0.9686144590377808,0.5848049521446228,0.3985878825187683,-0.1204110831022262,0.9178550243377686,0.4961346089839935,0.4033912420272827,-0.102328673005104,0.9607059359550476,0.5825907588005066,0.4070291221141815,-0.0832776054739952,0.9092053771018982,0.5205920338630676,0.4288014769554138,-0.0068323854357004,0.9997684359550476,0.5617063045501709,0.427949458360672,0.0067900386638939,0.9996497631072998,0.5204137563705444,0.2722203731536865,-0.0285947099328041,0.9747748374938964,0.5623761415481567,0.2724635303020477,-0.011684083379805,0.9557549953460692,0.52462238073349,0.1282712519168853,0.0663300305604934,0.9763050675392152,0.5546461939811707,0.1300588846206665,0.0851787030696868,0.9510047435760498,0.5271039605140686,0.1109717711806297,0.0691369101405143,0.6328046917915344,0.5510048270225525,0.114245980978012,0.0886093527078628,0.6380945444107056,0.5272762179374695,0.0771795064210891,-0.0403618440032005,0.9634630680084229,0.5550113320350647,0.0786740407347679,-0.0128552168607711,0.9458900094032288,hoyeon_stand_normal_01,18.384776,19.646883,20.396078,19.235384,16.124515,14.142136,11.18034,7.28011,4.472136,3.605551,3.162278,5.0,7.81025,10.29563,12.529964,14.317821,16.552945,18.788294,18.788294,18.788294,17.888544,16.155494,12.649111,9.055385,7.211103,8.944272,15.620499,16.278821,16.278821,15.0,13.601471,10.29563,8.062258,4.472136,2.236068,2.828427,5.09902,7.28011,9.219544,10.440307,11.401754,12.649111,13.0,13.416408,12.529964,10.816654,8.602325,5.0,1.414214,3.605551,8.062258,12.529964,12.806248,13.601471,13.892444,14.317821,13.928388,14.56022,14.317821,14.035669,14.0,14.0,14.035669,14.035669,14.142136,14.317821,13.341664,12.369317,11.7047,9.848858,8.602325,8.062258,9.219544,11.045361,13.341664,15.524175,17.720045,19.646883,16.124515,18.027756,18.439089,18.11077,16.03122,14.56022,11.18034,7.81025,4.123106,4.242641,5.09902,8.062258,9.848858,11.661904,13.038405,13.453624,14.142136,14.142136,14.21267,12.806248,12.041595,9.899495,7.211103,6.082763,7.28011,8.602325,12.529964,13.892444,14.422205,14.422205,15.264338,13.892444,13.416408,11.7047,10.440307,8.544004,7.28011,6.324555,5.0,4.472136,5.09902,7.071068,10.049876,12.165525,15.297059,17.262677,19.104973,20.024984,19.0,18.0,16.03122,13.038405,13.0,14.866069,15.811388,16.763055,16.492423,16.492423,14.56022,12.649111,10.77033,8.944272,7.071068,6.403124,6.324555,7.071068,8.062258,9.0,10.049876,11.0,12.041595,12.041595,12.041595,12.041595,11.0,11.0,11.18034,11.7047
hoyeon_stand_normal_01,3315,1105,110.50603825136612,29.998360745314464,10,0.5417824983596802,0.685364842414856,-0.2157784104347229,0.9999899864196776,0.537314772605896,0.6949887275695801,-0.2045845687389373,0.9999655485153198,0.5346413254737854,0.6943507790565491,-0.204589769244194,0.9999685287475586,0.532072126865387,0.693487823009491,-0.2046032100915908,0.9999702572822572,0.5447858572006226,0.6953150629997253,-0.2037477195262909,0.9999516606330872,0.547096848487854,0.6951338052749634,-0.2037550508975982,0.9999490976333618,0.5494760274887085,0.6949657201766968,-0.2037470489740371,0.9999475479125975,0.5276408791542053,0.6847376227378845,-0.1242389157414436,0.999954342842102,0.5523428320884705,0.6874455809593201,-0.1205324456095695,0.999880850315094,0.5363916754722595,0.6721944212913513,-0.1848156154155731,0.9999885559082032,0.5469781160354614,0.6738295555114746,-0.183806762099266,0.9999807476997375,0.5067929029464722,0.6073224544525146,-0.0670263022184372,0.999988317489624,0.5724308490753174,0.6075948476791382,-0.0518212728202343,0.9999394416809082,0.4976674616336822,0.505595326423645,-0.025913268327713,0.9897215962409972,0.5783624053001404,0.5101114511489868,-0.0106168603524565,0.957086145877838,0.4923562109470367,0.4223175048828125,-0.0936801508069038,0.9840263724327089,0.5845869779586792,0.4265635907649994,-0.0745928958058357,0.9480705857276917,0.4880686402320862,0.3951181173324585,-0.1154824346303939,0.9665628671646118,0.5880696177482605,0.3990477919578552,-0.0957947075366973,0.9110823273658752,0.4928387999534607,0.3947515785694122,-0.1423674076795578,0.9692171812057496,0.5847838521003723,0.3985209167003631,-0.1243986338376998,0.9177520275115968,0.4961131513118744,0.4030950963497162,-0.1056447774171829,0.9614453911781312,0.5825726389884949,0.4069472849369049,-0.0875725895166397,0.9090471863746644,0.5206419825553894,0.4293200373649597,-0.0068896408192813,0.9997681379318236,0.5617089867591858,0.4282739758491516,0.0068451454862952,0.9996476769447328,0.5204159617424011,0.2727222442626953,-0.0285511873662471,0.9745365381240844,0.5622634887695312,0.2728742659091949,-0.0115240504965186,0.955470621585846,0.5246294140815735,0.1283434927463531,0.0652409121394157,0.9761531352996826,0.5546217560768127,0.1300559788942337,0.0841659381985664,0.9507191777229308,0.5271074175834656,0.1110295727849006,0.0677797496318817,0.6318197250366211,0.5509975552558899,0.1142179444432258,0.0873965844511985,0.6374219655990601,0.5272879004478455,0.0772456303238868,-0.0417229086160659,0.9632362723350524,0.5549610257148743,0.0786999091506004,-0.014044165611267,0.9455805420875548,hoyeon_stand_normal_01,17.029386,10.198039,4.242641,5.0,10.630146,15.264338,18.35756,19.723083,21.470911,21.023796,20.124612,19.697716,18.027756,16.492423,14.142136,11.045361,8.944272,8.944272,12.041595,17.720045,24.166092,31.304952,36.674242,40.311289,40.853396,39.217343,4.123106,6.403124,10.816654,15.264338,19.723083,22.472205,25.238859,25.806976,25.612497,24.083189,21.931712,19.79899,15.620499,12.041595,7.81025,3.605551,1.0,5.830952,11.18034,16.552945,21.540659,26.570661,30.083218,31.575307,31.256999,28.071338,15.811388,15.0,13.453624,12.806248,10.816654,9.848858,9.486833,8.062258,7.0,6.324555,5.830952,6.403124,6.708204,8.246211,10.049876,11.045361,13.152946,15.132746,16.278821,18.248288,18.248288,18.248288,17.117243,15.132746,13.038405,10.049876,5.0,3.162278,3.605551,6.708204,9.055385,11.045361,13.341664,13.601471,13.416408,13.038405,11.401754,10.0,8.485281,5.656854,3.605551,1.414214,1.414214,3.605551,7.211103,8.944272,12.083046,14.317821,15.652476,17.464249,17.464249,17.888544,17.088007,15.231546,13.928388,12.369317,10.049876,10.0,10.198039,11.401754,12.649111,14.56022,15.524175,16.278821,17.029386,18.0,19.235384,18.439089,18.973666,17.088007,15.231546,12.649111,9.219544,7.071068,7.81025,10.816654,13.416408,15.231546,9.055385,8.0,6.324555,7.071068,9.433981,10.77033,13.928388,15.811388,17.464249,17.464249,17.888544,17.492856,16.643317,14.422205,13.601471,12.806248,11.401754,11.661904,11.18034,11.7047,12.649111,13.601471,15.524175,16.492423,17.720045,18.027756
hoyeon_stand_normal_01,3318,1106,110.606043715847,29.998360745314464,10,0.5417553186416626,0.6849656701087952,-0.2163983434438705,0.9999901056289672,0.5372450351715088,0.6947639584541321,-0.2053291946649551,0.999966025352478,0.5345679521560669,0.6941298842430115,-0.2053346633911132,0.9999690055847168,0.5320195555686951,0.6932662129402161,-0.2053471207618713,0.9999706745147704,0.5447189211845398,0.695111870765686,-0.2043889611959457,0.9999522566795348,0.5470212697982788,0.6949653625488281,-0.2043962329626083,0.9999496936798096,0.5493686199188232,0.6948160529136658,-0.2043881267309188,0.9999480843544006,0.5275362133979797,0.6845299005508423,-0.1253997534513473,0.999955117702484,0.5522491931915283,0.6873283386230469,-0.1212141290307045,0.9998821020126344,0.5363473296165466,0.6717394590377808,-0.1855786144733429,0.9999886751174928,0.5469009280204773,0.6734379529953003,-0.1844313591718673,0.9999809861183168,0.5067718625068665,0.6072410345077515,-0.0684553459286689,0.9999884366989136,0.5723092555999756,0.6076092720031738,-0.0525108315050601,0.999939262866974,0.4976125955581665,0.5055735111236572,-0.0276063214987516,0.9899178743362428,0.5783299207687378,0.5101159811019897,-0.0112841445952653,0.9572243094444276,0.4923301339149475,0.4221900701522827,-0.0952697470784187,0.9843352437019348,0.5845794677734375,0.4265550971031189,-0.075368195772171,0.9480372667312622,0.4880464673042297,0.3950358033180237,-0.1169930770993232,0.9670933485031128,0.5880604386329651,0.3990211188793182,-0.0964562073349952,0.9109374284744264,0.4928368628025055,0.3946462869644165,-0.1438362300395965,0.9696968197822572,0.5847704410552979,0.3984436988830566,-0.1250143945217132,0.9175723791122437,0.4961110055446625,0.402987390756607,-0.1071897596120834,0.9620375037193298,0.5825664401054382,0.4068540632724762,-0.0883274152874946,0.9088233709335328,0.5207234621047974,0.4294455349445343,-0.0070259505882859,0.9997684955596924,0.5617113709449768,0.4283874928951263,0.0069783995859324,0.9996463656425476,0.5204035043716431,0.2727174758911133,-0.0284245517104864,0.9744120836257936,0.5622624158859253,0.2729019522666931,-0.0110125066712498,0.9554752111434937,0.5246424078941345,0.1281831413507461,0.0643825307488441,0.9760826230049132,0.5546592473983765,0.130054086446762,0.0840538591146469,0.950680136680603,0.5271210074424744,0.1108302921056747,0.066718190908432,0.6314361095428467,0.5510734915733337,0.1141057461500167,0.0872369930148124,0.6375959515571594,0.5273540616035461,0.0772566795349121,-0.0426389016211032,0.9631316065788268,0.5550225973129272,0.0787573754787445,-0.0140755707398056,0.9455676674842834,hoyeon_stand_normal_01,19.104973,21.023796,20.0,19.104973,16.124515,13.038405,11.045361,7.0,5.09902,3.605551,4.0,6.324555,8.062258,10.816654,12.806248,14.21267,17.029386,18.601075,19.209373,19.209373,17.804494,15.620499,12.727922,9.433981,8.0,9.848858,16.124515,15.811388,16.401219,15.556349,13.453624,10.0,7.211103,4.242641,2.0,3.605551,5.09902,7.28011,9.486833,10.440307,11.7047,13.0,12.083046,12.529964,11.661904,10.816654,7.81025,5.0,1.0,4.123106,8.544004,13.601471,16.03122,14.142136,13.341664,11.7047,11.18034,10.0,8.485281,7.211103,6.708204,5.09902,5.09902,5.830952,6.403124,8.062258,9.848858,11.401754,13.341664,15.524175,17.464249,18.439089,18.439089,18.439089,16.492423,15.524175,12.649111,9.486833,4.472136,3.162278,4.472136,7.0,9.486833,11.661904,14.21267,14.142136,14.21267,14.422205,12.529964,10.77033,8.544004,6.324555,4.123106,1.0,1.0,4.0,6.0,9.0,12.041595,14.035669,16.03122,17.029386,18.027756,17.029386,15.710787,14.2299785,12.1242855,10.408327,9.1374645,8.5731645,9.1891265,10.9210305,11.7216745,13.2038595,14.644137,15.652476,17.053783,17.462348,18.6766305,17.859780999999998,18.3005375,15.921304,13.9640565,11.3536325,7.936254,5.830952,6.8023325,10.109772,13.3817955,15.4486445,9.757587,7.405125,6.767829,6.737096,8.5588215,10.6053185,13.8297425,14.895883,16.978336,17.873900499999998,17.5578815,17.008597,15.9656485,14.512595,13.038405,12.3501545,10.737984999999998,10.514599,9.96357,10.4841845,11.3536325,13.038405,14.228937,15.921304,16.88028,17.3050495
hoyeon_stand_normal_01,3321,1107,110.70604918032788,29.998360745314464,10,0.5417501926422119,0.6846929788589478,-0.2186702042818069,0.9999902844429016,0.5372180938720703,0.6946195363998413,-0.2077220529317855,0.999966561794281,0.5345386862754822,0.6939991116523743,-0.2077268064022064,0.9999695420265198,0.5319967865943909,0.6931377053260803,-0.2077401280403137,0.9999712109565736,0.5446868538856506,0.6949637532234192,-0.2067337781190872,0.9999529719352722,0.5469794869422913,0.6948416233062744,-0.2067410945892334,0.9999504089355468,0.5493057370185852,0.6946983337402344,-0.2067332416772842,0.9999487400054932,0.5274835228919983,0.6844339370727539,-0.1278814524412155,0.9999560117721558,0.5521577596664429,0.6872542500495911,-0.1234624832868576,0.9998837113380432,0.536329984664917,0.6714701056480408,-0.187827780842781,0.999988853931427,0.5468604564666748,0.6731994152069092,-0.1866142600774765,0.9999812841415404,0.506729781627655,0.6071438193321228,-0.0702923759818077,0.999988615512848,0.5722211599349976,0.6076172590255737,-0.0542866438627243,0.9999391436576844,0.4975877702236175,0.50556880235672,-0.0286555960774421,0.9901132583618164,0.5782896876335144,0.5100870728492737,-0.0123887974768877,0.9572795629501344,0.4923173189163208,0.421990156173706,-0.0955090001225471,0.9846200942993164,0.5845785140991211,0.426481157541275,-0.0759768709540367,0.9479478001594543,0.4880275130271911,0.3949149847030639,-0.1171127706766128,0.9675725698471068,0.5880585312843323,0.3989646136760711,-0.0969166234135627,0.9107279181480408,0.492834210395813,0.3945122063159942,-0.1439409404993057,0.9701358079910278,0.5847690105438232,0.3983332216739654,-0.1255744695663452,0.917344093322754,0.4961076080799103,0.4028385579586029,-0.1073907241225242,0.962581753730774,0.5825667977333069,0.4067260921001434,-0.0889541059732437,0.9085533618927002,0.5207602381706238,0.4295786619186401,-0.0070660510100424,0.9997689127922058,0.5617132782936096,0.4284895956516266,0.0070170611143112,0.9996449947357178,0.520402193069458,0.2727265954017639,-0.0284240785986185,0.9743009209632874,0.5622354745864868,0.2729188203811645,-0.0109268222004175,0.955434024333954,0.524651288986206,0.1281182467937469,0.0638880133628845,0.976044535636902,0.5546711087226868,0.1300847381353378,0.0839235857129097,0.9505937695503236,0.5271444320678711,0.1107591763138771,0.0661587193608284,0.6314257383346558,0.5511253476142883,0.1141019538044929,0.0870853886008262,0.6375337839126587,0.5273759961128235,0.0772712156176567,-0.0432579554617404,0.9630048274993896,0.5550419092178345,0.0788241848349571,-0.0141814993694424,0.9454579949378968,hoyeon_stand_normal_01,9.219544,5.0,2.0,4.0,7.071068,9.219544,11.401754,12.369317,12.369317,12.649111,12.649111,11.7047,11.18034,9.433981,8.602325,7.071068,5.385165,6.082763,7.81025,11.401754,15.264338,18.35756,21.470911,23.706539,24.186773,22.472205,3.605551,5.0,7.28011,9.848858,12.083046,13.928388,15.811388,15.524175,15.524175,14.317821,13.152946,11.18034,9.055385,7.0,5.0,2.0,3.162278,6.324555,9.486833,12.649111,15.231546,16.552945,17.492856,18.027756,15.811388,16.080046250000002,16.401219,14.866069,13.453624,12.206556,10.29563,9.486833,8.246211,7.0,6.082763,5.830952,5.0,5.385165,7.071068,8.062258,10.198039,12.369317,13.928388,15.811388,18.027756,18.973666,19.313208,18.973666,18.027756,15.811388,13.601471,10.440307,4.472136,3.162278,5.0,7.211103,10.440307,12.041595,14.035669,15.132746,14.56022,14.866069,13.416408,11.18034,9.433981,7.211103,5.0,2.236068,1.0,3.605551,5.830952,8.602325,11.661904,13.892444,15.264338,17.0,17.492856,17.492856,16.124515,14.422205,12.529964,11.18034,9.486833,9.055385,9.055385,10.198039,11.401754,13.341664,14.142136,15.033296,16.03122,17.117243,18.439089,18.027756,17.888544,17.0,14.764823,11.661904,8.944272,6.0,5.830952,8.602325,12.083046,14.317821,10.440307,9.055385,7.071068,6.708204,8.485281,10.816654,13.416408,14.764823,17.0,17.492856,17.492856,16.401219,15.620499,14.866069,13.453624,12.727922,11.313708,10.630146,10.0,10.29563,12.083046,13.928388,14.866069,16.155494,17.464249,17.464249
hoyeon_stand_normal_01,3324,1108,110.80605464480874,29.998360745314464,10,0.5417391657829285,0.684462308883667,-0.2204003632068634,0.9999904036521912,0.537178099155426,0.6945003271102905,-0.2095321267843246,0.9999669194221495,0.5344980955123901,0.6938961744308472,-0.2095357775688171,0.9999698996543884,0.531968355178833,0.6930451393127441,-0.2095482051372528,0.999971568584442,0.5446377992630005,0.6948196887969971,-0.208546370267868,0.9999534487724304,0.5469266772270203,0.6947109699249268,-0.2085568755865097,0.9999508857727052,0.5492298007011414,0.6945705413818359,-0.2085493505001068,0.9999490976333618,0.5274271368980408,0.6843547821044922,-0.1298583000898361,0.9999566078186036,0.5520647764205933,0.687180757522583,-0.125485673546791,0.99988454580307,0.5363112688064575,0.6712738871574402,-0.1895944476127624,0.9999889731407166,0.5468021035194397,0.6730101108551025,-0.1883983463048935,0.99998140335083,0.5066792368888855,0.6070107817649841,-0.0723554044961929,0.9999887347221376,0.5721513032913208,0.607626736164093,-0.0560448430478572,0.9999388456344604,0.4975596368312835,0.505576491355896,-0.0304320491850376,0.990324854850769,0.57823246717453,0.5100844502449036,-0.013623222708702,0.9573784470558168,0.4923076629638672,0.4218333065509796,-0.0963675305247306,0.984932541847229,0.5845767259597778,0.4264625906944275,-0.0764820054173469,0.9479504823684692,0.4880002439022064,0.3947596549987793,-0.117692157626152,0.9681008458137512,0.5880572199821472,0.3989241421222687,-0.0972202941775322,0.9106524586677552,0.4928303062915802,0.3943550884723663,-0.1444771736860275,0.9706153273582458,0.5847676992416382,0.3982894420623779,-0.1258236020803451,0.9172451496124268,0.4961063265800476,0.4027237892150879,-0.1081647202372551,0.9631825089454652,0.5825661420822144,0.4066815078258514,-0.0894103124737739,0.908430516719818,0.5207973122596741,0.4296179413795471,-0.0071405046619474,0.9997682571411132,0.5617078542709351,0.4285241067409515,0.0070887878537178,0.9996426105499268,0.5204028487205505,0.2727403342723846,-0.028194572776556,0.9740870594978333,0.5622318983078003,0.2729603946208954,-0.0105508742853999,0.955232560634613,0.5246723890304565,0.1282034665346145,0.0639379769563674,0.975882053375244,0.5546677112579346,0.1301787048578262,0.0839918553829193,0.9503864645957948,0.5271578431129456,0.110927939414978,0.0662141814827919,0.6307013630867004,0.5511308908462524,0.1145854070782661,0.087168239057064,0.6370497941970825,0.5273884534835815,0.0773452147841453,-0.0428979843854904,0.9627980589866638,0.5550342202186584,0.0788953080773353,-0.0138705633580684,0.94527667760849,hoyeon_stand_normal_01,11.128216,6.6055515,2.9208095,4.061553,7.354102,9.3261005,11.3978355,13.0918655,13.179708,13.179708,12.327686,11.9814095,11.167423,9.4489775,8.3322915,6.1550615,5.5908915,5.854102,8.145306000000001,12.446222,16.465215,20.3602465,24.0695135,26.316683,26.284151,25.100361,2.118034,3.9142135,7.4431685,10.0519265,12.924975,15.0338955,16.300735500000002,16.619484,16.619484,15.419346,14.160208,12.071068,9.495295,7.7292545,4.352285500000001,2.207107,1.7071070000000002,5.04951,8.424268000000001,12.104001,15.35952,17.986974,19.979734,21.1726175,20.349662,18.5586215,16.492423,15.132746,14.035669,13.038405,12.165525,10.440307,8.944272,8.602325,7.81025,6.708204,6.324555,7.0,7.28011,8.944272,10.816654,12.806248,14.866069,16.970563,18.384776,19.104973,19.79899,19.79899,17.691806,16.278821,14.21267,11.401754,5.385165,3.162278,4.123106,6.708204,9.219544,12.041595,13.892444,14.317821,14.56022,13.341664,13.038405,11.0,8.062258,6.082763,4.123106,1.414214,1.0,4.123106,7.28011,9.486833,11.7047,13.928388,16.155494,17.464249,18.384776,18.027756,16.124515,14.142136,12.165525,10.440307,8.944272,8.485281,9.219544,10.29563,11.661904,13.601471,15.0,16.278821,16.278821,17.204651,18.35756,18.788294,18.027756,16.492423,14.317821,11.401754,7.615773,5.0,6.082763,9.848858,13.416408,16.124515,11.045361,9.219544,6.708204,7.211103,8.246211,11.045361,14.035669,15.0,17.0,17.0,18.11077,17.262677,16.278821,14.317821,13.341664,12.369317,10.440307,10.198039,10.0,11.045361,11.18034,13.341664,14.317821,16.763055,17.464249,17.262677
hoyeon_stand_normal_01,3327,1109,110.9060601092896,29.998360745314464,10,0.5417272448539734,0.6844341158866882,-0.2175364792346954,0.9999904036521912,0.5371497273445129,0.6944823265075684,-0.2065206915140152,0.9999668598175048,0.5344702005386353,0.6938841938972473,-0.2065260559320449,0.9999698996543884,0.5319454073905945,0.693037211894989,-0.2065384089946746,0.999971568584442,0.5446102023124695,0.694782555103302,-0.2055559307336807,0.9999533295631408,0.5468899011611938,0.6946702003479004,-0.2055650502443313,0.9999507665634156,0.5491704940795898,0.694524347782135,-0.2055578827857971,0.9999489188194276,0.5273779630661011,0.6843460202217102,-0.1267942637205124,0.9999567270278932,0.5519893169403076,0.6871560215950012,-0.1224216669797897,0.9998841285705566,0.5362858176231384,0.6712676882743835,-0.1867626160383224,0.9999889731407166,0.5467404723167419,0.6730031371116638,-0.1855644732713699,0.9999813437461852,0.5065723061561584,0.606879711151123,-0.0697941780090332,0.9999887943267822,0.572081983089447,0.6076314449310303,-0.0541600808501243,0.9999383687973022,0.4975306391716003,0.5055814981460571,-0.0286398287862539,0.9904345273971558,0.578175961971283,0.5100836157798767,-0.0124427126720547,0.9572126865386964,0.4922986626625061,0.4217802882194519,-0.0953980982303619,0.985085427761078,0.5845655798912048,0.4264581203460693,-0.0761983394622802,0.9476656317710876,0.4879710078239441,0.3946900963783264,-0.1169126257300376,0.9683612585067748,0.5880575776100159,0.3988981544971466,-0.0971399843692779,0.9102032780647278,0.492818534374237,0.3942857086658478,-0.1436700820922851,0.9708479046821594,0.5847642421722412,0.3982648253440857,-0.1255683749914169,0.91680508852005,0.4960989356040954,0.4026573598384857,-0.1072517186403274,0.9634749293327332,0.5825608968734741,0.4066671729087829,-0.0892292484641075,0.9079497456550598,0.5208178162574768,0.4296757280826568,-0.0071088457480072,0.9997681379318236,0.5617091059684753,0.4286030828952789,0.0070563233457505,0.999641478061676,0.5204033255577087,0.272740751504898,-0.0286138113588094,0.9739883542060852,0.5622617602348328,0.2730136215686798,-0.0113216061145067,0.9551628232002258,0.5248659253120422,0.1282163113355636,0.0638217106461525,0.9758200645446776,0.5546686053276062,0.1301586627960205,0.0831806436181068,0.9503740072250366,0.52740478515625,0.1110386773943901,0.066153734922409,0.6301846504211426,0.551151692867279,0.1145225837826728,0.0863862559199333,0.6366948485374451,0.5274737477302551,0.0773348286747932,-0.0429441891610622,0.9626799821853638,0.555023729801178,0.0788592174649238,-0.0147219086065888,0.9452636241912842,hoyeon_stand_normal_01,9.848858,5.385165,2.236068,3.162278,6.403124,8.602325,10.630146,11.401754,12.041595,12.041595,12.041595,11.313708,9.899495,8.602325,8.062258,6.324555,6.082763,6.403124,8.944272,11.401754,15.132746,19.104973,22.090722,24.186773,24.33105,22.36068,3.162278,5.0,7.81025,10.630146,13.453624,14.866069,16.278821,15.620499,15.620499,15.0,13.601471,11.661904,9.433981,7.211103,5.0,2.828427,1.414214,4.0,7.0,10.0,13.038405,15.033296,17.262677,18.439089,17.720045,15.811388,16.124515,15.231546,14.56022,12.165525,12.041595,11.0,9.219544,8.544004,7.211103,5.656854,5.830952,6.082763,7.071068,8.544004,10.29563,12.206556,13.601471,16.401219,17.804494,19.209373,19.209373,18.601075,17.204651,15.811388,13.038405,9.433981,5.0,2.828427,4.0,7.211103,9.219544,12.083046,13.928388,14.317821,14.142136,14.0,12.041595,11.045361,8.246211,6.082763,4.123106,1.0,1.414214,3.605551,7.211103,9.433981,12.206556,15.0,16.401219,17.804494,17.804494,17.204651,16.124515,14.764823,12.529964,11.401754,9.899495,9.433981,9.848858,11.401754,12.369317,14.56022,16.155494,16.552945,17.492856,18.601075,19.104973,19.104973,18.601075,17.204651,14.422205,12.206556,8.485281,6.324555,7.28011,10.816654,14.21267,17.029386,8.944272,7.211103,5.830952,6.082763,8.246211,10.77033,14.317821,16.552945,17.464249,18.027756,18.027756,17.720045,16.278821,15.132746,14.142136,12.165525,11.18034,10.198039,10.440307,11.18034,11.661904,13.038405,15.0,17.204651,18.027756,18.027756
hoyeon_stand_normal_01,3330,1110,111.00606557377048,29.998360745314464,10,0.5417062044143677,0.6844227910041809,-0.2155949622392654,0.9999904036521912,0.5371028780937195,0.6944715976715088,-0.2045193612575531,0.9999668598175048,0.5344275832176208,0.6938766241073608,-0.2045232355594635,0.9999698996543884,0.5319138765335083,0.6930319666862488,-0.2045353055000305,0.9999716281890868,0.5445672273635864,0.6947588324546814,-0.2037995457649231,0.9999532103538512,0.5468413233757019,0.6946428418159485,-0.203808844089508,0.999950647354126,0.5490981936454773,0.6944947242736816,-0.2038028240203857,0.9999486804008484,0.5273220539093018,0.6843344569206238,-0.1249412223696708,0.9999567866325378,0.5518946051597595,0.6871408820152283,-0.1219325140118599,0.9998836517333984,0.536255955696106,0.671269416809082,-0.1849095076322555,0.9999889731407166,0.5466749668121338,0.673004686832428,-0.1840763688087463,0.9999812841415404,0.5064736008644104,0.6067790389060974,-0.0682066977024078,0.999988853931427,0.5720281004905701,0.6076445579528809,-0.0535128004848957,0.9999380111694336,0.4975215196609497,0.5055895447731018,-0.0268715526908636,0.9905244708061218,0.5781112909317017,0.5101158022880554,-0.011952412314713,0.957079291343689,0.4922823905944824,0.4217114746570587,-0.092749573290348,0.9852685928344728,0.5845625996589661,0.4264798760414123,-0.074606567621231,0.9473798871040344,0.4879158139228821,0.3945874869823456,-0.1140282601118087,0.9686922430992126,0.588060736656189,0.3988952338695526,-0.0953142344951629,0.9097503423690796,0.4927963018417358,0.3942059576511383,-0.1407237350940704,0.9711536169052124,0.5847635865211487,0.3982588052749634,-0.1237609758973121,0.916376292705536,0.4960899949073791,0.4025816917419433,-0.1045667305588722,0.9638463854789734,0.5825607776641846,0.4066604673862457,-0.0875829979777336,0.907494068145752,0.5208238959312439,0.4297226667404175,-0.0068727452307939,0.9997692704200744,0.5617097616195679,0.4286819100379944,0.0068194353953003,0.999642014503479,0.5204035639762878,0.2727405726909637,-0.0286212190985679,0.9737638235092164,0.562261164188385,0.2730154991149902,-0.0121921049430966,0.9548711776733398,0.5249181389808655,0.1282415390014648,0.0632067620754242,0.9757089018821716,0.554676353931427,0.1301411539316177,0.0813779607415199,0.9501477479934692,0.5275198221206665,0.1110551282763481,0.0655183121562004,0.6295777559280396,0.5512712597846985,0.1145101189613342,0.0845071971416473,0.635211706161499,0.5275350213050842,0.0773032084107399,-0.0435191765427589,0.9625403881072998,0.5550088882446289,0.0788591280579567,-0.0165337715297937,0.9450781345367432,hoyeon_stand_normal_01,12.0,6.082763,2.828427,5.0,8.485281,11.401754,13.453624,14.21267,15.620499,15.0,15.0,14.422205,13.038405,12.083046,10.440307,8.062258,7.28011,7.81025,10.77033,14.142136,19.026298,23.0,27.018512,29.0,30.016662,28.071338,3.605551,6.708204,9.486833,12.369317,15.524175,17.720045,18.973666,19.697716,18.788294,18.35756,16.643317,14.422205,11.661904,8.602325,5.830952,3.162278,1.0,5.385165,8.544004,12.649111,15.811388,19.646883,21.587033,22.36068,22.203603,19.026298,16.0,15.033296,13.341664,12.649111,10.77033,10.29563,9.219544,7.071068,6.708204,5.09902,5.09902,5.385165,6.403124,7.81025,10.29563,12.083046,13.928388,15.811388,17.088007,18.027756,18.973666,18.384776,17.464249,15.231546,13.416408,9.848858,4.472136,3.162278,5.09902,7.071068,9.848858,12.206556,13.453624,14.21267,14.422205,13.892444,12.083046,10.77033,8.544004,6.324555,4.123106,1.414214,1.0,4.0,7.071068,9.055385,12.165525,14.142136,16.278821,17.262677,18.248288,17.117243,12.369317,13.601471,13.601471,14.56022,14.56022,13.341664,12.165525,11.045361,10.0,8.0,7.0,5.0,4.472136,4.242641,5.385165,7.071068,10.0,13.038405,16.03122,18.11077,20.223748,20.396078,20.615528,18.681542,17.088007,14.866069,14.0,15.0,16.0,17.029386,17.117243,17.117243,15.132746,13.152946,11.045361,9.055385,7.28011,5.830952,6.403124,7.211103,7.615773,8.544004,9.848858,10.77033,10.77033,11.18034,11.18034,11.18034,10.77033,10.440307,10.049876,11.0
hoyeon_stand_normal_01,3333,1111,111.10607103825136,29.998360745314464,10,0.541671633720398,0.6844204068183899,-0.2154743522405624,0.9999904036521912,0.537039041519165,0.6944645047187805,-0.2043325155973434,0.9999669790267944,0.5343732833862305,0.6938700079917908,-0.2043386548757553,0.999970018863678,0.5318755507469177,0.6930263042449951,-0.2043512463569641,0.9999717473983764,0.544494092464447,0.6947489380836487,-0.2036550045013427,0.9999533295631408,0.5467671155929565,0.6946316957473755,-0.2036651223897934,0.9999507665634156,0.5489925146102905,0.6944859027862549,-0.2036590427160263,0.9999487400054932,0.5272599458694458,0.6843159794807434,-0.124501347541809,0.9999570250511168,0.5517722964286804,0.6871350407600403,-0.1215169131755828,0.9998838305473328,0.5362274050712585,0.6712771058082581,-0.184677854180336,0.9999890327453612,0.5465944409370422,0.6730148196220398,-0.1838628649711609,0.9999812841415404,0.5063706636428833,0.6067059636116028,-0.0676773265004158,0.9999889135360718,0.5719546675682068,0.607666552066803,-0.0533769503235816,0.999938189983368,0.4975177049636841,0.505601704120636,-0.0266943797469139,0.9905649423599244,0.5780476331710815,0.5101569294929504,-0.0114044491201639,0.9570559859275818,0.4922470152378082,0.4216758012771606,-0.0920668095350265,0.9853309392929076,0.5845565795898438,0.426492691040039,-0.0732351988554,0.9473324418067932,0.4878507554531097,0.3945513367652893,-0.1132798120379448,0.9688097238540648,0.5880745053291321,0.3989084661006927,-0.0938404127955436,0.9096359014511108,0.4927529096603393,0.3941384553909302,-0.1400480419397354,0.971264123916626,0.5847653150558472,0.3982574939727783,-0.1224628239870071,0.9162636399269104,0.496062159538269,0.4025144279003143,-0.1039319708943367,0.9639806151390076,0.5825603008270264,0.4066543579101562,-0.0862716883420944,0.9073911309242249,0.5208278894424438,0.4298923015594482,-0.0069002038799226,0.999770998954773,0.5616883039474487,0.4288365542888641,0.0068472204729914,0.9996441602706908,0.5203860998153687,0.272905170917511,-0.0290509108453989,0.9736220240592957,0.56226646900177,0.2731190621852875,-0.0122052645310759,0.9546983242034912,0.5249207615852356,0.1282406598329544,0.0610921196639537,0.9756879806518556,0.5547292828559875,0.1301603019237518,0.080982819199562,0.950070023536682,0.5275251865386963,0.1110560968518257,0.0632455497980117,0.6287539005279541,0.5513560175895691,0.1145158186554908,0.084063246846199,0.6349362730979919,0.5275934338569641,0.0772731676697731,-0.0461753830313682,0.962511956691742,0.5550282001495361,0.0788932517170906,-0.0168617703020572,0.9450593590736388,hoyeon_stand_normal_01,19.697716,20.880613,20.615528,19.416488,17.117243,14.142136,10.198039,7.28011,4.472136,2.236068,3.605551,6.403124,8.602325,11.18034,13.416408,15.652476,17.888544,20.124612,20.124612,20.124612,18.788294,17.464249,13.601471,10.049876,9.848858,10.630146,17.262677,17.720045,17.088007,16.552945,14.764823,11.661904,8.062258,5.09902,3.605551,4.472136,7.071068,10.049876,12.041595,13.038405,14.035669,15.297059,15.297059,15.524175,14.866069,13.0,9.848858,6.708204,2.236068,3.605551,8.602325,13.038405,12.041595,13.0,14.035669,14.142136,13.341664,13.928388,13.416408,13.892444,13.601471,14.21267,14.142136,14.142136,14.866069,14.21267,13.601471,12.806248,11.661904,10.29563,8.246211,8.062258,8.062258,10.630146,13.601471,16.643317,18.35756,20.248457,16.552945,18.867962,18.439089,19.104973,16.643317,14.317821,10.198039,7.071068,3.605551,3.162278,5.830952,8.544004,10.198039,12.041595,14.035669,14.142136,15.297059,14.56022,14.56022,13.601471,12.369317,10.198039,8.0,6.324555,7.071068,8.544004,12.369317,13.341664,14.317821,14.317821,14.56022,13.601471,12.649111,11.7047,9.848858,8.062258,6.708204,5.385165,4.0,3.605551,5.656854,8.062258,11.661904,13.416408,16.124515,18.867962,20.808652,21.400935,22.022716,19.849433,17.691806,14.866069,12.806248,14.866069,16.278821,16.970563,16.970563,16.278821,14.142136,12.041595,10.630146,8.602325,6.324555,5.09902,5.09902,6.708204,7.211103,7.81025,8.602325,10.0,10.0,10.816654,10.816654,10.816654,10.0,11.313708,10.630146,10.29563
hoyeon_stand_normal_01,3336,1112,111.20607650273224,29.998360745314464,10,0.5416283011436462,0.6844203472137451,-0.2101640701293945,0.9999903440475464,0.5369675159454346,0.6944565176963806,-0.1988743096590042,0.9999668598175048,0.5343091487884521,0.6938588619232178,-0.1988808065652847,0.9999699592590332,0.5318284630775452,0.6930147409439087,-0.1988933384418487,0.9999716877937316,0.5444174408912659,0.6947463154792786,-0.1980434507131576,0.9999532103538512,0.5466932654380798,0.6946287751197815,-0.1980532705783844,0.999950647354126,0.5488925576210022,0.6944794654846191,-0.1980484575033188,0.9999486207962036,0.527195930480957,0.6842855215072632,-0.1192002519965171,0.9999569654464722,0.5516800284385681,0.6871301531791687,-0.1154009476304054,0.9998835921287536,0.5361993312835693,0.6712833046913147,-0.1795192658901214,0.9999890327453612,0.546525776386261,0.673027753829956,-0.1784878373146057,0.9999812841415404,0.5063022375106812,0.6066433191299438,-0.0629253387451171,0.9999889135360718,0.5718960165977478,0.6076691150665283,-0.0487367063760757,0.9999383091926576,0.4975145161151886,0.505646288394928,-0.0218175835907459,0.9905622601509094,0.5780103802680969,0.5101956129074097,-0.0073452577926218,0.9570808410644532,0.4922355413436889,0.4216523766517639,-0.088017039000988,0.985313594341278,0.5845229625701904,0.426597386598587,-0.0705217942595481,0.9473400712013244,0.4878310263156891,0.3945237100124359,-0.10936239361763,0.9687896370887756,0.5880729556083679,0.3989614248275757,-0.0915294215083122,0.909644603729248,0.4927362203598022,0.3940978944301605,-0.136235773563385,0.9712423086166382,0.5847619771957397,0.3983155786991119,-0.1203347817063331,0.9162707328796388,0.4960554242134094,0.4024766683578491,-0.0999932661652565,0.9639387726783752,0.5825539827346802,0.4066886007785797,-0.0836819931864738,0.9074071049690248,0.5208296179771423,0.4298948645591736,-0.0069136139936745,0.9997721910476683,0.5616703033447266,0.4288418889045715,0.0068613323383033,0.9996461868286132,0.5203611254692078,0.2728537023067474,-0.0292525365948677,0.9738250970840454,0.5624407529830933,0.2729788720607757,-0.0123881110921502,0.9550558924674988,0.5248857140541077,0.1280983388423919,0.0608915127813816,0.9759165048599244,0.5547415018081665,0.1299782395362854,0.0808127000927925,0.950536012649536,0.5275198817253113,0.1109596341848373,0.0630676820874214,0.6291228532791138,0.5513696074485779,0.1142269521951675,0.0838737189769744,0.6363369822502136,0.5275963544845581,0.0769650787115097,-0.0466535314917564,0.9628261923789978,0.5551102757453918,0.0788224264979362,-0.0173069424927234,0.9455381631851196,hoyeon_stand_normal_01,14.317821,8.062258,4.472136,5.09902,8.944272,11.661904,14.422205,15.811388,16.643317,16.401219,15.620499,14.866069,14.142136,12.806248,10.816654,8.544004,7.071068,7.81025,11.18034,15.524175,21.377558,26.305893,29.427878,32.557641,33.734256,32.015621,3.605551,7.211103,9.848858,15.231546,17.888544,20.59126,21.095023,22.203603,21.400935,19.849433,18.439089,16.278821,12.727922,9.219544,6.403124,3.162278,3.162278,7.071068,11.045361,15.033296,19.104973,23.021729,25.0,26.07681,26.172505,23.345235,15.4424185,15.7086605,15.0484705,14.603278,14.1074245,13.7666925,12.8559835,12.0933865,11.551144,11.1622775,11.217172,11.217172,11.8234965,12.6720295,13.0890535,13.5902705,13.6886665,14.367043,14.269477,13.9550005,14.284494,15.512492,16.6720595,17.232124499999998,16.708244,16.2114595,10.576246,10.3375785,11.236756499999998,12.3546655,12.7462115,13.100597,11.899755,10.0743865,9.3824115,9.3007355,10.5262295,10.815073,10.325403,10.481672,9.4185485,9.618034,8.8216585,10.405100999999998,11.1160855,11.531129,12.3909055,12.330952,12.3591895,12.7764725,13.2009015,14.200877,16.278821,15.297059,13.341664,12.041595,10.049876,9.219544,9.848858,11.18034,12.206556,13.892444,15.652476,16.552945,18.027756,18.439089,19.104973,19.026298,19.026298,17.117243,15.132746,12.165525,9.0,6.324555,6.708204,10.049876,13.0,15.0,10.0,8.062258,7.615773,7.071068,8.944272,11.7047,14.56022,16.492423,17.720045,18.973666,18.973666,17.464249,16.552945,16.124515,14.764823,13.038405,11.661904,11.18034,10.77033,11.401754,12.165525,13.152946,15.033296,17.029386,18.11077,18.11077
hoyeon_stand_normal_01,3339,1113,111.30608196721312,29.998360745314464,10,0.5416138172149658,0.6844074726104736,-0.2104718387126922,0.9999904036521912,0.5369404554367065,0.6944320797920227,-0.1992176473140716,0.999967098236084,0.534283459186554,0.6938335299491882,-0.1992235034704208,0.9999701976776124,0.531807005405426,0.6929903030395508,-0.1992360949516296,0.9999719262123108,0.5443817973136902,0.6947293877601624,-0.1983467042446136,0.99995356798172,0.5466541051864624,0.6946149468421936,-0.1983562260866165,0.9999510645866394,0.5488393902778625,0.6944711804389954,-0.1983511596918106,0.999949038028717,0.5271621346473694,0.6842616200447083,-0.119484044611454,0.9999573230743408,0.5516318678855896,0.6871260404586792,-0.1155375987291336,0.9998844861984252,0.5361872315406799,0.6712808012962341,-0.1798024475574493,0.999989092350006,0.5464988350868225,0.6730270385742188,-0.1787233054637909,0.99998140335083,0.5062319040298462,0.6065943241119385,-0.0630054697394371,0.9999889135360718,0.5718536972999573,0.6076752543449402,-0.0487937144935131,0.9999386072158812,0.4975119829177856,0.5056577920913696,-0.0218303203582763,0.9905768036842346,0.5779737830162048,0.5101954936981201,-0.0073876702226698,0.9570154547691344,0.4922250211238861,0.4215894639492035,-0.0881374180316925,0.985236883163452,0.5844709873199463,0.4265966713428497,-0.0706868320703506,0.9471596479415894,0.4878177642822265,0.3944838345050812,-0.1095176115632057,0.9686152935028076,0.588064432144165,0.3989487588405609,-0.0917316377162933,0.9093441367149352,0.492726594209671,0.3940539062023163,-0.1363695561885833,0.9710861444473268,0.5847509503364563,0.3983062207698822,-0.1206056699156761,0.915994107723236,0.4960504174232483,0.402441531419754,-0.1001087054610252,0.9637508988380432,0.5825293660163879,0.4066850543022156,-0.0838695019483566,0.9071176052093506,0.5208329558372498,0.4299373626708984,-0.0069254310801625,0.9997722506523132,0.5616633892059326,0.4288620054721832,0.0068735796958208,0.9996469020843506,0.5203651189804077,0.2728597819805145,-0.0292473845183849,0.973953366279602,0.5624322891235352,0.2730541229248047,-0.0123840924352407,0.9553599953651428,0.524878203868866,0.1280971765518188,0.0610246285796165,0.9761214852333068,0.5547932386398315,0.1299774199724197,0.0808784589171409,0.950974941253662,0.5275409817695618,0.1109454408288002,0.0632310658693313,0.6310054659843445,0.5514524579048157,0.1141682192683219,0.0839583873748779,0.6382608413696289,0.5275954008102417,0.0769427791237831,-0.0464552454650402,0.9630854725837708,0.5551930069923401,0.0788298621773719,-0.0172235462814569,0.9459607601165771,hoyeon_stand_normal_01,11.18034,7.071068,3.605551,5.0,8.062258,11.401754,13.601471,14.56022,14.866069,14.866069,13.928388,13.0,12.083046,11.661904,9.219544,7.81025,6.324555,6.324555,8.485281,13.038405,16.552945,21.540659,25.079872,26.400758,27.730849,25.942244,2.0,5.0,7.81025,11.313708,14.142136,16.278821,17.804494,18.601075,18.027756,16.124515,14.317821,12.083046,9.848858,7.615773,4.472136,1.414214,2.0,6.0,10.049876,13.038405,17.117243,20.396078,21.84033,22.472205,22.847319,19.697716,13.928388,13.416408,12.206556,11.401754,10.630146,9.433981,7.615773,7.28011,6.0,6.324555,5.830952,6.403124,6.708204,8.544004,10.198039,12.041595,15.033296,17.029386,18.027756,19.026298,19.026298,19.104973,18.11077,16.278821,14.317821,10.198039,2.828427,2.236068,4.472136,8.062258,10.049876,13.601471,15.231546,15.264338,15.0,14.21267,12.727922,10.630146,8.602325,6.403124,3.605551,1.414214,1.0,3.0,6.082763,8.246211,11.18034,13.152946,15.132746,16.124515,16.278821,16.278821,11.7047,13.601471,13.601471,14.866069,13.928388,13.928388,12.083046,11.18034,9.433981,8.602325,6.708204,4.472136,4.0,3.605551,5.656854,7.211103,10.816654,13.038405,15.811388,18.601075,19.209373,20.518285,20.518285,19.79899,17.029386,14.21267,13.453624,14.21267,16.278821,16.401219,16.401219,15.811388,13.601471,12.206556,10.0,8.485281,6.708204,6.082763,5.09902,6.324555,6.708204,8.062258,8.062258,10.29563,10.29563,10.29563,10.29563,11.18034,10.29563,10.0,9.899495,10.0
hoyeon_stand_normal_01,3342,1114,111.406087431694,29.998360745314464,10,0.5415677428245544,0.6843634843826294,-0.2104763686656952,0.9999905228614808,0.5368818044662476,0.6943764686584473,-0.1992146968841552,0.9999675154685974,0.5342311263084412,0.6937733292579651,-0.1992204040288925,0.9999706149101256,0.5317714214324951,0.69292813539505,-0.1992328613996505,0.9999722838401794,0.5443222522735596,0.6946841478347778,-0.1983512938022613,0.9999541640281676,0.5466054081916809,0.6945744752883911,-0.1983607113361358,0.999951720237732,0.548787534236908,0.6944385170936584,-0.198355346918106,0.9999496936798096,0.5271371006965637,0.6842023134231567,-0.1194450706243515,0.9999578595161438,0.5516201853752136,0.6871050000190735,-0.1155169457197189,0.9998859763145448,0.5361435413360596,0.6712245941162109,-0.1797906756401062,0.9999892115592957,0.5464608073234558,0.6729649305343628,-0.1787175834178924,0.9999816417694092,0.5061896443367004,0.6065338850021362,-0.0627836659550666,0.9999890327453612,0.5718347430229187,0.6076779961585999,-0.0488020367920398,0.9999391436576844,0.4975091516971588,0.505678653717041,-0.0214648265391588,0.9906450510025024,0.5779178142547607,0.5102114081382751,-0.0074131125584244,0.9572594165802002,0.492220938205719,0.4215879738330841,-0.0881643369793891,0.9853276014328004,0.5844200253486633,0.4265921115875244,-0.0707628354430198,0.9473901987075806,0.4878143966197967,0.394476056098938,-0.1096175163984298,0.9687539935112,0.5880493521690369,0.3989260494709015,-0.0918715819716453,0.9096304774284364,0.4927252829074859,0.3940410315990448,-0.1364553272724151,0.9712178111076356,0.5847300887107849,0.3982702195644378,-0.1207808405160904,0.9162600040435792,0.496051013469696,0.4024349749088287,-0.1001424342393875,0.9639043211936952,0.5825019478797913,0.4066565930843353,-0.0839493945240974,0.9073901176452636,0.5208439230918884,0.4299481213092804,-0.0068652140907943,0.9997743964195251,0.5616582632064819,0.4288654327392578,0.00681375246495,0.9996498227119446,0.5203566551208496,0.2728603780269623,-0.0291780773550272,0.9740511178970336,0.5623515248298645,0.2730655074119568,-0.0124459769576787,0.9555414319038392,0.5248593688011169,0.1281110644340515,0.0617794431746006,0.9762855172157288,0.5548049211502075,0.1300063878297805,0.0812567919492721,0.9513083100318908,0.5275441408157349,0.1109487861394882,0.0640758499503135,0.6327158808708191,0.5514642596244812,0.1144052296876907,0.0844056829810142,0.6394616961479187,0.5275970101356506,0.0769258737564086,-0.0457509085536003,0.963340699672699,0.5552223324775696,0.0788308307528495,-0.0169687308371067,0.9463562965393066,hoyeon_stand_normal_01,21.400935,22.671568,21.931712,21.260292,17.804494,15.0,10.630146,7.071068,5.385165,4.123106,5.0,7.28011,9.219544,12.165525,14.035669,16.03122,19.026298,20.024984,21.095023,21.095023,20.024984,17.029386,14.035669,10.440307,8.485281,10.440307,17.464249,18.248288,18.027756,17.0,14.035669,12.041595,8.062258,5.09902,2.828427,4.123106,6.708204,8.944272,11.18034,12.083046,13.928388,14.866069,14.56022,14.317821,13.152946,12.041595,9.0,5.0,1.0,4.472136,9.848858,14.764823,15.132746,15.0,13.038405,12.369317,11.7047,10.77033,9.433981,7.81025,6.403124,5.830952,5.09902,5.09902,6.708204,7.81025,9.219544,12.206556,13.038405,15.264338,16.643317,18.027756,18.601075,18.027756,16.401219,15.0,12.806248,9.219544,4.123106,3.605551,5.09902,7.071068,9.848858,12.206556,13.453624,14.21267,14.422205,13.892444,12.083046,10.77033,8.246211,6.324555,3.162278,1.414214,2.236068,4.123106,7.28011,9.486833,12.369317,14.56022,15.811388,16.763055,17.720045,17.464249,17.0586215,14.9487845,13.2274065,11.35235,9.1374645,9.497074,10.0990195,11.553227,13.2038595,14.4912125,16.0451045,17.0586215,17.7460025,18.999982000000003,19.9353155,19.4411335,18.711989,17.2468175,15.115773,11.85235,9.219544,6.3638395,7.54518,10.59017,13.81857,16.443785,9.081908,7.140055,5.733964,6.403124,8.5731645,11.531829,14.541322,16.7462115,17.6064505,17.873900499999998,18.6185645,17.951669,16.415883,15.160586,13.673034,12.628943,11.247024,10.905243,10.6284805,11.18034,12.062320499999998,13.8007355,14.9496825,16.544003500000002,17.7460025,17.95815
hoyeon_stand_normal_01,3345,1115,111.50609289617486,29.998360745314464,10,0.5415210127830505,0.6843605637550354,-0.207147404551506,0.9999906420707704,0.5368335843086243,0.6943649649620056,-0.1957606524229049,0.9999678134918212,0.5341907739639282,0.6937569379806519,-0.1957667768001556,0.9999708533287048,0.5317447781562805,0.6929066777229309,-0.1957789957523346,0.9999725222587584,0.5442739129066467,0.6946783065795898,-0.1950039565563202,0.9999545812606812,0.5465665459632874,0.6945687532424927,-0.1950113028287887,0.9999521374702454,0.5487464666366577,0.6944336295127869,-0.1950040012598037,0.999950110912323,0.5271269679069519,0.6841750741004944,-0.1159769222140312,0.9999582171440125,0.5516164302825928,0.6870940327644348,-0.1125639826059341,0.9998870491981506,0.5361068248748779,0.6712169051170349,-0.1765145361423492,0.9999892711639404,0.5464347004890442,0.6729534864425659,-0.1755798161029815,0.9999817609786988,0.5061745047569275,0.6065166592597961,-0.0600230135023593,0.9999891519546508,0.5718203783035278,0.60768061876297,-0.0470318980515003,0.999939501285553,0.4975066184997558,0.5056958794593811,-0.0197488311678171,0.990671157836914,0.5778816342353821,0.5102133750915527,-0.0064166346564888,0.9573967456817628,0.4922179281711578,0.421592116355896,-0.0872375220060348,0.9854259490966796,0.5843915939331055,0.4265300929546356,-0.06963562220335,0.9476025700569152,0.4878097474575043,0.3944715857505798,-0.1089139357209205,0.9689446091651917,0.5880337357521057,0.3988487124443054,-0.0908319652080535,0.9099480509757996,0.4927240908145904,0.3940277099609375,-0.1356199830770492,0.9713926315307616,0.5847089886665344,0.3981860280036926,-0.1196428835391998,0.916545867919922,0.4960503876209259,0.4024304747581482,-0.099210076034069,0.9641090631484984,0.582476794719696,0.4065850675106048,-0.082767479121685,0.907676875591278,0.52084881067276,0.4299493134021759,-0.0068245311267673,0.9997766613960266,0.5616576671600342,0.4288313090801239,0.0067739207297563,0.9996528029441832,0.5203646421432495,0.2727735638618469,-0.0291477646678686,0.9740725755691528,0.5623605251312256,0.2730675041675567,-0.0124821998178958,0.9555718302726746,0.5248749852180481,0.12799733877182,0.0616121068596839,0.9763334393501282,0.5548638701438904,0.1300069987773895,0.0811413004994392,0.9513470530509948,0.5275828838348389,0.1108424663543701,0.0638768374919891,0.633273720741272,0.5515366196632385,0.1143604665994644,0.0842739343643188,0.6392755508422852,0.5276244282722473,0.0768728926777839,-0.0457751937210559,0.96342670917511,0.5553213953971863,0.0787922292947769,-0.0169783607125282,0.9464352130889891,hoyeon_stand_normal_01,19.235384,21.095023,21.0,20.024984,17.029386,14.035669,11.045361,7.0,4.472136,3.605551,4.123106,6.708204,9.219544,11.313708,14.142136,16.278821,19.104973,20.518285,21.260292,21.931712,20.518285,17.691806,15.0,11.18034,8.0,8.944272,17.492856,17.804494,17.691806,16.970563,14.21267,11.401754,8.485281,5.0,3.0,4.242641,6.708204,8.944272,10.77033,12.083046,13.416408,14.764823,13.892444,14.422205,13.601471,12.041595,9.899495,6.403124,1.414214,3.162278,8.544004,13.928388,14.0,15.033296,16.124515,15.297059,15.524175,15.231546,14.764823,15.264338,15.0,15.0,15.620499,15.620499,15.620499,14.866069,14.866069,13.453624,12.041595,11.401754,8.944272,9.055385,9.219544,11.18034,13.601471,16.401219,18.601075,20.248457,15.811388,17.117243,17.029386,16.278821,13.928388,11.661904,8.485281,5.385165,2.828427,4.123106,6.708204,9.219544,11.401754,13.038405,14.317821,13.928388,14.56022,14.317821,14.317821,13.152946,11.401754,10.77033,8.602325,8.602325,9.848858,12.165525,16.155494,14.866069,12.649111,11.18034,9.433981,8.485281,9.433981,9.848858,12.083046,13.416408,14.764823,15.811388,17.804494,18.384776,18.439089,18.601075,18.35756,16.552945,14.317821,12.083046,8.062258,5.830952,6.082763,8.944272,12.206556,15.0,10.29563,8.602325,7.211103,7.28011,9.055385,11.401754,13.928388,15.811388,17.720045,18.439089,18.439089,18.248288,17.029386,15.0,14.0,13.0,11.0,11.045361,10.198039,11.401754,11.7047,13.416408,14.764823,17.0,17.464249,17.888544
hoyeon_stand_normal_01,3348,1116,111.60609836065574,29.998360745314464,10,0.5414746999740601,0.6843619346618652,-0.2069489061832428,0.9999905228614808,0.5367928147315979,0.6943615674972534,-0.1956088244915008,0.9999674558639526,0.5341583490371704,0.6937507390975952,-0.1956153959035873,0.9999704957008362,0.5317245125770569,0.6928960680961609,-0.195627748966217,0.99997216463089,0.5442232489585876,0.6946747303009033,-0.1948737055063247,0.9999540448188782,0.5465243458747864,0.6945641040802002,-0.1948814839124679,0.9999516010284424,0.5486985445022583,0.6944281458854675,-0.1948754042387008,0.9999495148658752,0.5271221399307251,0.684154212474823,-0.1158365979790687,0.9999576807022096,0.5516101717948914,0.6870881915092468,-0.1125295013189315,0.9998857975006104,0.5360828042030334,0.6712205410003662,-0.1763037592172622,0.999989092350006,0.5464097261428833,0.6729567646980286,-0.175408735871315,0.9999814629554749,0.5061715841293335,0.6065243482589722,-0.0597696453332901,0.999989092350006,0.5717852115631104,0.607704222202301,-0.0470473803579807,0.9999391436576844,0.4975091516971588,0.5057789087295532,-0.0196622908115386,0.9906368255615234,0.5778393149375916,0.51030033826828,-0.0064369547180831,0.9574205875396729,0.4922250807285309,0.4216322302818298,-0.087314635515213,0.9854188561439514,0.5843765735626221,0.4265286028385162,-0.0696727558970451,0.9474823474884032,0.4878078401088714,0.3944903314113617,-0.1089739054441452,0.968926727771759,0.5880268812179565,0.3988437354564667,-0.0908708274364471,0.9097497463226318,0.492723137140274,0.3940334618091583,-0.1356884837150573,0.97137713432312,0.584700345993042,0.3981766104698181,-0.1196799799799919,0.9163667559623718,0.4960518181324005,0.4024368226528168,-0.0992922037839889,0.964094579219818,0.5824631452560425,0.4065752327442169,-0.0828024446964263,0.9074962735176086,0.5208402276039124,0.4300472140312195,-0.0067734154872596,0.9997752904891968,0.5616324543952942,0.4288419485092163,0.0067240200005471,0.99965101480484,0.5203598737716675,0.2727941572666168,-0.0291553921997547,0.9736462235450744,0.5623960494995117,0.2731442749500274,-0.013016645796597,0.9549883008003236,0.5248801708221436,0.1279886811971664,0.0599004812538623,0.9758968949317932,0.5550124049186707,0.1300117224454879,0.0784246027469635,0.9505979418754578,0.5276050567626953,0.1108403950929641,0.0619782619178295,0.6307576298713684,0.5517245531082153,0.1143218278884887,0.0813142731785774,0.6363334059715271,0.5276505351066589,0.076880544424057,-0.0473405830562114,0.9628809094429016,0.5553964376449585,0.0787796378135681,-0.0198860671371221,0.9456552267074584,hoyeon_stand_normal_01,11.18034,6.324555,3.605551,6.0,9.055385,11.401754,13.601471,14.866069,14.866069,14.866069,13.928388,13.0,12.083046,10.816654,9.219544,7.81025,6.082763,5.385165,7.81025,12.083046,16.763055,20.880613,24.041631,26.248809,27.513633,26.0,3.0,5.0,8.602325,12.041595,15.0,16.401219,18.027756,18.35756,17.888544,16.552945,14.866069,12.649111,9.486833,7.28011,3.162278,1.0,3.0,7.071068,10.049876,14.142136,17.262677,20.615528,22.135944,22.472205,21.931712,19.235384,15.0,15.264338,14.317821,12.649111,12.369317,11.045361,10.0,8.062258,7.28011,6.708204,5.656854,5.830952,6.082763,8.0,9.219544,11.401754,13.928388,16.155494,17.088007,18.027756,18.973666,18.681542,17.464249,15.297059,13.152946,10.049876,4.123106,3.162278,4.472136,7.071068,10.0,12.083046,13.341664,14.142136,14.035669,13.038405,12.165525,10.198039,7.28011,5.09902,3.162278,1.0,2.236068,4.242641,7.071068,9.899495,12.727922,14.866069,16.278821,17.029386,17.691806,16.970563,12.806248,14.21267,14.21267,14.866069,15.0,13.601471,13.038405,11.661904,10.29563,8.944272,7.615773,5.830952,4.242641,4.123106,5.09902,7.28011,10.77033,13.0,16.155494,18.027756,18.973666,20.615528,20.615528,19.416488,17.262677,14.142136,13.892444,15.652476,17.088007,18.027756,18.027756,17.088007,14.866069,13.0,10.77033,8.944272,7.81025,6.708204,7.28011,7.071068,8.0,9.055385,10.049876,11.045361,12.041595,12.0,12.0,12.0,12.041595,11.18034,11.401754,12.083046
hoyeon_stand_normal_01,3351,1117,111.7061038251366,29.998360745314464,10,0.5413835644721985,0.6843612194061279,-0.200694739818573,0.9999905824661256,0.536727786064148,0.6943539381027222,-0.189223051071167,0.999967634677887,0.5341088175773621,0.6937381625175476,-0.1892306953668594,0.9999706149101256,0.5316945314407349,0.692879319190979,-0.1892420351505279,0.9999722838401794,0.5441426038742065,0.6946715712547302,-0.1884767264127731,0.999954342842102,0.5464586615562439,0.6945599317550659,-0.1884821355342865,0.9999518990516664,0.5486230850219727,0.6944238543510437,-0.1884754002094268,0.9999499320983888,0.5271174311637878,0.6841375231742859,-0.1093175262212753,0.9999576807022096,0.5516064763069153,0.6870785355567932,-0.1059424206614494,0.9998866319656372,0.5360235571861267,0.6712208986282349,-0.1700491458177566,0.9999891519546508,0.5463517904281616,0.6729557514190674,-0.1691221892833709,0.9999815821647644,0.5061666369438171,0.6065323352813721,-0.0535899363458156,0.9999891519546508,0.5717740654945374,0.6077067852020264,-0.0418969355523586,0.9999399185180664,0.4975135028362274,0.5057894587516785,-0.0139771411195397,0.9905707240104676,0.5778299570083618,0.5103145837783813,-0.0023237250279635,0.9576314091682434,0.4922232031822204,0.4217382669448852,-0.0826427042484283,0.9853771924972534,0.5843745470046997,0.42653489112854,-0.0669004172086715,0.9478740096092224,0.4878055453300476,0.3945252299308777,-0.104667492210865,0.968863844871521,0.5880271792411804,0.3988415896892547,-0.088466539978981,0.9104015827178956,0.4927125573158264,0.3940677344799042,-0.1312268823385238,0.9713183641433716,0.5847070217132568,0.3981847763061523,-0.1174752786755561,0.9169708490371704,0.4960464239120483,0.4024810492992401,-0.0946671068668365,0.9639955163002014,0.5824701189994812,0.4065772294998169,-0.0801593288779258,0.9081131219863892,0.5208345651626587,0.4300504624843597,-0.0067226840183138,0.9997779130935668,0.5616287589073181,0.428826630115509,0.0066755483858287,0.9996554255485536,0.520346462726593,0.272688090801239,-0.0291294362396001,0.9738561511039734,0.5624294281005859,0.2731545567512512,-0.0131475320085883,0.9553773999214172,0.5248947143554688,0.1277835369110107,0.0598415061831474,0.9761239886283876,0.5550976395606995,0.1299566775560379,0.0786968022584915,0.951037049293518,0.5276758074760437,0.1104657053947448,0.06191261485219,0.6330893635749817,0.551792323589325,0.1139724552631378,0.0816325843334198,0.6376155614852905,0.5276516079902649,0.0768299326300621,-0.0474578812718391,0.9632684588432312,0.5555028319358826,0.0787222534418106,-0.0195901859551668,0.9461345076560974,hoyeon_stand_normal_01,23.537205,25.179357,24.020824,22.0,20.024984,16.03122,12.041595,8.0,5.09902,2.828427,4.123106,5.830952,8.485281,10.630146,14.21267,16.401219,18.601075,20.615528,20.615528,21.400935,20.0,17.204651,13.892444,10.440307,8.246211,10.630146,17.464249,17.888544,18.027756,16.401219,14.21267,10.630146,7.211103,4.123106,2.828427,6.324555,9.055385,11.18034,13.152946,14.317821,15.297059,16.763055,15.811388,16.155494,15.231546,13.416408,10.29563,5.830952,2.236068,5.385165,10.77033,15.811388,14.764823,13.601471,13.453624,12.041595,12.206556,10.29563,9.486833,8.246211,8.0,7.28011,6.708204,7.071068,7.81025,9.848858,11.401754,13.341664,15.132746,17.117243,18.11077,20.223748,20.223748,19.235384,18.439089,16.492423,13.601471,11.401754,3.162278,2.0,4.472136,7.071068,10.0,12.165525,13.601471,14.317821,13.892444,13.601471,12.041595,10.630146,8.602325,6.403124,3.605551,1.414214,1.414214,3.605551,6.708204,8.544004,11.7047,13.601471,14.56022,16.492423,16.763055,16.763055,15.033296,14.035669,13.038405,10.198039,9.848858,8.602325,9.899495,11.401754,12.206556,13.601471,15.620499,16.970563,17.029386,18.027756,18.35756,18.384776,18.973666,16.492423,14.317821,10.440307,7.615773,5.830952,7.0,10.440307,13.416408,16.552945,9.055385,7.0,5.385165,5.830952,8.246211,11.045361,13.038405,15.033296,17.117243,17.262677,17.262677,16.492423,15.811388,13.928388,13.0,11.7047,10.440307,10.198039,9.055385,10.0,11.045361,13.152946,14.317821,16.278821,17.117243,17.117243
hoyeon_stand_normal_01,3354,1118,111.80610928961748,29.998360745314464,10,0.5412940979003906,0.6843592524528503,-0.200405940413475,0.9999906420707704,0.5366761684417725,0.6943445801734924,-0.1890035569667816,0.9999679327011108,0.5340721607208252,0.6937219500541687,-0.1890098750591278,0.9999708533287048,0.5316741466522217,0.6928568482398987,-0.1890211850404739,0.9999725222587584,0.5440674424171448,0.6946687698364258,-0.1883280873298645,0.9999548196792604,0.5463954210281372,0.694556474685669,-0.1883326917886734,0.9999523758888244,0.5485466122627258,0.6944198608398438,-0.1883253008127212,0.9999504685401917,0.5271155834197998,0.6841124892234802,-0.1092586293816566,0.9999579787254332,0.5516046285629272,0.6870631575584412,-0.1062205284833908,0.9998880624771118,0.5359686613082886,0.6712189316749573,-0.1697880774736404,0.9999892115592957,0.5462892651557922,0.6729544401168823,-0.1689653247594833,0.9999817609786988,0.506162703037262,0.6065539717674255,-0.053527932614088,0.9999892115592957,0.5717697739601135,0.6077223420143127,-0.0422184467315673,0.999940812587738,0.4975124895572662,0.5058507323265076,-0.0140329785645008,0.9905237555503844,0.5778183341026306,0.5103315114974976,-0.0027322808746248,0.9579715728759766,0.4922146499156952,0.4218654334545135,-0.0826656818389892,0.9853692054748536,0.5843703150749207,0.4265457987785339,-0.0668857172131538,0.9483724236488342,0.4878033697605133,0.3945607841014862,-0.1046709939837455,0.9688653945922852,0.5880192518234253,0.3988530933856964,-0.0884242504835128,0.91117662191391,0.4927069842815399,0.3941065967082977,-0.1311925947666168,0.9713228940963744,0.5847041606903076,0.3982208371162414,-0.1173702403903007,0.9176979660987854,0.4960419833660126,0.4025168120861053,-0.0946952328085899,0.9640018939971924,0.5824687480926514,0.4065957069396972,-0.0801082849502563,0.9088870882987976,0.5207949876785278,0.4301635921001434,-0.0066636186093091,0.9997795224189758,0.5615882873535156,0.4288718998432159,0.0066189588978886,0.9996585845947266,0.5203495025634766,0.2727832198143005,-0.029118575155735,0.9737589359283448,0.5623673796653748,0.2733989059925079,-0.013398066163063,0.9552794098854064,0.5248957276344299,0.1277869045734405,0.058991003781557,0.975997507572174,0.5550987720489502,0.1299615502357483,0.0777148529887199,0.950800597667694,0.5276789665222168,0.1104640439152717,0.0609721727669239,0.6326330304145813,0.5517953634262085,0.1139684095978736,0.0805818066000938,0.636527955532074,0.5275970697402954,0.0768616124987602,-0.0481366477906703,0.9631263613700868,0.5555104613304138,0.0787233784794807,-0.0203327313065528,0.94585520029068,hoyeon_stand_normal_01,15.420165,13.7047,12.1307665,12.538231,12.971794,12.5343935,11.855152,10.513659,9.0829045,7.622662,7.433489000000001,8.200877,8.7390745,9.4521215,10.264982,11.0224665,11.661904,12.3102745,13.79563,15.5157835,16.325896,17.492856,16.662277,15.9269965,15.052767,15.452341999999998,9.690686,11.4594795,12.4126565,13.2386995,13.284677,13.0871955,11.8571925,10.405100999999998,9.2006095,10.3102495,10.262346,10.6305695,10.263438,9.899495,9.1923885,8.1401415,8.0,9.736068,11.018989,11.650147,11.9485505,10.6775635,9.4392315,11.185697,13.583077499999998,15.083021,14.142136,15.033296,15.0,14.035669,14.142136,14.56022,13.928388,14.317821,14.764823,14.422205,15.264338,15.0,15.0,15.0,15.0,13.601471,12.041595,10.630146,8.602325,8.246211,9.055385,10.77033,13.892444,16.643317,18.867962,21.470911,17.262677,18.0,18.248288,17.720045,15.652476,12.806248,9.219544,5.385165,2.236068,3.162278,6.403124,8.602325,11.18034,12.649111,13.341664,15.132746,15.033296,15.0,14.0,13.0,12.0,10.049876,8.544004,7.81025,9.433981,11.7047,15.297059,15.297059,13.341664,11.045361,10.049876,9.219544,9.433981,10.816654,12.206556,13.038405,14.764823,16.552945,17.088007,18.439089,19.235384,19.104973,19.026298,17.029386,15.132746,11.045361,8.0,5.830952,5.830952,9.055385,12.0,15.033296,10.0,8.062258,6.708204,7.071068,8.944272,11.401754,14.317821,16.278821,17.464249,17.720045,18.027756,17.464249,16.552945,14.764823,13.892444,12.529964,11.18034,10.77033,10.440307,11.18034,12.041595,14.035669,15.033296,17.029386,18.027756,17.117243
hoyeon_stand_normal_01,3357,1119,111.90611475409835,29.998360745314464,10,0.5412486791610718,0.6843762397766113,-0.196718230843544,0.9999906420707704,0.5366641879081726,0.6943418383598328,-0.1851849406957626,0.9999678134918212,0.5340662002563477,0.6937183737754822,-0.1851926892995834,0.9999707341194152,0.5316705107688904,0.6928539276123047,-0.1852037161588668,0.999972403049469,0.5440409183502197,0.6946721076965332,-0.1845216602087021,0.999954640865326,0.5463714599609375,0.694556474685669,-0.1845266371965408,0.99995219707489,0.5485203862190247,0.6944201588630676,-0.1845201849937439,0.999950349330902,0.5271133184432983,0.6840997338294983,-0.1051692888140678,0.9999576210975648,0.5516071319580078,0.6870473623275757,-0.102135345339775,0.9998875260353088,0.5359441041946411,0.6712507605552673,-0.1660367101430893,0.9999891519546508,0.5462633967399597,0.6729828715324402,-0.1652064174413681,0.999981701374054,0.5061600208282471,0.606617271900177,-0.0498147457838058,0.9999892115592957,0.5717746615409851,0.6077411770820618,-0.0391581207513809,0.9999412894248962,0.4975097775459289,0.505879282951355,-0.010346857830882,0.9904484152793884,0.5778172612190247,0.5103935599327087,-0.0001484796375734,0.9580237865447998,0.4922128021717071,0.4220623970031738,-0.0793808624148368,0.9852986931800842,0.5843683481216431,0.4265749752521515,-0.0650021061301231,0.9484412670135498,0.4878044128417969,0.3946127295494079,-0.1014492288231849,0.968756139278412,0.5880078077316284,0.3989081382751465,-0.0867533758282661,0.9113377332687378,0.4927078485488891,0.3941865265369415,-0.1280076652765274,0.9712294936180116,0.5847054719924927,0.3983424007892608,-0.1158861145377159,0.9178622364997864,0.4960418045520782,0.4025750160217285,-0.091463379561901,0.9638685584068298,0.5824811458587646,0.4066735208034515,-0.0783431231975555,0.9090797305107116,0.520732045173645,0.4301362931728363,-0.0066256998106837,0.99978107213974,0.561585009098053,0.4287894368171692,0.0065832422114908,0.9996615648269652,0.520351231098175,0.2726644277572632,-0.0290797986090183,0.9737417697906494,0.5623630285263062,0.273401528596878,-0.0135650467127561,0.955216646194458,0.5249089598655701,0.1277893036603927,0.0604350604116916,0.9759640693664552,0.5551324486732483,0.1299736648797989,0.0786683857440948,0.950883686542511,0.5277054309844971,0.1105182692408561,0.0626930966973304,0.633063018321991,0.551812469959259,0.1139648482203483,0.0817231461405754,0.6369116306304932,0.5276000499725342,0.0769247487187385,-0.0462544932961463,0.9632133841514589,0.5555794835090637,0.0787228345870971,-0.019415708258748,0.9460207223892212,hoyeon_stand_normal_01,18.601075,19.723083,19.235384,17.888544,15.231546,13.0,9.848858,6.708204,3.605551,2.0,3.605551,5.385165,8.246211,10.198039,13.152946,15.132746,17.117243,19.235384,19.235384,19.235384,18.248288,16.124515,13.038405,10.198039,7.81025,9.848858,16.03122,17.262677,16.492423,14.56022,13.0,9.486833,7.28011,4.0,3.605551,5.09902,8.062258,10.049876,11.045361,12.041595,13.0,14.0,14.035669,14.035669,13.152946,11.18034,9.219544,6.324555,1.0,3.605551,7.81025,12.727922,15.132746,14.317821,13.0,12.083046,11.661904,10.0,9.899495,7.81025,6.708204,6.324555,5.0,5.385165,5.656854,7.211103,8.944272,10.77033,13.601471,14.866069,16.763055,18.027756,18.027756,18.027756,17.464249,14.764823,12.529964,9.433981,3.162278,3.605551,5.09902,7.0,10.198039,12.083046,13.892444,14.21267,14.142136,13.453624,12.206556,9.433981,8.062258,5.830952,3.605551,2.236068,2.236068,4.123106,7.071068,9.0,11.045361,14.035669,15.033296,16.03122,17.029386,16.03122,13.038405,14.035669,15.132746,15.132746,15.132746,15.033296,14.0,13.0,11.045361,9.055385,8.062258,6.0,5.09902,5.0,5.385165,7.28011,10.198039,13.152946,16.124515,18.248288,19.416488,21.587033,21.84033,19.924859,17.088007,14.866069,14.317821,15.297059,17.720045,17.720045,18.027756,15.811388,14.866069,12.649111,10.198039,9.055385,7.071068,6.708204,6.403124,7.81025,8.602325,9.433981,10.29563,11.661904,12.529964,13.038405,13.038405,13.038405,11.661904,12.083046,11.7047,11.18034
hoyeon_stand_normal_01,3360,1120,112.00612021857924,29.998360745314464,10,0.5412333607673645,0.6843780279159546,-0.1919519603252411,0.9999905228614808,0.5366612672805786,0.694338858127594,-0.1803556084632873,0.9999673366546632,0.5340662598609924,0.6937157511711121,-0.1803652495145797,0.999970316886902,0.5316697955131531,0.692848801612854,-0.1803784519433975,0.9999719858169556,0.5440368056297302,0.6946684122085571,-0.1799301952123642,0.9999539256095886,0.5463674068450928,0.6945492625236511,-0.1799346655607223,0.999951422214508,0.5485169887542725,0.6944073438644409,-0.1799297779798507,0.99994957447052,0.5271245241165161,0.6840879321098328,-0.0998824462294578,0.9999569058418274,0.5516369342803955,0.6869666576385498,-0.097830481827259,0.9998860359191896,0.5359370708465576,0.6712659597396851,-0.161008134484291,0.9999889731407166,0.5462562441825867,0.6729861497879028,-0.1604650020599365,0.9999813437461852,0.5061576962471008,0.6066845655441284,-0.0432489477097988,0.9999892115592957,0.5717779397964478,0.6077929139137268,-0.0358548834919929,0.99994158744812,0.4975112676620483,0.506102979183197,-0.0010762198362499,0.9902666211128236,0.5778174996376038,0.5105499625205994,0.0037038561422377,0.9578624367713928,0.4922496080398559,0.4225278794765472,-0.0680658891797065,0.985119104385376,0.5843676924705505,0.4266593754291534,-0.0608647502958774,0.9482576251029968,0.4878665208816528,0.3947698175907135,-0.0896252691745758,0.9684645533561708,0.5880049467086792,0.3990383148193359,-0.0826394706964492,0.9112097024917604,0.4927355349063873,0.3943173587322235,-0.1162252128124237,0.9709712862968444,0.5847229361534119,0.3985448777675628,-0.1124215796589851,0.917757511138916,0.4960580170154571,0.4026874899864197,-0.0801640599966049,0.9635286927223206,0.58250892162323,0.4068082571029663,-0.0744818300008773,0.9090073704719543,0.5205890536308289,0.4301387965679168,-0.006335009355098,0.9997832775115968,0.5615661144256592,0.4287751019001007,0.0062998575158417,0.9996650218963624,0.5202898383140564,0.2725780308246612,-0.0285349506884813,0.9736033082008362,0.5623646378517151,0.2733020782470703,-0.0137797994539141,0.954748034477234,0.5248956084251404,0.1274251490831375,0.0608381628990173,0.9758279919624328,0.5551338195800781,0.1297433376312255,0.0788127407431602,0.9505502581596376,0.5277042388916016,0.1103509366512298,0.0630828589200973,0.6326259970664978,0.5518063902854919,0.1136362850666046,0.0819004848599433,0.6355381011962891,0.5276023149490356,0.0768431723117828,-0.0460157580673694,0.9631342887878418,0.5556945204734802,0.0786408483982086,-0.0193180032074451,0.9458053112030028,hoyeon_stand_normal_01,15.811388,8.944272,4.123106,6.082763,10.198039,14.317821,16.492423,17.720045,18.973666,18.973666,18.384776,16.552945,15.652476,13.892444,12.041595,9.433981,7.28011,8.544004,12.041595,17.0,22.847319,28.460499,32.893768,36.055513,36.769553,35.341194,4.123106,8.602325,12.806248,17.029386,20.615528,23.021729,24.698178,25.059928,24.166092,21.931712,20.248457,17.088007,13.601471,9.486833,5.385165,2.236068,4.472136,8.246211,13.341664,18.681542,23.086793,26.570661,29.154759,29.966648,30.016662,26.07681,14.940146,15.7551835,15.35952,14.851916,15.27336,14.342585,14.1598465,14.562823,14.859632,14.9487845,14.9487845,14.6755585,14.6755585,14.6755585,14.6755585,13.5178345,11.85235,10.2434165,8.640901,7.0674025,7.8366965,9.6922895,13.3956235,16.320709,18.5682665,20.4501205,16.2635075,18.0308365,18.3498165,17.859159,15.2948225,11.804155000000002,8.303131,4.1213205,2.118034,4.236068,7.930992,10.239671,12.54,13.79788,14.8684225,16.2872215,16.3642935,16.5622575,15.8884955,14.541322,12.973186,11.260677,9.9746855,9.5711555,10.615108,11.9258045,15.811388,13.928388,12.649111,10.198039,9.0,9.219544,9.486833,11.18034,11.18034,13.416408,15.231546,15.811388,17.464249,18.11077,18.0,18.11077,18.248288,15.524175,13.601471,11.18034,8.062258,6.708204,6.708204,10.198039,13.152946,16.124515,8.246211,7.071068,6.082763,6.403124,8.062258,9.848858,13.601471,14.866069,16.155494,17.464249,17.0,16.643317,15.811388,14.21267,12.806248,11.401754,10.0,9.433981,10.29563,10.77033,11.401754,13.341664,14.317821,16.278821,17.464249,16.763055
hoyeon_stand_normal_01,3363,1121,112.10612568306011,29.998360745314464,10,0.5412313342094421,0.6843868494033813,-0.1906342357397079,0.999990463256836,0.5366783738136292,0.6943362355232239,-0.1790161877870559,0.999967098236084,0.5340905785560608,0.6937125325202942,-0.1790261566638946,0.9999700784683228,0.5316862463951111,0.6928450465202332,-0.179039254784584,0.9999717473983764,0.5440404415130615,0.694664478302002,-0.1784464418888092,0.9999535083770752,0.546368420124054,0.694541871547699,-0.1784512996673584,0.99995094537735,0.5485273003578186,0.6943898797035217,-0.178445428609848,0.9999491572380066,0.5271486639976501,0.6840744614601135,-0.0988475009799003,0.9999564290046692,0.5516658425331116,0.6868882775306702,-0.0961673259735107,0.9998849034309388,0.5359370112419128,0.6712921857833862,-0.1598779857158661,0.9999889135360718,0.546256422996521,0.6729946136474609,-0.1591514647006988,0.999981164932251,0.5061732530593872,0.6067076921463013,-0.0434611216187477,0.9999892115592957,0.5717786550521851,0.6078093647956848,-0.0342304855585098,0.9999416470527648,0.4975101053714752,0.5062607526779175,-0.0032711264211684,0.9901681542396544,0.5778211951255798,0.5106647610664368,0.0049231955781579,0.957679808139801,0.4922558963298797,0.4227074086666107,-0.0713284015655517,0.9850322604179382,0.5843670964241028,0.426729142665863,-0.0598738603293895,0.948081374168396,0.4878819584846496,0.3948728442192077,-0.0932019427418708,0.9683177471160888,0.5880030989646912,0.3991157412528991,-0.0816875845193862,0.9110604524612428,0.4927552938461303,0.3944257795810699,-0.1196871250867843,0.970841348171234,0.5847353339195251,0.3986764550209045,-0.1112935021519661,0.9176293015480042,0.4960668683052063,0.4027534425258636,-0.0833789259195327,0.963342010974884,0.5825313329696655,0.4068887829780578,-0.0734346061944961,0.9088983535766602,0.5205554962158203,0.4301038384437561,-0.0063183330930769,0.999785304069519,0.5615519285202026,0.4286701381206512,0.0062838774174451,0.9996677041053772,0.5202876925468445,0.2720136344432831,-0.0284008216112852,0.9735255837440492,0.5623630285263062,0.2730839848518371,-0.0137741276994347,0.9544671177864076,0.5248867869377136,0.1271118968725204,0.0614533051848411,0.9757710695266724,0.5551620125770569,0.1297438591718673,0.080108493566513,0.9503652453422546,0.527705729007721,0.1102317869663238,0.0637726485729217,0.632759690284729,0.5518075823783875,0.113634280860424,0.0833513662219047,0.634651243686676,0.5275958180427551,0.0768539384007453,-0.0453793220221996,0.9631417393684388,0.5558358430862427,0.0786467120051384,-0.0179507099092006,0.945716142654419,hoyeon_stand_normal_01,21.260292,22.203603,21.633308,20.59126,17.0,13.416408,10.29563,7.211103,4.472136,4.123106,4.242641,6.708204,9.486833,11.401754,14.317821,16.278821,18.439089,19.416488,20.396078,20.396078,19.416488,17.262677,14.035669,10.049876,8.602325,9.848858,18.027756,18.027756,18.11077,16.278821,13.341664,10.440307,7.28011,4.0,3.605551,5.0,7.28011,9.219544,11.401754,12.165525,13.152946,14.142136,14.035669,14.0,13.038405,11.045361,8.246211,4.123106,5.830952,10.816654,14.866069,19.303387,13.928388,13.416408,12.206556,12.041595,10.630146,10.0,8.062258,7.615773,6.082763,6.082763,5.385165,5.656854,7.211103,8.544004,10.440307,12.369317,15.297059,16.278821,18.248288,18.439089,19.416488,18.681542,17.720045,15.811388,13.0,10.77033,2.236068,2.236068,5.09902,8.0,11.045361,12.369317,14.866069,14.317821,14.764823,13.601471,12.806248,10.630146,8.485281,5.656854,4.242641,2.236068,1.414214,3.0,6.082763,8.062258,11.18034,13.152946,15.132746,15.132746,16.278821,15.297059,16.0,15.033296,13.0,11.045361,10.198039,8.944272,9.433981,10.630146,11.313708,13.453624,14.21267,15.811388,17.0,17.464249,18.973666,18.439089,18.11077,16.03122,14.035669,12.0,8.246211,5.830952,6.324555,9.055385,12.369317,14.317821,10.049876,7.615773,7.211103,7.211103,9.486833,11.045361,14.035669,16.03122,17.117243,18.248288,17.262677,17.464249,16.492423,14.866069,13.928388,12.649111,11.7047,11.401754,10.198039,11.045361,12.0,13.038405,15.132746,16.124515,18.027756,17.029386
hoyeon_stand_normal_01,3366,1122,112.206131147541,29.998360745314464,10,0.5412386059761047,0.6843866109848022,-0.1864343136548996,0.9999902844429016,0.5367258787155151,0.6943294405937195,-0.1748162806034088,0.9999665021896362,0.5341457724571228,0.6937100887298584,-0.1748266071081161,0.999969482421875,0.5317253470420837,0.6928417086601257,-0.1748387515544891,0.9999712109565736,0.5440680384635925,0.6946510672569275,-0.174047976732254,0.9999526739120485,0.5463899970054626,0.6945255398750305,-0.1740531921386718,0.9999500513076782,0.5485750436782837,0.6943586468696594,-0.1740466952323913,0.9999483823776244,0.5272018909454346,0.6840683817863464,-0.0955958440899849,0.9999554753303528,0.5517251491546631,0.6868072152137756,-0.0919396355748176,0.9998829364776612,0.5359447598457336,0.671297550201416,-0.1561140567064285,0.9999887347221376,0.5462687611579895,0.6729953289031982,-0.1551040709018707,0.9999808669090272,0.5062168836593628,0.6067333221435547,-0.0422907881438732,0.9999891519546508,0.5717862844467163,0.6078432202339172,-0.0306696183979511,0.99994158744812,0.4975108504295349,0.5064417123794556,-0.0044086724519729,0.9900712966918944,0.5778322219848633,0.510723352432251,0.0074230125173926,0.9574353098869324,0.4922638237476349,0.4229379296302795,-0.0729892924427986,0.9849300980567932,0.5843703746795654,0.4269849061965942,-0.0577111206948757,0.9481534361839294,0.4878939688205719,0.3949893414974212,-0.0950343608856201,0.9681810736656188,0.588002622127533,0.3993228077888489,-0.0796441659331321,0.911306381225586,0.492779403924942,0.3945532441139221,-0.1213507652282714,0.9706998467445374,0.5847618579864502,0.3989520668983459,-0.108863465487957,0.9178564548492432,0.4960841238498688,0.402853399515152,-0.0849790424108505,0.9631530046463012,0.5825707912445068,0.4070791006088257,-0.0711603090167045,0.9091647863388062,0.520535945892334,0.4300416707992553,-0.0064435810782015,0.999786138534546,0.5615333914756775,0.42861407995224,0.0064102318137884,0.9996691346168518,0.5202683806419373,0.2717128992080688,-0.0284413192421197,0.9737395644187928,0.5624735355377197,0.2729932069778442,-0.0136495875194668,0.9545564651489258,0.5248860716819763,0.1270162910223007,0.0614489838480949,0.9758923053741456,0.5551562905311584,0.1296865493059158,0.0806657969951629,0.9505584239959716,0.5277050733566284,0.1102306023240089,0.0637689605355262,0.6325694918632507,0.5517336130142212,0.1135746762156486,0.0839127674698829,0.6354436278343201,0.527596652507782,0.0768574029207229,-0.0453804731369018,0.963315486907959,0.555921196937561,0.0786462575197219,-0.0171417649835348,0.9459490180015564,hoyeon_stand_normal_01,18.973666,19.646883,19.416488,18.11077,16.03122,13.038405,10.049876,6.082763,3.162278,2.0,3.605551,5.656854,8.062258,10.29563,12.529964,14.764823,17.0,19.235384,19.235384,19.235384,18.35756,16.552945,13.0,10.049876,8.544004,9.219544,16.763055,16.552945,15.652476,15.264338,13.038405,9.433981,6.708204,4.0,4.242641,5.385165,8.062258,10.198039,11.18034,12.369317,13.341664,14.56022,13.601471,13.928388,13.0,11.18034,9.433981,5.830952,1.0,3.605551,8.062258,12.529964,13.601471,13.928388,15.231546,14.317821,13.892444,13.601471,13.453624,14.142136,14.21267,15.0,15.0,15.0,14.422205,14.422205,14.422205,13.038405,11.661904,9.848858,8.246211,8.062258,8.944272,11.401754,14.142136,16.278821,19.104973,21.213203,15.811388,17.464249,17.720045,17.117243,15.033296,12.369317,8.944272,5.656854,2.0,4.0,6.324555,8.602325,10.630146,12.041595,13.601471,13.892444,14.764823,14.317821,13.0,13.0,11.18034,9.433981,8.485281,7.615773,9.055385,11.045361,16.643317,16.124515,13.892444,10.77033,10.440307,10.0,10.049876,11.18034,13.341664,14.142136,15.132746,17.029386,18.027756,19.104973,19.416488,19.924859,18.384776,17.888544,14.764823,12.083046,8.544004,7.071068,7.071068,10.29563,13.0,15.811388,9.848858,8.246211,7.071068,8.062258,9.899495,12.206556,14.422205,16.643317,18.027756,19.209373,18.439089,17.691806,17.691806,15.620499,14.21267,12.806248,12.041595,11.313708,11.401754,10.816654,12.529964,14.317821,15.231546,16.552945,17.888544,18.35756
hoyeon_stand_normal_01,3369,1123,112.30613661202186,29.998360745314464,10,0.5412509441375732,0.684396505355835,-0.1842142045497894,0.9999900460243224,0.5367861390113831,0.6943274736404419,-0.1726343184709549,0.9999657273292542,0.5342097878456116,0.6937103867530823,-0.1726443022489547,0.9999687671661376,0.5317681431770325,0.692841112613678,-0.1726574748754501,0.999970555305481,0.5441194772720337,0.6946487426757812,-0.1719095706939697,0.9999516010284424,0.5464344620704651,0.6945229172706604,-0.1719139367341995,0.9999489188194276,0.5486528873443604,0.6943469047546387,-0.1719088405370712,0.9999473094940186,0.527267336845398,0.6840717196464539,-0.0935806408524513,0.9999544024467468,0.5517960786819458,0.686761200428009,-0.0901086404919624,0.99988055229187,0.5359519720077515,0.6713346838951111,-0.1539260894060135,0.9999884963035583,0.5462843179702759,0.6730087995529175,-0.152967169880867,0.9999804496765136,0.5062502026557922,0.6067625880241394,-0.0400067716836929,0.999989092350006,0.5717881917953491,0.607859194278717,-0.0297417268157005,0.9999415278434752,0.4975109696388244,0.506512463092804,-0.0017394592287018,0.9898965358734132,0.5778349041938782,0.510772705078125,0.0082900477573275,0.9570581912994384,0.4922632277011871,0.4230149090290069,-0.0692613571882247,0.9847217798233032,0.5843807458877563,0.4271867275238037,-0.0558839589357376,0.9479284882545472,0.4878956973552704,0.3950405716896057,-0.0911048501729965,0.9678635597229004,0.5880052447319031,0.399468332529068,-0.0776609554886818,0.9111140966415404,0.4927802979946136,0.3946030437946319,-0.1171889305114746,0.9704023599624634,0.5847826600074768,0.3991536796092987,-0.1068330183625221,0.9176785945892334,0.4960845708847046,0.4028963148593902,-0.0811816081404686,0.9627895951271056,0.5825945734977722,0.4072376787662506,-0.0693049505352974,0.9090082049369812,0.5204941034317017,0.4300448596477508,-0.006394104566425,0.9997868537902832,0.5615262985229492,0.4285897612571716,0.006362167187035,0.999670386314392,0.5202398300170898,0.2717034518718719,-0.0286117158830165,0.9736911058425904,0.5624815821647644,0.2728581428527832,-0.0141644943505525,0.9542418122291564,0.5249471664428711,0.1270153522491455,0.0614331625401973,0.9757879972457886,0.5551564693450928,0.1296356469392776,0.0805201455950737,0.9503130912780762,0.527792751789093,0.1102370098233223,0.0637627393007278,0.6316192150115967,0.5517352819442749,0.1135522276163101,0.0837801173329353,0.6344678997993469,0.5276159048080444,0.0768575370311737,-0.0453541204333305,0.9631645083427428,0.5559227466583252,0.0786054655909538,-0.017234019935131,0.9457329511642456,hoyeon_stand_normal_01,8.602325,4.472136,1.414214,5.0,7.28011,9.486833,11.401754,11.7047,12.649111,12.649111,11.7047,10.77033,10.29563,9.433981,7.81025,6.403124,5.385165,5.09902,7.211103,10.0,13.416408,16.552945,19.697716,21.023796,22.36068,21.095023,3.0,5.385165,8.062258,10.29563,13.038405,14.764823,15.652476,15.231546,14.866069,14.56022,12.369317,10.198039,8.062258,6.082763,4.0,1.414214,1.0,4.123106,7.071068,10.198039,12.649111,14.866069,17.464249,17.0,17.492856,14.422205,14.422205,14.21267,12.727922,12.806248,10.816654,10.29563,9.486833,8.246211,7.071068,6.082763,5.830952,5.656854,6.708204,8.246211,10.198039,11.045361,14.035669,16.03122,17.029386,18.11077,18.11077,18.11077,17.262677,15.297059,12.369317,9.219544,2.236068,3.0,5.656854,8.062258,10.77033,13.341664,14.035669,15.033296,14.142136,13.341664,11.7047,10.77033,7.615773,5.385165,4.123106,2.236068,3.0,4.472136,7.615773,9.848858,12.083046,14.317821,15.231546,16.552945,17.464249,16.552945,13.038405,14.422205,14.422205,15.264338,14.422205,14.21267,12.806248,11.313708,9.899495,8.485281,7.071068,5.0,4.123106,5.0,6.708204,8.602325,11.401754,14.21267,16.401219,18.601075,21.095023,21.470911,21.470911,20.124612,17.464249,15.231546,12.206556,13.601471,15.264338,15.652476,15.652476,14.764823,13.416408,11.18034,9.433981,7.071068,5.830952,5.09902,6.0,6.082763,7.28011,8.544004,9.486833,10.77033,10.440307,11.401754,11.401754,10.440307,10.77033,10.29563,10.816654,11.313708
hoyeon_stand_normal_01,3372,1124,112.40614207650272,29.998360745314464,10,0.541270911693573,0.68443763256073,-0.187004342675209,0.9999899864196776,0.5368240475654602,0.6943256855010986,-0.175401970744133,0.999965488910675,0.5342456698417664,0.6937087178230286,-0.1754121631383896,0.9999685883522034,0.5317895412445068,0.6928384304046631,-0.1754235178232193,0.9999704360961914,0.5441612601280212,0.6946488618850708,-0.1746440082788467,0.9999513030052184,0.5464680790901184,0.6945209503173828,-0.1746506690979004,0.9999486207962036,0.548704981803894,0.6943424940109253,-0.1746443808078766,0.9999470114707948,0.5272926688194275,0.6840683221817017,-0.0961280018091201,0.9999542236328124,0.5518341660499573,0.6867557764053345,-0.0925975292921066,0.999880075454712,0.535969614982605,0.6714045405387878,-0.1566640883684158,0.9999884366989136,0.546322762966156,0.6730653047561646,-0.1556937396526336,0.9999802708625792,0.5062829852104187,0.6068170070648193,-0.0422791838645935,0.999989092350006,0.5717900991439819,0.6079103350639343,-0.0312242992222309,0.9999417066574096,0.4975048899650574,0.5067169070243835,-0.0026863948442041,0.9898092150688172,0.5778360962867737,0.5108416676521301,0.0068778339773416,0.9567989706993104,0.492248922586441,0.4232141077518463,-0.0691351667046547,0.984576940536499,0.584409773349762,0.4272586107254028,-0.0572657510638237,0.9476854205131532,0.4878921508789062,0.3951720297336578,-0.0906534343957901,0.9676049947738647,0.5880247950553894,0.3995998799800873,-0.0789507180452346,0.9108192324638368,0.4927766919136047,0.3946947753429413,-0.1169940158724784,0.9701759219169616,0.5848129391670227,0.3992954194545746,-0.1081612035632133,0.917418360710144,0.4960822165012359,0.4029785394668579,-0.08109862357378,0.9625069499015808,0.5826237797737122,0.4073225557804107,-0.0706734806299209,0.9087503552436828,0.5204443335533142,0.4304280877113342,-0.0063327923417091,0.9997867345809937,0.5615035891532898,0.428743302822113,0.006301833782345,0.9996706247329712,0.5202373266220093,0.2721162140369415,-0.0288890190422534,0.973670482635498,0.5624863505363464,0.2729194462299347,-0.014571126550436,0.9540305137634276,0.5249502062797546,0.1270528435707092,0.0606450885534286,0.9757230877876282,0.5551574230194092,0.1296313256025314,0.0793282911181449,0.9500171542167664,0.5277970433235168,0.1102604120969772,0.0628892257809639,0.6304866671562195,0.5517455339431763,0.1135495454072952,0.0824524015188217,0.6331328749656677,0.5276167988777161,0.0768647342920303,-0.0466994978487491,0.9630072712898254,0.5559135675430298,0.0785958245396614,-0.0191546212881803,0.9453919529914856,hoyeon_stand_normal_01,19.646883,20.248457,20.248457,18.788294,15.652476,12.529964,8.944272,6.324555,4.0,3.605551,5.0,7.071068,9.486833,11.7047,13.928388,15.652476,17.888544,18.788294,19.697716,19.697716,19.697716,17.0,13.892444,10.630146,9.486833,11.045361,16.970563,17.804494,17.204651,16.124515,13.416408,10.29563,7.211103,5.0,4.0,5.0,7.81025,10.630146,11.401754,12.806248,14.142136,14.866069,14.21267,13.601471,13.038405,11.18034,8.544004,5.385165,1.0,4.0,9.0,14.035669,17.117243,18.439089,17.464249,17.720045,16.155494,16.552945,15.264338,15.811388,15.620499,16.278821,16.278821,16.278821,16.278821,16.278821,15.556349,14.142136,12.727922,11.401754,8.944272,8.062258,9.219544,11.18034,14.422205,17.204651,20.0,21.095023,17.691806,18.601075,19.235384,17.720045,15.132746,12.041595,8.246211,3.605551,1.414214,5.09902,8.544004,11.661904,13.453624,15.556349,16.401219,17.204651,17.492856,17.888544,16.552945,15.231546,13.416408,12.206556,10.630146,10.29563,11.18034,13.0,14.5622575,14.530567,14.0095075,13.1339115,11.888623,12.1589105,11.6579515,11.531829,11.811451,11.4438025,11.1322765,10.893192,11.563388,11.493782,13.2621555,13.950543,14.8763985,15.495292,15.5563495,15.1426565,14.5311445,14.2360015,14.3405225,15.208244,15.590351,15.7715795,10.846694500000002,10.608622,11.3457835,10.972527,11.7781745,12.955715,13.397644,13.669327,13.2411105,12.6194295,11.6769705,11.5413815,10.7081925,10.42517,10.1820245,10.32196,10.5226805,10.5226805,10.408327,10.998497,12.0156105,12.2090625,13.4629645,13.5612845,13.9464115,14.4622905
hoyeon_stand_normal_01,3375,1125,112.5061475409836,29.998360745314464,10,0.5413199663162231,0.684432864189148,-0.1927079409360885,0.9999899864196776,0.5368955135345459,0.6943101286888123,-0.181239366531372,0.9999654293060304,0.5343151092529297,0.6937028765678406,-0.1812477558851242,0.9999685287475586,0.531840980052948,0.6928347945213318,-0.1812611520290374,0.9999704360961914,0.5442306399345398,0.694625973701477,-0.1805157661437988,0.9999511241912842,0.5465466976165771,0.6944975852966309,-0.1805239170789718,0.9999484419822692,0.5488297343254089,0.6942992210388184,-0.1805186718702316,0.9999467730522156,0.5273811221122742,0.6840692758560181,-0.1007961481809616,0.9999542832374572,0.5519083142280579,0.6867078542709351,-0.0974495559930801,0.9998795390129088,0.5360164642333984,0.6714054346084595,-0.1617646962404251,0.9999884366989136,0.5463970303535461,0.6730569005012512,-0.1608531326055526,0.9999802112579346,0.5064131617546082,0.6068788170814514,-0.0445752330124378,0.9999892115592957,0.5717991590499878,0.607926607131958,-0.0333418026566505,0.99994158744812,0.4975036382675171,0.507040798664093,-0.0029010474681854,0.9898504018783568,0.5778411626815796,0.5109049081802368,0.0065306676551699,0.9566810727119446,0.4922247529029846,0.4233444929122925,-0.0697638839483261,0.9846850037574768,0.5844367742538452,0.4273474812507629,-0.0583569221198558,0.9476598501205444,0.4878726601600647,0.395241230726242,-0.0913744792342186,0.9677882194519044,0.5880345106124878,0.3997527956962585,-0.080131396651268,0.9108195304870604,0.4927752315998077,0.3947559893131256,-0.1173197701573371,0.9703583121299744,0.5848299264907837,0.3994456529617309,-0.109658159315586,0.9174339771270752,0.4960819780826568,0.403035968542099,-0.0816480442881584,0.962710738182068,0.5826489329338074,0.4074100255966186,-0.071881279349327,0.9087467789649964,0.5204364657402039,0.4305594265460968,-0.006332925055176,0.9997878670692444,0.5614824295043945,0.4288048148155212,0.0063018491491675,0.9996710419654846,0.5202355980873108,0.272122174501419,-0.029077012091875,0.9735859632492064,0.5624830722808838,0.2729637622833252,-0.0145662454888224,0.9538000226020812,0.5249815583229065,0.1270517706871032,0.0617588832974433,0.9757255911827089,0.5551420450210571,0.1295970976352691,0.0804320946335792,0.9500051140785216,0.5278289318084717,0.1103169173002243,0.0642539262771606,0.630888819694519,0.551744818687439,0.1135383322834968,0.0837558135390281,0.6331163644790649,0.5276042819023132,0.076864555478096,-0.045611634850502,0.963074266910553,0.5558649897575378,0.078591950237751,-0.018262006342411,0.9454712271690368,hoyeon_stand_normal_01,14.21267,7.211103,3.162278,7.0,12.165525,15.297059,18.248288,19.416488,20.615528,19.646883,19.924859,18.384776,16.552945,15.652476,13.601471,10.630146,8.544004,9.055385,12.206556,17.029386,22.472205,28.653098,34.0,36.71512,38.078866,36.055513,5.0,8.544004,12.529964,17.492856,21.470911,23.259407,26.0,26.570661,25.0,23.769729,21.587033,18.248288,14.142136,10.049876,6.082763,2.236068,2.236068,7.28011,12.649111,17.088007,21.540659,26.400758,28.178006,29.154759,28.017851,24.207437,17.464249,18.681542,18.027756,17.464249,17.0,17.204651,17.029386,16.970563,17.691806,17.804494,17.804494,17.804494,17.804494,17.804494,16.401219,15.0,14.422205,12.529964,10.440307,9.055385,10.29563,12.806248,16.970563,20.518285,22.627417,24.083189,20.518285,21.400935,22.36068,21.18962,19.235384,15.0,10.198039,5.830952,2.0,4.0,8.544004,11.661904,14.21267,15.556349,17.029386,18.601075,18.867962,18.35756,17.888544,16.552945,14.764823,13.038405,10.630146,10.77033,12.165525,14.035669,12.806248,15.0,15.0,15.620499,15.0,14.422205,13.038405,12.529964,10.29563,8.944272,7.615773,5.830952,5.0,4.472136,5.0,7.28011,10.440307,12.649111,15.811388,17.720045,19.646883,20.396078,20.223748,19.104973,17.029386,14.035669,13.892444,14.764823,16.155494,17.464249,17.088007,16.155494,14.866069,13.0,10.29563,9.433981,7.81025,6.708204,7.28011,8.062258,8.0,10.049876,10.0,11.045361,12.0,12.0,12.0,12.0,12.041595,12.165525,11.401754,12.083046
hoyeon_stand_normal_01,3378,1126,112.60615300546448,29.998360745314464,10,0.5413722991943359,0.6844205856323242,-0.1924667358398437,0.999989926815033,0.536958634853363,0.6942883729934692,-0.181019440293312,0.9999653100967408,0.5343734622001648,0.6936914324760437,-0.1810276508331298,0.9999684691429138,0.5318832993507385,0.6928244233131409,-0.1810416579246521,0.9999703764915466,0.5442947149276733,0.6946005821228027,-0.1802572607994079,0.9999508261680604,0.5466238856315613,0.6944742202758789,-0.1802637428045272,0.9999481439590454,0.5489479303359985,0.6942603588104248,-0.1802577823400497,0.9999464750289916,0.5274403691291809,0.684066653251648,-0.1009347140789032,0.9999542832374572,0.551975429058075,0.6866581439971924,-0.0973860844969749,0.999878704547882,0.5360608696937561,0.6713916063308716,-0.1616677939891815,0.9999884366989136,0.5464829206466675,0.6730323433876038,-0.1606920212507248,0.999980092048645,0.506503164768219,0.6069054007530212,-0.0450625903904438,0.9999893307685852,0.5718146562576294,0.60791015625,-0.0334517545998096,0.9999414086341858,0.4975033700466156,0.5072299242019653,-0.0038613332435488,0.9898462295532228,0.5778380036354065,0.5109116435050964,0.006976468488574,0.9563196897506714,0.4922232031822204,0.4235025644302368,-0.0709267854690551,0.9847111701965332,0.5844449400901794,0.4273662567138672,-0.0572312921285629,0.9475541710853576,0.4878661334514618,0.3953174948692322,-0.0926003381609916,0.9678542017936708,0.5880355834960938,0.3998293876647949,-0.0788248255848884,0.910741686820984,0.4927766621112823,0.3948519825935364,-0.1187581494450569,0.970422625541687,0.5848349332809448,0.3995095789432525,-0.1082072183489799,0.917368710041046,0.4960859417915344,0.4031240940093994,-0.0828462392091751,0.9627795219421388,0.5826550126075745,0.407439261674881,-0.0706782191991806,0.9086930155754088,0.5204426050186157,0.4305702745914459,-0.0063838805072009,0.9997898936271667,0.5614815354347229,0.4288117587566376,0.006351554300636,0.9996721744537354,0.5202344655990601,0.2720672190189361,-0.0296348091214895,0.9735609889030457,0.5624887347221375,0.2730105817317962,-0.0145581765100359,0.953410506248474,0.5249605774879456,0.1269669085741043,0.0618605762720108,0.975730001926422,0.5550985336303711,0.1296211630105972,0.0814832299947738,0.949782371520996,0.5277575850486755,0.1102540045976638,0.0644087269902229,0.6293920874595642,0.5516518354415894,0.113671563565731,0.0849696695804596,0.6324067711830139,0.5275892019271851,0.0768708139657974,-0.0455511286854743,0.9630124568939208,0.5557920932769775,0.0785928666591644,-0.0167952273041009,0.9453623294830322,hoyeon_stand_normal_01,19.235384,20.396078,19.646883,18.027756,16.155494,13.0,10.77033,7.28011,5.0,3.605551,3.162278,5.09902,7.28011,8.544004,11.18034,13.416408,15.652476,16.552945,17.888544,17.888544,16.552945,14.764823,11.661904,8.485281,7.28011,9.219544,13.892444,15.0,14.866069,12.727922,10.630146,7.81025,5.656854,3.162278,2.828427,4.472136,7.615773,9.486833,10.77033,12.083046,12.529964,12.529964,13.038405,13.601471,12.041595,10.630146,7.81025,5.0,2.236068,5.0,9.0,13.0,14.035669,13.341664,12.649111,12.083046,11.661904,10.0,9.899495,8.602325,7.615773,7.28011,7.0,7.28011,8.062258,9.219544,11.313708,13.453624,15.0,17.029386,18.601075,19.209373,19.849433,19.104973,18.384776,16.278821,14.21267,10.630146,2.236068,1.414214,4.0,7.071068,9.486833,12.083046,13.601471,14.21267,14.142136,12.806248,11.661904,10.29563,7.615773,6.324555,3.162278,1.0,1.0,4.0,6.0,9.055385,11.045361,13.038405,15.132746,15.132746,16.124515,16.03122,15.652476,14.317821,12.083046,10.816654,9.219544,8.602325,9.848858,10.77033,11.7047,13.928388,14.317821,16.124515,16.643317,17.691806,18.384776,18.439089,18.027756,16.124515,13.892444,11.661904,7.81025,5.830952,6.082763,9.433981,12.806248,15.620499,10.0,8.485281,7.615773,7.071068,9.219544,11.7047,13.416408,15.652476,16.552945,17.464249,18.027756,17.720045,16.278821,15.132746,13.152946,13.152946,11.18034,11.401754,10.440307,10.77033,12.529964,13.038405,14.422205,15.811388,16.643317,16.643317
hoyeon_stand_normal_01,3381,1127,112.70615846994536,29.998360745314464,10,0.541402280330658,0.6844149231910706,-0.196799486875534,0.9999898672103882,0.5369928479194641,0.6942774653434753,-0.1853794008493423,0.9999651908874512,0.5344050526618958,0.6936854124069214,-0.1853870004415512,0.999968409538269,0.5319044589996338,0.692818284034729,-0.1854016929864883,0.999970316886902,0.544335663318634,0.6945913434028625,-0.1847284883260727,0.999950647354126,0.5466734170913696,0.6944674849510193,-0.1847358047962188,0.9999479651451112,0.549025297164917,0.6942495107650757,-0.1847301423549652,0.9999462962150574,0.527488648891449,0.6840642094612122,-0.1051345914602279,0.9999542236328124,0.5520210266113281,0.6866472363471985,-0.1020539551973342,0.9998782873153688,0.5360879302024841,0.6713849306106567,-0.1659218817949295,0.9999884366989136,0.5465267896652222,0.6730232238769531,-0.1650811582803726,0.9999800324440002,0.5065443515777588,0.6069082021713257,-0.0479969792068004,0.9999893307685852,0.5718404650688171,0.6079055070877075,-0.0378996320068836,0.9999410510063172,0.4975039064884186,0.5072352886199951,-0.006025577429682,0.9898550510406494,0.5778366327285767,0.51084303855896,0.0026382312644273,0.9562044739723206,0.4922093451023102,0.4235098361968994,-0.0731652900576591,0.9847299456596376,0.5844525098800659,0.4273687899112701,-0.0614035502076149,0.947512686252594,0.4878478348255157,0.395321786403656,-0.0946589857339859,0.9678804278373718,0.5880367755889893,0.3998561501502991,-0.0830860808491706,0.9107275009155272,0.4927646219730377,0.3948552310466766,-0.121141031384468,0.9704558849334716,0.5848417282104492,0.3995407819747925,-0.1122310832142829,0.91737562417984,0.4960761964321136,0.4031327366828918,-0.0851723253726959,0.9628279209136964,0.5826655626296997,0.4074559509754181,-0.0747276246547699,0.9086652398109436,0.5204789638519287,0.4305748045444488,-0.0062926234677433,0.9997888207435608,0.5614834427833557,0.4288258254528045,0.0062581077218055,0.99966961145401,0.5202534794807434,0.2720735967159271,-0.0296596493571996,0.9734735488891602,0.5624879002571106,0.2731024324893951,-0.0147898038849234,0.953196346759796,0.5248789191246033,0.1270289570093155,0.0620622187852859,0.975645124912262,0.5550132989883423,0.1296263635158538,0.0811225697398185,0.949476420879364,0.5276479721069336,0.1104005798697471,0.0646384507417678,0.6280108094215393,0.5515695810317993,0.1137528792023658,0.0845832079648971,0.6307651400566101,0.5275470614433289,0.0768669471144676,-0.0453775599598884,0.9628474116325378,0.5554666519165039,0.0785906910896301,-0.01736631244421,0.945050835609436,hoyeon_stand_normal_01,15.160915,14.0172775,12.129392,12.1213205,12.36798,12.2600645,10.9078455,9.85235,8.401860000000001,7.1150905,7.200877,8.014495499999999,8.432817499999999,9.315073,9.938658,10.502832,11.014693,12.4247165,13.732603,15.3330435,16.658821500000002,17.360596,17.059877999999998,16.260213,15.7465035,15.7004675,9.4995615,11.0440035,11.826238,12.632169,12.603278,11.734825,11.4163595,9.6485295,9.451305,9.3502455,9.883479,10.2450915,9.828684,9.2690555,8.7400495,8.355636500000001,9.564863,10.6345965,11.573966,12.444647,11.972136,11.294908,10.552015,12.167202,14.116817,15.5107815,16.124515,15.0,14.142136,13.453624,12.206556,11.661904,10.77033,9.219544,8.062258,7.071068,6.324555,7.211103,7.211103,8.944272,10.440307,12.165525,14.142136,16.124515,17.262677,18.248288,19.235384,18.439089,17.464249,15.524175,12.649111,9.486833,3.605551,3.0,4.242641,7.615773,10.198039,12.041595,14.035669,14.317821,13.601471,13.0,11.661904,9.433981,7.211103,5.0,2.236068,1.0,2.236068,4.472136,7.615773,9.848858,13.0,14.866069,16.155494,17.088007,18.027756,17.464249,15.556349,14.21267,12.806248,10.0,8.544004,9.055385,9.0,11.045361,12.165525,14.035669,15.0,16.03122,17.117243,18.681542,18.384776,18.35756,17.492856,15.811388,13.601471,10.816654,7.615773,6.082763,7.071068,10.29563,13.416408,16.552945,9.219544,7.81025,6.324555,6.082763,8.062258,10.0,13.453624,15.620499,17.029386,17.804494,17.204651,17.492856,16.124515,15.231546,13.0,12.083046,10.77033,10.29563,10.0,10.630146,12.041595,12.806248,14.21267,15.811388,17.204651,17.029386
hoyeon_stand_normal_01,3384,1128,112.80616393442622,29.998360745314464,10,0.5414313673973083,0.6844146847724915,-0.1919374912977218,0.9999898076057434,0.5370264053344727,0.6942746043205261,-0.1802823841571808,0.9999648928642272,0.5344384908676147,0.6936829090118408,-0.1802913546562194,0.99996817111969,0.5319273471832275,0.692815363407135,-0.1803057193756103,0.9999701380729676,0.54437255859375,0.694588303565979,-0.179605558514595,0.9999502301216124,0.546714186668396,0.6944641470909119,-0.1796113103628158,0.9999475479125975,0.5490837097167969,0.6942440867424011,-0.1796036064624786,0.999945878982544,0.5275343060493469,0.6840672492980957,-0.1004718765616417,0.9999538660049438,0.5520471334457397,0.6866375207901001,-0.0972718074917793,0.9998770952224731,0.536123514175415,0.6713861227035522,-0.1613650172948837,0.9999883770942688,0.5465683341026306,0.6730242967605591,-0.160484030842781,0.9999799132347108,0.50655597448349,0.606931746006012,-0.0459656976163387,0.99998939037323,0.5718511343002319,0.6078840494155884,-0.034652404487133,0.9999406933784484,0.4975029826164245,0.5072382092475891,-0.0062164510600268,0.989844560623169,0.5778431296348572,0.5107908248901367,0.004359574522823,0.9558741450309752,0.4921807646751404,0.4235120117664337,-0.0738415494561195,0.984764277935028,0.5844680070877075,0.427389919757843,-0.0599235408008098,0.9472891092300416,0.4878035187721252,0.3953158855438232,-0.0959025248885154,0.967960000038147,0.5880457162857056,0.3999092578887939,-0.0817669108510017,0.9104702472686768,0.4927388429641723,0.3948535323143005,-0.1221073195338249,0.9705250263214112,0.5848479866981506,0.3995799422264099,-0.1107116714119911,0.9171348810195924,0.4960527122020721,0.4031370282173157,-0.0858164951205253,0.9629046320915222,0.5826758146286011,0.4074734151363373,-0.0732180997729301,0.9083961844444276,0.5204892158508301,0.4306382238864898,-0.0062955217435956,0.9997900128364564,0.561481773853302,0.4288304150104522,0.006260928697884,0.9996703267097472,0.5202370882034302,0.2720751464366913,-0.0298097394406795,0.9735426902770996,0.5625358819961548,0.2729943692684173,-0.0148127861320972,0.9530896544456482,0.5248803496360779,0.1270273327827453,0.0620568618178367,0.9757143259048462,0.5550052523612976,0.1294687837362289,0.081121377646923,0.9495060443878174,0.5276486277580261,0.1104055270552635,0.0646310523152351,0.6275967955589294,0.551559567451477,0.113677442073822,0.0845728814601898,0.6302064061164856,0.5275567173957825,0.0766919702291488,-0.0453706867992877,0.96295428276062,0.5553476810455322,0.0784620493650436,-0.017326908186078,0.9451283812522888,hoyeon_stand_normal_01,11.18034,6.0,3.162278,5.830952,10.0,13.453624,14.866069,16.278821,16.970563,16.970563,16.278821,14.866069,13.601471,12.529964,10.77033,8.246211,7.28011,7.071068,9.486833,13.038405,18.027756,23.194827,27.294688,29.154759,30.149627,29.017236,4.123106,7.071068,10.816654,14.422205,17.204651,19.209373,20.615528,21.260292,20.518285,19.104973,17.029386,14.21267,10.816654,8.062258,5.0,1.0,3.162278,6.324555,10.440307,15.297059,18.248288,22.090722,24.020824,24.020824,23.086793,20.223748,16.0,15.132746,14.317821,13.928388,13.0,11.661904,10.630146,9.219544,8.602325,7.615773,7.071068,6.082763,6.708204,9.219544,10.630146,12.206556,14.422205,16.643317,17.492856,18.867962,20.248457,19.416488,18.601075,17.029386,14.21267,11.313708,3.605551,3.162278,4.123106,7.071068,9.848858,12.206556,13.453624,14.21267,14.422205,12.529964,12.083046,10.440307,7.28011,5.09902,3.162278,2.0,4.0,7.071068,10.049876,12.041595,14.142136,16.278821,17.262677,17.262677,18.11077,16.494211999999997,12.649111,14.317821,15.297059,15.297059,14.56022,14.56022,13.601471,12.083046,11.18034,8.944272,7.615773,6.324555,5.09902,4.123106,5.0,7.81025,10.0,13.038405,15.264338,17.492856,19.416488,20.0,19.849433,19.104973,16.970563,14.142136,12.529964,14.422205,15.811388,16.401219,15.620499,14.21267,12.806248,11.401754,9.433981,8.544004,7.071068,6.082763,6.324555,7.211103,8.602325,9.219544,10.0,10.630146,11.401754,11.401754,12.206556,12.206556,11.401754,11.313708,11.401754,11.661904
hoyeon_stand_normal_01,3387,1129,112.9061693989071,29.998360745314464,10,0.5414835810661316,0.6844151616096497,-0.1911425739526748,0.9999898076057434,0.5370867252349854,0.6942721605300903,-0.1795286685228347,0.999964952468872,0.5344962477684021,0.6936807036399841,-0.1795371174812317,0.9999682307243348,0.5319690704345703,0.6928130984306335,-0.1795504093170166,0.9999701976776124,0.5444225668907166,0.6945844292640686,-0.178719475865364,0.999950349330902,0.546765148639679,0.6944614052772522,-0.1787247508764267,0.9999476075172424,0.5491429567337036,0.6942378282546997,-0.1787166893482208,0.9999459981918336,0.5275806188583374,0.6840673089027405,-0.1001154333353042,0.9999538064002992,0.5520618557929993,0.6866280436515808,-0.0963499918580055,0.999876856803894,0.5361748933792114,0.6713900566101074,-0.1607717871665954,0.9999883770942688,0.5466126799583435,0.6730247139930725,-0.1597248911857605,0.9999799132347108,0.5065600275993347,0.6069287657737732,-0.0460059233009815,0.99998939037323,0.571867823600769,0.6078661680221558,-0.0342811159789562,0.9999405741691588,0.497501403093338,0.5072239637374878,-0.0073001473210752,0.9898421168327332,0.5778531432151794,0.5107266306877136,0.0044434615410864,0.9557024836540222,0.4921718835830688,0.4235189259052276,-0.0761209204792976,0.984760880470276,0.5844703316688538,0.4273629784584045,-0.0597147941589355,0.9471309185028076,0.4877748787403106,0.3953228592872619,-0.098406508564949,0.967946469783783,0.5880481004714966,0.3999097049236297,-0.0815435722470283,0.9102389216423036,0.4927259385585785,0.3948822319507599,-0.1244938820600509,0.9705106616020204,0.5848492383956909,0.3995781540870666,-0.1103028133511543,0.916922390460968,0.4960409104824066,0.4031695425510406,-0.0880756303668022,0.9628819823265076,0.5826778411865234,0.4074662625789642,-0.0729506090283393,0.9081631302833556,0.5205727219581604,0.4306342303752899,-0.0062895864248275,0.9997900128364564,0.5614954233169556,0.4288213551044464,0.0062545533291995,0.9996704459190368,0.5202600359916687,0.2722607851028442,-0.029930405318737,0.9736651182174684,0.562632143497467,0.2730148136615753,-0.0149539411067962,0.9533227682113647,0.5248944759368896,0.1272298693656921,0.0616485252976417,0.9758283495903016,0.5550071597099304,0.1294808387756347,0.0803822502493858,0.9496974349021912,0.5276561379432678,0.1105720549821853,0.0641960874199867,0.627677857875824,0.5515792369842529,0.113675907254219,0.0837254375219345,0.6299586296081543,0.5275573134422302,0.0767766162753105,-0.0456870757043361,0.9631105661392212,0.5553428530693054,0.0784779042005539,-0.0179787911474704,0.9453005194664,hoyeon_stand_normal_01,20.248457,20.880613,20.396078,19.235384,16.124515,13.038405,10.049876,6.324555,4.242641,3.162278,4.472136,7.071068,9.219544,11.401754,13.601471,15.811388,18.027756,19.416488,20.808652,20.0,19.416488,17.204651,13.892444,10.440307,9.055385,10.0,17.464249,17.720045,17.088007,15.652476,13.416408,10.29563,7.615773,5.09902,3.605551,5.09902,7.071068,9.055385,11.045361,12.165525,13.152946,14.317821,13.601471,13.928388,13.0,10.29563,8.062258,5.0,1.0,5.0,10.0,14.764823,14.317821,13.038405,12.806248,11.313708,10.0,9.433981,8.544004,7.28011,7.0,6.324555,5.830952,6.403124,6.708204,8.246211,10.049876,12.0,14.035669,16.03122,18.027756,19.026298,20.024984,19.0,18.0,16.03122,14.035669,11.045361,2.828427,2.236068,4.472136,7.0,10.049876,13.341664,13.928388,14.764823,14.422205,14.21267,12.727922,11.313708,9.219544,6.403124,4.242641,1.414214,1.0,3.162278,5.09902,8.246211,10.440307,12.369317,14.317821,15.297059,15.524175,15.524175,13.601471,14.56022,15.524175,15.524175,14.56022,13.928388,13.0,12.083046,11.18034,8.944272,7.615773,6.324555,5.0,4.472136,6.403124,9.219544,11.401754,14.422205,16.643317,19.416488,20.615528,22.022716,21.213203,20.518285,18.439089,14.866069,12.041595,14.21267,14.866069,16.278821,14.866069,15.620499,13.453624,11.313708,9.219544,7.211103,6.324555,5.0,5.385165,6.708204,7.211103,8.602325,10.0,10.0,10.816654,10.816654,11.661904,11.401754,11.401754,10.630146,10.630146,11.661904
hoyeon_stand_normal_01,3390,1130,113.00617486338798,29.998360745314464,10,0.5415269732475281,0.6844323873519897,-0.1910940557718277,0.9999896287918092,0.5371344089508057,0.6942800283432007,-0.1795097291469574,0.9999644160270692,0.5345417261123657,0.6936930418014526,-0.179517850279808,0.9999677538871764,0.5320047736167908,0.6928257942199707,-0.1795305162668228,0.999969720840454,0.544469952583313,0.6945886611938477,-0.1786610037088394,0.99994957447052,0.5468200445175171,0.6944628953933716,-0.1786670833826065,0.9999468326568604,0.5492092967033386,0.6942339539527893,-0.1786605268716812,0.9999452233314514,0.5276161432266235,0.6840761303901672,-0.1001930236816406,0.9999529123306274,0.552082896232605,0.6866204738616943,-0.0962746515870094,0.9998746514320374,0.5362184643745422,0.671416163444519,-0.160765454173088,0.9999881982803344,0.5466591119766235,0.6730368733406067,-0.1596727073192596,0.9999796152114868,0.5065632462501526,0.6069167256355286,-0.0460940226912498,0.9999893307685852,0.5718895792961121,0.6078592538833618,-0.0343695133924484,0.9999400973320008,0.4974921345710754,0.5071424841880798,-0.0079843634739518,0.9897873997688292,0.5779039859771729,0.510710597038269,0.0043744412250816,0.9555421471595764,0.4921701550483703,0.4235110282897949,-0.0774409025907516,0.9847030639648438,0.5844761729240417,0.427325963973999,-0.0597367249429225,0.9468252062797546,0.487769603729248,0.3953242003917694,-0.0997657403349876,0.9678476452827454,0.5880489945411682,0.3999097049236297,-0.0815354883670806,0.9097590446472168,0.4927252233028412,0.3948896527290344,-0.1258343756198883,0.9704158902168274,0.5848369002342224,0.3995767831802368,-0.1102230027318,0.9164579510688782,0.4960403740406036,0.4031824171543121,-0.0893792882561683,0.9627656936645508,0.5826640725135803,0.4074606299400329,-0.072944775223732,0.907664716243744,0.5205976366996765,0.4305424988269806,-0.0062349615618586,0.9997901916503906,0.5614966154098511,0.4287721812725067,0.0061983629129827,0.9996704459190368,0.5202642679214478,0.2722505629062652,-0.0301347952336072,0.9735440611839294,0.5627599954605103,0.2730182111263275,-0.0152899594977498,0.9531485438346864,0.5249837040901184,0.1272971779108047,0.061810553073883,0.9757112860679626,0.5550625324249268,0.1295269727706909,0.0803904980421066,0.9495391249656676,0.5277312397956848,0.1107603535056114,0.0644273683428764,0.6265523433685303,0.5517181754112244,0.1136915981769561,0.0837522372603416,0.6285662055015564,0.5275819301605225,0.0767798870801925,-0.0453325845301151,0.96298485994339,0.5553433299064636,0.0784766972064971,-0.0179397724568843,0.9451958537101746,hoyeon_stand_normal_01,11.18034,7.0,4.242641,5.09902,8.944272,10.816654,13.038405,13.601471,15.0,14.21267,14.21267,13.453624,12.041595,10.630146,9.433981,7.615773,6.0,6.403124,7.615773,12.165525,16.03122,21.0,25.019992,27.073973,27.073973,26.305893,3.605551,5.830952,8.944272,12.529964,14.764823,17.492856,18.027756,18.601075,17.804494,16.278821,14.866069,12.041595,9.219544,6.403124,3.605551,1.414214,3.0,7.071068,10.198039,14.317821,17.117243,20.099751,22.022716,23.021729,22.090722,19.235384,15.0,14.035669,12.369317,11.7047,11.18034,9.433981,9.219544,7.81025,6.708204,6.082763,5.0,6.324555,7.211103,9.219544,10.816654,11.661904,14.764823,16.124515,18.35756,18.867962,18.867962,19.416488,18.027756,16.401219,12.806248,10.0,2.236068,2.828427,5.0,8.246211,10.77033,13.038405,15.0,15.556349,15.620499,14.422205,13.038405,11.18034,8.544004,6.324555,4.472136,1.414214,1.414214,4.123106,6.082763,9.055385,11.18034,13.152946,15.297059,16.278821,17.262677,16.124515,18.027756,15.811388,13.601471,12.369317,10.049876,10.049876,10.440307,10.77033,13.0,14.317821,15.811388,17.464249,18.11077,19.026298,20.024984,19.235384,19.646883,17.720045,15.811388,12.649111,10.198039,7.28011,7.81025,10.29563,13.601471,15.811388,9.055385,8.062258,6.708204,7.071068,8.944272,11.401754,14.56022,16.492423,18.027756,18.027756,18.384776,17.888544,16.124515,15.264338,13.601471,13.038405,12.206556,11.18034,10.77033,11.401754,12.369317,14.142136,15.297059,17.262677,18.439089,18.681542
hoyeon_stand_normal_01,3393,1131,113.10618032786886,29.998360745314464,10,0.5415695309638977,0.6844613552093506,-0.1928245276212692,0.9999896287918092,0.5371810793876648,0.694288432598114,-0.1811944842338562,0.9999643564224244,0.5345876216888428,0.6937042474746704,-0.1812022626399994,0.9999676942825316,0.5320413708686829,0.6928378343582153,-0.1812143325805664,0.9999696612358092,0.5445114374160767,0.6945942640304565,-0.1803410053253173,0.9999494552612304,0.5468667149543762,0.6944661736488342,-0.1803485602140426,0.9999467134475708,0.5492601990699768,0.6942320466041565,-0.1803429424762725,0.999945104122162,0.5276497602462769,0.6840901374816895,-0.1015098989009857,0.999952793121338,0.5520970225334167,0.6866130232810974,-0.0975706353783607,0.9998740553855896,0.5362679362297058,0.6714644432067871,-0.1623637229204177,0.9999881982803344,0.5467020869255066,0.6730733513832092,-0.1612682193517685,0.999979555606842,0.5065683126449585,0.606916606426239,-0.0469653494656086,0.9999893307685852,0.571922242641449,0.6078460812568665,-0.0351460389792919,0.9999397993087769,0.4974656403064728,0.5070832371711731,-0.0085352407768368,0.9898282885551452,0.5779505372047424,0.5107038021087646,0.0040234038606286,0.9554187059402466,0.4921688437461853,0.4235123097896576,-0.0780207365751266,0.9847578406333924,0.5844771265983582,0.4272883832454681,-0.0601581931114196,0.9465838670730592,0.4877678453922272,0.3953517377376556,-0.1002887487411499,0.9679219722747804,0.5880417227745056,0.3999066948890686,-0.0819226503372192,0.9093767404556274,0.4927258491516113,0.394954115152359,-0.1264816969633102,0.970488667488098,0.5848230123519897,0.3995682001113891,-0.1106581315398216,0.9160954356193542,0.4960401654243469,0.4032318890094757,-0.0899638906121254,0.9628359079360962,0.5826564431190491,0.4074507355690002,-0.0733645036816597,0.907261610031128,0.5205981135368347,0.4304854273796081,-0.0062202806584537,0.9997912049293518,0.5614944696426392,0.4286706149578094,0.0061829546466469,0.999671459197998,0.5202671885490417,0.2721673846244812,-0.0301317945122718,0.9735215306282043,0.5627606511116028,0.273010104894638,-0.0152542702853679,0.9531106352806092,0.5250261425971985,0.1272354423999786,0.0625799149274826,0.9757657647132874,0.5550680756568909,0.1294987797737121,0.0813568085432052,0.9496591687202454,0.5277761220932007,0.1106595546007156,0.0652870759367942,0.6272851824760437,0.5517397522926331,0.1135983690619468,0.0848109349608421,0.6286093592643738,0.5275804996490479,0.0767305269837379,-0.0445849560201168,0.9631288647651672,0.55534428358078,0.0784055292606353,-0.0170662347227334,0.945385754108429,hoyeon_stand_normal_01,18.867962,19.235384,19.697716,18.027756,15.811388,12.649111,9.486833,6.708204,2.828427,2.0,3.605551,5.830952,7.615773,10.77033,12.649111,14.56022,16.763055,18.973666,18.973666,18.973666,18.027756,16.763055,13.341664,10.0,8.944272,10.0,16.124515,17.029386,16.03122,15.132746,13.152946,10.198039,7.0,4.472136,4.472136,6.0,8.062258,10.198039,11.18034,12.165525,13.038405,14.035669,14.0,14.035669,13.152946,11.18034,8.246211,5.09902,1.0,4.242641,8.485281,13.453624,14.1231045,14.4165085,14.0532435,13.6529665,13.5,12.955715,12.532054,11.4831045,11.2422315,11.167703,10.2978875,10.8676195,10.8824115,11.505517,12.5440755,12.749727,12.987745,13.447422499999998,13.3562,13.209909,13.648821,14.617692,15.4634745,14.9981845,15.0,14.819146,9.5,9.690686,10.4430805,11.2638195,12.12642,11.291047,10.3556845,9.170832,8.652207,8.561553,9.5563315,10.0234485,9.5314325,9.0957065,8.652207,7.813441999999999,8.5,9.2726555,10.300324,11.236193,11.804155000000002,12.1158085,11.8011625,12.4726115,13.2006095,14.1924955,13.152946,14.035669,15.033296,15.033296,15.033296,15.132746,14.317821,12.369317,11.401754,9.486833,8.544004,6.082763,5.0,5.385165,5.656854,7.211103,10.29563,13.416408,15.652476,18.35756,19.723083,20.248457,20.0,18.601075,17.029386,14.866069,12.165525,14.317821,16.492423,16.763055,15.811388,15.811388,13.928388,12.649111,10.440307,9.055385,7.071068,6.324555,6.403124,7.071068,9.219544,9.219544,10.0,11.401754,11.401754,12.041595,12.041595,12.806248,11.401754,11.661904,12.083046,11.401754
hoyeon_stand_normal_01,3396,1132,113.20618579234971,29.998360745314464,10,0.5416002869606018,0.6844820380210876,-0.1937232464551925,0.9999895691871644,0.5372110605239868,0.6942983865737915,-0.1821396499872207,0.9999641180038452,0.5346156358718872,0.693717360496521,-0.1821475028991699,0.9999674558639526,0.5320632457733154,0.6928524374961853,-0.1821601688861847,0.999969482421875,0.5445385575294495,0.6945968270301819,-0.1812773793935775,0.9999490976333618,0.5468994975090027,0.6944661140441895,-0.1812851428985595,0.999946355819702,0.5492942929267883,0.6942290663719177,-0.1812790930271148,0.9999446868896484,0.5276663899421692,0.6841015815734863,-0.1026587858796119,0.9999524354934692,0.5521037578582764,0.6866068840026855,-0.0987021550536155,0.999872863292694,0.5362989902496338,0.6714925765991211,-0.1633368879556656,0.9999880790710448,0.5467320084571838,0.6730923056602478,-0.1622365862131118,0.9999793767929076,0.506569504737854,0.6069105267524719,-0.0482952184975147,0.9999892711639404,0.5719415545463562,0.6078237891197205,-0.0362711064517498,0.9999390840530396,0.4974463582038879,0.5069745779037476,-0.0105157755315303,0.9898382425308228,0.5779620409011841,0.5106995701789856,0.0024991736281663,0.9550139904022216,0.4921710789203644,0.4235047698020935,-0.0793080180883407,0.9847606420516968,0.5844777822494507,0.4272900819778442,-0.0611527487635612,0.9459894895553588,0.4877662360668182,0.3953755497932434,-0.101408950984478,0.9679145216941832,0.5880400538444519,0.399908185005188,-0.0828219577670097,0.9085017442703248,0.4927250146865845,0.3949918150901794,-0.127602219581604,0.9704784154891968,0.5848169922828674,0.3995685279369354,-0.1113986670970916,0.9152640104293824,0.4960397183895111,0.4032504856586456,-0.0912108048796653,0.9628260135650636,0.5826528072357178,0.4074515104293823,-0.0742884427309036,0.9063649773597716,0.5206470489501953,0.4304867684841156,-0.0061977938748896,0.9997910857200624,0.5615223050117493,0.4286770820617676,0.0061594489961862,0.9996703267097472,0.5202671885490417,0.2721639573574066,-0.0301150940358638,0.9734888672828674,0.5627902150154114,0.2730109691619873,-0.0152457188814878,0.9531338214874268,0.5250566601753235,0.127237856388092,0.0622576437890529,0.9758158922195436,0.5550817847251892,0.1294129192829132,0.0809196308255195,0.949758529663086,0.5278325080871582,0.1106460094451904,0.0648693367838859,0.6275050640106201,0.5517960786819458,0.1134294345974922,0.0842892155051231,0.6284113526344299,0.5275656580924988,0.0766713693737983,-0.0448815263807773,0.9631991982460022,0.5553410053253174,0.0783423483371734,-0.0173954013735055,0.9454877972602844,hoyeon_stand_normal_01,18.0,20.024984,19.104973,17.262677,15.297059,13.341664,10.198039,7.0,5.0,2.828427,4.0,5.385165,7.211103,10.0,11.313708,13.453624,15.556349,16.970563,17.691806,17.691806,17.691806,14.866069,12.041595,8.062258,6.0,7.211103,15.0,15.264338,15.652476,14.317821,11.7047,9.486833,6.324555,3.605551,2.0,3.605551,5.830952,8.062258,9.433981,10.816654,11.401754,12.041595,12.041595,11.313708,11.313708,10.0,7.211103,4.472136,4.123106,8.246211,13.152946,13.435016,15.231546,15.652476,16.124515,15.811388,15.620499,14.866069,14.21267,14.422205,15.264338,15.652476,15.652476,15.231546,15.231546,14.866069,13.928388,13.0,12.369317,10.198039,8.0,6.708204,8.602325,10.77033,13.601471,16.492423,18.681542,19.924859,16.643317,18.384776,18.681542,18.11077,16.03122,12.369317,8.944272,5.0,2.236068,5.0,8.246211,10.29563,12.806248,14.866069,16.278821,16.401219,16.643317,16.124515,16.124515,14.764823,13.038405,11.401754,9.219544,8.544004,10.0,11.18034,15.811388,14.56022,12.649111,10.77033,9.433981,8.485281,9.433981,10.29563,11.661904,13.038405,14.422205,15.620499,16.970563,17.804494,18.867962,17.888544,18.384776,16.763055,14.56022,11.401754,8.944272,6.403124,7.0,9.486833,13.0,15.231546,9.848858,8.062258,6.403124,7.28011,8.0,10.198039,12.649111,14.56022,16.492423,17.464249,17.262677,17.117243,15.033296,15.0,13.0,12.041595,11.0,10.0,10.049876,10.440307,11.7047,13.0,14.317821,16.552945,17.088007,17.088007
hoyeon_stand_normal_01,3399,1133,113.3061912568306,29.998360745314464,10,0.5416473150253296,0.6844817399978638,-0.1927238255739212,0.9999895691871644,0.5372642874717712,0.6942914724349976,-0.1811482906341552,0.9999641180038452,0.5346668362617493,0.6937130689620972,-0.181156575679779,0.9999674558639526,0.5321013331413269,0.6928480863571167,-0.1811699122190475,0.999969482421875,0.5445810556411743,0.6945872902870178,-0.1802085936069488,0.9999490976333618,0.5469446778297424,0.694457471370697,-0.1802155077457428,0.9999462962150574,0.5493413209915161,0.6942153573036194,-0.1802081167697906,0.9999446868896484,0.5277054905891418,0.684097945690155,-0.1018923223018646,0.9999523758888244,0.5521143674850464,0.6866003274917603,-0.0975615084171295,0.9998724460601808,0.5363520979881287,0.6714946627616882,-0.1624376475811004,0.9999880790710448,0.546786367893219,0.6730920076370239,-0.1612260788679123,0.9999793767929076,0.5066196322441101,0.6069127917289734,-0.0480868928134441,0.9999892711639404,0.571987509727478,0.6077262759208679,-0.0353408530354499,0.999938666820526,0.4974389970302582,0.5069599151611328,-0.0104712164029479,0.9898362159729004,0.5779722332954407,0.510645866394043,0.0031744255684316,0.9545945525169371,0.4921706616878509,0.4235008358955383,-0.0791954025626182,0.984724760055542,0.5844786167144775,0.4272872507572174,-0.0604045912623405,0.9454797506332396,0.4877650439739227,0.3953905403614044,-0.101288266479969,0.9678394794464112,0.5880398154258728,0.3999038636684418,-0.0820312052965164,0.9077415466308594,0.4927248656749725,0.395013689994812,-0.1275522261857986,0.9704038500785828,0.5848171710968018,0.3995478749275207,-0.1104894205927848,0.9145506024360656,0.4960401654243469,0.4032614827156067,-0.091119684278965,0.9627362489700316,0.5826540589332581,0.4074377715587616,-0.0735127627849578,0.9056240916252136,0.520709753036499,0.4304434657096863,-0.0062167407013475,0.9997917413711548,0.5615317225456238,0.42863929271698,0.006177585106343,0.999670684337616,0.5203251242637634,0.2720735371112823,-0.0301707480102777,0.9735167622566224,0.5627934336662292,0.2729185223579407,-0.0152341956272721,0.9531131386756896,0.5251076817512512,0.127237930893898,0.0625458806753158,0.9758792519569396,0.5550821423530579,0.1294119656085968,0.0813406854867935,0.9499570727348328,0.5278632044792175,0.110640674829483,0.0652401447296142,0.6277344822883606,0.5517942905426025,0.1134366542100906,0.0847888439893722,0.6290488243103027,0.5275704264640808,0.0766965597867965,-0.0441621392965316,0.9632797241210938,0.5553401708602905,0.078340083360672,-0.016566539183259,0.9457041025161744,hoyeon_stand_normal_01,18.681542,20.396078,20.223748,19.104973,17.029386,14.035669,11.045361,8.062258,5.385165,3.605551,3.0,5.0,7.071068,9.219544,11.661904,13.892444,16.124515,17.492856,18.867962,18.867962,18.027756,16.124515,13.416408,9.486833,6.082763,7.81025,15.811388,15.620499,16.278821,14.866069,12.806248,10.0,6.403124,3.605551,2.236068,3.605551,6.324555,8.246211,10.198039,11.401754,12.649111,12.649111,13.0,13.416408,12.529964,10.816654,8.602325,5.0,1.0,4.472136,8.944272,13.416408,16.03122,14.142136,13.601471,12.083046,11.661904,10.0,8.485281,7.211103,6.708204,6.082763,6.082763,6.708204,7.071068,8.602325,10.816654,13.416408,15.231546,17.464249,18.788294,19.697716,19.697716,20.124612,19.235384,17.0,14.764823,11.18034,3.162278,2.828427,5.09902,9.055385,11.7047,13.892444,15.811388,16.278821,16.278821,15.0,13.892444,11.661904,8.944272,7.615773,4.472136,1.414214,1.0,4.0,7.071068,9.055385,12.041595,14.142136,16.124515,17.117243,18.11077,17.029386,12.767085,13.79788,14.142136,14.866069,14.177403,14.21267,12.9223265,11.531829,10.147815,8.7732985,7.6366805,5.743903,4.3573885,4.561553,5.5908915,7.912056999999999,10.965952,13.4238925,15.658884,17.9245125,20.251414,20.755946,20.755946,19.53881,17.465756,14.80744,12.973186,14.323977,15.69352,16.6217505,16.2872215,15.3387285,14.244304,12.1769055,10.309594,8.062258,6.737096,5.6080585,6.203659,6.535534,7.535534,8.650798,9.63471,10.6217,10.6217,11.5226805,11.5226805,11.5226805,11.1128505,10.8103235,11.086042,10.998497
hoyeon_stand_normal_01,3402,1134,113.40619672131147,29.998360745314464,10,0.5417287349700928,0.6844793558120728,-0.1974972337484359,0.9999897480010986,0.5373506546020508,0.6942846179008484,-0.1861805617809295,0.999964714050293,0.5347384810447693,0.6937084794044495,-0.1861873269081115,0.9999679923057556,0.532150387763977,0.6928433179855347,-0.1862008720636367,0.9999699592590332,0.5446726083755493,0.694577693939209,-0.1850323677062988,0.9999498128890992,0.5470460057258606,0.6944487690925598,-0.1850382834672927,0.9999470114707948,0.5494461059570312,0.6941999197006226,-0.1850297003984451,0.9999454021453856,0.5277453064918518,0.6840913891792297,-0.1067757308483123,0.9999532103538512,0.5521364212036133,0.6865957975387573,-0.1014625653624534,0.9998738169670104,0.5364264249801636,0.6714930534362793,-0.1670116782188415,0.999988317489624,0.5468825101852417,0.673086941242218,-0.165529191493988,0.9999796748161316,0.5066474676132202,0.606925368309021,-0.0513025298714637,0.99998939037323,0.5720220804214478,0.6076909899711609,-0.0367639921605587,0.999938666820526,0.497435986995697,0.5069600939750671,-0.0115229152143001,0.9899487495422364,0.5779816508293152,0.5106022357940674,0.0031729352194815,0.9542990922927856,0.4921711087226867,0.4235205352306366,-0.0792534053325653,0.9848347306251526,0.5844795107841492,0.4272805750370025,-0.060447234660387,0.945328950881958,0.4877601861953735,0.3954240083694458,-0.1012248769402504,0.9680153727531432,0.5880393981933594,0.3999047875404358,-0.0820372998714447,0.9075499176979064,0.4927265048027038,0.3950566947460174,-0.1275451630353927,0.9705665111541748,0.5848174691200256,0.3995455801486969,-0.1105349063873291,0.9143714904785156,0.4960465729236603,0.4032925069332123,-0.0911586433649063,0.9629265069961548,0.582655131816864,0.4074375033378601,-0.0735698789358139,0.9054256677627563,0.5207531452178955,0.4304397702217102,-0.0063339616172015,0.9997932314872742,0.5615540742874146,0.4286387264728546,0.0062925349920988,0.9996718168258668,0.520369827747345,0.2720407247543335,-0.0305423997342586,0.9737089276313782,0.56279456615448,0.2729179561138153,-0.0150762824341654,0.9534728527069092,0.5251462459564209,0.127240389585495,0.0631016194820404,0.9761127233505248,0.5550810694694519,0.1293631494045257,0.0824755132198333,0.9505241513252258,0.5278875827789307,0.1106427088379859,0.0659087821841239,0.6289789080619812,0.551796555519104,0.1133496686816215,0.0860308408737182,0.6314432621002197,0.5275596380233765,0.0766910910606384,-0.0436544977128505,0.9635663628578186,0.5553473830223083,0.0783364027738571,-0.0154613014310598,0.9462722539901732,hoyeon_stand_normal_01,7.81025,5.0,2.236068,4.472136,7.28011,10.049876,11.045361,11.045361,12.041595,12.0,11.0,11.045361,10.049876,8.246211,7.615773,5.830952,4.472136,4.0,6.403124,9.219544,13.038405,16.643317,19.723083,21.633308,21.633308,21.400935,2.236068,4.0,7.0,10.049876,13.0,14.0,15.033296,15.033296,14.142136,13.152946,11.401754,10.440307,7.28011,5.385165,3.162278,2.236068,5.0,8.062258,11.401754,14.21267,16.278821,16.970563,18.439089,17.804494,15.811388,16.346670250000003,14.317821,16.124515,16.03122,16.0,16.124515,16.278821,15.811388,15.231546,15.652476,16.124515,15.811388,16.401219,16.401219,15.620499,14.866069,13.453624,13.453624,10.816654,8.944272,8.0,9.848858,11.401754,14.866069,17.029386,19.849433,21.260292,17.204651,19.104973,19.849433,18.867962,17.088007,14.142136,11.045361,7.615773,4.472136,5.0,7.211103,10.440307,12.041595,14.0,15.132746,16.278821,15.524175,15.811388,15.231546,13.928388,12.649111,10.198039,8.062258,7.615773,9.219544,10.77033,12.806248,14.21267,14.866069,14.866069,14.866069,14.21267,13.601471,12.529964,10.29563,9.848858,8.062258,5.830952,5.656854,4.472136,5.09902,7.28011,10.77033,13.0,16.155494,18.027756,19.924859,20.615528,20.615528,19.416488,17.262677,14.142136,13.892444,15.652476,17.0,17.464249,17.464249,17.088007,15.231546,13.416408,11.18034,8.602325,7.071068,6.708204,7.28011,7.0,8.062258,9.055385,10.049876,11.045361,12.041595,12.041595,12.041595,12.041595,12.165525,11.18034,11.401754,12.083046
hoyeon_stand_normal_01,3405,1135,113.50620218579236,29.998360745314464,10,0.5417672395706177,0.68447345495224,-0.202003002166748,0.999989926815033,0.5374059081077576,0.6942673325538635,-0.1908138245344162,0.9999653100967408,0.5347840189933777,0.6936964392662048,-0.190819501876831,0.9999685883522034,0.5321862697601318,0.6928320527076721,-0.1908340454101562,0.999970555305481,0.5447244048118591,0.6945558190345764,-0.189679279923439,0.999950647354126,0.5471069812774658,0.694428563117981,-0.1896858513355255,0.9999478459358216,0.549512505531311,0.6941701173782349,-0.189676821231842,0.9999462366104126,0.527786910533905,0.6840844750404358,-0.1115338280797004,0.9999542236328124,0.5521647930145264,0.6865825653076172,-0.106277085840702,0.9998756051063538,0.5364605188369751,0.6714906096458435,-0.1715175658464431,0.9999884963035583,0.5469210743904114,0.6730801463127136,-0.1700530499219894,0.9999799728393556,0.506662130355835,0.6069352030754089,-0.0557155683636665,0.9999895095825196,0.5720382928848267,0.6076598763465881,-0.0403129793703556,0.9999387264251708,0.4974361658096313,0.5069620609283447,-0.0154696349054574,0.990082025527954,0.5779828429222107,0.5105847120285034,0.0009474739199504,0.9541686177253724,0.4921759963035583,0.4235365986824035,-0.082439973950386,0.9849808812141418,0.5844805240631104,0.4272790849208832,-0.0623238533735275,0.9452439546585084,0.4877527952194214,0.3954366147518158,-0.1041824072599411,0.9682563543319702,0.5880394577980042,0.3999038934707641,-0.0836481153964996,0.9073794484138488,0.492728978395462,0.3950715661048889,-0.1307159513235092,0.9707909226417542,0.5848203897476196,0.3995327949523926,-0.1124019250273704,0.9142193794250488,0.4960571825504303,0.4033037722110748,-0.0943431407213211,0.9632030725479126,0.5826621651649475,0.4074317216873169,-0.0755064040422439,0.9052870869636536,0.5207721590995789,0.4305417239665985,-0.0065246722660958,0.9997936487197876,0.5615554451942444,0.4287355542182922,0.006480942480266,0.9996716380119324,0.5204868912696838,0.2720646858215332,-0.0308180805295705,0.9736593961715698,0.5627766251564026,0.2729410529136657,-0.0147566180676221,0.953376829624176,0.52517169713974,0.1273051053285598,0.0622838698327541,0.9761250019073486,0.5550807118415833,0.1293616145849228,0.0823659673333168,0.9505079984664916,0.5279046297073364,0.1106850430369377,0.064957357943058,0.6281602382659912,0.5518023371696472,0.1133478283882141,0.0858564376831054,0.6316364407539368,0.5275596976280212,0.0767216384410858,-0.0448359735310077,0.9635160565376282,0.5553909540176392,0.0783749744296073,-0.015619077719748,0.9462147355079652,hoyeon_stand_normal_01,17.885699,15.0787375,12.1114285,12.513149,12.7434165,13.964194,13.6004275,13.223517,12.0867295,11.1969225,10.944272,11.2371345,11.810819,12.0560825,12.4239215,11.8233255,12.1378595,13.3316665,15.4356385,18.306244,20.988147,23.0077025,24.647304,23.7828495,23.1824165,23.431302,10.0622575,11.936823,14.6037335,16.035359999999997,16.768287,16.9268605,16.065497999999998,14.5503245,13.65797,13.6597275,13.16561,13.1369835,11.423575,10.4442935,9.1001345,7.442589499999999,8.3027755,10.8313095,12.935814,14.1404515,15.702917,15.6244045,15.541609,17.044877,19.006578,19.2769325,13.152946,15.033296,15.0,15.033296,15.297059,14.56022,14.866069,14.764823,15.264338,14.422205,15.0,15.620499,14.866069,14.142136,14.142136,12.041595,11.401754,10.29563,8.246211,8.062258,8.944272,10.630146,13.601471,15.811388,18.027756,19.416488,15.620499,17.029386,18.027756,17.888544,16.492423,13.038405,10.198039,6.708204,4.472136,4.472136,7.211103,9.219544,11.045361,12.041595,13.152946,14.56022,14.56022,14.866069,14.317821,13.0,11.7047,9.219544,8.0,6.708204,7.81025,9.848858,13.038405,13.892444,14.764823,14.764823,13.892444,14.422205,12.806248,12.041595,10.630146,9.219544,7.071068,5.656854,4.472136,4.0,5.385165,7.211103,10.0,12.806248,15.620499,17.804494,19.416488,19.723083,20.59126,19.235384,16.552945,13.928388,14.21267,15.620499,17.029386,17.691806,17.691806,16.278821,14.866069,13.453624,11.313708,8.602325,7.615773,7.071068,7.071068,7.28011,7.615773,8.944272,9.848858,11.18034,12.083046,12.083046,12.083046,11.7047,12.083046,11.661904,11.401754,11.313708
hoyeon_stand_normal_01,3408,1136,113.60620765027322,29.998360745314464,10,0.5417888164520264,0.6845110654830933,-0.2013692408800125,0.9999900460243224,0.5374351143836975,0.6942743062973022,-0.1900960355997085,0.9999657273292542,0.5348045825958252,0.6937041878700256,-0.1901022344827652,0.999968945980072,0.5322043895721436,0.6928391456604004,-0.1901165843009948,0.9999709129333496,0.5447548031806946,0.6945642828941345,-0.1890503466129303,0.999951183795929,0.5471463799476624,0.6944358348846436,-0.1890563517808914,0.9999483823776244,0.5495513677597046,0.6941729187965393,-0.1890474706888198,0.9999467730522156,0.5278139710426331,0.6840941905975342,-0.1107917949557304,0.999954879283905,0.5521866679191589,0.6865926384925842,-0.1059659048914909,0.9998767375946044,0.5364845395088196,0.6715390682220459,-0.170911356806755,0.999988615512848,0.5469430685043335,0.6731185913085938,-0.1695667952299118,0.9999801516532898,0.5066730380058289,0.606958270072937,-0.0555060543119907,0.9999895691871644,0.572060763835907,0.6076514720916748,-0.0408048033714294,0.9999386072158812,0.4974385201931,0.5069613456726074,-0.0161737445741891,0.99016010761261,0.5779840350151062,0.5105721950531006,-0.0001685310126049,0.9539523720741272,0.4921892881393432,0.4235401153564453,-0.0831960290670394,0.9850654006004332,0.5844835638999939,0.4272770881652832,-0.0632336065173149,0.9450203776359558,0.4877511262893677,0.3954414129257202,-0.104943037033081,0.9683957695961,0.5880398154258728,0.3999053537845611,-0.0845875293016433,0.9070394039154052,0.4927364587783813,0.3950787186622619,-0.1314128935337066,0.9709206223487854,0.5848287343978882,0.3995324969291687,-0.1133599057793617,0.9139114022254944,0.4960704743862152,0.4033090770244598,-0.0950907468795776,0.9633677005767822,0.5826752185821533,0.4074317812919616,-0.0764345377683639,0.9049707651138306,0.5207794904708862,0.4306692481040954,-0.0065633002668619,0.9997940063476562,0.5615556240081787,0.4288472533226013,0.0065193576738238,0.9996716380119324,0.5205498337745667,0.2722689211368561,-0.0307870730757713,0.9735631346702576,0.5627346038818359,0.2730881869792938,-0.0145671106874942,0.953287661075592,0.5251886248588562,0.1275244206190109,0.061336550861597,0.9761371612548828,0.5550804138183594,0.1294211745262146,0.0816051736474037,0.9505141377449036,0.5279253721237183,0.1109000965952873,0.0638098120689392,0.6280208230018616,0.5518022179603577,0.1135550141334533,0.0849103182554245,0.6317474842071533,0.5275676250457764,0.0767638385295867,-0.0458834990859031,0.963520348072052,0.5553925037384033,0.0784656256437301,-0.0162976365536451,0.9461721777915956,hoyeon_stand_normal_01,20.223748,21.023796,21.0,19.026298,17.117243,14.142136,11.045361,7.0,4.123106,2.828427,3.162278,5.0,6.403124,9.433981,11.661904,13.892444,16.124515,18.35756,19.723083,19.723083,18.35756,16.124515,13.0,9.055385,8.062258,10.816654,16.278821,16.278821,16.401219,14.422205,12.529964,10.29563,5.830952,2.828427,2.236068,5.385165,7.28011,9.486833,11.7047,12.649111,13.0,14.317821,13.892444,13.892444,13.038405,11.401754,8.602325,5.0,1.0,4.123106,8.544004,13.341664,12.649111,13.341664,14.142136,14.035669,14.0,14.142136,13.341664,13.928388,14.317821,13.892444,13.892444,13.038405,13.601471,13.601471,12.806248,11.313708,10.630146,9.433981,8.246211,8.062258,8.944272,12.041595,14.866069,17.029386,19.209373,20.615528,17.029386,18.867962,18.788294,17.720045,16.124515,14.035669,10.440307,6.403124,4.123106,4.242641,7.071068,9.0,11.18034,12.649111,13.928388,15.652476,15.264338,15.811388,15.0,13.601471,12.206556,10.29563,8.246211,6.082763,6.403124,8.602325,15.811388,14.422205,12.806248,11.313708,10.0,9.848858,10.440307,11.18034,12.369317,13.341664,15.524175,16.155494,17.0,18.027756,19.209373,18.384776,18.439089,16.401219,14.422205,11.401754,7.81025,6.324555,7.28011,10.816654,14.21267,17.029386,9.219544,7.81025,6.324555,6.082763,8.944272,10.816654,14.21267,15.620499,17.204651,17.492856,17.492856,17.0,16.155494,14.866069,13.601471,11.7047,11.7047,11.18034,10.29563,10.816654,11.401754,13.453624,14.866069,16.278821,17.029386,17.804494
hoyeon_stand_normal_01,3411,1137,113.70621311475408,29.998360745314464,10,0.5417920351028442,0.6846485733985901,-0.2010356783866882,0.9999900460243224,0.537462055683136,0.6943318247795105,-0.1897193491458892,0.9999658465385436,0.5348270535469055,0.6937652230262756,-0.1897263824939727,0.9999690651893616,0.5322261452674866,0.6929103136062622,-0.1897410899400711,0.999971091747284,0.5447766184806824,0.6946045756340027,-0.1886851340532302,0.9999512434005736,0.5471718907356262,0.6944646239280701,-0.188690647482872,0.9999484419822692,0.5495762228965759,0.6941919922828674,-0.1886823028326034,0.9999467730522156,0.5278725624084473,0.6842167973518372,-0.1105636209249496,0.9999552965164183,0.5522164702415466,0.6866188645362854,-0.1057264953851699,0.9998766779899596,0.5364881753921509,0.6717326641082764,-0.1706636250019073,0.9999886751174928,0.5469453930854797,0.6732706427574158,-0.1693165898323059,0.9999801516532898,0.5066947340965271,0.6070032119750977,-0.055994976311922,0.9999896287918092,0.5720672607421875,0.6076228022575378,-0.040940772742033,0.9999380111694336,0.4974499344825744,0.5069629549980164,-0.0176854990422725,0.990237832069397,0.5779971480369568,0.5104636549949646,-0.0004265029856469,0.9538073539733888,0.4922000765800476,0.4235453605651855,-0.0854597389698028,0.9851534366607666,0.584488034248352,0.427251398563385,-0.0632982403039932,0.944809079170227,0.4877603352069855,0.3954415917396545,-0.1073815524578094,0.9685528874397278,0.5880392789840698,0.3998947143554687,-0.0846255272626876,0.906677782535553,0.4927829504013061,0.3950845003128052,-0.1338361352682113,0.9710643291473388,0.5848289132118225,0.3995164334774017,-0.1134273037314415,0.91358083486557,0.4961225390434265,0.4033154249191284,-0.0973753482103347,0.9635582566261292,0.582676112651825,0.4074228703975677,-0.0765148103237152,0.9046756625175476,0.5207808017730713,0.4307413697242737,-0.0067205973900854,0.999793827533722,0.5615538954734802,0.4288674592971802,0.0066778785549104,0.9996707439422609,0.5205556750297546,0.2722665071487427,-0.0311635322868824,0.9733738303184508,0.5627149343490601,0.2730920314788818,-0.0143755571916699,0.9529679417610168,0.5251905918121338,0.1277037560939788,0.0605851225554943,0.9759132266044616,0.5550798177719116,0.129531443119049,0.0813855305314064,0.950082004070282,0.5279285907745361,0.1111469492316246,0.0630422383546829,0.6258344054222107,0.5518024563789368,0.1136785447597503,0.0846451371908187,0.6304448246955872,0.5275771021842957,0.0769871845841407,-0.0466881506145,0.963158905506134,0.5554967522621155,0.0785410031676292,-0.0164967756718397,0.9456348419189452,hoyeon_stand_normal_01,9.219544,5.385165,2.236068,2.828427,6.324555,8.544004,10.440307,11.18034,12.165525,12.165525,12.041595,11.045361,10.0,9.055385,8.062258,6.324555,5.0,4.123106,5.830952,9.219544,13.601471,17.204651,20.248457,22.203603,23.600847,22.022716,2.0,3.605551,6.403124,9.433981,12.206556,13.601471,15.0,14.866069,14.866069,13.453624,12.041595,10.630146,8.485281,6.403124,3.605551,2.236068,1.0,4.242641,6.403124,9.433981,12.529964,14.764823,16.552945,17.088007,16.763055,15.524175,13.152946,14.317821,14.56022,14.866069,14.317821,14.422205,14.21267,14.142136,14.866069,13.601471,14.422205,13.892444,13.892444,12.529964,13.0,10.77033,9.486833,8.062258,6.082763,5.656854,7.615773,10.049876,13.0,15.0,18.027756,19.026298,15.620499,17.029386,18.027756,16.552945,15.524175,13.038405,10.198039,7.211103,5.385165,5.830952,8.602325,10.77033,12.369317,14.035669,15.0,16.03122,16.124515,16.278821,15.297059,14.317821,13.152946,11.045361,8.062258,6.708204,7.211103,9.219544,14.21267,15.556349,15.556349,16.278821,15.556349,14.866069,14.21267,12.806248,11.661904,10.29563,8.602325,7.071068,5.0,5.09902,6.0,9.219544,11.7047,13.928388,17.088007,19.313208,20.880613,21.84033,21.587033,20.396078,18.248288,16.124515,13.892444,15.652476,17.888544,17.888544,17.464249,16.155494,14.866069,13.0,10.77033,8.602325,7.071068,6.708204,6.0,7.0,8.246211,10.198039,10.198039,11.18034,12.165525,12.165525,13.038405,13.152946,13.152946,12.369317,12.649111,12.529964
hoyeon_stand_normal_01,3414,1138,113.80621857923497,29.998360745314464,10,0.5417945981025696,0.6847996711730957,-0.2019218504428863,0.9999900460243224,0.5375023484230042,0.6944205164909363,-0.1905634254217147,0.9999659657478333,0.5348643064498901,0.6938562989234924,-0.1905719339847564,0.999969244003296,0.5322617292404175,0.6930153369903564,-0.1905873417854309,0.9999712705612184,0.5448089838027954,0.6946691870689392,-0.1895372420549392,0.9999513626098632,0.5472072958946228,0.6945078372955322,-0.1895434558391571,0.999948501586914,0.5496160984039307,0.6942173838615417,-0.1895354688167572,0.9999467730522156,0.5279334187507629,0.6843751668930054,-0.1112499982118606,0.9999557733535768,0.5522648096084595,0.6866399049758911,-0.1063746139407157,0.9998767375946044,0.5364912748336792,0.6719211339950562,-0.1715017706155777,0.9999887347221376,0.5469480752944946,0.6734095215797424,-0.1701395809650421,0.9999801516532898,0.5067241787910461,0.6070420145988464,-0.0566216744482517,0.999989688396454,0.5720837712287903,0.6075444221496582,-0.0412712730467319,0.9999374747276306,0.4974516332149505,0.5069360733032227,-0.0181429330259561,0.9903016686439514,0.5780178308486938,0.5102454423904419,-0.0004697620752267,0.9535216093063354,0.4922042787075043,0.4235468804836273,-0.086420327425003,0.9851746559143066,0.5844889879226685,0.4271676242351532,-0.0635546669363975,0.9444435238838196,0.4877624809741974,0.3954246044158935,-0.1084807366132736,0.9685744047164916,0.588020384311676,0.3998649418354034,-0.0848647803068161,0.9061272144317628,0.4927984178066253,0.3950804769992828,-0.1349882930517196,0.9710900187492372,0.5848244428634644,0.3994775712490082,-0.1138525307178497,0.91308331489563,0.4961422979831695,0.4033213257789612,-0.0983728170394897,0.9636020660400392,0.5826769471168518,0.4073867797851562,-0.0768474042415618,0.9041918516159058,0.5207776427268982,0.430741935968399,-0.0068587563000619,0.999793529510498,0.5615555644035339,0.4288587570190429,0.0068170097656548,0.9996696710586548,0.5205584168434143,0.272226870059967,-0.0312257632613182,0.973365068435669,0.5626758933067322,0.2730285227298736,-0.0138414781540632,0.9529156684875488,0.5251481533050537,0.1277050673961639,0.0606317743659019,0.9759413599967957,0.5550771951675415,0.1295307576656341,0.0819988399744033,0.9500852227211,0.5278482437133789,0.1111479625105857,0.0631011649966239,0.6261182427406311,0.5517838597297668,0.1136745363473892,0.0852715000510215,0.6308739185333252,0.5275975465774536,0.0771316811442375,-0.0466386415064334,0.9631534814834596,0.5555549263954163,0.078577697277069,-0.0160889979451894,0.945575475692749,hoyeon_stand_normal_01,8.544004,5.385165,1.414214,2.236068,5.09902,8.062258,9.055385,10.049876,10.049876,11.0,10.0,10.0,9.055385,8.246211,7.615773,5.830952,4.472136,5.0,8.062258,10.630146,14.866069,18.439089,21.260292,23.345235,24.041631,22.671568,1.414214,4.123106,7.0,10.049876,12.041595,13.152946,14.317821,14.56022,14.56022,13.601471,11.7047,10.77033,8.544004,6.324555,4.123106,2.0,2.0,3.605551,7.211103,10.0,12.206556,15.264338,16.124515,17.0,16.552945,14.866069,11.7047,13.0,13.038405,13.601471,13.453624,13.453624,13.601471,13.892444,13.416408,13.928388,13.601471,13.341664,13.341664,12.165525,12.041595,11.0,9.055385,7.28011,6.403124,7.615773,9.055385,12.041595,14.317821,16.763055,18.681542,19.646883,16.124515,18.027756,19.104973,17.804494,16.124515,13.928388,10.049876,6.324555,3.605551,5.385165,7.81025,10.29563,11.7047,13.341664,14.142136,16.03122,16.0,16.0,16.03122,15.033296,13.038405,11.0,8.246211,5.830952,6.708204,8.0,16.401219,15.0,12.806248,11.313708,9.219544,8.944272,9.486833,10.198039,12.165525,13.341664,14.56022,15.231546,15.652476,16.643317,17.804494,17.691806,17.691806,15.620499,14.21267,12.041595,9.219544,6.708204,7.071068,10.29563,13.038405,15.0,9.219544,7.211103,6.324555,6.082763,8.062258,10.0,13.453624,14.866069,16.401219,16.401219,17.204651,16.643317,14.764823,13.928388,11.7047,11.7047,10.77033,10.29563,9.433981,10.0,10.630146,12.727922,14.142136,15.556349,16.278821,16.278821
hoyeon_stand_normal_01,3417,1139,113.90622404371584,29.998360745314464,10,0.5418180823326111,0.6849214434623718,-0.1989482194185257,0.9999899864196776,0.5375737547874451,0.6945015788078308,-0.18747279047966,0.9999659061431884,0.5349259972572327,0.6939336061477661,-0.1874834895133972,0.9999691843986512,0.5323179960250854,0.6931020617485046,-0.1874986141920089,0.9999712109565736,0.5448821783065796,0.6947546005249023,-0.186417281627655,0.9999512434005736,0.5472843050956726,0.6945722699165344,-0.1864230185747146,0.9999483227729796,0.5497064590454102,0.6942619681358337,-0.1864145249128341,0.9999465942382812,0.5279911756515503,0.6845016479492188,-0.1083432361483573,0.9999557733535768,0.5523298382759094,0.6866880059242249,-0.1032343283295631,0.9998761415481568,0.5365079641342163,0.6720360517501831,-0.1686733514070511,0.9999887347221376,0.5469722747802734,0.6735081672668457,-0.1672385483980178,0.999980092048645,0.5067539215087891,0.6071121096611023,-0.0547928288578987,0.9999896287918092,0.5721072554588318,0.607487142086029,-0.0395432487130165,0.999936819076538,0.4974513649940491,0.5068997144699097,-0.017629949375987,0.9903042316436768,0.5780258774757385,0.5101723074913025,0.0002878320519812,0.95307457447052,0.4922078251838684,0.4235416054725647,-0.0857442244887352,0.9851252436637878,0.5844899415969849,0.4271671175956726,-0.0630803108215332,0.9439095854759216,0.4877634346485138,0.3953648507595062,-0.1078442111611366,0.968477189540863,0.5880076289176941,0.3998609781265259,-0.0845221802592277,0.9053997993469238,0.4928019344806671,0.3950225710868835,-0.1342673897743225,0.970992147922516,0.5848247408866882,0.3994709849357605,-0.1134648770093917,0.9124116897583008,0.4961487054824829,0.4033080637454986,-0.0976844578981399,0.9634853601455688,0.5826822519302368,0.4073860943317413,-0.0763876587152481,0.9034879207611084,0.5207855105400085,0.4306905269622803,-0.0068444763310253,0.9997925162315368,0.5615831613540649,0.4288288354873657,0.0068027665838599,0.9996680617332458,0.5205370783805847,0.2721375226974487,-0.0310059767216444,0.9735987782478333,0.5626756548881531,0.2729763686656952,-0.0138372695073485,0.9533212780952454,0.5250823497772217,0.127677172422409,0.0606634393334388,0.976151406764984,0.5550769567489624,0.1294023245573043,0.0818214565515518,0.9504570960998536,0.5277976989746094,0.1110945641994476,0.0631423071026802,0.6274994611740112,0.5517574548721313,0.1134341210126876,0.0850388258695602,0.6319503784179688,0.527597963809967,0.0771313682198524,-0.0466255284845829,0.9633981585502625,0.5555101633071899,0.0785484388470649,-0.0164506081491708,0.9458938837051392,hoyeon_stand_normal_01,13.038405,7.071068,2.236068,5.0,9.433981,12.529964,15.652476,16.552945,17.088007,17.088007,16.763055,15.524175,14.317821,13.038405,11.0,9.219544,7.211103,6.324555,9.486833,14.422205,20.0,26.248809,30.479501,33.42155,34.205263,33.015148,3.0,5.0,9.219544,13.601471,17.804494,19.849433,21.931712,21.931712,21.260292,20.615528,17.804494,15.0,12.206556,9.433981,5.830952,2.236068,1.414214,5.830952,9.848858,13.928388,18.027756,21.84033,24.738634,25.495098,24.186773,21.095023,14.222173000000002,14.591945,14.0808455,13.880755,12.7675765,12.241941,11.8102495,10.606602,10.3485105,10.0,9.7606125,9.946222,10.348259,10.531129,11.3245555,11.7216745,12.096006,11.8093035,11.868795,12.103808999999998,13.0253525,13.902247,14.7770825,14.7548645,14.8354025,13.936535,11.422909,11.4556125,12.4679625,13.544278,13.730358,13.005717,13.0420545,11.734197,10.819556,10.021811,10.327089,10.3586445,9.772002,9.7387505,8.8007355,8.5510685,8.615773,9.6589105,11.2875365,11.708204,12.5607255,12.3755855,12.281962,11.72829,12.349457,13.045007,13.0,14.035669,15.033296,14.035669,14.035669,14.0,13.038405,11.045361,10.049876,8.062258,7.071068,6.0,4.123106,5.0,5.830952,8.544004,11.7047,13.601471,15.811388,18.384776,19.697716,21.023796,20.59126,19.723083,17.492856,14.422205,12.369317,14.56022,15.811388,17.088007,17.088007,16.155494,14.317821,12.083046,9.486833,8.246211,6.0,5.385165,5.0,5.656854,7.211103,8.062258,9.433981,9.433981,10.816654,11.401754,11.401754,11.401754,10.816654,11.18034,10.77033,11.401754
hoyeon_stand_normal_01,3420,1140,114.00622950819672,29.998360745314464,10,0.5418635010719299,0.6851354241371155,-0.1952507197856903,0.9999898672103882,0.5376532077789307,0.694645881652832,-0.1836408972740173,0.9999656081199646,0.5349943041801453,0.6940634846687317,-0.1836520135402679,0.999968945980072,0.5323821306228638,0.6932374835014343,-0.1836674362421035,0.9999710321426392,0.5449703335762024,0.6949025392532349,-0.1825921833515167,0.9999507665634156,0.5473770499229431,0.6946831941604614,-0.1825963705778122,0.9999477863311768,0.5498096942901611,0.6943496465682983,-0.1825865060091018,0.9999459981918336,0.528054416179657,0.6846333146095276,-0.1048893854022026,0.9999555349349976,0.5523891448974609,0.6867799758911133,-0.0998006761074066,0.9998745918273926,0.5365591645240784,0.6722480058670044,-0.1652032881975174,0.9999886751174928,0.5470276474952698,0.6736857891082764,-0.1637721806764602,0.9999799132347108,0.5067884922027588,0.6071804165840149,-0.0526268035173416,0.9999896287918092,0.5721495747566223,0.6074248552322388,-0.0371224731206893,0.9999358654022216,0.4974554181098938,0.5068968534469604,-0.017197135835886,0.9903188347816468,0.5780527591705322,0.510138750076294,0.0021929398644715,0.9523900151252748,0.4922329485416412,0.4235440790653229,-0.0854549407958984,0.9851141571998596,0.5844911932945251,0.4271522462368011,-0.0607989206910133,0.9431366920471193,0.4877673983573913,0.3953468799591064,-0.1077542155981063,0.9684666991233826,0.5880052447319031,0.3998399972915649,-0.0822513401508331,0.9043520092964172,0.4928137958049774,0.3950095176696777,-0.1339353919029235,0.97096985578537,0.5848247408866882,0.3994441628456116,-0.1110710799694061,0.911415696144104,0.4961703717708587,0.4033082723617553,-0.0973289683461189,0.9634718298912048,0.5826832056045532,0.4073717594146728,-0.0740923732519149,0.9024732708930968,0.5207902789115906,0.4306905269622803,-0.0068430635146796,0.9997931718826294,0.5615980625152588,0.4288285374641418,0.0068014487624168,0.9996679425239564,0.5204545259475708,0.2720007598400116,-0.0310135763138532,0.9737437963485718,0.5626755356788635,0.272976666688919,-0.0138383852317929,0.9534847140312196,0.5249854922294617,0.1277367025613784,0.0606304667890071,0.9762272834777832,0.5550823211669922,0.1294145137071609,0.0818156376481056,0.9506114721298218,0.5277380347251892,0.1111582145094871,0.0630954727530479,0.627319872379303,0.5517566204071045,0.1134330704808235,0.0850306451320648,0.632307231426239,0.5275868773460388,0.0771409645676612,-0.0466693043708801,0.9634249210357666,0.5555225610733032,0.0785460546612739,-0.0164510495960712,0.9460203647613524,hoyeon_stand_normal_01,18.11077,18.248288,19.646883,17.720045,15.811388,12.649111,9.486833,6.324555,4.123106,2.236068,3.0,5.385165,7.211103,10.0,12.806248,15.620499,17.804494,20.0,20.808652,20.808652,19.416488,17.204651,14.21267,10.816654,9.055385,11.7047,16.401219,16.970563,16.278821,15.0,13.038405,10.29563,7.211103,4.242641,3.0,4.242641,6.403124,8.602325,10.816654,11.661904,13.038405,13.601471,14.21267,13.453624,13.453624,12.041595,9.219544,6.403124,2.236068,3.0,7.0,11.045361,11.401754,13.038405,14.317821,14.866069,14.56022,15.132746,15.033296,15.0,15.132746,15.297059,14.56022,13.601471,13.928388,13.416408,12.529964,10.816654,9.219544,7.81025,7.28011,7.071068,8.062258,10.630146,12.806248,15.811388,17.492856,18.867962,17.0,18.027756,19.849433,19.104973,16.643317,14.317821,11.18034,8.062258,5.656854,6.0,7.615773,9.219544,11.401754,13.038405,13.416408,14.317821,14.866069,14.56022,14.56022,13.341664,11.401754,9.486833,7.211103,5.0,5.09902,7.211103,13.453624,15.556349,14.866069,15.556349,15.556349,14.866069,14.21267,12.806248,10.816654,10.0,8.602325,6.403124,5.830952,5.385165,7.0,8.246211,11.401754,12.649111,15.811388,17.720045,19.646883,20.396078,21.377558,19.235384,17.117243,15.033296,12.806248,14.422205,16.643317,16.124515,17.0,15.652476,14.317821,12.529964,10.29563,8.485281,6.403124,6.324555,6.0,7.071068,8.246211,9.486833,10.198039,11.401754,11.18034,12.369317,12.165525,12.165525,12.165525,12.649111,12.083046,12.529964
hoyeon_stand_normal_01,3423,1141,114.1062349726776,29.998360745314464,10,0.541947066783905,0.6854186058044434,-0.1942153126001358,0.9999898076057434,0.537755012512207,0.6948522329330444,-0.182788148522377,0.9999654293060304,0.5350860357284546,0.6942450404167175,-0.1827989518642425,0.9999688267707824,0.5324757099151611,0.6934224367141724,-0.182813748717308,0.9999709129333496,0.5450704097747803,0.6951146721839905,-0.1815479099750518,0.9999504685401917,0.5474756360054016,0.6948429346084595,-0.1815521866083145,0.9999474883079528,0.5499142408370972,0.6944817900657654,-0.1815433800220489,0.9999456405639648,0.5281177759170532,0.6848064064979553,-0.1045208796858787,0.9999553561210632,0.5524218082427979,0.6869203448295593,-0.0986669287085533,0.9998735785484314,0.5366895794868469,0.6725882291793823,-0.1643475592136383,0.999988615512848,0.5471293330192566,0.6739481687545776,-0.1626761108636856,0.9999797940254213,0.5068511962890625,0.6074140667915344,-0.0525932237505912,0.9999896287918092,0.5721606612205505,0.6074063777923584,-0.0358616188168525,0.999935507774353,0.4974555075168609,0.5068984627723694,-0.0171439051628112,0.990352213382721,0.5780620574951172,0.5101348757743835,0.0033177165314555,0.9520277976989746,0.492246001958847,0.4235630333423614,-0.0855576917529106,0.9851648211479188,0.5844925045967102,0.4271310269832611,-0.0595002360641956,0.9429194927215576,0.4877700209617615,0.3953466415405273,-0.1078645810484886,0.968579351902008,0.5880053639411926,0.3998356759548187,-0.0808058828115463,0.9040515422821044,0.492819994688034,0.3950099647045135,-0.133966714143753,0.971067190170288,0.5848255753517151,0.3994376957416534,-0.1094892546534538,0.91111958026886,0.4961868226528168,0.4033111929893493,-0.0973979905247688,0.9636030197143556,0.5826840996742249,0.4073666036128998,-0.0727202072739601,0.902182400226593,0.5207920670509338,0.4306771457195282,-0.0069600376300513,0.9997934103012084,0.5615988969802856,0.4288280308246612,0.0069189891219139,0.999667763710022,0.5204512476921082,0.2719365358352661,-0.0312764979898929,0.9737777709960938,0.5626640319824219,0.2729521691799164,-0.0138235865160822,0.9535394310951232,0.5249649286270142,0.12775219976902,0.0605695396661758,0.9762160778045654,0.5550917387008667,0.1294494569301605,0.0818039029836654,0.950639307498932,0.5277306437492371,0.1111631765961647,0.0630553811788559,0.6270461678504944,0.5517739653587341,0.1134433820843696,0.0850289911031723,0.632532000541687,0.5275918841362,0.0772348940372467,-0.0466468669474124,0.9633725881576538,0.5555232763290405,0.0785641744732856,-0.016256233677268,0.9460033774375916,hoyeon_stand_normal_01,19.026298,20.223748,20.396078,18.439089,16.492423,13.341664,10.198039,7.071068,5.0,2.828427,4.0,6.324555,8.062258,10.816654,12.806248,15.620499,17.029386,19.849433,20.615528,20.615528,19.209373,17.029386,13.453624,9.433981,8.0,10.29563,16.643317,17.0,16.552945,15.811388,13.601471,10.198039,7.071068,4.123106,1.414214,3.605551,5.0,7.211103,9.219544,10.816654,12.041595,12.041595,12.727922,12.041595,12.041595,10.0,8.062258,4.472136,1.0,4.123106,8.062258,13.038405,15.0,13.453624,12.041595,10.29563,8.544004,7.071068,6.082763,5.385165,5.656854,5.385165,6.082763,7.071068,8.544004,9.433981,11.401754,13.453624,15.556349,16.278821,18.439089,18.439089,19.209373,18.601075,17.804494,15.620499,13.601471,10.0,5.0,4.242641,6.082763,9.219544,11.18034,13.601471,15.620499,16.278821,16.401219,15.264338,13.416408,12.083046,9.486833,7.28011,5.09902,3.0,2.0,3.605551,6.403124,8.602325,11.18034,13.416408,15.652476,16.552945,17.888544,17.0,15.7257955,15.016648,14.3867225,13.893012,13.1954145,12.647815,12.9119795,12.2857795,12.316982,11.578471,11.8413785,11.107256,11.574855,11.8849705,12.876305,13.747236999999998,14.714313999999998,14.686442,15.6560585,15.144941499999998,14.659647500000002,14.153063,14.284494,15.0226805,15.514693,15.516648,11.262619,11.4135405,11.0278,11.9165275,13.077747,13.988456500000002,14.035262,14.6728615,13.979814,13.853649,12.714711,12.36798,11.5560745,11.066373,11.102197,11.1985245,11.181782,11.1128505,11.0207975,11.543478,12.601965,13.1900345,13.669327,14.328974,15.404203,15.165667
hoyeon_stand_normal_01,3426,1142,114.20624043715848,29.998360745314464,10,0.542040228843689,0.6856047511100769,-0.1944027990102768,0.9999898672103882,0.5378854274749756,0.6949985027313232,-0.1830043196678161,0.9999655485153198,0.5352001786231995,0.6943832039833069,-0.183014839887619,0.999968945980072,0.5325899124145508,0.6935737133026123,-0.1830296665430069,0.999971091747284,0.545194685459137,0.6952379941940308,-0.1817662864923477,0.9999505877494812,0.5475998520851135,0.6949326395988464,-0.181770458817482,0.9999476075172424,0.5500375628471375,0.6945518255233765,-0.1817616075277328,0.9999457001686096,0.5282027721405029,0.6849777698516846,-0.1046057492494583,0.9999557733535768,0.5524623394012451,0.687012255191803,-0.098866619169712,0.9998737573623656,0.5368000864982605,0.6728044152259827,-0.164502277970314,0.9999886751174928,0.5472259521484375,0.6741153001785278,-0.1628391593694687,0.999979853630066,0.506913959980011,0.6076334714889526,-0.0531598068773746,0.999989688396454,0.5721730589866638,0.6073668599128723,-0.0358560867607593,0.999935269355774,0.4974602162837982,0.5069011449813843,-0.0181326176971197,0.990413784980774,0.5780710577964783,0.5101009607315063,0.0033729942515492,0.9517139792442322,0.4922606647014618,0.4235621094703674,-0.0862924978137016,0.9852480292320251,0.5845040082931519,0.427064299583435,-0.0593798793852329,0.9427098035812378,0.4877757728099823,0.3953364789485931,-0.1085568815469741,0.968751847743988,0.5880102515220642,0.3998074531555176,-0.0806240737438201,0.9037439823150636,0.4928469955921173,0.3950017690658569,-0.1346015632152557,0.9712191820144652,0.5848331451416016,0.3994067013263702,-0.1092668324708938,0.9108183979988098,0.496225893497467,0.4033102095127105,-0.0980921164155006,0.9638063311576844,0.5826916098594666,0.4073464572429657,-0.0725843608379364,0.9019060730934144,0.5207933783531189,0.4307054877281189,-0.0072072804905474,0.9997936487197876,0.5615999698638916,0.4288488328456878,0.0071667362935841,0.9996671080589294,0.5204676389694214,0.2719381749629974,-0.0316663347184658,0.9737240672111512,0.5626620054244995,0.2729638218879699,-0.0135830249637365,0.953371286392212,0.5249497890472412,0.1277598738670349,0.0600597150623798,0.9760781526565552,0.5550729036331177,0.1296382248401641,0.0817944556474685,0.9503061771392822,0.527682363986969,0.1111829876899719,0.062550775706768,0.6250925064086914,0.5517022013664246,0.1141944080591201,0.085021361708641,0.6316804885864258,0.5275977849960327,0.0774433240294456,-0.0469817332923412,0.9631086587905884,0.5555070638656616,0.0787490978837013,-0.0161471795290708,0.9456079006195068,hoyeon_stand_normal_01,8.544004,4.472136,2.0,3.605551,6.324555,9.219544,10.198039,11.18034,12.165525,12.041595,12.041595,11.0,10.0,9.055385,8.246211,6.708204,4.242641,5.0,7.211103,10.630146,15.0,18.601075,21.400935,24.207437,24.083189,22.671568,2.0,3.605551,6.708204,8.544004,11.7047,13.0,14.317821,14.764823,14.764823,13.601471,12.206556,10.630146,7.81025,6.403124,4.242641,2.236068,1.0,4.242641,7.071068,9.219544,12.806248,15.0,16.124515,17.0,16.552945,15.231546,15.811388,14.764823,12.649111,12.165525,10.0,9.055385,7.615773,7.211103,6.403124,5.385165,6.0,6.324555,8.062258,9.219544,10.630146,12.806248,15.264338,16.124515,17.492856,17.888544,17.888544,17.464249,16.552945,14.317821,12.083046,9.486833,5.0,4.123106,5.0,8.062258,11.045361,12.369317,15.231546,15.652476,15.811388,15.620499,14.142136,12.041595,9.433981,8.062258,5.385165,3.0,2.236068,4.123106,6.708204,10.0,12.806248,14.866069,16.278821,17.691806,18.439089,18.439089,17.0,15.652476,13.416408,11.401754,9.899495,9.219544,10.29563,10.77033,12.649111,13.928388,15.231546,16.124515,17.204651,17.691806,18.384776,17.804494,18.027756,16.124515,13.892444,11.661904,8.485281,7.615773,8.062258,10.77033,13.416408,16.124515,9.433981,7.81025,5.830952,6.0,8.544004,11.18034,13.892444,16.124515,17.888544,18.384776,18.027756,17.720045,16.278821,15.132746,13.152946,12.165525,11.18034,10.198039,9.486833,9.848858,11.661904,13.038405,14.422205,16.643317,17.492856,17.492856
hoyeon_stand_normal_01,3429,1143,114.30624590163934,29.998360745314464,10,0.5420894622802734,0.6857166886329651,-0.1930827498435974,0.9999898076057434,0.5379562377929688,0.695091187953949,-0.1816897541284561,0.9999653697013856,0.5352619290351868,0.694471538066864,-0.1817009896039962,0.9999687671661376,0.5326510071754456,0.6936690807342529,-0.1817158758640289,0.9999709725379944,0.5452700853347778,0.6953109502792358,-0.1804223656654358,0.9999502301216124,0.5476769208908081,0.6949834823608398,-0.1804275065660476,0.999947190284729,0.5501204133033752,0.6945871114730835,-0.1804195195436477,0.9999452233314514,0.5282539129257202,0.6850950121879578,-0.1034745350480079,0.9999555349349976,0.5524948835372925,0.6870566010475159,-0.097563661634922,0.9998724460601808,0.53684401512146,0.6729233860969543,-0.1632310301065445,0.999988615512848,0.5472776889801025,0.6742047071456909,-0.1615376621484756,0.9999796748161316,0.5069567561149597,0.6077159643173218,-0.0520474538207054,0.999989688396454,0.572182297706604,0.6073625087738037,-0.0349905267357826,0.9999346137046814,0.4974685311317444,0.5068971514701843,-0.0178525783121585,0.9904382824897766,0.5781018733978271,0.5100985765457153,0.0039502251893281,0.9512539505958556,0.492260605096817,0.4235898852348327,-0.0860775560140609,0.9853185415267944,0.5845350623130798,0.4270631670951843,-0.059058129787445,0.9422829151153564,0.4877739250659942,0.3953360915184021,-0.1082711368799209,0.968896210193634,0.588032603263855,0.3998089730739593,-0.080344907939434,0.9031769633293152,0.4928494989871979,0.3950030207633972,-0.1343733966350555,0.9713498950004578,0.5848607420921326,0.3994082808494568,-0.1089634448289871,0.9102897644042968,0.4962289929389953,0.4033185243606567,-0.0978983342647552,0.9639641046524048,0.5827179551124573,0.4073550701141357,-0.0722533091902732,0.9013746380805968,0.5207947492599487,0.4306866526603699,-0.0071977605111896,0.999793291091919,0.5616007447242737,0.4288339018821716,0.0071569951251149,0.9996658563613892,0.5204734206199646,0.271848976612091,-0.0316862799227237,0.973641574382782,0.5626582503318787,0.2728490531444549,-0.0136837400496006,0.9531646966934204,0.5249456763267517,0.1277589946985244,0.0601053014397621,0.975948452949524,0.5550904870033264,0.1296451389789581,0.0817529484629631,0.9500480890274048,0.527667760848999,0.111177921295166,0.062627874314785,0.6243638396263123,0.5517066717147827,0.1141769886016845,0.0849935635924339,0.6306031942367554,0.527604341506958,0.0775111392140388,-0.0467551387846469,0.962897539138794,0.5555149912834167,0.0787601545453071,-0.0161509830504655,0.9453168511390686,hoyeon_stand_normal_01,18.027756,19.723083,19.697716,18.384776,16.155494,13.928388,10.77033,8.062258,5.0,3.162278,3.605551,5.0,7.615773,9.486833,12.369317,14.56022,17.464249,18.681542,19.646883,19.924859,18.973666,16.763055,13.341664,10.0,8.602325,10.29563,15.524175,16.155494,16.552945,15.264338,13.601471,10.630146,6.403124,3.605551,1.0,3.162278,5.0,7.071068,9.055385,10.049876,11.0,12.0,12.041595,12.041595,12.165525,10.440307,8.246211,5.385165,1.0,3.605551,7.071068,12.041595,11.045361,12.369317,13.601471,13.416408,13.892444,13.601471,13.453624,13.453624,13.601471,13.038405,13.416408,13.0,12.649111,11.401754,11.18034,10.049876,9.055385,7.28011,6.403124,7.615773,9.0,11.18034,13.601471,16.155494,18.384776,19.697716,15.524175,18.11077,18.027756,18.248288,15.811388,13.416408,9.899495,6.708204,5.09902,6.403124,8.246211,10.0,12.369317,14.56022,15.231546,15.652476,16.124515,16.124515,16.643317,15.264338,13.038405,11.18034,8.544004,6.0,5.0,6.324555,13.152946,14.317821,15.297059,15.524175,15.297059,14.317821,14.142136,13.038405,11.0,9.0,8.0,6.082763,5.385165,5.0,5.830952,8.246211,10.198039,13.038405,16.124515,18.248288,19.416488,19.646883,19.924859,18.973666,17.088007,13.928388,14.0,15.0,17.029386,17.117243,17.262677,16.278821,15.132746,13.152946,11.045361,9.055385,7.28011,6.403124,6.403124,7.211103,8.544004,9.848858,10.77033,10.77033,12.083046,13.0,12.529964,13.416408,12.083046,12.649111,12.369317,12.041595
hoyeon_stand_normal_01,3432,1144,114.40625136612022,29.998360745314464,10,0.5421094298362732,0.6858363747596741,-0.1934279650449752,0.9999898076057434,0.5379717350006104,0.6951858997344971,-0.1819998621940612,0.9999653100967408,0.5352757573127747,0.694553792476654,-0.1820113509893417,0.9999687671661376,0.5326635241508484,0.693748950958252,-0.1820259094238281,0.9999709129333496,0.5453019738197327,0.6954010725021362,-0.1808086931705474,0.999950110912323,0.5477071404457092,0.6950464248657227,-0.1808152943849563,0.9999470710754396,0.5501647591590881,0.6946341395378113,-0.180808886885643,0.999945104122162,0.5282606482505798,0.685171365737915,-0.103551797568798,0.9999555349349976,0.5525173544883728,0.6870947480201721,-0.0979188904166221,0.9998722076416016,0.5368622541427612,0.673042356967926,-0.1634664088487625,0.999988615512848,0.5473106503486633,0.6742951273918152,-0.1618643254041671,0.9999796152114868,0.5070072412490845,0.6077748537063599,-0.0519687682390213,0.999989688396454,0.5721930861473083,0.6073606014251709,-0.0354744642972946,0.9999345541000366,0.4974927604198456,0.5068965554237366,-0.0169041994959115,0.9904422760009766,0.5781447887420654,0.5101268291473389,0.0035896098706871,0.9512380957603456,0.4922613799571991,0.4236343204975128,-0.085536815226078,0.985343337059021,0.5845807790756226,0.4270809292793274,-0.0595661476254463,0.9421967267990112,0.4877735376358032,0.3953445255756378,-0.1076496094465255,0.9689523577690125,0.5880632400512695,0.3998115062713623,-0.0809244588017463,0.9030300974845886,0.4928509593009949,0.3950127363204956,-0.1339785307645797,0.9714087247848512,0.5848893523216248,0.3994103968143463,-0.109673224389553,0.910171926021576,0.496231347322464,0.4033325612545013,-0.097459390759468,0.964034140110016,0.5827519297599792,0.407366931438446,-0.0728074088692665,0.9012755155563354,0.5207938551902771,0.4306640923023224,-0.007109394762665,0.9997932314872742,0.5615994334220886,0.4288092255592346,0.0070680216886103,0.9996657967567444,0.5204935669898987,0.2718459665775299,-0.0313922986388206,0.9735777378082277,0.562650740146637,0.2727936506271362,-0.0137137565761804,0.9530258774757384,0.5249201059341431,0.1277449131011963,0.0606544725596904,0.9758964776992798,0.5550736784934998,0.1296918541193008,0.0817440301179885,0.9498859643936156,0.527606725692749,0.1111291497945785,0.0632030814886093,0.6238762736320496,0.5516480803489685,0.1143107786774635,0.0849851891398429,0.6298370957374573,0.5276051163673401,0.0775137171149253,-0.046364776790142,0.9628461599349976,0.5554482936859131,0.0787760913372039,-0.0161893162876367,0.9451879262924194,hoyeon_stand_normal_01,13.892444,7.615773,2.236068,6.082763,11.18034,14.764823,16.643317,18.027756,19.416488,19.416488,18.601075,17.691806,16.970563,15.0,13.038405,10.77033,9.055385,8.602325,12.649111,18.11077,25.0,31.016125,36.0,40.012498,40.049969,38.118237,3.605551,6.082763,10.77033,15.652476,19.697716,22.472205,24.351591,25.0,24.738634,22.36068,20.223748,18.11077,14.035669,10.049876,7.0,3.0,2.0,6.082763,11.045361,16.278821,20.396078,23.769729,26.570661,28.231188,27.730849,24.596748,13.038405,15.132746,15.297059,16.763055,16.155494,15.652476,16.643317,16.401219,15.556349,15.556349,15.620499,15.0,14.422205,13.892444,13.0,11.7047,10.198039,9.0,7.28011,7.071068,8.544004,11.045361,14.0,16.124515,18.248288,20.223748,18.027756,19.026298,20.223748,19.924859,18.788294,15.811388,12.041595,8.944272,7.071068,5.656854,8.246211,10.049876,11.401754,13.928388,14.317821,16.124515,15.811388,16.401219,15.0,14.21267,12.806248,10.29563,7.615773,5.0,5.0,7.28011,17.029386,16.0,14.0,12.041595,10.440307,10.77033,10.29563,11.401754,12.041595,13.601471,14.422205,16.124515,16.552945,18.027756,18.681542,19.235384,18.027756,17.0,15.0,12.0,9.055385,7.211103,8.062258,10.198039,12.041595,15.033296,10.77033,8.944272,7.071068,7.615773,9.055385,12.041595,14.142136,16.278821,18.11077,18.027756,18.0,18.027756,17.117243,16.278821,14.317821,13.341664,12.369317,11.18034,11.045361,11.0,12.041595,14.142136,15.297059,16.278821,18.11077,18.11077
hoyeon_stand_normal_01,3435,1145,114.50625683060107,29.998360745314464,10,0.5421125888824463,0.6858695149421692,-0.1945535093545913,0.9999897480010986,0.5379807353019714,0.6952239871025085,-0.1832494735717773,0.9999650120735168,0.5352857708930969,0.6945872902870178,-0.1832610070705413,0.9999685287475586,0.5326718091964722,0.6937835216522217,-0.1832757443189621,0.9999706745147704,0.5453249216079712,0.6954447627067566,-0.1820596158504486,0.9999496936798096,0.5477301478385925,0.6950788497924805,-0.1820662319660186,0.9999465942382812,0.5502012372016907,0.6946567893028259,-0.1820607930421829,0.9999445676803588,0.52827388048172,0.6852363348007202,-0.1048109680414199,0.9999551773071288,0.552546501159668,0.6871162056922913,-0.0992082804441452,0.999871015548706,0.5368655920028687,0.673071026802063,-0.1645340472459793,0.9999884963035583,0.5473230481147766,0.6743181347846985,-0.1629436910152435,0.9999794363975524,0.507070004940033,0.6078856587409973,-0.0523082353174686,0.9999896287918092,0.5722047686576843,0.6073687672615051,-0.0363619439303875,0.9999342560768129,0.4975252449512481,0.506933867931366,-0.0167664904147386,0.9904152154922484,0.5781792998313904,0.5101370215415955,0.002925879554823,0.9511289596557616,0.4922607541084289,0.423717588186264,-0.0853725671768188,0.9853128790855408,0.5845987200737,0.4270725548267364,-0.0602593682706356,0.9419735074043274,0.4877724945545196,0.3953622877597809,-0.1075049489736557,0.9689050912857056,0.588085949420929,0.3998108506202698,-0.0815459564328193,0.9027079343795776,0.4928508698940277,0.3950272798538208,-0.1338053792715072,0.971367120742798,0.5849087238311768,0.3994085788726806,-0.1103300377726554,0.9098716378211976,0.4962331056594848,0.4033514261245727,-0.0972872301936149,0.9639968872070312,0.5827664136886597,0.4073666632175445,-0.0735016092658042,0.900984525680542,0.5207875967025757,0.4306665062904358,-0.0070814071223139,0.9997922778129578,0.561596155166626,0.4288122057914734,0.007040211930871,0.9996646046638488,0.5204717516899109,0.2718585729598999,-0.0313899964094162,0.9734808206558228,0.562613844871521,0.2727931141853332,-0.0138031980022788,0.9529955983161926,0.5249184370040894,0.1277777105569839,0.0606525428593158,0.9757674336433412,0.5550744533538818,0.129710242152214,0.0813447013497352,0.949754536151886,0.5276132225990295,0.111201673746109,0.0631974041461944,0.6235522627830505,0.5516484379768372,0.1143086850643158,0.08456701785326,0.6293665766716003,0.5276057720184326,0.0776235982775688,-0.0463566593825817,0.9626760482788086,0.5554609894752502,0.0788393765687942,-0.0165719576179981,0.9450161457061768,hoyeon_stand_normal_01,14.7003015,13.1746185,11.727492000000002,11.0189,10.7501195,10.923841,9.5276925,8.930063,7.644000999999999,6.5,7.081139,7.524938,8.5588215,9.7087915,10.310887,10.6775635,11.576839,12.857274,14.399068,16.345633,17.208244,18.4403685,18.0659955,17.5,17.549665,18.062392,8.722717000000001,10.1313385,11.2462115,12.405694,12.0,11.6670175,10.8789545,9.132621,8.2769445,9.220342,9.340932,9.96357,9.972879,9.346936,8.251971,7.6589105,7.778175,9.6876935,10.9229595,11.315073,11.363961,11.180792,9.514693,10.714751,13.045007,14.58146,16.401219,14.866069,13.453624,11.401754,10.29563,9.219544,7.071068,6.082763,5.385165,4.242641,4.472136,6.0,7.28011,8.944272,10.0,12.041595,13.453624,15.556349,16.970563,17.691806,17.029386,17.029386,15.620499,13.601471,12.206556,8.602325,6.082763,4.472136,5.385165,8.062258,9.848858,12.206556,14.21267,14.866069,15.0,13.892444,12.529964,10.77033,9.486833,7.071068,4.0,2.828427,3.0,5.0,7.81025,9.433981,12.529964,14.764823,17.0,17.888544,19.235384,18.35756,13.038405,14.142136,15.132746,15.132746,15.132746,14.035669,14.0,12.0,10.049876,9.055385,8.0,6.0,5.09902,4.472136,6.403124,7.615773,10.77033,12.649111,14.866069,17.088007,18.384776,19.697716,20.124612,18.35756,16.643317,13.038405,13.0,15.0,17.029386,17.029386,17.117243,16.124515,14.142136,12.041595,10.0,9.055385,7.28011,6.403124,6.403124,7.211103,7.615773,8.944272,9.848858,11.18034,12.083046,12.529964,12.529964,12.529964,12.083046,12.083046,11.7047,11.18034
hoyeon_stand_normal_01,3438,1146,114.60626229508196,29.998360745314464,10,0.5421164035797119,0.6858782768249512,-0.1928896307945251,0.999989688396454,0.537985622882843,0.6952316761016846,-0.1815371215343475,0.9999647736549376,0.535290539264679,0.69459468126297,-0.1815484911203384,0.9999682903289796,0.5326754450798035,0.6937918663024902,-0.1815633028745651,0.9999704957008362,0.5453280806541443,0.6954582333564758,-0.1804220378398895,0.9999493360519408,0.547734260559082,0.6950912475585938,-0.1804269105195999,0.9999461770057678,0.5502118468284607,0.6946654915809631,-0.1804207265377044,0.9999441504478456,0.5282987952232361,0.6852697730064392,-0.1029365360736846,0.999954879283905,0.5525787472724915,0.6871240139007568,-0.0976325422525405,0.9998700022697448,0.5368682742118835,0.6730797290802002,-0.1627752929925918,0.9999884366989136,0.5473272204399109,0.6743226647377014,-0.1612839996814727,0.9999793171882628,0.5071539282798767,0.6079752445220947,-0.0500515289604663,0.9999896287918092,0.572222888469696,0.607410728931427,-0.0348494686186313,0.9999342560768129,0.4975533187389374,0.5069804191589355,-0.013666826300323,0.990358293056488,0.5782017111778259,0.5101856589317322,0.00436048861593,0.9508519172668456,0.4922612607479095,0.4238289296627044,-0.0824172422289848,0.9852375388145448,0.5846264958381653,0.4271087944507599,-0.0593258701264858,0.941611647605896,0.4877724945545196,0.3954125940799713,-0.1045223399996757,0.9687915444374084,0.5881202816963196,0.399838387966156,-0.080670028924942,0.9022454023361206,0.4928517639636993,0.3951091468334198,-0.1308093070983886,0.9712628126144408,0.5849363207817078,0.3994426727294922,-0.1096002832055091,0.9094374179840088,0.4962345659732818,0.4034144878387451,-0.0943538844585418,0.9638588428497314,0.5827903151512146,0.4074038565158844,-0.0726448148488998,0.9005492925643921,0.520786464214325,0.4306488931179046,-0.0070820664986968,0.9997931122779846,0.5615964531898499,0.428799033164978,0.0070410254411399,0.9996657967567444,0.5204618573188782,0.2715277075767517,-0.031352013349533,0.973669409751892,0.5626147985458374,0.2726253867149353,-0.0137303657829761,0.9532722234725952,0.5248903036117554,0.1276646852493286,0.0606198199093341,0.9759323000907898,0.5550935864448547,0.1296532899141311,0.0814857557415962,0.9500362277030944,0.527603805065155,0.1110163554549217,0.0631348863244056,0.6243141889572144,0.5516519546508789,0.1141362339258194,0.0847104862332344,0.6304333209991455,0.5276092290878296,0.0776148736476898,-0.0464806146919727,0.9628908634185792,0.5556508302688599,0.0788414999842643,-0.0164177324622869,0.9453255534172058,hoyeon_stand_normal_01,9.0,5.0,1.0,3.162278,5.385165,8.544004,9.486833,10.440307,11.401754,11.18034,11.18034,11.045361,10.0,10.049876,8.062258,6.324555,5.0,5.09902,7.28011,10.816654,14.866069,18.384776,21.931712,24.083189,24.758837,23.430749,2.0,4.242641,6.403124,10.0,12.206556,14.21267,15.556349,15.556349,14.866069,14.21267,12.806248,11.401754,9.433981,7.211103,5.0,2.236068,1.0,3.162278,6.324555,9.486833,11.7047,14.56022,16.278821,17.262677,17.117243,15.033296,11.7047,13.416408,14.764823,15.0,15.620499,15.556349,15.620499,15.264338,14.764823,14.317821,13.928388,13.601471,13.341664,13.152946,12.041595,11.0,9.055385,8.544004,6.403124,6.708204,8.0,10.440307,12.083046,15.264338,16.643317,18.027756,17.088007,18.439089,19.104973,19.026298,17.262677,14.866069,11.661904,8.602325,7.071068,6.708204,8.062258,9.486833,12.041595,13.038405,14.142136,14.317821,15.524175,14.866069,14.866069,13.928388,11.7047,9.219544,7.071068,5.385165,4.472136,7.0,14.317821,15.033296,16.03122,16.03122,16.124515,15.132746,14.317821,13.341664,11.401754,9.486833,8.544004,7.28011,6.0,5.385165,6.403124,8.485281,10.0,13.601471,15.811388,18.601075,19.209373,20.615528,19.79899,19.79899,17.691806,14.866069,13.038405,15.132746,16.278821,17.464249,17.464249,16.492423,14.56022,13.341664,11.18034,9.055385,8.062258,6.708204,7.211103,7.81025,8.602325,9.433981,10.0,10.816654,12.806248,12.806248,12.806248,13.453624,12.041595,12.206556,12.529964,13.0
hoyeon_stand_normal_01,3441,1147,114.70626775956283,29.998360745314464,10,0.5421191453933716,0.6858922839164734,-0.1906495988368988,0.9999896287918092,0.5379918813705444,0.6952444314956665,-0.1793014407157898,0.999964475631714,0.5352986454963684,0.6946069002151489,-0.1793117225170135,0.9999679923057556,0.532685399055481,0.6938047409057617,-0.1793258488178253,0.9999701976776124,0.5453395247459412,0.695476770401001,-0.1782412528991699,0.9999489188194276,0.547748327255249,0.695108950138092,-0.1782453656196594,0.9999458193778992,0.5502327680587769,0.69468092918396,-0.1782387793064117,0.9999437928199768,0.528336763381958,0.6853024959564209,-0.1004917919635772,0.9999544024467468,0.5526202917098999,0.6871440410614014,-0.0953977033495903,0.9998691082000732,0.5368767976760864,0.6730933785438538,-0.1603943556547165,0.9999883770942688,0.5473401546478271,0.6743316054344177,-0.1589696854352951,0.9999791979789734,0.5072160363197327,0.6080793738365173,-0.0467603355646133,0.9999896287918092,0.5722648501396179,0.6075204014778137,-0.0330949239432811,0.9999348521232604,0.4975897073745727,0.5070453882217407,-0.0085497898980975,0.9902660846710204,0.578292727470398,0.5101879835128784,0.006122974678874,0.9507225155830384,0.4922604560852051,0.4238317906856537,-0.0765316188335418,0.9850928783416748,0.584632158279419,0.4271061718463897,-0.0582525990903377,0.941595733165741,0.4877713024616241,0.3954260051250458,-0.0983459427952766,0.968550145626068,0.5881339311599731,0.3998188376426697,-0.0797564163804054,0.9023228883743286,0.4928464293479919,0.3951219618320465,-0.1245951578021049,0.971047580242157,0.5849447846412659,0.3994302749633789,-0.1087977960705757,0.9095146656036376,0.4962269961833954,0.4034194946289062,-0.0884577110409736,0.9635987877845764,0.582794725894928,0.4073997437953949,-0.0716203674674034,0.900614321231842,0.5207824110984802,0.4304462671279907,-0.007070398889482,0.9997947812080384,0.5616017580032349,0.428634762763977,0.0070296064950525,0.9996684193611144,0.5204505920410156,0.271344780921936,-0.031336423009634,0.9737783074378968,0.5626408457756042,0.2725038528442383,-0.0137314815074205,0.9534128904342652,0.5248913168907166,0.1273691803216934,0.0623099096119403,0.9760136008262634,0.5551242232322693,0.1296385079622268,0.0833271890878677,0.9503015875816344,0.5276045203208923,0.1107610687613487,0.0650697872042656,0.6249150633811951,0.5516541600227356,0.1141274943947792,0.0868465527892112,0.6317323446273804,0.5275996923446655,0.0774265453219413,-0.0443612933158874,0.9630473256111144,0.5558058619499207,0.0786988735198974,-0.0142842410132288,0.945673644542694,hoyeon_stand_normal_01,17.029386,19.209373,19.416488,17.492856,15.652476,12.529964,9.433981,6.403124,5.0,3.0,3.605551,5.385165,8.246211,11.045361,13.038405,16.03122,19.026298,21.095023,22.090722,22.090722,20.099751,18.027756,14.0,10.198039,7.81025,10.440307,16.492423,18.027756,17.464249,16.124515,13.892444,11.401754,8.602325,5.385165,3.0,3.162278,5.0,7.0,9.0,11.0,12.0,13.038405,13.038405,13.152946,12.369317,10.440307,8.544004,5.830952,2.236068,3.162278,7.211103,12.041595,15.811388,14.21267,12.727922,10.816654,10.29563,8.246211,7.071068,5.09902,4.472136,4.472136,5.09902,6.082763,7.615773,9.433981,10.816654,12.806248,14.866069,16.970563,17.691806,18.439089,18.439089,18.439089,16.401219,15.0,12.206556,9.433981,6.0,5.830952,6.324555,9.0,11.401754,13.416408,14.422205,14.866069,14.866069,15.0,13.038405,11.661904,8.944272,7.615773,4.123106,2.0,2.0,4.242641,7.211103,9.433981,12.529964,14.317821,16.552945,17.888544,18.788294,18.788294,13.601471,15.231546,15.231546,16.155494,15.231546,14.866069,13.601471,12.369317,11.18034,9.219544,8.246211,6.324555,5.830952,5.830952,7.28011,8.062258,12.041595,14.0,17.029386,19.026298,20.223748,21.213203,21.377558,19.646883,17.720045,15.524175,13.341664,15.297059,17.262677,17.117243,17.029386,16.0,15.0,12.041595,10.049876,8.246211,6.403124,5.656854,6.324555,7.071068,8.062258,9.055385,10.049876,11.18034,11.045361,12.165525,12.165525,12.369317,12.165525,12.041595,12.0,12.165525
hoyeon_stand_normal_01,3444,1148,114.80627322404372,29.998360745314464,10,0.5421512126922607,0.6859913468360901,-0.18154838681221,0.9999894499778748,0.5380285978317261,0.6953261494636536,-0.1701853424310684,0.9999638199806212,0.5353299379348755,0.6946807503700256,-0.1701974272727966,0.9999673366546632,0.532717764377594,0.6938800811767578,-0.17021244764328,0.9999696016311646,0.5453938841819763,0.695541501045227,-0.1689645648002624,0.999948024749756,0.5478096008300781,0.6951540112495422,-0.1689661890268325,0.999944806098938,0.5503012537956238,0.6947128176689148,-0.1689594089984893,0.9999428391456604,0.5283778309822083,0.6853692531585693,-0.0922764986753463,0.9999533295631408,0.5526725053787231,0.6871539950370789,-0.0864129364490509,0.9998667240142822,0.5369318127632141,0.6731993556022644,-0.1517121791839599,0.9999881386756896,0.5474039912223816,0.6743822693824768,-0.1500612646341323,0.9999788403511048,0.5072553157806396,0.6082170605659485,-0.0401798039674758,0.9999895095825196,0.572292149066925,0.6077394485473633,-0.0269789826124906,0.9999351501464844,0.4976299405097961,0.5071633458137512,-0.0045128539204597,0.990067422389984,0.5784121155738831,0.5102021098136902,0.0106384931132197,0.950368881225586,0.4922608733177185,0.4239010214805603,-0.0728536397218704,0.9848076105117798,0.5846347212791443,0.4271192550659179,-0.0533380657434463,0.9412208199501038,0.487770140171051,0.3954999446868896,-0.0947908088564872,0.9680911898612976,0.5881451964378357,0.3998183310031891,-0.0749958977103233,0.9018808007240297,0.4928451478481293,0.3952120542526245,-0.1208108589053154,0.9706174731254578,0.5849456787109375,0.3994330465793609,-0.1038762480020523,0.90909743309021,0.4962272644042969,0.4035127758979797,-0.0847659111022949,0.9630768895149232,0.5827903747558594,0.4074112772941589,-0.0667023211717605,0.9002249836921692,0.5207871198654175,0.4302859902381897,-0.0069983005523681,0.9997961521148682,0.5616455674171448,0.4285821914672851,0.0069597586989402,0.9996716976165771,0.5203794240951538,0.2712956070899963,-0.0313412621617317,0.973655104637146,0.5627265572547913,0.2724529802799225,-0.0142881190404295,0.95326966047287,0.5248953700065613,0.1271872222423553,0.0613796897232532,0.9758369326591492,0.5551508069038391,0.1295189261436462,0.0823476389050483,0.9502078294754028,0.5276169180870056,0.1105426102876663,0.0640078708529472,0.6238203048706055,0.5516714453697205,0.1138721033930778,0.08579932898283,0.6316980719566345,0.5275927782058716,0.0774248614907264,-0.0450021848082542,0.9627952575683594,0.5559688210487366,0.078682467341423,-0.0149554489180445,0.9455513954162598,hoyeon_stand_normal_01,17.204651,18.35756,17.888544,17.464249,15.231546,12.083046,9.848858,6.708204,3.605551,2.0,3.162278,5.09902,8.062258,10.0,13.0,16.0,18.0,20.0,21.0,21.023796,20.024984,18.0,14.035669,10.440307,9.219544,11.18034,15.652476,16.124515,16.643317,15.620499,13.453624,9.899495,6.403124,3.605551,2.236068,4.123106,6.082763,9.055385,10.049876,12.165525,13.152946,13.152946,13.341664,13.601471,13.601471,11.7047,9.848858,6.708204,2.236068,1.414214,7.071068,11.313708,15.6485295,14.3671085,12.712355,11.7328825,9.757587,8.514897000000001,7.0674025,5.854102,5.2774495,4.6708305,5.1925825,6.2429435,7.8390155,9.353188500000002,11.3750305,12.7290015,15.198542,16.8086855,17.6452165,18.4403685,18.336811,18.464709,17.148458499999997,15.0903595,12.579162,9.587075,5.743903,5.2774495,6.3326375,8.514897000000001,11.488443,13.343569,14.976762,15.6394105,16.075269499999997,15.1589105,14.3173835,11.8731475,9.5711555,7.728657,4.813903,3.3839145000000004,2.4142135,3.8643285,6.5413815,9.5276925,12.0207975,14.566373,16.6313385,18.124144,18.617692,18.138022,17.262677,15.297059,14.317821,12.369317,10.29563,10.0,10.630146,11.401754,12.806248,14.21267,15.620499,16.970563,17.804494,18.027756,19.235384,18.788294,18.027756,17.720045,14.56022,11.401754,8.944272,6.403124,8.062258,10.198039,13.341664,15.811388,9.219544,7.615773,6.403124,7.28011,9.0,12.041595,14.142136,17.262677,18.11077,19.026298,19.0,18.027756,17.029386,15.297059,14.142136,13.341664,12.165525,11.045361,11.0,11.18034,12.369317,13.601471,14.56022,16.763055,17.720045,18.439089
hoyeon_stand_normal_01,3447,1149,114.9062786885246,29.998360745314464,10,0.5422180891036987,0.6860594749450684,-0.1821721345186233,0.99998939037323,0.5380868911743164,0.6953983902931213,-0.1703570485115051,0.9999637007713318,0.5353804230690002,0.6947513222694397,-0.1703706234693527,0.9999671578407288,0.5327683687210083,0.6939577460289001,-0.1703838258981704,0.9999694228172302,0.5454707741737366,0.6956034302711487,-0.1693208366632461,0.9999478459358216,0.5478906035423279,0.6952018737792969,-0.1693277955055236,0.9999445676803588,0.5503872036933899,0.6947537660598755,-0.1693210154771804,0.9999426007270812,0.5284326076507568,0.6854454278945923,-0.0924930721521377,0.9999531507492064,0.5527247786521912,0.6871843934059143,-0.0872872248291969,0.999866545200348,0.5370380878448486,0.6732826232910156,-0.1524889767169952,0.9999881386756896,0.5475025773048401,0.6744217872619629,-0.151068702340126,0.99997878074646,0.5072956085205078,0.6083897948265076,-0.0419535562396049,0.9999895095825196,0.5723192095756531,0.6079463958740234,-0.0275051910430192,0.9999358654022216,0.497667908668518,0.507232666015625,-0.0057218726724386,0.9899542927742004,0.5785377621650696,0.5102258920669556,0.0098634399473667,0.9502344131469728,0.4922614097595215,0.4239499568939209,-0.0735198184847831,0.9845954775810242,0.5846431255340576,0.4271124601364136,-0.0539388507604599,0.9409010410308838,0.4877699315547943,0.3955593407154083,-0.095279537141323,0.967725396156311,0.5881661772727966,0.3998013734817505,-0.0755992978811264,0.9014142751693726,0.4928390085697174,0.3952651917934418,-0.1215689554810524,0.970287263393402,0.5849473476409912,0.399425595998764,-0.1042757332324981,0.9086464047431946,0.4962261319160461,0.4035716652870178,-0.0854899957776069,0.9626825451850892,0.5827912092208862,0.4074100255966186,-0.0672135651111602,0.8997953534126282,0.5207694172859192,0.4302862882614136,-0.0069871968589723,0.9997979402542114,0.5616512298583984,0.4285823106765747,0.0069490238092839,0.9996752142906188,0.5203096866607666,0.2712941765785217,-0.0313337072730064,0.9735205173492432,0.5627577900886536,0.27245032787323,-0.0141974119469523,0.9531171917915344,0.5248987674713135,0.1270736455917358,0.0613741688430309,0.9756861329078674,0.5551693439483643,0.1295259594917297,0.0825316682457923,0.9500955939292908,0.5276175141334534,0.1104702204465866,0.0639950335025787,0.6226569414138794,0.5516746640205383,0.1138692423701286,0.0859708413481712,0.632022500038147,0.5275968909263611,0.0774090886116027,-0.0450449585914611,0.9625928997993468,0.5565071105957031,0.0786532238125801,-0.0148457344621419,0.945479452610016,hoyeon_stand_normal_01,9.055385,4.0,1.414214,4.242641,6.403124,9.433981,10.816654,11.661904,12.529964,12.529964,12.083046,11.7047,10.440307,10.198039,8.062258,7.071068,4.472136,4.472136,7.28011,10.29563,15.0,19.209373,22.803509,25.0,25.806976,23.853721,2.236068,4.472136,7.211103,10.0,12.206556,13.892444,15.264338,15.652476,15.231546,14.866069,13.601471,11.401754,9.219544,7.071068,4.123106,2.0,1.414214,4.123106,7.28011,10.198039,13.038405,16.03122,17.0,17.029386,17.117243,15.132746,11.401754,13.152946,14.035669,14.0,14.142136,14.317821,13.928388,13.416408,13.892444,13.601471,12.806248,12.727922,12.041595,11.401754,10.816654,9.433981,8.544004,7.071068,6.324555,6.403124,8.544004,11.18034,14.0,17.029386,19.026298,20.024984,16.124515,17.720045,18.384776,17.492856,15.620499,12.806248,9.848858,8.0,6.403124,6.324555,9.055385,10.77033,13.038405,14.21267,16.278821,16.278821,16.278821,17.029386,16.401219,15.0,12.806248,10.630146,7.81025,5.09902,5.385165,7.211103,15.811388,14.21267,12.806248,11.661904,9.848858,9.219544,9.0,10.049876,12.041595,13.038405,14.0,15.033296,16.278821,17.464249,18.027756,17.888544,17.492856,16.643317,13.601471,10.816654,7.615773,6.082763,6.403124,9.433981,12.529964,15.231546,10.816654,8.944272,7.071068,7.28011,8.602325,10.630146,14.21267,16.401219,17.691806,17.691806,18.384776,18.439089,15.811388,15.264338,13.892444,12.529964,11.661904,10.816654,10.630146,9.899495,11.401754,13.038405,13.892444,15.264338,16.643317,18.027756
hoyeon_stand_normal_01,3450,1150,115.00628415300548,29.998360745314464,10,0.5422800183296204,0.6861657500267029,-0.184704914689064,0.9999893307685852,0.538146436214447,0.6955003142356873,-0.1730854958295822,0.9999635815620422,0.5354295372962952,0.6948497295379639,-0.1730977743864059,0.9999669790267944,0.532818078994751,0.6940606832504272,-0.1731114238500595,0.9999693036079408,0.54555344581604,0.6956786513328552,-0.1720011234283447,0.9999476075172424,0.547981321811676,0.6952559351921082,-0.1720072478055954,0.9999443292617798,0.5504804253578186,0.6947961449623108,-0.1720002740621566,0.999942421913147,0.5284847617149353,0.6855179667472839,-0.0949335247278213,0.9999529719352722,0.5527868270874023,0.6872107982635498,-0.0896327421069145,0.9998663067817688,0.5371008515357971,0.6733610033988953,-0.1548432409763336,0.9999881386756896,0.5475789308547974,0.6744713187217712,-0.153380736708641,0.9999787211418152,0.5073719620704651,0.6085240840911865,-0.0429087802767753,0.9999895691871644,0.5723550915718079,0.6080653071403503,-0.0288334153592586,0.99993634223938,0.4977068901062011,0.50734943151474,-0.0050863167271018,0.9898698329925536,0.5785921216011047,0.5102217793464661,0.0091491695493459,0.950104594230652,0.4922583401203155,0.4240129888057709,-0.072529099881649,0.9844702482223512,0.5846797823905945,0.4270881414413452,-0.0546378307044506,0.9407710433006288,0.4877690970897674,0.3956347703933716,-0.0941650941967964,0.967536449432373,0.5882240533828735,0.3997893333435058,-0.0762404650449752,0.9012587666511536,0.4928294420242309,0.3953287601470947,-0.1204944923520088,0.9701219201087952,0.5849721431732178,0.3994223475456238,-0.1049789860844612,0.9084978699684144,0.4962206780910492,0.4036341607570648,-0.0845023468136787,0.9624801874160768,0.5828019976615906,0.4074090123176574,-0.0679239109158515,0.8996551036834717,0.5207697749137878,0.4302806854248047,-0.006972293369472,0.9997991919517516,0.5616694092750549,0.428581029176712,0.0069344015792012,0.9996770620346068,0.5203229784965515,0.2712857127189636,-0.0315502062439918,0.9735466837882996,0.5628372430801392,0.2724422514438629,-0.0143222669139504,0.953028917312622,0.524898111820221,0.1270674765110016,0.061525035649538,0.9756231904029846,0.555188000202179,0.1295713186264038,0.0826632976531982,0.949987292289734,0.5276030898094177,0.1104648783802986,0.0641928687691688,0.6209964156150818,0.551675021648407,0.1139341741800308,0.0861496403813362,0.6319921016693115,0.5275935530662537,0.0773778557777404,-0.044973898679018,0.9624300599098206,0.5565100312232971,0.0785932019352912,-0.0147246029227972,0.945389986038208,hoyeon_stand_normal_01,8.544004,5.385165,1.0,2.828427,6.403124,8.602325,10.0,10.816654,12.206556,11.661904,11.661904,11.18034,10.77033,9.486833,8.246211,7.0,5.385165,5.830952,8.0,12.165525,15.811388,20.248457,23.4094,25.298221,25.96151,25.70992,2.0,4.472136,7.211103,10.0,12.806248,14.422205,16.124515,16.124515,15.652476,14.317821,13.0,11.7047,9.486833,7.28011,4.472136,2.236068,1.414214,4.0,6.0,10.0,13.0,15.033296,17.117243,17.262677,17.464249,14.56022,16.124515,15.0,14.035669,12.369317,10.77033,9.433981,7.81025,7.211103,6.324555,5.0,5.385165,6.403124,7.211103,8.944272,11.401754,12.369317,15.132746,16.124515,17.029386,18.027756,18.027756,17.0,16.0,14.0,12.041595,9.0,5.0,4.123106,5.0,8.062258,10.440307,12.165525,14.0,15.033296,15.297059,14.56022,13.0,12.083046,9.433981,7.211103,5.0,3.162278,2.828427,5.09902,7.071068,10.198039,12.369317,15.524175,16.763055,18.027756,18.973666,18.681542,15.231546,14.866069,13.0,10.440307,10.049876,9.055385,9.219544,10.440307,11.7047,12.649111,14.56022,16.278821,17.029386,17.0,17.117243,17.262677,17.720045,14.866069,13.0,10.440307,8.062258,6.324555,7.81025,10.77033,13.601471,15.811388,9.486833,7.071068,6.082763,6.403124,8.602325,10.77033,13.928388,15.231546,16.552945,17.888544,17.492856,16.643317,16.401219,14.866069,12.727922,12.041595,10.630146,10.0,9.433981,9.848858,10.77033,12.369317,13.601471,15.524175,16.763055,17.088007
hoyeon_stand_normal_01,3453,1151,115.10628961748634,29.998360745314464,10,0.5423460006713867,0.6862426996231079,-0.1859209537506103,0.9999892711639404,0.5382086634635925,0.6955811381340027,-0.1744249910116195,0.9999634623527528,0.5354805588722229,0.6949300765991211,-0.1744365096092224,0.9999668598175048,0.5328717827796936,0.6941473484039307,-0.174451395869255,0.9999691843986512,0.5456349849700928,0.6957336664199829,-0.173344150185585,0.9999473094940186,0.5480696558952332,0.6952962279319763,-0.1733487993478775,0.999944031238556,0.5505657196044922,0.6948294043540955,-0.1733418405055999,0.9999421238899232,0.5285560488700867,0.6856041550636292,-0.0959800332784652,0.9999528527259828,0.5528376698493958,0.6872484683990479,-0.0907458811998367,0.999865710735321,0.5371683239936829,0.6734166741371155,-0.1558744460344314,0.9999881386756896,0.5476580262184143,0.67450350522995,-0.1544227004051208,0.9999786019325256,0.5074595212936401,0.6086410284042358,-0.0424900986254215,0.9999896287918092,0.5723831057548523,0.6081520915031433,-0.0294342283159494,0.9999364018440248,0.497761607170105,0.5074587464332581,-0.0030648531392216,0.989807426929474,0.5786086320877075,0.5102348327636719,0.0091728400439023,0.9497796297073364,0.4922652542591095,0.4240972399711609,-0.0696153566241264,0.984406054019928,0.5847046375274658,0.4270867705345154,-0.0546987168490886,0.9404086470603944,0.4877778589725494,0.3957468867301941,-0.0911269411444664,0.9674387574195862,0.5882552862167358,0.3997876942157745,-0.0762729123234748,0.9007980823516846,0.492830216884613,0.3954263627529144,-0.1174925416707992,0.9700434803962708,0.5849857926368713,0.3994213342666626,-0.1052221134305,0.9080652594566344,0.4962242543697357,0.4037213921546936,-0.0815689787268638,0.9623678922653198,0.5828089118003845,0.40741166472435,-0.0680553689599037,0.8992098569869995,0.5207709670066833,0.4302794337272644,-0.0069149294868111,0.9998006820678712,0.5616858005523682,0.4285841584205627,0.0068779191933572,0.9996787905693054,0.5203307867050171,0.271283745765686,-0.0315481796860694,0.9735928177833556,0.5628734230995178,0.2723948359489441,-0.0143875032663345,0.952945351600647,0.5248882174491882,0.1270358264446258,0.061644185334444,0.9756712317466736,0.5551884174346924,0.1295301765203476,0.0827246084809303,0.949987530708313,0.527585506439209,0.1103622391819953,0.06431445479393,0.6207821369171143,0.5516336560249329,0.113823302090168,0.0862224921584129,0.6320968866348267,0.527567982673645,0.0773463174700737,-0.0449729189276695,0.9624424576759338,0.5565109848976135,0.078573502600193,-0.0147523572668433,0.945404887199402,hoyeon_stand_normal_01,17.888544,19.313208,19.924859,17.720045,16.492423,13.601471,10.440307,7.615773,5.0,3.162278,3.162278,5.0,7.615773,9.486833,12.369317,14.317821,17.262677,19.235384,20.223748,20.396078,18.439089,16.278821,13.038405,9.219544,7.071068,9.219544,15.556349,16.401219,15.811388,14.764823,13.416408,10.77033,7.28011,3.162278,1.0,3.162278,5.09902,7.28011,9.219544,10.440307,11.7047,12.083046,12.083046,12.529964,11.661904,9.433981,7.81025,4.242641,1.0,4.242641,8.602325,13.038405,13.892444,15.652476,16.155494,16.763055,17.464249,17.117243,16.03122,16.03122,16.278821,15.524175,15.811388,14.866069,14.317821,13.416408,13.038405,11.401754,9.899495,8.602325,7.071068,7.28011,8.602325,11.401754,14.764823,16.552945,19.313208,20.248457,18.788294,20.248457,21.260292,19.849433,18.867962,15.231546,12.165525,9.219544,7.071068,7.071068,9.486833,11.401754,12.727922,14.21267,15.811388,16.124515,17.0,16.552945,16.155494,15.231546,13.0,10.29563,7.81025,5.385165,6.324555,9.219544,16.227352500000002,14.7111025,13.038405,10.978767,9.6678455,9.1374645,10.049876,10.024938,12.10356,13.038405,14.0178345,15.016648,16.201667999999998,17.113652000000002,17.7363915,17.888544,17.513878,15.811388,13.9070705,11.109204,8.2800225,6.5769155,7.259227,9.609772,12.6224805,15.27336,9.6922895,8.167747499999999,6.535534,6.269578,8.514897000000001,10.816654,13.211204,15.2086495,17.0680865,17.3487535,16.802934999999998,16.654103499999998,15.917585,14.5393695,13.5275475,12.104001,10.700877,9.924845,9.899495,10.700877,11.661904,12.529964,14.0906155,15.652476,16.5622575,16.821658499999998
hoyeon_stand_normal_01,3456,1152,115.2062950819672,29.998360745314464,10,0.5424190759658813,0.6862577199935913,-0.1890032142400741,0.9999892115592957,0.5382763743400574,0.6956163048744202,-0.1778169721364975,0.9999632835388184,0.5355380177497864,0.6949719786643982,-0.1778275519609451,0.9999666810035706,0.5329261422157288,0.6941982507705688,-0.1778424233198166,0.999968945980072,0.5457175374031067,0.6957501769065857,-0.176672950387001,0.9999470114707948,0.548155665397644,0.6953086853027344,-0.1766768395900726,0.999943733215332,0.55064457654953,0.6948403120040894,-0.1766710728406906,0.9999417662620544,0.5286243557929993,0.6856696009635925,-0.0993217676877975,0.9999525547027588,0.5528826117515564,0.6872800588607788,-0.0938077270984649,0.9998652338981628,0.5372450947761536,0.6734243035316467,-0.158792957663536,0.9999880790710448,0.5477381944656372,0.6745099425315857,-0.1572517603635788,0.9999785423278807,0.5074853301048279,0.6087573766708374,-0.0436220131814479,0.9999896287918092,0.5724411606788635,0.6082211136817932,-0.0318346433341503,0.9999366998672484,0.4977761805057525,0.50749272108078,-0.0037880903109908,0.9898083209991456,0.5786597728729248,0.5102231502532959,0.0074326279573142,0.9499472379684448,0.4922751486301422,0.4241692423820495,-0.0705292895436286,0.9844200611114502,0.5847352147102356,0.4270809888839721,-0.0568624623119831,0.9405283331871032,0.4877906739711761,0.3958660662174225,-0.0921902358531951,0.9674516320228576,0.5882880091667175,0.399786502122879,-0.0784613043069839,0.9009499549865724,0.492830365896225,0.3955144584178924,-0.1183860972523689,0.9700617790222168,0.5849990248680115,0.399421364068985,-0.1074791699647903,0.9081884026527404,0.4962255656719208,0.4037985801696777,-0.0824329778552055,0.962400496006012,0.5828172564506531,0.4074149131774902,-0.0701942890882492,0.8993196487426758,0.52076256275177,0.4303072690963745,-0.0067235273309051,0.9998011589050292,0.5616948008537292,0.428677499294281,0.0066868206486105,0.999679684638977,0.5202230215072632,0.2714565396308899,-0.0315486080944538,0.9734823703765868,0.5628690719604492,0.2724460363388061,-0.0147302942350506,0.9529656171798706,0.5248916745185852,0.1272946000099182,0.0617969669401645,0.9754879474639891,0.555221676826477,0.1295555531978607,0.0824278369545936,0.949844479560852,0.5276161432266235,0.1107187420129776,0.0644920840859413,0.6200991272926331,0.5517183542251587,0.1138307452201843,0.0859303027391433,0.6313797235488892,0.5275389552116394,0.0772619694471359,-0.0447634011507034,0.962197244167328,0.5566033720970154,0.0785735622048378,-0.0152824902907013,0.9452083110809326,hoyeon_stand_normal_01,19.235384,21.095023,20.808652,19.209373,17.029386,13.453624,10.0,7.211103,4.123106,3.605551,4.123106,6.0,9.055385,11.401754,14.56022,16.763055,19.313208,21.18962,22.135944,22.135944,20.880613,18.027756,14.317821,10.630146,8.544004,10.198039,18.027756,18.027756,18.11077,16.492423,14.56022,11.7047,7.615773,4.123106,1.414214,4.123106,5.385165,8.544004,9.848858,11.7047,12.649111,13.601471,13.341664,13.152946,12.165525,11.045361,8.0,5.09902,1.414214,4.0,9.219544,13.928388,16.278821,14.866069,14.317821,11.661904,10.630146,9.219544,8.062258,6.324555,6.0,5.385165,5.0,5.830952,7.28011,9.055385,11.0,12.041595,14.142136,16.278821,17.464249,17.464249,18.439089,17.720045,16.763055,14.56022,11.7047,9.486833,5.09902,4.242641,5.0,8.062258,9.899495,12.806248,14.764823,14.866069,15.524175,14.317821,13.038405,11.0,9.055385,7.071068,4.472136,2.236068,2.236068,4.472136,7.28011,10.049876,13.038405,15.033296,17.029386,18.027756,19.026298,19.026298,13.601471,14.866069,15.556349,14.866069,14.866069,14.21267,13.601471,12.206556,11.661904,9.433981,8.602325,6.403124,5.830952,5.385165,7.0,9.055385,11.401754,14.56022,16.763055,18.681542,20.396078,21.377558,20.223748,19.104973,18.027756,15.033296,13.038405,15.264338,16.124515,17.0,16.552945,16.155494,13.928388,12.083046,10.29563,7.81025,6.403124,6.324555,6.0,7.071068,8.246211,9.219544,10.198039,11.18034,12.165525,12.165525,12.165525,12.165525,12.165525,12.369317,11.7047,12.083046
hoyeon_stand_normal_01,3459,1153,115.30630054644809,29.998360745314464,10,0.5424947142601013,0.6862917542457581,-0.1944360882043838,0.9999892115592957,0.5383489727973938,0.6956464648246765,-0.1833438426256179,0.9999632239341736,0.5355983972549438,0.6950033903121948,-0.1833531409502029,0.9999666213989258,0.5329791307449341,0.6942337155342102,-0.1833696216344833,0.9999688863754272,0.5458067655563354,0.695775032043457,-0.1822034269571304,0.99994695186615,0.5482501983642578,0.695331871509552,-0.1822086125612259,0.9999436736106871,0.5507330298423767,0.6948638558387756,-0.1822032779455185,0.9999417066574096,0.5287016034126282,0.6857091784477234,-0.1046578809618949,0.999952495098114,0.552949845790863,0.6873177886009216,-0.0991223752498626,0.9998653531074524,0.537325918674469,0.6734433174133301,-0.1641121059656143,0.9999880790710448,0.547832190990448,0.6745269894599915,-0.16255684196949,0.9999785423278807,0.5075310468673706,0.608792781829834,-0.0475944764912128,0.9999895691871644,0.5725042223930359,0.6082015037536621,-0.0356330871582031,0.9999368786811828,0.4977908730506897,0.5074723958969116,-0.0055686607956886,0.9898043274879456,0.5787012577056885,0.5099998712539673,0.005285988561809,0.9500166177749634,0.4923030436038971,0.4241763651371002,-0.0720971822738647,0.9843345880508424,0.5847457647323608,0.4269470870494842,-0.0588274039328098,0.9405083060264589,0.4878281056880951,0.3959107100963592,-0.0935617461800575,0.967272162437439,0.5882969498634338,0.3996563255786896,-0.0802086293697357,0.9008958339691162,0.4928411543369293,0.3955699503421783,-0.1200106963515281,0.969904899597168,0.5850012302398682,0.3993005752563476,-0.1092932447791099,0.9081212878227234,0.4962402582168579,0.4038247466087341,-0.0840352922677993,0.9622318744659424,0.5828188061714172,0.4073418080806732,-0.072120614349842,0.8992280960083008,0.5207632780075073,0.4303027987480163,-0.0066455854102969,0.9998005032539368,0.5617193579673767,0.4286887645721435,0.0066080521792173,0.9996789693832396,0.5202270150184631,0.271455317735672,-0.0325463153421878,0.9733555316925048,0.5628736019134521,0.2724445760250091,-0.0152924843132495,0.952817976474762,0.5248906016349792,0.1273169666528701,0.061794314533472,0.97525554895401,0.5552493929862976,0.1295492351055145,0.0821983963251113,0.9494935274124146,0.527614951133728,0.110718734562397,0.0644906237721443,0.6184613704681396,0.5517603158950806,0.1137241944670677,0.0857226848602294,0.6299969553947449,0.5274942517280579,0.0772598907351493,-0.0447769239544868,0.9617871046066284,0.5566871166229248,0.0785354226827621,-0.0157235283404588,0.944779336452484,hoyeon_stand_normal_01,13.720080499999998,12.7591425,11.118034,11.103313,11.107256,11.1289745,10.0,9.236411,8.06702,7.412091,8.06702,8.6315515,9.424429,9.7946825,10.5533685,11.5586215,11.85376,12.6681545,14.7418565,16.4869665,18.1796805,18.9169265,18.395013,17.915129,16.8311265,16.629703499999998,8.983579500000001,10.1606415,11.4307525,12.44325,12.383666,12.059978,11.3489755,9.7111025,7.946222,7.846121,8.6315515,8.924429,8.8078865,8.1925825,7.6019365,7.637236499999999,9.2690555,10.310887,11.7748285,11.961638,12.334259499999998,11.513878,9.707107,11.075431,12.038509,13.601471,12.041595,14.142136,14.56022,14.866069,14.317821,15.264338,15.0,14.21267,14.866069,14.21267,14.21267,13.601471,13.038405,12.529964,12.083046,10.77033,9.219544,7.0,6.324555,6.403124,7.28011,10.049876,13.038405,15.033296,17.117243,18.248288,16.124515,17.464249,18.681542,17.117243,16.03122,13.341664,10.29563,7.81025,6.0,6.403124,8.944272,10.198039,12.0,14.035669,15.132746,15.524175,15.524175,15.811388,14.866069,13.928388,12.649111,10.440307,8.0,6.324555,6.403124,8.246211,15.524175,14.56022,13.341664,11.18034,10.0,10.198039,9.848858,11.18034,12.529964,13.416408,15.231546,16.763055,17.464249,18.11077,18.0,18.027756,17.262677,15.297059,13.341664,11.18034,8.0,6.708204,8.062258,10.440307,14.142136,16.278821,9.219544,7.0,6.324555,6.403124,8.944272,10.440307,13.341664,15.524175,17.720045,18.027756,17.464249,16.552945,16.124515,14.422205,13.601471,12.206556,10.816654,10.29563,9.848858,10.440307,11.401754,13.152946,14.142136,16.124515,17.262677,16.492423
hoyeon_stand_normal_01,3462,1154,115.40630601092896,29.998360745314464,10,0.5425323247909546,0.6863491535186768,-0.1932441741228103,0.999989092350006,0.5383761525154114,0.6956908106803894,-0.1820559501647949,0.9999629259109496,0.5356177687644958,0.6950504779815674,-0.1820662468671798,0.999966323375702,0.532996416091919,0.6942844390869141,-0.1820835322141647,0.999968647956848,0.5458554029464722,0.6957978010177612,-0.1809118390083313,0.9999465942382812,0.548305869102478,0.6953482627868652,-0.1809171885251999,0.9999432563781738,0.5507903695106506,0.6948775053024292,-0.1809117794036865,0.999941349029541,0.5287391543388367,0.6857556104660034,-0.1035825386643409,0.9999521374702454,0.5529965758323669,0.6873411536216736,-0.0980209186673164,0.99986469745636,0.5373547673225403,0.6734880805015564,-0.1630653440952301,0.9999879598617554,0.5478829145431519,0.674560010433197,-0.1614955365657806,0.9999784231185912,0.507577121257782,0.608799159526825,-0.0474230870604515,0.9999895095825196,0.572536051273346,0.6081945896148682,-0.0351232774555683,0.9999368786811828,0.4977932274341583,0.5074523091316223,-0.0059713344089686,0.989752471446991,0.5787192583084106,0.509929358959198,0.0053841257467865,0.949994683265686,0.4923310577869415,0.4241796135902405,-0.0737382024526596,0.9842139482498168,0.5847544074058533,0.4269037842750549,-0.0586320720613002,0.9404635429382324,0.4878533780574798,0.3959490954875946,-0.0956558510661125,0.9670575261116028,0.5883015990257263,0.3995894193649292,-0.0800083056092262,0.9007996320724488,0.4928536713123321,0.3956221044063568,-0.1218491271138191,0.9697079062461852,0.585003674030304,0.3992374539375305,-0.1089638471603393,0.908025562763214,0.4962555170059204,0.4038461744785309,-0.0856528580188751,0.9620155692100524,0.5828202366828918,0.4073027670383453,-0.0718780010938644,0.8991323709487915,0.5207624435424805,0.4302950799465179,-0.0066259088926017,0.9997997879981996,0.5617412328720093,0.4286917448043823,0.0065882341004908,0.9996781945228576,0.520261824131012,0.2715300917625427,-0.0334604755043983,0.9731838703155518,0.5628675222396851,0.2724458575248718,-0.0157845858484506,0.9524248838424684,0.5249057412147522,0.1273969858884811,0.0616505667567253,0.9749839305877686,0.5552514791488647,0.1296045929193496,0.0818256139755249,0.9489852786064148,0.5276142358779907,0.1107268258929252,0.0644157901406288,0.6164431571960449,0.5517675876617432,0.1137227565050125,0.0853710994124412,0.628149151802063,0.527485191822052,0.077260598540306,-0.0447881072759628,0.961355984210968,0.5565565228462219,0.0785028114914894,-0.0160853900015354,0.944223940372467,hoyeon_stand_normal_01,19.026298,20.223748,19.416488,18.439089,15.524175,12.369317,10.198039,7.0,4.0,2.828427,3.162278,5.830952,7.81025,9.899495,12.806248,15.0,17.804494,19.209373,20.0,20.615528,19.209373,17.204651,13.892444,9.486833,7.28011,9.219544,16.124515,17.029386,17.0,15.132746,13.152946,10.198039,7.28011,4.123106,1.414214,3.605551,5.656854,7.81025,10.0,11.401754,11.401754,12.206556,11.661904,12.529964,11.18034,9.486833,7.28011,4.0,1.0,4.472136,9.219544,13.038405,12.727922,14.21267,15.264338,15.264338,15.231546,15.811388,15.297059,15.132746,15.0,15.132746,14.142136,14.317821,14.56022,13.601471,13.0,11.661904,10.0,9.219544,7.615773,8.0,9.848858,12.806248,15.556349,19.104973,19.849433,22.022716,18.788294,19.723083,20.615528,20.518285,18.027756,15.231546,11.18034,8.246211,5.656854,6.082763,8.602325,10.630146,13.038405,15.652476,16.155494,16.763055,17.464249,17.464249,17.262677,15.297059,14.142136,11.401754,7.615773,5.656854,6.0,8.062258,12.529964,13.416408,14.317821,15.652476,14.317821,13.892444,13.038405,11.401754,10.630146,9.219544,7.211103,5.830952,4.123106,4.123106,5.830952,7.81025,10.630146,13.453624,15.556349,18.384776,19.104973,20.615528,20.0,18.601075,16.643317,14.422205,14.21267,15.620499,17.691806,17.691806,17.691806,16.278821,14.866069,13.453624,10.630146,8.602325,7.615773,6.082763,6.082763,6.324555,7.615773,8.944272,10.29563,11.18034,11.18034,11.18034,12.083046,12.083046,11.661904,10.816654,11.401754,12.041595
hoyeon_stand_normal_01,3465,1155,115.50631147540985,29.998360745314464,10,0.5425464510917664,0.6863701343536377,-0.1934035569429397,0.999989092350006,0.5383901000022888,0.6957091093063354,-0.1821669042110443,0.9999629259109496,0.5356270670890808,0.6950684189796448,-0.1821774393320083,0.999966323375702,0.5330062508583069,0.6943031549453735,-0.1821948885917663,0.999968647956848,0.5458828210830688,0.6958094835281372,-0.1810736060142517,0.999946653842926,0.548337996006012,0.695356011390686,-0.1810785382986068,0.9999433159828186,0.5508273243904114,0.6948829293251038,-0.1810724288225174,0.9999414682388306,0.5287763476371765,0.6857782602310181,-0.103620171546936,0.99995219707489,0.5530391931533813,0.6873460412025452,-0.0982881113886833,0.9998652338981628,0.5373636484146118,0.673496663570404,-0.163211852312088,0.9999879598617554,0.5479069352149963,0.6745657324790955,-0.161710649728775,0.999978482723236,0.507629930973053,0.608806312084198,-0.0478948727250099,0.9999895095825196,0.5725767612457275,0.6081505417823792,-0.0354768298566341,0.9999371767044068,0.497796356678009,0.5074419975280762,-0.0074516232125461,0.9897205233573914,0.578731894493103,0.5097604990005493,0.0047356775030493,0.9501255750656128,0.4923683702945709,0.4241828918457031,-0.0757043436169624,0.9840996265411376,0.5847980380058289,0.4265531897544861,-0.0590917840600013,0.9405094981193542,0.4878749847412109,0.395975261926651,-0.0977766588330268,0.9668436646461488,0.5883417725563049,0.399306058883667,-0.0804906040430069,0.9008288979530334,0.4928650856018066,0.3956533670425415,-0.1239061057567596,0.9695101380348206,0.5850353240966797,0.3989310264587402,-0.1094236597418785,0.9080466628074646,0.4962677359580993,0.4038529992103576,-0.087624043226242,0.9617980718612672,0.5828429460525513,0.4070461988449096,-0.0723396614193916,0.8991575837135315,0.5207639932632446,0.4302944839000702,-0.00662373425439,0.9997994303703308,0.5617676377296448,0.428741306066513,0.0065859374590218,0.9996777176856996,0.5204053521156311,0.2715766131877899,-0.0334315560758113,0.9730603098869324,0.5628509521484375,0.2724694907665252,-0.0157764330506324,0.95210862159729,0.524909257888794,0.1274048388004303,0.061275191605091,0.9748056530952454,0.5551816821098328,0.1296284347772598,0.0816324576735496,0.9484562873840332,0.527606189250946,0.1107251346111297,0.0640126541256904,0.6144669651985168,0.5516771674156189,0.1137319952249527,0.0851383209228515,0.6261484622955322,0.5274841785430908,0.0772890746593475,-0.0453227832913398,0.9610605239868164,0.556304395198822,0.0785010680556297,-0.016333945095539,0.9436936974525452,hoyeon_stand_normal_01,8.944272,4.472136,3.605551,6.403124,9.219544,10.630146,11.401754,12.206556,12.206556,11.661904,11.18034,10.77033,9.486833,8.246211,7.0,5.385165,5.830952,8.0,11.401754,15.811388,19.697716,22.847319,26.0,25.632011,24.351591,2.0,4.472136,8.062258,10.29563,12.529964,14.317821,16.155494,15.811388,15.811388,14.56022,13.341664,11.18034,8.246211,6.082763,4.123106,1.414214,1.0,4.0,7.071068,10.049876,13.152946,15.297059,17.464249,17.720045,16.763055,14.866069,13.1692335,15.264338,17.204651,18.439089,19.104973,18.439089,19.416488,19.235384,18.384776,18.027756,18.439089,18.248288,18.11077,17.117243,16.0,15.033296,14.142136,12.369317,10.77033,8.602325,8.544004,10.0,12.649111,15.652476,18.867962,21.095023,22.472205,20.615528,21.931712,23.021729,22.36068,21.18962,17.117243,14.035669,9.848858,7.211103,7.071068,10.0,12.206556,14.317821,15.811388,17.464249,19.235384,19.104973,19.026298,18.0,17.0,15.0,12.041595,9.486833,6.403124,7.071068,9.486833,17.117243,15.132746,13.152946,11.18034,9.848858,9.433981,9.899495,11.401754,12.206556,13.453624,14.866069,16.278821,16.401219,17.492856,18.788294,18.027756,18.681542,16.492423,14.317821,12.369317,8.544004,6.403124,7.071068,10.198039,13.341664,15.524175,10.198039,7.615773,6.403124,6.708204,9.0,11.045361,14.142136,15.132746,17.117243,18.027756,18.0,17.029386,16.124515,15.132746,13.152946,12.165525,11.18034,11.18034,10.0,11.045361,12.165525,13.341664,15.524175,16.492423,17.464249,18.248288
hoyeon_stand_normal_01,3468,1156,115.6063169398907,29.998360745314464,10,0.5425727963447571,0.6863752007484436,-0.1907888948917389,0.9999889731407166,0.5384166240692139,0.6957159042358398,-0.1794810742139816,0.9999623894691468,0.5356504321098328,0.6950743794441223,-0.179493710398674,0.9999657869338988,0.5330233573913574,0.6943084001541138,-0.1795098781585693,0.99996817111969,0.5459152460098267,0.6958153247833252,-0.1782603412866592,0.9999459981918336,0.548369288444519,0.6953607201576233,-0.1782669275999069,0.9999426007270812,0.5508573055267334,0.6948878169059753,-0.1782617717981338,0.9999408721923828,0.528805673122406,0.685787558555603,-0.1014689654111862,0.9999514818191528,0.5530638098716736,0.687350869178772,-0.095536395907402,0.9998636841773988,0.5373843908309937,0.6735043525695801,-0.1608827412128448,0.999987781047821,0.5479367971420288,0.6745731830596924,-0.1592109054327011,0.9999783039093018,0.5076592564582825,0.6087741255760193,-0.0476493053138256,0.99998939037323,0.5726446509361267,0.6081193089485168,-0.0335388965904712,0.9999370574951172,0.4978007376194,0.507382869720459,-0.0087790405377745,0.9896889925003052,0.5787738561630249,0.5096573233604431,0.0056119412183761,0.9501115679740906,0.4924933314323425,0.4241721332073211,-0.0780259668827056,0.9840083122253418,0.5848538279533386,0.4263885617256164,-0.0586301572620868,0.9407058358192444,0.4879745841026306,0.3959969282150268,-0.1004012301564216,0.9667019248008728,0.5883849859237671,0.3991861045360565,-0.0801412165164947,0.901154637336731,0.4929471611976623,0.3956977128982544,-0.1262712925672531,0.9693668484687804,0.5850575566291809,0.3988208174705505,-0.1089196354150772,0.9083531498908995,0.4963545501232147,0.403876930475235,-0.089854247868061,0.9616438746452332,0.5828575491905212,0.4069600999355316,-0.0718391835689544,0.8994858264923096,0.5207678079605103,0.4301195442676544,-0.0067294747568666,0.999797821044922,0.5618141293525696,0.4285924136638641,0.0066914134658873,0.9996752142906188,0.5204504728317261,0.2715587615966797,-0.0333855636417865,0.9730034470558168,0.5628530979156494,0.2724375128746032,-0.0155005874112248,0.9519221186637878,0.5249097943305969,0.1275342851877212,0.0615510232746601,0.9746288657188416,0.5551294088363647,0.1296405792236328,0.0819726064801216,0.9480708241462708,0.5275996923446655,0.11090137809515,0.0643785595893859,0.6129440665245056,0.551633894443512,0.1140518710017204,0.085514023900032,0.625140368938446,0.5274816751480103,0.0773083046078682,-0.0446984097361564,0.960808038711548,0.5560112595558167,0.0784862115979194,-0.0156352594494819,0.9432935118675232,hoyeon_stand_normal_01,11.03447075,8.37903975,6.9129035000000005,8.7392775,10.1797995,10.68678125,10.6434595,10.31655125,9.914609,9.126037,9.092361749999998,9.5470665,9.4794845,9.120574,8.749864,8.1031675,8.6588925,9.8826025,12.57942075,15.703099000000002,18.338990000000003,20.38136325,21.853211,21.10017275,20.098075,9.0795865,6.689926250000001,8.81225775,10.560934,12.09443725,12.835085500000002,13.64223425,12.99575,12.14833475,11.41858225,11.01316125,10.456173,8.853309,7.776885,6.32332025,4.52572525,4.15036775,6.15036775,8.173695,10.3429195,12.0974825,13.12395175,14.013253249999998,13.27085175,13.584078,13.66934025,13.300062,12.0,14.035669,14.317821,14.56022,14.866069,14.764823,14.422205,14.21267,14.866069,13.453624,14.21267,13.601471,13.038405,12.529964,12.083046,10.77033,9.219544,7.0,6.324555,5.656854,7.28011,10.0,12.165525,14.317821,16.763055,18.681542,16.492423,18.11077,18.0,18.248288,16.763055,13.892444,10.630146,7.615773,6.082763,6.403124,8.544004,10.049876,12.041595,13.341664,14.866069,16.155494,15.652476,15.652476,15.264338,13.892444,12.529964,10.77033,8.246211,6.082763,5.656854,7.615773,16.070605999999998,14.8884415,13.55483525,12.15309375,10.9905135,10.71308225,10.67555775,11.5167235,11.928351500000002,12.5431285,13.14486425,14.00722525,13.98088525,14.62041175,15.644147,15.557135,16.697927999999997,15.46267125,14.6289835,13.541815499999998,11.327939,9.93305575,10.8070475,12.6441045,14.216415,15.3021335,10.39729825,9.02828175,8.603296499999999,9.02458825,10.58526975,11.750797,13.6093045,14.1693445,15.00174375,15.38995725,14.850781,14.13326025,13.59624325,12.8873075,11.7584535,11.1611895,10.7477065,10.69866525,10.10849525,10.99529375,12.01933625,12.76316125,14.34154275,15.3263155,15.95722075,16.16534625
hoyeon_stand_normal_01,3471,1157,115.70632240437158,29.998360745314464,10,0.5426256656646729,0.6864027976989746,-0.1962659806013107,0.999988853931427,0.5384623408317566,0.6957463622093201,-0.1851294338703155,0.9999619722366332,0.535685122013092,0.6951025128364563,-0.1851399689912796,0.9999654293060304,0.533046543598175,0.6943358778953552,-0.1851562857627868,0.9999678134918212,0.5459778904914856,0.6958311796188354,-0.1838757097721099,0.99994558095932,0.5484362840652466,0.6953712701797485,-0.1838844567537307,0.999942183494568,0.5509188175201416,0.6948948502540588,-0.1838802546262741,0.9999405145645142,0.5288227796554565,0.6858156323432922,-0.1068733260035514,0.9999510645866394,0.5531033873558044,0.6873618364334106,-0.1007351577281951,0.9998629093170166,0.537409245967865,0.6735207438468933,-0.1661805957555771,0.9999877214431764,0.5479899048805237,0.6745812892913818,-0.1644563227891922,0.999978244304657,0.5076721906661987,0.6087497472763062,-0.0521902851760387,0.9999892711639404,0.572693943977356,0.6081141233444214,-0.0375815071165561,0.9999371767044068,0.4978033304214477,0.5073099136352539,-0.0136558171361684,0.989679217338562,0.5787944793701172,0.5095934867858887,0.0019245562143623,0.9502165913581848,0.4925404191017151,0.424058049917221,-0.0819477662444114,0.9838286638259888,0.5848821997642517,0.4260173439979553,-0.0620304904878139,0.9405769109725952,0.4880194664001465,0.3959988057613373,-0.1039525121450424,0.9663453698158264,0.5884329676628113,0.3988081216812134,-0.0834942385554313,0.9008588194847108,0.4929583966732025,0.3956954777240753,-0.1300919353961944,0.9690402746200562,0.585102379322052,0.3983610570430755,-0.1121380627155304,0.9080763459205629,0.4963651895523071,0.4038700461387634,-0.0938311740756034,0.9612998366355896,0.5828932523727417,0.4065700173377991,-0.075190745294094,0.8992061018943787,0.520781934261322,0.4301183521747589,-0.006741193588823,0.9997947812080384,0.5618187189102173,0.4286080002784729,0.0067025362513959,0.999671757221222,0.5205143690109253,0.2716290652751922,-0.0333968326449394,0.9729382395744324,0.5628461837768555,0.2724429666996002,-0.0154584003612399,0.95184326171875,0.5249056220054626,0.1280944049358368,0.0632777139544487,0.9743903279304504,0.5550962090492249,0.1297939419746399,0.0825484991073608,0.9477899074554444,0.5275794863700867,0.1119992062449455,0.0664337649941444,0.6109005808830261,0.5516270995140076,0.1146188452839851,0.086188830435276,0.6242848038673401,0.5274764895439148,0.0773256719112396,-0.0425360985100269,0.9604642391204834,0.555817723274231,0.0784883350133895,-0.01508729159832,0.942976176738739,hoyeon_stand_normal_01,13.1246695,12.2859435,10.220256,11.075431,11.140055,10.7434165,9.885165,8.4265465,7.622662,6.59017,7.004383499999999,8.323803,9.472136,9.994937,10.499728,10.82117,11.486833,11.765205000000002,13.7570875,15.59481,16.980264000000002,17.9154075,17.706422,16.5683345,15.844559,16.159173,8.907716500000001,9.5622575,10.826238,11.6589105,11.35235,11.1289745,10.180112,8.485281500000001,8.2769445,8.684658500000001,9.732006,9.460407,9.471007,8.5235345,7.637236499999999,7.3007355,8.3007355,9.276322,10.635963,11.042019,10.9508445,10.5622575,8.8216585,10.405100999999998,12.4726115,13.4308905,15.1485295,14.006922,12.5207975,11.239279,9.534201,8.7328775,7.1055515,6.082763,5.415476,4.736068,5.283598,6.2281165000000005,7.566663,8.7434165,10.9513695,12.8928625,15.342367499999998,16.405694,17.7227835,18.447859,18.447859,18.1661055,16.824175,14.7910795,12.5607255,9.880463,5.2238305,4.3027755,5.6925825,8.272002,11.291047,13.691006,15.0373405,15.731932,15.633644,15.0582845,13.303285,11.6259585,8.7169905,6.8078865,4.7541355,1.825141,1.2071070000000002,3.4757665,6.45101,9.3261005,12.1093725,14.46287,16.326238,17.2764725,18.457421,17.513878,15.023969,14.644137,13.9567245,13.1258475,12.132169,11.9921835,11.4516205,11.631693,11.650147,11.632633,11.4236595,11.735629500000002,11.5605515,11.7479675,12.5,13.086514,14.714313999999998,14.4329195,14.940146,14.714313999999998,14.111874,13.4629875,14.543027,15.09017,15.091166,15.080092,10.5965575,10.4407905,10.803469,11.3409725,12.1705395,12.456233,13.076473,13.205943,12.8862445,12.7521585,11.701562,11.2371345,11.0679715,10.641869,10.363961,10.156854,10.315073,10.2169905,10.2169905,10.9452265,11.8731475,12.1846585,13.1589105,14.160208,14.4501925,14.0824045
hoyeon_stand_normal_01,3474,1158,115.80632786885246,29.998360745314464,10,0.5426750779151917,0.6864119172096252,-0.2012633234262466,0.9999886751174928,0.5385046601295471,0.6957538723945618,-0.1903562843799591,0.999961256980896,0.5357182025909424,0.6951121687889099,-0.1903659403324127,0.9999648332595824,0.5330712199211121,0.6943470239639282,-0.1903835386037826,0.9999672174453736,0.5460361242294312,0.6958373188972473,-0.1890903413295745,0.9999447464942932,0.5484996438026428,0.6953770518302917,-0.1890987753868103,0.999941349029541,0.5509771704673767,0.6949000358581543,-0.1890948414802551,0.9999396204948424,0.5288451910018921,0.6858332753181458,-0.1123474463820457,0.9999504685401917,0.5531432032585144,0.6873735785484314,-0.1061456501483917,0.9998613595962524,0.5374438762664795,0.6735284328460693,-0.1711758822202682,0.999987542629242,0.5480376482009888,0.6745883226394653,-0.1694348603487014,0.9999779462814332,0.5076905488967896,0.6087477803230286,-0.0570393651723861,0.999989092350006,0.5727395415306091,0.6081042289733887,-0.0418700687587261,0.999936819076538,0.4978065192699432,0.5073135495185852,-0.017878208309412,0.98967045545578,0.5788322687149048,0.5095387697219849,-0.0016265797894448,0.9502543807029724,0.4926119446754455,0.4240421950817108,-0.0851736962795257,0.9836726188659668,0.5848991274833679,0.4257709383964538,-0.0648044794797897,0.9403414130210876,0.4881040155887604,0.3960090577602386,-0.1068136021494865,0.9660423994064332,0.5884606838226318,0.398569107055664,-0.0859855562448501,0.9003930687904358,0.4929713606834411,0.3957008421421051,-0.1331077516078949,0.9687621593475342,0.5851315855979919,0.3980376422405243,-0.1145907863974571,0.9076324105262756,0.4963780641555786,0.4038761556148529,-0.0970702916383743,0.9610335230827332,0.5829158425331116,0.4062938094139099,-0.0779231563210487,0.8987797498703003,0.5207973122596741,0.4301645159721374,-0.0068423659540712,0.9997901916503906,0.5618221759796143,0.4286835491657257,0.0068024252541363,0.9996650218963624,0.5206664204597473,0.2717931270599365,-0.0337138138711452,0.9724960923194884,0.5628475546836853,0.2724452018737793,-0.0153126781806349,0.951087236404419,0.5249072909355164,0.128406211733818,0.0631961375474929,0.9736825227737428,0.5551024079322815,0.13041453063488,0.0825055837631225,0.9464861750602722,0.5275606513023376,0.1121392250061035,0.0664029940962791,0.6055129170417786,0.5516270399093628,0.1157142221927642,0.0861447378993034,0.6205610036849976,0.5276761651039124,0.0774822980165481,-0.0426230393350124,0.959384262561798,0.5557559728622437,0.0785675197839737,-0.0150979422032833,0.9416082501411438,hoyeon_stand_normal_01,18.601075,19.849433,19.104973,17.691806,15.556349,12.727922,9.899495,7.211103,4.472136,3.162278,3.605551,6.082763,8.0,11.045361,13.152946,16.278821,18.439089,20.396078,21.377558,21.213203,20.223748,18.248288,14.56022,10.29563,7.81025,9.055385,16.03122,16.278821,16.492423,14.866069,13.0,10.29563,6.708204,4.123106,1.414214,4.0,6.082763,8.246211,9.486833,10.440307,12.369317,12.165525,12.041595,12.041595,11.0,10.049876,7.071068,4.123106,4.123106,8.544004,13.416408,15.77083025,16.124515,15.033296,14.035669,12.165525,10.440307,8.944272,7.81025,6.403124,5.385165,4.0,4.472136,5.656854,5.830952,8.544004,10.198039,12.041595,14.035669,16.0,17.0,18.027756,18.027756,17.029386,16.03122,15.033296,12.041595,9.055385,6.403124,5.385165,5.385165,8.485281,10.29563,12.649111,14.142136,15.033296,15.033296,14.142136,12.369317,10.440307,8.544004,6.708204,3.605551,1.414214,2.236068,4.0,7.28011,10.440307,12.649111,14.866069,17.088007,18.027756,18.973666,18.681542,16.763055,15.811388,14.56022,12.165525,11.0,10.049876,10.440307,11.7047,13.0,13.928388,14.866069,16.492423,17.262677,19.026298,19.026298,19.235384,18.439089,17.720045,15.811388,12.649111,10.198039,7.28011,7.81025,10.29563,13.0,14.866069,10.049876,8.246211,7.211103,7.81025,9.848858,12.165525,14.142136,16.278821,17.262677,17.720045,18.027756,17.088007,16.552945,15.652476,13.892444,13.038405,11.661904,11.18034,11.7047,11.401754,12.165525,14.142136,15.132746,17.117243,18.248288,18.439089
hoyeon_stand_normal_01,3477,1159,115.90633333333334,29.998360745314464,10,0.5427263379096985,0.6864200830459595,-0.2033921182155609,0.9999886751174928,0.5385538935661316,0.6957614421844482,-0.192460224032402,0.9999611377716064,0.5357590913772583,0.6951186060905457,-0.1924683898687362,0.9999647736549376,0.5331026315689087,0.6943521499633789,-0.1924855560064315,0.999967098236084,0.546093761920929,0.6958459615707397,-0.1912359148263931,0.9999446272850036,0.5485597848892212,0.6953849792480469,-0.1912439614534378,0.999941349029541,0.5510293245315552,0.6949054002761841,-0.1912405788898468,0.9999396204948424,0.5288721323013306,0.6858450770378113,-0.1138771623373031,0.9999504685401917,0.5531783699989319,0.6873806715011597,-0.1078591048717498,0.999861478805542,0.5374745726585388,0.673535168170929,-0.1730522364377975,0.999987542629242,0.548080563545227,0.674593448638916,-0.1713692396879196,0.9999779462814332,0.5077230334281921,0.6087246537208557,-0.0571493059396743,0.9999890327453612,0.5727589130401611,0.6080846786499023,-0.0430935025215148,0.9999369978904724,0.497811883687973,0.5073097944259644,-0.0166784338653087,0.98965984582901,0.5788757801055908,0.5094978213310242,-0.0019365402404218,0.9504748582839966,0.4926538169384002,0.4240308403968811,-0.0846754983067512,0.983517289161682,0.5849199295043945,0.4256199300289154,-0.0653289034962654,0.940325140953064,0.4881462752819061,0.3960192501544952,-0.1064462885260582,0.9657186269760132,0.5884877443313599,0.3984812200069427,-0.086504191160202,0.9002402424812317,0.4929728209972381,0.3957065939903259,-0.1329786330461502,0.9684780836105348,0.5851643681526184,0.3979112207889557,-0.1153518185019493,0.9074960947036744,0.4963806271553039,0.4038810431957245,-0.0965461581945419,0.9607172608375548,0.5829454660415649,0.4061681926250458,-0.0785367414355278,0.8986548781394958,0.5208296179771423,0.4301638603210449,-0.0068418416194617,0.9997881650924684,0.5618321299552917,0.4286917448043823,0.006801844574511,0.9996626377105712,0.5207250714302063,0.2718398869037628,-0.0336877666413784,0.9724546670913696,0.5628491640090942,0.2724563181400299,-0.0152967255562543,0.9510384798049928,0.5249007940292358,0.1285557597875595,0.0640271976590156,0.9735245108604432,0.5551169514656067,0.1305635869503021,0.0830367878079414,0.946215033531189,0.5275368690490723,0.1121518909931182,0.0672643259167671,0.6037399172782898,0.5516675114631653,0.1160972490906715,0.0867460146546363,0.6196810007095337,0.527674674987793,0.0774959847331047,-0.0421228185296058,0.959083616733551,0.5557117462158203,0.0785667449235916,-0.0148109663277864,0.941295564174652,hoyeon_stand_normal_01,10.0,5.09902,1.414214,3.605551,8.062258,10.77033,11.7047,13.0,13.601471,13.341664,13.341664,12.165525,11.045361,10.0,9.219544,7.615773,6.403124,7.071068,9.486833,14.422205,19.209373,24.083189,26.907248,29.832868,30.610456,30.0,1.414214,5.385165,8.944272,13.0,15.652476,17.492856,18.601075,18.601075,18.439089,16.278821,14.142136,12.041595,9.219544,7.071068,3.605551,1.0,3.162278,6.324555,10.77033,13.928388,16.763055,19.646883,20.615528,21.377558,21.213203,18.11077,16.155494,14.764823,13.601471,12.041595,10.630146,9.433981,8.544004,7.071068,6.082763,5.385165,5.656854,5.830952,7.28011,9.0,10.049876,12.165525,13.341664,15.524175,16.763055,17.720045,18.027756,17.088007,15.811388,13.928388,11.7047,8.544004,5.09902,4.472136,5.385165,7.071068,9.848858,12.206556,14.142136,15.0,14.422205,13.416408,12.083046,10.440307,8.246211,6.0,4.123106,1.414214,2.236068,5.0,7.615773,10.440307,12.369317,15.524175,16.492423,18.439089,18.439089,18.439089,16.155494,14.866069,13.416408,10.816654,10.0,9.219544,10.29563,11.18034,12.083046,14.317821,15.652476,16.643317,17.804494,18.384776,18.439089,18.601075,18.35756,15.652476,14.317821,11.18034,8.602325,6.708204,8.0,10.77033,13.416408,15.652476,8.602325,7.071068,5.830952,6.0,8.544004,11.18034,13.892444,14.764823,16.552945,17.464249,17.088007,16.763055,15.524175,14.317821,13.152946,12.165525,11.18034,10.440307,10.440307,10.77033,11.661904,13.038405,15.264338,16.643317,17.492856,17.888544
hoyeon_stand_normal_01,3480,1160,116.0063387978142,29.998360745314464,10,0.54273921251297,0.6864217519760132,-0.2001964449882507,0.9999884963035583,0.5385627150535583,0.6957688927650452,-0.1889985054731369,0.9999606013298036,0.5357663035392761,0.6951276659965515,-0.1890079230070114,0.9999642372131348,0.5331066250801086,0.6943615674972534,-0.189026191830635,0.999966561794281,0.5461124777793884,0.6958519816398621,-0.1880107372999191,0.999944031238556,0.5485820174217224,0.6953908205032349,-0.1880213469266891,0.9999407529830932,0.5510529279708862,0.6949087977409363,-0.1880184113979339,0.9999391436576844,0.528888463973999,0.6858563423156738,-0.1098689585924148,0.9999496936798096,0.5532106757164001,0.6873863339424133,-0.1049205586314201,0.99986070394516,0.5374828577041626,0.6735354661941528,-0.1696853339672088,0.9999873638153076,0.5480972528457642,0.6745939254760742,-0.16830375790596,0.9999777674674988,0.5077539682388306,0.6087119579315186,-0.053322535008192,0.9999889135360718,0.5727851390838623,0.6080600023269653,-0.0414411984384059,0.9999370574951172,0.4978401064872741,0.5073029398918152,-0.0130512723699212,0.9895145893096924,0.5789697766304016,0.5094561576843262,-0.0016018319875001,0.950557827949524,0.4926976263523102,0.4239904880523681,-0.0803991258144378,0.98320335149765,0.584952175617218,0.4255678355693817,-0.0651390105485916,0.9401214718818665,0.4881766736507416,0.396023690700531,-0.1019251570105552,0.965149700641632,0.5885077118873596,0.3984587490558624,-0.0864094197750091,0.8998262286186218,0.4929752051830292,0.3957105875015259,-0.1281614005565643,0.9679563045501708,0.5852096676826477,0.3978873193264007,-0.114982008934021,0.9071085453033448,0.4963838160037994,0.4038811326026916,-0.092271015048027,0.9601173996925354,0.5829979777336121,0.4061385989189148,-0.0782367959618568,0.898245632648468,0.5208404064178467,0.4301645159721374,-0.0067599508911371,0.999786913394928,0.5618486404418945,0.4286922812461853,0.0067193219438195,0.9996610283851624,0.5207481980323792,0.2719470858573913,-0.0336723290383815,0.9723095893859864,0.5628487467765808,0.2723921537399292,-0.0155611829832196,0.9506425857543944,0.5249008536338806,0.1285734474658966,0.0643511041998863,0.973306119441986,0.5551193952560425,0.1306533217430114,0.0830367878079414,0.945779025554657,0.5275183320045471,0.1121933236718177,0.0676119029521942,0.6017482280731201,0.5516691207885742,0.1162002459168434,0.0867573097348213,0.6180351376533508,0.527678370475769,0.0775176510214805,-0.0416634455323219,0.958753764629364,0.5556476712226868,0.0785678103566169,-0.0148159582167863,0.9409019947052002,hoyeon_stand_normal_01,9.486833,4.472136,1.414214,5.0,9.0,12.0,14.035669,15.033296,16.124515,16.124515,15.297059,14.317821,13.601471,12.083046,10.816654,8.485281,6.708204,6.082763,9.219544,13.038405,18.788294,23.4094,27.856777,30.463092,30.870698,29.966648,2.828427,5.385165,9.486833,12.649111,16.155494,18.384776,20.124612,20.124612,19.723083,18.027756,16.401219,13.601471,10.630146,7.81025,4.242641,1.414214,2.828427,5.656854,9.219544,12.806248,16.401219,19.416488,21.095023,21.470911,21.023796,18.788294,15.7830555,14.5580005,13.06113425,11.48630125,10.42514975,9.2579445,7.9016155,6.717453750000001,5.87252025,5.5595645000000005,5.76333125,6.49647025,7.852189000000001,9.5243835,11.08697575,12.84236375,14.591756,16.15767025,17.75396475,18.23245975,18.61842325,17.91644075,16.79944875,14.803209249999998,12.3905865,9.51409425,4.667544,3.92802525,5.650320499999999,7.624097499999999,10.63499,13.03917975,14.75937925,15.66863425,15.25003625,14.299277,12.77730675,11.238657750000002,8.90868325,6.6926155000000005,4.561553,1.766124,1.7215875,4.2905695,6.849268,9.855708,12.12123225,14.7441845,16.38444775,17.969544499999998,18.1916805,17.84295325,16.278821,14.317821,12.369317,11.7047,9.433981,9.219544,9.219544,10.816654,12.206556,13.601471,15.620499,16.278821,17.029386,18.027756,18.35756,18.384776,18.027756,16.492423,14.317821,11.401754,7.615773,5.830952,7.0,10.440307,13.928388,15.811388,9.848858,8.062258,7.211103,7.28011,9.055385,11.18034,13.601471,15.524175,17.464249,17.464249,18.11077,17.029386,16.03122,14.0,13.038405,12.041595,11.045361,10.0,10.049876,10.198039,11.7047,13.0,14.866069,16.155494,17.088007,17.720045
hoyeon_stand_normal_01,3483,1161,116.10634426229508,29.998360745314464,10,0.5427447557449341,0.6863986253738403,-0.2045107930898666,0.9999884366989136,0.5385692715644836,0.6957635879516602,-0.1934405267238617,0.9999603033065796,0.5357736945152283,0.6951260566711426,-0.1934490203857422,0.9999639987945556,0.5331144332885742,0.6943604350090027,-0.193466454744339,0.9999662637710572,0.5461168885231018,0.6958512663841248,-0.1924877017736435,0.9999436736106871,0.5485869646072388,0.6953927278518677,-0.1924981325864792,0.9999405145645142,0.5510593056678772,0.6949092149734497,-0.1924957185983657,0.9999388456344604,0.5288938283920288,0.6858627200126648,-0.1140293926000595,0.9999493360519408,0.5532251000404358,0.6873911619186401,-0.1093428954482078,0.999860405921936,0.5374864935874939,0.6735086441040039,-0.1738444864749908,0.9999873042106628,0.5481067299842834,0.674568235874176,-0.1725418716669082,0.9999776482582092,0.5077707767486572,0.6086827516555786,-0.0562414340674877,0.9999887943267822,0.5728160738945007,0.6080451607704163,-0.0447899661958217,0.9999370574951172,0.497860312461853,0.507304310798645,-0.0145459473133087,0.9894590973854064,0.5790203213691711,0.5094380378723145,-0.0040860618464648,0.9508019089698792,0.4927493035793304,0.4239857494831085,-0.0814706906676292,0.9830240607261658,0.5849767923355103,0.4255328774452209,-0.06716138869524,0.9400403499603271,0.4882208108901977,0.3960448801517486,-0.1027700006961822,0.9647773504257202,0.5885254144668579,0.3984370827674866,-0.0883365198969841,0.8995417952537537,0.4929854571819305,0.3957254886627197,-0.1291750371456146,0.9676233530044556,0.5852371454238892,0.397842139005661,-0.1170635446906089,0.9068491458892822,0.4963979423046112,0.4038922786712646,-0.093389980494976,0.959748387336731,0.5830256938934326,0.4060957729816437,-0.0802842453122139,0.8979657888412476,0.5208770036697388,0.4301728010177612,-0.0066406382247805,0.9997853636741638,0.561863362789154,0.4287171363830566,0.0065966378897428,0.9996584057807922,0.5207995772361755,0.2720542848110199,-0.0334822013974189,0.9719542264938354,0.5627762675285339,0.2724108397960663,-0.0155495982617139,0.9500010013580322,0.5249064564704895,0.1285242140293121,0.0646762400865554,0.9729472994804382,0.5551266074180603,0.1308386623859405,0.0831919163465499,0.9449766874313354,0.5275165438652039,0.1121395751833915,0.0679028257727623,0.599062979221344,0.5517117381095886,0.1165587082505226,0.0869451090693473,0.6151872277259827,0.5276848077774048,0.0775439217686653,-0.0415509268641471,0.9582579135894777,0.5554835796356201,0.0785868614912033,-0.0147498166188597,0.940205693244934,hoyeon_stand_normal_01,8.544004,4.472136,1.0,3.605551,6.403124,8.602325,10.816654,12.206556,12.206556,12.529964,12.083046,12.083046,10.77033,10.198039,8.062258,7.0,5.385165,5.830952,8.0,11.401754,15.231546,19.235384,22.825424,25.059928,25.495098,25.079872,2.0,5.0,7.211103,10.816654,13.038405,15.264338,15.652476,16.552945,16.155494,14.866069,13.601471,11.401754,9.219544,7.28011,4.123106,1.0,1.0,4.0,7.0,11.0,13.038405,16.124515,18.11077,18.248288,18.439089,15.524175,15.410617,14.351178,12.5207975,10.9310075,10.2201535,9.081908,7.259227,6.3638395,5.6622775,5.733964,5.8698085,7.1619885,8.424268000000001,10.048767,12.1240755,13.5192025,15.841848,16.791165499999998,18.7448745,18.7448745,19.2090905,18.7448745,17.7875095,15.678030499999998,13.076473,10.4841845,4.236068,3.3839145000000004,5.915476,8.177126999999999,11.421122,13.8718035,15.3766225,16.3372685,16.0778675,15.182146,13.4715675,12.0370085,9.5711555,7.385231,5.0,2.118034,1.2071070000000002,3.5811390000000003,6.082763,9.271109,11.8731475,13.964194,16.2764725,17.5,17.944271999999998,17.2468175,15.001345,14.7111025,13.6142265,13.289023,12.632169,11.6832385,11.1465405,11.119817,11.3978355,10.8191135,10.815644,10.906174,10.736068,11.013878,11.99312,13.4576115,14.5346175,14.878654,14.8845095,14.54678,14.167357,13.5666035,13.7642835,14.617692,14.903124,14.7243965,12.106335,11.8413785,11.7361435,12.2423805,13.074461499999998,14.0225355,14.606335,14.5425345,14.21732,13.2565185,12.6194295,11.6622775,11.326238,10.6944445,10.6231055,10.5965575,10.5957665,11.291047,10.848692,11.109204,11.7216745,12.579162,13.2853845,13.7295805,14.676855,15.240341999999998
hoyeon_stand_normal_01,3489,1163,116.30635519125684,29.998360745314464,10,0.5427656173706055,0.6863914728164673,-0.2028584331274032,0.9999882578849792,0.5385850667953491,0.6957653164863586,-0.1917319297790527,0.9999597668647766,0.5357876420021057,0.6951308250427246,-0.1917412728071212,0.9999635219573976,0.5331270098686218,0.6943655610084534,-0.1917581856250763,0.9999657869338988,0.5461360216140747,0.6958558559417725,-0.1906767636537552,0.9999428391456604,0.5486050248146057,0.6953991651535034,-0.1906859129667282,0.9999396800994872,0.5510764718055725,0.6949136257171631,-0.1906826943159103,0.9999379515647888,0.5289098024368286,0.6858712434768677,-0.1126095205545425,0.9999487400054932,0.55324387550354,0.6873980164527893,-0.1074514538049697,0.9998582005500792,0.5375061631202698,0.673500120639801,-0.1723742634057998,0.9999871253967284,0.5481307506561279,0.6745579242706299,-0.1709352135658264,0.9999772906303406,0.5078103542327881,0.6086227297782898,-0.0560754463076591,0.999988615512848,0.572839081287384,0.6079692840576172,-0.0433143116533756,0.999936044216156,0.497909814119339,0.5072569251060486,-0.0155267920345067,0.989374577999115,0.5790655016899109,0.5093584060668945,-0.0028382448945194,0.950368583202362,0.4927811622619629,0.4239350855350494,-0.0826932191848754,0.9827668070793152,0.5850151181221008,0.4254490733146667,-0.0661758556962013,0.9389833807945251,0.4882551431655884,0.3960771560668945,-0.1040229126811027,0.9642705917358398,0.5885495543479919,0.3983888328075409,-0.0874082744121551,0.897881269454956,0.493000715970993,0.3957436680793762,-0.1305456161499023,0.9671602249145508,0.5852677822113037,0.3977410495281219,-0.1162189468741417,0.9053097367286682,0.4964128136634826,0.4038983881473541,-0.0946523398160934,0.9592081904411316,0.5830546617507935,0.4060018658638,-0.0793673619627952,0.896384060382843,0.5209433436393738,0.4301211237907409,-0.0066390573047101,0.999783217906952,0.5619465112686157,0.4286289811134338,0.0065947091206908,0.9996540546417236,0.5207964181900024,0.2719250321388244,-0.0334086269140243,0.9715592861175536,0.5627791285514832,0.2724062204360962,-0.0153187848627567,0.9493555426597596,0.5248976349830627,0.1280630677938461,0.0641222447156906,0.9726484417915344,0.5551194548606873,0.1308422237634658,0.0833584144711494,0.9442599415779114,0.5274758338928223,0.1117246523499488,0.0671936050057411,0.5962247252464294,0.5517105460166931,0.116365373134613,0.087080031633377,0.6127225756645203,0.5276689529418945,0.0775482282042503,-0.0425960421562194,0.957857072353363,0.5553767085075378,0.0786658078432083,-0.0146693438291549,0.9396185874938964,hoyeon_stand_normal_01,15.344928333333334,15.352369666666666,13.635696333333334,13.109211,12.671353333333334,11.409933,9.689467333333331,7.824355333333334,6.187804333333333,5.389558666666666,6.134914666666667,7.010213666666666,8.217492,9.693889,10.628639333333334,11.903748,13.116499000000005,14.297386,15.799737,16.916321,17.306183333333333,17.292726,16.2219,14.794683333333332,13.457351333333335,13.695483333333334,10.965151666666666,11.583961333333333,12.858181333333334,12.934686333333332,12.001075,10.992887,8.807415333333333,6.719591666666666,5.883427333333334,7.121915666666666,7.9243466666666675,8.694890000000001,8.939807,9.372476,9.230235333333331,8.725188333333334,9.261429333333334,10.066671666666666,10.428064333333332,10.343066,9.200216,8.123991333333334,7.872955,10.886211,13.249063666666666,14.8492425,14.5974555,14.076473,14.0889025,13.6846585,12.4029995,11.875901,10.7058605,10.165756,9.6388045,9.3007355,9.493318,9.555239,10.3323635,10.635963,11.240951,11.5929855,12.218883,12.334259499999998,12.5586215,12.8632715,14.1622585,14.756262,15.460915,15.342886,15.4634745,14.419085,11.5413815,11.513878,12.2195445,12.8217645,13.330683,13.073956,12.3068405,11.151307,9.7620875,9.76985,10.0547365,10.0276925,10.200877,10.035534,8.769757,8.339276,8.207107,9.5,10.641869,11.75175,12.5972705,11.949692,11.9854405,11.7690545,12.536671,12.9320305,14.4490065,13.8857225,13.669327,13.2462115,12.6865165,11.889882,11.8007355,11.8245555,11.385165,10.972136,11.3245345,11.301688,10.7462115,11.563388,12.145834,12.919003,14.0106525,14.329452,14.632506,14.328951,13.210238,13.307764,14.1642675,15.214568,14.917817,15.3069445,11.317976000000002,10.987963,11.103639,11.224535,12.622821,12.947242,13.673034,13.2639865,13.0638395,13.117905,11.7361435,11.36304,11.259796,10.987963,10.5076225,10.199942,10.0975625,10.0320635,10.6305695,10.970545,11.7216745,12.4239215,12.821533,14.221407,14.617971,14.436073
hoyeon_stand_normal_01,3492,1164,116.4063606557377,29.998360745314464,10,0.5427694320678711,0.6864203214645386,-0.1992082744836807,0.9999881982803344,0.538584291934967,0.6957764029502869,-0.1878096461296081,0.9999595284461976,0.5357893705368042,0.6951372027397156,-0.1878209412097931,0.9999633431434632,0.5331293344497681,0.6943687200546265,-0.1878361254930496,0.9999656081199646,0.5461375713348389,0.6958793997764587,-0.1869084537029266,0.9999424815177916,0.5486040115356445,0.6954226493835449,-0.1869173049926757,0.9999393224716188,0.5510773062705994,0.6949405074119568,-0.1869146078824997,0.9999375343322754,0.5289180278778076,0.6858758330345154,-0.1083336621522903,0.9999483227729796,0.5532529354095459,0.6874117255210876,-0.1038950532674789,0.9998574256896972,0.5375083684921265,0.6735259294509888,-0.1686996668577194,0.9999870657920836,0.5481339693069458,0.674590528011322,-0.1674593240022659,0.999977171421051,0.5078182220458984,0.6086074709892273,-0.0530775301158428,0.999988615512848,0.5728579759597778,0.6079149842262268,-0.041147731244564,0.9999358654022216,0.497927576303482,0.5072198510169983,-0.0141432909294962,0.9892786741256714,0.57908034324646,0.5093321204185486,-0.0016622211551293,0.9503795504570008,0.4928003847599029,0.4239318966865539,-0.0826361104846,0.98265540599823,0.5850335359573364,0.4254086911678314,-0.06504637748003,0.938764989376068,0.4882622957229614,0.3961004018783569,-0.1039114892482757,0.9640902280807496,0.5885556936264038,0.3983702957630157,-0.0863796770572662,0.8974893689155579,0.4930078089237213,0.3957639932632446,-0.1304264366626739,0.9670015573501588,0.5852794647216797,0.3977044820785522,-0.1151817515492439,0.9049582481384276,0.4964218437671661,0.4039085805416107,-0.0945720300078392,0.9590184688568116,0.5830692648887634,0.4059687256813049,-0.0782518088817596,0.8960376381874084,0.5209429860115051,0.4300254583358764,-0.0065725445747375,0.9997841119766236,0.5619511008262634,0.4284206926822662,0.0065279812552034,0.9996548295021056,0.5207824110984802,0.2716774344444275,-0.0332831591367721,0.9713727831840516,0.5627020597457886,0.2722169756889343,-0.0153145669028162,0.948978304862976,0.5249074697494507,0.127721831202507,0.0644824206829071,0.9725942015647888,0.5550971627235413,0.1307259649038314,0.0836846306920051,0.9440422654151917,0.5274838805198669,0.1114467605948448,0.0675969645380973,0.5963650345802307,0.5517136454582214,0.1159728020429611,0.0874595418572425,0.6118137836456299,0.5276768207550049,0.0772310867905616,-0.0421627759933471,0.9578858017921448,0.5553625822067261,0.0786573067307472,-0.0142398383468389,0.9395496249198914,hoyeon_stand_normal_01,13.152946,7.071068,2.236068,5.830952,9.848858,13.601471,15.811388,16.763055,17.464249,17.464249,16.278821,16.124515,14.0,13.038405,11.401754,8.944272,8.602325,8.0,12.083046,17.204651,23.345235,29.0,34.655447,37.48333,38.209946,36.796739,2.828427,6.324555,11.7047,16.155494,19.697716,22.825424,24.186773,24.413111,23.600847,22.022716,19.104973,16.278821,12.727922,8.485281,5.0,1.0,3.162278,8.062258,12.083046,17.464249,21.540659,24.698178,27.202941,28.861739,26.476405,23.194827,15.033296,13.0,12.165525,10.440307,8.944272,8.602325,7.071068,5.830952,5.09902,5.09902,5.830952,6.403124,7.211103,8.944272,10.77033,12.369317,15.297059,16.278821,17.262677,18.248288,18.248288,18.11077,17.117243,15.132746,13.152946,10.049876,4.123106,4.472136,5.09902,8.062258,11.313708,13.601471,14.764823,16.155494,15.811388,14.317821,13.038405,11.045361,9.0,7.0,4.123106,2.236068,1.0,3.0,6.082763,9.219544,11.18034,14.317821,15.297059,16.492423,17.464249,16.278821,17.029386,15.0,14.035669,11.18034,10.440307,10.29563,10.0,12.041595,12.727922,14.866069,15.620499,16.643317,18.35756,19.313208,19.924859,19.416488,19.104973,17.029386,15.0,12.0,8.246211,6.403124,7.28011,10.0,13.038405,16.124515,9.848858,9.433981,7.81025,7.615773,9.055385,12.041595,15.132746,16.124515,18.11077,19.0,18.0,18.027756,17.117243,15.297059,14.317821,13.341664,12.165525,11.18034,12.041595,12.0,12.041595,14.142136,15.297059,17.262677,18.11077,18.11077
hoyeon_stand_normal_01,3495,1165,116.50636612021856,29.998360745314464,10,0.5427747368812561,0.6864868998527527,-0.2007186859846115,0.9999882578849792,0.5385884046554565,0.6958138942718506,-0.1893169283866882,0.9999598264694214,0.5357940793037415,0.6951658725738525,-0.1893277019262313,0.9999635815620422,0.5331339836120605,0.6943919658660889,-0.1893438845872879,0.9999658465385436,0.5461425185203552,0.6959198117256165,-0.1883949190378189,0.9999427795410156,0.5486086010932922,0.6954548954963684,-0.1884030401706695,0.9999396800994872,0.5510820150375366,0.6949711441993713,-0.1883994936943054,0.9999378323554992,0.5289243459701538,0.6858882308006287,-0.1094833761453628,0.9999486804008484,0.5532599091529846,0.6874275207519531,-0.1049541682004928,0.9998579621315002,0.5375110507011414,0.6736077070236206,-0.170061856508255,0.9999871850013732,0.5481382012367249,0.6746549606323242,-0.168794110417366,0.9999772906303406,0.5078237056732178,0.6086062788963318,-0.0534632392227649,0.999988615512848,0.5728760957717896,0.6078664660453796,-0.0414183661341667,0.9999356865882874,0.4979324340820312,0.5071895122528076,-0.014063267968595,0.9893012046813964,0.5790868997573853,0.5092434287071228,-0.0014934883220121,0.9502835273742676,0.4928030371665954,0.4239019751548767,-0.0822202637791633,0.9826339483261108,0.5850409865379333,0.42536261677742,-0.0649745613336563,0.9384469389915466,0.4882661402225494,0.3961056172847748,-0.1034625768661499,0.964018702507019,0.5885604619979858,0.3983566761016845,-0.0863095670938491,0.8969957232475281,0.4930081367492676,0.395765095949173,-0.130102053284645,0.9669524431228638,0.5852848291397095,0.3976834714412689,-0.1152090951800346,0.9045180082321168,0.4964213371276855,0.403905838727951,-0.094193197786808,0.9589461088180542,0.5830730199813843,0.4059462249279022,-0.0782155692577362,0.8955515027046204,0.5209653973579407,0.4300098419189453,-0.0065514170564711,0.999784529209137,0.5619788765907288,0.4283771216869354,0.00650664139539,0.9996553659439088,0.5207829475402832,0.2716729938983917,-0.0331201180815696,0.9715367555618286,0.5626653432846069,0.2721756100654602,-0.0152962757274508,0.949284017086029,0.5249072909355164,0.1276857405900955,0.0653203278779983,0.9728778600692748,0.5550853610038757,0.1307225376367569,0.0843136981129646,0.9445826411247252,0.5274826288223267,0.1113010719418525,0.0684813931584358,0.5986853241920471,0.5517089366912842,0.1157905161380767,0.0881238728761673,0.6134829521179199,0.5276761651039124,0.0772256702184677,-0.0414692647755146,0.9582892656326294,0.5553654432296753,0.078664980828762,-0.0138201247900724,0.9401102662086488,hoyeon_stand_normal_01,12.806248,6.403124,3.162278,5.09902,10.0,14.035669,16.124515,17.117243,17.262677,17.464249,16.492423,15.811388,14.866069,13.416408,11.661904,9.219544,6.708204,7.28011,9.899495,14.764823,20.615528,26.570661,31.016125,34.176015,35.468296,34.014703,2.236068,5.0,10.049876,14.035669,17.029386,20.024984,22.022716,22.090722,21.213203,20.396078,17.464249,15.524175,11.401754,8.544004,4.472136,1.414214,3.162278,7.615773,11.18034,15.264338,19.416488,22.803509,25.612497,26.172505,25.455844,22.671568,15.132746,14.035669,12.041595,11.401754,10.77033,8.062258,7.81025,7.211103,6.324555,6.0,6.082763,6.708204,7.81025,9.899495,12.206556,13.038405,15.652476,17.0,18.788294,18.788294,18.788294,18.788294,17.888544,15.652476,13.416408,10.29563,4.0,2.828427,5.09902,7.211103,10.630146,13.038405,14.317821,14.866069,15.297059,14.142136,14.0,12.0,9.055385,7.28011,4.472136,2.236068,1.414214,3.162278,6.0,9.055385,11.401754,13.341664,15.811388,16.763055,17.720045,16.763055,11.7047,13.341664,13.601471,13.601471,13.601471,12.649111,12.083046,11.18034,8.944272,7.211103,5.830952,4.472136,4.0,4.472136,5.656854,7.81025,10.816654,13.038405,15.811388,17.804494,19.209373,19.849433,19.79899,19.104973,17.029386,14.21267,12.041595,14.21267,15.620499,16.278821,16.278821,14.866069,13.453624,11.313708,9.219544,7.211103,6.324555,5.0,5.09902,5.385165,6.708204,7.211103,8.602325,9.433981,10.0,10.816654,10.29563,10.816654,10.0,10.630146,10.630146,10.816654
hoyeon_stand_normal_01,3498,1166,116.60637158469945,29.998360745314464,10,0.5427771210670471,0.6865552067756653,-0.1945185363292694,0.9999882578849792,0.5385881066322327,0.695861279964447,-0.1829316020011901,0.9999597668647766,0.535795271396637,0.6952038407325745,-0.1829447299242019,0.9999634623527528,0.5331353545188904,0.6944243907928467,-0.1829601824283599,0.9999657869338988,0.5461453795433044,0.6959661245346069,-0.1819635778665542,0.9999426007270812,0.5486116409301758,0.6954912543296814,-0.1819699108600616,0.9999395608901978,0.5510861873626709,0.6950045228004456,-0.1819660812616348,0.9999377131462096,0.5289281010627747,0.6859084963798523,-0.1035958230495452,0.9999484419822692,0.5532662272453308,0.687443196773529,-0.0987239554524421,0.9998573064804076,0.537514865398407,0.6736829876899719,-0.1641421318054199,0.9999871850013732,0.548142671585083,0.6747133731842041,-0.1627827435731887,0.9999772906303406,0.5078312158584595,0.6086052060127258,-0.0485229827463626,0.9999885559082032,0.5728811621665955,0.6077855229377747,-0.0361786298453807,0.9999350905418396,0.4979355037212372,0.5070651769638062,-0.0079493029043078,0.9892743229866028,0.5790936946868896,0.5091060996055603,0.0040895291604101,0.9500370025634766,0.492805927991867,0.4238836467266083,-0.075076900422573,0.9826194047927856,0.5850439071655273,0.4253562986850738,-0.0604356452822685,0.9383676648139954,0.4882717728614807,0.396095871925354,-0.096205897629261,0.9640211462974548,0.588558554649353,0.3983518481254577,-0.0817138254642486,0.8970006108283997,0.493031769990921,0.3957651257514953,-0.1225413903594017,0.9669536352157592,0.5852892994880676,0.3976795077323913,-0.1106333807110786,0.9045267701148988,0.4964341819286346,0.4039070606231689,-0.0869146361947059,0.9589216113090516,0.5830767154693604,0.4059419631958008,-0.073692999780178,0.8955311179161072,0.5209810137748718,0.4294986724853515,-0.0065484591759741,0.9997853636741638,0.5620009899139404,0.4276347160339355,0.0065035270527005,0.9996559619903564,0.5207913517951965,0.2708992660045624,-0.0331116616725921,0.9720003604888916,0.5626832842826843,0.2715579271316528,-0.0152990818023681,0.9499301314353944,0.5249093174934387,0.1276678442955017,0.0668403729796409,0.9733425974845886,0.5550869107246399,0.1306364089250564,0.0856436789035797,0.9455050826072692,0.5274830460548401,0.1112747713923454,0.0702234953641891,0.6018486022949219,0.5517083406448364,0.1155386194586753,0.0896169170737266,0.6164819598197937,0.5276746153831482,0.0772270411252975,-0.0390965975821018,0.9589245319366456,0.5554608702659607,0.0786722674965858,-0.0120790805667638,0.9410746693611144,hoyeon_stand_normal_01,8.062258,3.605551,2.0,4.123106,7.071068,9.055385,11.045361,11.045361,12.0,12.0,12.041595,11.045361,10.198039,9.219544,8.544004,7.211103,5.830952,6.082763,7.615773,10.0,14.142136,17.691806,21.260292,22.671568,23.345235,22.627417,2.828427,5.09902,7.0,10.0,12.0,14.035669,15.132746,15.297059,15.297059,14.56022,12.649111,10.77033,8.544004,6.324555,3.162278,1.414214,1.414214,4.242641,6.403124,9.899495,12.727922,14.866069,16.401219,17.204651,16.643317,14.764823,15.185524999999998,15.9330345,14.9994075,15.106348,13.673692,12.908327,12.0428065,11.3381595,11.618136,10.2111025,10.37338,10.987963,11.401551,11.6811845,12.3660785,12.5016125,13.345230999999998,13.2321245,13.831349500000002,14.103164,14.229168,15.3320275,16.194164999999998,15.6560585,15.585761,15.103319,10.851631,11.345903,11.8500475,12.849397,13.7898545,13.779272,13.4283745,11.947297,10.7081925,10.56512,10.606602,10.5548985,10.4442935,10.3843595,9.5178345,8.618034,8.634682,9.627926,10.571068,11.6754925,12.1935125,12.7462115,12.7550785,12.6518685,13.4700415,14.208244,13.601471,15.620499,15.620499,16.278821,15.620499,15.0,13.601471,12.206556,11.661904,9.848858,8.062258,6.403124,5.0,5.09902,6.082763,8.246211,11.7047,13.928388,17.088007,18.973666,20.880613,21.587033,21.377558,20.396078,18.11077,15.132746,13.0,14.866069,16.155494,16.763055,16.763055,15.524175,13.601471,11.401754,9.848858,8.062258,7.071068,6.708204,6.082763,7.0,8.062258,9.055385,10.049876,11.045361,11.045361,12.041595,12.041595,12.041595,12.041595,11.401754,11.7047,12.083046
hoyeon_stand_normal_01,3501,1167,116.70637704918032,29.998360745314464,10,0.5427430272102356,0.6865587830543518,-0.185513898730278,0.9999880790710448,0.5385571718215942,0.6958655714988708,-0.1738033145666122,0.9999592900276184,0.5357768535614014,0.6952078342437744,-0.1738190352916717,0.9999629855155944,0.5331243872642517,0.694426953792572,-0.1738348007202148,0.9999653697013856,0.5461156368255615,0.6959694027900696,-0.1727989017963409,0.9999417066574096,0.5485813617706299,0.6954948902130127,-0.1728031188249588,0.9999385476112366,0.5510695576667786,0.6950079798698425,-0.1727987378835678,0.9999367594718932,0.5289295315742493,0.6859126091003418,-0.0953578799962997,0.999947726726532,0.5532723069190979,0.6874455809593201,-0.0902694016695022,0.9998546838760376,0.5374999642372131,0.6736899018287659,-0.1555910110473632,0.9999870657920836,0.5481157302856445,0.6747180223464966,-0.1541647315025329,0.9999770522117616,0.5078369975090027,0.6085996627807617,-0.0433251708745956,0.999988615512848,0.5728902816772461,0.6077631711959839,-0.0294389985501766,0.9999338388442992,0.4979386329650879,0.5069926977157593,-0.0061482922174036,0.9892528653144836,0.5790992379188538,0.5090986490249634,0.0095291556790471,0.949669599533081,0.4928115606307983,0.4239175617694855,-0.0748791247606277,0.9827241897583008,0.5850334763526917,0.4254293441772461,-0.0548490397632122,0.938201904296875,0.4882751703262329,0.3960993587970733,-0.096456654369831,0.964276909828186,0.5885546803474426,0.3983940780162811,-0.0761404410004615,0.8969063758850098,0.493090957403183,0.3957736194133758,-0.1225334927439689,0.9671688079833984,0.5852898359298706,0.3977485597133636,-0.1048987060785293,0.9044352173805236,0.4964906573295593,0.4039218723773956,-0.0866638347506523,0.9591491222381592,0.5830780267715454,0.4059829115867615,-0.0680868104100227,0.8954738974571228,0.5210115313529968,0.4290689527988434,-0.0065668518655002,0.9997864961624146,0.5620123147964478,0.4271990358829498,0.0065219774842262,0.9996559023857116,0.5207889676094055,0.2696530520915985,-0.0334751456975936,0.9722657203674316,0.5627495050430298,0.2707208395004272,-0.015352158807218,0.9500169157981871,0.5248873829841614,0.1275558024644851,0.0667047426104545,0.973507523536682,0.5550777316093445,0.1305876672267913,0.085565336048603,0.9456700086593628,0.5274696350097656,0.1112457364797592,0.0701588690280914,0.6018612384796143,0.5516296029090881,0.1155201196670532,0.0895143374800682,0.616588830947876,0.5276455879211426,0.0772290304303169,-0.0392890758812427,0.9591052532196044,0.5555285215377808,0.0788200572133064,-0.0119977723807096,0.941297709941864,hoyeon_stand_normal_01,20.124612,21.954498,21.095023,19.416488,17.204651,13.601471,10.816654,7.615773,5.09902,3.605551,4.123106,6.082763,8.544004,10.77033,13.416408,16.124515,18.027756,20.248457,21.095023,21.095023,20.248457,17.204651,14.21267,10.0,7.071068,8.944272,17.720045,18.027756,17.464249,17.0,14.422205,11.401754,7.81025,4.472136,2.236068,3.0,6.324555,8.246211,10.440307,11.401754,12.369317,13.152946,14.142136,14.035669,13.0,11.0,9.055385,5.09902,1.414214,4.0,9.219544,13.601471,20.808652,18.439089,17.691806,15.811388,13.892444,11.7047,10.198039,9.0,7.615773,7.211103,7.211103,8.544004,9.055385,11.045361,13.341664,15.811388,18.384776,20.615528,21.931712,21.931712,22.847319,21.931712,20.124612,17.464249,15.231546,11.18034,7.211103,5.09902,6.403124,9.219544,12.0,15.524175,17.464249,18.35756,18.601075,17.691806,16.278821,14.21267,10.816654,8.062258,4.123106,2.0,2.236068,5.656854,8.602325,13.038405,16.124515,18.35756,21.470911,23.259407,23.706539,22.825424,13.152946,15.132746,15.132746,15.033296,15.132746,14.142136,14.317821,12.369317,10.440307,9.486833,7.28011,6.082763,5.0,4.472136,5.656854,8.062258,11.18034,13.0,15.652476,17.888544,19.723083,21.095023,20.808652,19.416488,17.029386,14.21267,13.0,14.317821,16.552945,16.552945,17.0,15.652476,13.892444,12.083046,9.848858,8.246211,7.0,6.324555,7.211103,7.071068,8.485281,9.219544,10.630146,10.630146,12.041595,12.041595,12.041595,12.041595,11.401754,12.206556,11.661904,11.7047
hoyeon_stand_normal_01,3504,1168,116.8063825136612,29.998360745314464,10,0.5427190661430359,0.686562180519104,-0.1783213764429092,0.9999878406524658,0.5385388135910034,0.6958689093589783,-0.1666790097951889,0.9999583959579468,0.5357694625854492,0.6952109336853027,-0.1666944175958633,0.9999622106552124,0.5331195592880249,0.6944299936294556,-0.1667110621929168,0.9999646544456482,0.5460878610610962,0.6959740519523621,-0.1656709611415863,0.9999403953552246,0.5485462546348572,0.6954990029335022,-0.1656747758388519,0.9999369978904724,0.5510439276695251,0.6950103044509888,-0.1656691431999206,0.999935269355774,0.5289328694343567,0.6859244108200073,-0.0891155824065208,0.9999465942382812,0.553273618221283,0.6874428987503052,-0.0840789154171943,0.9998511672019958,0.5374854803085327,0.6737064123153687,-0.1487618833780288,0.99998676776886,0.5480723977088928,0.6747205257415771,-0.1473383754491806,0.9999765157699584,0.5078331828117371,0.6086077690124512,-0.0393373817205429,0.9999886751174928,0.5728902816772461,0.6077650189399719,-0.0255204029381275,0.9999327659606934,0.4979411959648132,0.5069891214370728,-0.0056036668829619,0.9892244338989258,0.5790987014770508,0.509272575378418,0.011083336547017,0.9492690563201904,0.492813766002655,0.4240047633647918,-0.0747284591197967,0.9828704595565796,0.5850278735160828,0.4254845082759857,-0.0516021661460399,0.9377831220626832,0.4882780313491821,0.3961070775985718,-0.0966193675994873,0.9646039009094238,0.5885559916496277,0.3984196782112121,-0.0728065818548202,0.8963184952735901,0.4931117594242096,0.3957886099815368,-0.122353158891201,0.9674501419067384,0.5852903127670288,0.3977863788604736,-0.101170115172863,0.903866171836853,0.4965151250362396,0.4039634466171264,-0.0864354744553566,0.95946604013443,0.5830783843994141,0.4060059785842895,-0.0647091716527938,0.8949499726295471,0.5210208296775818,0.4290705025196075,-0.006556439679116,0.999787986278534,0.5620220899581909,0.4271888136863708,0.0065120230428874,0.9996569752693176,0.5207781791687012,0.269443929195404,-0.0335693247616291,0.9722885489463806,0.5628204941749573,0.2705840766429901,-0.0156364887952804,0.9496982097625732,0.5249102115631104,0.1275542378425598,0.0637769028544426,0.9734809994697572,0.5550835132598877,0.130584642291069,0.0838031247258186,0.9454597234725952,0.5275341868400574,0.1112407892942428,0.0668969973921775,0.6011614203453064,0.5516270399093628,0.1155080199241638,0.0875794440507888,0.6151719689369202,0.5276486277580261,0.0772304013371467,-0.0415729656815528,0.959055721759796,0.5555709600448608,0.078937642276287,-0.013011721894145,0.9411265254020692,hoyeon_stand_normal_01,18.973666,20.615528,20.396078,19.235384,17.117243,14.035669,11.18034,7.28011,4.472136,3.162278,4.472136,5.656854,8.602325,11.661904,14.317821,17.464249,19.697716,21.931712,23.259407,23.259407,21.931712,19.697716,16.155494,11.18034,9.486833,10.630146,17.691806,18.384776,18.439089,17.204651,15.264338,11.661904,8.062258,5.0,3.0,4.242641,6.708204,8.544004,10.77033,12.083046,13.416408,14.764823,13.892444,14.422205,13.601471,12.041595,9.899495,6.403124,2.236068,2.828427,8.602325,13.416408,13.416408,14.317821,14.866069,15.524175,15.297059,15.033296,15.033296,15.132746,15.297059,14.56022,14.866069,13.928388,13.0,12.529964,11.661904,10.816654,9.899495,8.602325,7.28011,8.062258,9.433981,12.041595,14.21267,16.401219,19.209373,20.615528,16.763055,18.11077,19.0,18.248288,16.763055,13.892444,9.899495,6.324555,5.385165,6.324555,9.0,11.401754,13.416408,15.264338,15.811388,17.029386,16.970563,16.278821,16.278821,14.866069,13.453624,11.313708,8.602325,7.071068,7.615773,8.485281,12.041595,13.453624,14.142136,14.142136,14.142136,13.453624,12.806248,10.816654,10.29563,8.062258,6.708204,5.0,3.605551,4.0,5.09902,7.615773,10.77033,13.416408,16.155494,18.384776,19.924859,20.880613,20.615528,19.416488,17.262677,14.142136,13.416408,15.652476,16.552945,17.464249,17.088007,15.811388,14.866069,12.649111,9.848858,8.062258,6.403124,5.830952,6.082763,6.0,7.071068,8.062258,9.055385,10.049876,11.045361,11.045361,11.045361,11.045361,11.045361,10.440307,10.77033,11.18034
hoyeon_stand_normal_01,3507,1169,116.90638797814208,29.998360745314464,10,0.542694628238678,0.6865948438644409,-0.1846596598625183,0.9999878406524658,0.5385211110115051,0.6958944797515869,-0.173201322555542,0.9999584555625916,0.5357601642608643,0.6952337026596069,-0.173217087984085,0.999962329864502,0.5331112146377563,0.6944488286972046,-0.1732359528541565,0.9999647736549376,0.5460574626922607,0.695995569229126,-0.1721385270357132,0.9999402761459352,0.5485062003135681,0.6955141425132751,-0.1721395701169967,0.999936819076538,0.5510091185569763,0.6950255036354065,-0.1721327751874923,0.99993497133255,0.5289337038993835,0.6859490275382996,-0.0951158627867698,0.9999468922615052,0.5532700419425964,0.6874567270278931,-0.0898780077695846,0.9998504519462584,0.5374706983566284,0.6737813353538513,-0.1547972857952118,0.9999868273735046,0.5480322241783142,0.6747574806213379,-0.1533205658197403,0.9999765157699584,0.5078354477882385,0.6086509823799133,-0.0443652495741844,0.999988853931427,0.572862982749939,0.6078094244003296,-0.0281263645738363,0.9999319314956664,0.497937947511673,0.5070204138755798,-0.0094263125211,0.9893473982810974,0.5790747404098511,0.5095075368881226,0.0094938911497592,0.9490644931793212,0.4928111732006073,0.4240855574607849,-0.0785194858908653,0.9831721186637878,0.5850250720977783,0.4255523681640625,-0.0528432689607143,0.9375605583190918,0.4882695078849792,0.3961098492145538,-0.1006259769201278,0.9651602506637572,0.5885576605796814,0.3984313607215881,-0.0738138034939765,0.8959680795669556,0.4931143224239349,0.3957912027835846,-0.1266926527023315,0.9679648876190186,0.5852959752082825,0.397830605506897,-0.1026446297764778,0.9035476446151732,0.4965190887451172,0.4039788544178009,-0.0903232246637344,0.9600706696510316,0.5830843448638916,0.4060448110103607,-0.0661158189177513,0.8946754336357117,0.5210282206535339,0.4293957650661468,-0.0066298181191086,0.9997885227203368,0.5620190501213074,0.42735555768013,0.0065859174355864,0.9996560215950012,0.5207865238189697,0.2694900929927826,-0.0335614867508411,0.9722111225128174,0.5628175735473633,0.2706688940525055,-0.0154106300324201,0.9493566155433656,0.5249225497245789,0.1275542378425598,0.0636601001024246,0.973402202129364,0.5550663471221924,0.1306225955486297,0.083803653717041,0.9451342821121216,0.5275456309318542,0.1112372651696205,0.0667453035712242,0.5999727249145508,0.5515589118003845,0.1157521978020668,0.0875768661499023,0.6139815449714661,0.5276773571968079,0.0773855820298194,-0.0420671813189983,0.9589112401008606,0.5555804371833801,0.079072780907154,-0.0130575336515903,0.9408082962036132,hoyeon_stand_normal_01,9.055385,5.0,1.0,3.605551,6.708204,8.944272,9.848858,11.18034,11.7047,11.7047,11.401754,11.18034,11.18034,10.0,9.055385,7.28011,5.830952,5.385165,7.071068,10.77033,14.422205,18.601075,21.400935,24.413111,24.413111,23.853721,2.0,4.242641,6.403124,10.0,12.806248,14.21267,15.556349,16.278821,15.620499,15.0,13.601471,12.206556,9.433981,7.211103,4.472136,2.236068,1.0,4.123106,6.324555,9.486833,12.369317,15.297059,17.262677,18.027756,18.027756,15.0,13.152946,14.317821,15.524175,15.811388,16.155494,15.652476,15.811388,15.0,14.866069,14.866069,14.21267,13.601471,14.422205,13.892444,12.529964,12.083046,10.440307,9.055385,8.062258,8.062258,9.219544,10.77033,13.341664,15.297059,17.262677,19.235384,15.620499,18.027756,18.788294,18.973666,17.117243,14.035669,11.401754,7.81025,5.385165,5.385165,7.211103,9.486833,11.18034,13.0,14.035669,14.317821,14.56022,14.56022,14.866069,13.601471,11.7047,9.219544,7.0,5.830952,6.708204,9.055385,15.7931205,14.8440725,13.0192025,11.2235575,9.7087915,9.949367,10.0990195,11.401754,12.7276795,13.601471,15.5542235,17.0586215,17.7460025,18.85392,18.3436885,18.2749295,18.486833,16.093357,14.1349755,10.85235,7.7631605,6.737096,7.175589,10.424429,13.34239,15.9477275,9.5990195,7.566663,6.555531,6.820601,9.609772,11.3536325,14.1589105,16.2920825,17.5028935,18.302924,17.6452165,17.2837745,16.420386999999998,15.4260225,14.1412385,12.405484,11.4059625,10.9210305,10.9299715,11.066461,12.5,13.9330345,14.9235285,16.3815275,18.192388,17.513878
hoyeon_stand_normal_01,3510,1170,117.00639344262297,29.998360745314464,10,0.5426766276359558,0.6866042613983154,-0.1860077977180481,0.999987781047821,0.5385016798973083,0.6959048509597778,-0.1745830029249191,0.9999582171440125,0.5357468724250793,0.6952438950538635,-0.1745974272489547,0.9999621510505676,0.5330987572669983,0.6944580078125,-0.1746156066656112,0.9999646544456482,0.5460360050201416,0.695999264717102,-0.1735262423753738,0.9999398589134216,0.5484774708747864,0.6955178380012512,-0.1735286265611648,0.9999362826347352,0.5509834885597229,0.6950284242630005,-0.1735227406024933,0.9999343752861024,0.5289316773414612,0.6859591007232666,-0.0964344292879104,0.9999468326568604,0.5532621741294861,0.6874627470970154,-0.0911911278963089,0.9998490810394288,0.537447988986969,0.6738101243972778,-0.1560855507850647,0.99998676776886,0.5480040907859802,0.6747682094573975,-0.1546114385128021,0.9999763369560242,0.5078331828117371,0.6086718440055847,-0.0448039583861827,0.9999889731407166,0.5728229880332947,0.6078252792358398,-0.0293970964848995,0.9999312162399292,0.4979370832443237,0.5070424675941467,-0.0092451702803373,0.9894317388534546,0.5790411233901978,0.5096207857131958,0.0088572558015584,0.9488990902900696,0.4928000867366791,0.424120157957077,-0.0780356079339981,0.983452081680298,0.5849981904029846,0.4255718886852264,-0.0537277795374393,0.9375567436218262,0.4882520735263824,0.3961133360862732,-0.1001426950097084,0.9657099843025208,0.5885484218597412,0.3984351754188537,-0.0747517123818397,0.8960108757019043,0.4931165874004364,0.3957957625389099,-0.1261650472879409,0.96846342086792,0.5852959752082825,0.3978521525859833,-0.1036029830574989,0.9035770893096924,0.4965214431285858,0.4039963781833648,-0.0898143425583839,0.9606492519378662,0.5830838084220886,0.4060542583465576,-0.0669901296496391,0.8947439193725586,0.5210277438163757,0.4294835925102234,-0.0066669126972556,0.9997893571853638,0.5620184540748596,0.4273591637611389,0.0066239973530173,0.9996562600135804,0.5207537412643433,0.2695225179195404,-0.0338221341371536,0.9723395705223083,0.5628514885902405,0.2706491947174072,-0.0154021540656685,0.9493226408958436,0.5249227285385132,0.1275862604379654,0.0625988692045211,0.9733855724334716,0.5550841093063354,0.1306218355894088,0.0834071934223175,0.9450313448905944,0.5275452733039856,0.1112903580069542,0.0655886530876159,0.5989779233932495,0.551559329032898,0.1157755926251411,0.0870926678180694,0.6134318709373474,0.5276737809181213,0.0775415748357772,-0.0432220250368118,0.9588258266448976,0.5557616949081421,0.0790825113654136,-0.0135014606639742,0.9406612515449524,hoyeon_stand_normal_01,8.062258,4.123106,1.414214,3.162278,6.708204,9.433981,10.816654,10.816654,12.206556,11.401754,11.401754,10.630146,10.630146,9.219544,8.062258,7.615773,6.0,5.830952,6.708204,10.198039,14.035669,17.0,20.0,22.022716,23.021729,22.090722,2.236068,4.123106,6.708204,9.433981,11.661904,13.416408,14.317821,14.866069,14.866069,13.601471,12.369317,11.18034,9.055385,6.082763,4.0,2.0,1.414214,4.0,7.0,9.055385,12.165525,14.317821,15.524175,16.763055,16.155494,14.317821,16.763055,15.297059,13.0,12.041595,11.401754,9.848858,8.602325,7.071068,6.708204,6.082763,6.082763,6.708204,7.071068,9.219544,10.29563,12.083046,14.866069,16.763055,17.464249,18.439089,18.439089,18.439089,17.262677,15.297059,13.152946,10.198039,5.830952,4.123106,4.472136,7.211103,10.440307,12.165525,14.0,15.132746,15.297059,14.866069,13.0,11.661904,9.433981,7.81025,5.0,3.162278,2.828427,5.0,7.071068,9.486833,12.649111,15.231546,16.552945,17.888544,18.788294,18.384776,12.727922,14.142136,14.866069,14.142136,14.142136,13.453624,12.806248,11.401754,10.0,8.602325,6.403124,5.656854,4.472136,5.0,6.324555,8.544004,12.083046,14.317821,16.552945,18.384776,20.248457,20.880613,20.615528,19.416488,17.262677,14.317821,12.083046,14.317821,14.866069,15.811388,15.524175,14.56022,13.601471,11.7047,9.486833,6.708204,5.656854,5.385165,5.09902,6.0,7.071068,8.246211,9.219544,10.198039,10.049876,11.045361,11.045361,11.045361,11.18034,10.440307,10.77033,11.661904
hoyeon_stand_normal_01,3513,1171,117.10639890710382,29.998360745314464,10,0.5426603555679321,0.686607837677002,-0.1868698298931121,0.999987781047821,0.5384839177131653,0.6959177255630493,-0.1754367649555206,0.9999582171440125,0.535736620426178,0.695258378982544,-0.1754509359598159,0.9999621510505676,0.533089816570282,0.6944746375083923,-0.1754687279462814,0.999964714050293,0.5460169315338135,0.696003794670105,-0.1743976920843124,0.9999396800994872,0.5484498143196106,0.6955209374427795,-0.1744004935026168,0.9999359846115112,0.5509616732597351,0.6950296759605408,-0.174394890666008,0.9999340176582336,0.5289308428764343,0.6859768033027649,-0.0970588251948356,0.99994695186615,0.5532534718513489,0.6874628663063049,-0.091890625655651,0.9998481869697572,0.5374165177345276,0.6738177537918091,-0.1568446904420852,0.99998676776886,0.5479753613471985,0.6747720241546631,-0.1553936451673507,0.9999762773513794,0.5078316330909729,0.6086874604225159,-0.0447289124131202,0.9999890327453612,0.5727570652961731,0.607826292514801,-0.0299681946635246,0.999930500984192,0.4979355931282043,0.5070587992668152,-0.0081600081175565,0.9894567728042604,0.5790010690689087,0.5097112655639648,0.008848818950355,0.9486442804336548,0.4927942454814911,0.4241287410259247,-0.0767090544104576,0.9835911989212036,0.5849778056144714,0.4255945682525635,-0.0540542714297771,0.9371644854545592,0.4882502853870392,0.3961161375045776,-0.0986739248037338,0.9659923315048218,0.5885322093963623,0.398435890674591,-0.0751108303666114,0.895481288433075,0.4931169748306274,0.3957988619804382,-0.1248282864689827,0.9687213897705078,0.5852920413017273,0.3978669643402099,-0.1040365621447563,0.9030811190605164,0.4965219497680664,0.404001921415329,-0.0885339081287384,0.9609285593032836,0.5830813646316528,0.4060647487640381,-0.067348375916481,0.8942737579345703,0.5210301280021667,0.4295289516448974,-0.0066716256551444,0.9997903108596802,0.5620132684707642,0.4273617565631866,0.0066292365081608,0.999657392501831,0.5206774473190308,0.2695702314376831,-0.0338146761059761,0.9725548028945924,0.5628600716590881,0.270637035369873,-0.0153916608542203,0.949624478816986,0.5249223113059998,0.1276718080043792,0.062633529305458,0.9735880494117736,0.5550858378410339,0.1305627077817917,0.0834259912371635,0.9455019235610962,0.5275475382804871,0.1113141253590583,0.0656283348798751,0.6004438400268555,0.5515568852424622,0.1157732531428337,0.08710628002882,0.6150501370429993,0.5276703834533691,0.0775739848613739,-0.0431976839900016,0.9591242074966432,0.555853009223938,0.0790851861238479,-0.0135109368711709,0.9411098957061768,hoyeon_stand_normal_01,15.264338,9.219544,5.09902,6.403124,10.77033,14.56022,17.464249,18.439089,19.416488,19.235384,19.235384,18.11077,18.0,17.029386,14.142136,12.649111,10.0,9.848858,12.165525,17.464249,23.323808,30.232433,34.669872,38.587563,39.824616,38.910153,3.605551,5.0,10.198039,14.56022,18.439089,22.36068,24.186773,24.020824,24.0,22.090722,20.223748,17.262677,14.317821,10.198039,6.324555,2.0,2.236068,7.211103,12.206556,17.029386,21.260292,26.172505,27.586228,29.206164,29.410882,26.07681,13.0,14.764823,15.264338,15.811388,15.620499,15.556349,15.620499,15.0,15.264338,14.764823,14.317821,13.928388,13.601471,13.341664,12.165525,11.045361,10.0,9.219544,8.062258,7.81025,8.544004,10.049876,13.0,15.132746,17.117243,18.11077,16.643317,17.691806,19.209373,18.35756,17.088007,13.341664,11.0,7.615773,5.830952,6.082763,7.81025,10.0,11.18034,12.649111,13.341664,15.132746,15.033296,15.0,14.0,14.035669,12.0,9.0,7.28011,5.656854,6.082763,8.062258,15.132746,13.152946,12.165525,10.440307,8.944272,8.602325,9.219544,10.630146,11.401754,12.727922,14.142136,14.866069,15.811388,17.0,17.088007,17.720045,16.278821,15.132746,13.038405,11.045361,7.28011,5.656854,7.28011,9.0,12.165525,15.132746,9.848858,8.062258,7.071068,7.28011,8.0,10.198039,12.369317,14.317821,16.278821,16.278821,17.117243,16.03122,15.033296,14.0,13.038405,12.041595,11.045361,10.049876,10.049876,10.198039,11.401754,12.369317,13.601471,15.811388,15.524175,16.492423
hoyeon_stand_normal_01,3516,1172,117.2064043715847,29.998360745314464,10,0.5426613688468933,0.6866081953048706,-0.1862754374742508,0.9999876022338868,0.5384839177131653,0.6959219574928284,-0.1749090403318405,0.99995756149292,0.5357376337051392,0.6952623128890991,-0.1749231815338134,0.9999616146087646,0.5330913066864014,0.6944817304611206,-0.1749403923749923,0.99996417760849,0.5460156202316284,0.6960006356239319,-0.1738370358943939,0.9999384880065918,0.5484458804130554,0.6955118775367737,-0.173840656876564,0.999934732913971,0.5509576797485352,0.6950157880783081,-0.1738371551036834,0.9999326467514038,0.5289319157600403,0.6859904527664185,-0.0966270714998245,0.9999462366104126,0.5532441735267639,0.6874527335166931,-0.0912789478898048,0.9998452663421632,0.5374158024787903,0.673822283744812,-0.1562380641698837,0.9999865889549256,0.5479747653007507,0.6747683882713318,-0.1547399312257766,0.9999759197235109,0.5078263282775879,0.6087071895599365,-0.0440335273742675,0.999989092350006,0.5726892352104187,0.607849657535553,-0.02939816378057,0.999929904937744,0.4979373514652252,0.5071697235107422,-0.0066103395074605,0.9894559383392334,0.5789788365364075,0.5102152824401855,0.0098066208884119,0.9484065771102904,0.4927919805049896,0.4242352843284607,-0.0744348838925361,0.9837352633476256,0.5849729776382446,0.4257830381393432,-0.052991971373558,0.9369383454322816,0.4882472157478332,0.3961310684680938,-0.0961488559842109,0.9663074016571044,0.5885217785835266,0.3984881341457367,-0.0739620625972747,0.8951879143714905,0.4931183755397796,0.3958052098751068,-0.122361771762371,0.9690066576004028,0.5852900147438049,0.3979758322238922,-0.1029642671346664,0.9027875065803528,0.4965238869190216,0.4040158987045288,-0.0862472131848335,0.9612327814102172,0.583081841468811,0.4061800837516784,-0.0663048699498176,0.8940081000328064,0.5209830403327942,0.4295684397220611,-0.0066980267874896,0.9997915029525756,0.5620025396347046,0.4273644387722015,0.0066562895663082,0.9996585249900818,0.5206030607223511,0.2694875299930572,-0.0335727594792842,0.972808837890625,0.5629119277000427,0.2704607844352722,-0.0150981303304433,0.949884831905365,0.5248967409133911,0.1276413202285766,0.0628889128565788,0.973864734172821,0.5550844073295593,0.1304674595594406,0.0841532051563263,0.9459974765777588,0.5275290012359619,0.1112955287098884,0.0658791735768318,0.6020616292953491,0.5515307784080505,0.115759328007698,0.0878798887133598,0.6168372631072998,0.5276681780815125,0.077419564127922,-0.0429638065397739,0.9595396518707277,0.5559195876121521,0.0790673717856407,-0.0126991001889109,0.941687285900116,hoyeon_stand_normal_01,15.4547785,13.702361,11.9701785,11.428456,11.810819,11.750483,11.4059625,10.2110105,9.606335,8.3818745,8.214949,8.7552705,9.230225,9.994937,10.928075,11.6485295,11.793616,12.909806,14.725731499999998,16.7172415,18.832388,19.9118525,20.3594985,19.320482,19.0151015,19.7323055,8.6394105,9.9626665,11.717802,13.0463915,13.319938,13.314021,12.337675999999998,10.7470475,9.453535,10.3216585,10.5413815,10.9308165,9.63471,9.5563315,8.640523,7.5,8.1358685,9.986544,11.543204,12.6846585,12.687519000000002,12.985719,11.7935165,12.9831155,15.0069265,15.5339465,15.231546,13.892444,12.806248,11.313708,9.433981,8.544004,7.071068,7.071068,6.324555,6.403124,6.403124,7.615773,8.246211,10.0,12.041595,13.152946,14.56022,16.763055,18.027756,18.027756,18.384776,18.384776,17.464249,15.231546,13.0,9.848858,4.472136,3.162278,4.123106,7.071068,9.848858,12.206556,14.142136,14.866069,15.811388,14.764823,13.0,11.7047,9.219544,7.071068,5.0,3.605551,2.0,3.605551,6.403124,8.944272,12.083046,13.928388,15.811388,17.720045,17.720045,18.027756,12.806248,13.453624,14.142136,14.866069,14.21267,14.21267,12.206556,10.816654,9.433981,8.062258,6.708204,5.0,4.472136,4.0,6.082763,8.544004,10.77033,13.928388,16.155494,18.027756,19.646883,20.396078,20.396078,19.235384,16.124515,14.035669,13.416408,14.764823,16.552945,17.464249,17.088007,15.811388,14.866069,12.649111,10.77033,8.062258,6.403124,5.830952,6.082763,7.0,7.071068,8.062258,9.055385,10.049876,11.045361,11.045361,11.045361,12.041595,11.045361,11.18034,11.7047,11.18034
hoyeon_stand_normal_01,3519,1173,117.30640983606555,29.998360745314464,10,0.5426618456840515,0.686607837677002,-0.1874038875102996,0.9999876022338868,0.5384812951087952,0.6959264278411865,-0.1761497557163238,0.9999576210975648,0.535737156867981,0.6952672004699707,-0.1761640459299087,0.9999616742134094,0.533091127872467,0.6944864392280579,-0.1761812269687652,0.9999642372131348,0.5460109114646912,0.696001410484314,-0.1749783307313919,0.9999383687973022,0.5484325289726257,0.6955094933509827,-0.1749821752309799,0.9999346137046814,0.5509462952613831,0.6950122117996216,-0.174980342388153,0.9999324083328248,0.5289312601089478,0.6859956979751587,-0.0976435914635658,0.999946355819702,0.5532255172729492,0.6874502897262573,-0.0919274240732193,0.9998446106910706,0.5374139547348022,0.6738185882568359,-0.1572229862213134,0.9999866485595704,0.5479749441146851,0.6747625470161438,-0.1556190997362136,0.999975860118866,0.5078233480453491,0.6087432503700256,-0.044650200754404,0.9999892115592957,0.5726510286331177,0.6078563332557678,-0.0295027997344732,0.9999298453330994,0.4979584515094757,0.507412850856781,-0.0069018742069602,0.9894881844520568,0.5789474844932556,0.5103873014450073,0.0093818651512265,0.948303520679474,0.4927825629711151,0.4242881536483764,-0.0749256834387779,0.983860433101654,0.5849634408950806,0.4257843494415283,-0.0535530224442482,0.9366981387138368,0.4882377982139587,0.3961410522460937,-0.0966804251074791,0.9665462970733644,0.5885089635848999,0.398471862077713,-0.0745715573430061,0.8947922587394714,0.4931193590164184,0.395818144083023,-0.1230369582772255,0.9692344069480896,0.5852776169776917,0.3979678452014923,-0.1035415902733802,0.902416467666626,0.4965249300003052,0.4040269553661346,-0.0867787972092628,0.9614776372909546,0.5830724239349365,0.4061779379844665,-0.0668517053127288,0.8936535716056824,0.5209561586380005,0.4296229779720306,-0.0067294337786734,0.9997928738594056,0.5620014071464539,0.4273788034915924,0.0066880867816507,0.9996602535247804,0.5205866694450378,0.2695806324481964,-0.0333713106811046,0.9725882411003112,0.5628697276115417,0.2704685628414154,-0.0148200998082757,0.9494994282722472,0.5249012112617493,0.127636507153511,0.0630602464079856,0.9738144278526306,0.5550820827484131,0.1304714828729629,0.0845861732959747,0.9458974599838256,0.5275614261627197,0.1112768799066543,0.0660598278045654,0.6028043031692505,0.551522970199585,0.1158031821250915,0.0883487164974212,0.6169636249542236,0.5276845693588257,0.077435627579689,-0.042808398604393,0.9595704078674316,0.5559252500534058,0.0791170075535774,-0.0123259481042623,0.9416901469230652,hoyeon_stand_normal_01,17.720045,19.416488,19.235384,18.027756,16.03122,13.038405,11.045361,8.246211,5.385165,3.605551,4.0,5.385165,7.211103,9.219544,12.041595,14.21267,17.029386,18.439089,19.849433,19.849433,19.104973,17.029386,14.21267,10.29563,9.0,8.944272,15.231546,15.652476,16.643317,15.0,13.453624,10.630146,7.81025,4.242641,1.0,2.236068,5.0,7.0,9.055385,10.049876,11.18034,12.369317,12.369317,12.649111,12.083046,10.29563,8.062258,5.830952,1.414214,3.162278,7.615773,12.083046,16.155494,15.652476,13.038405,11.401754,9.219544,8.062258,7.28011,6.0,5.09902,5.0,5.830952,6.324555,8.062258,9.055385,11.18034,13.341664,14.56022,16.763055,18.027756,18.027756,18.384776,18.384776,16.552945,14.317821,12.083046,9.433981,5.09902,4.472136,5.385165,8.0,11.401754,13.0,14.422205,15.620499,15.556349,15.0,13.038405,11.661904,9.848858,6.324555,4.123106,1.0,2.236068,4.472136,6.708204,9.486833,12.649111,15.811388,16.763055,18.681542,19.646883,18.681542,13.928388,14.317821,15.652476,15.652476,15.652476,14.317821,13.601471,11.7047,10.440307,9.219544,7.28011,5.385165,5.0,5.0,7.071068,9.0,11.0,14.0,16.0,19.026298,20.099751,20.223748,20.223748,19.235384,17.464249,14.56022,12.369317,14.317821,15.297059,16.124515,16.124515,15.033296,14.035669,11.045361,10.198039,7.615773,7.211103,6.403124,6.324555,7.071068,8.062258,9.055385,10.049876,11.045361,11.045361,11.18034,12.165525,11.18034,12.165525,12.0,12.041595,12.165525
hoyeon_stand_normal_01,3522,1174,117.40641530054644,29.998360745314464,10,0.5426656007766724,0.6865885853767395,-0.1956111788749694,0.9999878406524658,0.5384805798530579,0.695923924446106,-0.1845671981573104,0.999958336353302,0.5357375741004944,0.6952671408653259,-0.1845781952142715,0.999962329864502,0.5330913662910461,0.6944871544837952,-0.184595301747322,0.9999648332595824,0.5460087656974792,0.6959912180900574,-0.1833009421825409,0.999939262866974,0.5484221577644348,0.6954992413520813,-0.1833048015832901,0.999935507774353,0.5509350299835205,0.6950045824050903,-0.1833011209964752,0.9999332427978516,0.5289266109466553,0.6859994530677795,-0.1054268255829811,0.9999473690986632,0.5532041192054749,0.6874505281448364,-0.0993462651968002,0.9998465180397034,0.5374146103858948,0.6738013625144958,-0.1650708168745041,0.9999868869781494,0.5479772686958313,0.6747469305992126,-0.1633657813072204,0.9999762773513794,0.507809579372406,0.6087523102760315,-0.0499848909676075,0.9999893307685852,0.572600781917572,0.6079570055007935,-0.0345827974379062,0.9999303817749025,0.4979716837406158,0.5075526833534241,-0.0103103714063763,0.989599585533142,0.5788868069648743,0.5105749368667603,0.0059206187725067,0.94843590259552,0.4927767217159271,0.4242901802062988,-0.0782350003719329,0.9840562343597412,0.5849438309669495,0.4257904887199402,-0.0578056760132312,0.936841368675232,0.4882293343544006,0.3961290717124939,-0.1000651940703392,0.9668779969215392,0.5884959697723389,0.3984464108943939,-0.0790064334869384,0.8949529528617859,0.4931125938892364,0.3958027958869934,-0.126767486333847,0.9695555567741394,0.585249125957489,0.3979542255401611,-0.1082423850893974,0.9025829434394836,0.4965180158615112,0.4040142595767975,-0.0902073383331298,0.961845874786377,0.5830429792404175,0.4061765670776367,-0.071182757616043,0.8938235640525818,0.5209382772445679,0.4298220872879028,-0.0067524556070566,0.9997942447662354,0.5620002746582031,0.4275710880756378,0.006711330730468,0.9996623396873474,0.5205859541893005,0.2698291838169098,-0.0331451557576656,0.9725618362426758,0.5627552270889282,0.2706437110900879,-0.0146448230370879,0.9496200680732728,0.5248936414718628,0.1276366114616394,0.0642151683568954,0.9739543199539183,0.5550410151481628,0.1305349469184875,0.085151195526123,0.9462767243385316,0.5275615453720093,0.1112606078386306,0.0673216432332992,0.6050974130630493,0.5514638423919678,0.1159183084964752,0.0889601334929466,0.6188640594482422,0.5276564359664917,0.0774377137422561,-0.0419608540832996,0.9598232507705688,0.5559176206588745,0.0791372135281562,-0.0121174603700637,0.942052960395813,hoyeon_stand_normal_01,17.117243,18.439089,18.681542,17.720045,14.866069,12.649111,9.486833,6.082763,4.0,2.236068,3.0,5.385165,7.211103,10.0,12.041595,14.21267,17.029386,18.439089,19.849433,19.849433,19.209373,17.691806,14.21267,11.18034,10.0,10.77033,15.556349,17.029386,16.643317,16.124515,13.416408,10.77033,7.615773,4.472136,2.0,4.242641,5.830952,8.062258,10.816654,12.206556,12.806248,14.21267,14.142136,14.142136,13.453624,11.401754,10.0,6.403124,2.236068,2.0,7.0,11.0,12.165525,13.341664,14.866069,15.231546,15.652476,15.264338,15.0,14.866069,14.866069,14.21267,14.422205,13.892444,13.416408,13.0,11.7047,11.18034,10.049876,9.055385,8.944272,8.485281,10.29563,12.369317,14.142136,17.029386,19.0,21.0,18.027756,19.697716,19.924859,20.223748,17.029386,15.132746,11.7047,8.602325,5.385165,4.472136,6.708204,9.219544,11.0,13.152946,14.56022,14.866069,16.155494,15.652476,15.652476,14.764823,12.529964,9.848858,7.28011,5.0,5.0,7.071068,15.524175,13.601471,12.649111,11.18034,10.0,9.219544,10.0,11.18034,11.661904,13.038405,15.0,15.620499,16.970563,17.204651,17.492856,17.464249,17.088007,15.524175,13.341664,10.440307,7.211103,5.830952,7.071068,10.440307,13.928388,16.155494,10.29563,8.602325,7.211103,7.28011,9.055385,11.401754,13.601471,15.811388,16.763055,17.720045,18.248288,17.117243,15.132746,15.033296,13.0,12.0,11.0,11.045361,10.198039,10.440307,11.7047,13.0,14.317821,15.652476,17.464249,17.088007
hoyeon_stand_normal_01,3525,1175,117.50642076502731,29.998360745314464,10,0.5426607728004456,0.6864966750144958,-0.2032500207424163,0.9999881982803344,0.5384525060653687,0.6958478689193726,-0.1922206580638885,0.9999594688415528,0.5357170104980469,0.6952100992202759,-0.192229688167572,0.999963402748108,0.5330731272697449,0.6944313049316406,-0.1922462880611419,0.9999657869338988,0.5459863543510437,0.6959144473075867,-0.1911800801753997,0.9999408721923828,0.5483802556991577,0.6954402327537537,-0.1911838948726654,0.9999371767044068,0.5508897304534912,0.6949596405029297,-0.1911771297454834,0.9999348521232604,0.5288822650909424,0.6859499216079712,-0.1125062927603721,0.9999489188194276,0.5531690716743469,0.6874343752861023,-0.1075621992349624,0.9998505115509032,0.5373867154121399,0.6736900210380554,-0.1724401265382766,0.999987244606018,0.5479623079299927,0.6746894717216492,-0.1710615158081054,0.9999768733978271,0.5077894926071167,0.6087542772293091,-0.0551786385476589,0.9999895095825196,0.5725053548812866,0.6081368327140808,-0.0418558344244957,0.999931275844574,0.497973620891571,0.5077008605003357,-0.0141929071396589,0.9897887706756592,0.5788456797599792,0.5106379985809326,-0.0009210098651237,0.9491856098175048,0.4927432835102081,0.4242919981479645,-0.082291193306446,0.9843955636024476,0.5849133729934692,0.4259316921234131,-0.0644814819097518,0.9376803636550904,0.4882056415081024,0.3961312174797058,-0.1041594520211219,0.9674578309059144,0.5884867906570435,0.3985075354576111,-0.0858242064714431,0.8960663676261902,0.4930612444877624,0.3957918584346771,-0.131120353937149,0.9701051115989684,0.5852257609367371,0.3979991972446441,-0.1148537322878837,0.9036370515823364,0.4964556694030761,0.4039972424507141,-0.0943753868341445,0.9625135660171508,0.5830186009407043,0.4062208533287048,-0.0777166709303855,0.8948695063591003,0.5209307670593262,0.4303721189498901,-0.0066535002551972,0.9997949600219728,0.5619809031486511,0.4282154738903045,0.0066122659482061,0.9996638298034668,0.5205822587013245,0.2709977328777313,-0.0328195802867412,0.972436785697937,0.5623583197593689,0.2718090713024139,-0.014789474196732,0.9497788548469543,0.5248900055885315,0.1281768381595611,0.064323216676712,0.9739192128181458,0.5550140738487244,0.1307064294815063,0.0838131085038185,0.9464099407196044,0.527565062046051,0.1114133521914482,0.0674109607934951,0.6063825488090515,0.5514406561851501,0.1160865351557731,0.0874775573611259,0.6192440986633301,0.5275482535362244,0.077440932393074,-0.0419109985232353,0.9598232507705688,0.5558910965919495,0.0790649801492691,-0.0142688751220703,0.9420717358589172,hoyeon_stand_normal_01,13.0,7.211103,4.123106,4.242641,8.944272,11.7047,13.601471,14.317821,15.297059,15.297059,15.297059,15.132746,14.035669,13.038405,11.18034,9.486833,7.81025,7.28011,9.219544,13.892444,18.601075,24.207437,27.802878,30.805844,32.449961,30.528675,3.0,3.162278,7.071068,11.0,15.033296,17.029386,19.104973,19.416488,19.416488,18.681542,17.088007,14.317821,12.083046,8.944272,5.830952,2.828427,1.0,5.0,8.602325,12.727922,16.970563,19.849433,22.203603,23.323808,22.825424,21.023796,14.342456,14.8440725,14.3007355,14.2002685,12.591311,12.176222,11.7135805,11.2213245,10.5839735,10.1084995,9.8007355,10.262346,10.998814,11.511776,11.401754,12.135139,12.7026035,12.262516000000002,12.877032,13.027431,13.462185,14.050062,14.7006095,15.405694,14.4848055,14.340771,10.9777335,10.8027755,11.7885545,12.5736465,13.153775500000002,13.2319,12.6746885,11.6796585,10.4330345,9.9873375,10.348259,10.6309705,9.829925500000002,9.946648,9.0192025,8.711102499999999,8.5205485,9.4330345,10.2333455,10.836097,11.487806,11.8208745,11.5547115,11.402247,12.1046865,13.108424,13.892444,14.317821,15.652476,15.652476,15.652476,14.764823,13.892444,12.206556,10.630146,8.602325,7.81025,6.708204,5.09902,5.09902,6.324555,8.602325,11.401754,14.21267,16.401219,18.601075,19.416488,21.095023,19.723083,19.235384,16.552945,14.317821,13.038405,15.0,16.401219,17.029386,17.029386,16.278821,14.142136,12.041595,10.0,8.062258,7.28011,6.0,6.324555,7.615773,8.602325,9.433981,10.816654,10.816654,11.661904,12.529964,12.529964,12.529964,11.661904,12.041595,12.041595,12.041595
hoyeon_stand_normal_01,3528,1176,117.6064262295082,29.998360745314464,10,0.5426239371299744,0.6862072348594666,-0.2102317214012146,0.9999886751174928,0.5383908152580261,0.6956149935722351,-0.1994225233793258,0.9999610185623168,0.5356690883636475,0.6950313448905945,-0.199428454041481,0.9999648332595824,0.5330395102500916,0.6942574381828308,-0.1994448602199554,0.999967098236084,0.5459205508232117,0.6956650018692017,-0.1984248012304306,0.9999430775642396,0.5482968688011169,0.6952432990074158,-0.1984283030033111,0.999939501285553,0.5507882833480835,0.6947780251502991,-0.1984193325042724,0.9999371767044068,0.5288078784942627,0.6858324408531189,-0.1190753132104873,0.9999510049819946,0.5531108379364014,0.6873141527175903,-0.1144584715366363,0.9998562932014464,0.5372675657272339,0.6733065247535706,-0.1790353804826736,0.9999877214431764,0.5478589534759521,0.6744107604026794,-0.1777520328760147,0.999977707862854,0.5077459812164307,0.6087532639503479,-0.0594588667154312,0.9999897480010986,0.5723903179168701,0.6084733009338379,-0.0470702797174453,0.9999329447746276,0.4979735016822815,0.5078423023223877,-0.0162404906004667,0.9899688363075256,0.5788232088088989,0.511120617389679,-0.0052740136161446,0.950173020362854,0.4925819039344787,0.4244361817836761,-0.083985760807991,0.9846938848495485,0.5848951935768127,0.4264150559902191,-0.0693329870700836,0.9387028813362122,0.4881087243556976,0.3962277472019195,-0.1057310476899147,0.9679430723190308,0.5884862542152405,0.3987932503223419,-0.0907780304551124,0.8973857760429382,0.4928554892539978,0.3958125710487366,-0.133004605770111,0.9705735445022584,0.5852106213569641,0.3982676863670349,-0.1200271174311637,0.9048951864242554,0.4962226152420044,0.4040130078792572,-0.0961944907903671,0.96307373046875,0.582994282245636,0.4065095782279968,-0.0826504677534103,0.8961523771286011,0.5209229588508606,0.4312027394771576,-0.0066114608198404,0.9997960925102234,0.5619510412216187,0.4291736483573913,0.0065708681941032,0.9996665120124816,0.5205725431442261,0.2727488577365875,-0.0324937514960765,0.9723746180534364,0.5620601773262024,0.272810697555542,-0.0148142240941524,0.950121283531189,0.5249037146568298,0.1288167387247085,0.0641416534781456,0.9740452766418456,0.5549879670143127,0.1310329586267471,0.0825254023075103,0.946844518184662,0.5275789499282837,0.1118789240717887,0.0671188533306121,0.6093576550483704,0.5514281988143921,0.1164156273007392,0.0859972387552261,0.621284544467926,0.5275477170944214,0.0775468870997428,-0.0425194986164569,0.9600582718849182,0.5557794570922852,0.0791064202785492,-0.016352342441678,0.9423825740814208,hoyeon_stand_normal_01,17.262677,10.440307,5.0,5.385165,9.219544,13.038405,16.124515,17.0,17.888544,18.788294,18.384776,18.027756,16.492423,15.297059,14.035669,12.041595,9.848858,10.0,13.152946,19.104973,24.738634,32.280025,37.64306,41.231056,41.976184,40.607881,3.162278,6.082763,11.045361,16.03122,20.0,24.020824,25.079872,26.305893,26.683328,24.738634,23.086793,19.313208,16.155494,13.0,8.544004,4.123106,2.0,5.830952,11.661904,16.643317,21.954498,25.942244,28.635642,31.016125,30.675723,27.892651,12.041595,14.0,15.0,15.132746,16.278821,15.524175,14.866069,14.317821,14.764823,14.422205,13.601471,13.453624,12.727922,12.041595,11.401754,10.29563,8.544004,8.062258,7.071068,7.211103,8.602325,10.77033,12.369317,15.297059,17.117243,18.11077,15.524175,18.11077,18.0,18.248288,15.811388,14.764823,12.041595,8.062258,6.0,6.403124,7.615773,10.049876,11.18034,12.649111,14.317821,15.652476,16.124515,15.811388,15.811388,15.0,12.806248,10.816654,8.062258,6.0,5.0,6.708204,17.262677,16.124515,13.152946,12.369317,10.77033,10.29563,10.630146,11.313708,12.041595,14.21267,14.866069,16.401219,17.204651,17.888544,19.313208,17.720045,19.416488,16.278821,14.142136,12.165525,9.219544,6.403124,7.28011,10.0,13.152946,15.297059,11.18034,8.602325,7.81025,7.615773,10.0,12.041595,15.297059,16.278821,18.248288,19.104973,19.026298,18.0,17.029386,16.124515,14.142136,13.152946,12.041595,12.041595,11.0,12.041595,13.152946,14.317821,15.524175,16.763055,17.464249,18.439089
hoyeon_stand_normal_01,3531,1177,117.70643169398907,29.998360745314464,10,0.5425752401351929,0.686076283454895,-0.2059797793626785,0.9999889731407166,0.5383064150810242,0.6955091953277588,-0.1949342340230941,0.9999619722366332,0.5356022715568542,0.6949392557144165,-0.1949430108070373,0.9999656677246094,0.5329892039299011,0.6941569447517395,-0.1949602216482162,0.9999678134918212,0.5458210110664368,0.6955607533454895,-0.193934679031372,0.999944508075714,0.5481739044189453,0.6951615810394287,-0.1939395517110824,0.9999409914016724,0.5506246089935303,0.6947101354598999,-0.1939326226711273,0.999938666820526,0.5286839008331299,0.6857494115829468,-0.1151587590575218,0.9999520778656006,0.5530155897140503,0.687268853187561,-0.1103746592998504,0.9998599290847778,0.5371578335762024,0.67314213514328,-0.1751360744237899,0.9999879598617554,0.5477409958839417,0.6743066310882568,-0.1738167107105255,0.999978244304657,0.5076263546943665,0.6087540984153748,-0.0575626268982887,0.9999898672103882,0.5722890496253967,0.6087287664413452,-0.044714942574501,0.9999343156814576,0.4979555904865265,0.5078541040420532,-0.0158719066530466,0.9900646805763244,0.5788004398345947,0.5113365054130554,-0.0033986000344157,0.9509947299957277,0.4924869537353515,0.4244299530982971,-0.0838552787899971,0.984902322292328,0.5848900079727173,0.4265287518501282,-0.0672137215733528,0.939885437488556,0.4880751073360443,0.3962356150150299,-0.105518065392971,0.9683096408843994,0.5884885787963867,0.3988760709762573,-0.0886090174317359,0.8990771174430847,0.4927515387535095,0.3958127200603485,-0.1329457908868789,0.970916211605072,0.5852100253105164,0.3983552157878876,-0.117728590965271,0.9064643979072572,0.4960896372795105,0.4040052592754364,-0.0961060374975204,0.9634755849838256,0.5829903483390808,0.4066039621829986,-0.08050537109375,0.8977384567260742,0.520891010761261,0.4312969148159027,-0.0066458201035857,0.999796986579895,0.5619314312934875,0.4293791651725769,0.0066062598489224,0.999669075012207,0.5205748677253723,0.2731726169586181,-0.0314093679189682,0.9725519418716432,0.5620612502098083,0.2730719745159149,-0.0143708018586039,0.9508227705955504,0.5249074697494507,0.1288540661334991,0.0636405572295188,0.974276065826416,0.5550749897956848,0.1310322880744934,0.0822673961520195,0.9474748373031616,0.5275934338569641,0.1119743734598159,0.0663769543170929,0.6122854351997375,0.5516166090965271,0.1163810864090919,0.085662841796875,0.6240359544754028,0.5275535583496094,0.0775212720036506,-0.0430096611380577,0.9604182839393616,0.5558087825775146,0.0790930464863777,-0.0163064841181039,0.9428964853286744,hoyeon_stand_normal_01,16.970563,18.439089,18.601075,17.204651,15.264338,12.529964,9.433981,6.403124,3.605551,3.0,3.605551,5.385165,7.071068,10.049876,12.041595,15.033296,17.0,19.026298,20.024984,20.024984,19.026298,17.029386,14.035669,11.401754,9.899495,12.083046,17.262677,18.027756,17.0,16.124515,14.317821,11.18034,8.246211,5.0,2.828427,3.0,6.324555,8.544004,9.486833,11.401754,12.369317,13.341664,14.142136,14.035669,14.0,12.041595,10.049876,7.071068,3.0,1.414214,6.403124,11.401754,11.18034,14.142136,15.033296,15.0,16.124515,15.297059,15.524175,15.231546,14.317821,14.422205,13.601471,13.453624,12.727922,12.041595,11.661904,9.848858,9.486833,8.0,7.28011,7.81025,10.29563,12.369317,15.132746,17.029386,19.026298,21.023796,17.117243,17.464249,18.973666,19.235384,18.027756,14.866069,12.206556,8.246211,6.324555,6.708204,8.0,10.440307,12.529964,14.422205,15.620499,16.970563,16.970563,18.439089,17.804494,16.401219,15.0,12.806248,9.899495,6.708204,5.09902,6.403124,14.77246,14.370013,14.170676,13.290859,12.241941,12.132169,11.317976000000002,11.2616765,11.5698235,11.4142485,10.966797,10.9777335,10.828427,11.2072755,12.1668725,13.387715,14.1341735,14.897306,15.3395425,15.1426565,14.670617,13.5532795,14.035534,15.160307,15.555385,15.64412,11.067972,11.0730895,10.9470755,11.1616875,12.1513365,12.7963445,13.6589105,14.0108965,13.2434165,12.777557,12.281962,11.1160855,10.972527,10.9685685,10.363961,11.0207975,10.315073,10.5,11.0,11.147815,11.59017,12.5,12.964194,13.988456500000002,14.728662,14.5844745
hoyeon_stand_normal_01,3534,1178,117.80643715846996,29.998360745314464,10,0.5425370931625366,0.6858208775520325,-0.2111842483282089,0.9999892711639404,0.538221001625061,0.6953225135803223,-0.2005566656589508,0.9999628663063048,0.5355283617973328,0.6947624087333679,-0.2005614191293716,0.9999664425849916,0.5329264402389526,0.6939607858657837,-0.2005752623081207,0.9999685287475586,0.5457296967506409,0.6954036951065063,-0.1994446814060211,0.999945878982544,0.5480554699897766,0.695046603679657,-0.1994490772485733,0.9999424815177916,0.5504711270332336,0.6946201920509338,-0.1994449198246002,0.9999401569366456,0.5285120606422424,0.6855484843254089,-0.1207298040390014,0.9999531507492064,0.5529094934463501,0.6872180104255676,-0.1155670806765556,0.999863624572754,0.5370732545852661,0.6728317737579346,-0.1801262497901916,0.9999881982803344,0.5476423501968384,0.6741164922714233,-0.1787020713090896,0.99997878074646,0.5074737071990967,0.6087237596511841,-0.0603054240345954,0.9999898672103882,0.5722205638885498,0.6088859438896179,-0.0485264100134372,0.9999359250068665,0.4979446828365326,0.5078312754631042,-0.0155563289299607,0.9901161193847656,0.5787392258644104,0.5114386081695557,-0.0059976852498948,0.9519039392471312,0.4924656748771667,0.4243879914283752,-0.0837137773633003,0.9849395155906676,0.5848633050918579,0.4265607297420501,-0.0701146572828292,0.9409425258636476,0.488074243068695,0.396243691444397,-0.1046662479639053,0.968324899673462,0.588478684425354,0.3989194631576538,-0.0913802087306976,0.9005492329597473,0.4927084147930145,0.3958137929439544,-0.1326847970485687,0.9709464311599731,0.5852029323577881,0.3983981311321258,-0.1206792369484901,0.907853662967682,0.4960253536701202,0.4040014743804931,-0.0958570167422294,0.9635093808174132,0.5829808712005615,0.4066388010978699,-0.0834119170904159,0.8991475105285645,0.5208451151847839,0.4313899278640747,-0.006613131146878,0.9997956156730652,0.5619202256202698,0.4295026659965515,0.0065732789225876,0.9996697902679444,0.5205004811286926,0.273705244064331,-0.0304148010909557,0.9725279211997986,0.5619354248046875,0.2732901275157928,-0.0142640359699726,0.9512444138526917,0.524899423122406,0.1291065812110901,0.0640996247529983,0.9743490219116212,0.5550718307495117,0.1310020238161087,0.0822852328419685,0.9478650093078612,0.5275961756706238,0.112199917435646,0.0667957067489624,0.6145411133766174,0.5516254901885986,0.1161469370126724,0.0856872871518135,0.6261574029922485,0.5275444388389587,0.077526144683361,-0.0426353104412555,0.9605783224105836,0.5557975769042969,0.0790864527225494,-0.0163610093295574,0.9431739449501038,hoyeon_stand_normal_01,17.720045,19.416488,19.235384,18.11077,16.03122,13.038405,10.049876,7.28011,4.472136,3.605551,4.123106,5.830952,8.485281,10.630146,13.601471,15.811388,18.601075,20.0,21.400935,22.022716,20.615528,17.804494,15.264338,11.7047,10.049876,10.29563,17.088007,17.888544,18.027756,16.401219,14.866069,12.041595,9.899495,6.403124,3.162278,2.828427,5.385165,7.28011,9.219544,11.18034,12.369317,13.601471,13.928388,14.317821,13.416408,11.661904,10.0,6.403124,2.828427,2.236068,6.708204,11.18034,16.278821,14.142136,12.806248,11.18034,9.486833,7.071068,6.082763,5.830952,5.0,5.385165,6.0,8.062258,9.486833,11.18034,12.206556,15.0,16.401219,18.439089,19.104973,19.104973,19.79899,18.384776,17.691806,14.866069,13.453624,10.630146,5.0,4.123106,5.0,8.246211,10.049876,13.341664,15.231546,16.124515,16.643317,15.0,14.142136,12.727922,10.0,8.602325,5.385165,3.162278,1.414214,3.162278,5.0,8.485281,10.630146,14.21267,16.401219,17.204651,18.601075,17.804494,13.038405,14.422205,14.422205,15.264338,15.264338,13.892444,13.416408,12.083046,9.848858,8.544004,7.615773,5.830952,5.0,5.385165,6.082763,8.062258,12.041595,13.152946,16.124515,18.11077,20.024984,21.0,20.024984,19.026298,17.117243,14.142136,11.7047,13.928388,15.524175,15.524175,16.278821,15.297059,13.341664,11.401754,9.486833,7.615773,6.403124,5.830952,6.324555,6.082763,7.0,8.0,9.0,10.0,11.0,11.045361,11.045361,11.045361,11.0,11.045361,11.18034,11.7047
hoyeon_stand_normal_01,3537,1179,117.90644262295082,29.998360745314464,10,0.5425159335136414,0.6853075623512268,-0.2162171900272369,0.9999895095825196,0.5381532311439514,0.6950300931930542,-0.2059008479118347,0.9999635815620422,0.5354664325714111,0.6944822072982788,-0.2059038430452346,0.9999670386314392,0.5328725576400757,0.693659782409668,-0.2059171348810196,0.9999690651893616,0.5456588864326477,0.6951632499694824,-0.204639583826065,0.999947190284729,0.5479553937911987,0.6948718428611755,-0.2046466916799545,0.9999438524246216,0.5503451228141785,0.6944797039031982,-0.2046422809362411,0.99994158744812,0.5283281207084656,0.6852430701255798,-0.1265316009521484,0.9999540448188782,0.5528040528297424,0.687154233455658,-0.1206675022840499,0.99986732006073,0.5370317697525024,0.6722506880760193,-0.1852226108312606,0.9999884366989136,0.5475820899009705,0.6737157106399536,-0.1835993081331253,0.9999792575836182,0.5072829127311707,0.6086949110031128,-0.0651813596487045,0.9999897480010986,0.5721531510353088,0.60898357629776,-0.0523278601467609,0.9999375343322754,0.497907280921936,0.5077711939811707,-0.0183636080473661,0.990179181098938,0.5786950588226318,0.511441171169281,-0.0095361191779375,0.9528279900550842,0.4924497902393341,0.4242099821567535,-0.0839307531714439,0.9849446415901184,0.5848283171653748,0.4266141057014465,-0.0743755027651786,0.9420028328895568,0.4880788922309875,0.3962270021438598,-0.1046361103653907,0.968286395072937,0.5884571671485901,0.3989279568195343,-0.0955567508935928,0.90202397108078,0.4926644265651703,0.3957675993442535,-0.1323380172252655,0.9709106087684632,0.5851814150810242,0.3984237015247345,-0.1246634051203727,0.9092233180999756,0.4959458112716675,0.4039452373981476,-0.0960219055414199,0.9634856581687928,0.5829609036445618,0.4066848754882812,-0.0875663235783577,0.9005354046821594,0.520797073841095,0.4313791394233703,-0.0066579417325556,0.9997925162315368,0.5619069933891296,0.4294991493225097,0.0066164224408566,0.9996683597564696,0.5204868912696838,0.2736742496490478,-0.0297273136675357,0.9726095795631408,0.5619686245918274,0.2732569873332977,-0.0134277828037738,0.9518511295318604,0.5248987078666687,0.1291189342737198,0.0649293661117553,0.9743737578392028,0.555138885974884,0.130991131067276,0.0825689285993576,0.9483267664909364,0.5275959968566895,0.1122020334005355,0.067628301680088,0.615513026714325,0.5516866445541382,0.1160617768764495,0.0859289988875389,0.6288716197013855,0.5275642275810242,0.0775404646992683,-0.0413693860173225,0.9606186151504515,0.5561293959617615,0.0790867060422897,-0.0160063542425632,0.9435177445411682,hoyeon_stand_normal_01,17.088007,10.198039,5.385165,6.0,11.18034,14.866069,17.464249,18.788294,19.697716,20.124612,19.723083,18.867962,18.601075,17.029386,15.556349,12.206556,10.440307,10.198039,12.806248,18.601075,25.059928,31.304952,36.674242,39.357337,41.182521,39.115214,4.123106,5.656854,10.816654,15.264338,19.416488,22.203603,24.839485,26.172505,25.495098,24.839485,22.203603,19.416488,15.264338,11.661904,8.062258,3.605551,1.414214,6.082763,11.045361,16.03122,21.0,26.07681,29.274562,30.594117,30.083218,27.202941,11.18034,13.601471,14.866069,15.231546,15.652476,15.264338,15.0,14.866069,14.866069,14.21267,13.601471,13.892444,13.416408,13.0,11.7047,10.198039,10.049876,8.062258,6.708204,7.211103,8.544004,10.0,13.152946,15.297059,17.464249,18.439089,16.492423,18.11077,19.0,19.235384,17.720045,15.652476,12.206556,8.602325,6.082763,5.385165,6.708204,9.055385,10.049876,12.369317,13.601471,13.928388,14.317821,15.652476,15.264338,13.892444,13.038405,10.29563,7.615773,5.0,4.242641,6.082763,12.806248,14.21267,14.866069,14.866069,15.0,14.21267,13.038405,12.529964,10.29563,8.944272,7.615773,5.830952,4.242641,4.472136,5.0,7.071068,10.440307,12.649111,14.56022,17.464249,18.248288,20.223748,20.099751,19.026298,16.0,14.0,13.601471,15.811388,16.643317,17.0,17.0,17.0,14.764823,12.529964,10.816654,9.219544,7.81025,6.708204,7.071068,7.0,8.062258,9.055385,10.049876,11.045361,12.041595,12.041595,12.041595,12.041595,12.165525,11.18034,11.7047,12.083046
hoyeon_stand_normal_01,3540,1180,118.00644808743168,29.998360745314464,10,0.542461097240448,0.6848266124725342,-0.2125717550516128,0.9999896287918092,0.5380538702011108,0.6947314143180847,-0.202119305729866,0.9999638199806212,0.5353763103485107,0.6941932439804077,-0.2021242827177047,0.9999671578407288,0.5328018069267273,0.6933595538139343,-0.2021378725767135,0.9999691247940063,0.5455333590507507,0.6949263215065002,-0.2009110748767852,0.9999478459358216,0.5478008985519409,0.6947007179260254,-0.2009174525737762,0.9999445676803588,0.5501362085342407,0.6943501234054565,-0.2009130418300628,0.9999423623085022,0.5281760096549988,0.6849744319915771,-0.1230426952242851,0.9999541640281676,0.5526643991470337,0.6870905756950378,-0.1174196824431419,0.9998696446418762,0.5369600057601929,0.6717692017555237,-0.1817535310983657,0.9999884963035583,0.5474541783332825,0.6733810305595398,-0.1801923066377639,0.9999794960021972,0.507080078125,0.6086629629135132,-0.0630948767066001,0.999989688396454,0.5721094012260437,0.6090773344039917,-0.0504151955246925,0.99993896484375,0.497845858335495,0.5077346563339233,-0.0178168788552284,0.9901771545410156,0.5785984396934509,0.5114409923553467,-0.0090023316442966,0.9536518454551696,0.4924445748329162,0.4240391850471496,-0.0834797099232673,0.9849290251731871,0.5848000645637512,0.4266193807125091,-0.0738623440265655,0.9430400133132936,0.4880878329277038,0.3962210714817047,-0.1043578535318374,0.9682513475418092,0.5884478688240051,0.398929089307785,-0.095141977071762,0.9035354256629944,0.4926400184631347,0.3957512378692627,-0.1318953782320022,0.9708636999130248,0.5851657390594482,0.3984272480010986,-0.12407186627388,0.9106033444404602,0.49590864777565,0.4039230048656463,-0.0955493822693824,0.9634492993354796,0.5829460024833679,0.4066899716854095,-0.0869954377412796,0.9019287824630736,0.5207731127738953,0.4313549697399139,-0.0066713914275169,0.9997904896736144,0.5618771314620972,0.4295104146003723,0.0066293105483055,0.99966698884964,0.5204834938049316,0.2736504971981048,-0.0292453281581401,0.9725228548049928,0.5619868636131287,0.2732267677783966,-0.0129953287541866,0.9520798325538636,0.5249340534210205,0.1289095282554626,0.0645785108208656,0.9742135405540466,0.5551548600196838,0.1309400051832199,0.0824131444096565,0.9482651948928832,0.5276472568511963,0.1120468825101852,0.0671374797821044,0.6150921583175659,0.5516986846923828,0.1158347651362419,0.0857296660542488,0.6295784711837769,0.5275735259056091,0.0775364339351654,-0.0415112636983394,0.9604355692863464,0.5561283826828003,0.0790804401040077,-0.0159393083304166,0.9434092044830322,hoyeon_stand_normal_01,15.43567,14.1035165,12.0475115,12.0,12.542302,12.424429,12.144801,10.739333,9.8704815,9.007775,9.0675425,9.68148,10.9308165,11.156854,12.3329075,12.046739,13.0880205,14.3197845,15.9611055,17.95758,19.692388,20.7492515,21.5251695,20.4741635,19.593096,20.149988,10.1023255,11.67878,13.097513,14.2448805,15.195122,15.0305615,14.1622585,12.714764,11.407462,10.483386,10.8216585,10.7466365,10.7806995,10.3738445,8.936273499999999,8.205899500000001,7.3007355,9.007775,10.739333,12.062320499999998,12.3097895,12.2864215,11.316073,12.501304,14.7179155,15.8412625,10.049876,12.041595,13.038405,14.317821,14.317821,14.866069,14.317821,14.764823,14.422205,13.601471,13.453624,12.727922,12.041595,12.206556,11.661904,9.848858,9.219544,8.0,7.28011,7.81025,9.433981,11.7047,14.317821,16.124515,18.11077,19.104973,16.124515,18.0,18.11077,17.720045,16.155494,13.892444,11.313708,7.211103,5.0,4.242641,7.0,9.219544,10.77033,12.529964,14.422205,15.0,14.866069,15.556349,14.866069,13.453624,12.727922,10.630146,7.81025,5.385165,3.162278,5.385165,17.464249,15.231546,13.416408,11.661904,10.0,9.219544,10.29563,10.77033,12.083046,14.317821,14.764823,15.811388,17.804494,18.384776,18.439089,18.601075,18.35756,17.0,14.317821,11.18034,8.602325,5.830952,7.071068,9.848858,13.038405,15.264338,10.816654,8.485281,7.211103,8.062258,10.198039,12.649111,15.231546,17.464249,18.384776,18.973666,18.973666,18.439089,17.262677,16.03122,14.035669,13.038405,12.041595,11.18034,10.198039,10.77033,12.083046,13.892444,15.264338,16.643317,18.35756,18.35756
hoyeon_stand_normal_01,3543,1181,118.10645355191257,29.998360745314464,10,0.5424008965492249,0.6844793558120728,-0.2127231508493423,0.999989688396454,0.5379592180252075,0.694485604763031,-0.2023943960666656,0.999963879585266,0.5352860689163208,0.6939518451690674,-0.2023995667695999,0.9999671578407288,0.5327275395393372,0.6931121349334717,-0.2024121284484863,0.9999690055847168,0.5454164147377014,0.6947342753410339,-0.2011666148900985,0.9999480843544006,0.5476695895195007,0.6945613026618958,-0.2011738121509552,0.9999448657035828,0.549966037273407,0.6942474246025085,-0.2011705487966537,0.999942660331726,0.5280354619026184,0.6847594976425171,-0.1233129799365997,0.9999540448188782,0.5525403618812561,0.6870278716087341,-0.11763496696949,0.9998707175254822,0.5368825793266296,0.6714417934417725,-0.1818547546863556,0.9999884963035583,0.5473364591598511,0.6731150150299072,-0.1802831590175628,0.999979555606842,0.5068556070327759,0.6086196303367615,-0.0628939941525459,0.9999895691871644,0.5720437169075012,0.6091129779815674,-0.0505758970975875,0.999940037727356,0.4978245198726654,0.5076512098312378,-0.0173607543110847,0.9901258945465088,0.5785470604896545,0.5114367604255676,-0.0090805543586611,0.9542263746261596,0.4924414455890655,0.4239293932914734,-0.0829888805747032,0.9848039746284484,0.5847695469856262,0.4266272783279419,-0.0740614831447601,0.9436385035514832,0.4881032109260559,0.3962222337722778,-0.1031878963112831,0.9679957628250122,0.5884341597557068,0.3989299535751343,-0.0952668264508247,0.9043733477592468,0.4926063120365143,0.3957468867301941,-0.1307349950075149,0.97061949968338,0.5851609110832214,0.3984282314777374,-0.1242806389927864,0.9113646745681764,0.4958576560020447,0.4039019048213959,-0.0950193777680397,0.9631744623184204,0.5829419493675232,0.4066923856735229,-0.0872338190674781,0.9026901721954346,0.5207533240318298,0.4312253594398498,-0.0066769146360456,0.999788463115692,0.5618732571601868,0.4295085668563843,0.0066343117505311,0.9996654987335204,0.5203431248664856,0.2735519409179687,-0.0284277535974979,0.9722880721092224,0.5619727969169617,0.2731828093528747,-0.012533564120531,0.9521946907043456,0.524915874004364,0.1286799311637878,0.064604602754116,0.9740347266197203,0.5551623702049255,0.1308784335851669,0.0824844762682914,0.94829660654068,0.5276443362236023,0.1118577197194099,0.0671488046646118,0.6151981353759766,0.5517157316207886,0.1156163439154625,0.0857821553945541,0.6307269930839539,0.5275580286979675,0.0775110200047493,-0.0414309613406658,0.9602991938591005,0.556125283241272,0.0790797099471092,-0.0157087612897157,0.9434621930122375,hoyeon_stand_normal_01,9.848858,5.830952,3.162278,4.242641,7.211103,8.944272,10.77033,11.7047,11.7047,12.649111,11.401754,11.401754,11.18034,10.049876,9.0,7.071068,5.830952,5.830952,7.0,10.440307,14.317821,17.888544,21.470911,23.259407,24.166092,22.472205,2.0,3.162278,6.0,8.0,11.0,13.038405,14.142136,15.297059,14.56022,13.601471,12.649111,10.77033,8.544004,6.708204,4.472136,2.236068,1.0,3.605551,7.071068,9.899495,13.453624,15.620499,17.204651,17.492856,17.888544,15.652476,17.088007,15.524175,14.142136,12.041595,10.049876,8.246211,7.211103,5.656854,5.385165,5.0,6.324555,7.211103,8.485281,10.0,11.661904,12.529964,15.231546,16.155494,18.027756,18.027756,18.973666,17.720045,16.492423,14.56022,12.369317,9.219544,5.830952,4.123106,4.472136,6.708204,9.219544,12.041595,14.035669,14.317821,14.56022,15.231546,13.416408,11.661904,10.0,7.81025,5.0,3.162278,2.828427,4.0,6.082763,9.486833,11.7047,14.317821,16.552945,17.888544,18.788294,18.788294,16.552945,16.124515,13.892444,12.206556,10.630146,10.0,11.18034,12.083046,13.0,14.317821,16.124515,16.643317,17.804494,18.384776,19.209373,18.601075,18.867962,17.0,14.317821,11.18034,8.602325,6.708204,8.0,10.77033,13.416408,16.124515,9.219544,7.81025,7.28011,8.0,9.486833,12.083046,15.652476,17.464249,18.384776,19.313208,18.973666,18.681542,17.464249,15.297059,14.317821,13.152946,12.165525,11.401754,11.7047,12.083046,13.038405,14.422205,15.264338,16.643317,18.867962,18.35756
hoyeon_stand_normal_01,3546,1182,118.20645901639344,29.998360745314464,10,0.5423344373703003,0.6842563152313232,-0.2117572575807571,0.9999896287918092,0.5378560423851013,0.6943062543869019,-0.2014481425285339,0.999963641166687,0.535182535648346,0.6937698721885681,-0.2014538496732711,0.9999668598175048,0.5326385498046875,0.6929314136505127,-0.201466903090477,0.999968647956848,0.5452967882156372,0.6946050524711609,-0.2002272307872772,0.9999479055404664,0.5475406050682068,0.6944738030433655,-0.2002346068620681,0.9999447464942932,0.5497969388961792,0.6941958665847778,-0.2002321779727935,0.9999425411224364,0.5279167890548706,0.6846242547035217,-0.1224945411086082,0.9999535083770752,0.5524053573608398,0.6870129704475403,-0.1168213784694671,0.9998708367347716,0.5367980599403381,0.671265184879303,-0.1809262782335281,0.9999883770942688,0.5472266674041748,0.672972559928894,-0.1793584823608398,0.9999794960021972,0.506673276424408,0.6085611581802368,-0.0621395111083984,0.99998939037323,0.5719701647758484,0.6091439127922058,-0.0501595363020896,0.9999409317970276,0.4978165328502655,0.5075572729110718,-0.0171489417552948,0.990051805973053,0.578461766242981,0.5114001035690308,-0.0087220249697566,0.9546725153923036,0.4924571216106415,0.4237310886383056,-0.0805328041315078,0.984635293483734,0.5847395658493042,0.4265758395195007,-0.0732985287904739,0.9439318180084229,0.4881681501865387,0.3962120413780212,-0.1003432720899581,0.9676527976989746,0.5884268283843994,0.398856908082962,-0.0944040790200233,0.9047245383262634,0.4925957918167114,0.3957365155220032,-0.1275994032621383,0.97029846906662,0.5851485729217529,0.3983440697193146,-0.1234621852636337,0.911662757396698,0.4958411753177643,0.4038625955581665,-0.0924535915255546,0.9628026485443116,0.582922101020813,0.4066286087036133,-0.0864824578166008,0.9029785990715028,0.5207571387290955,0.4309887886047363,-0.0066628726199269,0.9997864961624146,0.5618718266487122,0.4294697940349579,0.0066197589039802,0.9996641278266908,0.520218014717102,0.2734016180038452,-0.0281165521591901,0.9719200730323792,0.561971127986908,0.273015022277832,-0.0124460337683558,0.9520199298858644,0.5249143838882446,0.1284959316253662,0.064583346247673,0.973651647567749,0.5552165508270264,0.1308513581752777,0.0825014859437942,0.9479027986526488,0.5276432633399963,0.1117102652788162,0.0671041682362556,0.6140024662017822,0.5518096685409546,0.1154632046818733,0.0858119875192642,0.6300370693206787,0.5275296568870544,0.0774816796183586,-0.0414378829300403,0.9598482847213744,0.5561910271644592,0.0790518969297409,-0.0156757794320583,0.9430592060089112,hoyeon_stand_normal_01,10.0,7.071068,4.472136,3.605551,5.830952,7.28011,9.219544,10.198039,11.18034,11.045361,11.045361,10.049876,10.0,9.055385,8.062258,6.324555,4.242641,5.09902,6.324555,10.0,13.453624,17.691806,20.518285,22.803509,23.600847,22.203603,1.414214,3.0,5.09902,8.246211,11.18034,13.152946,14.035669,14.035669,14.0,13.0,12.041595,10.049876,8.062258,6.082763,4.0,1.414214,2.236068,4.242641,7.81025,10.630146,12.806248,15.556349,16.970563,18.439089,18.601075,15.811388,10.049876,11.18034,13.341664,13.928388,14.317821,14.764823,14.422205,14.21267,13.453624,12.806248,12.206556,12.529964,12.083046,11.7047,10.440307,9.219544,8.0,7.28011,6.403124,7.615773,9.0,11.18034,14.56022,16.155494,18.384776,20.615528,15.0,17.117243,17.464249,18.027756,16.124515,14.21267,10.816654,7.615773,6.082763,5.0,8.062258,10.049876,11.401754,13.0,14.764823,15.264338,17.204651,16.401219,17.029386,15.620499,14.21267,11.401754,9.433981,6.324555,4.123106,4.472136,12.369317,13.152946,14.142136,14.142136,13.152946,13.341664,12.369317,10.440307,9.486833,8.544004,6.708204,5.385165,4.0,3.605551,5.0,7.211103,10.29563,13.0,15.652476,17.492856,18.867962,19.416488,19.209373,18.439089,16.278821,13.453624,13.928388,15.231546,16.552945,17.0,17.0,17.0,14.764823,12.529964,10.77033,8.544004,7.071068,6.082763,6.708204,7.211103,7.81025,8.485281,9.899495,10.630146,11.313708,11.313708,12.041595,11.313708,11.313708,11.401754,10.816654,11.18034
hoyeon_stand_normal_01,3549,1183,118.30646448087433,29.998360745314464,10,0.5421897768974304,0.6840776205062866,-0.2108769118785858,0.9999894499778748,0.5376569032669067,0.6941271424293518,-0.2005052417516708,0.9999630451202391,0.5349681377410889,0.6935702562332153,-0.2005114555358886,0.9999662041664124,0.5324686765670776,0.6927413940429688,-0.2005246728658676,0.9999679327011108,0.5451073050498962,0.6944748759269714,-0.199326291680336,0.9999473690986632,0.5473639965057373,0.6943787932395935,-0.1993337720632553,0.999944269657135,0.5495745539665222,0.6941431760787964,-0.199331596493721,0.9999420642852784,0.5277426242828369,0.6844918131828308,-0.1215049475431442,0.9999524354934692,0.5522645115852356,0.6869993209838867,-0.1160162016749382,0.999870240688324,0.5366300344467163,0.6711159944534302,-0.1800565123558044,0.9999881386756896,0.5470587015151978,0.6728593707084656,-0.1785252541303634,0.9999791979789734,0.5064589381217957,0.6084915995597839,-0.0617132894694805,0.999989092350006,0.5719131231307983,0.6091574430465698,-0.0496327169239521,0.99994158744812,0.4977689683437347,0.507516622543335,-0.015272008255124,0.9899075031280518,0.5784122943878174,0.5112965106964111,-0.0084333978593349,0.9551082253456116,0.4924803078174591,0.4235856235027313,-0.0774027854204177,0.98435378074646,0.5847158432006836,0.426477313041687,-0.0731371566653251,0.9441856741905212,0.4882608652114868,0.3962021768093109,-0.0969807878136634,0.9671138525009156,0.5884222388267517,0.3987174928188324,-0.0942727550864219,0.9050222635269164,0.4925899803638458,0.395734429359436,-0.1241393983364105,0.96979022026062,0.5851462483406067,0.398193895816803,-0.1233203411102294,0.9119195938110352,0.4958291947841644,0.403846800327301,-0.0893175527453422,0.9621987342834472,0.5829101800918579,0.4065131545066833,-0.086320586502552,0.903207004070282,0.5207421183586121,0.4307767450809479,-0.0066278474405407,0.9997826814651488,0.5618636608123779,0.4294541180133819,0.0065842769108712,0.9996612668037416,0.5201294422149658,0.2733865976333618,-0.0270047560334205,0.9717796444892884,0.5620301365852356,0.2730025947093963,-0.0123486882075667,0.9521811008453368,0.5248655676841736,0.1281588673591613,0.064255304634571,0.9734625816345216,0.5552758574485779,0.1307796835899353,0.0816451832652092,0.947886049747467,0.5276405215263367,0.111296996474266,0.0665898025035858,0.6132492423057556,0.5518589019775391,0.1151233464479446,0.084783561527729,0.6301895976066589,0.5275218486785889,0.0774581655859947,-0.0418693274259567,0.9596879482269288,0.5562140345573425,0.0790509060025215,-0.0166572108864784,0.9430209398269652,hoyeon_stand_normal_01,19.104973,19.79899,19.849433,19.209373,16.401219,13.601471,10.630146,7.81025,5.0,3.0,4.242641,6.324555,8.062258,11.045361,14.035669,17.029386,20.024984,22.022716,23.086793,23.086793,22.203603,19.104973,16.0,11.18034,10.0,11.18034,16.124515,17.0,16.124515,15.297059,13.341664,10.440307,7.28011,4.123106,2.236068,4.0,6.324555,8.544004,10.440307,11.401754,12.369317,13.341664,14.142136,14.142136,13.038405,12.0,9.055385,6.082763,2.0,2.828427,7.211103,12.206556,17.262677,15.524175,13.928388,12.083046,10.816654,8.485281,7.211103,5.385165,5.0,4.472136,5.656854,5.830952,7.28011,9.055385,11.0,13.038405,14.142136,16.278821,18.439089,18.439089,18.681542,18.681542,16.763055,15.524175,13.601471,10.440307,6.0,5.0,5.385165,8.062258,9.848858,12.206556,13.453624,15.0,14.764823,14.317821,12.649111,11.401754,9.219544,7.071068,4.0,2.0,1.0,3.162278,6.082763,9.219544,12.165525,15.132746,17.117243,19.026298,19.104973,19.104973,12.806248,14.21267,14.866069,14.866069,15.620499,15.0,13.601471,12.529964,11.18034,9.848858,7.615773,6.708204,5.0,3.605551,4.0,6.324555,9.848858,12.083046,14.764823,17.464249,19.313208,20.248457,20.880613,19.646883,17.464249,15.297059,13.928388,15.811388,17.464249,18.439089,18.439089,16.492423,15.297059,13.341664,10.440307,8.544004,7.81025,6.403124,6.324555,7.071068,8.0,9.0,10.0,11.0,12.0,12.041595,13.038405,13.038405,12.0,11.0,11.18034,11.7047
hoyeon_stand_normal_01,3552,1184,118.40646994535518,29.998360745314464,10,0.5420286059379578,0.6839194297790527,-0.2105515748262405,0.999989092350006,0.537457287311554,0.6939603090286255,-0.2000444531440735,0.9999617338180542,0.5347511768341064,0.6933823227882385,-0.2000512778759002,0.9999648928642272,0.5323013663291931,0.69256591796875,-0.200064554810524,0.9999666213989258,0.5449312329292297,0.6943488717079163,-0.1988014131784439,0.999946117401123,0.5472063422203064,0.6942809224128723,-0.1988072544336319,0.9999430179595948,0.5493882894515991,0.6940808892250061,-0.198803499341011,0.9999409914016724,0.5275935530662537,0.6843901872634888,-0.1211058348417282,0.999950349330902,0.5521503686904907,0.6869783997535706,-0.1154024824500083,0.9998685717582704,0.5364589691162109,0.6710027456283569,-0.1798911541700363,0.9999876022338868,0.5469065308570862,0.6727631092071533,-0.1781953871250152,0.9999786615371704,0.5062370300292969,0.6084308624267578,-0.0598638504743576,0.9999886751174928,0.5718517303466797,0.6092517971992493,-0.0492480285465717,0.9999422430992126,0.4977043569087982,0.5075075030326843,-0.0123477401211857,0.9896733164787292,0.5783288478851318,0.5113158226013184,-0.0085753323510289,0.9555750489234924,0.4924939274787903,0.4235101044178009,-0.074094109237194,0.9839138984680176,0.5846678614616394,0.4265256524085998,-0.0732052102684974,0.9444760680198668,0.4883517324924469,0.3962009251117706,-0.0937733575701713,0.9663046002388,0.5884150266647339,0.3987321555614471,-0.0944589897990226,0.90536630153656,0.4925884008407593,0.3957383036613464,-0.120786041021347,0.9690216779708862,0.5851415395736694,0.3982071280479431,-0.1234140396118164,0.9122027158737184,0.4958215057849884,0.4038455486297607,-0.0860100537538528,0.9612752199172974,0.5828962326049805,0.4065309762954712,-0.0863421633839607,0.9034212827682496,0.5206994414329529,0.4307826459407806,-0.0063411225564777,0.9997783899307252,0.5618605017662048,0.4295386373996734,0.0062977978959679,0.9996591210365297,0.5199546217918396,0.2735328078269958,-0.0265380516648292,0.97178316116333,0.562063455581665,0.2730069160461426,-0.0126850605010986,0.9524665474891664,0.5248652100563049,0.128052681684494,0.0633523911237716,0.9733580350875854,0.5553949475288391,0.1306374669075012,0.0793928429484367,0.9480645060539246,0.527719259262085,0.1111368238925933,0.0654432028532028,0.6131430864334106,0.552056610584259,0.11458720266819,0.0823141038417816,0.6308087110519409,0.5275219678878784,0.0774577111005783,-0.0429599843919277,0.9595681428909302,0.5566345453262329,0.0790709555149078,-0.0193641390651464,0.9431294798851012,hoyeon_stand_normal_01,21.023796,22.825424,22.472205,21.633308,19.209373,15.811388,12.206556,8.602325,5.385165,3.0,3.162278,5.0,8.062258,10.440307,13.928388,15.811388,18.384776,20.248457,21.18962,20.880613,18.973666,15.811388,12.083046,7.81025,7.071068,9.848858,15.297059,16.124515,16.03122,15.033296,13.038405,10.198039,6.082763,3.0,2.0,4.472136,6.403124,10.0,11.401754,12.206556,13.038405,13.892444,14.764823,14.317821,13.0,11.7047,8.544004,5.385165,2.0,5.385165,9.486833,14.866069,14.603278,15.3828075,14.866069,13.962833,13.33293,12.905694,11.505517,11.4236595,11.107256,10.2620875,10.1980395,10.566373,10.6789255,11.8011625,12.4497475,13.038632,13.3772085,14.506317,13.670857,14.811289,14.7859705,15.384222,16.879376,17.3050495,17.249861,16.7098795,11.854102,12.0524865,12.208244,13.0397045,13.4799425,13.420763,12.4239215,10.972136,9.576473,8.305979,8.893731500000001,9.416294,9.787209,9.626349,9.7111025,8.5004455,8.32288,9.405694,10.5982765,11.311239,11.9485505,12.3715525,12.37783,12.1378595,12.1761555,13.1369835,17.720045,15.811388,13.601471,10.77033,9.433981,8.485281,8.944272,10.440307,11.7047,13.601471,15.811388,17.464249,18.35756,19.416488,20.615528,20.518285,19.849433,19.209373,16.643317,13.601471,10.630146,7.211103,6.082763,8.602325,12.041595,15.0,8.0,6.324555,5.656854,6.324555,9.055385,12.0,14.035669,16.03122,18.0,18.0,18.11077,17.262677,16.124515,15.297059,13.341664,11.401754,11.18034,10.049876,10.049876,10.440307,12.083046,14.317821,15.652476,17.888544,18.788294,19.313208
hoyeon_stand_normal_01,3555,1185,118.50647540983606,29.998360745314464,10,0.5419343113899231,0.6837518215179443,-0.2153084427118301,0.999989092350006,0.5373165607452393,0.6938183903694153,-0.2049330174922943,0.9999617338180542,0.534598171710968,0.6932246685028076,-0.2049373686313629,0.9999648332595824,0.5321788191795349,0.6924130916595459,-0.2049501687288284,0.9999665021896362,0.5448006987571716,0.6942593455314636,-0.2040294110774994,0.9999465346336364,0.5470854043960571,0.6942234635353088,-0.2040380090475082,0.9999434947967528,0.5492502450942993,0.6940563321113586,-0.2040361762046814,0.9999415278434752,0.527492105960846,0.6842994093894958,-0.1252244263887405,0.9999501705169678,0.552045464515686,0.6869743466377258,-0.1211244687438011,0.9998703598976136,0.5363640189170837,0.6708647012710571,-0.1841556131839752,0.999987542629242,0.5468114018440247,0.6726614236831665,-0.1830068528652191,0.9999787211418152,0.5061899423599243,0.608404278755188,-0.0623185075819492,0.9999883770942688,0.5718016028404236,0.6092819571495056,-0.0533890724182128,0.9999428391456604,0.4975251257419586,0.507504940032959,-0.0136903561651706,0.9895799160003662,0.5782573223114014,0.5113171935081482,-0.0120170814916491,0.9560084939002992,0.4924700558185577,0.423491358757019,-0.0745076462626457,0.9836808443069458,0.584628701210022,0.4265335500240326,-0.0763276368379592,0.9446929097175598,0.4883645474910736,0.3961986005306244,-0.0942412093281745,0.965816080570221,0.588405430316925,0.3987778723239898,-0.097364418208599,0.9055926203727722,0.4925697147846222,0.3957374989986419,-0.1209679543972015,0.9685548543930054,0.5851331353187561,0.3982366919517517,-0.1261875331401825,0.9123818278312684,0.4957781732082367,0.403843492269516,-0.0864376798272132,0.9607163667678832,0.5828831195831299,0.4065362513065338,-0.0893477872014045,0.9035037755966188,0.5206339359283447,0.431047111749649,-0.0061503895558416,0.9997745156288148,0.5617952346801758,0.4298314154148102,0.0061044911853969,0.999656617641449,0.5195637345314026,0.2737289071083069,-0.0266146976500749,0.9719921350479126,0.5620667338371277,0.2733273208141327,-0.0129022188484668,0.953205406665802,0.5246729254722595,0.1279314160346985,0.0602914728224277,0.973521053791046,0.5554102063179016,0.1304584741592407,0.0758805498480796,0.9486548900604248,0.527654230594635,0.1110535264015197,0.0619399808347225,0.6148450970649719,0.5520898699760437,0.1139976382255554,0.0784122124314308,0.6325563788414001,0.5273552536964417,0.0774582177400589,-0.0470119193196296,0.9597989320755004,0.5566321015357971,0.0790668800473213,-0.0235319826751947,0.9436115026474,hoyeon_stand_normal_01,11.0,7.071068,3.605551,3.162278,6.403124,8.602325,10.816654,12.206556,12.529964,13.416408,13.416408,13.0,12.083046,11.7047,10.198039,8.062258,6.082763,5.656854,6.0,10.440307,13.928388,18.788294,21.023796,23.769729,24.698178,23.4094,2.236068,3.162278,5.830952,8.602325,11.661904,13.601471,15.620499,16.278821,16.278821,14.866069,14.21267,12.206556,9.433981,7.211103,4.472136,2.236068,3.605551,6.708204,10.77033,13.928388,16.763055,18.439089,19.235384,19.104973,18.027756,18.2496885,12.649111,14.764823,15.811388,16.278821,16.278821,16.401219,16.643317,17.0,17.088007,16.763055,16.492423,16.278821,16.124515,16.03122,16.0,14.0,12.165525,10.440307,8.062258,7.211103,8.0,11.401754,14.764823,18.35756,21.633308,23.323808,18.867962,20.615528,21.931712,20.808652,20.124612,16.763055,14.035669,9.219544,7.071068,6.0,8.602325,11.401754,13.416408,15.811388,17.464249,19.235384,19.104973,20.024984,20.0,18.0,17.029386,15.033296,11.18034,8.944272,7.81025,8.062258,17.262677,15.132746,13.152946,10.440307,8.062258,7.81025,8.062258,9.486833,11.401754,12.649111,14.866069,16.552945,17.492856,18.601075,18.439089,18.384776,19.209373,17.804494,15.0,12.806248,9.219544,6.708204,6.324555,9.219544,12.041595,15.0,6.708204,5.0,3.605551,5.830952,8.246211,11.18034,14.317821,16.278821,17.720045,18.027756,18.027756,16.155494,15.652476,13.892444,11.661904,9.848858,8.544004,8.246211,8.0,9.055385,10.440307,13.0,14.866069,16.763055,18.681542,18.439089
hoyeon_stand_normal_01,3558,1186,118.60648087431694,29.998360745314464,10,0.541843831539154,0.6836164593696594,-0.215223029255867,0.9999889135360718,0.5371918082237244,0.6937066912651062,-0.2046741396188736,0.9999611377716064,0.5344657301902771,0.693105161190033,-0.2046771645545959,0.99996417760849,0.5320695042610168,0.6923004984855652,-0.2046864926815033,0.9999658465385436,0.5446850061416626,0.6941812634468079,-0.2038244903087616,0.999946117401123,0.5469760298728943,0.6941686272621155,-0.2038280814886093,0.9999431371688844,0.5491272211074829,0.6940287351608276,-0.2038228213787078,0.9999412894248962,0.5273962616920471,0.6842268705368042,-0.1243974193930625,0.9999489784240724,0.5519578456878662,0.6869657039642334,-0.1203373521566391,0.9998703598976136,0.5362754464149475,0.6707372069358826,-0.1838443726301193,0.9999873042106628,0.5467156767845154,0.6725531220436096,-0.1827438324689865,0.9999786019325256,0.506105363368988,0.6083812117576599,-0.0611124895513057,0.9999880790710448,0.5717560052871704,0.6092864871025085,-0.0524998381733894,0.9999432563781738,0.497358500957489,0.5075007677078247,-0.0133784273639321,0.9894809126853944,0.5782415270805359,0.5112451910972595,-0.0112094040960073,0.9565728902816772,0.4924562275409698,0.4234080016613006,-0.0750405266880989,0.9835320115089417,0.5846126675605774,0.4265157878398895,-0.0757983177900314,0.9452884197235109,0.488373726606369,0.3961569666862488,-0.0949382856488227,0.965516984462738,0.5884014368057251,0.3987868428230285,-0.0970215871930122,0.9064210057258606,0.4925592541694641,0.3956988155841827,-0.1217551380395889,0.9682607054710388,0.5851194262504578,0.398239254951477,-0.1257164776325225,0.9131200909614564,0.4957537055015564,0.4038073718547821,-0.0869830772280693,0.960365355014801,0.5828610062599182,0.4065324664115906,-0.0887891724705696,0.9041860699653624,0.5205726027488708,0.4309954047203064,-0.0059779561124742,0.9997718930244446,0.5617349743843079,0.4297924637794494,0.0059308009222149,0.9996548891067504,0.519428551197052,0.2737204134464264,-0.0264310240745544,0.9721546173095704,0.5620869398117065,0.2733202278614044,-0.0130315283313393,0.9536508917808532,0.5245925784111023,0.127767339348793,0.0614865273237228,0.9735689759254456,0.5554265379905701,0.1303932070732116,0.0764180645346641,0.9489906430244446,0.5276268720626831,0.1109564453363418,0.0633042156696319,0.6160193085670471,0.5520903468132019,0.1138391718268394,0.0790623724460601,0.633369505405426,0.527214765548706,0.0773874670267105,-0.0453422702848911,0.9599015712738036,0.5566303730010986,0.0790573209524154,-0.0226997695863246,0.9439100623130798,hoyeon_stand_normal_01,13.601471,8.485281,4.472136,4.242641,7.28011,10.049876,13.038405,14.0,15.033296,16.03122,15.033296,14.142136,14.142136,12.369317,10.440307,8.544004,6.403124,4.123106,5.656854,9.848858,14.866069,18.973666,23.086793,25.632011,26.0,24.166092,2.0,3.605551,8.246211,11.18034,14.317821,16.492423,18.681542,18.973666,18.027756,17.464249,15.652476,13.416408,10.29563,8.062258,4.472136,1.414214,1.414214,5.830952,9.219544,13.453624,17.691806,20.518285,22.671568,24.207437,23.600847,21.633308,16.643317,15.652476,13.928388,12.369317,10.049876,9.0,7.071068,5.385165,3.605551,3.162278,3.162278,3.605551,5.385165,7.071068,9.0,11.18034,13.341664,16.278821,17.464249,18.681542,18.973666,18.973666,17.720045,15.811388,13.601471,10.440307,7.071068,5.0,5.385165,7.071068,9.848858,12.041595,13.453624,14.422205,14.422205,14.317821,13.0,11.7047,9.219544,7.071068,5.0,3.162278,2.236068,3.162278,5.0,8.485281,11.313708,13.453624,15.556349,16.278821,18.384776,17.691806,17.014693,15.4330345,13.726812,10.9310075,9.081908,7.566663,8.2737695,9.1231055,10.793492,11.955628,13.9070705,15.78794,16.547539,17.416939999999997,18.192658,18.449532,18.3887285,16.790215,14.7131445,12.1769055,8.5952415,6.085044,5.2774495,8.7434165,12.2857795,14.4534795,8.0798885,5.6080585,4.297621,5.5413815,8.744138,11.855152,14.7910795,16.7462115,18.4777145,19.505462,18.848992,17.95815,16.308469,14.859632,13.3772085,11.9137145,9.81601,9.196431,8.840095999999999,9.109772,10.5226805,12.1860405,14.370013,16.693596,18.5663645,18.5663645
hoyeon_stand_normal_01,3561,1187,118.70648633879782,29.998360745314464,10,0.5417642593383789,0.6834754347801208,-0.2173858284950256,0.9999889135360718,0.5371031165122986,0.6935926675796509,-0.2069236487150192,0.9999610185623168,0.5343734622001648,0.6929888725280762,-0.2069267481565475,0.9999639987945556,0.5319934487342834,0.6921934485435486,-0.2069355696439743,0.9999656081199646,0.5445948839187622,0.694088339805603,-0.2060744613409042,0.9999461770057678,0.5468891263008118,0.6940978765487671,-0.2060836106538772,0.9999433159828186,0.5490331053733826,0.6939845681190491,-0.2060820162296295,0.9999414086341858,0.5273395776748657,0.6841645240783691,-0.126917153596878,0.999948501586914,0.551899254322052,0.6869475245475769,-0.1229797750711441,0.9998708963394164,0.5362125635147095,0.6706066131591797,-0.1861335784196853,0.999987244606018,0.546629011631012,0.6724280714988708,-0.1850702166557312,0.9999786019325256,0.5060632824897766,0.6083381175994873,-0.0643047913908958,0.9999879002571106,0.5717476010322571,0.609254002571106,-0.0549895614385604,0.9999434947967528,0.4972387552261352,0.5074806213378906,-0.0165333356708288,0.989469349384308,0.5782113671302795,0.5110522508621216,-0.0133784106001257,0.9571169018745422,0.492441177368164,0.4232288599014282,-0.0790643692016601,0.9834595918655396,0.5846073627471924,0.4263903200626373,-0.0776901170611381,0.945717751979828,0.4883757829666137,0.3960753977298736,-0.0987160950899124,0.9653207659721376,0.5883945822715759,0.3987831771373749,-0.098634049296379,0.9069467782974244,0.4925487637519836,0.3956103920936584,-0.1256253868341446,0.968067705631256,0.5850893259048462,0.3982150852680206,-0.1272642910480499,0.91358083486557,0.4957319796085357,0.4037207067012787,-0.0909039974212646,0.9601412415504456,0.5828256011009216,0.4064762592315674,-0.0905899479985237,0.904587745666504,0.5205541849136353,0.430852323770523,-0.0059699807316064,0.9997692108154296,0.5616962313652039,0.4297086894512176,0.0059216124936938,0.999652087688446,0.5192891359329224,0.2737099230289459,-0.0260376017540693,0.9722697734832764,0.5620870590209961,0.2733135223388672,-0.0127552933990955,0.9540476202964784,0.5244255661964417,0.127564936876297,0.0620261393487453,0.973672091960907,0.5554677844047546,0.1303313374519348,0.0772529020905494,0.9492911100387572,0.527560293674469,0.1107537373900413,0.0638273805379867,0.6174036860466003,0.5521216988563538,0.113690085709095,0.0799376741051673,0.6341868042945862,0.5271803736686707,0.0773866772651672,-0.0449230223894119,0.9600849151611328,0.556628942489624,0.0790594443678855,-0.0218142103403806,0.9442349672317504,hoyeon_stand_normal_01,13.416408,8.062258,3.605551,4.242641,7.615773,10.440307,12.369317,13.341664,14.317821,14.142136,14.142136,13.038405,12.041595,11.0,9.055385,7.28011,5.0,5.0,8.062258,12.041595,16.970563,20.518285,23.345235,26.172505,26.907248,24.839485,2.236068,6.0,10.049876,14.035669,17.029386,19.0,20.024984,20.099751,19.235384,18.248288,16.278821,14.317821,11.18034,8.062258,5.0,2.828427,3.162278,6.403124,10.0,14.21267,17.804494,20.808652,23.021729,24.698178,24.186773,21.470911,17.804494,16.278821,14.866069,12.206556,10.29563,9.486833,7.071068,5.09902,4.472136,3.605551,4.0,4.472136,6.403124,7.81025,10.29563,12.083046,13.928388,15.811388,18.027756,17.720045,18.681542,17.720045,16.492423,14.56022,11.401754,8.246211,6.324555,5.0,5.0,7.615773,10.630146,12.806248,14.422205,15.652476,16.155494,14.56022,14.317821,12.165525,10.049876,8.0,5.09902,3.605551,2.0,4.242641,6.403124,8.944272,12.529964,14.317821,16.552945,17.888544,19.235384,19.723083,12.041595,13.152946,14.317821,14.317821,15.297059,14.142136,14.035669,13.038405,11.0,10.0,8.0,7.0,5.09902,4.472136,4.472136,6.324555,9.055385,12.041595,15.033296,17.029386,19.104973,20.099751,20.223748,19.235384,17.464249,14.56022,14.317821,15.652476,17.0,17.492856,17.204651,15.811388,13.601471,11.661904,8.944272,7.28011,6.082763,5.830952,6.403124,7.211103,8.602325,9.433981,10.816654,12.206556,12.806248,12.806248,12.806248,13.453624,11.401754,11.661904,10.77033,10.198039
hoyeon_stand_normal_01,3564,1188,118.80649180327867,29.998360745314464,10,0.5417199730873108,0.6833735704421997,-0.2144808620214462,0.999988853931427,0.5370622873306274,0.6935223340988159,-0.2038257122039795,0.999960720539093,0.534331202507019,0.6929202675819397,-0.2038295567035675,0.999963641166687,0.5319538712501526,0.6921311616897583,-0.2038339227437973,0.9999651908874512,0.5445462465286255,0.6940214037895203,-0.203103482723236,0.9999460577964784,0.5468419194221497,0.6940451264381409,-0.2031134516000747,0.9999432563781738,0.5489878058433533,0.6939496397972107,-0.2031140327453613,0.9999414086341858,0.5273158550262451,0.6841386556625366,-0.1242953985929489,0.999947726726532,0.5518602728843689,0.6869300603866577,-0.121027871966362,0.9998710751533508,0.5361747741699219,0.6705034971237183,-0.1835424154996872,0.9999870657920836,0.5465774536132812,0.6723243594169617,-0.1826686859130859,0.9999785423278807,0.5060070753097534,0.6083085536956787,-0.0630014687776565,0.9999876022338868,0.5717324018478394,0.6092017889022827,-0.0547446459531784,0.9999436140060424,0.4971447587013244,0.5074453353881836,-0.0163897182792425,0.9894251823425292,0.5781874060630798,0.5109666585922241,-0.0127490507438778,0.9576091170310974,0.492418110370636,0.4230433404445648,-0.0790627151727676,0.98338121175766,0.5845966339111328,0.4263744652271271,-0.0771036818623542,0.946157693862915,0.488375186920166,0.3959355354309082,-0.09872318059206,0.9651476144790648,0.5883865356445312,0.3988259434700012,-0.0981244519352912,0.9075502753257751,0.492541640996933,0.3954322934150696,-0.1256378293037414,0.967883050441742,0.5850734114646912,0.3982400298118591,-0.1270113438367843,0.9141041040420532,0.4957179129123688,0.4035556614398956,-0.0909032821655273,0.9599180221557616,0.58280348777771,0.4064780175685882,-0.0901211202144622,0.9050569534301758,0.5204812288284302,0.4306731224060058,-0.0058981659822165,0.9997665286064148,0.5616582632064819,0.4295582473278045,0.005848878994584,0.99965101480484,0.5190542936325073,0.273792564868927,-0.0260178763419389,0.9726096391677856,0.5621113181114197,0.273357629776001,-0.0127601474523544,0.9549200534820556,0.5244015455245972,0.1276907920837402,0.0620839037001132,0.9738907217979432,0.5556407570838928,0.1302392482757568,0.0774599835276603,0.9500727653503418,0.5276030898094177,0.1107761934399604,0.0639576539397239,0.6203868985176086,0.5523541569709778,0.1135852634906768,0.0802283659577369,0.6366668343544006,0.5271341800689697,0.0773835778236389,-0.0448422469198703,0.9604483246803284,0.556813657283783,0.0790329501032829,-0.02127156406641,0.9449576139450072,hoyeon_stand_normal_01,21.633308,23.600847,24.083189,21.931712,19.79899,16.278821,14.142136,9.899495,7.211103,4.123106,3.605551,4.472136,7.071068,10.0,13.038405,15.033296,17.029386,20.024984,20.0,20.0,19.0,16.0,12.041595,8.246211,5.830952,8.062258,16.763055,17.464249,17.262677,16.03122,13.0,11.0,7.0,3.162278,3.0,5.385165,7.211103,10.0,12.206556,13.038405,15.264338,15.264338,15.652476,15.231546,14.866069,12.649111,10.77033,6.708204,3.605551,4.242641,9.433981,14.764823,17.029386,16.970563,14.21267,13.038405,11.18034,9.486833,7.071068,6.082763,4.472136,3.605551,3.0,4.472136,5.656854,7.81025,10.29563,12.083046,14.866069,16.155494,17.720045,18.681542,18.681542,17.720045,16.492423,14.56022,12.369317,9.219544,7.071068,5.0,5.09902,7.28011,10.0,12.727922,14.422205,15.652476,15.231546,14.866069,13.601471,12.369317,10.198039,8.062258,5.0,3.162278,2.236068,3.605551,6.403124,9.433981,11.661904,13.892444,16.124515,18.35756,18.867962,18.867962,18.027756,17.029386,15.0,12.041595,10.198039,8.062258,9.219544,9.219544,10.816654,12.206556,14.422205,15.620499,17.029386,18.439089,18.601075,18.867962,18.35756,17.888544,15.231546,12.083046,8.944272,5.656854,5.0,8.062258,12.041595,14.142136,8.062258,5.385165,4.123106,6.403124,8.944272,12.649111,15.811388,18.027756,19.697716,20.124612,19.235384,18.867962,17.204651,16.401219,14.21267,12.806248,10.816654,10.29563,9.486833,10.049876,11.0,13.152946,15.297059,17.262677,19.104973,19.104973
hoyeon_stand_normal_01,3567,1189,118.90649726775956,29.998360745314464,10,0.5416661500930786,0.683305561542511,-0.2124369889497757,0.9999887347221376,0.5370267629623413,0.6934754252433777,-0.2015870660543441,0.9999603629112244,0.534296989440918,0.692871630191803,-0.201593741774559,0.9999632835388184,0.5319207906723022,0.6920850276947021,-0.20159812271595,0.9999647736549376,0.5445011258125305,0.6939761638641357,-0.2010469287633896,0.9999458193778992,0.5467981696128845,0.6940065622329712,-0.201056882739067,0.9999430179595948,0.5489448308944702,0.69392329454422,-0.2010586857795715,0.9999411702156068,0.5272891521453857,0.6841121912002563,-0.1217929124832153,0.99994695186615,0.5518398880958557,0.6869109272956848,-0.1193908005952835,0.9998710751533508,0.5361273884773254,0.6704295873641968,-0.1814529746770858,0.9999868869781494,0.5465180277824402,0.6722618937492371,-0.1808229237794876,0.9999784231185912,0.5059353113174438,0.6082732081413269,-0.0606937780976295,0.9999873638153076,0.5717282891273499,0.6091194152832031,-0.0546563789248466,0.9999436736106871,0.4970739781856537,0.5074036717414856,-0.0146560687571764,0.9893251657485962,0.5781521201133728,0.5108081698417664,-0.0122340293601155,0.9580543041229248,0.4924076497554779,0.4228010773658752,-0.078558050096035,0.9832101464271544,0.5845672488212585,0.4263275563716888,-0.0765825435519218,0.9465033411979676,0.4883761405944824,0.3958085477352142,-0.098365306854248,0.9648281931877136,0.5883511900901794,0.3988401591777801,-0.0976251363754272,0.9080371856689452,0.4925370216369629,0.3952633738517761,-0.1252702474594116,0.967572033405304,0.5850381255149841,0.3982535898685455,-0.1265252232551574,0.91453218460083,0.4957065284252167,0.4033537805080414,-0.0904266759753227,0.9595581889152528,0.5827632546424866,0.406478077173233,-0.0896242931485176,0.9054328799247742,0.5204473733901978,0.4304506480693817,-0.005679584108293,0.999764621257782,0.5616450905799866,0.4294129610061645,0.0056301057338714,0.9996496438980104,0.5189294219017029,0.2737930417060852,-0.0260486658662557,0.9726681113243104,0.5621116161346436,0.2734276950359344,-0.0132303657010197,0.9552626609802246,0.5243703126907349,0.1277720034122467,0.0621228143572807,0.973858654499054,0.5556527376174927,0.1302446573972702,0.0774492472410202,0.9502496719360352,0.5275994539260864,0.1108065545558929,0.0640564113855362,0.6214725375175476,0.5523607134819031,0.1136625483632087,0.080297976732254,0.6369104385375977,0.527079164981842,0.0773860737681388,-0.0447378754615783,0.9604756236076356,0.5567333698272705,0.0790359005331993,-0.0211557336151599,0.9451081156730652,hoyeon_stand_normal_01,16.1376815,15.1509195,13.6213205,13.247426,13.4576115,13.012004999999998,12.54,10.903124,9.4445055,8.922056,8.8007355,9.68148,10.1321145,11.291047,11.578471,12.154748,12.4247165,13.130146,14.0527395,15.629494,17.075158,17.148458499999997,17.256476,15.688779,15.211469,15.4719405,10.512181,11.670049,13.348299,13.7348465,14.57891,13.0898885,12.519113,11.1925825,9.865033,10.547645,11.0727375,10.9210305,10.625718,10.165756,8.7669695,8.7764725,8.944272,10.75484,11.4831045,12.8422585,12.4330345,12.149555,10.840771,12.307764,14.318016,16.2830545,8.544004,11.18034,12.206556,13.453624,13.453624,14.422205,14.764823,14.317821,14.866069,14.56022,14.142136,14.035669,14.035669,13.0,12.041595,11.18034,9.219544,7.615773,5.656854,4.123106,5.830952,9.219544,12.206556,15.264338,16.124515,18.35756,16.03122,18.027756,19.235384,19.646883,18.384776,16.124515,12.806248,10.0,7.28011,5.385165,5.830952,8.246211,10.0,12.165525,13.341664,14.866069,14.866069,15.231546,15.231546,14.317821,13.0,11.7047,9.219544,7.0,4.472136,5.385165,11.661904,12.083046,13.0,13.928388,14.317821,14.317821,13.416408,12.529964,10.816654,9.219544,8.602325,6.403124,5.830952,4.123106,4.472136,6.403124,8.485281,11.401754,14.21267,17.029386,18.439089,19.79899,19.79899,19.104973,17.029386,14.21267,13.453624,15.620499,16.401219,17.204651,17.204651,16.643317,15.264338,13.038405,10.0,8.485281,6.708204,6.082763,6.082763,7.28011,8.544004,9.848858,10.29563,12.083046,11.7047,12.649111,12.649111,12.649111,12.649111,11.18034,10.29563,10.630146
hoyeon_stand_normal_01,3570,1190,119.00650273224043,29.998360745314464,10,0.541631817817688,0.6832201480865479,-0.2119222283363342,0.999988615512848,0.5370121002197266,0.6934252977371216,-0.2011075317859649,0.9999599456787108,0.5342829823493958,0.6928198933601379,-0.2011150568723678,0.9999628067016602,0.5319042205810547,0.692034125328064,-0.2011188417673111,0.9999642968177797,0.5444785356521606,0.6939278841018677,-0.2004602253437042,0.9999455213546752,0.5467722415924072,0.6939656138420105,-0.2004702091217041,0.9999427795410156,0.5489214062690735,0.6938913464546204,-0.2004729360342025,0.9999409317970276,0.5272713899612427,0.6840815544128418,-0.1216091066598892,0.999946117401123,0.5518242716789246,0.686890184879303,-0.1187887713313102,0.999870777130127,0.5360959768295288,0.670341432094574,-0.1810844540596008,0.99998676776886,0.5464788675308228,0.6721811890602112,-0.1803220361471176,0.9999783039093018,0.5058486461639404,0.6082479357719421,-0.0606522448360919,0.9999871253967284,0.5717105865478516,0.6090134978294373,-0.0543256402015686,0.9999436736106871,0.4970140755176544,0.5073896050453186,-0.0146803259849548,0.9892800450325012,0.5780887007713318,0.5105284452438354,-0.012030454352498,0.958318054676056,0.4924052357673645,0.4226192533969879,-0.0787848457694053,0.9830865859985352,0.5845224261283875,0.4261534214019775,-0.0762770324945449,0.946786105632782,0.4883832037448883,0.3956921994686126,-0.0986649692058563,0.9645981788635254,0.5882861614227295,0.3988239467144012,-0.0973444432020187,0.9084364771842957,0.4925401508808136,0.3951371014118194,-0.1254959255456924,0.96733558177948,0.5849772095680237,0.3982241451740265,-0.1263747811317443,0.9148622155189514,0.4957081973552704,0.4032246172428131,-0.0906232818961143,0.959298610687256,0.5827071070671082,0.4064209759235382,-0.0893745571374893,0.9057157039642334,0.5203933119773865,0.4303081631660461,-0.0056821531616151,0.999761998653412,0.5616047978401184,0.4293295443058014,0.0056325811892747,0.9996469616889954,0.5188724994659424,0.2737587392330169,-0.0261177085340023,0.972666323184967,0.5621163845062256,0.273394763469696,-0.0132320085540413,0.9555183053016664,0.5244067311286926,0.1277713626623153,0.0623096823692321,0.9737305045127868,0.5556995868682861,0.1302404999732971,0.07760039716959,0.950362265110016,0.5276464819908142,0.1108086332678794,0.0643277838826179,0.6216574907302856,0.5524362325668335,0.1136876568198204,0.0804721787571907,0.6374970078468323,0.5271028876304626,0.0773950070142746,-0.0438890121877193,0.9603425860404968,0.5567297339439392,0.0790865123271942,-0.0210124682635068,0.945188045501709,hoyeon_stand_normal_01,19.235384,21.377558,21.587033,20.880613,18.027756,14.866069,12.649111,8.246211,6.0,4.472136,4.123106,6.082763,8.544004,11.18034,13.416408,16.124515,19.235384,20.124612,21.470911,21.023796,19.697716,17.464249,13.416408,9.219544,7.615773,9.219544,17.029386,17.691806,17.029386,15.811388,13.892444,11.661904,7.81025,5.0,4.0,5.0,7.81025,10.0,10.816654,13.038405,13.601471,15.0,14.866069,14.866069,14.142136,12.806248,10.0,6.403124,2.236068,3.162278,8.0,13.0,9.486833,12.165525,13.038405,15.033296,15.132746,15.524175,16.155494,15.652476,16.124515,15.811388,16.401219,16.278821,14.866069,14.21267,13.601471,13.038405,11.18034,8.544004,6.0,5.0,7.28011,10.0,13.152946,16.492423,18.439089,20.615528,18.027756,20.615528,21.213203,22.022716,20.248457,17.464249,14.317821,11.0,7.615773,5.830952,6.082763,8.602325,11.313708,12.806248,14.422205,16.124515,17.0,17.0,16.552945,16.552945,14.317821,12.529964,10.29563,7.071068,5.09902,5.0,12.041595,13.0,15.033296,16.03122,15.033296,15.0,14.0,13.038405,12.041595,11.045361,9.055385,7.0,6.082763,5.385165,6.403124,8.062258,10.440307,13.601471,16.492423,18.681542,20.880613,21.18962,21.540659,20.615528,19.697716,16.552945,13.038405,15.0,16.401219,16.278821,16.970563,15.556349,14.142136,11.313708,9.219544,5.830952,5.09902,4.123106,5.656854,7.071068,8.602325,10.0,11.401754,12.041595,12.041595,12.727922,12.041595,12.041595,12.727922,11.401754,10.816654,10.77033
hoyeon_stand_normal_01,3573,1191,119.10650819672132,29.998360745314464,10,0.5416151881217957,0.6831371784210205,-0.2112352699041366,0.9999885559082032,0.5370057821273804,0.6933864951133728,-0.2005231529474258,0.9999597668647766,0.534277617931366,0.6927854418754578,-0.2005313038825988,0.999962568283081,0.531895637512207,0.6920020580291748,-0.2005354315042495,0.9999640583992004,0.5444668531417847,0.6938785314559937,-0.1996541917324066,0.9999454021453856,0.5467564463615417,0.6939195990562439,-0.1996646374464035,0.999942660331726,0.5489081740379333,0.6938461661338806,-0.1996674239635467,0.9999408721923828,0.527259111404419,0.6840591430664062,-0.1213027387857437,0.9999457001686096,0.551810085773468,0.6868548393249512,-0.1173675805330276,0.999870538711548,0.5360788702964783,0.670272707939148,-0.1805091202259063,0.9999867081642152,0.5464571714401245,0.6720890402793884,-0.1794354915618896,0.999978244304657,0.5057642459869385,0.6082174181938171,-0.0605800561606884,0.9999869465827942,0.57164067029953,0.6089772582054138,-0.0523550175130367,0.9999435544013976,0.4969783425331116,0.507338285446167,-0.0151519188657403,0.9892449378967284,0.5779793858528137,0.5104762315750122,-0.0108803380280733,0.9584594368934632,0.4924038052558899,0.4224582314491272,-0.0797653496265411,0.9829743504524232,0.584467351436615,0.4261243343353271,-0.0758143961429596,0.9469148516654968,0.4883909821510315,0.3955957293510437,-0.099861279129982,0.9643779993057252,0.5882055163383484,0.3988245725631714,-0.096873752772808,0.9086001515388488,0.4925405383110046,0.3950439095497131,-0.1265736222267151,0.9671174883842468,0.5849198698997498,0.3982217907905578,-0.1256590038537979,0.9149960279464722,0.4957081377506256,0.4031223654747009,-0.0915523469448089,0.9590405225753784,0.5826616883277893,0.4064106047153473,-0.0888226851820945,0.9058286547660828,0.5203423500061035,0.43009814620018,-0.0058672791346907,0.999759316444397,0.5615573525428772,0.4291189610958099,0.0058174356818199,0.9996440410614014,0.5188711285591125,0.273735374212265,-0.0263305734843015,0.9725147485733032,0.562117874622345,0.2732819616794586,-0.0130907408893108,0.95550799369812,0.5244210958480835,0.1275886744260788,0.0625271424651146,0.9735500812530518,0.5557036995887756,0.1301782131195068,0.0784673988819122,0.9503408670425416,0.5276515483856201,0.1107246428728103,0.0646631643176078,0.6217007637023926,0.5524399280548096,0.1136546060442924,0.0814675092697143,0.6381278038024902,0.5270993709564209,0.0773960500955581,-0.043240837752819,0.960162341594696,0.5569372773170471,0.0791023150086402,-0.0196268521249294,0.9451155066490172,hoyeon_stand_normal_01,20.808652,22.472205,22.825424,21.931712,19.313208,16.155494,13.0,9.848858,5.830952,3.605551,3.162278,4.242641,6.708204,9.486833,12.369317,14.56022,17.720045,18.973666,19.924859,20.248457,18.027756,15.811388,12.369317,8.0,7.211103,9.486833,16.124515,17.029386,16.03122,15.132746,12.369317,10.198039,7.071068,3.162278,3.162278,6.082763,8.246211,10.440307,12.649111,13.601471,14.56022,15.297059,16.278821,16.124515,15.033296,13.038405,11.045361,7.071068,3.605551,4.123106,8.602325,14.21267,7.615773,9.433981,11.313708,12.206556,13.038405,13.416408,13.601471,14.317821,13.152946,14.035669,14.0,13.038405,13.152946,12.369317,11.401754,10.77033,8.944272,7.81025,5.830952,5.09902,7.211103,10.0,13.892444,17.0,18.788294,20.124612,15.811388,17.262677,19.026298,19.026298,17.262677,14.866069,11.661904,8.485281,5.385165,5.385165,6.708204,9.219544,11.0,13.038405,14.142136,16.278821,16.492423,16.763055,16.763055,15.811388,14.56022,13.341664,10.198039,8.0,5.385165,4.472136,10.816654,12.529964,13.416408,13.416408,13.416408,13.416408,13.038405,12.206556,10.630146,8.485281,7.071068,6.403124,4.472136,4.0,4.472136,7.071068,9.899495,12.041595,14.866069,17.691806,19.79899,20.518285,19.849433,19.209373,18.601075,15.0,13.0,16.155494,17.088007,17.720045,17.720045,16.278821,14.317821,12.369317,9.486833,7.615773,5.0,4.472136,5.0,6.082763,7.28011,8.246211,9.486833,10.198039,11.401754,12.165525,12.165525,12.165525,11.18034,10.440307,9.848858,9.433981
hoyeon_stand_normal_01,3576,1192,119.20651366120218,29.998360745314464,10,0.5416058897972107,0.6830943822860718,-0.2046602219343185,0.9999884366989136,0.5370004177093506,0.6933720111846924,-0.1938350349664688,0.9999592304229736,0.5342714786529541,0.6927727460861206,-0.1938450336456298,0.999962031841278,0.5318851470947266,0.6919904351234436,-0.1938538402318954,0.9999635815620422,0.5444648861885071,0.693855881690979,-0.1927925199270248,0.9999446272850036,0.5467533469200134,0.6938974261283875,-0.1928009092807769,0.9999419450759888,0.5489070415496826,0.6938191056251526,-0.1928032040596008,0.9999401569366456,0.5272392630577087,0.6840441226959229,-0.1149740070104599,0.9999449253082277,0.551807701587677,0.6868304014205933,-0.1099987477064132,0.9998688101768494,0.5360646843910217,0.6702378392219543,-0.1740888655185699,0.9999865889549256,0.5464497208595276,0.6720442175865173,-0.172726571559906,0.9999780654907228,0.5057001709938049,0.6081758737564087,-0.0563115812838077,0.9999869465827942,0.5716067552566528,0.6089140772819519,-0.0448206774890422,0.99994295835495,0.4969491362571716,0.5072696805000305,-0.0114557202905416,0.989208996295929,0.5778530240058899,0.5103614926338196,-0.003632188308984,0.9581244587898254,0.4924044609069824,0.4223003983497619,-0.0756965354084968,0.9829151034355164,0.5844141244888306,0.4260316789150238,-0.0691481605172157,0.9467123746871948,0.4884041547775268,0.3954254388809204,-0.0960002392530441,0.9643153548240662,0.5881354212760925,0.3988102376461029,-0.0902373045682907,0.9084461331367492,0.4925693273544311,0.3948497772216797,-0.1225597560405731,0.9670389294624328,0.5848192572593689,0.3981946110725403,-0.1192108914256095,0.914819598197937,0.4957399666309356,0.4029296040534973,-0.0873862504959106,0.9589197039604188,0.5825625061988831,0.4063759446144104,-0.082265593111515,0.905626654624939,0.520247220993042,0.4295275509357452,-0.0059938514605164,0.9997599720954896,0.5615361928939819,0.4284927248954773,0.0059447279199957,0.9996434450149536,0.5188385248184204,0.2728829979896545,-0.0270460899919271,0.9729885458946228,0.5621727705001831,0.272902250289917,-0.0129849510267376,0.9560859203338624,0.5244035124778748,0.1274257451295852,0.0638667419552803,0.9739513993263244,0.5557111501693726,0.1301550716161728,0.0817776769399643,0.9510340690612792,0.527633547782898,0.1105481833219528,0.0663153901696205,0.6238715648651123,0.5524407625198364,0.1136490851640701,0.0851445570588111,0.640923261642456,0.5270845293998718,0.0770424678921699,-0.0419241115450859,0.9606245756149292,0.5569345951080322,0.0790603086352348,-0.0157645344734191,0.9458388090133668,hoyeon_stand_normal_01,18.11077,19.026298,19.026298,18.027756,16.124515,13.152946,11.18034,8.062258,5.0,2.236068,2.0,4.472136,6.403124,9.219544,11.313708,14.142136,15.556349,16.970563,17.691806,17.691806,16.278821,14.142136,10.630146,8.062258,6.082763,8.602325,15.231546,15.652476,15.264338,14.422205,12.041595,9.219544,6.403124,4.123106,3.605551,5.385165,7.28011,9.219544,10.440307,11.7047,12.649111,13.928388,14.317821,13.416408,13.892444,11.661904,9.433981,6.708204,3.162278,3.162278,7.071068,11.18034,8.944272,12.206556,12.806248,14.142136,14.21267,15.264338,15.652476,14.866069,14.56022,15.297059,15.132746,15.033296,14.0,14.035669,13.152946,11.18034,10.440307,7.615773,5.656854,5.09902,6.708204,9.219544,12.806248,15.811388,18.027756,19.416488,15.811388,18.439089,20.223748,20.0,19.104973,16.492423,13.416408,10.0,7.211103,6.082763,7.071068,8.944272,10.198039,12.0,14.035669,15.132746,15.297059,16.278821,15.524175,15.524175,13.341664,12.165525,9.055385,7.071068,5.0,5.09902,17.464249,15.524175,13.341664,12.165525,9.055385,8.062258,7.615773,8.602325,10.0,12.206556,12.206556,13.892444,15.652476,16.155494,17.720045,18.248288,17.117243,17.029386,15.033296,12.0,9.055385,6.708204,5.830952,8.0,11.18034,13.341664,8.944272,6.708204,5.0,5.830952,8.062258,11.18034,14.317821,16.552945,17.888544,18.35756,18.027756,17.804494,16.278821,14.866069,12.727922,12.041595,10.630146,9.219544,8.062258,8.544004,9.219544,11.045361,14.035669,16.03122,17.029386,18.11077
hoyeon_stand_normal_01,3579,1193,119.30651912568304,29.998360745314464,10,0.5416039228439331,0.68309086561203,-0.2045327126979828,0.9999882578849792,0.5369987487792969,0.6933677792549133,-0.1937733292579651,0.9999586939811708,0.5342703461647034,0.692771852016449,-0.193782702088356,0.9999614953994752,0.5318820476531982,0.6919898986816406,-0.1937931180000305,0.999963104724884,0.5444670915603638,0.6938494443893433,-0.1926356703042984,0.9999439120292664,0.5467551350593567,0.6938912272453308,-0.192644253373146,0.9999411702156068,0.5489193797111511,0.6938082575798035,-0.1926453560590744,0.9999393820762634,0.5272353887557983,0.6840385794639587,-0.1150778234004974,0.999944269657135,0.5518046021461487,0.6868129968643188,-0.1096696555614471,0.999867022037506,0.5360612273216248,0.670235276222229,-0.1740290224552154,0.999986469745636,0.5464475154876709,0.6720377802848816,-0.1725411713123321,0.9999777674674988,0.5056362748146057,0.608100414276123,-0.0565388016402721,0.9999868869781494,0.5715681910514832,0.6088813543319702,-0.0443649813532829,0.999942421913147,0.4968988299369812,0.5072298049926758,-0.0118899894878268,0.9891769289970398,0.5777746438980103,0.510330080986023,-0.0034079696051776,0.957810878753662,0.4924047291278839,0.4222169518470764,-0.0760650858283042,0.982785701751709,0.5843909978866577,0.4260288774967193,-0.0683581158518791,0.9463303685188292,0.4884294271469116,0.3953297138214111,-0.0964587926864624,0.9640938639640808,0.588099479675293,0.3988351225852966,-0.0893926322460174,0.9079189300537108,0.4925971031188965,0.3947541415691376,-0.1228967830538749,0.9668161273002625,0.584798276424408,0.3982121646404266,-0.1182589679956436,0.9143081307411194,0.495760440826416,0.4028300046920776,-0.0877059772610664,0.9586570858955384,0.5825406312942505,0.4063786268234253,-0.0814661532640457,0.9051179885864258,0.5201740860939026,0.4294784963130951,-0.0061878999695181,0.9997597336769104,0.5615222454071045,0.4284242689609527,0.0061388439498841,0.999642252922058,0.5188242793083191,0.2727244794368744,-0.0279313903301954,0.9729045033454896,0.5621799230575562,0.2728707790374756,-0.0128756845369935,0.9558970332145692,0.5244115591049194,0.1273544728755951,0.0634432733058929,0.9738182425498962,0.5557063221931458,0.1303604245185852,0.0818700641393661,0.9507920742034912,0.5276258587837219,0.1105047836899757,0.0658983215689659,0.6221186518669128,0.5523805618286133,0.1145844161510467,0.0852140635251998,0.640565812587738,0.5271009206771851,0.0770595297217369,-0.0425079800188541,0.9603852033615112,0.5569327473640442,0.0792151615023613,-0.0155557198449969,0.9456378817558287,hoyeon_stand_normal_01,10.198039,7.0,3.605551,4.123106,6.324555,8.544004,11.18034,11.661904,12.529964,13.038405,13.038405,12.206556,12.206556,10.0,9.219544,7.81025,5.385165,5.09902,5.656854,9.433981,13.0,17.088007,19.313208,21.931712,22.36068,20.59126,3.0,4.242641,6.708204,8.944272,11.18034,13.892444,14.422205,15.0,14.21267,13.453624,12.727922,11.313708,8.485281,6.403124,4.242641,2.236068,1.414214,4.123106,7.071068,10.049876,13.038405,16.03122,18.0,18.027756,18.11077,16.278821,17.5578815,16.552945,14.764823,12.9040135,10.971927,9.609772,7.385231,5.7117875,4.561553,4.495358,4.1828735,5.1925825,6.6622775,8.5952415,10.332756,12.444647,14.815446,16.8363515,18.5663645,19.632960500000003,19.9673865,19.2000325,18.206266,15.6838685,13.5902705,9.666738,7.035534,5.6080585,4.9286505,6.5769155,9.4489775,11.3358705,13.319938,14.7910795,15.2592725,14.895883,14.035262,12.267421,10.0990195,8.031129,6.082763,3.561553,1.825141,2.5322475,5.385165,7.7631605,11.401754,13.8297425,15.901498,17.8562685,18.5603155,19.049015,11.18034,12.369317,13.601471,13.601471,14.56022,14.56022,13.341664,12.165525,11.045361,9.0,8.0,6.082763,4.472136,4.242641,5.385165,7.071068,10.0,13.0,15.0,18.0,20.0,21.095023,22.090722,21.095023,18.248288,16.124515,13.416408,15.652476,17.492856,18.027756,17.204651,15.811388,13.601471,12.206556,9.433981,6.708204,5.0,4.123106,5.0,6.403124,7.211103,8.944272,10.29563,10.816654,11.661904,12.206556,12.206556,12.806248,10.816654,10.29563,9.848858,9.055385
hoyeon_stand_normal_01,3582,1194,119.40652459016393,29.998360745314464,10,0.5416203737258911,0.6830877661705017,-0.204477310180664,0.9999880194664,0.5370097756385803,0.6933651566505432,-0.193804070353508,0.999957799911499,0.5342814326286316,0.692772388458252,-0.1938128620386123,0.9999606609344482,0.5318804979324341,0.691989541053772,-0.1938240975141525,0.9999623894691468,0.5444865822792053,0.6938427686691284,-0.1925781816244125,0.9999427199363708,0.5467678904533386,0.6938838362693787,-0.1925870478153228,0.9999399185180664,0.548944354057312,0.6938008666038513,-0.1925884336233139,0.9999382495880128,0.5272316932678223,0.6840336322784424,-0.1152846068143844,0.9999431371688844,0.5518025159835815,0.6868031620979309,-0.1094478741288185,0.9998639822006226,0.5360604524612427,0.6702327132225037,-0.1740308254957199,0.9999862313270568,0.5464562773704529,0.6720324754714966,-0.1724144369363784,0.9999773502349854,0.5055742859840393,0.6080248355865479,-0.0566840730607509,0.9999867081642152,0.5715163946151733,0.6089025139808655,-0.0442356020212173,0.9999417066574096,0.4968842267990112,0.5072173476219177,-0.0119294552132487,0.9891270399093628,0.5776934027671814,0.5103825926780701,-0.0034166530240327,0.95743066072464,0.4924052953720093,0.4221709668636322,-0.076227381825447,0.9825887680053712,0.5843486785888672,0.4261126220226288,-0.0679995641112327,0.9458083510398864,0.4884653985500335,0.3953090608119964,-0.0965645983815193,0.9637542366981506,0.5880405902862549,0.3989512324333191,-0.0890515968203544,0.907209575176239,0.4926052987575531,0.3947426378726959,-0.1230731755495071,0.9664806127548218,0.5847577452659607,0.3983372151851654,-0.1178016737103462,0.913624107837677,0.4957656860351562,0.4028118550777435,-0.0878987163305282,0.958238959312439,0.5825048685073853,0.4064515829086303,-0.0810803547501564,0.904386579990387,0.5201672315597534,0.4294754266738891,-0.0062605976127088,0.9997581243515016,0.5615177750587463,0.4284207224845886,0.0062109758146107,0.999640166759491,0.518822431564331,0.2727717757225036,-0.0285654440522193,0.9731559753417968,0.5621815919876099,0.272899329662323,-0.0128760607913136,0.9562803506851196,0.5243820548057556,0.1275513470172882,0.0628054812550544,0.9739755392074584,0.5557021498680115,0.1303584426641464,0.0815597921609878,0.951099157333374,0.5275691747665405,0.1113273054361343,0.0652336254715919,0.6210049390792847,0.5523313283920288,0.1147554889321327,0.0848351716995239,0.641399621963501,0.5270962715148926,0.0771629586815834,-0.0435756109654903,0.960519015789032,0.5569155216217041,0.0792160555720329,-0.0159351509064435,0.9459391236305236,hoyeon_stand_normal_01,20.248457,21.84033,21.377558,20.223748,18.11077,15.132746,12.165525,9.219544,6.324555,3.605551,4.0,5.830952,8.485281,11.401754,13.601471,16.401219,18.601075,20.615528,20.615528,21.260292,19.849433,17.029386,13.601471,9.486833,7.071068,9.219544,17.464249,18.027756,17.888544,16.124515,14.422205,12.206556,8.062258,5.385165,3.605551,4.472136,7.071068,9.055385,11.045361,13.152946,14.142136,14.317821,14.56022,14.56022,13.928388,13.0,9.848858,6.324555,3.0,4.123106,8.944272,14.317821,9.219544,11.045361,13.0,13.152946,14.56022,13.928388,14.764823,14.422205,14.21267,14.142136,13.453624,13.601471,13.038405,12.529964,12.083046,10.440307,9.219544,7.0,5.385165,5.385165,8.0,11.401754,15.231546,17.464249,20.124612,21.023796,15.652476,18.027756,19.209373,19.79899,18.601075,16.124515,13.601471,10.049876,7.615773,5.830952,8.0,9.848858,12.206556,13.453624,14.866069,16.401219,17.204651,18.027756,18.027756,17.492856,15.811388,13.601471,10.630146,7.81025,5.385165,4.472136,17.492856,16.124515,13.892444,11.661904,9.219544,8.062258,8.544004,9.219544,10.198039,12.165525,13.341664,14.56022,15.811388,17.464249,18.027756,18.601075,18.439089,16.970563,14.866069,12.727922,10.0,6.324555,6.324555,8.485281,12.206556,15.0,9.219544,7.28011,5.656854,5.09902,8.062258,10.440307,13.601471,15.811388,17.464249,18.439089,18.248288,18.11077,16.03122,15.0,14.035669,12.041595,10.0,9.0,9.219544,8.944272,10.816654,12.206556,14.21267,17.029386,17.804494,18.601075
hoyeon_stand_normal_01,3585,1195,119.5065300546448,29.998360745314464,10,0.5416228175163269,0.6830644607543945,-0.2111148834228515,0.9999879598617554,0.5370099544525146,0.693348228931427,-0.2007783949375152,0.9999576210975648,0.5342819094657898,0.692758321762085,-0.2007846385240554,0.9999605417251588,0.5318781733512878,0.6919749975204468,-0.2007958143949508,0.9999622702598572,0.5444878935813904,0.6938148736953735,-0.1994041055440902,0.9999424815177916,0.5467668771743774,0.6938557028770447,-0.1994139999151229,0.9999396204948424,0.5489445328712463,0.6937620043754578,-0.1994148641824722,0.9999379515647888,0.5272196531295776,0.6840174198150635,-0.1219966486096382,0.9999430775642396,0.5517801642417908,0.6867813467979431,-0.1154278442263603,0.9998630285263062,0.5360577702522278,0.6702112555503845,-0.1803915053606033,0.9999862313270568,0.5464561581611633,0.6720072627067566,-0.1785820424556732,0.9999772310256958,0.5055062174797058,0.6079956293106079,-0.0619226358830928,0.9999866485595704,0.5714787244796753,0.6089141964912415,-0.0476049892604351,0.99994158744812,0.4968821108341217,0.5072106122970581,-0.0160562768578529,0.989161491394043,0.5775984525680542,0.5105438828468323,-0.0049919169396162,0.9572744369506836,0.4924076795578003,0.4220970273017883,-0.0795761495828628,0.9825157523155212,0.5843128561973572,0.4263047575950622,-0.0697196722030639,0.945487141609192,0.4884970784187317,0.3952226042747497,-0.0996439009904861,0.9635847210884094,0.5879831910133362,0.3991295099258423,-0.0906771197915077,0.9066972732543944,0.4926052391529083,0.3946494460105896,-0.1265675276517868,0.9663222432136536,0.5847352743148804,0.3985167145729065,-0.1196097359061241,0.9131543040275574,0.4957650899887085,0.4027317464351654,-0.0913362279534339,0.9580424427986144,0.5824887156486511,0.4065867066383362,-0.0828759670257568,0.9038866758346558,0.5201658606529236,0.4296099543571472,-0.0064447582699358,0.9997568130493164,0.5615147352218628,0.4285482168197632,0.0063930810429155,0.9996387362480164,0.5188721418380737,0.272865355014801,-0.0283663012087345,0.9731852412223816,0.5621761083602905,0.2729877829551697,-0.0122337434440851,0.9564838409423828,0.5243820548057556,0.1278586983680725,0.0630270913243293,0.9740688800811768,0.5557452440261841,0.1304220855236053,0.0819079801440239,0.9513563513755798,0.5275686383247375,0.1115634068846702,0.0654350444674491,0.6204467415809631,0.5523495078086853,0.1151461824774742,0.0851451009511947,0.6425776481628418,0.52713942527771,0.0773344188928604,-0.0435642637312412,0.9606643319129944,0.5570611953735352,0.0792201608419418,-0.015837812796235,0.9462539553642272,hoyeon_stand_normal_01,11.045361,7.28011,4.242641,5.0,6.708204,9.433981,11.401754,11.401754,12.806248,12.806248,12.806248,12.041595,11.313708,10.630146,9.219544,7.211103,5.385165,5.385165,6.403124,9.486833,13.341664,17.464249,19.646883,21.84033,22.135944,21.540659,3.162278,3.605551,6.082763,9.055385,11.18034,13.341664,14.56022,14.56022,14.866069,13.928388,12.083046,11.18034,8.062258,6.708204,4.472136,2.0,2.0,4.472136,7.615773,10.77033,12.649111,15.811388,17.464249,18.248288,18.248288,17.117243,9.055385,11.18034,12.649111,13.928388,14.764823,14.422205,15.0,14.866069,14.866069,14.21267,14.422205,13.892444,13.892444,13.0,12.649111,11.401754,10.198039,8.0,6.324555,5.0,7.071068,9.219544,12.369317,14.866069,17.088007,18.027756,16.03122,18.027756,19.235384,19.646883,18.384776,16.124515,12.806248,10.0,7.28011,5.09902,5.830952,7.0,9.219544,10.77033,13.0,13.892444,14.422205,15.0,15.0,15.0,13.601471,11.661904,9.433981,7.28011,5.09902,5.0,11.760132,12.83009,13.8718035,13.8718035,14.23377,14.23377,13.2038595,12.1240755,11.065181,9.3267625,8.2062875,6.0299890000000005,5.0,4.7541355,5.5908915,7.1619885,10.385165,12.7290015,15.326238,17.9964725,19.557102,20.894558,20.89044,20.4563515,18.285043,16.2077655,13.2274065,15.115773,17.0586965,17.3747155,17.418644,16.308469,14.351178,12.267421,9.271109,7.343420500000001,5.8941445,4.3573885,5.2420925,6.0413815,7.535534,8.623105500000001,9.609772,11.09017,11.6109675,12.165525,12.10356,12.10356,11.543478,11.1128505,10.742834,10.3679685
hoyeon_stand_normal_01,3588,1196,119.60653551912569,29.998360745314464,10,0.541584312915802,0.6830433011054993,-0.216915413737297,0.9999878406524658,0.5369700193405151,0.6933040022850037,-0.2066184878349304,0.9999571442604064,0.5342440009117126,0.6927050948143005,-0.2066218554973602,0.99996018409729,0.5318470001220703,0.6919260621070862,-0.2066337764263153,0.9999619722366332,0.5444457530975342,0.6937757730484009,-0.2055560797452926,0.9999419450759888,0.5467222332954407,0.6938162446022034,-0.2055681198835373,0.9999390840530396,0.548887312412262,0.6937243938446045,-0.2055692374706268,0.9999373555183412,0.527182400226593,0.6839799880981445,-0.1272461116313934,0.999942660331726,0.5517226457595825,0.6867554187774658,-0.1222743764519691,0.9998615980148317,0.5360172390937805,0.670190155506134,-0.1858863979578018,0.9999859929084778,0.5464188456535339,0.6719902157783508,-0.184530571103096,0.9999768733978271,0.5054057836532593,0.6079651713371277,-0.066132090985775,0.9999865293502808,0.5714537501335144,0.6089300513267517,-0.0536407679319381,0.999941110610962,0.4968798756599426,0.5072506666183472,-0.0199569389224052,0.989165186882019,0.5774909853935242,0.5107677578926086,-0.01125512085855,0.9571316838264464,0.492412120103836,0.4220826923847198,-0.0827948749065399,0.9824347496032716,0.5842463970184326,0.4264311194419861,-0.0739021301269531,0.9448742270469666,0.4885293245315552,0.3952187895774841,-0.1026835814118385,0.9633803367614746,0.5878651142120361,0.3992243111133575,-0.0944613069295883,0.9056222438812256,0.4926061928272247,0.3946452736854553,-0.1296906769275665,0.9661405682563782,0.5846268534660339,0.3985880613327026,-0.1232505291700363,0.9121504426002502,0.4957662522792816,0.4027191400527954,-0.094589464366436,0.9578313827514648,0.5823956727981567,0.4066560268402099,-0.086907222867012,0.9028103947639464,0.5201677680015564,0.4304184019565582,-0.006442844402045,0.9997537732124328,0.5615093111991882,0.4292233884334564,0.0063909161835908,0.9996349215507508,0.5188995003700256,0.2732597589492798,-0.028363024815917,0.9728310704231262,0.5620099902153015,0.273371547460556,-0.0122905801981687,0.955971658229828,0.5243890881538391,0.1283365786075592,0.0612339563667774,0.9738324880599976,0.5557534098625183,0.130509465932846,0.0795379132032394,0.950891613960266,0.5275896787643433,0.1117664352059364,0.0633487924933433,0.6183109879493713,0.5523843765258789,0.1153848692774772,0.0824494361877441,0.6407697796821594,0.5272054076194763,0.077425867319107,-0.0459642969071865,0.9603757858276368,0.5570176243782043,0.079216755926609,-0.0190097391605377,0.9458351135253906,hoyeon_stand_normal_01,18.027756,19.723083,19.235384,18.384776,17.088007,14.56022,11.7047,8.544004,5.830952,3.605551,3.162278,5.0,7.81025,10.0,12.206556,14.422205,17.204651,18.601075,19.209373,19.849433,17.691806,15.620499,12.206556,8.544004,8.062258,10.816654,15.620499,16.643317,17.0,15.231546,13.928388,10.77033,8.544004,5.830952,4.472136,5.0,6.708204,8.944272,10.29563,11.18034,12.083046,14.317821,13.928388,14.56022,14.317821,12.369317,11.18034,8.246211,4.472136,4.0,7.211103,12.041595,7.81025,10.630146,12.206556,13.038405,13.416408,13.928388,14.56022,14.317821,14.142136,14.035669,14.035669,13.152946,13.152946,12.369317,12.649111,10.77033,9.433981,7.81025,6.708204,6.0,8.062258,9.899495,12.806248,14.422205,17.492856,18.35756,16.552945,18.027756,19.646883,19.235384,18.027756,16.03122,13.341664,9.848858,6.403124,5.0,5.0,6.708204,9.219544,11.045361,13.0,14.035669,15.132746,15.132746,15.297059,15.297059,14.142136,12.165525,10.049876,7.0,4.472136,4.0,11.661904,13.038405,13.601471,15.0,15.0,14.422205,13.892444,12.529964,11.18034,9.486833,8.544004,6.708204,5.0,5.0,5.09902,7.071068,9.219544,11.401754,14.56022,16.763055,18.681542,19.416488,20.223748,19.235384,17.117243,14.035669,13.341664,15.297059,17.262677,17.117243,17.029386,16.03122,15.033296,13.038405,10.049876,8.246211,6.708204,6.403124,6.324555,7.28011,8.062258,10.049876,11.045361,12.041595,12.041595,13.152946,13.341664,13.152946,13.152946,12.041595,12.0,11.18034
hoyeon_stand_normal_01,3591,1197,119.70654098360656,29.998360745314464,10,0.5414756536483765,0.6830253601074219,-0.2155891805887222,0.999987781047821,0.5368582010269165,0.6932553052902222,-0.2052010744810104,0.9999569654464722,0.5341307520866394,0.6926373243331909,-0.2052053660154342,0.9999600648880004,0.5317652225494385,0.6918683052062988,-0.2052166610956192,0.999961793422699,0.544355571269989,0.6937537789344788,-0.2041549235582351,0.9999417066574096,0.5466493964195251,0.6937963962554932,-0.2041657418012619,0.9999388456344604,0.5487998127937317,0.6937135457992554,-0.2041667103767395,0.9999370574951172,0.5270928740501404,0.6839407682418823,-0.1258410662412643,0.9999425411224364,0.551666259765625,0.6867493987083435,-0.1209161654114723,0.999860942363739,0.5359195470809937,0.670165479183197,-0.1845874935388565,0.999985933303833,0.5463427901268005,0.6719740033149719,-0.1832480430603027,0.9999768137931824,0.5052983164787292,0.6079553961753845,-0.0650715380907058,0.9999865889549256,0.5714133977890015,0.6089297533035278,-0.05281238630414,0.9999411702156068,0.4968671798706054,0.5072651505470276,-0.0197236780077219,0.989202082157135,0.5773586630821228,0.5108205080032349,-0.0107611985877156,0.9570629596710204,0.4924125969409942,0.4220856726169586,-0.0825062841176986,0.9825024604797364,0.5842067003250122,0.4264444410800934,-0.0737808793783187,0.944782555103302,0.4885441362857818,0.3952211737632751,-0.1023293957114219,0.9635021686553956,0.5878013968467712,0.3992330133914947,-0.0944273471832275,0.9054601192474364,0.4926064312458038,0.3946712911128998,-0.129479631781578,0.9662561416625975,0.5845460295677185,0.3985897302627563,-0.1232409998774528,0.911989152431488,0.4957669377326965,0.4027348160743713,-0.0943294540047645,0.9579553604125975,0.5823262929916382,0.4066599905490875,-0.0867957696318626,0.9026091694831848,0.5201588869094849,0.430613249540329,-0.0064430236816406,0.9997539520263672,0.5614981055259705,0.4293953478336334,0.0063910847529768,0.9996345043182372,0.518893837928772,0.2735939025878906,-0.0282814428210258,0.972959280014038,0.5619908571243286,0.2735092043876648,-0.0122972112149,0.9561180472373962,0.524368405342102,0.1284420043230056,0.061569944024086,0.9739877581596376,0.5557689070701599,0.1305412501096725,0.0797099247574806,0.9511520862579346,0.5275641679763794,0.1118402928113937,0.0637039765715599,0.6184382438659668,0.5524333715438843,0.1155271008610725,0.0826497822999954,0.6416569948196411,0.5271836519241333,0.0774279236793518,-0.0459197200834751,0.9606091380119324,0.5569602251052856,0.079197347164154,-0.0189833436161279,0.946187138557434,hoyeon_stand_normal_01,11.045361,8.062258,5.0,5.09902,7.071068,8.544004,10.77033,11.18034,11.661904,11.661904,11.661904,10.816654,10.0,9.219544,7.81025,6.403124,4.123106,4.472136,5.830952,9.219544,13.341664,17.262677,19.416488,21.84033,22.135944,20.248457,2.0,3.605551,5.385165,8.246211,11.401754,12.649111,14.317821,14.764823,13.892444,13.038405,12.206556,10.0,8.602325,6.403124,3.605551,2.0,3.162278,5.09902,8.062258,11.18034,14.142136,17.117243,18.027756,19.0,19.026298,17.029386,8.602325,10.630146,12.806248,13.601471,13.892444,14.317821,14.866069,14.56022,14.317821,14.035669,14.0,14.035669,13.038405,13.152946,12.369317,11.7047,9.848858,8.602325,7.211103,6.082763,8.544004,10.816654,13.453624,14.866069,17.691806,19.104973,16.401219,18.35756,19.697716,19.924859,18.439089,16.03122,13.038405,10.198039,6.403124,4.123106,5.0,7.211103,9.486833,11.18034,13.038405,14.0,15.033296,16.03122,16.124515,15.132746,14.142136,12.041595,10.049876,7.071068,4.472136,4.123106,11.045361,12.0,13.038405,14.0,14.035669,14.0,13.038405,12.041595,10.198039,8.246211,7.071068,6.0,5.09902,5.0,5.0,7.615773,10.77033,12.649111,15.811388,18.027756,19.697716,20.124612,20.59126,19.723083,17.492856,15.264338,13.0,14.317821,17.0,17.492856,17.492856,15.811388,13.601471,12.206556,9.433981,7.615773,5.09902,4.123106,5.0,6.403124,7.211103,8.062258,9.433981,10.0,11.401754,12.041595,12.041595,11.313708,11.313708,11.401754,10.29563,9.848858
hoyeon_stand_normal_01,3594,1198,119.80654644808745,29.998360745314464,10,0.5413894653320312,0.6830214858055115,-0.2173816859722137,0.999987781047821,0.5367552638053894,0.6932472586631775,-0.2070498019456863,0.9999569058418274,0.5340277552604675,0.692624568939209,-0.2070541828870773,0.9999600648880004,0.5316827297210693,0.6918606162071228,-0.207065537571907,0.9999617338180542,0.544281005859375,0.6937468647956848,-0.2059033364057541,0.99994158744812,0.5465890169143677,0.6937889456748962,-0.2059145867824554,0.9999387264251708,0.5487262606620789,0.6937041878700256,-0.2059162110090255,0.999936819076538,0.526997447013855,0.6839356422424316,-0.1276203244924545,0.9999427199363708,0.5516118407249451,0.6867417693138123,-0.1222786083817482,0.9998604655265808,0.5358308553695679,0.6701623797416687,-0.1863199323415756,0.999985933303833,0.5462713837623596,0.6719689965248108,-0.1848595589399337,0.9999767541885376,0.505129873752594,0.6079474687576294,-0.0668326988816261,0.9999867081642152,0.5713526010513306,0.6089221835136414,-0.0533789135515689,0.9999411702156068,0.4968541264533996,0.5072702765464783,-0.0207459963858127,0.9892687797546388,0.5771828889846802,0.5108596682548523,-0.0109521942213177,0.9569718241691588,0.4923995435237884,0.4220811426639557,-0.0837179496884346,0.98259037733078,0.5841440558433533,0.4264143705368042,-0.074250616133213,0.944773018360138,0.4885462522506714,0.3952178359031677,-0.1037123948335647,0.9636663794517516,0.5876889824867249,0.3992012441158294,-0.094894491136074,0.9053856134414672,0.4925942420959472,0.3946685194969177,-0.1308475285768509,0.966418206691742,0.5843704342842102,0.3985310196876526,-0.1237916946411132,0.9119305610656738,0.4957573711872101,0.4027308225631714,-0.0955429375171661,0.9581502676010132,0.5821824669837952,0.4066268503665924,-0.087280049920082,0.902547001838684,0.5201348066329956,0.4306698739528656,-0.0066468338482081,0.9997538924217224,0.5614863634109497,0.4294447898864746,0.0065941959619522,0.9996330738067628,0.5188938975334167,0.2737664878368377,-0.0285667963325977,0.9727768301963806,0.5619060397148132,0.2736620903015136,-0.0120782982558012,0.9556321501731871,0.524368166923523,0.1284912228584289,0.0616358667612075,0.9739602208137512,0.5557532906532288,0.1306352615356445,0.0806974694132804,0.950938880443573,0.527518093585968,0.1118673831224441,0.0637950226664543,0.6177201271057129,0.552395224571228,0.1159418374300003,0.0837661102414131,0.6418557167053223,0.5272687673568726,0.0774338990449905,-0.0457419268786907,0.9605895280838012,0.5568477511405945,0.0791630446910858,-0.0179177802056074,0.9460827708244324,hoyeon_stand_normal_01,17.56458,19.4541845,19.0580615,18.8439985,16.7039145,14.093121,11.119817,8.650798,5.7117875,3.535534,3.5,5.6622775,7.232691,10.310649000000002,12.807212,15.001345,17.414936,18.919019,19.662557,19.3934145,18.346823,15.817496,12.5016125,8.640901,7.6586395,9.937144,15.814562,16.393425999999998,16.7039145,16.066373,14.0358505,11.5207975,8.5,5.5908915,3.605551,4.123106,6.0,8.062258,9.7087915,10.6891895,12.6592355,13.5943075,13.5943075,14.0178345,13.5178345,12.576473,10.0990195,7.535534,4.123106,3.5811390000000003,6.9701640000000005,11.189338,17.720045,16.492423,14.317821,12.041595,10.049876,8.246211,6.708204,5.0,4.123106,4.123106,5.0,6.403124,8.062258,9.848858,11.401754,13.341664,16.278821,17.262677,19.235384,19.235384,20.099751,19.104973,18.11077,16.03122,13.038405,10.049876,6.324555,4.242641,4.123106,6.403124,9.433981,11.7047,14.317821,15.033296,16.0,16.03122,15.132746,13.341664,11.401754,9.486833,7.615773,4.472136,1.414214,1.0,4.123106,7.28011,9.486833,13.0,14.866069,17.088007,19.313208,19.313208,17.888544,16.552945,14.764823,13.0,10.440307,9.055385,9.055385,10.440307,11.7047,13.928388,15.811388,16.492423,17.262677,18.027756,19.0,19.104973,18.248288,17.464249,15.524175,12.369317,10.049876,7.28011,7.071068,9.848858,12.369317,15.297059,8.485281,5.830952,4.0,5.0,7.81025,11.661904,14.422205,17.204651,19.209373,19.104973,19.104973,19.104973,17.029386,15.811388,13.892444,13.038405,10.816654,10.0,9.219544,9.433981,10.77033,12.649111,15.524175,16.763055,18.027756,19.313208
hoyeon_stand_normal_01,3597,1199,119.9065519125683,29.998360745314464,10,0.54128098487854,0.6830188035964966,-0.218132197856903,0.999987781047821,0.5366497039794922,0.693237841129303,-0.2078948318958282,0.9999569058418274,0.5339277982711792,0.6926141381263733,-0.2078987210988998,0.9999600648880004,0.5316030383110046,0.6918554306030273,-0.2079110592603683,0.9999617338180542,0.5441964268684387,0.6937344670295715,-0.2065952718257904,0.9999414682388306,0.546524167060852,0.6937693953514099,-0.2066054195165634,0.999938666820526,0.5486566424369812,0.6936812996864319,-0.2066059112548828,0.9999366402626038,0.526901364326477,0.6839311718940735,-0.1289159506559372,0.9999428987503052,0.5515612363815308,0.6867217421531677,-0.1229763180017471,0.9998601675033568,0.5357187986373901,0.6701475381851196,-0.1872411072254181,0.9999858736991882,0.5461710691452026,0.6719426512718201,-0.1856037825345993,0.9999766945838928,0.504904568195343,0.607946515083313,-0.0689890831708908,0.9999868273735046,0.5712337493896484,0.6089054942131042,-0.0537800788879394,0.999941110610962,0.4968487322330475,0.5072685480117798,-0.0243264324963092,0.9892389178276062,0.5769572854042053,0.5109282732009888,-0.0117810610681772,0.9566914439201356,0.4923750162124634,0.4220344424247741,-0.0879586711525917,0.9825344681739808,0.5840598344802856,0.4263358414173126,-0.0749376937747001,0.9446383714675904,0.4885318577289581,0.3951960504055023,-0.1083472073078155,0.9636059999465942,0.5875941514968872,0.3991503715515136,-0.0955255478620529,0.9051393866539,0.4925520718097687,0.3946231007575989,-0.1352553367614746,0.9663629531860352,0.5842185616493225,0.398416519165039,-0.1242133378982544,0.9116843938827516,0.4957254528999328,0.4026872813701629,-0.099774032831192,0.958133339881897,0.5820348262786865,0.4065494537353515,-0.0878666713833808,0.9023002982139589,0.5201327800750732,0.431234747171402,-0.0070588174276053,0.9997544884681702,0.5614324808120728,0.4301566779613495,0.0070060100406408,0.9996315240859984,0.5188938975334167,0.2739990055561065,-0.0311318431049585,0.9720087051391602,0.5617233514785767,0.2740800380706787,-0.0120836468413472,0.9542298316955566,0.5244203209877014,0.1286216974258422,0.0598608776926994,0.9733319282531738,0.5557317137718201,0.1311124861240387,0.0806981697678566,0.949786901473999,0.5275516510009766,0.1119953617453575,0.0621685311198234,0.613704264163971,0.5523563027381897,0.1168993562459945,0.0837708860635757,0.6396605968475342,0.5274172425270081,0.0776250585913658,-0.046834010630846,0.9597264528274536,0.5567334294319153,0.0792150795459747,-0.0176058541983366,0.9450653791427612,hoyeon_stand_normal_01,19.924859,21.587033,21.213203,20.099751,18.027756,15.0,12.041595,9.055385,6.324555,5.0,5.09902,6.324555,8.544004,11.18034,14.764823,16.124515,18.788294,19.697716,20.615528,21.18962,19.313208,17.088007,13.416408,10.630146,9.848858,12.0,16.401219,17.492856,17.888544,17.088007,14.56022,12.369317,9.486833,6.708204,5.0,5.0,6.324555,8.544004,10.77033,11.7047,12.649111,14.56022,14.317821,14.142136,14.035669,13.0,10.0,7.071068,4.472136,5.0,8.544004,13.0,9.433981,12.806248,14.142136,14.866069,15.620499,15.811388,16.124515,15.652476,14.866069,14.56022,14.317821,14.142136,14.035669,13.0,12.041595,11.18034,10.440307,8.062258,7.071068,6.324555,7.28011,10.29563,12.806248,15.556349,16.970563,19.104973,16.124515,18.384776,19.924859,20.396078,19.026298,17.029386,14.317821,10.77033,7.071068,5.09902,5.830952,7.211103,9.486833,12.165525,13.038405,15.0,16.03122,16.124515,16.124515,16.278821,15.132746,13.152946,10.049876,7.071068,4.472136,5.09902,18.384776,16.552945,15.231546,12.529964,11.401754,9.899495,10.0,11.18034,12.083046,13.416408,14.764823,16.124515,17.204651,19.209373,19.79899,19.849433,18.601075,18.027756,16.124515,13.038405,10.0,8.062258,8.0,10.440307,12.529964,15.264338,8.544004,6.708204,5.830952,7.071068,9.219544,12.649111,14.866069,17.720045,18.681542,19.416488,20.223748,19.026298,18.027756,16.0,15.033296,13.038405,12.041595,11.045361,10.198039,10.77033,12.083046,13.892444,15.264338,17.492856,19.235384,18.788294
hoyeon_stand_normal_01,3600,1200,120.00655737704918,29.998360745314464,10,0.5411080718040466,0.6830154061317444,-0.2173758298158645,0.9999876618385316,0.5364707708358765,0.6932302713394165,-0.207043707370758,0.9999566078186036,0.5337488055229187,0.692599356174469,-0.2070482820272445,0.9999598860740662,0.5314666032791138,0.6918466687202454,-0.2070609182119369,0.99996155500412,0.5440523028373718,0.6937283277511597,-0.2058220505714416,0.9999410510063172,0.5464147329330444,0.6937631964683533,-0.2058315575122833,0.999938189983368,0.5485320687294006,0.6936722993850708,-0.2058316618204116,0.9999361038208008,0.5267564654350281,0.6839196085929871,-0.1279983967542648,0.9999427795410156,0.5515008568763733,0.6867150664329529,-0.1224469095468521,0.999859094619751,0.5355628132820129,0.6701345443725586,-0.1864974349737167,0.999985694885254,0.5460386276245117,0.6719285249710083,-0.1849685609340667,0.999976396560669,0.5047420859336853,0.6079578399658203,-0.0684690251946449,0.9999868273735046,0.5711122155189514,0.6088687777519226,-0.0535783693194389,0.9999401569366456,0.4968309700489044,0.5072718262672424,-0.0252514686435461,0.98920476436615,0.5767906904220581,0.5110011696815491,-0.0124712008982896,0.9563433527946472,0.4923325181007385,0.4220307767391205,-0.0898124426603317,0.9825640320777892,0.5839799046516418,0.426334947347641,-0.0754334926605224,0.9442583322525024,0.4884921610355377,0.3951925039291382,-0.1104592308402061,0.963712215423584,0.5874854922294617,0.3991598188877105,-0.0960798189043998,0.9045367240905762,0.4924959540367126,0.3946190774440765,-0.1373307704925537,0.9664551615715028,0.5840901136398315,0.3984109759330749,-0.1245097219944,0.911113440990448,0.4956779181957245,0.4026817679405212,-0.1016750037670135,0.9582743644714355,0.5819423794746399,0.4065469205379486,-0.0882730856537818,0.9016982913017272,0.5201256275177002,0.4320234656333923,-0.0071147414855659,0.9997527003288268,0.5613707304000854,0.4309981763362884,0.0070631639100611,0.9996270537376404,0.518883228302002,0.2746648490428924,-0.0323186181485652,0.9716101288795472,0.5616596937179565,0.2748214304447174,-0.0127456095069646,0.9534507989883424,0.5244287252426147,0.1291636526584625,0.0569087080657482,0.9729503989219666,0.5557096004486084,0.1314447969198227,0.0774141550064086,0.9491115212440492,0.5275624990463257,0.1125566363334655,0.059061337262392,0.6107929944992065,0.5523287057876587,0.1173043102025985,0.0802685022354126,0.6380278468132019,0.5274677276611328,0.0777227208018302,-0.0496732927858829,0.9591630697250366,0.5565961599349976,0.0792153775691986,-0.0205889623612165,0.9443463087081908,hoyeon_stand_normal_01,18.11077,19.416488,20.615528,18.973666,17.088007,14.866069,12.083046,8.544004,6.082763,4.123106,2.828427,5.0,7.071068,9.486833,12.649111,14.56022,17.720045,19.416488,20.396078,20.223748,18.11077,16.124515,13.341664,8.944272,8.062258,10.049876,16.124515,17.0,17.117243,17.262677,14.56022,12.369317,9.219544,7.0,5.385165,5.0,6.324555,8.246211,11.18034,12.165525,13.152946,14.317821,15.524175,14.866069,14.866069,13.928388,12.083046,8.944272,6.082763,4.242641,7.28011,11.045361,9.055385,12.041595,13.152946,14.317821,14.56022,14.866069,15.231546,14.764823,14.422205,13.601471,13.453624,13.453624,12.727922,12.041595,11.401754,10.816654,8.944272,7.28011,6.082763,5.830952,7.211103,10.440307,12.165525,15.132746,17.029386,18.027756,14.317821,16.763055,18.439089,18.11077,17.029386,15.297059,13.0,8.602325,5.830952,5.09902,5.0,7.28011,10.0,12.165525,13.341664,14.866069,16.155494,16.552945,17.0,16.124515,14.764823,13.416408,10.77033,8.246211,6.082763,5.656854,13.0,14.035669,15.132746,15.132746,15.132746,15.033296,15.033296,13.0,12.041595,11.045361,9.055385,8.0,6.082763,5.385165,5.656854,7.211103,9.486833,12.369317,14.56022,17.720045,18.973666,20.248457,20.615528,19.697716,17.888544,14.764823,14.035669,15.297059,17.464249,17.720045,18.027756,16.763055,14.866069,12.649111,10.440307,9.055385,7.071068,6.708204,7.071068,7.211103,8.944272,9.848858,11.18034,12.529964,13.038405,13.601471,14.422205,13.601471,13.038405,12.529964,12.083046,11.401754
hoyeon_stand_normal_01,3603,1201,120.10656284153004,29.998360745314464,10,0.5409794449806213,0.6830123066902161,-0.2201804220676422,0.9999878406524658,0.5363419651985168,0.6932252645492554,-0.209801435470581,0.999957263469696,0.5336179137229919,0.6925951242446899,-0.2098049074411392,0.9999605417251588,0.531364381313324,0.6918416619300842,-0.209817960858345,0.9999622106552124,0.5439420342445374,0.6937239766120911,-0.2086383551359176,0.9999419450759888,0.5463241338729858,0.6937572360038757,-0.2086458504199981,0.9999390840530396,0.548431396484375,0.6936671733856201,-0.2086451202630996,0.9999369978904724,0.5266441702842712,0.6839156150817871,-0.1302266716957092,0.9999438524246216,0.5514374375343323,0.6867098212242126,-0.1249686628580093,0.9998611211776732,0.5354323983192444,0.6701293587684631,-0.1890883445739746,0.9999858736991882,0.5459158420562744,0.6719135046005249,-0.1876439899206161,0.9999766945838928,0.5045742392539978,0.6079520583152771,-0.0701277032494545,0.9999868869781494,0.5709742307662964,0.6088222861289978,-0.0547798946499824,0.9999400973320008,0.4968226552009582,0.5072547197341919,-0.025714922696352,0.9891867637634276,0.5765856504440308,0.5109389424324036,-0.0129787819460034,0.956072211265564,0.4922770857810974,0.4220204949378967,-0.0900120958685875,0.9825010895729064,0.5838667750358582,0.4263122975826263,-0.0762203559279441,0.9440717101097108,0.4884273409843445,0.3951704204082489,-0.1105963736772537,0.9636214375495912,0.5872843861579895,0.3991323113441467,-0.0968833416700363,0.9042486548423768,0.4924388825893402,0.3945900499820709,-0.1376035213470459,0.9663813710212708,0.5838850140571594,0.398316740989685,-0.1254440993070602,0.9108554124832152,0.4956162273883819,0.402659147977829,-0.1019038259983062,0.9581924080848694,0.5817841291427612,0.4064935445785522,-0.0890983864665031,0.9014073610305786,0.5200836658477783,0.4322834014892578,-0.0073201940394937,0.9997519254684448,0.5612964034080505,0.4311538338661194,0.0072701415047049,0.9996247887611388,0.5188796520233154,0.2748088538646698,-0.0320965498685836,0.971602499485016,0.5616015195846558,0.2749676406383514,-0.0126046361401677,0.9532840251922609,0.5244227647781372,0.1291084736585617,0.0570800714194774,0.9731476902961732,0.5556962490081787,0.1313819885253906,0.0776846706867218,0.9492404460906982,0.5275588631629944,0.1124421507120132,0.0591706819832325,0.6118269562721252,0.55232173204422,0.1166165322065353,0.0805909633636474,0.6394594311714172,0.5274718403816223,0.0777183473110199,-0.050224520266056,0.9593700170516968,0.5565730333328247,0.079196959733963,-0.0203560814261436,0.9444644451141356,hoyeon_stand_normal_01,13.928388,10.198039,7.071068,5.656854,8.544004,11.18034,13.152946,14.035669,15.033296,15.0,15.033296,14.0,13.0,12.041595,10.049876,8.246211,6.403124,6.324555,8.062258,13.0,17.0,21.470911,25.495098,27.313001,27.513633,25.96151,3.0,4.242641,6.708204,10.440307,12.649111,15.231546,16.552945,17.0,17.492856,15.811388,15.0,12.806248,10.630146,8.602325,5.830952,3.0,2.828427,5.385165,9.219544,13.152946,16.278821,19.416488,21.587033,23.086793,22.472205,21.023796,7.071068,9.055385,11.18034,12.369317,13.601471,13.928388,14.317821,13.892444,14.422205,13.453624,13.453624,13.453624,12.806248,13.038405,11.661904,10.77033,9.486833,8.062258,6.324555,6.403124,7.615773,10.198039,13.038405,15.0,17.029386,19.026298,16.03122,18.248288,18.439089,19.313208,18.788294,16.643317,12.806248,10.0,6.708204,4.123106,4.123106,6.082763,8.944272,10.816654,12.806248,14.866069,15.556349,16.278821,16.278821,15.620499,15.620499,13.453624,11.313708,8.485281,5.830952,3.162278,18.11077,16.124515,14.142136,12.165525,10.77033,9.433981,9.899495,10.630146,12.041595,12.806248,14.866069,16.278821,16.278821,17.204651,18.867962,18.788294,18.384776,16.763055,15.524175,12.649111,9.848858,7.071068,7.28011,9.055385,12.369317,14.866069,8.0,6.082763,5.0,6.324555,8.062258,12.0,14.0,17.029386,18.027756,19.104973,19.235384,18.439089,16.763055,14.866069,13.928388,13.0,11.7047,10.440307,10.049876,10.0,11.18034,12.649111,14.56022,16.763055,18.681542,19.416488
hoyeon_stand_normal_01,3606,1202,120.20656830601092,29.998360745314464,10,0.5408732891082764,0.6830096244812012,-0.2196543216705322,0.9999879002571106,0.536241888999939,0.6932201385498047,-0.2091813832521438,0.9999574422836304,0.5335172414779663,0.6925902962684631,-0.209184780716896,0.999960720539093,0.531284749507904,0.6918404698371887,-0.2091972082853317,0.999962329864502,0.5438543558120728,0.6937195658683777,-0.2080103307962417,0.999942183494568,0.5462471842765808,0.693750262260437,-0.2080142498016357,0.9999393820762634,0.5483440160751343,0.693660318851471,-0.2080126404762268,0.9999372959136964,0.5265635251998901,0.68391352891922,-0.129592016339302,0.9999440908432008,0.5513813495635986,0.6867014169692993,-0.1243829727172851,0.9998618364334106,0.5353299975395203,0.6701248288154602,-0.1885916739702224,0.9999858736991882,0.5458038449287415,0.671898603439331,-0.1871516406536102,0.9999768137931824,0.5043672323226929,0.6079234480857849,-0.0696872845292091,0.9999869465827942,0.5708390474319458,0.6087919473648071,-0.0544127635657787,0.9999399781227112,0.4967978298664093,0.5071959495544434,-0.024814860895276,0.9891595244407654,0.5764239430427551,0.5108937621116638,-0.0127120250836014,0.9560529589653016,0.4921979606151581,0.4219620525836944,-0.0892493948340416,0.9825071096420288,0.5837265849113464,0.4262121915817261,-0.07608263194561,0.9441789984703064,0.4883471727371216,0.3951022922992706,-0.1099140420556068,0.9636706709861756,0.5870717763900757,0.3990369141101837,-0.096803106367588,0.9043866991996764,0.4924163520336151,0.3945089280605316,-0.1367344260215759,0.9664304256439208,0.583612859249115,0.3980964422225952,-0.1253202557563781,0.9109686613082886,0.4955896437168121,0.4025883078575134,-0.1010903492569923,0.9582632780075072,0.5815369486808777,0.4063412845134735,-0.0889506787061691,0.9014837741851808,0.5199703574180603,0.4322772622108459,-0.0074090035632252,0.9997511506080629,0.5611648559570312,0.4311476051807403,0.007359898649156,0.9996219277381896,0.5188835263252258,0.2748160660266876,-0.0319347567856311,0.9714086055755616,0.5615780353546143,0.2749738693237304,-0.0124699659645557,0.952790141105652,0.5244144201278687,0.129008486866951,0.0572614558041095,0.9730352759361268,0.5556871891021729,0.1313197612762451,0.0781557708978653,0.948810338973999,0.5274916291236877,0.1123119741678237,0.0593393109738826,0.6108582019805908,0.5523214340209961,0.1160610541701316,0.0811415910720825,0.6385205388069153,0.5274633169174194,0.0775623098015785,-0.0500983968377113,0.959199070930481,0.5565150380134583,0.0790206938982009,-0.0196358747780323,0.9440396428108216,hoyeon_stand_normal_01,16.278821,17.691806,17.029386,16.401219,14.422205,13.038405,9.433981,7.211103,4.242641,3.162278,3.605551,5.0,7.211103,8.944272,11.18034,13.416408,16.124515,16.643317,17.204651,17.804494,16.401219,14.21267,10.816654,8.246211,8.246211,10.816654,14.317821,15.811388,15.231546,14.764823,13.038405,10.816654,8.602325,6.708204,5.0,4.472136,5.656854,7.81025,8.602325,10.0,11.401754,12.041595,12.727922,12.727922,12.806248,11.401754,10.0,7.211103,4.472136,4.123106,7.071068,10.816654,18.206266,17.008597,14.77246,13.0495,10.6506245,8.9109345,6.767829,6.1622775,5.1925825,5.064495,5.415476,6.8023325,7.566663,9.524938,11.283678,12.985394,15.357857,16.6378185,17.9381505,18.586535,18.81008,18.81008,17.022019,15.2592725,12.749727,9.6678455,6.8071135,4.123106,2.9953525,4.5,7.1934065,10.0320635,12.3847585,14.177403,15.405694,15.6944265,14.9981845,13.464194,11.237515,9.219544,7.071068,5.0,2.699173,2.0,4.242641,7.211103,10.072244,13.464194,16.155494,18.354649,19.6190335,20.0969105,12.369317,14.142136,15.132746,15.132746,15.132746,15.132746,14.317821,13.341664,11.401754,10.440307,8.246211,7.28011,6.0,5.09902,5.830952,7.81025,9.433981,12.529964,14.764823,17.0,18.867962,20.248457,19.416488,19.416488,17.029386,14.21267,13.416408,15.264338,16.643317,18.027756,17.204651,15.620499,14.21267,12.206556,9.433981,7.615773,6.082763,6.082763,6.708204,7.81025,8.485281,9.219544,11.313708,11.313708,12.727922,13.453624,13.453624,14.21267,12.806248,12.727922,12.806248,11.661904
hoyeon_stand_normal_01,3609,1203,120.3065737704918,29.998360745314464,10,0.5407530069351196,0.6830053925514221,-0.2206686437129974,0.9999879002571106,0.5361133217811584,0.6932157874107361,-0.2102024406194687,0.9999574422836304,0.5333889126777649,0.6925858855247498,-0.2102054804563522,0.9999607801437378,0.5311853885650635,0.6918383836746216,-0.2102175503969192,0.999962329864502,0.5437294840812683,0.6937128305435181,-0.2090694606304168,0.9999421238899232,0.5461359024047852,0.6937420964241028,-0.2090768218040466,0.9999393820762634,0.5482102632522583,0.6936513781547546,-0.2090763747692108,0.9999371767044068,0.5264509320259094,0.6839101314544678,-0.1308308243751526,0.9999441504478456,0.5512722134590149,0.686694324016571,-0.1258011609315872,0.999861478805542,0.5352240204811096,0.6701116561889648,-0.1897265762090683,0.9999858140945436,0.54566890001297,0.6718764901161194,-0.1883393824100494,0.9999767541885376,0.5041548609733582,0.6078237891197205,-0.071529671549797,0.9999869465827942,0.5707085728645325,0.6087581515312195,-0.0562465265393257,0.999939262866974,0.4967324137687683,0.5071493983268738,-0.0283103697001934,0.9892213344573976,0.5762962102890015,0.5108978748321533,-0.0152313560247421,0.9559922218322754,0.4920821189880371,0.4218742251396179,-0.0928808152675628,0.9826562404632568,0.5836448669433594,0.4261945486068725,-0.0779913887381553,0.9442196488380432,0.4882707297801971,0.3949277102947235,-0.1136500164866447,0.9639461636543274,0.5869514346122742,0.3990252315998077,-0.0985931307077407,0.9044349193572998,0.4923998415470123,0.3943035006523132,-0.1403210163116455,0.9666792750358582,0.5834556818008423,0.3980267941951751,-0.126859113574028,0.9109961986541748,0.4955562055110931,0.4024319648742676,-0.1046178713440895,0.9585800170898438,0.5813955664634705,0.4062992036342621,-0.090710736811161,0.9014812707901,0.5198805332183838,0.4322662651538849,-0.007410726044327,0.9997490644454956,0.561048150062561,0.4311567544937134,0.007361349184066,0.9996171593666076,0.5187994837760925,0.2748153209686279,-0.0319496765732765,0.9713618755340576,0.5614200234413147,0.2750695347785949,-0.0125361401587724,0.9525240063667296,0.5243656039237976,0.1291132271289825,0.0576115921139717,0.9729757905006408,0.5556640028953552,0.1313221007585525,0.078292042016983,0.9485585689544678,0.5274364948272705,0.1123332306742668,0.0597293376922607,0.6110846996307373,0.5523166656494141,0.1160899698734283,0.081292487680912,0.6379848122596741,0.5273029804229736,0.0776184201240539,-0.0496476143598556,0.9590303301811218,0.5564410090446472,0.0790358632802963,-0.0195313896983861,0.9437344074249268,hoyeon_stand_normal_01,15.882338999999998,11.4702285,8.0776875,7.4431685,9.330952,12.0428065,14.0660565,15.3055635,16.160114,16.160114,16.160114,15.85235,14.6857025,13.2460875,11.1900395,9.053912,7.915476,6.8011625,9.8705335,14.655844,20.1805835,25.007198,29.160577,31.79646,32.2271215,30.477984,4.3296895,5.5,8.1891965,11.218224,14.2340315,16.872067,18.8208145,19.369442,19.154114,18.7225345,16.9403065,14.840771,12.2620875,9.6846585,6.821512,4.6312025000000006,3.642692,6.1550615,9.296909,13.8704465,17.5707955,20.9919465,24.257205,24.7339085,25.084711,23.381934,13.8293165,14.623123,15.1167965,14.3272395,13.885165,13.3418965,12.0440035,11.408489,11.4597655,10.9777335,11.0569915,11.016648,11.14094,11.995497,12.0156105,12.2200795,12.424429,12.5074505,12.654639500000002,13.1402205,14.0768225,15.625484,15.9477275,17.029794,16.710888,16.011358,12.281962,12.1607845,11.6066015,13.247426,13.6597625,14.394147,14.3385605,12.8027905,11.0730895,10.115773,9.9319215,10.4243275,11.401754,11.555994,11.613281,11.513878,10.340771,11.425798,12.259592,13.7174255,15.026019,15.432074,14.96916,14.9204215,13.530268,12.617299,15.0054495,14.7064295,14.011838,12.9119795,12.5819165,11.2422315,11.0727375,11.012896,11.1795345,11.03251,10.8191135,11.0640355,10.6775635,11.773506,11.5413815,12.8217645,13.7501405,14.4043925,14.358981,14.156854,13.6953095,13.1036875,13.20296,14.266376,14.647281500000002,14.4912125,10.8499175,10.595312,10.32193,11.1518355,11.9617135,13.447422499999998,13.910416,13.908699,13.7308685,12.876305,12.5736465,12.0967665,11.5560745,11.3078865,11.472136,10.924429,10.885165,10.3800425,11.109772,11.2728715,11.517726,12.821533,12.9114705,14.2781745,14.104862999999998,15.4038155
hoyeon_stand_normal_01,3612,1204,120.40657923497268,29.998360745314464,10,0.5406050086021423,0.6830056309700012,-0.2231810092926025,0.9999880194664,0.5359737277030945,0.6932224035263062,-0.2127132713794708,0.999958038330078,0.5332543849945068,0.6925901770591736,-0.2127153724431991,0.9999613165855408,0.5310757160186768,0.6918498277664185,-0.2127278298139572,0.9999628663063048,0.5435982346534729,0.6937134861946106,-0.2116867154836654,0.9999428391456604,0.5460252165794373,0.6937366127967834,-0.2116963565349578,0.9999401569366456,0.5480863451957703,0.6936479210853577,-0.2116957753896713,0.999937891960144,0.5263293385505676,0.6839125752449036,-0.1329942792654037,0.9999448657035828,0.5511783957481384,0.6866893172264099,-0.1285540908575058,0.9998632073402404,0.5351029634475708,0.6701077818870544,-0.192107543349266,0.999985933303833,0.5455036759376526,0.6718639731407166,-0.1908819824457168,0.9999769926071168,0.5039324164390564,0.6077642440795898,-0.0732566937804222,0.9999870657920836,0.5705931782722473,0.6087337136268616,-0.0588160566985607,0.9999393820762634,0.496698796749115,0.5071471333503723,-0.0301757752895355,0.9892699718475342,0.5762090682983398,0.5109007954597473,-0.0176877751946449,0.956360638141632,0.4919741451740265,0.421872466802597,-0.0960813462734222,0.9827669262886048,0.5835501551628113,0.4261587858200073,-0.0803482308983802,0.9445893168449402,0.4882039725780487,0.3949074149131775,-0.1171750053763389,0.9641246795654296,0.5868133306503296,0.3989741504192352,-0.1009621694684028,0.9048882126808168,0.49238121509552,0.3942492604255676,-0.1439230144023895,0.9668554663658142,0.5832802653312683,0.3978974819183349,-0.1292358934879303,0.9114207029342652,0.4955276548862457,0.4024035334587097,-0.107911005616188,0.9588251113891602,0.5812179446220398,0.4062190353870392,-0.0930348187685012,0.9019280076026917,0.5198056101799011,0.432303637266159,-0.0073937256820499,0.9997482299804688,0.560842752456665,0.431231826543808,0.0073443660512566,0.9996150135993958,0.5188010334968567,0.2748155295848846,-0.0322050005197525,0.9708049893379213,0.5612085461616516,0.2753375768661499,-0.0130197387188673,0.9515844583511353,0.5243746042251587,0.1291913390159607,0.0577276609838008,0.97248774766922,0.5556598901748657,0.1316241174936294,0.0783858075737953,0.9476208090782166,0.5274451375007629,0.1124331727623939,0.0597591325640678,0.610304594039917,0.5523499846458435,0.1165261715650558,0.0813727751374244,0.6354690194129944,0.5273000597953796,0.0777688547968864,-0.0493122972548007,0.9583553075790404,0.5564272999763489,0.0790623947978019,-0.0194545313715934,0.94271582365036,hoyeon_stand_normal_01,20.024984,14.142136,8.944272,8.062258,10.0,13.341664,15.811388,17.464249,18.384776,18.788294,17.888544,17.888544,16.124515,15.264338,12.806248,9.899495,8.544004,8.246211,12.041595,18.601075,23.853721,31.064449,35.805028,39.824616,39.623226,37.536649,5.656854,7.28011,10.049876,14.317821,18.439089,21.213203,24.083189,25.019992,25.0,24.020824,22.022716,19.104973,16.124515,13.038405,10.049876,7.28011,5.656854,8.062258,12.165525,16.492423,21.587033,25.70992,29.614186,30.265492,31.144823,29.017236,8.062258,11.0,13.038405,14.142136,15.132746,15.297059,15.524175,14.866069,15.231546,14.764823,13.892444,13.601471,12.806248,12.727922,11.313708,10.630146,9.433981,8.544004,7.0,6.708204,8.485281,10.29563,13.0,14.866069,16.763055,17.720045,16.03122,18.0,19.104973,19.416488,18.973666,16.552945,13.892444,10.630146,7.211103,4.0,3.605551,6.0,8.246211,9.848858,11.661904,13.601471,14.21267,15.556349,15.556349,15.556349,14.866069,12.727922,10.630146,7.81025,5.09902,3.605551,17.464249,16.155494,14.317821,12.529964,10.0,9.899495,10.0,9.848858,11.7047,13.0,14.317821,15.652476,16.643317,17.804494,17.691806,17.691806,17.804494,16.401219,14.422205,11.401754,8.485281,6.708204,7.071068,9.848858,13.038405,15.0,8.062258,6.324555,4.242641,5.0,8.246211,10.440307,13.601471,16.763055,17.464249,18.248288,19.104973,18.027756,16.0,15.033296,13.152946,12.165525,11.045361,10.0,9.055385,9.219544,10.29563,12.529964,14.422205,16.643317,17.492856,18.35756
hoyeon_stand_normal_01,3615,1205,120.50658469945355,29.998360745314464,10,0.5404841303825378,0.6829978823661804,-0.2263212949037552,0.9999881386756896,0.5358932018280029,0.6932201981544495,-0.2159545123577118,0.9999584555625916,0.5331680178642273,0.6925876140594482,-0.2159565240144729,0.9999617338180542,0.5310037136077881,0.6918501257896423,-0.2159697264432907,0.9999632239341736,0.5435085892677307,0.6937089562416077,-0.2147984504699707,0.9999433755874634,0.5459371209144592,0.6937319040298462,-0.2148105353116989,0.9999406933784484,0.5479841232299805,0.6936432719230652,-0.2148116081953048,0.9999383687973022,0.5262212157249451,0.6839107275009155,-0.1361736953258514,0.9999454617500304,0.5510774850845337,0.686678946018219,-0.1311017870903015,0.9998643398284912,0.534990668296814,0.6700888872146606,-0.1951905190944671,0.9999859929084778,0.5453538298606873,0.6717986464500427,-0.1937865316867828,0.9999771118164062,0.5037314295768738,0.607729971408844,-0.0760208591818809,0.9999870657920836,0.5704495310783386,0.6087225675582886,-0.0605243109166622,0.9999393820762634,0.4966374039649963,0.507115364074707,-0.0326918475329875,0.989315927028656,0.5761741995811462,0.5109018683433533,-0.0188927948474884,0.956603705883026,0.491913229227066,0.4218443036079407,-0.0985787883400917,0.9828286170959472,0.583520233631134,0.4261241555213928,-0.081791840493679,0.9448124766349792,0.4881707727909088,0.3947803378105163,-0.1196085065603256,0.964211881160736,0.5867821574211121,0.3989627063274383,-0.1023549288511276,0.9050979018211364,0.492372453212738,0.3940567076206207,-0.1465654075145721,0.966944932937622,0.5832163691520691,0.3978530764579773,-0.1307625621557235,0.9116220474243164,0.4955103099346161,0.4022823572158813,-0.1104499548673629,0.9589490294456482,0.5811489224433899,0.4061902463436126,-0.0945206433534622,0.9021437168121338,0.5197213292121887,0.4323023855686188,-0.0074562742374837,0.999746561050415,0.560724139213562,0.4312367141246795,0.0074059148319065,0.9996123909950256,0.5187727212905884,0.2747786045074463,-0.0323985591530799,0.9704074263572692,0.5611602067947388,0.2753196358680725,-0.0130172614008188,0.950829803943634,0.524364709854126,0.129134252667427,0.0579277612268924,0.9722039103507996,0.5556586980819702,0.1316161453723907,0.0785943046212196,0.9470155239105223,0.5274418592453003,0.1123526841402053,0.0600162968039512,0.6097679138183594,0.5523490309715271,0.1163000538945198,0.0816179141402244,0.6342997550964355,0.5272992253303528,0.0779805779457092,-0.0490580201148986,0.9579581022262572,0.5564336180686951,0.0791192576289177,-0.0194261148571968,0.9420790076255798,hoyeon_stand_normal_01,17.204651,18.439089,18.384776,17.691806,16.401219,13.601471,11.401754,9.219544,6.403124,5.385165,5.0,5.830952,7.81025,9.899495,12.041595,13.453624,15.620499,16.970563,17.691806,17.804494,16.401219,15.0,12.041595,8.602325,8.062258,10.440307,13.928388,14.56022,15.132746,14.035669,13.0,11.0,9.0,6.082763,5.0,5.0,6.324555,8.246211,9.219544,10.198039,11.401754,12.649111,13.0,13.0,13.416408,11.661904,10.29563,8.062258,6.082763,6.324555,8.485281,12.206556,8.062258,10.440307,11.7047,13.416408,14.317821,13.892444,14.422205,13.601471,13.453624,12.727922,12.041595,12.206556,11.661904,10.29563,10.77033,9.486833,8.062258,7.071068,5.830952,6.403124,8.544004,11.045361,14.0,16.03122,17.029386,18.027756,14.422205,16.124515,18.384776,17.720045,17.262677,15.033296,12.041595,8.246211,5.0,3.0,3.605551,7.28011,9.0,11.045361,13.152946,15.524175,15.524175,17.088007,17.088007,16.552945,15.652476,14.317821,11.7047,8.544004,6.0,4.242641,11.553227,13.0513675,13.5275475,14.591945,13.8718035,13.5275475,12.7276795,11.955628,10.793492,9.1891265,7.8390155,6.0777535,5.04951,4.611063,5.5,7.175589,9.829925500000002,12.4278335,14.23377,17.060632,18.243018,19.2607305,19.390427,17.704825999999997,16.698031999999998,13.79788,13.211204,15.0145805,16.477082000000003,17.1787195,17.389906500000002,16.0451045,14.7131445,12.9114705,10.0584895,7.8390155,5.9907045,5.915476,5.7117875,6.6055515,7.440659,9.1374645,9.8427655,11.2235575,11.6259585,12.5192025,12.5192025,12.5192025,12.5192025,11.693448,10.7558735,11.086042
hoyeon_stand_normal_01,3618,1206,120.60659016393444,29.998360745314464,10,0.5403487086296082,0.6829968094825745,-0.2253249287605285,0.9999881982803344,0.5357986092567444,0.6932222247123718,-0.2149674892425537,0.999958634376526,0.533064067363739,0.6925874352455139,-0.2149684578180313,0.9999619722366332,0.5309151411056519,0.6918541193008423,-0.2149800807237625,0.999963402748108,0.5434094667434692,0.6937097311019897,-0.21375273168087,0.9999436736106871,0.545843243598938,0.6937280297279358,-0.2137627899646759,0.9999410510063172,0.5478646755218506,0.6936421394348145,-0.2137637734413147,0.999938666820526,0.5260884761810303,0.6839116811752319,-0.1355411261320114,0.9999457001686096,0.5509655475616455,0.6866738200187683,-0.1303195357322693,0.9998650550842284,0.5348590612411499,0.6700804233551025,-0.1943848580121994,0.9999860525131226,0.5452105402946472,0.6717800498008728,-0.1929201483726501,0.9999772310256958,0.503547728061676,0.6077197790145874,-0.0757937058806419,0.9999870657920836,0.5703246593475342,0.6087193489074707,-0.0603999532759189,0.9999396204948424,0.4965976774692535,0.5070798993110657,-0.0312378779053688,0.9893019795417786,0.5761345028877258,0.5109058022499084,-0.0183648560196161,0.9568442702293396,0.4918991923332214,0.421839028596878,-0.0965500995516777,0.9828372597694396,0.5834686160087585,0.426126629114151,-0.0813409909605979,0.9452096223831176,0.4881671667098999,0.3947232961654663,-0.1174406260251998,0.9642375111579896,0.5867328643798828,0.3989618122577667,-0.1018683612346649,0.9056856632232666,0.4923644363880157,0.3939561545848846,-0.1443452090024948,0.9669733047485352,0.5831718444824219,0.3978506028652191,-0.1303586959838867,0.9121679663658142,0.4954949617385864,0.4022204279899597,-0.10840355604887,0.959004521369934,0.5811052918434143,0.4061923027038574,-0.0941181108355522,0.902709424495697,0.5196422338485718,0.4322838187217712,-0.0074433917179703,0.9997464418411256,0.5606663823127747,0.43123260140419,0.007393583189696,0.9996125102043152,0.5187534093856812,0.2747773826122284,-0.0323318503797054,0.9704561233520508,0.5611609220504761,0.2753178775310516,-0.013225513510406,0.9510241746902466,0.5243737101554871,0.1291340142488479,0.0580694638192653,0.9723092913627625,0.5556815266609192,0.1315833628177642,0.0785920321941375,0.9472498893737792,0.527475118637085,0.1123677492141723,0.0601928196847438,0.6120129227638245,0.5524106621742249,0.1160553395748138,0.0816341638565063,0.6352785229682922,0.5272857546806335,0.0779912695288658,-0.0489084236323833,0.9580814242362976,0.5564444065093994,0.0790940970182418,-0.0194475334137678,0.9422079920768738,hoyeon_stand_normal_01,26.41969,21.095023,17.029386,13.601471,12.649111,14.0,15.297059,15.811388,17.088007,17.464249,17.464249,17.464249,17.0,17.0,16.124515,15.0,13.453624,12.529964,13.152946,16.278821,19.924859,25.632011,30.083218,33.526109,34.928498,34.365681,9.055385,7.28011,6.403124,10.440307,14.142136,18.248288,21.587033,24.041631,26.0,25.942244,25.238859,23.600847,21.260292,18.384776,14.866069,11.313708,7.81025,6.0,7.81025,12.806248,18.027756,23.600847,28.319605,31.827661,32.802439,32.449961,8.944272,11.661904,13.601471,14.21267,15.620499,15.556349,14.866069,15.0,15.264338,14.764823,14.317821,13.928388,13.601471,12.369317,11.18034,10.049876,8.0,6.324555,5.0,5.09902,7.615773,10.0,12.806248,15.556349,16.970563,18.384776,17.262677,18.681542,19.313208,19.235384,16.643317,14.21267,11.401754,7.615773,6.0,5.0,6.324555,8.0,10.198039,11.7047,13.416408,14.764823,15.264338,15.264338,15.811388,15.811388,14.422205,12.206556,9.433981,6.708204,4.123106,3.162278,18.681542,17.464249,14.317821,12.649111,9.848858,8.602325,8.602325,9.433981,10.77033,13.0,14.317821,16.124515,17.492856,18.601075,19.104973,19.104973,20.0,18.601075,16.643317,13.601471,10.630146,8.062258,8.0,9.848858,13.038405,15.0,7.0,5.0,3.605551,4.123106,7.0,10.049876,13.038405,15.033296,17.0,17.029386,17.117243,17.262677,15.524175,13.601471,12.649111,11.401754,9.219544,9.055385,8.0,9.486833,10.77033,13.416408,14.764823,17.888544,19.697716,20.248457
hoyeon_stand_normal_01,3621,1207,120.7065956284153,29.998360745314464,10,0.540213406085968,0.6829907298088074,-0.2182429879903793,0.9999881386756896,0.5356892943382263,0.6932181119918823,-0.2076897621154785,0.9999583959579468,0.5329381823539734,0.6925806403160095,-0.2076933979988098,0.9999617338180542,0.5308101177215576,0.6918517351150513,-0.2077029049396515,0.999963104724884,0.5433017015457153,0.6937068104743958,-0.2065508812665939,0.9999433755874634,0.5457420349121094,0.6937240958213806,-0.2065592110157013,0.9999407529830932,0.5477365851402283,0.6936381459236145,-0.2065619528293609,0.9999383687973022,0.525958776473999,0.6839101910591125,-0.1282808482646942,0.9999451637268066,0.5508521795272827,0.6866701245307922,-0.1232862547039985,0.9998645186424256,0.5347358584403992,0.6700503826141357,-0.187370091676712,0.9999859929084778,0.5450824499130249,0.6717473268508911,-0.1859702169895172,0.999977171421051,0.5033953785896301,0.6076672673225403,-0.0694971084594726,0.999987006187439,0.5701953172683716,0.6087162494659424,-0.0560908429324626,0.9999398589134216,0.4965355694293976,0.5070409774780273,-0.028063366189599,0.9892242550849916,0.5761219263076782,0.5109063386917114,-0.0162319913506507,0.9572532773017884,0.4918856918811798,0.4218214750289917,-0.0962560400366783,0.9827896356582642,0.5834068059921265,0.4262081086635589,-0.0801793113350868,0.9458087086677552,0.4881613552570343,0.3946552872657776,-0.1168917194008827,0.964175581932068,0.5866588354110718,0.39900803565979,-0.1011716276407241,0.9065917134284972,0.4923589527606964,0.3938320279121399,-0.1440124213695526,0.9669209718704224,0.5831328630447388,0.3978993594646454,-0.1294830590486526,0.9130197763442992,0.4954819083213806,0.402126133441925,-0.1081967279314994,0.9589573740959167,0.5810734033584595,0.4062401950359344,-0.0929328203201294,0.9035941958427428,0.5195188522338867,0.4318915903568268,-0.0073540066368877,0.9997465014457704,0.5605947971343994,0.4310299158096313,0.0073065543547272,0.9996132850646972,0.5187206268310547,0.2747010886669159,-0.0323041938245296,0.9706120491027832,0.5611709952354431,0.2752157747745514,-0.0135157378390431,0.9514555931091307,0.52443528175354,0.1291067749261856,0.0592142380774021,0.9725041389465332,0.5556883215904236,0.1314101219177246,0.0787931531667709,0.9476796984672546,0.5275316834449768,0.1123620271682739,0.0615984052419662,0.6151816844940186,0.5524435043334961,0.1157063096761703,0.0819237232208252,0.6367051005363464,0.527277410030365,0.0778113156557083,-0.0472296476364135,0.958411455154419,0.5564428567886353,0.0789233744144439,-0.0192883368581533,0.9425600171089172,hoyeon_stand_normal_01,22.561028,24.33105,24.186773,23.021729,20.0,17.0,14.0,10.0,6.082763,3.605551,3.0,5.385165,8.602325,12.041595,14.866069,17.691806,19.849433,22.203603,23.021729,21.954498,20.59126,17.0,12.529964,7.81025,5.0,7.81025,16.0,17.117243,16.278821,14.317821,12.165525,10.198039,7.0,5.385165,5.830952,7.28011,9.055385,11.0,13.038405,14.0,15.033296,15.033296,15.132746,14.142136,13.152946,12.165525,9.055385,6.082763,5.0,7.0,11.401754,16.492423,17.262677,16.492423,15.811388,13.416408,12.529964,11.401754,9.899495,9.433981,8.544004,8.246211,8.0,8.062258,8.544004,9.433981,11.401754,12.727922,14.866069,16.970563,18.384776,19.104973,19.104973,19.849433,17.804494,15.811388,13.601471,10.0,3.162278,1.414214,2.828427,6.708204,9.219544,12.041595,14.0,15.132746,15.524175,14.866069,13.416408,12.529964,9.433981,7.211103,5.0,3.162278,1.414214,3.162278,6.082763,9.219544,12.369317,15.297059,17.262677,18.248288,20.223748,20.223748,19.235384,16.124515,15.132746,13.038405,11.045361,10.198039,9.848858,10.816654,13.038405,14.422205,15.264338,16.124515,17.0,18.027756,18.681542,19.416488,18.11077,18.027756,16.03122,13.152946,10.440307,8.062258,8.062258,10.198039,13.038405,15.0,8.062258,6.0,4.472136,5.830952,8.246211,11.045361,14.142136,16.278821,17.464249,17.720045,18.027756,17.464249,15.652476,14.764823,13.038405,12.206556,11.661904,10.29563,9.486833,10.198039,11.045361,13.0,15.033296,17.029386,18.0,19.026298
hoyeon_stand_normal_01,3624,1208,120.80660109289616,29.998360745314464,10,0.5400345325469971,0.6830142736434937,-0.2038655281066894,0.9999881386756896,0.5355016589164734,0.693241536617279,-0.1930391937494278,0.9999582767486572,0.5327725410461426,0.6926001906394958,-0.1930467188358307,0.9999616742134094,0.5306667685508728,0.6918789148330688,-0.1930564492940902,0.9999629855155944,0.5431274175643921,0.6937296986579895,-0.1919761151075363,0.999943196773529,0.5456006526947021,0.6937350630760193,-0.1919845044612884,0.9999405741691588,0.5475864410400391,0.6936560273170471,-0.1919869780540466,0.999938189983368,0.5258423089981079,0.6839430928230286,-0.1131702214479446,0.9999449253082277,0.5507357120513916,0.6866897344589233,-0.1084353849291801,0.9998645782470704,0.5346059799194336,0.6700605154037476,-0.1728581339120865,0.9999859929084778,0.5449119210243225,0.671756386756897,-0.1715275347232818,0.9999772310256958,0.5032714605331421,0.6076614856719971,-0.0557477883994579,0.999987244606018,0.5701758861541748,0.6087095141410828,-0.0421220175921916,0.9999406933784484,0.4962927103042602,0.507485568523407,-0.0163925215601921,0.9892489910125732,0.5761687159538269,0.510918140411377,-0.0018703622044995,0.9575679898262024,0.4918846487998962,0.4249657988548279,-0.0890613719820976,0.9830235838890076,0.5833216309547424,0.42799973487854,-0.0689973831176757,0.9468811750411988,0.4879509806632995,0.3956207036972046,-0.1117514744400978,0.964685320854187,0.5867542624473572,0.4001259207725525,-0.0909893363714218,0.9084278345108032,0.4921648204326629,0.3944255709648132,-0.1387404799461364,0.9674034118652344,0.5835740566253662,0.3993790745735168,-0.12034522742033,0.9147685170173644,0.4954015612602234,0.4029574394226074,-0.1012926921248436,0.9594724774360656,0.5813184380531311,0.4073851108551025,-0.0823511928319931,0.9054492115974426,0.5193340182304382,0.431439995765686,-0.0073531069792807,0.9997485876083374,0.5605579614639282,0.4307509958744049,0.0073061194270849,0.9996166229248048,0.51872318983078,0.2737638652324676,-0.0322716981172561,0.9713505506515504,0.5614325404167175,0.2747291922569275,-0.0137390810996294,0.9526051878929138,0.5246193408966064,0.1280452013015747,0.0591819174587726,0.9732660055160522,0.5557352304458618,0.1307397335767746,0.0791217237710952,0.94895339012146,0.5278198719024658,0.1111331358551979,0.0615348890423774,0.6231246590614319,0.5525050759315491,0.114402912557125,0.0822371542453765,0.6420323252677917,0.5272411108016968,0.0776440948247909,-0.0476354248821735,0.9594806432724,0.5564477443695068,0.0788435712456703,-0.019211757928133,0.9438074827194214,hoyeon_stand_normal_01,10.2841635,6.3326375,3.561553,4.328427,7.385231,9.6414195,11.086042,12.255474,12.958685,13.2853845,13.1339115,12.2912215,11.336584,10.0519265,8.5,6.580639,4.6708305,4.6708305,8.154234500000001,12.843758,17.201891,21.721642,25.126474,26.9466965,27.66732,26.5933865,4.701562,7.1581165,10.737787999999998,13.2460145,15.715943500000002,16.652122,17.9393505,17.9111155,16.574799499999997,15.2522075,13.0232045,10.7966915,8.586727,6.3078865,4.561553,4.130649,4.7182515,6.820601,9.587075,12.6885165,15.6838685,17.499159499999998,18.9701315,19.497057,19.2850225,16.500481999999998,9.486833,10.816654,11.313708,12.806248,14.422205,14.764823,15.652476,16.155494,16.155494,17.088007,17.088007,16.763055,16.763055,16.763055,15.811388,14.56022,13.341664,11.18034,9.0,8.544004,8.485281,11.18034,13.928388,16.763055,18.681542,19.924859,14.21267,15.556349,17.204651,17.492856,16.552945,14.56022,12.165525,9.055385,5.09902,2.828427,2.236068,5.0,7.071068,9.486833,11.18034,13.416408,14.422205,15.0,15.620499,16.278821,15.556349,14.866069,14.21267,12.206556,10.29563,9.219544,19.026298,18.027756,15.033296,13.038405,11.045361,10.440307,10.29563,10.0,11.401754,13.453624,14.866069,16.401219,17.492856,18.788294,19.313208,18.973666,19.646883,18.439089,16.124515,13.341664,10.440307,8.602325,7.615773,10.049876,12.041595,15.297059,7.071068,5.0,3.605551,5.385165,7.071068,10.049876,13.038405,15.132746,17.262677,17.464249,18.027756,17.464249,15.652476,14.764823,13.038405,12.206556,10.816654,9.848858,9.219544,9.055385,11.0,13.038405,15.033296,17.117243,19.026298,20.024984
hoyeon_stand_normal_01,3627,1209,120.90660655737705,29.998360745314464,10,0.5398801565170288,0.6839295029640198,-0.1152798384428024,0.9999858140945436,0.5352990031242371,0.6939038038253784,-0.1022641137242317,0.9999544620513916,0.5325852632522583,0.6931958198547363,-0.1023187488317489,0.9999575018882751,0.5304653644561768,0.6924161911010742,-0.1023404374718666,0.999958872795105,0.5430580377578735,0.6942481398582458,-0.1008461490273475,0.9999374151229858,0.5455648899078369,0.6940403580665588,-0.1008524149656295,0.9999336004257202,0.5475763082504272,0.6938433051109314,-0.1008636206388473,0.9999324679374696,0.5256413221359253,0.6843592524528503,-0.0213301107287406,0.9999389052391052,0.5507032871246338,0.68674236536026,-0.014856968075037,0.9998573064804076,0.5343539118766785,0.6706918478012085,-0.0849546417593956,0.9999837875366212,0.5447845458984375,0.6722863912582397,-0.0829692929983139,0.9999748468399048,0.5030069947242737,0.6072967648506165,0.0225222613662481,0.9999858736991882,0.5698286890983582,0.6086039543151855,0.0314114168286323,0.9999361634254456,0.4967341423034668,0.5118117332458496,0.0109414588660001,0.9834764003753662,0.5755394101142883,0.5144953727722168,0.0261749885976314,0.951312243938446,0.4910944402217865,0.4598678648471832,-0.1055225431919097,0.9782969355583192,0.5840243101119995,0.4512804746627807,-0.0837512388825416,0.9429317116737366,0.4863374829292297,0.4419154822826385,-0.1385276019573211,0.9594942331314088,0.5893452167510986,0.4268583357334137,-0.1149491444230079,0.9052661061286926,0.4865247309207916,0.4448088407516479,-0.1615017801523208,0.9626417756080629,0.5897570252418518,0.4294869601726532,-0.1412011981010437,0.9119880199432372,0.4898031055927276,0.4513266086578369,-0.1186699196696281,0.9536678791046144,0.5865294933319092,0.4367745220661163,-0.0980501696467399,0.9027209877967834,0.5190798044204712,0.4301883280277252,-0.0035330059472471,0.999744713306427,0.5601148009300232,0.43068328499794,0.0035818906035274,0.9996063113212584,0.5183700323104858,0.2717646062374115,-0.0379706881940364,0.9720566272735596,0.5614726543426514,0.2739397883415222,-0.0273702852427959,0.9534222483634948,0.524614155292511,0.1280043274164199,0.0587345100939273,0.9736427664756776,0.5557915568351746,0.1305566728115081,0.0715295448899269,0.9493573904037476,0.5279267430305481,0.1109778210520744,0.0614063553512096,0.6321415901184082,0.5526736974716187,0.1142178252339363,0.0748130977153778,0.6419312953948975,0.5272076725959778,0.0779194682836532,-0.0490314736962318,0.9598701596260072,0.5563597083091736,0.0787825807929039,-0.0315973088145256,0.943738043308258,hoyeon_stand_normal_01,10.0,6.708204,7.28011,10.0,13.152946,15.524175,16.763055,17.720045,17.720045,16.763055,16.155494,15.231546,13.416408,12.529964,10.0,7.81025,6.324555,7.615773,10.630146,15.620499,20.808652,25.806976,30.0,32.015621,32.557641,29.732137,6.324555,10.198039,14.142136,17.262677,19.646883,20.248457,21.023796,19.235384,18.35756,16.124515,13.038405,10.29563,7.615773,5.0,3.605551,5.385165,7.071068,11.045361,14.035669,17.029386,20.099751,21.095023,22.203603,23.194827,21.213203,18.248288,18.027756,17.0,16.03122,14.142136,12.369317,10.440307,8.944272,7.81025,6.403124,5.385165,6.0,6.324555,7.211103,9.219544,10.630146,12.206556,15.264338,16.643317,18.027756,18.867962,20.248457,18.867962,18.867962,17.204651,14.422205,11.401754,5.830952,3.605551,2.236068,4.0,6.324555,8.944272,11.401754,12.727922,12.806248,13.038405,12.529964,12.083046,9.486833,8.246211,6.082763,4.123106,2.0,1.0,3.162278,6.082763,9.055385,12.0,14.0,16.03122,18.027756,18.027756,12.041595,15.0,15.264338,16.643317,16.643317,15.811388,15.0,14.21267,12.727922,11.313708,9.899495,7.81025,7.211103,6.324555,6.082763,8.544004,10.29563,13.038405,15.811388,18.027756,20.248457,20.59126,21.470911,20.124612,17.888544,15.231546,11.401754,13.601471,15.264338,15.652476,15.231546,13.928388,13.0,10.77033,8.944272,7.211103,5.830952,5.09902,6.082763,7.28011,8.246211,10.440307,11.401754,12.369317,13.341664,13.152946,14.142136,14.142136,13.152946,12.369317,11.7047,11.661904
